0 0 1.83883	0 0 0.384517
0.000244141 3.82614 2.18536	0 10.5317 0.512842
0.000488281 3.37234 2.53992	0 11.062 0.658633
0.000732422 3.93326 2.89352	0 11.9693 0.82018
0.000976562 4.21649 3.23898	0 14.6321 0.997842
0.0012207 3.79063 3.57177	0 16.0259 1.19517
0.00146484 4.09518 3.89037	0 15.9017 1.41905
0.00170898 3.8215 4.19615	0 14.8929 1.67854
0.00195312 4.21142 4.49283	0 21.9441 1.98242
0.00219727 5.00553 4.78572	0 49.1417 2.33627
0.00244141 5.77952 5.08083	0 38.6877 2.74012
0.00268555 5.0008 5.38404	0 26.7063 3.18799
0.00292969 4.4156 5.70042	0 20.1131 3.66993
0.00317383 5.79529 6.03381	0 41.3884 4.17584
0.00341797 5.93402 6.38657	0 31.5386 4.69956
0.00366211 6.13949 6.75967	0 47.2361 5.24137
0.00390625 6.7854 7.15293	0 61.9669 5.80774
0.00415039 8.81523 7.56547	0 67.7514 6.40876
0.00439453 6.80051 7.99622	0 38.6903 7.05459
0.00463867 7.14356 8.44439	0 78.1761 7.75222
0.00488281 11.2659 8.90998	0 124.664 8.50312
0.00512695 9.33411 9.394	0 96.5002 9.30162
0.00537109 8.65659 9.89861	0 85.7846 10.1344
0.00561523 8.90337 10.427	0 60.1552 10.9828
0.00585938 11.683 10.983	0 146.378 11.829
0.00610352 11.805 11.571	0 120.825 12.6679
0.00634766 11.879 12.1952	0 180.983 13.5185
0.0065918 10.8153 12.8596	0 130.387 14.4303
0.00683594 12.9153 13.5674	0 213.943 15.4767
0.00708008 13.3617 14.3212	0 183.051 16.7338
0.00732422 15.9846 15.1234	0 265.19 18.2531
0.00756836 14.0954 15.9758	0 201.684 20.0391
0.0078125 17.4144 16.8808	0 308.584 22.0461
0.00805664 14.4207 17.8407	0 214.059 24.202
0.00830078 19.689 18.8573	0 275.825 26.4504
0.00854492 21.7014 19.9305	0 587.679 28.7998
0.00878906 21.5314 21.0564	0 377.483 31.356
0.0090332 20.3003 22.2249	0 366.693 34.3208
0.00927734 19.7314 23.4171	0 471.617 37.9477
0.00952148 22.3151 24.6047	0 532.763 42.4552
0.00976562 23.8745 25.7508	0 665.819 47.9174
0.0100098 21.9297 26.8126	0 525.027 54.1719
0.0102539 32.0693 27.7464	0 801.823 60.7889
0.010498 40.7389 28.5139	0 1273.28 67.1356
0.0107422 40.0456 29.0876	0 1877.15 72.5308
0.0109863 37.6463 29.4553	0 1066.66 76.4369
0.0112305 30.6432 29.6213	0 824.824 78.612
0.0114746 25.5429 29.6055	0 815.107 79.1582
0.0117188 31.766 29.4387	0 1158.03 78.4491
0.0119629 25.5542 29.1576	0 549.55 76.9745
0.012207 29.7659 28.7993	0 810.76 75.174
0.0124512 27.3475 28.3964	0 702.1 73.3261
0.0126953 23.5397 27.9749	0 430.552 71.5269
0.0129395 32.868 27.5537	0 893.6 69.7485
0.0131836 25.2746 27.1455	0 717.365 67.9346
0.0134277 28.8853 26.7589	0 913.463 66.0831
0.0136719 26.5145 26.4003	0 1050.12 64.2781
0.013916 26.2811 26.0754	0 753.733 62.6662
0.0141602 21.8285 25.79	0 347.473 61.4015
0.0144043 25.1156 25.5494	0 599.931 60.5942
0.0146484 26.2932 25.3584	0 696.383 60.2937
0.0148926 22.3719 25.2197	0 376.201 60.5093
0.0151367 23.5585 25.134	0 407.071 61.255
0.0153809 22.8949 25.0995	0 528.058 62.5881
0.015625 28.7445 25.1122	0 1103.6 64.6166
0.0158691 24.477 25.1664	0 514.991 67.4661
0.0161133 25.0116 25.2552	0 930.316 71.212
0.0163574 23.3825 25.3711	0 587.182 75.8017
0.0166016 26.5386 25.5072	0 1067.03 80.9995
0.0168457 24.3708 25.6571	0 699.415 86.3824
0.0170898 23.283 25.8165	0 585.334 91.4003
0.017334 27.6445 25.9834	0 1025.11 95.4871
0.0175781 31.8299 26.1588	0 1297.51 98.1887
0.0178223 25.0872 26.3467	0 653.768 99.2652
0.0180664 24.1119 26.5538	0 536.076 98.7368
0.0183105 27.8298 26.7882	0 829.19 96.8633
0.0185547 24.897 27.0575	0 480.234 94.0718
0.0187988 26.6792 27.3672	0 790.94 90.8574
0.019043 26.7483 27.719	0 1225.2 87.6853
0.0192871 24.991 28.1095	0 540.633 84.9176
0.0195312 26.1095 28.5307	0 494.149 82.7805
0.0197754 29.4993 28.9708	0 663.995 81.3788
0.0200195 31.3282 29.4165	0 985.983 80.7453
0.0202637 30.1153 29.855	0 964.639 80.897
0.0205078 35.2624 30.2764	0 1125.1 81.8664
0.020752 31.4115 30.6743	0 790.576 83.6866
0.0209961 36.3407 31.0464	0 1064.21 86.3429
0.0212402 25.6515 31.3935	0 785.9 89.7256
0.0214844 27.3922 31.7179	0 748.637 93.6278
0.0217285 29.6577 32.0221	0 880.369 97.8024
0.0219727 35.6386 32.3082	0 1693.82 102.055
0.0222168 34.6499 32.5773	0 1038.5 106.311
0.0224609 34.4508 32.8304	0 1016.46 110.608
0.0227051 33.9456 33.0693	0 1281.16 114.992
0.0229492 34.151 33.2967	0 1446.6 119.381
0.0231934 34.6513 33.5167	0 1452.64 123.474
0.0234375 29.2427 33.7336	0 696.266 126.774
0.0236816 35.1469 33.9511	0 1350.01 128.744
0.0239258 33.4867 34.1701	0 1603.32 129.023
0.0241699 35.0522 34.3886	0 1559.76 127.597
0.0244141 30.7039 34.6006	0 1047.32 124.838
0.0246582 34.3776 34.7977	0 1159.66 121.399
0.0249023 35.8934 34.9707	0 1418.95 118.005
0.0251465 40.4761 35.1121	0 2095.64 115.243
0.0253906 35.8675 35.2185	0 1228.68 113.405
0.0256348 38.8722 35.2922	0 1548.56 112.456
0.0258789 34.7741 35.3416	0 1178.2 112.097
0.026123 36.9844 35.3806	0 1776.93 111.913
0.0263672 34.5475 35.4266	0 1187.48 111.531
0.0266113 27.4028 35.4976	0 654.461 110.736
0.0268555 35.5651 35.6099	0 1588.41 109.511
0.0270996 37.6326 35.776	0 1499.13 107.994
0.0273438 34.7632 36.0034	0 1024.64 106.401
0.0275879 35.5901 36.2948	0 1714.37 104.94
0.027832 32.5991 36.6491	0 1119.4 103.771
0.0280762 36.3534 37.0627	0 974.319 102.99
0.0283203 40.06 37.5312	0 1407.68 102.654
0.0285645 41.038 38.0503	0 1570.17 102.82
0.0288086 34.9911 38.6161	0 978.772 103.583
0.0290527 41.48 39.2249	0 1875.52 105.109
0.0292969 34.3085 39.8719	0 896.03 107.611
0.029541 43.0349 40.5502	0 1446.69 111.288
0.0297852 36.4239 41.2505	0 1363.4 116.217
0.0300293 40.9314 41.9607	0 2103.43 122.254
0.0302734 45.3324 42.6675	0 2290.8 129.013
0.0305176 42.6336 43.3575	0 1663.95 135.952
0.0307617 48.0349 44.0202	0 1797.73 142.537
0.0310059 46.9559 44.6488	0 2365.91 148.423
0.03125 50.6065 45.2415	0 2993.22 153.579
0.0314941 43.137 45.8012	0 2142.15 158.278
0.0317383 43.9589 46.3343	0 2164.87 162.993
0.0319824 45.0911 46.8486	0 1657.43 168.221
0.0322266 47.3842 47.3523	0 3095.52 174.32
0.0324707 44.2131 47.8518	0 1679.31 181.398
0.0327148 52.0126 48.3526	0 2525.79 189.28
0.032959 49.8125 48.8589	0 2017.63 197.575
0.0332031 46.8969 49.3754	0 2032.25 205.81
0.0334473 58.4033 49.9083	0 3454.59 213.622
0.0336914 44.327 50.4652	0 2119.76 220.913
0.0339355 49.4466 51.055	0 1907.72 227.874
0.0341797 53.7578 51.6866	0 2176.02 234.851
0.0344238 53.4245 52.3666	0 2383.32 242.072
0.034668 46.0469 53.0979	0 2489.58 249.386
0.0349121 50.3586 53.8782	0 3586.86 256.152
0.0351562 51.0955 54.7007	0 1955.48 261.39
0.0354004 63.6077 55.5546	0 5007.48 264.149
0.0356445 52.8945 56.4279	0 3305.56 263.942
0.0358887 57.8072 57.3096	0 2516.12 261.067
0.0361328 69.0242 58.1919	0 4920.41 256.644
0.036377 51.665 59.0712	0 2695.71 252.366
0.0366211 64.9448 59.9486	0 5024.48 250.033
0.0368652 57.5391 60.8284	0 3396.11 251.078
0.0371094 54.4092 61.7168	0 2302.17 256.228
0.0373535 64.0268 62.6203	0 3992.24 265.406
0.0375977 66.8612 63.5438	0 3864.69 277.866
0.0378418 60.6086 64.4903	0 4448.27 292.466
0.0380859 71.474 65.46	0 4713.75 307.965
0.0383301 62.872 66.4508	0 3596.36 323.233
0.0385742 73.6742 67.4588	0 6248.11 337.348
0.0388184 60.2913 68.479	0 5166.42 349.6
0.0390625 64.8641 69.5066	0 4294.7 359.482
0.0393066 71.9133 70.5379	0 5125.3 366.733
0.0395508 69.637 71.5715	0 4053.73 371.463
0.0397949 83.0677 72.6075	0 6901.11 374.288
0.0400391 80.2303 73.6467	0 5868.07 376.385
0.0402832 79.0686 74.6883	0 4824.79 379.348
0.0405273 65.4493 75.7258	0 4088.91 384.861
0.0407715 62.6765 76.7451	0 3750.21 394.277
0.0410156 69.8448 77.7224	0 5734.99 408.239
0.0412598 92.3069 78.6256	0 8176.61 426.459
0.0415039 68.6525 79.4176	0 5406.09 447.669
0.041748 104.033 80.0617	0 7819.21 469.744
0.0419922 87.9075 80.5266	0 7468.85 490.009
0.0422363 86.7914 80.7908	0 6915.47 505.718
0.0424805 80.5762 80.8433	0 8553.93 514.67
0.0427246 84.7334 80.6821	0 6429.81 515.785
0.0429688 70.6759 80.3103	0 5015.98 509.385
0.0432129 82.9316 79.7316	0 4941.48 497.013
0.043457 76.5265 78.9474	0 5111.38 480.824
0.0437012 80.67 77.9559	0 5553.45 462.828
0.0439453 77.4131 76.7548	0 4359.53 444.315
0.0441895 88.9257 75.3449	0 10695.2 425.705
0.0444336 82.5002 73.7355	0 5884.46 406.791
0.0446777 76.233 71.9466	0 5445.92 387.171
0.0449219 76.0713 70.0098	0 5193.41 366.613
0.045166 63.8039 67.9656	0 4264.78 345.202
0.0454102 63.0849 65.8577	0 5405.2 323.267
0.0456543 50.3613 63.727	0 2354.66 301.2
0.0458984 64.4259 61.6066	0 2963.97 279.275
0.0461426 52.8779 59.5181	0 2532.63 257.56
0.0463867 61.5008 57.4722	0 3438.2 235.974
0.0466309 59.2467 55.4708	0 3293.39 214.438
0.046875 53.4694 53.5119	0 2446.19 193.049
0.0471191 54.7784 51.5935	0 3124.89 172.192
0.0473633 47.0326 49.7175	0 2241.2 152.519
0.0476074 49.4521 47.8911	0 2246.98 134.8
0.0478516 48.5466 46.1253	0 2169.37 119.728
0.0480957 38.3927 44.4333	0 1861.37 107.736
0.0483398 36.1649 42.8264	0 968.274 98.9113
0.048584 38.42 41.3117	0 1912.99 92.9918
0.0488281 41.7788 39.8903	0 1209.13 89.445
0.0490723 34.1247 38.557	0 918.841 87.5741
0.0493164 39.1334 37.3019	0 1656.3 86.6357
0.0495605 34.9104 36.1133	0 1162.82 85.9554
0.0498047 40.2116 34.9799	0 1353.05 85.0295
0.0500488 31.6303 33.8931	0 870.204 83.5901
0.050293 35.3383 32.848	0 958.926 81.6078
0.0505371 28.4423 31.8431	0 922.256 79.2198
0.0507812 30.9434 30.8794	0 930.346 76.6043
0.0510254 26.1485 29.9578	0 881.569 73.8585
0.0512695 25.775 29.0781	0 908.515 70.9384
0.0515137 31.6006 28.2377	0 1020.31 67.6935
0.0517578 25.7469 27.4309	0 627.305 63.9732
0.052002 26.1743 26.65	0 623.074 59.7425
0.0522461 28.0955 25.8865	0 787.24 55.1414
0.0524902 26.549 25.1322	0 813.548 50.4536
0.0527344 19.675 24.3811	0 373.597 46.0059
0.0529785 28.3978 23.63	0 973.086 42.0506
0.0532227 21.4943 22.8791	0 320.442 38.6891
0.0534668 23.9747 22.1318	0 536.48 35.8658
0.0537109 21.4092 21.3941	0 378.545 33.4242
0.0539551 17.0851 20.6733	0 264.954 31.1928
0.0541992 21.2279 19.977	0 463.742 29.0565
0.0544434 18.6977 19.3124	0 328.72 26.9902
0.0546875 14.7405 18.6851	0 206.678 25.0438
0.0549316 20.4563 18.099	0 468.154 23.2986
0.0551758 18.5522 17.5563	0 348.965 21.8173
0.0554199 13.5564 17.0578	0 176.183 20.613
0.0556641 14.9091 16.603	0 213.905 19.6471
0.0559082 19.7099 16.1904	0 383.1 18.852
0.0561523 13.8393 15.8177	0 258.285 18.1638
0.0563965 14.4614 15.482	0 250.537 17.5482
0.0566406 16.3219 15.1793	0 267.891 17.0072
0.0568848 12.6485 14.9049	0 164.198 16.566
0.0571289 12.5485 14.6532	0 118.157 16.2459
0.057373 14.4653 14.418	0 290.159 16.0392
0.0576172 17.1614 14.1933	0 281.666 15.8988
0.0578613 14.1536 13.9733	0 122.178 15.7485
0.0581055 12.7964 13.7538	0 225.877 15.5101
0.0583496 15.4558 13.5315	0 212.465 15.1344
0.0585938 12.1704 13.3054	0 232.683 14.6203
0.0588379 12.824 13.0756	0 120.608 14.0136
0.059082 12.7444 12.8437	0 172.797 13.3867
0.0593262 13.2302 12.6121	0 138.68 12.8091
0.0595703 11.3854 12.3839	0 165.327 12.3222
0.0598145 12.3856 12.1625	0 150.505 11.9283
0.0600586 11.1903 11.9514	0 126.78 11.5951
0.0603027 13.3489 11.7539	0 103.229 11.272
0.0605469 11.3167 11.5731	0 134.941 10.91
0.060791 10.7724 11.4111	0 196.647 10.4791
0.0610352 9.49323 11.2688	0 91.842 9.97603
0.0612793 11.0349 11.1454	0 133.839 9.42192
0.0615234 10.9416 11.0383	0 124.998 8.8507
0.0617676 9.82985 10.9429	0 160.619 8.29451
0.0620117 10.7543 10.8533	0 137.186 7.77267
0.0622559 11.0435 10.7627	0 146.971 7.28866
0.0625 12.1763 10.6646	0 204.958 6.83502
0.0627441 11.486 10.5536	0 103.761 6.40205
0.0629883 11.1431 10.4264	0 138.749 5.98501
0.0632324 9.59073 10.2821	0 82.9125 5.58686
0.0634766 10.3046 10.1227	0 123.065 5.21712
0.0637207 10.14 9.95255	0 76.6424 4.88975
0.0639648 11.8623 9.77772	0 89.1765 4.62156
0.064209 8.0227 9.60521	0 66.659 4.43087
0.0644531 9.07844 9.44184	0 56.7458 4.33439
0.0646973 8.05247 9.29334	0 65.4143 4.34157
0.0649414 8.35951 9.1636	0 74.0876 4.44789
0.0651855 8.99607 9.05425	0 80.4809 4.63048
0.0654297 8.1366 8.96464	0 74.9989 4.84898
0.0656738 9.15246 8.89223	0 53.2737 5.0525
0.065918 8.86556 8.8332	0 102.087 5.19115
0.0661621 8.7655 8.78325	0 84.6185 5.22895
0.0664062 8.95311 8.73838	0 65.6382 5.15409
0.0666504 9.2004 8.69544	0 91.2481 4.98288
0.0668945 8.87974 8.6525	0 60.9739 4.75555
0.0671387 9.17212 8.60882	0 90.3963 4.52443
0.0673828 8.48519 8.56462	0 71.1362 4.33821
0.067627 7.23998 8.52065	0 44.0298 4.22789
0.0678711 8.56047 8.47787	0 57.5107 4.19933
0.0681152 7.69854 8.43705	0 59.5359 4.23509
0.0683594 8.73105 8.3987	0 87.9726 4.30398
0.0686035 9.35856 8.36306	0 99.0349 4.37407
0.0688477 8.14769 8.3302	0 58.0184 4.42355
0.0690918 7.99894 8.30019	0 77.0948 4.4457
0.0693359 8.1642 8.27312	0 59.0119 4.44718
0.0695801 9.24665 8.24908	0 61.2661 4.44193
0.0698242 7.77189 8.22801	0 65.7668 4.44393
0.0700684 6.95421 8.20957	0 53.5216 4.4616
0.0703125 7.56157 8.19304	0 66.8945 4.49499
0.0705566 8.49155 8.17737	0 71.388 4.53578
0.0708008 9.21054 8.16135	0 88.3664 4.5697
0.0710449 8.84257 8.14391	0 84.7952 4.58067
0.0712891 7.63107 8.12439	0 49.3736 4.55561
0.0715332 7.95827 8.10274	0 72.9401 4.48868
0.0717773 7.7344 8.07959	0 66.528 4.38369
0.0720215 9.54524 8.05612	0 81.761 4.25418
0.0722656 7.33722 8.03376	0 51.1721 4.12116
0.0725098 7.19377 8.01383	0 62.1155 4.00886
0.0727539 7.94862 7.9972	0 47.5889 3.93894
0.072998 8.16644 7.98403	0 85.4568 3.9239
0.0732422 6.80748 7.97373	0 43.9765 3.96155
0.0734863 8.98605 7.96502	0 88.7797 4.03301
0.0737305 8.02304 7.95627	0 52.1003 4.10624
0.0739746 7.7208 7.9458	0 61.3941 4.14535
0.0742188 8.22344 7.9323	0 75.6849 4.12251
0.0744629 8.92136 7.91506	0 82.6209 4.0281
0.074707 7.91895 7.89416	0 86.2345 3.87441
0.0749512 6.22826 7.87043	0 32.6612 3.69172
0.0751953 8.87475 7.84533	0 68.2412 3.51822
0.0754395 8.3241 7.82063	0 89.0448 3.38848
0.0756836 7.43565 7.79815	0 52.3042 3.32479
0.0759277 7.07305 7.77939	0 43.2335 3.33394
0.0761719 8.34789 7.76532	0 82.3599 3.40908
0.076416 6.68335 7.75623	0 43.4339 3.53414
0.0766602 7.80142 7.75168	0 55.393 3.68834
0.0769043 7.31423 7.75063	0 44.2044 3.8493
0.0771484 8.84245 7.75159	0 100.856 3.99543
0.0773926 7.84282 7.7528	0 46.2501 4.10881
0.0776367 7.75035 7.75249	0 52.5412 4.17868
0.0778809 8.05231 7.74904	0 59.0858 4.2046
0.078125 6.74992 7.74121	0 51.0604 4.1971
0.0783691 7.36945 7.72827	0 55.2781 4.17479
0.0786133 8.8741 7.71012	0 106.705 4.15864
0.0788574 8.3344 7.6874	0 53.1149 4.16565
0.0791016 6.92911 7.66145	0 48.3525 4.20424
0.0793457 8.73317 7.63423	0 63.7 4.27247
0.0795898 7.7241 7.60798	0 68.3096 4.35859
0.079834 6.35822 7.585	0 35.9492 4.443
0.0800781 7.21798 7.56716	0 69.4382 4.50077
0.0803223 7.12413 7.55564	0 42.1579 4.50519
0.0805664 6.88671 7.55072	0 52.1369 4.43279
0.0808105 9.1818 7.55176	0 83.1679 4.26952
0.0810547 7.05794 7.55734	0 32.3697 4.01678
0.0812988 6.57685 7.56558	0 41.0019 3.69465
0.081543 7.98059 7.57447	0 68.1668 3.34071
0.0817871 8.75677 7.58218	0 71.513 3.00385
0.0820312 7.50345 7.58737	0 64.5201 2.73451
0.0822754 7.24506 7.58926	0 39.0246 2.57392
0.0825195 6.9213 7.58767	0 39.239 2.54508
0.0827637 8.28708 7.58296	0 68.9238 2.64748
0.0830078 8.09896 7.57582	0 59.8259 2.85691
0.083252 7.05276 7.56713	0 41.7247 3.13073
0.0834961 8.05451 7.55771	0 69.7723 3.41783
0.0837402 7.09858 7.54825	0 68.6183 3.67154
0.0839844 6.86815 7.53911	0 39.8529 3.86161
0.0842285 6.93518 7.53035	0 48.2129 3.98145
0.0844727 9.22445 7.52164	0 94.4399 4.04711
0.0847168 7.54234 7.51233	0 91.7202 4.08807
0.0849609 7.0339 7.50147	0 36.7646 4.13295
0.0852051 7.33382 7.48784	0 62.6279 4.19629
0.0854492 7.32845 7.47004	0 47.6595 4.27197
0.0856934 7.30118 7.44658	0 61.834 4.33632
0.0859375 7.89008 7.41597	0 93.5516 4.35911
0.0861816 7.80145 7.37695	0 66.5138 4.31704
0.0864258 7.68595 7.32864	0 56.5289 4.20341
0.0866699 6.84172 7.2708	0 44.6692 4.03013
0.0869141 7.56712 7.20393	0 46.6274 3.82235
0.0871582 7.61496 7.12934	0 51.3279 3.60946
0.0874023 7.68329 7.04913	0 47.862 3.41702
0.0876465 5.93051 6.96594	0 31.3618 3.26229
0.0878906 7.04419 6.88271	0 55.0415 3.15356
0.0881348 7.12816 6.80231	0 56.1017 3.0915
0.0883789 6.35425 6.72718	0 31.3917 3.07067
0.088623 6.15018 6.65911	0 26.8484 3.08053
0.0888672 6.25238 6.59905	0 42.1462 3.1062
0.0891113 5.6559 6.54716	0 25.006 3.12994
0.0893555 7.61464 6.50293	0 48.6151 3.1337
0.0895996 6.09427 6.46541	0 35.5006 3.10255
0.0898438 7.01536 6.43345	0 43.1337 3.02803
0.0900879 6.44301 6.40595	0 46.5711 2.91033
0.090332 5.62946 6.38193	0 36.7412 2.75833
0.0905762 6.59883 6.36062	0 35.1034 2.58747
0.0908203 5.93693 6.34135	0 35.7714 2.41598
0.0910645 6.67223 6.32353	0 31.0081 2.26069
0.0913086 6.46785 6.30647	0 50.0238 2.1338
0.0915527 5.94449 6.2894	0 38.2832 2.0417
0.0917969 6.3377 6.2714	0 36.2553 1.98589
0.092041 6.31344 6.2515	0 30.4679 1.96537
0.0922852 6.30872 6.22883	0 34.3968 1.97894
0.0925293 6.38713 6.20272	0 42.1258 2.02596
0.0927734 6.1145 6.17295	0 33.7299 2.1051
0.0930176 5.9192 6.13981	0 39.6928 2.2118
0.0932617 6.69046 6.10417	0 63.1521 2.33613
0.0935059 6.35121 6.06745	0 36.8287 2.4627
0.09375 6.54077 6.03139	0 36.7129 2.57302
0.0939941 5.47558 5.9978	0 40.6616 2.64946
0.0942383 5.01174 5.96825	0 24.4003 2.67922
0.0944824 5.26024 5.94374	0 30.5849 2.65693
0.0947266 6.11905 5.92453	0 24.3553 2.58535
0.0949707 6.4367 5.91003	0 43.9431 2.4745
0.0952148 6.24383 5.89888	0 31.8461 2.33947
0.095459 5.55194 5.88915	0 24.9509 2.19726
0.0957031 5.6875 5.87868	0 31.5259 2.06321
0.0959473 5.44816 5.86546	0 23.8262 1.94796
0.0961914 6.0411 5.84802	0 34.5449 1.85599
0.0964355 6.72194 5.82566	0 30.2312 1.78674
0.0966797 6.29158 5.79873	0 38.8843 1.73778
0.0969238 6.00348 5.7685	0 37.754 1.70849
0.097168 5.34286 5.73696	0 18.4938 1.70206
0.0974121 5.83281 5.70646	0 25.0575 1.72461
0.0976562 5.0686 5.67915	0 21.5954 1.78156
0.0979004 5.42696 5.65652	0 30.8531 1.87346
0.0981445 5.15979 5.63909	0 23.226 1.99331
0.0983887 5.1459 5.62621	0 31.0067 2.12693
0.0986328 5.57072 5.61628	0 31.3969 2.25588
0.098877 5.58535 5.60705	0 27.9206 2.36142
0.0991211 6.9747 5.59613	0 34.4415 2.42773
0.0993652 5.81189 5.58144	0 30.0615 2.44379
0.0996094 5.88565 5.56158	0 47.7955 2.40419
0.0998535 5.02772 5.53603	0 24.0503 2.30948
0.100098 5.45752 5.50513	0 36.0738 2.16659
0.100342 5.3059 5.46993	0 25.3846 1.9887
0.100586 5.57923 5.43193	0 33.3226 1.79422
0.10083 5.25959 5.39282	0 25.8125 1.60451
0.101074 5.47381 5.35422	0 37.8913 1.44076
0.101318 6.02132 5.31748	0 34.8697 1.3206
0.101562 4.78025 5.28361	0 18.9877 1.2553
0.101807 4.50651 5.25311	0 20.4492 1.24787
0.102051 5.33773 5.22607	0 30.1237 1.29244
0.102295 5.01687 5.20221	0 23.9879 1.37503
0.102539 5.00348 5.18101	0 32.2699 1.47599
0.102783 5.81239 5.16193	0 28.2618 1.5739
0.103027 4.98672 5.14458	0 23.8844 1.65042
0.103271 5.55874 5.12886	0 46.9339 1.69462
0.103516 4.97025 5.11502	0 29.2877 1.70514
0.10376 4.86867 5.10355	0 20.9132 1.68926
0.104004 4.74315 5.095	0 20.2161 1.6591
0.104248 5.64335 5.08971	0 31.817 1.62674
0.104492 5.02126 5.08751	0 21.2398 1.6002
0.104736 4.03585 5.08755	0 20.4507 1.5819
0.10498 4.9838 5.08832	0 26.3499 1.56958
0.105225 5.02197 5.08776	0 20.3068 1.55865
0.105469 5.76027 5.08362	0 33.6695 1.54482
0.105713 5.09085 5.07385	0 26.7548 1.52585
0.105957 5.65433 5.05704	0 27.4467 1.5022
0.106201 6.01223 5.03263	0 27.6447 1.4766
0.106445 4.81772 5.00105	0 23.5051 1.45294
0.106689 4.19527 4.96354	0 23.1907 1.4347
0.106934 5.78963 4.92189	0 25.6857 1.42361
0.107178 3.90134 4.87808	0 21.5398 1.41904
0.107422 4.86666 4.83391	0 21.8682 1.41835
0.107666 4.36481 4.79083	0 17.1381 1.41821
0.10791 4.98021 4.7498	0 32.2895 1.4163
0.108154 4.73733 4.71143	0 24.3836 1.4125
0.108398 5.10482 4.67607	0 34.2533 1.40904
0.108643 5.34316 4.64399	0 28.5884 1.40936
0.108887 3.41886 4.61547	0 11.6785 1.41611
0.109131 4.66298 4.59082	0 23.1487 1.42929
0.109375 4.43461 4.57032	0 24.0509 1.44552
0.109619 4.49275 4.55415	0 24.9862 1.45899
0.109863 4.5186 4.54228	0 19.4056 1.46361
0.110107 4.1824 4.5344	0 18.5574 1.45537
0.110352 5.11446 4.52989	0 32.8073 1.43375
0.110596 4.21182 4.52783	0 16.6763 1.4015
0.11084 4.31222 4.52704	0 15.9298 1.36324
0.111084 5.02232 4.52612	0 26.7345 1.32358
0.111328 4.42996 4.52349	0 17.0023 1.28598
0.111572 3.86531 4.51749	0 15.4494 1.25253
0.111816 4.87638 4.5065	0 22.4895 1.22467
0.112061 5.0916 4.48904	0 24.597 1.20375
0.112305 4.32662 4.46406	0 17.2881 1.19106
0.112549 4.64006 4.43106	0 19.5504 1.18693
0.112793 4.71136 4.39035	0 26.2959 1.18958
0.113037 4.17016 4.34311	0 14.9144 1.19448
0.113281 4.70099 4.29141	0 20.622 1.19501
0.113525 4.78334 4.23808	0 15.8553 1.18435
0.11377 3.92401 4.18636	0 21.4892 1.15795
0.114014 3.66071 4.13958	0 9.37827 1.11538
0.114258 3.4233 4.10069	0 12.1804 1.06089
0.114502 4.09381 4.07189	0 18.6949 1.00223
0.114746 3.57789 4.0544	0 13.1269 0.948339
0.11499 3.91966 4.04833	0 13.0969 0.906902
0.115234 3.68364 4.05279	0 14.4667 0.882586
0.115479 4.16526 4.06612	0 18.5859 0.876567
0.115723 4.19665 4.08619	0 17.6343 0.887162
0.115967 4.2184 4.11071	0 18.8901 0.911035
0.116211 4.63771 4.13755	0 24.9447 0.944324
0.116455 3.78193 4.16483	0 12.7564 0.983365
0.116699 4.32414 4.19099	0 19.2434 1.02507
0.116943 3.71204 4.21477	0 12.9848 1.06718
0.117188 4.87588 4.23512	0 17.4576 1.10855
0.117432 3.80402 4.25115	0 14.4019 1.14921
0.117676 4.4761 4.26209	0 22.0151 1.18986
0.11792 4.56748 4.26734	0 20.8036 1.23079
0.118164 4.51167 4.26654	0 21.9581 1.2707
0.118408 4.3083 4.25964	0 17.0991 1.30604
0.118652 4.23427 4.24703	0 21.6599 1.3317
0.118896 3.94731 4.22949	0 15.1898 1.34273
0.119141 4.86702 4.20817	0 21.6975 1.33647
0.119385 4.57909 4.1844	0 25.9352 1.31385
0.119629 3.68915 4.15956	0 11.234 1.27928
0.119873 3.58355 4.13478	0 13.8563 1.23917
0.120117 4.25511 4.11081	0 20.2995 1.1998
0.120361 3.91272 4.08788	0 10.9848 1.16557
0.120605 4.17103 4.06572	0 15.7544 1.13802
0.12085 3.90647 4.04366	0 14.2585 1.11594
0.121094 3.91825 4.02087	0 13.6109 1.09608
0.121338 4.30254 3.9966	0 14.7641 1.07425
0.121582 4.51633 3.97044	0 19.1601 1.04644
0.121826 3.89376 3.94251	0 13.7284 1.00989
0.12207 3.94786 3.91343	0 14.7039 0.963904
0.122314 3.75234 3.88434	0 16.2844 0.910344
0.122559 4.0979 3.85663	0 21.062 0.853622
0.122803 3.2811 3.83176	0 9.83554 0.800042
0.123047 3.50583 3.81097	0 11.1212 0.756519
0.123291 3.46607 3.79514	0 8.87223 0.728917
0.123535 4.39758 3.7847	0 16.9448 0.720541
0.123779 3.35388 3.77957	0 9.5982 0.731361
0.124023 3.71655 3.77925	0 20.1191 0.758333
0.124268 4.10075 3.78288	0 17.631 0.796644
0.124512 3.76137 3.78938	0 11.972 0.841237
0.124756 3.35594 3.79753	0 12.5385 0.887871
0.125 3.63321 3.80609	0 15.234 0.933345
0.125244 4.26969 3.8139	0 15.6016 0.975021
0.125488 3.57837 3.81999	0 15.2803 1.01021
0.125732 4.33687 3.82371	0 15.6592 1.03594
0.125977 3.82316 3.82481	0 12.2485 1.04927
0.126221 3.95059 3.82353	0 16.6314 1.04803
0.126465 3.47137 3.82051	0 14.7621 1.03155
0.126709 4.31766 3.8168	0 17.7746 1.00105
0.126953 3.54101 3.81358	0 12.0098 0.959599
0.127197 4.15544 3.81198	0 15.6792 0.91164
0.127441 3.16369 3.81282	0 9.86685 0.86214
0.127686 3.59899 3.8164	0 12.1659 0.815619
0.12793 3.62729 3.82238	0 9.6994 0.775245
0.128174 4.22302 3.82976	0 17.4052 0.742265
0.128418 3.44718 3.83706	0 10.6894 0.716018
0.128662 3.85388 3.84255	0 15.3562 0.694558
0.128906 4.44931 3.84459	0 12.3555 0.675713
0.12915 3.73611 3.84194	0 20.9519 0.658149
0.129395 3.92433 3.83408	0 19.8577 0.641984
0.129639 4.68766 3.82125	0 14.7062 0.628731
0.129883 3.65673 3.80446	0 11.9013 0.620622
0.130127 3.81558 3.78525	0 12.2303 0.61972
0.130371 3.62799 3.76534	0 13.1224 0.6272
0.130615 3.33567 3.7463	0 11.5656 0.643047
0.130859 3.01231 3.72923	0 10.9569 0.666095
0.131104 3.82203 3.71462	0 14.2024 0.694207
0.131348 3.82155 3.70228	0 16.086 0.724407
0.131592 3.7371 3.69158	0 9.32298 0.753
0.131836 4.45941 3.68161	0 21.7058 0.77584
0.13208 3.20038 3.67156	0 10.7241 0.788983
0.132324 3.43746 3.66086	0 12.3232 0.789714
0.132568 4.15092 3.64935	0 13.055 0.777647
0.132812 3.96347 3.63726	0 22.6096 0.75532
0.133057 3.34589 3.62511	0 11.231 0.727798
0.133301 3.1493 3.61358	0 12.0762 0.701239
0.133545 3.58793 3.60332	0 10.0535 0.680927
0.133789 3.15667 3.59487	0 9.06948 0.669634
0.134033 4.16332 3.58858	0 12.6694 0.666966
0.134277 3.67077 3.5846	0 14.0511 0.669905
0.134521 3.44799 3.58294	0 12.8637 0.674169
0.134766 3.68155 3.58346	0 12.5824 0.675825
0.13501 3.62764 3.58588	0 17.2525 0.672585
0.135254 3.18902 3.58981	0 8.84299 0.664462
0.135498 3.23996 3.59474	0 10.0109 0.653624
0.135742 4.03675 3.60005	0 11.6545 0.643558
0.135986 3.29094 3.6051	0 10.6427 0.637818
0.13623 4.03535 3.60928	0 16.1057 0.638838
0.136475 3.84019 3.61217	0 14.8505 0.647234
0.136719 3.52384 3.61354	0 13.2186 0.661869
0.136963 3.75845 3.61345	0 12.1474 0.680604
0.137207 3.41171 3.61218	0 13.9263 0.701425
0.137451 3.58158 3.61012	0 9.48203 0.723489
0.137695 3.39975 3.60771	0 11.5304 0.747644
0.137939 4.00982 3.60524	0 14.1048 0.776145
0.138184 3.62787 3.60284	0 11.2514 0.811592
0.138428 3.18232 3.60039	0 10.2817 0.855469
0.138672 3.33277 3.59761	0 11.1694 0.906893
0.138916 3.74394 3.59415	0 12.4401 0.962206
0.13916 3.8203 3.58977	0 15.0747 1.01572
0.139404 3.83212 3.58442	0 12.1858 1.06138
0.139648 4.15053 3.57834	0 22.5001 1.09472
0.139893 3.25027 3.57201	0 9.55315 1.11431
0.140137 3.09561 3.56611	0 14.7191 1.12199
0.140381 3.8088 3.5613	0 17.9484 1.12216
0.140625 3.15436 3.55811	0 12.911 1.12013
0.140869 3.39947 3.5568	0 10.3935 1.12049
0.141113 3.56401 3.55731	0 15.7537 1.12587
0.141357 3.58084 3.55929	0 15.5351 1.13634
0.141602 3.81367 3.56223	0 15.0892 1.14941
0.141846 4.00566 3.56555	0 14.4658 1.16049
0.14209 3.39798 3.56878	0 12.3061 1.16389
0.142334 2.79864 3.57156	0 7.98805 1.15412
0.142578 4.04918 3.57376	0 13.3588 1.12739
0.142822 3.92673 3.57536	0 20.8944 1.08285
0.143066 3.35228 3.57647	0 9.24891 1.02305
0.143311 3.80066 3.57718	0 10.2919 0.953481
0.143555 2.84654 3.57756	0 7.75155 0.881224
0.143799 4.05932 3.57755	0 20.8068 0.81334
0.144043 3.42791 3.57702	0 11.8775 0.755501
0.144287 3.85402 3.5757	0 16.3774 0.71119
0.144531 3.38582 3.57331	0 12.8491 0.681446
0.144775 3.54718 3.56954	0 11.4588 0.665012
0.14502 3.74161 3.56416	0 9.18918 0.658758
0.145264 3.684 3.55703	0 13.575 0.658405
0.145508 3.30498 3.54815	0 10.8191 0.659556
0.145752 3.70284 3.53775	0 16.186 0.658861
0.145996 3.86695 3.52623	0 10.7402 0.654926
0.14624 3.06042 3.51425	0 6.41064 0.648603
0.146484 3.37769 3.50268	0 10.2574 0.642542
0.146729 3.82672 3.49259	0 13.3237 0.640271
0.146973 3.44106 3.48514	0 13.3004 0.645217
0.147217 3.59791 3.48143	0 11.0077 0.660013
0.147461 3.65655 3.48236	0 11.3219 0.686123
0.147705 2.66763 3.48839	0 6.63711 0.723631
0.147949 3.31692 3.49939	0 11.891 0.771021
0.148193 3.49607 3.51462	0 11.785 0.824975
0.148438 2.94861 3.53272	0 9.57433 0.880412
0.148682 3.89184 3.55194	0 13.2952 0.931009
0.148926 4.13192 3.57041	0 18.6595 0.970319
0.14917 3.5758 3.58648	0 9.87418 0.993267
0.149414 3.79489 3.59896	0 15.1834 0.997569
0.149658 4.1187 3.60733	0 15.1964 0.984532
0.149902 3.21844 3.61175	0 10.3213 0.958891
0.150146 3.86594 3.61291	0 14.222 0.927678
0.150391 3.47264 3.61181	0 12.7602 0.898462
0.150635 3.58628 3.60946	0 14.5467 0.87748
0.150879 3.30646 3.60664	0 13.9358 0.868165
0.151123 3.36437 3.60378	0 6.89149 0.870415
0.151367 3.49889 3.60092	0 12.5193 0.880801
0.151611 3.74545 3.59781	0 19.7696 0.893682
0.151855 4.03657 3.59411	0 14.2013 0.902977
0.1521 3.76596 3.58958	0 15.7805 0.904104
0.152344 3.82025 3.58418	0 15.5642 0.895451
0.152588 3.37461 3.57815	0 11.8422 0.878901
0.152832 3.14092 3.57194	0 11.4547 0.85922
0.153076 3.75394 3.56607	0 13.5455 0.842552
0.15332 3.48271 3.56099	0 10.7107 0.834519
0.153564 3.50358 3.55691	0 11.5915 0.838517
0.153809 3.11666 3.55377	0 8.70631 0.854716
0.154053 4.13205 3.55124	0 22.7787 0.880014
0.154297 3.3155 3.54878	0 9.03394 0.908881
0.154541 3.57953 3.54582	0 9.74756 0.934782
0.154785 3.66402 3.54185	0 12.381 0.95169
0.155029 3.80219 3.5366	0 11.1289 0.955274
0.155273 3.2846 3.53008	0 12.0945 0.943564
0.155518 3.67386 3.52261	0 14.0625 0.917123
0.155762 3.66116 3.51483	0 14.0333 0.878841
0.156006 3.28854 3.50756	0 13.6543 0.833442
0.15625 3.06016 3.50176	0 8.81019 0.786673
0.156494 4.01104 3.49838	0 17.6949 0.744207
0.156738 3.76028 3.49819	0 11.7447 0.710439
0.156982 2.80781 3.50173	0 8.07982 0.687557
0.157227 3.42441 3.50914	0 14.3947 0.675299
0.157471 3.38982 3.52015	0 14.4857 0.671522
0.157715 3.60895 3.53404	0 16.649 0.673341
0.157959 3.52593 3.54968	0 13.278 0.678241
0.158203 3.4714 3.5657	0 12.3697 0.684666
0.158447 3.73156 3.58062	0 12.659 0.691904
0.158691 3.48839 3.59303	0 12.7378 0.699538
0.158936 3.90888 3.60182	0 15.7284 0.706941
0.15918 4.2368 3.60629	0 15.6881 0.71317
0.159424 3.31298 3.60625	0 9.26738 0.717329
0.159668 3.10516 3.60197	0 7.60281 0.719102
0.159912 4.2641 3.59419	0 25.7161 0.719025
0.160156 3.96194 3.58388	0 12.9017 0.718179
0.1604 3.07893 3.57213	0 9.53385 0.717368
0.160645 3.40009 3.55998	0 8.02998 0.716257
0.160889 3.35303 3.5483	0 11.1729 0.713104
0.161133 3.30197 3.53774	0 11.2275 0.705497
0.161377 4.07298 3.52878	0 15.5319 0.691908
0.161621 3.36849 3.52176	0 11.5866 0.673297
0.161865 3.4113 3.51697	0 11.504 0.653862
0.162109 3.86109 3.51475	0 13.8741 0.640376
0.162354 3.2871 3.51545	0 12.6703 0.640236
0.162598 3.5263 3.5194	0 8.31757 0.658989
0.162842 3.11209 3.52682	0 9.11999 0.698298
0.163086 3.61234 3.53766	0 19.0707 0.755109
0.16333 3.59224 3.55157	0 15.0369 0.822226
0.163574 3.56945 3.56783	0 17.1062 0.889993
0.163818 2.94675 3.58543	0 7.25094 0.948445
0.164062 3.7389 3.60325	0 16.0345 0.989293
0.164307 3.74819 3.62029	0 10.9045 1.0073
0.164551 4.39918 3.63581	0 23.381 1.00095
0.164795 3.57933 3.64951	0 11.5741 0.972398
0.165039 4.02476 3.66151	0 12.9011 0.92701
0.165283 3.39406 3.67222	0 8.2527 0.872369
0.165527 3.56355 3.68213	0 10.0501 0.816977
0.165771 3.31437 3.69149	0 12.691 0.768691
0.166016 3.56741 3.70011	0 8.90058 0.733215
0.16626 3.43739 3.70727	0 10.7775 0.713066
0.166504 3.88263 3.71175	0 11.62 0.707398
0.166748 4.08877 3.71209	0 9.23403 0.712749
0.166992 3.71084 3.70691	0 9.87057 0.724407
0.167236 4.34117 3.6953	0 21.8115 0.737816
0.16748 3.73828 3.67707	0 11.343 0.749509
0.167725 3.99546 3.65291	0 15.3654 0.757365
0.167969 3.76592 3.62435	0 12.4436 0.760334
0.168213 3.177 3.59353	0 9.50489 0.758002
0.168457 3.45496 3.56288	0 8.43638 0.750299
0.168701 3.55139 3.5347	0 12.7174 0.737514
0.168945 3.18245 3.51084	0 10.1124 0.720493
0.169189 3.19534 3.49247	0 8.50597 0.700872
0.169434 3.31433 3.48	0 8.81754 0.681086
0.169678 3.35392 3.47317	0 10.5274 0.664089
0.169922 3.52326 3.47122	0 11.6082 0.652762
0.170166 3.44457 3.47318	0 9.91082 0.649218
0.17041 4.10282 3.47803	0 18.3996 0.654221
0.170654 3.44559 3.48491	0 9.47655 0.66694
0.170898 3.28367 3.49319	0 8.90149 0.685124
0.171143 3.5537 3.50241	0 15.0739 0.705613
0.171387 2.98385 3.51224	0 8.25858 0.725013
0.171631 3.36536 3.52241	0 9.05895 0.740368
0.171875 4.03424 3.53268	0 18.4104 0.74972
0.172119 3.15493 3.54283	0 7.25907 0.752515
0.172363 4.16902 3.55273	0 17.64 0.749781
0.172607 3.44217 3.56238	0 11.0738 0.743993
0.172852 3.84815 3.57189	0 12.4981 0.738544
0.173096 3.51526 3.58146	0 11.1534 0.7368
0.17334 2.81799 3.59127	0 7.44649 0.740891
0.173584 4.23869 3.60131	0 15.3801 0.750612
0.173828 3.23957 3.61134	0 9.30813 0.762947
0.174072 3.45025 3.62082	0 10.8319 0.772649
0.174316 3.84791 3.62894	0 10.8117 0.773935
0.174561 3.43398 3.63483	0 9.22873 0.762824
0.174805 3.86905 3.63772	0 11.8099 0.739219
0.175049 4.04848 3.63715	0 17.3076 0.707818
0.175293 3.94973 3.63311	0 20.2258 0.677315
0.175537 3.66955 3.62609	0 9.7879 0.658116
0.175781 3.46142 3.617	0 10.1313 0.659341
0.176025 3.68757 3.60694	0 11.6479 0.686192
0.17627 3.19624 3.59703	0 7.55092 0.738467
0.176514 3.20564 3.58819	0 9.81958 0.810538
0.176758 3.82118 3.58096	0 11.8731 0.892585
0.177002 3.49443 3.57551	0 12.0905 0.972635
0.177246 3.31582 3.57166	0 10.7112 1.03894
0.17749 4.15144 3.56903	0 19.3103 1.08227
0.177734 3.47138 3.56713	0 14.3014 1.09774
0.177979 3.87552 3.56551	0 14.7802 1.08568
0.178223 3.35551 3.5638	0 12.0467 1.05139
0.178467 3.25159 3.56175	0 6.77928 1.00351
0.178711 3.41437 3.55918	0 17.58 0.951716
0.178955 3.64308 3.55599	0 9.40329 0.904284
0.179199 3.82327 3.55216	0 11.7787 0.866449
0.179443 3.61136 3.54778	0 13.5479 0.839969
0.179688 3.33028 3.54303	0 9.86664 0.823825
0.179932 3.99123 3.53822	0 16.738 0.815578
0.180176 3.59406 3.53373	0 13.7125 0.81276
0.18042 3.02098 3.52994	0 10.5159 0.813846
0.180664 3.46935 3.5271	0 15.9613 0.818589
0.180908 3.54501 3.52526	0 15.4671 0.82768
0.181152 3.73033 3.52421	0 14.4679 0.841843
0.181396 2.94923 3.52344	0 10.5865 0.860719
0.181641 3.67264 3.52231	0 11.134 0.882062
0.181885 3.80674 3.52011	0 17.5155 0.901804
0.182129 3.61207 3.5163	0 9.91816 0.915159
0.182373 3.78969 3.5106	0 29.1835 0.918322
0.182617 3.68744 3.50318	0 13.5493 0.909922
0.182861 2.92548 3.49461	0 7.61561 0.891475
0.183105 3.78865 3.48589	0 12.2987 0.866652
0.18335 3.32546 3.47825	0 12.022 0.839821
0.183594 3.77977 3.47307	0 12.948 0.814616
0.183838 3.12771 3.47161	0 10.4761 0.793136
0.184082 3.35198 3.47488	0 11.6954 0.77597
0.184326 2.99895 3.48349	0 12.1021 0.762855
0.18457 3.65567 3.49758	0 14.8169 0.753579
0.184814 3.73527 3.51679	0 15.9366 0.748666
0.185059 2.80586 3.54028	0 7.33114 0.749521
0.185303 3.87941 3.5669	0 13.1895 0.757872
0.185547 3.95773 3.59523	0 15.3915 0.774679
0.185791 3.32263 3.62379	0 11.4123 0.798991
0.186035 3.73756 3.65117	0 12.796 0.827366
0.186279 3.49609 3.67617	0 18.5869 0.854338
0.186523 4.07987 3.69787	0 13.5908 0.873934
0.186768 3.8335 3.71572	0 11.6787 0.881727
0.187012 3.98786 3.7295	0 13.2983 0.876591
0.187256 3.72375 3.73935	0 14.8923 0.86139
0.1875 3.69388 3.74564	0 15.9999 0.842288
0.187744 3.72823 3.74898	0 12.0657 0.826942
0.187988 3.18744 3.75009	0 9.87826 0.822255
0.188232 4.19306 3.74976	0 13.4547 0.832473
0.188477 4.21154 3.74881	0 20.8338 0.858127
0.188721 3.49119 3.748	0 13.0376 0.89597
0.188965 3.77 3.74795	0 11.0268 0.939764
0.189209 3.87372 3.7491	0 25.7097 0.981637
0.189453 3.1849 3.75161	0 10.49 1.01376
0.189697 3.48942 3.75533	0 13.4325 1.03005
0.189941 4.19201 3.75985	0 17.9978 1.02758
0.190186 3.30612 3.76455	0 10.3774 1.00718
0.19043 4.15914 3.76874	0 16.3524 0.973128
0.190674 3.92717 3.77185	0 13.5085 0.931789
0.190918 4.38848 3.77351	0 15.3669 0.889756
0.191162 3.35312 3.77368	0 11.9816 0.851986
0.191406 3.6479 3.77259	0 12.1536 0.820665
0.19165 3.60764 3.77072	0 15.1067 0.795188
0.191895 3.88725 3.76867	0 12.3287 0.773261
0.192139 4.0676 3.76702	0 13.2339 0.75262
0.192383 3.32107 3.76628	0 9.22027 0.732521
0.192627 3.74629 3.76677	0 12.1362 0.714208
0.192871 3.95789 3.7687	0 11.4404 0.700086
0.193115 3.25182 3.7721	0 8.71909 0.692069
0.193359 4.1564 3.77696	0 13.9237 0.690082
0.193604 3.90522 3.78316	0 14.8351 0.691674
0.193848 4.27942 3.79049	0 20.8991 0.693002
0.194092 3.35392 3.79859	0 11.949 0.690653
0.194336 3.22207 3.80695	0 9.58783 0.683292
0.19458 3.65008 3.81481	0 12.3869 0.67228
0.194824 4.38892 3.82129	0 16.3654 0.661019
0.195068 3.82326 3.82548	0 10.2886 0.65343
0.195312 3.53049 3.82659	0 13.0527 0.652278
0.195557 4.31276 3.82418	0 18.3542 0.658035
0.195801 4.50295 3.81832	0 13.5993 0.668691
0.196045 3.43185 3.80959	0 10.5543 0.680533
0.196289 3.92336 3.79908	0 15.095 0.689608
0.196533 3.66535 3.78816	0 14.6339 0.693265
0.196777 3.75611 3.77824	0 10.2683 0.691115
0.197021 3.49768 3.77048	0 9.47322 0.684957
0.197266 3.38931 3.76555	0 17.2072 0.677728
0.19751 3.71053 3.76354	0 9.33991 0.672037
0.197754 3.72761 3.76398	0 11.3862 0.669081
0.197998 3.87281 3.76598	0 13.5001 0.668477
0.198242 3.53478 3.76852	0 10.5549 0.668976
0.198486 4.58421 3.77065	0 16.6697 0.669493
0.19873 3.58283 3.77173	0 13.5476 0.669784
0.198975 4.29909 3.77155	0 19.349 0.670442
0.199219 3.35589 3.77029	0 10.7447 0.672335
0.199463 3.56635 3.76844	0 8.73206 0.675935
0.199707 3.30812 3.76661	0 10.9718 0.680913
0.199951 4.29141 3.76531	0 18.0859 0.686137
0.200195 3.85607 3.76485	0 17.7341 0.689934
0.200439 3.57147 3.76524	0 15.7781 0.690465
0.200684 3.46622 3.76614	0 9.08706 0.686101
0.200928 3.53256 3.76699	0 11.3262 0.67581
0.201172 4.34082 3.76709	0 17.3905 0.65955
0.201416 4.01413 3.76577	0 12.7185 0.638565
0.20166 3.75953 3.76249	0 9.69442 0.615439
0.201904 3.59344 3.75699	0 13.3851 0.593779
0.202148 3.43521 3.74935	0 10.1304 0.577525
0.202393 3.72099 3.74003	0 13.2164 0.57003
0.202637 4.66748 3.72978	0 20.6632 0.57316
0.202881 3.81847 3.71964	0 12.7689 0.586736
0.203125 3.11398 3.71067	0 9.64672 0.608606
0.203369 3.51526 3.7039	0 17.6722 0.635518
0.203613 3.35438 3.70007	0 9.81406 0.664575
0.203857 3.84351 3.69951	0 18.3515 0.694643
0.204102 3.53709 3.7021	0 8.42053 0.726892
0.204346 4.15138 3.70725	0 17.3081 0.763897
0.20459 3.48657 3.714	0 10.1522 0.807573
0.204834 3.12736 3.72123	0 9.27681 0.85698
0.205078 3.9749 3.72779	0 13.4062 0.907366
0.205322 4.27413 3.73276	0 18.9991 0.951152
0.205566 3.87821 3.73562	0 20.0332 0.980521
0.205811 4.03347 3.73628	0 14.7622 0.990303
0.206055 3.45951 3.73514	0 10.8928 0.979779
0.206299 3.51571 3.73296	0 11.6322 0.952663
0.206543 3.76045 3.73073	0 11.0077 0.915533
0.206787 3.51353 3.72946	0 11.534 0.875619
0.207031 4.01945 3.72999	0 13.8116 0.83894
0.207275 3.85255 3.73288	0 16.0944 0.809339
0.20752 3.34247 3.73822	0 10.7621 0.78846
0.207764 3.33576 3.7457	0 9.40703 0.776295
0.208008 3.97728 3.75459	0 10.4102 0.771893
0.208252 3.44541 3.76393	0 10.8018 0.773872
0.208496 4.40134 3.77261	0 18.0055 0.780673
0.20874 3.85324 3.77966	0 14.7306 0.790625
0.208984 4.02377 3.78433	0 21.5412 0.801986
0.209229 3.207 3.78627	0 7.24822 0.813113
0.209473 4.31316 3.78556	0 19.3888 0.822739
0.209717 3.54136 3.78272	0 11.012 0.830312
0.209961 4.30901 3.7786	0 15.2534 0.836196
0.210205 3.6026 3.77421	0 11.675 0.841578
0.210449 3.32804 3.77058	0 13.1409 0.848019
0.210693 3.91016 3.76853	0 16.6173 0.856765
0.210938 3.81009 3.76856	0 13.6099 0.868081
0.211182 3.36011 3.77076	0 11.5415 0.880929
0.211426 3.68401 3.77482	0 10.2411 0.893151
0.21167 3.84391 3.78013	0 13.0942 0.902094
0.211914 3.92525 3.78592	0 12.8528 0.905401
0.212158 3.95611 3.79151	0 16.481 0.901704
0.212402 3.95334 3.79642	0 13.035 0.891074
0.212646 3.50764 3.80054	0 11.4997 0.875233
0.212891 4.31518 3.80414	0 20.1994 0.857549
0.213135 3.74883 3.80776	0 11.1166 0.842673
0.213379 3.70455 3.81211	0 9.30407 0.835652
0.213623 3.63513 3.81778	0 14.1091 0.840486
0.213867 3.45735 3.8251	0 10.4377 0.858558
0.214111 3.89915 3.83394	0 11.651 0.887708
0.214355 3.71696 3.84368	0 14.253 0.922605
0.2146 3.86304 3.85331	0 16.1238 0.956437
0.214844 3.93727 3.86154	0 13.0853 0.983134
0.215088 4.13981 3.86707	0 18.0077 0.999016
0.215332 3.97327 3.8688	0 11.2841 1.00314
0.215576 3.88426 3.866	0 15.2703 0.996511
0.21582 4.40468 3.85841	0 24.4486 0.980977
0.216064 4.07031 3.84622	0 17.6603 0.958642
0.216309 3.34403 3.82999	0 10.6468 0.932014
0.216553 3.68051 3.81053	0 12.8319 0.904441
0.216797 3.3662 3.78881	0 9.03539 0.880156
0.217041 4.21003 3.76583	0 15.7018 0.86354
0.217285 3.89222 3.7426	0 11.2095 0.857787
0.217529 4.22186 3.72016	0 15.7016 0.86355
0.217773 3.39811 3.69952	0 14.1579 0.878239
0.218018 3.03738 3.6817	0 8.60056 0.896386
0.218262 3.98993 3.66767	0 11.3235 0.911086
0.218506 3.54615 3.65826	0 15.4565 0.916084
0.21875 3.62594 3.65417	0 10.5661 0.907761
0.218994 3.3868 3.65585	0 11.9061 0.886272
0.219238 3.33704 3.66352	0 8.80677 0.855393
0.219482 3.61532 3.67719	0 12.4883 0.821172
0.219727 4.06945 3.69665	0 19.4206 0.789974
0.219971 3.75604 3.72151	0 15.1477 0.766653
0.220215 3.72125 3.75119	0 11.2652 0.753471
0.220459 3.54111 3.78493	0 9.30395 0.749953
0.220703 3.40261 3.82177	0 11.5242 0.753556
0.220947 3.70946 3.86055	0 10.8344 0.760777
0.221191 4.0412 3.89995	0 18.1617 0.768304
0.221436 3.83193 3.93858	0 16.5957 0.773857
0.22168 5.14492 3.97504	0 23.9263 0.776583
0.221924 3.45656 4.00801	0 12.7388 0.777012
0.222168 4.18023 4.03631	0 16.492 0.776789
0.222412 3.98258 4.05899	0 12.7843 0.778314
0.222656 4.08207 4.07531	0 18.117 0.784335
0.2229 4.06284 4.0848	0 17.1545 0.79734
0.223145 4.08945 4.08732	0 11.881 0.818696
0.223389 4.682 4.08309	0 18.8881 0.847705
0.223633 4.25359 4.0727	0 20.3886 0.8811
0.223877 4.15607 4.0571	0 17.4537 0.913543
0.224121 4.08735 4.03751	0 15.6497 0.939247
0.224365 4.08677 4.01527	0 18.8831 0.954207
0.224609 3.46895 3.99163	0 9.76682 0.95797
0.224854 4.36009 3.9676	0 21.1035 0.954016
0.225098 3.12653 3.94386	0 7.47456 0.948375
0.225342 3.97218 3.92075	0 12.9747 0.947088
0.225586 3.89973 3.89842	0 12.6079 0.953668
0.22583 4.37537 3.87701	0 18.0996 0.967731
0.226074 4.07583 3.85686	0 20.5528 0.985301
0.226318 4.27223 3.8386	0 19.6421 1.00051
0.226562 3.42523 3.82319	0 10.789 1.00774
0.226807 3.19479 3.81176	0 11.9352 1.00344
0.227051 4.11131 3.80537	0 17.4701 0.986915
0.227295 3.54786 3.80467	0 11.0513 0.960453
0.227539 3.31815 3.80971	0 12.5347 0.928636
0.227783 3.68663 3.81974	0 13.0486 0.897231
0.228027 3.83163 3.83324	0 14.0734 0.871638
0.228271 3.87432 3.84812	0 12.0254 0.85518
0.228516 3.6238 3.86208	0 13.801 0.847774
0.22876 4.60468 3.87293	0 16.1034 0.845658
0.229004 4.23175 3.87905	0 16.8085 0.842514
0.229248 3.89271 3.87958	0 12.1392 0.831688
0.229492 4.13048 3.87459	0 18.09 0.808612
0.229736 3.86803 3.86498	0 13.5018 0.772379
0.22998 4.09418 3.8523	0 14.5418 0.725892
0.230225 3.43582 3.83841	0 10.077 0.674717
0.230469 3.57205 3.8252	0 13.4513 0.625315
0.230713 3.50494 3.81427	0 10.7366 0.583478
0.230957 3.90984 3.80682	0 12.0404 0.553426
0.231201 3.63457 3.80353	0 11.7947 0.537634
0.231445 4.01338 3.80464	0 17.4357 0.537077
0.231689 3.97552 3.81003	0 13.8466 0.551555
0.231934 3.37007 3.81932	0 11.4187 0.579816
0.232178 4.13704 3.83199	0 13.0591 0.619465
0.232422 3.62693 3.8474	0 11.6963 0.66682
0.232666 3.96139 3.86485	0 11.7764 0.717027
0.23291 3.65563 3.88363	0 13.3134 0.764639
0.233154 3.58392 3.90309	0 13.0193 0.804675
0.233398 3.76719 3.9227	0 13.0946 0.833842
0.233643 4.82675 3.94212	0 21.5759 0.851413
0.233887 4.06992 3.96126	0 13.5735 0.859335
0.234131 4.19695 3.98023	0 18.5139 0.861445
0.234375 3.88606 3.99928	0 12.0666 0.862097
0.234619 3.31451 4.01857	0 9.90271 0.864789
0.234863 3.76818 4.03808	0 14.6011 0.871319
0.235107 4.43372 4.05741	0 20.9616 0.881732
0.235352 3.79607 4.07577	0 13.3484 0.894898
0.235596 4.20878 4.09206	0 15.3525 0.909336
0.23584 4.56368 4.105	0 21.3467 0.92389
0.236084 4.07573 4.11338	0 14.9116 0.938041
0.236328 4.39554 4.11632	0 13.7418 0.951882
0.236572 3.98046 4.1134	0 15.928 0.965843
0.236816 4.62456 4.10484	0 18.2919 0.980299
0.237061 3.75011 4.09145	0 12.4116 0.995137
0.237305 4.52206 4.07453	0 14.321 1.00947
0.237549 3.87672 4.05567	0 10.4842 1.02167
0.237793 3.98015 4.03657	0 13.9332 1.02979
0.238037 3.78936 4.01869	0 14.2752 1.03223
0.238281 3.98354 4.00317	0 16.8584 1.02824
0.238525 3.71507 3.99062	0 13.4419 1.01819
0.23877 4.265 3.98113	0 23.6282 1.00345
0.239014 3.46438 3.97437	0 15.6147 0.986251
0.239258 3.75331 3.96979	0 12.3703 0.969401
0.239502 4.16883 3.96682	0 19.0114 0.955988
0.239746 4.70977 3.96511	0 14.3765 0.948776
0.23999 3.97065 3.96467	0 10.5054 0.949471
0.240234 3.92088 3.96591	0 16.313 0.958142
0.240479 3.86646 3.96953	0 16.8726 0.97316
0.240723 3.64829 3.97635	0 16.0218 0.99176
0.240967 3.70511 3.98701	0 10.3844 1.01096
0.241211 4.11119 4.00176	0 26.2831 1.02846
0.241455 3.32798 4.02029	0 7.98777 1.04313
0.241699 4.4327 4.04167	0 24.2308 1.05501
0.241943 3.89997 4.06438	0 13.3995 1.0647
0.242188 4.60742 4.08651	0 17.0522 1.07254
0.242432 3.85288 4.10598	0 12.8359 1.07772
0.242676 4.59947 4.12073	0 16.4431 1.0778
0.24292 3.86176 4.12903	0 16.3935 1.06892
0.243164 3.99707 4.12959	0 17.2365 1.04685
0.243408 4.86574 4.1218	0 32.2556 1.00862
0.243652 4.27701 4.10572	0 12.2107 0.953977
0.243896 3.99896 4.08222	0 13.7306 0.88632
0.244141 4.15136 4.05282	0 18.0264 0.812449
0.244385 4.67924 4.01967	0 22.6145 0.741362
0.244629 3.72771 3.98533	0 11.4509 0.682381
0.244873 3.2445 3.95254	0 12.2295 0.643193
0.245117 3.83664 3.92398	0 12.4379 0.628346
0.245361 3.906 3.90199	0 15.0364 0.638532
0.245605 4.06642 3.88832	0 15.6793 0.670714
0.24585 3.64019 3.88401	0 10.7231 0.718908
0.246094 3.51931 3.88921	0 12.4876 0.775363
0.246338 3.46467 3.90322	0 11.9054 0.831926
0.246582 3.7632 3.92457	0 15.2283 0.881504
0.246826 3.74301 3.95118	0 12.7413 0.919438
0.24707 4.20885 3.98066	0 14.8354 0.944489
0.247314 4.48099 4.01052	0 18.3303 0.958979
0.247559 4.15178 4.03849	0 13.2504 0.967818
0.247803 4.32157 4.06266	0 16.9125 0.976589
0.248047 4.17532 4.08162	0 17.7688 0.989395
0.248291 3.66378 4.09444	0 14.448 1.00737
0.248535 4.23048 4.10066	0 18.3273 1.02848
0.248779 4.53156 4.10019	0 16.5381 1.04865
0.249023 3.93567 4.0932	0 17.6891 1.06345
0.249268 4.4447 4.08014	0 17.9866 1.0697
0.249512 3.64769 4.06163	0 13.7767 1.06616
0.249756 4.56996 4.03853	0 20.98 1.05354
0.25 3.82139 4.01186	0 10.9933 1.03385
0.250244 4.55313 3.98277	0 13.2453 1.00978
0.250488 3.71759 3.95249	0 12.178 0.984065
0.250732 3.55244 3.92217	0 11.3265 0.958997
0.250977 3.59906 3.89281	0 12.4079 0.936116
0.251221 4.02159 3.86519	0 13.9925 0.916215
0.251465 3.95447 3.83977	0 15.7806 0.899777
0.251709 3.66977 3.81672	0 9.81161 0.887679
0.251953 4.08048 3.79602	0 21.7768 0.881642
0.252197 3.34954 3.77748	0 10.1189 0.88395
0.252441 3.80107 3.76093	0 11.6758 0.896373
0.252686 3.53445 3.74628	0 11.4976 0.918817
0.25293 4.50754 3.7336	0 19.3749 0.948563
0.253174 3.23135 3.72319	0 6.54678 0.980644
0.253418 3.42014 3.71552	0 13.3346 1.00929
0.253662 4.18433 3.71116	0 22.5466 1.02973
0.253906 3.7757 3.7106	0 12.9265 1.0395
0.25415 3.18334 3.71414	0 10.2558 1.03883
0.254395 3.66721 3.72168	0 13.4479 1.03016
0.254639 3.4313 3.73268	0 12.9856 1.01726
0.254883 3.66956 3.74615	0 13.057 1.00413
0.255127 3.76353 3.76081	0 15.5005 0.99403
0.255371 3.78016 3.77529	0 14.0936 0.988494
0.255615 3.94708 3.78839	0 12.3868 0.986756
0.255859 4.63238 3.79935	0 21.256 0.985913
0.256104 3.76617 3.808	0 12.8948 0.982097
0.256348 3.47316 3.8148	0 12.443 0.972365
0.256592 4.12793 3.82069	0 18.0804 0.956436
0.256836 3.7727 3.82689	0 10.5176 0.937251
0.25708 3.53756 3.83453	0 15.1353 0.919855
0.257324 3.41463 3.84444	0 16.2108 0.909035
0.257568 3.60405 3.85687	0 12.8036 0.906949
0.257812 4.15071 3.87147	0 13.2628 0.912051
0.258057 3.75265 3.8873	0 15.3493 0.919921
0.258301 4.13176 3.90307	0 17.2162 0.925517
0.258545 4.10502 3.9173	0 15.9928 0.925604
0.258789 4.0007 3.92865	0 12.7608 0.920087
0.259033 3.78943 3.93607	0 20.0242 0.911672
0.259277 4.24615 3.93897	0 16.2966 0.904231
0.259521 3.96382 3.93726	0 18.4979 0.900822
0.259766 4.3607 3.93129	0 24.8888 0.90233
0.26001 3.97409 3.92177	0 15.3075 0.907234
0.260254 3.18272 3.90968	0 10.7729 0.912457
0.260498 4.02984 3.8961	0 13.6954 0.914807
0.260742 3.87246 3.88214	0 13.5752 0.912426
0.260986 4.20104 3.86881	0 17.7368 0.905673
0.26123 4.35724 3.85698	0 17.3253 0.897076
0.261475 2.92162 3.84724	0 8.20327 0.890293
0.261719 3.88584 3.83992	0 12.5488 0.888465
0.261963 3.70015 3.83497	0 10.7071 0.892715
0.262207 3.94367 3.832	0 15.0561 0.901551
0.262451 3.70661 3.83033	0 12.5472 0.91154
0.262695 3.97727 3.82909	0 21.2542 0.918873
0.262939 3.504 3.82742	0 15.8612 0.920952
0.263184 4.05744 3.82463	0 13.2433 0.917184
0.263428 4.09276 3.82041	0 12.7386 0.908763
0.263672 3.98697 3.81489	0 17.0595 0.897899
0.263916 4.32771 3.80866	0 25.5271 0.887177
0.26416 3.3262 3.80267	0 8.37848 0.87941
0.264404 3.61261 3.79806	0 10.8992 0.877855
0.264648 3.28682 3.79591	0 7.59541 0.886276
0.264893 4.11599 3.79702	0 19.8659 0.908428
0.265137 3.50745 3.80181	0 10.3945 0.946864
0.265381 3.6486 3.81021	0 12.4631 1.0014
0.265625 4.1912 3.82175	0 14.915 1.06789
0.265869 3.34629 3.83563	0 11.3067 1.13807
0.266113 4.20776 3.85088	0 19.7196 1.20086
0.266357 4.19049 3.86652	0 13.3864 1.24506
0.266602 3.87367 3.88164	0 17.4351 1.26259
0.266846 3.12762 3.89554	0 8.87249 1.25105
0.26709 4.43603 3.9077	0 22.7906 1.21461
0.267334 4.08115 3.9178	0 18.6424 1.1628
0.267578 3.73332 3.9257	0 13.9074 1.10771
0.267822 4.21155 3.93142	0 20.9628 1.06056
0.268066 4.19236 3.93505	0 13.6241 1.02879
0.268311 3.49898 3.93673	0 9.57443 1.01452
0.268555 4.05141 3.93667	0 12.0523 1.01462
0.268799 3.70776 3.93508	0 14.5675 1.02206
0.269043 3.93689 3.93222	0 17.8407 1.02817
0.269287 4.277 3.92836	0 16.1753 1.02493
0.269531 4.0567 3.92384	0 15.5112 1.00672
0.269775 3.90587 3.91903	0 14.7467 0.971352
0.27002 4.19874 3.91427	0 16.6232 0.920189
0.270264 3.17017 3.90983	0 9.61881 0.857689
0.270508 3.62857 3.90584	0 10.7941 0.790536
0.270752 4.46547 3.90228	0 19.0854 0.726483
0.270996 3.64791 3.8989	0 13.8392 0.67297
0.27124 4.34057 3.89535	0 19.5587 0.63569
0.271484 3.3693 3.89123	0 9.01255 0.617484
0.271729 4.11163 3.88615	0 13.7779 0.61801
0.271973 4.24054 3.87993	0 14.1957 0.634374
0.272217 3.62416 3.8726	0 12.6447 0.662454
0.272461 3.62305 3.86446	0 14.8421 0.698226
0.272705 4.27748 3.85601	0 14.903 0.738454
0.272949 4.01978 3.84791	0 14.6927 0.780479
0.273193 3.86404 3.84074	0 13.9271 0.821519
0.273438 3.33788 3.83491	0 10.1212 0.858104
0.273682 3.55994 3.83052	0 10.7532 0.886235
0.273926 4.13013 3.8273	0 25.2772 0.902248
0.27417 3.39125 3.82468	0 8.94396 0.903965
0.274414 3.58853 3.82191	0 11.2842 0.891547
0.274658 4.30081 3.81831	0 15.1222 0.867712
0.274902 4.43318 3.81341	0 16.1949 0.837252
0.275146 3.95183 3.80713	0 14.8491 0.806055
0.275391 3.94898 3.79975	0 15.195 0.779848
0.275635 3.32216 3.79185	0 8.14222 0.762962
0.275879 3.70106 3.7841	0 16.8019 0.757429
0.276123 3.42741 3.77708	0 12.2586 0.762736
0.276367 3.34862 3.77116	0 9.09147 0.776356
0.276611 3.9367 3.76639	0 12.4777 0.79483
0.276855 4.10315 3.76259	0 16.0715 0.814956
0.2771 4.15498 3.75948	0 13.1798 0.834566
0.277344 3.67763 3.7568	0 11.8468 0.852648
0.277588 4.00727 3.75444	0 15.939 0.868888
0.277832 3.22333 3.75248	0 10.6569 0.882988
0.278076 3.50879 3.75117	0 14.3262 0.894157
0.27832 4.15846 3.75085	0 14.9742 0.901033
0.278564 3.44123 3.75181	0 15.2044 0.902029
0.278809 3.66173 3.75426	0 12.0258 0.895928
0.279053 4.08809 3.75815	0 15.6025 0.882458
0.279297 3.69075 3.76323	0 15.2043 0.862614
0.279541 3.71588 3.76897	0 11.3322 0.838589
0.279785 3.81062 3.77463	0 17.2784 0.813302
0.280029 3.26012 3.77932	0 8.83072 0.789666
0.280273 4.0171 3.7821	0 16.4297 0.769827
0.280518 4.14531 3.78213	0 13.7379 0.754725
0.280762 3.73593 3.77884	0 15.1391 0.744185
0.281006 3.89259 3.77212	0 13.7683 0.73751
0.28125 4.02051 3.76237	0 15.1411 0.734243
0.281494 3.92452 3.7506	0 16.0796 0.734624
0.281738 3.65295 3.73837	0 9.28097 0.739386
0.281982 3.57247 3.7276	0 8.82419 0.748955
0.282227 3.46889 3.72025	0 11.9645 0.762533
0.282471 4.22454 3.71808	0 21.766 0.777694
0.282715 2.92233 3.72222	0 7.5422 0.790886
0.282959 3.51303 3.73297	0 13.1909 0.798753
0.283203 3.45593 3.74959	0 9.09424 0.799707
0.283447 3.80458 3.77042	0 11.7522 0.795047
0.283691 3.42938 3.79304	0 14.0145 0.789109
0.283936 3.77747 3.81467	0 12.4641 0.788231
0.28418 4.88572 3.83262	0 27.6017 0.79877
0.284424 3.89801 3.84474	0 12.6563 0.824731
0.284668 3.88755 3.84977	0 8.91784 0.865823
0.284912 4.72422 3.84749	0 19.5888 0.916806
0.285156 3.65086 3.83871	0 14.0281 0.968585
0.2854 3.92194 3.82498	0 22.5074 1.01081
0.285645 3.16827 3.80832	0 12.3526 1.035
0.285889 3.70213 3.79078	0 11.0725 1.03701
0.286133 3.85963 3.77413	0 11.2042 1.01783
0.286377 3.04265 3.75965	0 7.12056 0.982879
0.286621 4.49033 3.74805	0 21.7556 0.940175
0.286865 3.78695 3.73951	0 13.0219 0.898324
0.287109 3.46075 3.73382	0 12.5172 0.864764
0.287354 3.64217 3.73048	0 19.749 0.844425
0.287598 3.93531 3.7289	0 16.4943 0.838838
0.287842 3.45732 3.72845	0 12.1706 0.845834
0.288086 3.63599 3.72853	0 8.62875 0.86002
0.28833 4.19964 3.72861	0 17.8181 0.874114
0.288574 3.64039 3.72823	0 13.4485 0.880819
0.288818 3.54719 3.72703	0 8.36258 0.874735
0.289062 3.43414 3.72479	0 9.30047 0.853782
0.289307 3.97946 3.7214	0 18.5115 0.819821
0.289551 4.35315 3.71697	0 28.501 0.77835
0.289795 3.30733 3.71173	0 9.0256 0.737282
0.290039 3.83567 3.70609	0 14.2986 0.704976
0.290283 3.62822 3.70058	0 9.83824 0.688012
0.290527 3.16624 3.69574	0 9.11463 0.689459
0.290771 4.15944 3.69211	0 15.046 0.708378
0.291016 3.57123 3.69017	0 9.31922 0.740762
0.29126 3.69954 3.69022	0 15.0981 0.781382
0.291504 3.44567 3.69242	0 11.4866 0.825491
0.291748 4.05083 3.6967	0 12.2901 0.869579
0.291992 3.52449 3.70279	0 8.41513 0.911027
0.292236 3.47453 3.71018	0 9.3686 0.947334
0.29248 3.75252 3.71822	0 12.7288 0.975759
0.292725 3.47671 3.72613	0 10.9679 0.993785
0.292969 3.7096 3.73312	0 19.5317 1.00012
0.293213 4.48126 3.7385	0 23.1235 0.995435
0.293457 3.87472 3.74175	0 16.4475 0.982254
0.293701 3.49921 3.7426	0 13.1879 0.963849
0.293945 3.85478 3.7411	0 12.1071 0.942771
0.294189 3.34225 3.73758	0 9.97877 0.919783
0.294434 3.9303 3.73266	0 10.5896 0.89377
0.294678 3.61126 3.72717	0 12.0994 0.862649
0.294922 3.90377 3.72209	0 10.9657 0.824799
0.295166 4.25187 3.71843	0 17.8098 0.780317
0.29541 3.49478 3.71708	0 10.7786 0.731544
0.295654 3.32934 3.71868	0 12.8771 0.682743
0.295898 3.38148 3.72348	0 12.3372 0.639165
0.296143 3.34214 3.73131	0 8.13398 0.605925
0.296387 3.94449 3.74158	0 15.1885 0.58706
0.296631 3.99139 3.75342	0 14.6919 0.584911
0.296875 3.69271 3.76583	0 11.6173 0.599747
0.297119 3.55951 3.77792	0 9.9055 0.629533
0.297363 4.67029 3.78905	0 22.3011 0.669882
0.297607 3.9903 3.79892	0 15.0258 0.714409
0.297852 3.66581 3.80749	0 15.5233 0.755707
0.298096 3.35009 3.81491	0 8.55573 0.786951
0.29834 3.43967 3.82127	0 18.4583 0.803728
0.298584 3.55655 3.82649	0 10.698 0.80542
0.298828 4.6444 3.83016	0 18.9158 0.795491
0.299072 4.03466 3.83157	0 15.1959 0.780384
0.299316 3.24951 3.82978	0 10.9717 0.767332
0.299561 4.12638 3.82383	0 11.334 0.761922
0.299805 3.81367 3.81289	0 14.935 0.766351
0.300049 4.03485 3.79653	0 22.9577 0.779033
0.300293 4.16821 3.77479	0 12.3119 0.795534
0.300537 4.02618 3.74828	0 13.8494 0.810273
0.300781 3.41429 3.71817	0 9.24359 0.818227
0.301025 3.67666 3.68606	0 7.4519 0.816121
0.30127 3.54827 3.6539	0 12.9118 0.802984
0.301514 3.52147 3.62373	0 18.5422 0.7802
0.301758 3.5725 3.59759	0 11.1752 0.751199
0.302002 3.63929 3.57724	0 16.3812 0.72081
0.302246 3.21525 3.56406	0 9.61297 0.694308
0.30249 3.6019 3.55887	0 13.0098 0.676317
0.302734 3.4889 3.5618	0 10.1069 0.6699
0.302979 2.96291 3.57226	0 9.67721 0.676131
0.303223 3.28332 3.58899	0 9.69505 0.694236
0.303467 3.64701 3.61013	0 10.7778 0.722065
0.303711 3.90074 3.63348	0 19.0787 0.756556
0.303955 3.81068 3.65674	0 13.5958 0.79398
0.304199 3.5723 3.67786	0 8.79792 0.830099
0.304443 4.39262 3.69523	0 19.3262 0.860545
0.304688 3.53628 3.70789	0 11.3933 0.881609
0.304932 3.83508 3.71558	0 12.1561 0.891254
0.305176 3.83618 3.71865	0 14.2656 0.889841
0.30542 3.89068 3.71791	0 9.93905 0.880059
0.305664 3.70334 3.7144	0 7.98844 0.865959
0.305908 3.07454 3.7092	0 9.59642 0.851531
0.306152 3.88948 3.70322	0 13.5717 0.839529
0.306396 3.55292 3.69714	0 11.5174 0.831088
0.306641 3.85958 3.69142	0 20.1137 0.826208
0.306885 3.70166 3.68628	0 10.2927 0.824674
0.307129 4.18058 3.68186	0 15.2431 0.826798
0.307373 3.30409 3.67822	0 14.314 0.833559
0.307617 3.60439 3.67537	0 15.2008 0.846072
0.307861 3.67986 3.67336	0 13.4514 0.864758
0.308105 3.30918 3.67217	0 7.69813 0.888732
0.30835 3.78511 3.67175	0 12.9128 0.915758
0.308594 3.84364 3.67201	0 20.7502 0.942814
0.308838 3.98093 3.6728	0 11.4561 0.966936
0.309082 3.26948 3.67395	0 10.0161 0.985925
0.309326 3.73113 3.67526	0 16.5536 0.99864
0.30957 3.5629 3.67649	0 14.8129 1.00485
0.309814 4.31948 3.67739	0 15.53 1.00492
0.310059 3.06693 3.67768	0 8.45057 0.999584
0.310303 3.3598 3.67707	0 10.5896 0.989965
0.310547 4.36688 3.67528	0 13.1944 0.977755
0.310791 3.38093 3.67212	0 13.0537 0.96528
0.311035 3.49364 3.66757	0 13.994 0.955229
0.311279 4.32179 3.66182	0 18.8016 0.950046
0.311523 3.50625 3.6553	0 8.73285 0.951248
0.311768 3.8773 3.64868	0 14.2447 0.959036
0.312012 3.59862 3.64279	0 23.0187 0.972373
0.312256 2.6323 3.6385	0 4.49061 0.989398
0.3125 4.1907 3.63663	0 17.8859 1.00789
0.312744 3.49032 3.63784	0 13.6418 1.02559
0.312988 3.94546 3.64253	0 13.2388 1.04047
0.313232 3.20124 3.65081	0 8.6505 1.05108
0.313477 3.86749 3.66248	0 18.4067 1.05703
0.313721 3.39449 3.67708	0 12.4722 1.05937
0.313965 3.45352 3.69386	0 16.7564 1.06033
0.314209 3.94394 3.7119	0 12.3958 1.06239
0.314453 4.06826 3.73015	0 14.6982 1.06689
0.314697 3.51607 3.74752	0 12.694 1.07292
0.314941 3.63568 3.76294	0 12.5382 1.07716
0.315186 3.87608 3.77551	0 10.052 1.07497
0.31543 3.70053 3.78451	0 21.6155 1.0623
0.315674 4.63896 3.7895	0 22.392 1.03748
0.315918 3.49521 3.79032	0 10.5854 1.0023
0.316162 3.82802 3.78708	0 20.753 0.961726
0.316406 3.63267 3.78009	0 10.9882 0.922676
0.31665 3.82426 3.76982	0 14.517 0.892137
0.316895 3.89035 3.75681	0 14.0114 0.875337
0.317139 3.83191 3.74164	0 12.1491 0.874394
0.317383 3.62028 3.72488	0 14.134 0.887854
0.317627 3.54896 3.70714	0 9.29888 0.911251
0.317871 3.65255 3.6891	0 11.6691 0.938586
0.318115 4.05591 3.67152	0 15.9708 0.964216
0.318359 3.6342 3.65527	0 13.5734 0.984414
0.318604 3.58909 3.64129	0 8.00772 0.997948
0.318848 3.62729 3.63048	0 9.67692 1.00552
0.319092 3.13162 3.62358	0 10.6842 1.00853
0.319336 4.03133 3.62099	0 15.4206 1.00798
0.31958 2.91025 3.62266	0 11.0358 1.00416
0.319824 3.70829 3.62798	0 23.3381 0.997019
0.320068 3.60714 3.63584	0 16.9074 0.986836
0.320312 3.64917 3.64468	0 11.6479 0.974438
0.320557 3.65723 3.65279	0 9.60074 0.960841
0.320801 3.88202 3.65854	0 12.8967 0.946652
0.321045 3.46278 3.6607	0 13.4379 0.93179
0.321289 4.10739 3.6587	0 20.2092 0.915802
0.321533 4.29514 3.6527	0 14.215 0.89852
0.321777 3.68427 3.64368	0 15.6753 0.880538
0.322021 3.46085 3.63319	0 9.29 0.863118
0.322266 3.48684 3.62315	0 14.0372 0.8476
0.32251 3.10821 3.6155	0 8.70089 0.834754
0.322754 3.18521 3.61187	0 8.75904 0.824535
0.322998 3.86878 3.61339	0 22.6138 0.816369
0.323242 3.80913 3.62051	0 13.2865 0.809757
0.323486 3.136 3.63299	0 11.8773 0.804768
0.32373 3.62236 3.65	0 10.6715 0.802192
0.323975 3.89689 3.67027	0 16.2273 0.803269
0.324219 3.76934 3.69223	0 13.1828 0.809149
0.324463 3.35122 3.71423	0 8.0443 0.820276
0.324707 3.87574 3.73465	0 12.4038 0.835907
0.324951 3.95327 3.75203	0 15.2509 0.853979
0.325195 3.89939 3.76517	0 16.3802 0.871434
0.325439 4.15997 3.7732	0 16.617 0.884967
0.325684 3.60431 3.7756	0 18.3886 0.89191
0.325928 3.57166 3.7723	0 13.9631 0.890918
0.326172 3.97021 3.76366	0 10.6518 0.88216
0.326416 3.97147 3.75054	0 15.4616 0.867046
0.32666 3.94057 3.73418	0 14.046 0.84773
0.326904 3.68531 3.71616	0 14.5796 0.82671
0.327148 3.9277 3.69818	0 13.3287 0.806665
0.327393 3.4043 3.68188	0 9.84041 0.790431
0.327637 3.59136 3.66859	0 13.0356 0.780877
0.327881 3.16563 3.65909	0 9.94343 0.780487
0.328125 3.22334 3.65355	0 9.70457 0.790655
0.328369 3.71826 3.65147	0 12.2827 0.81098
0.328613 3.83755 3.65184	0 20.464 0.838897
0.328857 3.59215 3.65332	0 12.2269 0.869928
0.329102 4.04084 3.65454	0 19.336 0.898571
0.329346 3.95614 3.65427	0 12.3972 0.919563
0.32959 3.7739 3.65162	0 18.4182 0.929123
0.329834 3.55505 3.64609	0 14.0822 0.925785
0.330078 3.37996 3.63759	0 10.4897 0.91062
0.330322 3.37243 3.6264	0 10.4047 0.886903
0.330566 3.56825 3.61308	0 17.8438 0.859404
0.330811 4.11619 3.59844	0 13.368 0.833525
0.331055 3.56109 3.58347	0 11.3971 0.814409
0.331299 4.06504 3.5693	0 13.3018 0.806036
0.331543 3.50153 3.55707	0 10.5745 0.810381
0.331787 3.05191 3.54784	0 9.70425 0.826792
0.332031 2.88614 3.54241	0 6.17968 0.851852
0.332275 3.53278 3.54124	0 20.9456 0.879885
0.33252 3.68045 3.54434	0 11.999 0.904081
0.332764 3.42459 3.55131	0 12.8388 0.917934
0.333008 3.90215 3.56137	0 11.9768 0.916608
0.333252 3.77892 3.57351	0 13.8929 0.897904
0.333496 3.00769 3.58663	0 10.873 0.86268
0.33374 3.59519 3.59966	0 18.9237 0.814736
0.333984 3.91321 3.61167	0 18.7608 0.760225
0.334229 3.74324 3.6219	0 11.1784 0.706673
0.334473 3.70982 3.62979	0 13.1978 0.661695
0.334717 3.64973 3.63496	0 10.3552 0.631592
0.334961 3.72624 3.63716	0 11.8154 0.620099
0.335205 3.07673 3.63631	0 8.98158 0.627648
0.335449 4.06444 3.63245	0 18.1122 0.651419
0.335693 3.80009 3.62577	0 11.9481 0.686253
0.335938 3.68681 3.61665	0 15.0681 0.726152
0.336182 3.64244 3.60564	0 11.8979 0.765881
0.336426 3.82358 3.59349	0 14.9762 0.802108
0.33667 3.17734 3.5811	0 15.9746 0.833744
0.336914 3.52227 3.56947	0 8.76116 0.861488
0.337158 3.62955 3.55963	0 15.7439 0.886867
0.337402 3.32093 3.55256	0 10.923 0.911187
0.337646 3.74898 3.54908	0 15.9886 0.934717
0.337891 3.75814 3.54973	0 17.6076 0.956333
0.338135 3.01023 3.55472	0 11.8367 0.973673
0.338379 3.54229 3.56385	0 10.1683 0.9838
0.338623 3.4248 3.57648	0 10.406 0.984211
0.338867 3.41834 3.59159	0 8.49393 0.973887
0.339111 3.37698 3.60787	0 9.631 0.953994
0.339355 4.06387 3.6239	0 14.5451 0.927873
0.3396 3.98551 3.63829	0 9.50667 0.900251
0.339844 3.71446 3.64983	0 14.612 0.875844
0.340088 3.40085 3.65764	0 8.97298 0.85787
0.340332 4.22931 3.66122	0 13.3875 0.846977
0.340576 3.5762 3.66042	0 10.3299 0.84104
0.34082 3.19958 3.65543	0 8.21124 0.835923
0.341064 3.97417 3.64671	0 13.9084 0.826916
0.341309 3.55855 3.63497	0 12.4072 0.810331
0.341553 3.75787 3.62114	0 10.9743 0.784659
0.341797 3.65647 3.6063	0 11.8554 0.750961
0.342041 3.86327 3.5917	0 15.6835 0.712464
0.342285 3.50019 3.57861	0 12.4851 0.673662
0.342529 3.62031 3.5682	0 13.4066 0.63931
0.342773 3.14277 3.5614	0 9.52895 0.613656
0.343018 2.99474 3.55873	0 6.32798 0.600062
0.343262 3.56531 3.56021	0 9.27124 0.600946
0.343506 3.64501 3.56532	0 15.0092 0.617776
0.34375 3.89747 3.57309	0 15.5986 0.650828
0.343994 3.38062 3.58222	0 8.95675 0.698611
0.344238 3.55277 3.59134	0 16.2839 0.757234
0.344482 3.46607 3.59922	0 12.7462 0.820235
0.344727 4.00359 3.60492	0 14.1447 0.879307
0.344971 4.13893 3.608	0 32.8258 0.925921
0.345215 3.23868 3.60845	0 9.08066 0.953287
0.345459 3.71868 3.60673	0 18.6382 0.957856
0.345703 3.51278 3.60356	0 9.91968 0.939836
0.345947 3.3959 3.59972	0 11.7074 0.902717
0.346191 3.75295 3.59594	0 14.609 0.852185
0.346436 3.91623 3.59262	0 19.8367 0.794876
0.34668 3.10178 3.58987	0 10.9673 0.737212
0.346924 3.18265 3.58745	0 9.03793 0.684436
0.347168 3.3049 3.58489	0 5.72735 0.639973
0.347412 4.30006 3.58168	0 16.8529 0.605325
0.347656 3.94865 3.57743	0 17.038 0.580556
0.3479 3.84601 3.57203	0 15.1238 0.56517
0.348145 3.33307 3.56569	0 10.0573 0.55891
0.348389 3.45514 3.55892	0 9.07741 0.562035
0.348633 3.36913 3.55244	0 8.09061 0.574984
0.348877 3.43375 3.547	0 9.53769 0.59765
0.349121 3.50424 3.54323	0 9.72252 0.628734
0.349365 3.08026 3.54155	0 7.98248 0.665497
0.349609 4.10001 3.54213	0 14.7677 0.704025
0.349854 3.5228 3.54483	0 9.98424 0.739849
0.350098 3.72503 3.54935	0 18.4702 0.768691
0.350342 3.04705 3.55517	0 12.89 0.78709
0.350586 3.70794 3.56169	0 13.7827 0.792806
0.35083 3.7591 3.56821	0 13.659 0.785
0.351074 3.22575 3.57401	0 10.3958 0.764265
0.351318 3.81825 3.57844	0 15.191 0.732576
0.351562 3.41333 3.58103	0 14.3485 0.693125
0.351807 3.66227 3.58156	0 12.3577 0.650012
0.352051 4.02717 3.58026	0 12.2161 0.607772
0.352295 3.33744 3.57781	0 7.35086 0.570835
0.352539 4.30389 3.57538	0 16.0507 0.542999
0.352783 3.12741 3.57447	0 6.76094 0.526974
0.353027 3.50164 3.57669	0 9.86951 0.523973
0.353271 3.28468 3.58352	0 12.3618 0.533353
0.353516 3.28748 3.59596	0 8.84298 0.552493
0.35376 3.23822 3.61429	0 9.12711 0.577103
0.354004 3.59245 3.63796	0 12.01 0.602102
0.354248 4.0619 3.66554	0 12.9977 0.622885
0.354492 3.5292 3.69487	0 13.4892 0.636527
0.354736 3.3657 3.72328	0 11.0232 0.642433
0.35498 3.71909 3.74801	0 11.3375 0.642126
0.355225 4.45878 3.76654	0 16.5564 0.638286
0.355469 4.17845 3.77696	0 16.9341 0.633533
0.355713 4.23541 3.77826	0 18.3317 0.629576
0.355957 3.05168 3.77044	0 8.50642 0.627176
0.356201 4.58406 3.75455	0 26.6655 0.626855
0.356445 4.21789 3.73243	0 12.2521 0.629741
0.356689 3.3432 3.70649	0 15.4368 0.637798
0.356934 3.45578 3.67923	0 13.635 0.653038
0.357178 3.15082 3.65294	0 8.04348 0.676061
0.357422 3.7921 3.62933	0 12.2153 0.704875
0.357666 3.13733 3.60937	0 10.0781 0.73487
0.35791 3.39451 3.59328	0 11.2563 0.760171
0.358154 3.86655 3.58065	0 16.0636 0.775681
0.358398 4.00531 3.57069	0 20.8348 0.778765
0.358643 3.10489 3.56251	0 7.51145 0.769803
0.358887 3.70375 3.55541	0 14.1337 0.751602
0.359131 3.81011 3.549	0 13.138 0.728303
0.359375 3.57389 3.54332	0 15.5784 0.704459
0.359619 3.64042 3.5387	0 12.6901 0.684583
0.359863 3.27027 3.53566	0 9.94232 0.672884
0.360107 3.356 3.53469	0 10.5571 0.67274
0.360352 3.38983 3.53603	0 9.46821 0.685769
0.360596 3.32176 3.53961	0 10.573 0.710863
0.36084 3.22973 3.54493	0 9.79866 0.743909
0.361084 4.23331 3.55118	0 20.808 0.778676
0.361328 3.85359 3.55726	0 15.6931 0.808717
0.361572 3.09233 3.562	0 13.133 0.829448
0.361816 3.51756 3.56426	0 8.126 0.839414
0.362061 3.91919 3.5631	0 14.8203 0.840137
0.362305 3.70992 3.55786	0 14.133 0.834774
0.362549 3.22131 3.54828	0 11.4953 0.826394
0.362793 3.70837 3.5345	0 13.4133 0.816777
0.363037 3.88027 3.51709	0 18.4545 0.806143
0.363281 3.65786 3.49702	0 9.80413 0.793634
0.363525 3.67313 3.47552	0 11.1217 0.777996
0.36377 2.96209 3.454	0 12.0334 0.75808
0.364014 3.30667 3.43388	0 11.2643 0.733073
0.364258 3.24357 3.41644	0 9.25423 0.702666
0.364502 3.51517 3.40272	0 10.0657 0.667325
0.364746 3.464 3.39347	0 11.1944 0.628603
0.36499 2.94987 3.38911	0 11.0702 0.589271
0.365234 3.02325 3.38985	0 8.11687 0.553089
0.365479 3.90289 3.39566	0 16.0294 0.524204
0.365723 3.76176 3.40634	0 11.9396 0.506343
0.365967 3.22256 3.42149	0 13.809 0.502025
0.366211 3.187 3.44049	0 12.6683 0.512031
0.366455 2.65918 3.46243	0 5.58602 0.535234
0.366699 3.63023 3.48608	0 10.9533 0.568867
0.366943 4.22034 3.50986	0 14.7993 0.609068
0.367188 2.97565 3.53204	0 7.45741 0.651535
0.367432 4.02782 3.55083	0 13.4244 0.692085
0.367676 3.43494 3.56468	0 14.8605 0.727091
0.36792 3.3773 3.57249	0 10.51 0.753886
0.368164 4.50148 3.57387	0 27.6246 0.771157
0.368408 4.06366 3.56917	0 16.1815 0.779181
0.368652 3.11214 3.55948	0 9.5042 0.779671
0.368896 3.5501 3.54646	0 12.609 0.775145
0.369141 3.69298 3.53204	0 13.9364 0.768135
0.369385 3.17548 3.5181	0 11.3343 0.760682
0.369629 3.48573 3.50618	0 14.5617 0.754436
0.369873 2.83209 3.49725	0 8.56641 0.751126
0.370117 3.7279 3.49166	0 14.3319 0.752859
0.370361 3.0959 3.48921	0 8.19114 0.761741
0.370605 3.6927 3.48931	0 15.021 0.77887
0.37085 4.17417 3.49128	0 15.0311 0.803287
0.371094 3.32112 3.49449	0 8.06862 0.831628
0.371338 3.48091 3.49855	0 11.3874 0.858855
0.371582 3.54244 3.50331	0 18.6469 0.879774
0.371826 3.44342 3.50878	0 12.0335 0.890571
0.37207 3.33161 3.51499	0 10.3978 0.889604
0.372314 3.24985 3.52181	0 11.8969 0.877177
0.372559 3.36024 3.52885	0 15.2202 0.854716
0.372803 3.83127 3.5354	0 13.8492 0.824031
0.373047 3.64935 3.54053	0 15.3234 0.787187
0.373291 3.84829 3.54319	0 21.344 0.746889
0.373535 3.06219 3.54247	0 8.37944 0.70685
0.373779 3.83992 3.5377	0 12.8713 0.671546
0.374023 3.63109 3.5287	0 15.2368 0.645248
0.374268 4.09592 3.51577	0 17.9505 0.630769
0.374512 3.74368 3.49969	0 13.8914 0.628592
0.374756 2.79652 3.48161	0 12.1366 0.636814
0.375 3.42886 3.46288	0 14.049 0.651883
0.375244 3.5116 3.4449	0 10.2303 0.669699
0.375488 3.27349 3.42883	0 12.4686 0.686585
0.375732 3.1305 3.41558	0 10.0243 0.699827
0.375977 3.8702 3.4056	0 12.2323 0.707777
0.376221 3.30596 3.39893	0 11.2195 0.709706
0.376465 3.0901 3.39519	0 8.53504 0.7056
0.376709 3.38536 3.39374	0 8.3921 0.69603
0.376953 2.93134 3.39376	0 9.09273 0.682083
0.377197 3.57747 3.39446	0 10.4839 0.6653
0.377441 3.65472 3.39525	0 11.8021 0.647581
0.377686 4.04192 3.39582	0 21.4672 0.630996
0.37793 3.38596 3.3962	0 11.0477 0.617491
0.378174 2.89254 3.39666	0 6.68727 0.608478
0.378418 3.76625 3.39766	0 11.6635 0.604427
0.378662 2.98629 3.39959	0 8.16748 0.60461
0.378906 2.89782 3.40269	0 10.0336 0.607188
0.37915 3.49206 3.40693	0 11.1901 0.609705
0.379395 3.72276 3.41205	0 11.8874 0.609906
0.379639 3.32185 3.41761	0 13.9812 0.606622
0.379883 3.53909 3.4232	0 12.2218 0.600351
0.380127 3.60527 3.42854	0 13.7724 0.593225
0.380371 3.78737 3.4336	0 12.8502 0.588277
0.380615 3.30645 3.43861	0 7.81925 0.588293
0.380859 3.1751 3.444	0 7.63275 0.594829
0.381104 3.18413 3.45024	0 9.21559 0.607942
0.381348 3.44776 3.45773	0 13.6091 0.626764
0.381592 3.38209 3.46666	0 13.0672 0.650473
0.381836 3.78648 3.47696	0 12.8517 0.678922
0.38208 3.37079 3.48829	0 8.56431 0.712382
0.382324 3.33567 3.50012	0 9.10092 0.750474
0.382568 3.58606 3.51185	0 12.61 0.791026
0.382812 3.76382 3.52292	0 16.2054 0.829741
0.383057 3.22434 3.53293	0 8.97282 0.861197
0.383301 3.69742 3.54167	0 13.7148 0.880836
0.383545 4.07476 3.54912	0 21.2483 0.886974
0.383789 3.09151 3.55542	0 7.83157 0.881701
0.384033 3.86005 3.56072	0 11.3749 0.870126
0.384277 3.54624 3.56508	0 8.49447 0.858257
0.384521 3.28287 3.56837	0 9.78002 0.850534
0.384766 3.05481 3.57021	0 8.58463 0.848149
0.38501 3.68944 3.57	0 23.6212 0.848842
0.385254 4.09077 3.56703	0 14.7481 0.848093
0.385498 4.06334 3.56062	0 17.5319 0.841055
0.385742 3.41461 3.55027	0 10.9698 0.824351
0.385986 3.24748 3.53585	0 11.3757 0.797142
0.38623 3.71652 3.51759	0 9.36836 0.761287
0.386475 3.77918 3.49617	0 14.6008 0.720765
0.386719 3.31088 3.47259	0 9.46078 0.680671
0.386963 3.68495 3.44803	0 15.7319 0.646088
0.387207 3.17576 3.42371	0 10.206 0.621051
0.387451 3.42994 3.40071	0 13.6345 0.607836
0.387695 2.81709 3.37988	0 5.56031 0.606691
0.387939 3.62412 3.36175	0 14.7681 0.616059
0.388184 3.16072 3.34659	0 10.0482 0.63313
0.388428 3.74285 3.33442	0 16.9924 0.654491
0.388672 2.85632 3.32517	0 7.08891 0.676653
0.388916 3.26622 3.3188	0 9.62069 0.696434
0.38916 3.62517 3.31534	0 15.7105 0.711311
0.389404 3.60198 3.31498	0 12.435 0.719863
0.389648 2.6928 3.31803	0 5.99622 0.72228
0.389893 3.66909 3.3248	0 16.1366 0.720693
0.390137 2.93416 3.3355	0 7.47584 0.719007
0.390381 3.28633 3.3501	0 10.2399 0.722068
0.390625 3.19345 3.36819	0 9.17597 0.734267
0.390869 3.25438 3.38896	0 8.42423 0.758004
0.391113 3.69099 3.41117	0 12.4619 0.792558
0.391357 3.50458 3.43327	0 12.1392 0.833809
0.391602 3.17817 3.45358	0 11.9481 0.87502
0.391846 3.27524 3.47042	0 13.4569 0.908521
0.39209 4.22101 3.48242	0 14.7901 0.92784
0.392334 3.68545 3.48863	0 15.711 0.929507
0.392578 3.70499 3.48872	0 14.0996 0.913871
0.392822 3.4173 3.48296	0 9.90108 0.884575
0.393066 3.04547 3.47225	0 9.17043 0.846977
0.393311 4.19022 3.45795	0 13.1502 0.806295
0.393555 3.47494 3.44167	0 18.4419 0.766381
0.393799 3.50238 3.42507	0 13.2512 0.729595
0.394043 2.50599 3.40964	0 5.49978 0.697587
0.394287 3.33701 3.3965	0 11.1157 0.672291
0.394531 3.67406 3.38632	0 8.91522 0.656375
0.394775 3.10977 3.37934	0 8.33391 0.652722
0.39502 3.2446 3.37537	0 9.22422 0.663143
0.395264 3.92291 3.37397	0 12.4702 0.68694
0.395508 3.19588 3.37449	0 9.45823 0.720134
0.395752 3.47968 3.37623	0 13.969 0.755892
0.395996 2.88955 3.37842	0 8.19069 0.786185
0.39624 3.65707 3.38036	0 13.3262 0.804122
0.396484 3.52154 3.38137	0 14.5704 0.806082
0.396729 3.08759 3.38086	0 14.5999 0.792818
0.396973 3.27844 3.37838	0 12.2461 0.769113
0.397217 3.74421 3.37367	0 13.9818 0.742127
0.397461 3.7099 3.36675	0 9.95534 0.719007
0.397705 3.37838 3.35787	0 8.37372 0.704577
0.397949 3.37744 3.34756	0 11.5052 0.699863
0.398193 3.15946 3.33651	0 11.1961 0.701966
0.398438 3.11602 3.32548	0 9.52674 0.705295
0.398682 3.16228 3.31522	0 9.9479 0.703711
0.398926 3.42649 3.30635	0 11.735 0.692789
0.39917 3.37912 3.29938	0 13.9076 0.671347
0.399414 3.09251 3.2947	0 9.01237 0.641741
0.399658 3.42885 3.29256	0 9.16592 0.608877
0.399902 3.08979 3.29314	0 13.8328 0.578424
0.400146 3.67643 3.29648	0 10.2834 0.554941
0.400391 3.26195 3.30246	0 8.85412 0.540617
0.400635 3.05901 3.31072	0 11.0343 0.535037
0.400879 2.86476 3.32062	0 6.90715 0.535903
0.401123 3.56667 3.33126	0 11.7083 0.540313
0.401367 2.72314 3.34157	0 9.32896 0.545985
0.401611 3.67419 3.35048	0 11.4686 0.551958
0.401855 4.03959 3.35718	0 12.0099 0.558581
0.4021 3.79785 3.36122	0 15.8333 0.566978
0.402344 3.27072 3.36271	0 10.6475 0.578299
0.402588 3.33905 3.3622	0 8.61511 0.593081
0.402832 3.14421 3.36064	0 12.9588 0.610894
0.403076 3.15875 3.35905	0 8.54021 0.630276
0.40332 3.28983 3.35834	0 11.3309 0.648946
0.403564 3.20838 3.35903	0 13.7748 0.664271
0.403809 3.0753 3.36111	0 7.8933 0.673952
0.404053 3.68743 3.36407	0 12.1861 0.676798
0.404297 3.43669 3.36694	0 12.8149 0.673266
0.404541 3.51691 3.36845	0 10.304 0.665449
0.404785 3.05014 3.3673	0 9.36732 0.656359
0.405029 3.87326 3.36235	0 11.4915 0.648759
0.405273 3.27057 3.35279	0 6.93907 0.64409
0.405518 3.3859 3.33832	0 12.6188 0.642051
0.405762 3.26375 3.31923	0 9.44315 0.641037
0.406006 3.83384 3.29641	0 10.1952 0.639142
0.40625 3.47821 3.27129	0 14.2332 0.635152
0.406494 3.07793 3.24574	0 11.1312 0.628989
0.406738 2.92415 3.22186	0 8.70165 0.621465
0.406982 3.04224 3.20182	0 9.39628 0.613641
0.407227 2.77044 3.18757	0 11.9607 0.606244
0.407471 3.55247 3.18068	0 10.8719 0.599535
0.407715 2.90781 3.1821	0 8.03365 0.593634
0.407959 2.95525 3.19206	0 6.85197 0.589002
0.408203 3.14893 3.20999	0 10.827 0.586669
0.408447 2.81058 3.23453	0 6.91696 0.58794
0.408691 3.34709 3.26365	0 13.0457 0.593696
0.408936 2.87107 3.29481	0 9.37819 0.603669
0.40918 3.55203 3.32528	0 9.3631 0.616193
0.409424 3.74404 3.35239	0 12.6088 0.628633
0.409668 4.10393 3.37392	0 13.2291 0.63831
0.409912 3.11187 3.38828	0 10.573 0.64343
0.410156 3.50587 3.39471	0 10.928 0.643572
0.4104 3.56814 3.39335	0 9.71222 0.639569
0.410645 3.72188 3.38509	0 11.1652 0.63299
0.410889 3.49329 3.37144	0 9.60755 0.625545
0.411133 3.06288 3.35425	0 8.70591 0.618665
0.411377 3.25969 3.3355	0 6.66445 0.613279
0.411621 3.2451 3.31702	0 7.82837 0.609735
0.411865 3.04392 3.30036	0 8.34264 0.607815
0.412109 3.24701 3.28668	0 11.9127 0.606831
0.412354 3.42624 3.27671	0 11.3849 0.605809
0.412598 3.31631 3.27082	0 10.2283 0.603716
0.412842 3.26595 3.26899	0 9.14238 0.599631
0.413086 2.6394 3.27092	0 6.17387 0.59284
0.41333 3.74413 3.27605	0 14.0329 0.58288
0.413574 3.22693 3.2836	0 9.91714 0.569605
0.413818 2.81217 3.29268	0 7.43175 0.553291
0.414062 3.58153 3.3023	0 18.8677 0.534742
0.414307 3.2487 3.31153	0 11.6007 0.515329
0.414551 3.6669 3.31954	0 10.5429 0.496914
0.414795 3.3977 3.32575	0 13.5182 0.481673
0.415039 3.15803 3.32988	0 6.27032 0.471845
0.415283 3.51694 3.33193	0 10.1388 0.469438
0.415527 3.65021 3.33224	0 13.8434 0.475919
0.415771 2.74431 3.33135	0 6.6104 0.491906
0.416016 3.52383 3.32992	0 12.7699 0.516947
0.41626 3.33702 3.32863	0 11.8872 0.549466
0.416504 3.40794 3.32806	0 10.545 0.586956
0.416748 3.46593 3.32859	0 9.22092 0.626459
0.416992 2.77064 3.33039	0 5.58458 0.665178
0.417236 3.45341 3.33339	0 13.3205 0.70101
0.41748 3.23132 3.33732	0 8.11037 0.732765
0.417725 3.34634 3.34178	0 8.69808 0.759988
0.417969 3.57786 3.34632	0 11.4276 0.782535
0.418213 3.63298 3.35047	0 17.0625 0.800135
0.418457 3.22107 3.35382	0 12.2612 0.812178
0.418701 3.41097 3.35598	0 9.74743 0.817795
0.418945 3.09756 3.35666	0 16.2474 0.816149
0.419189 3.31608 3.35565	0 10.8169 0.806793
0.419434 3.13675 3.35283	0 7.82204 0.789935
0.419678 3.69199 3.34825	0 11.2511 0.766565
0.419922 3.528 3.34216	0 7.86063 0.738406
0.420166 3.70521 3.33497	0 21.3409 0.707745
0.42041 3.5144 3.32727	0 13.0569 0.677184
0.420654 2.87678 3.31964	0 6.18393 0.649345
0.420898 3.01813 3.31259	0 6.07073 0.626565
0.421143 3.06534 3.30641	0 9.02487 0.610621
0.421387 3.21002 3.30107	0 7.11894 0.602509
0.421631 3.29824 3.29625	0 8.25842 0.602291
0.421875 3.61667 3.29146	0 18.163 0.609001
0.422119 3.65266 3.28615	0 14.7012 0.620638
0.422363 3.14986 3.27987	0 5.83118 0.634358
0.422607 3.26861 3.27247	0 10.0482 0.646975
0.422852 3.26708 3.26411	0 15.2879 0.655736
0.423096 3.22235 3.25527	0 9.88509 0.659085
0.42334 3.19821 3.24666	0 11.256 0.657004
0.423584 3.48188 3.23915	0 11.6559 0.65071
0.423828 2.89143 3.23354	0 7.11824 0.641876
0.424072 2.95308 3.2305	0 14.7962 0.631873
0.424316 3.54999 3.23044	0 15.4925 0.621524
0.424561 3.08095 3.23345	0 13.0682 0.611434
0.424805 3.17557 3.23929	0 10.9993 0.602575
0.425049 3.09737 3.2474	0 7.94713 0.596583
0.425293 3.12459 3.25698	0 9.22994 0.595486
0.425537 3.44761 3.26706	0 9.72861 0.600965
0.425781 3.35881 3.27663	0 10.8393 0.613513
0.426025 3.3497 3.28473	0 12.38 0.63193
0.42627 3.34624 3.29061	0 10.0594 0.653359
0.426514 3.43229 3.29381	0 10.9997 0.673878
0.426758 2.73595 3.29419	0 6.35198 0.689439
0.427002 4.36135 3.29198	0 18.0114 0.696857
0.427246 2.89395 3.28771	0 9.55 0.69453
0.42749 3.25277 3.28211	0 9.59345 0.682672
0.427734 3.56866 3.27598	0 12.0257 0.663025
0.427979 2.88581 3.27003	0 7.78871 0.638259
0.428223 2.87295 3.2648	0 6.87434 0.611378
0.428467 3.40517 3.26057	0 9.56292 0.585392
0.428711 3.24599 3.25736	0 12.8359 0.563254
0.428955 3.53967 3.25501	0 10.1527 0.547889
0.429199 2.9551 3.25328	0 7.24324 0.542057
0.429443 3.40759 3.25197	0 11.3533 0.54795
0.429688 3.58831 3.25096	0 12.4315 0.566604
0.429932 3.2742 3.25028	0 8.19765 0.597392
0.430176 2.8574 3.25007	0 5.50503 0.637806
0.43042 3.14539 3.25049	0 9.11118 0.683664
0.430664 3.13625 3.25166	0 7.69214 0.729698
0.430908 3.60114 3.25353	0 14.7602 0.770419
0.431152 3.37904 3.2559	0 11.5672 0.801063
0.431396 2.77453 3.25834	0 10.2172 0.818422
0.431641 3.27236 3.26033	0 10.1741 0.821324
0.431885 3.26372 3.26128	0 7.00554 0.810641
0.432129 3.54064 3.26068	0 11.3461 0.788838
0.432373 3.48156 3.25821	0 16.5288 0.759237
0.432617 3.45259 3.25377	0 9.68869 0.725272
0.432861 2.89653 3.24756	0 8.24378 0.689953
0.433105 3.43679 3.24003	0 12.506 0.655661
0.43335 2.90033 3.23178	0 9.27924 0.62423
0.433594 3.41663 3.22353	0 13.2184 0.59713
0.433838 3.17335 3.21594	0 11.1117 0.575527
0.434082 3.58299 3.20955	0 16.9244 0.560088
0.434326 2.72161 3.20472	0 5.93585 0.550657
0.43457 3.14395 3.20154	0 8.32661 0.546069
0.434814 2.93591 3.19994	0 8.33309 0.544386
0.435059 3.14871 3.19966	0 9.42281 0.543584
0.435303 3.58212 3.2004	0 11.6843 0.542392
0.435547 3.25284 3.20183	0 8.91102 0.54078
0.435791 3.52346 3.20366	0 10.5887 0.539748
0.436035 3.2019 3.20566	0 12.4193 0.540412
0.436279 2.68389 3.2076	0 7.05075 0.542877
0.436523 2.87343 3.20925	0 7.88557 0.545576
0.436768 3.6466 3.21032	0 14.6653 0.545615
0.437012 2.87954 3.21048	0 9.46323 0.5401
0.437256 3.85845 3.20941	0 20.1107 0.527828
0.4375 3.0128 3.20683	0 10.0137 0.510408
0.437744 3.43976 3.20263	0 13.3953 0.492103
0.437988 3.12969 3.19685	0 9.62855 0.478394
0.438232 3.07379 3.18977	0 6.81169 0.473966
0.438477 3.00135 3.18182	0 9.02308 0.48105
0.438721 3.29428 3.17355	0 13.9359 0.498784
0.438965 3.38608 3.16552	0 11.5258 0.52363
0.439209 3.35208 3.15821	0 11.919 0.550409
0.439453 2.78397 3.15189	0 6.54059 0.573476
0.439697 2.83421 3.14659	0 8.82988 0.58773
0.439941 3.20257 3.14206	0 8.27164 0.589433
0.440186 3.07431 3.13787	0 8.64819 0.576861
0.44043 2.94661 3.13346	0 9.91106 0.550715
0.440674 3.93343 3.12833	0 21.6768 0.514125
0.440918 3.05254 3.12216	0 8.02368 0.472105
0.441162 2.72811 3.11495	0 7.66891 0.430494
0.441406 3.41884 3.1071	0 9.99473 0.394641
0.44165 3.20486 3.09934	0 8.03481 0.368239
0.441895 2.88015 3.09268	0 6.27647 0.352727
0.442139 3.19982 3.08821	0 6.32076 0.34744
0.442383 2.98617 3.08692	0 6.7261 0.350419
0.442627 3.02554 3.08954	0 9.08888 0.359491
0.442871 2.4439 3.09634	0 6.07316 0.373144
0.443115 2.94448 3.10718	0 8.82388 0.390838
0.443359 3.36056 3.12146	0 8.17101 0.412713
0.443604 3.38398 3.13827	0 8.1962 0.438958
0.443848 3.29779 3.15655	0 9.61302 0.469224
0.444092 2.98341 3.17524	0 10.7902 0.50239
0.444336 3.07107 3.19339	0 9.72347 0.536759
0.44458 3.60969 3.21027	0 11.5189 0.570486
0.444824 3.04088 3.22537	0 9.05535 0.602004
0.445068 3.25925 3.23838	0 14.8944 0.630233
0.445312 3.24187 3.24914	0 11.0443 0.654544
0.445557 3.56205 3.25758	0 14.4036 0.674552
0.445801 3.06306 3.26363	0 8.90781 0.689877
0.446045 3.04965 3.26728	0 8.90029 0.699978
0.446289 3.60189 3.26848	0 11.539 0.704138
0.446533 3.29268 3.26726	0 10.5853 0.701647
0.446777 3.19465 3.26373	0 10.512 0.692181
0.447021 3.56094 3.25811	0 13.4966 0.676258
0.447266 3.11833 3.25079	0 9.93801 0.655513
0.44751 3.17177 3.24228	0 10.8448 0.632576
0.447754 3.294 3.23321	0 7.23363 0.610489
0.447998 3.21814 3.22422	0 8.44175 0.591907
0.448242 3.40019 3.21587	0 9.8132 0.57847
0.448486 3.17643 3.20854	0 10.1511 0.570624
0.44873 2.82342 3.20235	0 7.83945 0.567851
0.448975 3.01059 3.19712	0 12.1947 0.569022
0.449219 3.11265 3.19243	0 8.48713 0.572558
0.449463 3.28317 3.18772	0 7.78746 0.576363
0.449707 3.59945 3.18245	0 9.06938 0.577766
0.449951 3.18558 3.17622	0 11.5073 0.573796
0.450195 3.26783 3.16896	0 9.63435 0.56192
0.450439 3.26527 3.16094	0 12.6466 0.54105
0.450684 3.14213 3.15274	0 10.0507 0.512366
0.450928 2.8447 3.14522	0 6.39975 0.479514
0.451172 3.14262 3.13933	0 9.80096 0.448007
0.451416 3.07831 3.13593	0 10.5546 0.423968
0.45166 2.91818 3.13572	0 8.90933 0.412641
0.451904 3.21254 3.13908	0 8.85009 0.417163
0.452148 3.13422 3.14603	0 9.49682 0.437891
0.452393 3.07007 3.15622	0 7.10152 0.472377
0.452637 3.34219 3.169	0 12.7176 0.515849
0.452881 2.67307 3.18345	0 7.12192 0.562027
0.453125 3.12634 3.19852	0 13.2776 0.604154
0.453369 3.56938 3.21312	0 11.4939 0.636166
0.453613 3.46587 3.22625	0 15.2842 0.653848
0.453857 3.40379 3.23711	0 11.7758 0.655702
0.454102 2.92198 3.24518	0 9.98741 0.643225
0.454346 3.38329 3.25025	0 13.3415 0.620464
0.45459 3.16919 3.25247	0 6.4157 0.593016
0.454834 3.87225 3.25222	0 13.1742 0.566836
0.455078 2.97308 3.25013	0 5.78374 0.547193
0.455322 3.1924 3.24687	0 8.43338 0.537933
0.455566 2.9725 3.24312	0 7.56976 0.540992
0.455811 3.5021 3.23942	0 13.2985 0.556102
0.456055 3.11997 3.23613	0 8.59836 0.580756
0.456299 3.04029 3.23337	0 7.58492 0.61057
0.456543 3.14685 3.23108	0 11.8094 0.640183
0.456787 3.77787 3.22903	0 9.78306 0.664537
0.457031 2.92373 3.22689	0 9.9604 0.680155
0.457275 3.1035 3.22432	0 9.86926 0.685945
0.45752 3.45212 3.22102	0 12.7111 0.683213
0.457764 3.35562 3.21679	0 17.1363 0.674877
0.458008 2.65495 3.21158	0 8.14184 0.664251
0.458252 3.8211 3.20552	0 12.194 0.653881
0.458496 3.13055 3.19889	0 8.53551 0.644897
0.45874 3.11868 3.19215	0 10.3876 0.637033
0.458984 3.20904 3.18593	0 9.20417 0.629211
0.459229 2.86289 3.18092	0 8.31803 0.620329
0.459473 3.42379 3.17785	0 10.5894 0.609902
0.459717 3.16816 3.17736	0 12.0732 0.598363
0.459961 3.33066 3.17994	0 8.40934 0.587025
0.460205 2.91213 3.18583	0 7.01781 0.577825
0.460449 2.742 3.19494	0 6.54847 0.572956
0.460693 3.02345 3.20689	0 7.31005 0.574428
0.460938 3.4486 3.22103	0 11.337 0.583607
0.461182 3.39066 3.23651	0 8.76971 0.60079
0.461426 3.48854 3.25242	0 12.8032 0.624988
0.46167 3.04102 3.26785	0 10.8761 0.65404
0.461914 3.56801 3.28203	0 14.2997 0.685069
0.462158 3.23125 3.29429	0 9.82543 0.715142
0.462402 3.10291 3.30413	0 13.0923 0.741854
0.462646 3.2829 3.31122	0 9.25497 0.763631
0.462891 3.68079 3.31535	0 14.5925 0.77966
0.463135 3.36959 3.31649	0 8.731 0.789617
0.463379 2.76673 3.31482	0 7.38062 0.793396
0.463623 3.69653 3.3107	0 13.5941 0.791069
0.463867 4.09006 3.30473	0 15.8321 0.783059
0.464111 3.11837 3.29764	0 10.1879 0.770396
0.464355 2.87325 3.29023	0 11.8641 0.754836
0.4646 2.92074 3.28325	0 7.88498 0.738683
0.464844 3.50727 3.27727	0 11.4838 0.724351
0.465088 2.87947 3.27257	0 8.85974 0.713754
0.465332 3.51365 3.26909	0 8.75375 0.707734
0.465576 3.76872 3.26645	0 12.082 0.705681
0.46582 2.82785 3.26405	0 8.57091 0.705536
0.466064 3.09086 3.26117	0 7.61883 0.704255
0.466309 3.46047 3.25718	0 17.7485 0.698726
0.466553 2.99197 3.2517	0 12.573 0.6869
0.466797 3.53145 3.24468	0 10.6203 0.668774
0.467041 3.53304 3.23653	0 15.5908 0.64677
0.467285 3.78395 3.228	0 8.94969 0.625235
0.467529 3.06429 3.22006	0 7.29575 0.609093
0.467773 2.58707 3.2137	0 5.75921 0.602083
0.468018 3.07531 3.20966	0 11.3664 0.605276
0.468262 2.69328 3.20825	0 11.1658 0.616543
0.468506 3.21862 3.20926	0 11.9729 0.631234
0.46875 3.67215 3.21201	0 12.2534 0.643803
0.468994 2.77668 3.21552	0 7.01942 0.649648
0.469238 3.5238 3.21876	0 9.77762 0.646383
0.469482 3.79274 3.2209	0 11.9374 0.634096
0.469727 3.27675 3.22151	0 9.19266 0.614656
0.469971 3.2341 3.22065	0 7.57944 0.590555
0.470215 2.90322 3.21886	0 7.14256 0.563918
0.470459 2.96446 3.21699	0 10.2572 0.53612
0.470703 3.52534 3.21606	0 10.9522 0.508095
0.470947 3.25913 3.21701	0 8.32885 0.481051
0.471191 2.50345 3.22056	0 5.25222 0.457093
0.471436 3.66964 3.22709	0 12.0943 0.439347
0.47168 3.1893 3.23659	0 10.9021 0.431427
0.471924 3.24711 3.24865	0 8.41367 0.436416
0.472168 3.01706 3.26254	0 6.11463 0.455758
0.472412 3.10261 3.27725	0 7.41059 0.488464
0.472656 3.57703 3.29166	0 12.1012 0.530911
0.4729 3.27881 3.30455	0 12.7982 0.577327
0.473145 3.57806 3.3148	0 10.0164 0.620845
0.473389 3.02816 3.32142	0 9.00003 0.65489
0.473633 3.90382 3.32365	0 14.5033 0.674544
0.473877 3.379 3.32103	0 10.9074 0.677563
0.474121 3.01185 3.31343	0 7.81384 0.664798
0.474365 3.46069 3.30108	0 12.3264 0.639922
0.474609 3.26815 3.28457	0 10.049 0.608571
0.474854 3.42629 3.26483	0 13.6679 0.577111
0.475098 3.61629 3.24309	0 8.60859 0.551324
0.475342 3.16405 3.22076	0 10.5836 0.535313
0.475586 3.05375 3.19932	0 7.65272 0.530838
0.47583 3.12516 3.18014	0 8.14559 0.537224
0.476074 2.54862 3.16437	0 7.12844 0.551817
0.476318 3.34374 3.15281	0 11.7305 0.570835
0.476562 2.9455 3.14578	0 7.53105 0.590342
0.476807 3.19377 3.14317	0 10.1199 0.60705
0.477051 3.18098 3.14443	0 12.2889 0.618785
0.477295 3.17156 3.14866	0 15.7442 0.624595
0.477539 2.89646 3.15468	0 8.57074 0.624655
0.477783 3.23553 3.16111	0 8.54826 0.620084
0.478027 3.46778 3.1665	0 13.1612 0.612735
0.478271 3.06721 3.16936	0 11.4192 0.604867
0.478516 2.94323 3.16833	0 8.03403 0.598663
0.47876 3.58999 3.16229	0 14.2223 0.595684
0.479004 2.96695 3.15054	0 8.48333 0.596485
0.479248 3.37751 3.13302	0 11.2223 0.600617
0.479492 3.26316 3.11036	0 16.2787 0.607057
0.479736 3.60657 3.08404	0 14.1305 0.614825
0.47998 3.28771 3.05619	0 11.1824 0.623434
0.480225 2.90519 3.02947	0 6.64692 0.632896
0.480469 2.79184 3.0066	0 6.67372 0.643317
0.480713 2.46775 2.99006	0 6.18564 0.654339
0.480957 2.20872 2.98158	0 7.33777 0.66481
0.481201 2.80179 2.98191	0 8.70365 0.672884
0.481445 3.14222 2.99069	0 8.48721 0.676544
0.481689 3.21023 3.00649	0 7.78784 0.674295
0.481934 2.64069 3.02712	0 7.6725 0.665738
0.482178 2.8091 3.05	0 10.1898 0.65174
0.482422 3.63996 3.07263	0 9.38841 0.634119
0.482666 3.4572 3.09299	0 10.221 0.614928
0.48291 2.94347 3.10979	0 8.04597 0.595627
0.483154 3.48306 3.12267	0 9.3514 0.576579
0.483398 3.43724 3.13203	0 9.88053 0.557168
0.483643 3.50142 3.13887	0 13.1257 0.536585
0.483887 2.60877 3.14444	0 4.98322 0.514903
0.484131 2.25316 3.14992	0 5.08916 0.493853
0.484375 3.10357 3.15619	0 9.3875 0.476797
0.484619 3.18814 3.16367	0 7.17713 0.467804
0.484863 3.64265 3.17238	0 10.5285 0.470198
0.485107 3.58869 3.18205	0 11.197 0.485204
0.485352 2.74668 3.19234	0 7.3815 0.511276
0.485596 3.62842 3.20297	0 15.6128 0.544371
0.48584 2.74273 3.2139	0 8.06617 0.57903
0.486084 3.32834 3.22531	0 13.9664 0.609865
0.486328 3.39177 3.23752	0 13.8841 0.632918
0.486572 3.29073 3.25087	0 14.3576 0.646493
0.486816 3.02862 3.26559	0 13.0719 0.651306
0.487061 3.13919 3.28157	0 10.7348 0.650037
0.487305 2.99667 3.29838	0 9.51617 0.646555
0.487549 3.51739 3.3152	0 11.7176 0.645036
0.487793 3.58778 3.33095	0 11.4014 0.649114
0.488037 3.193 3.34437	0 7.37184 0.661122
0.488281 3.46554 3.35429	0 8.98141 0.681478
0.488525 3.65702 3.35977	0 13.9109 0.708364
0.48877 3.29003 3.36029	0 8.7891 0.737915
0.489014 3.35844 3.35586	0 13.0318 0.765005
0.489258 3.79106 3.34705	0 15.7926 0.784487
0.489502 3.62462 3.33488	0 13.2097 0.792499
0.489746 3.13726 3.32069	0 11.0615 0.787366
0.48999 3.05895 3.30588	0 8.01615 0.769791
0.490234 3.13779 3.29173	0 9.7938 0.742373
0.490479 3.13978 3.27913	0 8.65676 0.708737
0.490723 2.90796 3.26852	0 5.59699 0.672674
0.490967 3.53216 3.25981	0 11.8703 0.637535
0.491211 3.30172 3.25248	0 10.917 0.605933
0.491455 3.12121 3.24574	0 8.53547 0.579657
0.491699 3.65042 3.23868	0 11.3379 0.559706
0.491943 3.11428 3.23048	0 8.76307 0.546357
0.492188 3.17473 3.22058	0 8.51867 0.539251
0.492432 3.12298 3.20876	0 6.6993 0.537454
0.492676 3.51655 3.19514	0 10.9278 0.539503
0.49292 3.38539 3.18021	0 10.0195 0.543458
0.493164 2.93623 3.16471	0 10.3703 0.547079
0.493408 3.1182 3.14956	0 10.0711 0.548199
0.493652 2.92287 3.13572	0 7.95624 0.545273
0.493896 3.29767 3.12416	0 8.78986 0.537943
0.494141 2.87423 3.11575	0 7.75661 0.527344
0.494385 3.11786 3.1112	0 10.4009 0.515948
0.494629 2.77553 3.11104	0 8.64328 0.506954
0.494873 3.50228 3.11553	0 16.5244 0.503424
0.495117 3.24259 3.12458	0 10.1522 0.507462
0.495361 2.69922 3.13766	0 9.76222 0.519666
0.495605 3.14632 3.15371	0 9.78081 0.5389
0.49585 2.91237 3.17112	0 11.6606 0.562369
0.496094 2.67398 3.18775	0 6.62834 0.585988
0.496338 3.72824 3.20103	0 15.7855 0.605109
0.496582 3.06584 3.20811	0 9.40513 0.615555
0.496826 4.02176 3.20605	0 14.3527 0.614726
0.49707 3.5595 3.19196	0 13.757 0.602348
0.497314 3.48297 3.16305	0 10.4682 0.580466
0.497559 3.27226 3.11663	0 7.79416 0.552658
0.497803 2.66278 3.05014	0 7.8295 0.522793
0.498047 3.51473 2.96111	0 10.3802 0.493901
0.498291 2.76286 2.84733	0 8.37918 0.467504
0.498535 3.2677 2.70719	0 9.79822 0.44348
0.498779 2.93953 2.54011	0 7.81018 0.420294
0.499023 2.7982 2.34707	0 8.24447 0.395463
0.499268 3.0104 2.13104	0 7.42914 0.366262
0.499512 3.16869 1.89711	0 9.85372 0.330621
0.499756 3.06149 1.40525	0 16.1497 0.239923
