0 0 1.04003	0 0 0.104211
0.000244141 1.79449 1.24194	0 3.27445 0.136392
0.000488281 2.2434 1.45183	0 4.82592 0.172916
0.000732422 2.45089 1.6656	0 4.92917 0.213452
0.000976562 2.12235 1.88016	0 4.94795 0.257359
0.0012207 2.08513 2.09383	0 4.78772 0.303511
0.00146484 2.06014 2.30644	0 5.01316 0.350424
0.00170898 2.09887 2.51917	0 4.64646 0.396812
0.00195312 2.9222 2.73433	0 9.16478 0.442413
0.00219727 2.80901 2.9549	0 8.56734 0.488711
0.00244141 2.6989 3.18421	0 7.82559 0.53922
0.00268555 3.54034 3.4256	0 10.6001 0.599273
0.00292969 3.66005 3.68215	0 11.0029 0.675507
0.00317383 3.93416 3.9565	0 11.6913 0.775269
0.00341797 3.6666 4.25066	0 9.67639 0.906013
0.00366211 3.93677 4.5659	0 20.9354 1.07455
0.00390625 4.35347 4.90267	0 15.0708 1.28615
0.00415039 4.53884 5.26072	0 19.4969 1.54398
0.00439453 5.45206 5.63915	0 27.6771 1.84934
0.00463867 6.62104 6.03677	0 44.4579 2.2034
0.00488281 6.27466 6.45235	0 39.9806 2.60958
0.00512695 6.77598 6.88495	0 37.4479 3.07502
0.00537109 7.16125 7.33416	0 37.0022 3.60942
0.00561523 7.55477 7.80022	0 42.7565 4.22049
0.00585938 7.91216 8.28397	0 58.6293 4.90791
0.00610352 9.16872 8.78673	0 140.402 5.659
0.00634766 8.19574 9.30999	0 135.327 6.44944
0.0065918 9.43075 9.85518	0 115.58 7.24981
0.00683594 10.8139 10.4233	0 111.454 8.03597
0.00708008 10.5217 11.0148	0 101.21 8.79888
0.00732422 10.2372 11.6291	0 144.12 9.5501
0.00756836 12.9102 12.2643	0 179.715 10.3207
0.0078125 12.2491 12.917	0 148.772 11.155
0.00805664 13.6507 13.5819	0 262.495 12.101
0.00830078 13.9608 14.2509	0 167.348 13.2013
0.00854492 14.5621 14.9132	0 199.254 14.4838
0.00878906 17.4197 15.5547	0 311.322 15.9533
0.0090332 14.5902 16.1587	0 226.465 17.5811
0.00927734 17.8453 16.7059	0 201.615 19.2974
0.00952148 15.0674 17.1765	0 311.525 20.9908
0.00976562 19.6902 17.5522	0 430.125 22.5201
0.0100098 24.0681 17.818	0 487.495 23.7408
0.0102539 20.0427 17.9648	0 349.645 24.5362
0.010498 23.6508 17.9907	0 600.666 24.8426
0.0107422 18.7848 17.9016	0 267.865 24.6602
0.0109863 17.2279 17.7107	0 270.916 24.0464
0.0112305 17.4972 17.4364	0 358.268 23.0996
0.0114746 17.6083 17.1006	0 312.178 21.9396
0.0117188 16.1571 16.7257	0 173.804 20.6911
0.0119629 14.7852 16.3326	0 241.651 19.4704
0.012207 15.8548 15.9389	0 332.997 18.3728
0.0124512 15.7696 15.5581	0 242.96 17.4623
0.0126953 13.541 15.1999	0 206.855 16.7646
0.0129395 14.6883 14.8708	0 186.809 16.2667
0.0131836 14.4014 14.5747	0 187.202 15.9253
0.0134277 14.5543 14.3142	0 199.328 15.6809
0.0136719 14.3905 14.0908	0 233.971 15.4735
0.013916 13.3517 13.9054	0 218.068 15.2538
0.0141602 12.1437 13.7579	0 195.046 14.9889
0.0144043 13.5475 13.6469	0 262.657 14.6633
0.0146484 11.6463 13.5694	0 115.986 14.2784
0.0148926 13.8437 13.5206	0 258.17 13.8516
0.0151367 11.0593 13.4947	0 140.948 13.414
0.0153809 13.4933 13.4854	0 171.08 13.0039
0.015625 14.8315 13.4873	0 226.111 12.6576
0.0158691 17.2518 13.4967	0 324.763 12.3996
0.0161133 13.1401 13.5126	0 184.092 12.2384
0.0163574 13.1831 13.5366	0 202.164 12.1707
0.0166016 13.0474 13.5723	0 173.402 12.191
0.0168457 12.7397 13.6243	0 190.938 12.3014
0.0170898 11.7143 13.6968	0 148.847 12.5115
0.017334 12.2556 13.7922	0 185.9 12.8292
0.0175781 13.4255 13.9104	0 183.395 13.2442
0.0178223 15.9332 14.0486	0 247.202 13.7188
0.0180664 13.0718 14.2021	0 154.016 14.1935
0.0183105 13.1918 14.365	0 144.816 14.6101
0.0185547 16.7177 14.5317	0 342.553 14.9413
0.0187988 15.6615 14.6981	0 275.816 15.2103
0.019043 15.2397 14.8622	0 242.093 15.4843
0.0192871 14.306 15.0245	0 154.999 15.8434
0.0195312 15.8081 15.1879	0 238.069 16.338
0.0197754 13.9843 15.3565	0 220.281 16.9589
0.0200195 16.4208 15.5347	0 349.708 17.637
0.0202637 14.0866 15.7258	0 161.092 18.2731
0.0205078 16.6431 15.9309	0 286.775 18.781
0.020752 16.0549 16.1479	0 250.973 19.1208
0.0209961 13.907 16.3716	0 200.15 19.3066
0.0212402 14.2391 16.594	0 161.006 19.3898
0.0214844 19.6508 16.805	0 420.377 19.429
0.0217285 17.6947 16.9943	0 297.291 19.4643
0.0219727 19.2175 17.1527	0 468.252 19.5052
0.0222168 19.5449 17.2735	0 330.568 19.5321
0.0224609 17.3164 17.3536	0 345.22 19.5082
0.0227051 18.8401 17.3931	0 344.298 19.3965
0.0229492 17.0326 17.3957	0 283.817 19.177
0.0231934 17.3623 17.3672	0 341.38 18.8579
0.0234375 15.3352 17.3148	0 264.2 18.4773
0.0236816 18.6093 17.2464	0 363.289 18.093
0.0239258 16.3971 17.1698	0 260.527 17.7673
0.0241699 17.3623 17.0928	0 316.56 17.5547
0.0244141 17.9829 17.023	0 295.58 17.4997
0.0246582 17.7722 16.9679	0 496.761 17.6405
0.0249023 16.225 16.9349	0 262.479 18.0132
0.0251465 17.3172 16.931	0 237.074 18.6462
0.0253906 13.7894 16.9619	0 186.656 19.5475
0.0256348 14.7024 17.0318	0 170.475 20.6923
0.0258789 18.0139 17.1428	0 388.69 22.0202
0.026123 16.1954 17.2943	0 218.119 23.4484
0.0263672 17.0304 17.4835	0 321.679 24.8934
0.0266113 18.8098 17.705	0 422.022 26.2923
0.0268555 18.2114 17.9519	0 288.476 27.614
0.0270996 17.0149 18.2161	0 343.359 28.8587
0.0273438 18.8138 18.4887	0 575.061 30.0484
0.0275879 14.9253 18.7611	0 164.25 31.2121
0.027832 22.1896 19.0249	0 576.411 32.3696
0.0280762 22.2154 19.2732	0 544.34 33.5137
0.0283203 17.9418 19.5006	0 401.02 34.5963
0.0285645 20.9103 19.7043	0 398.634 35.5242
0.0288086 20.6638 19.884	0 598.207 36.1744
0.0290527 18.4197 20.0423	0 404.402 36.4278
0.0292969 23.6544 20.1847	0 633.743 36.2151
0.029541 16.8235 20.3188	0 254.496 35.5558
0.0297852 22.9601 20.4538	0 474.4 34.5713
0.0300293 20.8356 20.5991	0 654.788 33.4611
0.0302734 20.4022 20.7634	0 383.255 32.4473
0.0305176 17.9009 20.9526	0 306.325 31.7084
0.0307617 20.9844 21.1698	0 488.523 31.3305
0.0310059 20.066 21.4139	0 473.335 31.2955
0.03125 19.5965 21.6801	0 303.489 31.5078
0.0314941 22.9102 21.961	0 575.081 31.8424
0.0317383 22.4332 22.2478	0 602.998 32.1917
0.0319824 23.1061 22.5328	0 590.996 32.4915
0.0322266 26.9481 22.8108	0 630.699 32.7204
0.0324707 22.7302 23.0811	0 441.808 32.8821
0.0327148 23.7109 23.3477	0 541.454 32.9839
0.032959 24.0711 23.6196	0 574.213 33.0287
0.0332031 21.7941 23.9094	0 501.9 33.0287
0.0334473 23.1295 24.2313	0 504.206 33.0361
0.0336914 23.4197 24.5991	0 602.275 33.1725
0.0339355 26.0416 25.0237	0 833.373 33.634
0.0341797 22.9618 25.5114	0 561.111 34.6565
0.0344238 23.8215 26.0626	0 633.265 36.4463
0.034668 22.6939 26.6714	0 589.594 39.1058
0.0349121 26.4222 27.3263	0 692.689 42.5866
0.0351562 30.6746 28.0114	0 763.543 46.6923
0.0354004 31.5584 28.7091	0 1075.82 51.1236
0.0356445 26.6624 29.4021	0 630.384 55.5434
0.0358887 32.1097 30.0764	0 822.726 59.6391
0.0361328 31.9614 30.7231	0 1193.56 63.1771
0.036377 31.3192 31.3397	0 1231.83 66.054
0.0366211 36.5196 31.9307	0 1581.69 68.3388
0.0368652 30.291 32.5069	0 928.269 70.2772
0.0371094 36.4604 33.0834	0 824.046 72.2328
0.0373535 31.2062 33.6779	0 863.223 74.5685
0.0375977 31.91 34.3075	0 1177.26 77.5177
0.0378418 27.0513 34.9872	0 964.335 81.1209
0.0380859 40.0358 35.7274	0 1654.6 85.2657
0.0383301 34.6738 36.5338	0 1078.63 89.8077
0.0385742 36.5318 37.4071	0 2231.1 94.6888
0.0388184 39.2245 38.3435	0 1476.44 99.9661
0.0390625 39.9566 39.3361	0 1252.68 105.725
0.0393066 37.3215 40.3762	0 1052.17 111.928
0.0395508 37.0142 41.4542	0 1448.99 118.318
0.0397949 48.3265 42.5605	0 2420.52 124.447
0.0400391 40.8439 43.6863	0 1520.76 129.865
0.0402832 48.8677 44.8237	0 1886.42 134.357
0.0405273 47.1693 45.9654	0 1926.34 138.098
0.0407715 39.8123 47.1053	0 1521.59 141.603
0.0410156 53.4391 48.238	0 2027.29 145.492
0.0412598 44.3637 49.3587	0 1641.68 150.172
0.0415039 53.2818 50.4644	0 2430.47 155.624
0.041748 55.4933 51.5532	0 2631.28 161.422
0.0419922 52.6551 52.6257	0 3108.69 166.973
0.0422363 53.2063 53.684	0 2811.72 171.877
0.0424805 50.9887 54.7319	0 2790.84 176.192
0.0427246 62.3691 55.7736	0 4459.91 180.46
0.0429688 52.3295 56.8119	0 2967.66 185.477
0.0432129 58.7203 57.8466	0 2087.7 191.899
0.043457 60.1283 58.8732	0 3578.6 199.896
0.0437012 56.5631 59.8819	0 3653.17 209.009
0.0439453 58.3107 60.8583	0 4085.6 218.302
0.0441895 59.9053 61.7854	0 4095.7 226.731
0.0444336 61.6316 62.6456	0 3489.48 233.592
0.0446777 77.9787 63.424	0 5917.19 238.818
0.0449219 71.4662 64.1104	0 3989.25 243.002
0.045166 64.6976 64.6999	0 4175.22 247.125
0.0454102 58.5755 65.1928	0 2854.05 252.114
0.0456543 66.6557 65.5921	0 4804.81 258.444
0.0458984 65.7922 65.9009	0 3965.47 265.99
0.0461426 61.825 66.1199	0 4031.27 274.149
0.0463867 70.6817 66.2456	0 3749.13 282.142
0.0466309 71.2591 66.2696	0 5936.78 289.293
0.046875 62.984 66.1796	0 4998.98 295.125
0.0471191 73.6664 65.9614	0 5148.18 299.27
0.0473633 65.4871 65.6011	0 4214.16 301.316
0.0476074 65.6458 65.0872	0 4755.67 300.762
0.0478516 68.1245 64.413	0 3625.7 297.164
0.0480957 68.3973 63.5772	0 4851.51 290.379
0.0483398 67.1514 62.5847	0 3595.92 280.748
0.048584 57.7798 61.4463	0 3877.39 269.045
0.0488281 60.6222 60.1782	0 3476.72 256.22
0.0490723 60.8838 58.8006	0 4305.89 243.052
0.0493164 63.7769 57.3364	0 4683.04 229.917
0.0495605 55.5696 55.809	0 3258.06 216.767
0.0498047 57.5023 54.2405	0 3150.41 203.305
0.0500488 39.5674 52.6492	0 1525.99 189.242
0.050293 53.4353 51.0483	0 2648.98 174.528
0.0505371 52.0828 49.4449	0 2904.01 159.437
0.0507812 46.8403 47.8401	0 2673.13 144.512
0.0510254 46.7571 46.2306	0 1826.95 130.392
0.0512695 41.6121 44.6108	0 1692.91 117.613
0.0515137 42.4042 42.9761	0 2045.73 106.482
0.0517578 50.7366 41.3251	0 2062.13 97.0567
0.052002 39.2033 39.662	0 1525.49 89.2308
0.0522461 39.1978 37.9968	0 1417.07 82.8352
0.0524902 34.7881 36.3455	0 863.257 77.6991
0.0527344 31.4746 34.7272	0 996.472 73.6422
0.0529785 34.2701 33.1618	0 1760 70.427
0.0532227 26.6102 31.6672	0 677.262 67.7301
0.0534668 27.6618 30.2562	0 675.992 65.1684
0.0537109 27.6279 28.9361	0 878.183 62.3777
0.0539551 26.9313 27.7074	0 715.656 59.1041
0.0541992 24.2842 26.5655	0 550.47 55.2624
0.0544434 25.5819 25.5019	0 583.952 50.9391
0.0546875 27.4042 24.5067	0 863.716 46.3463
0.0549316 21.838 23.5703	0 544.218 41.7526
0.0551758 21.5752 22.6848	0 417.056 37.4176
0.0554199 22.3603 21.8446	0 456.954 33.5443
0.0556641 19.5891 21.0467	0 384.207 30.2549
0.0559082 20.1214 20.2896	0 375.439 27.5853
0.0561523 19.3056 19.5728	0 365.66 25.4956
0.0563965 18.0409 18.8955	0 333.324 23.8912
0.0566406 16.7699 18.2562	0 353.407 22.6481
0.0568848 17.6655 17.6517	0 261.967 21.6366
0.0571289 16.8386 17.0777	0 248.08 20.7376
0.057373 13.8798 16.5289	0 186.058 19.8541
0.0576172 17.1031 16	0 325.661 18.9166
0.0578613 18.4048 15.4863	0 286.641 17.8871
0.0581055 13.8784 14.9847	0 171.537 16.759
0.0583496 14.1709 14.4941	0 145.787 15.5528
0.0585938 15.617 14.0153	0 239.463 14.3061
0.0588379 11.9419 13.5509	0 187.489 13.0627
0.059082 12.2555 13.1048	0 170.068 11.8637
0.0593262 11.5167 12.681	0 129.988 10.743
0.0595703 12.6937 12.2834	0 159.889 9.72728
0.0598145 11.6238 11.915	0 116.07 8.83597
0.0600586 10.8073 11.5776	0 120.978 8.08051
0.0603027 10.6669 11.2715	0 112.851 7.46195
0.0605469 10.6194 10.9958	0 112.35 6.96951
0.060791 11.278 10.7481	0 109.429 6.5825
0.0610352 9.67772 10.5254	0 92.6703 6.27608
0.0612793 8.9925 10.3234	0 95.6651 6.02897
0.0615234 10.4386 10.138	0 85.1014 5.8292
0.0617676 10.4336 9.96434	0 110.406 5.67467
0.0620117 8.97185 9.79835	0 95.3989 5.56749
0.0622559 11.4039 9.63631	0 106.95 5.50523
0.0625 9.04078 9.47545	0 76.1249 5.47414
0.0627441 9.10044 9.31404	0 77.3777 5.44893
0.0629883 9.0415 9.15133	0 111.858 5.39981
0.0632324 9.10741 8.9875	0 102.514 5.30293
0.0634766 9.76472 8.82329	0 96.8244 5.14888
0.0637207 8.04484 8.6598	0 56.8148 4.94499
0.0639648 7.53721 8.49816	0 50.1882 4.7112
0.064209 8.21028 8.33938	0 69.6144 4.47224
0.0644531 8.45755 8.18423	0 70.2027 4.24978
0.0646973 8.27787 8.03327	0 79.4823 4.05711
0.0649414 8.27855 7.88686	0 63.3223 3.89712
0.0651855 7.70872 7.74526	0 76.5917 3.7632
0.0654297 7.42999 7.60868	0 52.3334 3.6421
0.0656738 6.92867 7.47734	0 50.2963 3.51787
0.065918 6.5277 7.35144	0 52.791 3.37584
0.0661621 7.00148 7.23127	0 42.4319 3.20601
0.0664062 8.67521 7.11714	0 91.3299 3.00593
0.0666504 7.36431 7.00942	0 53.4879 2.78262
0.0668945 6.0712 6.90849	0 44.9828 2.55329
0.0671387 6.3448 6.81475	0 37.6795 2.34349
0.0673828 6.09027 6.72848	0 26.5033 2.18211
0.067627 6.90151 6.64979	0 35.3088 2.0939
0.0678711 6.54573 6.57858	0 36.6078 2.09179
0.0681152 6.86554 6.51448	0 37.8161 2.17204
0.0683594 6.03443 6.45691	0 38.435 2.31423
0.0686035 6.81126 6.4051	0 50.1309 2.48636
0.0688477 5.26569 6.35814	0 39.6286 2.65326
0.0690918 6.75798 6.31513	0 45.8714 2.78554
0.0693359 6.57259 6.27517	0 33.6124 2.86635
0.0695801 6.29028 6.23741	0 34.3348 2.89408
0.0698242 5.90306 6.20112	0 26.7497 2.88023
0.0700684 6.35944 6.1657	0 49.0479 2.84361
0.0703125 5.48523 6.13069	0 34.1379 2.80301
0.0705566 6.75571 6.09585	0 44.6044 2.7712
0.0708008 5.89757 6.06113	0 30.9775 2.75242
0.0710449 6.44754 6.02671	0 46.2653 2.74373
0.0712891 5.50043 5.99293	0 32.356 2.73882
0.0715332 5.97181 5.96027	0 29.3233 2.73166
0.0717773 6.52041 5.92924	0 41.2933 2.7183
0.0720215 5.54847 5.90029	0 34.9203 2.69642
0.0722656 5.37681 5.87379	0 36.0549 2.66381
0.0725098 5.3044 5.84997	0 40.1888 2.61739
0.0727539 6.13556 5.829	0 37.2971 2.55369
0.072998 6.37375 5.81105	0 33.1075 2.47068
0.0732422 6.16266 5.79634	0 33.6857 2.37
0.0734863 5.1898 5.78515	0 25.6434 2.2582
0.0737305 6.06223 5.7778	0 41.9048 2.14626
0.0739746 5.27806 5.77446	0 22.7327 2.04715
0.0742188 5.57028 5.77507	0 26.1313 1.97232
0.0744629 5.57705 5.77915	0 23.0694 1.92822
0.074707 5.78274 5.7857	0 32.5885 1.91455
0.0749512 6.10953 5.79331	0 40.0111 1.92474
0.0751953 5.63974 5.80024	0 38.8931 1.94848
0.0754395 5.41071 5.80471	0 34.0811 1.97523
0.0756836 6.1719 5.80519	0 49.1097 1.99728
0.0759277 6.68867 5.80065	0 50.528 2.01135
0.0761719 5.71631 5.79073	0 27.955 2.01823
0.076416 6.18037 5.77581	0 31.3735 2.02061
0.0766602 5.53053 5.75693	0 23.754 2.02019
0.0769043 5.79696 5.73563	0 33.6292 2.01548
0.0771484 4.65086 5.71373	0 27.8925 2.00155
0.0773926 6.17047 5.69316	0 31.1139 1.97214
0.0776367 5.51178 5.67574	0 46.1024 1.92325
0.0778809 6.07838 5.66309	0 35.3436 1.85627
0.078125 5.75046 5.65645	0 27.1537 1.77902
0.0783691 5.26971 5.65662	0 36.8677 1.70389
0.0786133 5.48834 5.66379	0 22.2826 1.64413
0.0788574 5.38948 5.67746	0 28.2779 1.60983
0.0791016 5.43112 5.69641	0 28.6972 1.6053
0.0793457 5.26574 5.71873	0 28.1617 1.62828
0.0795898 5.59057 5.74206	0 22.3334 1.67129
0.079834 6.25243 5.76383	0 41.3721 1.72421
0.0800781 6.57121 5.78166	0 60.2402 1.77762
0.0803223 6.02076 5.79366	0 28.1794 1.82564
0.0805664 5.64017 5.79869	0 30.3582 1.86743
0.0808105 6.55108 5.79642	0 40.4314 1.90647
0.0810547 5.48167 5.78727	0 29.2573 1.94789
0.0812988 5.55392 5.77223	0 21.5568 1.99501
0.081543 5.4447 5.75262	0 29.1691 2.04676
0.0817871 5.54504 5.72998	0 32.898 2.09719
0.0820312 6.24158 5.70584	0 35.2337 2.13723
0.0822754 5.51643 5.68177	0 32.7281 2.15776
0.0825195 6.26101 5.65933	0 39.7292 2.15256
0.0827637 5.56773 5.64005	0 23.2237 2.12001
0.0830078 5.07963 5.62539	0 25.3017 2.06353
0.083252 5.41872 5.61664	0 19.4372 1.99088
0.0834961 5.79381 5.61476	0 31.3645 1.91285
0.0837402 5.23254 5.62027	0 30.1438 1.84145
0.0839844 5.01708 5.63317	0 28.2361 1.7877
0.0842285 5.50523 5.65299	0 26.3196 1.75935
0.0844727 5.96222 5.67885	0 35.095 1.75922
0.0847168 5.99868 5.70962	0 31.3192 1.7849
0.0849609 6.01925 5.74408	0 28.6526 1.82985
0.0852051 5.55243 5.78095	0 25.6235 1.88558
0.0854492 6.21681 5.81894	0 43.3347 1.94379
0.0856934 4.94963 5.85672	0 22.6325 1.99783
0.0859375 5.58588 5.89287	0 30.7498 2.04328
0.0861816 6.02563 5.92587	0 30.9568 2.07764
0.0864258 7.04438 5.95413	0 47.3712 2.09965
0.0866699 5.15888 5.97612	0 14.6689 2.10872
0.0869141 7.30057 5.99059	0 47.5596 2.1045
0.0871582 5.85058 5.99666	0 28.2813 2.08704
0.0874023 5.26494 5.99407	0 26.1965 2.05724
0.0876465 6.24791 5.98325	0 37.7195 2.01726
0.0878906 7.17703 5.9653	0 42.0808 1.97072
0.0881348 5.7263 5.94199	0 34.4509 1.92217
0.0883789 5.68308 5.91553	0 33.677 1.87622
0.088623 5.60949 5.88843	0 43.4677 1.83689
0.0888672 5.39338 5.86323	0 29.1155 1.80756
0.0891113 6.49589 5.84221	0 54.6489 1.79185
0.0893555 5.99411 5.82721	0 30.7375 1.7943
0.0895996 5.01435 5.81932	0 25.0479 1.81984
0.0898438 5.35937 5.81879	0 43.6245 1.87157
0.0900879 5.99553 5.82501	0 26.2096 1.94765
0.090332 5.44461 5.83652	0 27.7469 2.03917
0.0905762 6.15675 5.85133	0 50.6068 2.13107
0.0908203 5.42323 5.86714	0 35.5566 2.20635
0.0910645 5.78706 5.88178	0 33.2247 2.25201
0.0913086 7.20501 5.8935	0 64.4284 2.26378
0.0915527 6.17744 5.9012	0 40.1695 2.24715
0.0917969 6.10095 5.90456	0 26.0889 2.21414
0.092041 5.2079 5.90394	0 24.1297 2.1777
0.0922852 6.09987 5.90024	0 49.3739 2.14677
0.0925293 5.36952 5.89463	0 25.662 2.1243
0.0927734 5.66197 5.88832	0 27.5337 2.1084
0.0930176 6.12108 5.88244	0 29.691 2.09518
0.0932617 6.64964 5.87782	0 46.1918 2.08098
0.0935059 5.67325 5.87502	0 36.5676 2.06318
0.09375 5.5061 5.87422	0 28.2525 2.03953
0.0939941 5.86845 5.87529	0 28.1052 2.00723
0.0942383 5.7119 5.87772	0 25.1844 1.96292
0.0944824 5.58362 5.88072	0 32.0977 1.90391
0.0947266 5.52884 5.8833	0 34.0629 1.83021
0.0949707 7.11758 5.88439	0 47.7999 1.74631
0.0952148 5.09073 5.88304	0 21.1163 1.66135
0.095459 6.44715 5.8786	0 35.4684 1.5876
0.0957031 6.0107 5.87084	0 39.8231 1.53731
0.0959473 6.24619 5.85995	0 28.2583 1.5193
0.0961914 6.12719 5.84656	0 31.6406 1.53635
0.0964355 4.57835 5.83151	0 18.8603 1.58433
0.0966797 5.85513 5.81569	0 35.1832 1.65313
0.0969238 6.39602 5.79984	0 36.2526 1.72925
0.097168 5.3685 5.78437	0 26.9446 1.79949
0.0974121 6.27127 5.76929	0 45.5997 1.85458
0.0976562 5.45738 5.75422	0 40.2377 1.8915
0.0979004 5.46286 5.73851	0 36.4496 1.91313
0.0981445 5.74211 5.72137	0 24.0005 1.92546
0.0983887 5.83373 5.70216	0 36.5023 1.93361
0.0986328 5.97332 5.68059	0 40.7739 1.93911
0.098877 5.60977 5.6569	0 23.407 1.94004
0.0991211 6.00785 5.63197	0 55.043 1.93376
0.0993652 5.88369 5.60726	0 42.4447 1.9202
0.0996094 5.44445 5.58462	0 32.6573 1.90346
0.0998535 5.43536 5.56603	0 24.2567 1.89056
0.100098 4.80817 5.55314	0 21.4395 1.88807
0.100342 5.45838 5.547	0 29.4994 1.89856
0.100586 5.4769 5.54777	0 40.4741 1.91903
0.10083 4.7226 5.55459	0 21.2959 1.94182
0.101074 5.7494 5.56571	0 35.8611 1.95784
0.101318 5.90405 5.5787	0 37.8027 1.96031
0.101562 5.87492 5.59073	0 38.524 1.94739
0.101807 6.58668 5.59897	0 59.0795 1.92244
0.102051 4.51251 5.60087	0 21.2266 1.89187
0.102295 6.38076 5.5944	0 42.0239 1.86185
0.102539 4.79138 5.57823	0 31.0435 1.83583
0.102783 6.40529 5.55177	0 41.9526 1.81409
0.103027 5.89597 5.51522	0 40.8106 1.79542
0.103271 5.66395 5.46954	0 45.7978 1.77914
0.103516 5.39666 5.41638	0 27.3008 1.76597
0.10376 5.45775 5.35792	0 27.9125 1.75696
0.104004 5.18928 5.29674	0 22.9863 1.75175
0.104248 5.42086 5.23556	0 34.0525 1.74771
0.104492 4.71049 5.17701	0 32.3724 1.74108
0.104736 4.89228 5.12334	0 36.1923 1.72931
0.10498 5.26928 5.07621	0 21.7828 1.71306
0.105225 4.44591 5.0365	0 14.5686 1.6963
0.105469 5.26382 5.00426	0 36.3522 1.6845
0.105713 4.23178 4.97869	0 14.8151 1.68189
0.105957 5.64167 4.95826	0 32.1905 1.68945
0.106201 4.37246 4.94098	0 18.4299 1.70432
0.106445 4.82671 4.92468	0 21.3393 1.72089
0.106689 4.99835 4.90733	0 19.4837 1.73266
0.106934 5.30983 4.88741	0 21.2296 1.73425
0.107178 5.92291 4.86414	0 36.0966 1.72294
0.107422 4.42475 4.83767	0 20.8083 1.69931
0.107666 4.41189 4.80901	0 23.3902 1.66698
0.10791 4.91771 4.77991	0 22.8348 1.63163
0.108154 4.87196 4.75257	0 21.4226 1.5996
0.108398 4.67157 4.72924	0 26.0626 1.57646
0.108643 4.57424 4.71181	0 19.446 1.56575
0.108887 4.25874 4.70148	0 19.6642 1.56812
0.109131 3.95585 4.69857	0 13.3182 1.58096
0.109375 4.73689 4.70238	0 21.3993 1.59885
0.109619 4.90672 4.71136	0 22.4818 1.61473
0.109863 4.44886 4.72336	0 17.8014 1.62181
0.110107 5.20057 4.736	0 33.3821 1.61537
0.110352 5.09597 4.74706	0 21.1865 1.59392
0.110596 4.41441 4.75478	0 12.6855 1.55931
0.11084 5.21542 4.75815	0 28.9596 1.51571
0.111084 4.7874 4.75691	0 15.4667 1.46799
0.111328 5.47556 4.75147	0 26.8322 1.42012
0.111572 4.38624 4.74269	0 18.6705 1.37406
0.111816 4.26141 4.73154	0 15.3765 1.32946
0.112061 4.27666 4.71887	0 19.9683 1.28433
0.112305 5.25354 4.70516	0 22.5761 1.23636
0.112549 4.36683 4.69042	0 10.6574 1.18453
0.112793 4.62164 4.67426	0 22.2199 1.13032
0.113037 4.94882 4.65602	0 25.3316 1.07797
0.113281 4.8134 4.63502	0 19.8541 1.03348
0.113525 5.14217 4.61075	0 22.8688 1.00273
0.11377 4.31837 4.58307	0 17.7708 0.989597
0.114014 4.06659 4.55234	0 12.9405 0.99473
0.114258 4.94756 4.51946	0 25.911 1.01565
0.114502 4.65114 4.48573	0 20.6929 1.04786
0.114746 4.61929 4.45278	0 15.2187 1.08625
0.11499 4.21353 4.42231	0 15.8675 1.12633
0.115234 4.26896 4.39586	0 15.2515 1.16465
0.115479 4.24192 4.37463	0 22.1372 1.19879
0.115723 3.65274 4.35928	0 10.1113 1.22721
0.115967 4.26391 4.34989	0 21.2132 1.24905
0.116211 4.36977 4.34597	0 16.8324 1.26405
0.116455 4.58084 4.34656	0 23.6894 1.27246
0.116699 4.38198 4.35036	0 19.6617 1.27471
0.116943 4.54798 4.35591	0 21.8752 1.27102
0.117188 4.29108 4.3617	0 15.8785 1.26109
0.117432 4.32426 4.3663	0 13.9939 1.24412
0.117676 4.1796 4.36839	0 20.0432 1.21913
0.11792 4.2971 4.36685	0 23.2941 1.1856
0.118164 4.85932 4.36081	0 20.8218 1.14401
0.118408 4.27317 4.34976	0 19.3895 1.0961
0.118652 4.42726 4.33368	0 18.2405 1.04482
0.118896 4.43717 4.31307	0 16.4251 0.993947
0.119141 4.58477 4.28904	0 18.196 0.947617
0.119385 4.65381 4.26321	0 23.3606 0.909851
0.119629 4.07271 4.23758	0 13.0739 0.884162
0.119873 3.79003 4.21423	0 14.7397 0.873225
0.120117 3.89713 4.19499	0 14.2841 0.87856
0.120361 4.02062 4.18119	0 14.9593 0.900137
0.120605 4.15476 4.17337	0 18.5886 0.935881
0.12085 3.69218 4.17118	0 15.3546 0.981241
0.121094 4.1101 4.17348	0 12.56 1.02916
0.121338 4.67163 4.17848	0 22.4204 1.0708
0.121582 4.01517 4.18411	0 17.2034 1.0972
0.121826 3.53845 4.1884	0 13.1189 1.10135
0.12207 5.2742 4.18983	0 23.6495 1.0802
0.122314 4.4113 4.18758	0 15.0912 1.0356
0.122559 4.547 4.18167	0 17.157 0.973829
0.122803 3.93146 4.17291	0 10.0979 0.903881
0.123047 4.23217 4.16267	0 12.4775 0.835056
0.123291 3.88706 4.15259	0 13.9537 0.774847
0.123535 3.63479 4.14421	0 13.1458 0.727796
0.123779 4.15857 4.13867	0 17.21 0.695598
0.124023 4.27682 4.13655	0 18.9475 0.678082
0.124268 3.88853 4.13781	0 17.4102 0.674402
0.124512 3.81662 4.14185	0 15.3699 0.683789
0.124756 4.31565 4.14773	0 14.1821 0.705653
0.125 4.75078 4.15435	0 16.0658 0.739267
0.125244 4.03409 4.16066	0 14.4853 0.7834
0.125488 4.29068 4.16578	0 16.3153 0.836091
0.125732 4.08532 4.16903	0 15.0146 0.894527
0.125977 4.10361 4.16994	0 14.3625 0.954921
0.126221 4.0969 4.16815	0 14.8401 1.01245
0.126465 4.01049 4.16342	0 16.6826 1.06155
0.126709 4.3808 4.1556	0 24.5205 1.09668
0.126953 4.29075 4.14466	0 20.7351 1.11352
0.127197 4.3749 4.13079	0 16.6033 1.11009
0.127441 3.78298 4.11444	0 15.5208 1.08731
0.127686 4.65384 4.09637	0 25.4757 1.04881
0.12793 4.17854 4.07762	0 14.4254 1.00002
0.128174 3.84061 4.05942	0 17.1285 0.947144
0.128418 3.52549 4.043	0 9.53642 0.896252
0.128662 3.90224 4.02948	0 15.9433 0.852735
0.128906 4.56401 4.01968	0 18.736 0.82101
0.12915 3.48317 4.01401	0 10.6413 0.804264
0.129395 3.71729 4.01246	0 12.8928 0.804103
0.129639 4.4991 4.01464	0 25.1237 0.820232
0.129883 3.70928 4.0199	0 11.5966 0.850394
0.130127 3.922 4.02748	0 13.6622 0.89077
0.130371 4.06727 4.03668	0 18.661 0.936788
0.130615 4.0439 4.047	0 17.7663 0.984065
0.130859 4.47657 4.05818	0 19.1115 1.02914
0.131104 4.40222 4.07015	0 20.5216 1.06985
0.131348 3.76022 4.08297	0 13.8923 1.1053
0.131592 3.57627 4.09658	0 12.9467 1.13566
0.131836 4.19591 4.11068	0 18.5866 1.16171
0.13208 3.96203 4.12455	0 20.3995 1.18417
0.132324 4.64765 4.13704	0 25.4041 1.20295
0.132568 3.17056 4.14666	0 15.2384 1.21648
0.132812 4.45725 4.15185	0 17.8867 1.22179
0.133057 4.73764 4.15122	0 14.5766 1.2155
0.133301 4.88174 4.1439	0 21.0077 1.19559
0.133545 4.29641 4.12976	0 21.2911 1.16279
0.133789 4.01911 4.10951	0 13.6797 1.12081
0.134033 3.92342 4.08468	0 14.2736 1.07485
0.134277 3.99915 4.05739	0 13.9074 1.02933
0.134521 4.11394 4.03006	0 22.0706 0.986048
0.134766 3.72039 4.0051	0 15.6794 0.944026
0.13501 3.89652 3.98455	0 11.8353 0.900976
0.135254 4.04221 3.96986	0 18.0305 0.855477
0.135498 3.42955 3.96173	0 14.1728 0.808545
0.135742 3.96083 3.96013	0 12.6748 0.76387
0.135986 3.4371 3.96437	0 15.4075 0.726774
0.13623 4.23195 3.97326	0 22.7939 0.70257
0.136475 4.37257 3.98541	0 13.358 0.695039
0.136719 3.918 3.99942	0 15.8171 0.705503
0.136963 4.05024 4.01409	0 13.8839 0.732631
0.137207 3.76474 4.02856	0 13.9437 0.772897
0.137451 4.63757 4.04241	0 18.992 0.821481
0.137695 4.07046 4.05552	0 19.9152 0.873332
0.137939 3.33493 4.0681	0 11.1337 0.92406
0.138184 4.55997 4.08042	0 14.931 0.970366
0.138428 4.35172 4.09276	0 24.4304 1.00992
0.138672 3.61124 4.1052	0 8.7723 1.04092
0.138916 3.94894 4.11762	0 16.3456 1.06166
0.13916 4.0792 4.12962	0 16.456 1.07063
0.139404 4.55143 4.14058	0 23.7528 1.06724
0.139648 4.19983 4.14977	0 15.0991 1.05283
0.139893 3.95446 4.15641	0 13.7892 1.03145
0.140137 4.6878 4.1598	0 25.6832 1.0096
0.140381 3.68799 4.15943	0 13.6187 0.99489
0.140625 4.49099 4.15505	0 15.3503 0.993683
0.140869 4.27534 4.14674	0 17.8844 1.00875
0.141113 4.02437 4.13487	0 15.2001 1.03793
0.141357 4.18285 4.12017	0 16.6916 1.07447
0.141602 4.29707 4.10359	0 18.7872 1.1092
0.141846 4.19132 4.08624	0 14.6484 1.13356
0.14209 3.91278 4.06923	0 31.3363 1.1423
0.142334 4.18967 4.05356	0 22.7156 1.13467
0.142578 3.59303 4.03995	0 13.8594 1.11362
0.142822 3.74219 4.02877	0 14.826 1.08374
0.143066 3.87893 4.02003	0 13.3791 1.04918
0.143311 4.25597 4.0134	0 17.7032 1.01266
0.143555 4.30438 4.00833	0 20.8854 0.97586
0.143799 3.89241 4.00422	0 23.1307 0.940481
0.144043 4.1428 4.00056	0 12.903 0.909063
0.144287 3.83344 3.99704	0 20.6789 0.884796
0.144531 3.84179 3.99361	0 12.9846 0.870556
0.144775 4.27496 3.9905	0 18.5199 0.867786
0.14502 4.081 3.98818	0 18.3171 0.875847
0.145264 4.0224 3.98729	0 14.7038 0.892068
0.145508 3.43627 3.98855	0 12.9185 0.912349
0.145752 3.99623 3.99271	0 13.722 0.932116
0.145996 4.25839 4.00048	0 16.3482 0.947419
0.14624 3.81673 4.0125	0 15.5083 0.956003
0.146484 3.72046 4.02924	0 11.6797 0.957995
0.146729 4.52466 4.05097	0 16.1051 0.955865
0.146973 3.8876 4.07761	0 13.7298 0.953514
0.147217 4.25165 4.1087	0 13.7611 0.954802
0.147461 3.35751 4.14332	0 10.679 0.962142
0.147705 3.79681 4.18007	0 13.8753 0.97582
0.147949 4.29175 4.21722	0 18.7168 0.994239
0.148193 4.58017 4.25282	0 21.8235 1.01478
0.148438 5.24079 4.28492	0 25.5693 1.03467
0.148682 3.99329 4.31184	0 16.3499 1.05136
0.148926 4.66867 4.33231	0 27.6463 1.06258
0.14917 3.99669 4.34563	0 14.3788 1.06633
0.149414 4.60879 4.35167	0 21.8571 1.06137
0.149658 4.50157 4.35087	0 25.7747 1.0479
0.149902 4.2727 4.34407	0 16.4298 1.02815
0.150146 4.5884 4.33245	0 16.7999 1.00595
0.150391 4.51339 4.31727	0 19.8802 0.985495
0.150635 4.20068 4.29979	0 12.829 0.969677
0.150879 4.15171 4.28114	0 15.659 0.958943
0.151123 4.13072 4.26219	0 13.9709 0.951264
0.151367 3.8747 4.24362	0 11.7657 0.943241
0.151611 4.40036 4.22591	0 17.4505 0.931842
0.151855 4.15352 4.20939	0 18.2559 0.915959
0.1521 4.35105 4.19439	0 15.8695 0.897092
0.152344 4.69919 4.18122	0 28.3503 0.878795
0.152588 4.51571 4.1702	0 18.3483 0.865095
0.152832 3.17969 4.16157	0 10.2996 0.858594
0.153076 3.66571 4.15545	0 14.9928 0.859197
0.15332 4.40431 4.15173	0 22.486 0.864122
0.153564 4.14103 4.15001	0 13.0376 0.869118
0.153809 4.34685 4.14968	0 11.7823 0.870213
0.154053 3.74807 4.14996	0 14.5873 0.8651
0.154297 4.80355 4.1501	0 25.8312 0.853657
0.154541 4.27994 4.14946	0 17.1485 0.837602
0.154785 3.9095 4.14765	0 15.6554 0.819665
0.155029 4.10524 4.14456	0 18.1112 0.802698
0.155273 4.07077 4.14033	0 13.7705 0.789003
0.155518 4.26909 4.13527	0 16.3588 0.780041
0.155762 4.32615 4.12975	0 17.1576 0.776519
0.156006 3.80289 4.1241	0 15.7137 0.77873
0.15625 4.09119 4.11853	0 16.9562 0.786874
0.156494 4.23096 4.11313	0 16.9638 0.801078
0.156738 4.05787 4.10788	0 13.2522 0.821062
0.156982 3.93777 4.10278	0 16.3691 0.845647
0.157227 3.974 4.09791	0 17.0303 0.872549
0.157471 4.31175 4.09354	0 14.8348 0.89874
0.157715 4.71411 4.09019	0 22.757 0.921358
0.157959 3.95119 4.08853	0 12.753 0.93876
0.158203 3.92699 4.08933	0 16.3976 0.95115
0.158447 3.68026 4.09321	0 14.3586 0.960389
0.158691 3.89694 4.10049	0 12.6191 0.969003
0.158936 3.9122 4.111	0 16.9146 0.978812
0.15918 3.98534 4.12404	0 18.0276 0.989845
0.159424 4.44775 4.13838	0 18.1711 1.00011
0.159668 4.21942 4.15243	0 17.3817 1.00644
0.159912 4.00105 4.16445	0 15.1773 1.00602
0.160156 4.56941 4.1728	0 38.5717 0.998043
0.1604 4.38121 4.17623	0 18.5624 0.984404
0.160645 4.20432 4.17408	0 14.9852 0.969183
0.160889 4.31909 4.1664	0 16.1651 0.957053
0.161133 3.90302 4.15399	0 12.8201 0.951472
0.161377 4.53521 4.13836	0 15.4112 0.953563
0.161621 4.2891 4.12148	0 15.3639 0.962137
0.161865 4.24395 4.10559	0 22.0971 0.974563
0.162109 3.79153 4.09281	0 11.807 0.987811
0.162354 3.81632 4.08479	0 16.5303 0.999115
0.162598 3.53092 4.08249	0 15.446 1.0062
0.162842 3.89606 4.08594	0 15.5629 1.00743
0.163086 3.67656 4.09429	0 13.0646 1.00224
0.16333 4.22931 4.10597	0 19.4052 0.991739
0.163574 4.81033 4.11897	0 24.7881 0.979068
0.163818 3.94538 4.1313	0 11.7371 0.968907
0.164062 4.28822 4.14129	0 16.547 0.966043
0.164307 4.65835 4.14796	0 20.7945 0.97341
0.164551 4.41337 4.15105	0 16.7809 0.990556
0.164795 3.66508 4.15107	0 12.8622 1.0134
0.165039 4.05909 4.14903	0 19.6599 1.03562
0.165283 4.56536 4.14616	0 20.2118 1.05116
0.165527 3.96398 4.14359	0 13.9834 1.05669
0.165771 3.52718 4.14211	0 14.6517 1.05289
0.166016 4.0673 4.142	0 12.8177 1.04392
0.16626 4.68563 4.14307	0 13.3051 1.03543
0.166504 3.42287 4.14479	0 10.4338 1.03223
0.166748 4.25307 4.14654	0 19.9155 1.03668
0.166992 4.4098 4.1479	0 17.451 1.0485
0.167236 5.16334 4.14878	0 30.0912 1.06582
0.16748 3.86996 4.14959	0 17.1924 1.08656
0.167725 4.21139 4.15112	0 19.8949 1.10947
0.167969 3.98562 4.15437	0 13.3556 1.13418
0.168213 3.13267 4.16032	0 11.0088 1.16066
0.168457 4.24946 4.16968	0 16.0765 1.18854
0.168701 3.85723 4.18272	0 16.742 1.21667
0.168945 4.81073 4.19917	0 26.7535 1.24329
0.169189 4.21388 4.2183	0 16.9685 1.26645
0.169434 4.62058 4.23894	0 21.0228 1.28459
0.169678 4.09903 4.2597	0 16.4729 1.29683
0.169922 3.73603 4.27906	0 10.8383 1.30303
0.170166 4.13955 4.29555	0 25.4199 1.30343
0.17041 4.63199 4.30788	0 20.4136 1.2983
0.170654 4.61681 4.31507	0 17.4804 1.28768
0.170898 4.53619 4.31654	0 20.3205 1.2715
0.171143 4.94641 4.31217	0 19.375 1.25011
0.171387 4.22298 4.30232	0 16.5513 1.22476
0.171631 4.08279 4.28776	0 20.8985 1.19769
0.171875 3.90693 4.26954	0 11.4893 1.17153
0.172119 4.05995 4.24889	0 16.0997 1.14837
0.172363 4.84206 4.227	0 19.1758 1.12884
0.172607 4.30021 4.20495	0 25.0635 1.11172
0.172852 3.96556 4.18358	0 13.3201 1.09427
0.173096 3.91507 4.16346	0 14.1142 1.07303
0.17334 3.97454 4.1449	0 12.7823 1.04513
0.173584 4.33815 4.128	0 22.0505 1.00961
0.173828 3.95663 4.1127	0 19.2356 0.968442
0.174072 3.95014 4.0989	0 14.7838 0.926518
0.174316 4.62667 4.08645	0 20.0095 0.890396
0.174561 4.19772 4.07527	0 17.2931 0.86603
0.174805 3.81002 4.06532	0 12.3315 0.856457
0.175049 3.50094 4.05668	0 13.1286 0.860619
0.175293 3.94707 4.04947	0 14.6364 0.873949
0.175537 4.64937 4.04389	0 27.9105 0.890387
0.175781 3.94561 4.04024	0 16.7843 0.904716
0.176025 4.36069 4.03884	0 18.4447 0.914073
0.17627 3.38681 4.04006	0 13.2515 0.918157
0.176514 4.03099 4.04423	0 14.2429 0.918465
0.176758 4.02191 4.05159	0 19.6781 0.917298
0.177002 4.55191 4.06216	0 14.723 0.917118
0.177246 3.49404 4.07569	0 12.2241 0.920265
0.17749 4.03291 4.09155	0 16.1733 0.928731
0.177734 3.87969 4.10873	0 16.7463 0.943691
0.177979 4.13106 4.12585	0 16.4179 0.964888
0.178223 4.75667 4.14129	0 18.7048 0.990271
0.178467 3.979 4.1533	0 18.2174 1.01626
0.178711 3.86502 4.16024	0 10.9297 1.03867
0.178955 4.30367 4.16074	0 20.7428 1.05393
0.179199 4.86625 4.15388	0 25.5074 1.05997
0.179443 4.56619 4.13932	0 17.6196 1.05632
0.179688 3.91154 4.11739	0 19.2902 1.04358
0.179932 3.99941 4.089	0 14.0111 1.02254
0.180176 4.0709 4.05565	0 18.2862 0.993781
0.18042 4.1993 4.0193	0 18.2688 0.957799
0.180664 4.03765 3.98221	0 15.0166 0.915707
0.180908 3.54541 3.94679	0 13.8666 0.869784
0.181152 3.82809 3.91542	0 12.0312 0.823538
0.181396 4.43246 3.89025	0 20.8233 0.781209
0.181641 3.50817 3.87294	0 10.2451 0.747042
0.181885 3.41656 3.86443	0 13.984 0.724695
0.182129 3.7896 3.86476	0 18.4885 0.716833
0.182373 3.27165 3.87295	0 7.16416 0.724746
0.182617 3.48894 3.88707	0 13.2579 0.747793
0.182861 3.90907 3.90445	0 16.953 0.782812
0.183105 4.1757 3.92207	0 17.658 0.823918
0.18335 4.37717 3.93702	0 13.1148 0.863186
0.183594 4.46525 3.94699	0 20.5553 0.892333
0.183838 4.24591 3.95066	0 14.8449 0.905044
0.184082 3.96085 3.94786	0 18.4687 0.899098
0.184326 4.48137 3.93959	0 25.4035 0.877414
0.18457 3.42963 3.92768	0 9.71865 0.847402
0.184814 4.03795 3.91446	0 12.1095 0.818682
0.185059 3.5264 3.9023	0 10.2576 0.799901
0.185303 3.23662 3.89316	0 13.525 0.795873
0.185547 3.907 3.88839	0 17.0332 0.806196
0.185791 3.94534 3.88859	0 14.0514 0.825945
0.186035 4.11588 3.89363	0 13.7645 0.848139
0.186279 3.69922 3.90288	0 12.4925 0.866895
0.186523 4.18045 3.91535	0 20.9038 0.87985
0.186768 3.68597 3.9299	0 14.4246 0.888788
0.187012 4.19273 3.94544	0 19.2325 0.898257
0.187256 3.62579 3.96098	0 11.8496 0.912914
0.1875 3.86333 3.97573	0 14.5856 0.934979
0.187744 4.2713 3.98907	0 16.1716 0.963049
0.187988 3.89796 4.00056	0 11.9933 0.992755
0.188232 4.67993 4.00992	0 20.8009 1.01875
0.188477 3.86721 4.01698	0 16.8024 1.03686
0.188721 4.03708 4.02164	0 17.2649 1.04532
0.188965 3.25245 4.02387	0 8.11005 1.04474
0.189209 4.57843 4.02374	0 27.3896 1.03714
0.189453 3.63569 4.02143	0 11.6729 1.02492
0.189697 4.21695 4.0173	0 21.0415 1.0102
0.189941 5.00297 4.0119	0 23.9073 0.994839
0.190186 3.67195 4.00599	0 11.4485 0.980975
0.19043 3.89658 4.00044	0 13.4181 0.971534
0.190674 3.84896 3.9961	0 13.7792 0.970396
0.190918 3.68121 3.99367	0 12.7319 0.981721
0.191162 3.64405 3.99358	0 12.1371 1.0084
0.191406 4.15936 3.99587	0 13.275 1.05019
0.19165 3.53203 4.00026	0 11.195 1.10245
0.191895 4.53206 4.00614	0 17.4661 1.15668
0.192139 4.70789 4.01275	0 25.3679 1.20283
0.192383 3.82667 4.0192	0 18.1053 1.23264
0.192627 3.74391 4.02461	0 13.9553 1.2423
0.192871 3.67337 4.02813	0 11.8934 1.23315
0.193115 3.9357 4.029	0 11.7715 1.2101
0.193359 4.18368 4.02659	0 16.1068 1.17884
0.193604 4.44147 4.02047	0 17.6688 1.1435
0.193848 4.20961 4.01051	0 19.7383 1.10589
0.194092 4.42827 3.99694	0 18.3657 1.0666
0.194336 3.26687 3.98038	0 10.4076 1.02689
0.19458 4.61655 3.96182	0 23.8013 0.990044
0.194824 3.6182 3.94251	0 14.3714 0.961274
0.195068 3.91293 3.92377	0 19.1401 0.946008
0.195312 3.441 3.90687	0 12.0736 0.947503
0.195557 4.51237 3.89276	0 20.7646 0.96487
0.195801 3.49617 3.88201	0 12.1665 0.992544
0.196045 3.20065 3.87475	0 11.7345 1.02155
0.196289 4.23373 3.87067	0 20.5168 1.04214
0.196533 3.79324 3.8691	0 15.6995 1.04687
0.196777 4.1705 3.8692	0 18.5471 1.03284
0.197021 3.86736 3.86998	0 13.5915 1.00233
0.197266 3.92034 3.87055	0 15.3937 0.961592
0.19751 3.67984 3.8701	0 12.2931 0.918488
0.197754 3.88553 3.86799	0 15.4097 0.879934
0.197998 3.95144 3.8638	0 27.7762 0.850139
0.198242 3.7711 3.8573	0 11.2475 0.830093
0.198486 4.33449 3.84851	0 15.9879 0.818161
0.19873 3.69092 3.83764	0 10.9176 0.811248
0.198975 3.91641 3.8252	0 12.3504 0.806047
0.199219 3.40711 3.8119	0 12.5394 0.800041
0.199463 3.88985 3.79875	0 11.7742 0.792214
0.199707 4.13828 3.78693	0 20.7896 0.783399
0.199951 3.86315 3.77776	0 11.0134 0.776167
0.200195 3.59304 3.77254	0 11.8399 0.77415
0.200439 3.36309 3.7724	0 9.23437 0.78089
0.200684 3.73447 3.77813	0 15.4591 0.798515
0.200928 3.77759 3.79003	0 10.4441 0.826713
0.201172 3.24581 3.80788	0 7.45751 0.862375
0.201416 4.10452 3.83091	0 14.6298 0.900037
0.20166 3.26444 3.85794	0 8.14414 0.933013
0.201904 4.1869 3.88754	0 19.339 0.954901
0.202148 4.11874 3.91819	0 15.7746 0.961133
0.202393 4.46381 3.94844	0 21.8588 0.95016
0.202637 4.35159 3.97698	0 18.7134 0.923937
0.202881 3.53644 4.00267	0 9.91386 0.887494
0.203125 3.15987 4.02446	0 9.68361 0.847627
0.203369 4.91411 4.0414	0 17.3894 0.811169
0.203613 3.59674 4.05261	0 9.01827 0.783436
0.203857 4.48483 4.05734	0 13.9257 0.767416
0.204102 3.91205 4.05514	0 10.2678 0.763781
0.204346 4.73952 4.04593	0 19.7303 0.771437
0.20459 4.55298 4.03015	0 17.1294 0.788123
0.204834 4.05315 4.00874	0 17.1713 0.810825
0.205078 3.78752 3.98309	0 13.2765 0.836038
0.205322 3.58451 3.95483	0 11.5639 0.86008
0.205566 3.50199 3.92571	0 16.4255 0.879507
0.205811 4.02492 3.89739	0 16.3453 0.891517
0.206055 4.08145 3.87137	0 13.8307 0.894212
0.206299 3.73718 3.84894	0 15.1511 0.886767
0.206543 3.94191 3.83119	0 15.8844 0.869648
0.206787 3.77862 3.819	0 16.4019 0.844906
0.207031 3.99274 3.81304	0 15.9808 0.816271
0.207275 3.34316 3.81365	0 10.0509 0.788685
0.20752 3.43103 3.82078	0 10.2662 0.767122
0.207764 3.72734 3.83387	0 13.881 0.75508
0.208008 3.70898 3.85183	0 7.68987 0.753464
0.208252 3.67113 3.87306	0 13.3259 0.760462
0.208496 3.80022 3.89568	0 14.2195 0.772473
0.20874 5.12592 3.91768	0 20.0712 0.785546
0.208984 3.29558 3.93725	0 9.56729 0.796591
0.209229 4.02857 3.95293	0 11.6364 0.803896
0.209473 4.1448 3.96382	0 17.7982 0.807007
0.209717 4.56452 3.96958	0 16.4642 0.806378
0.209961 3.83801 3.97039	0 12.9045 0.803185
0.210205 3.87951 3.96676	0 13.4533 0.799404
0.210449 3.82084 3.95942	0 14.6228 0.797869
0.210693 3.77569 3.94913	0 17.9876 0.80198
0.210938 3.84336 3.93654	0 12.9727 0.814901
0.211182 4.50223 3.92222	0 18.594 0.838482
0.211426 3.74987 3.90666	0 9.02842 0.872376
0.21167 3.74464 3.89029	0 12.8702 0.913783
0.211914 3.9192 3.87364	0 11.4999 0.957926
0.212158 4.12239 3.85731	0 16.1283 0.999036
0.212402 3.87248 3.84202	0 11.5628 1.03148
0.212646 3.67944 3.82855	0 17.1347 1.05074
0.212891 3.39041 3.81765	0 17.4683 1.05417
0.213135 3.94015 3.80998	0 15.8448 1.04139
0.213379 3.82439 3.80593	0 12.5924 1.01448
0.213623 3.48561 3.80561	0 8.29106 0.977641
0.213867 4.2846 3.80877	0 18.2382 0.936472
0.214111 3.38747 3.81481	0 12.0341 0.896937
0.214355 3.60803 3.82283	0 12.1674 0.864286
0.2146 3.69965 3.83171	0 13.4681 0.842239
0.214844 4.43446 3.84023	0 23.6995 0.832662
0.215088 3.37025 3.84718	0 13.5297 0.835729
0.215332 4.7 3.85151	0 18.9737 0.850342
0.215576 3.48981 3.85244	0 10.5248 0.874483
0.21582 3.91256 3.84949	0 10.1617 0.905291
0.216064 3.92483 3.84258	0 16.5443 0.938933
0.216309 3.5876 3.83198	0 12.8761 0.970634
0.216553 4.06494 3.8183	0 16.3028 0.99524
0.216797 4.4204 3.80236	0 18.1829 1.00835
0.217041 3.72141 3.78515	0 15.5969 1.00767
0.217285 3.20384 3.7677	0 7.18449 0.993807
0.217529 3.56036 3.75098	0 15.6133 0.97023
0.217773 3.63608 3.73586	0 12.3414 0.942085
0.218018 4.02825 3.72305	0 13.4125 0.91463
0.218262 3.49097 3.71309	0 9.5383 0.891901
0.218506 3.86765 3.70635	0 15.5277 0.876174
0.21875 4.17572 3.70301	0 18.0342 0.868244
0.218994 3.07202 3.70304	0 7.70139 0.868085
0.219238 3.4176 3.70614	0 13.8551 0.875385
0.219482 3.8299 3.71177	0 13.2649 0.889584
0.219727 3.44528 3.71915	0 10.3295 0.909492
0.219971 3.74913 3.72736	0 10.6053 0.932814
0.220215 3.80984 3.73546	0 12.0642 0.956013
0.220459 3.87452 3.74265	0 16.761 0.974768
0.220703 4.66298 3.7484	0 18.6898 0.984914
0.220947 3.49243 3.75254	0 13.372 0.983534
0.221191 3.18638 3.75525	0 9.57506 0.969722
0.221436 3.87725 3.75702	0 16.0249 0.944751
0.22168 3.85697 3.75847	0 18.5698 0.911661
0.221924 3.72441 3.76029	0 10.6183 0.874543
0.222168 3.52754 3.76307	0 11.5895 0.837867
0.222412 4.08811 3.76721	0 15.3844 0.806038
0.222656 3.40568 3.77292	0 9.89416 0.783136
0.2229 3.90721 3.78023	0 16.0856 0.772611
0.223145 3.78169 3.78894	0 18.5096 0.776741
0.223389 3.78808 3.79874	0 18.1577 0.795893
0.223633 3.69742 3.80912	0 14.8229 0.827933
0.223877 4.13599 3.81947	0 21.2686 0.868226
0.224121 3.79073 3.82901	0 12.5966 0.910531
0.224365 3.69971 3.83691	0 15.4475 0.948617
0.224609 3.04238 3.84231	0 7.44983 0.977998
0.224854 4.57578 3.84448	0 30.4125 0.996972
0.225098 4.30031 3.84291	0 18.6358 1.00649
0.225342 4.09516 3.83745	0 17.4473 1.00898
0.225586 3.66356 3.82834	0 14.8602 1.00672
0.22583 3.83424 3.81623	0 16.1664 1.00084
0.226074 3.97936 3.80202	0 13.2417 0.991108
0.226318 3.42996 3.78671	0 11.7684 0.976693
0.226562 3.61361 3.77121	0 15.8176 0.957091
0.226807 4.04198 3.75615	0 17.4384 0.932707
0.227051 3.64423 3.74178	0 9.43194 0.904804
0.227295 3.11858 3.72797	0 6.39815 0.874994
0.227539 3.80763 3.71426	0 11.4369 0.844628
0.227783 4.09882 3.70005	0 16.4909 0.814433
0.228027 4.24181 3.6848	0 19.1884 0.784466
0.228271 3.4469 3.66818	0 7.58349 0.754305
0.228516 3.27145 3.65023	0 9.81337 0.723379
0.22876 3.77503 3.63144	0 11.9905 0.691386
0.229004 3.97707 3.6127	0 17.6856 0.658744
0.229248 3.46931 3.59523	0 12.3265 0.626971
0.229492 3.44196 3.5804	0 12.6926 0.598733
0.229736 3.32084 3.56951	0 11.4781 0.577367
0.22998 3.83877 3.56361	0 14.5437 0.565882
0.230225 3.25021 3.56326	0 12.0344 0.565779
0.230469 3.07463 3.56845	0 10.642 0.576208
0.230713 3.46631 3.57853	0 12.994 0.593926
0.230957 3.47011 3.59228	0 9.39053 0.614151
0.231201 3.96399 3.6081	0 14.7985 0.632021
0.231445 3.74637 3.6242	0 14.2209 0.644069
0.231689 3.46389 3.63894	0 8.17147 0.649115
0.231934 3.67638 3.65098	0 16.4328 0.648312
0.232178 4.38301 3.65952	0 19.3334 0.644406
0.232422 3.68023 3.66429	0 10.0188 0.640612
0.232666 3.39485 3.66553	0 12.7591 0.63953
0.23291 3.95747 3.66379	0 17.3689 0.642382
0.233154 3.57447 3.65976	0 13.0262 0.648667
0.233398 3.37327 3.65406	0 10.0412 0.656209
0.233643 3.26903 3.64713	0 10.5402 0.661605
0.233887 3.57617 3.63923	0 14.5343 0.661053
0.234131 4.40841 3.6305	0 20.2046 0.651472
0.234375 3.39951 3.62113	0 14.5867 0.631635
0.234619 3.44138 3.61149	0 8.29668 0.602949
0.234863 4.19633 3.60221	0 14.7812 0.569544
0.235107 3.62508 3.59418	0 9.4968 0.537545
0.235352 3.52653 3.58842	0 8.12107 0.513657
0.235596 3.24167 3.58588	0 8.88354 0.50338
0.23584 2.99757 3.58722	0 10.2666 0.509365
0.236084 3.5771 3.59267	0 12.2439 0.530453
0.236328 3.04053 3.60196	0 7.19136 0.561821
0.236572 4.10996 3.6144	0 16.8664 0.596345
0.236816 3.98085 3.629	0 18.5462 0.626808
0.237061 3.86099 3.64472	0 12.441 0.648148
0.237305 3.80395 3.66059	0 13.0825 0.658881
0.237549 3.3726 3.67588	0 11.9059 0.661131
0.237793 3.21084 3.69008	0 12.1904 0.659387
0.238037 3.88761 3.70292	0 14.7648 0.658708
0.238281 4.20548 3.71427	0 15.7386 0.663244
0.238525 3.64872 3.72406	0 13.5875 0.675643
0.23877 3.4645 3.73221	0 10.1146 0.697231
0.239014 3.68611 3.73861	0 12.2192 0.728423
0.239258 4.02533 3.74308	0 18.8573 0.768786
0.239502 3.99351 3.74544	0 12.4594 0.816637
0.239746 3.42625 3.74544	0 12.8776 0.868513
0.23999 3.63445 3.74284	0 8.76095 0.919114
0.240234 4.20766 3.73743	0 16.4327 0.962047
0.240479 3.58049 3.729	0 8.63989 0.991274
0.240723 3.77909 3.71748	0 14.5084 1.00274
0.240967 3.42797 3.70291	0 18.6325 0.995505
0.241211 3.90792 3.68558	0 14.2635 0.971919
0.241455 3.9235 3.66603	0 14.76 0.936799
0.241699 3.99849 3.64508	0 13.3348 0.895981
0.241943 3.39693 3.62382	0 12.2101 0.854813
0.242188 3.41032 3.60352	0 8.89824 0.817148
0.242432 3.29737 3.58548	0 8.85782 0.785036
0.242676 3.8933 3.57095	0 11.3797 0.759011
0.24292 3.34895 3.56089	0 11.7265 0.738619
0.243164 3.25396 3.55591	0 12.464 0.722811
0.243408 3.43468 3.55616	0 8.00668 0.710099
0.243652 3.4604 3.56135	0 12.2918 0.69861
0.243896 3.84124 3.57074	0 20.5814 0.686305
0.244141 3.32951 3.58325	0 10.119 0.671539
0.244385 3.3167 3.5976	0 12.7146 0.653803
0.244629 3.87856 3.61236	0 11.9671 0.634262
0.244873 4.00324 3.62609	0 11.8221 0.615676
0.245117 3.67307 3.63747	0 15.6122 0.601538
0.245361 3.32577 3.64531	0 9.98471 0.594702
0.245605 3.82076 3.64868	0 13.8903 0.596085
0.24585 3.68853 3.64696	0 12.1108 0.604102
0.246094 3.67996 3.63988	0 12.4243 0.615124
0.246338 3.96411 3.62763	0 14.0478 0.624777
0.246582 3.97692 3.61086	0 14.0371 0.629467
0.246826 3.22879 3.59067	0 11.3535 0.627497
0.24707 3.83333 3.56855	0 17.4974 0.619402
0.247314 3.66531 3.54626	0 12.1507 0.607561
0.247559 3.13359 3.52563	0 9.39726 0.595396
0.247803 3.47204 3.50841	0 10.4532 0.586499
0.248047 3.13546 3.49602	0 11.5597 0.58392
0.248291 3.60447 3.48945	0 11.8778 0.589741
0.248535 3.12891 3.48912	0 7.72437 0.604956
0.248779 3.60368 3.49486	0 10.2397 0.629624
0.249023 3.30631 3.50593	0 9.0751 0.663098
0.249268 3.74554 3.52113	0 13.1277 0.704168
0.249512 3.33446 3.53885	0 11.2438 0.751012
0.249756 3.41043 3.55726	0 14.3133 0.801112
0.25 3.37286 3.57447	0 10.0496 0.851384
0.250244 4.04657 3.58871	0 18.14 0.898674
0.250488 3.9286 3.59845	0 17.3672 0.940457
0.250732 3.88425 3.60257	0 14.031 0.975327
0.250977 3.51752 3.6005	0 14.2584 1.00291
0.251221 3.27221 3.59222	0 7.80471 1.02323
0.251465 3.90194 3.57833	0 17.1996 1.03586
0.251709 3.83319 3.55999	0 11.2622 1.0395
0.251953 3.68633 3.53879	0 21.406 1.03234
0.252197 3.39105 3.5166	0 10.6834 1.0129
0.252441 3.52883 3.49536	0 12.182 0.981157
0.252686 3.49218 3.47683	0 14.1303 0.939125
0.25293 2.70276 3.46236	0 6.66484 0.890791
0.253174 3.45717 3.45274	0 7.8296 0.84138
0.253418 3.29567 3.44807	0 7.84705 0.796288
0.253662 3.61814 3.44781	0 13.4704 0.760006
0.253906 3.31904 3.45084	0 11.934 0.735303
0.25415 3.382 3.4557	0 9.72786 0.722789
0.254395 3.18946 3.46077	0 9.91639 0.720926
0.254639 4.18319 3.46452	0 18.6437 0.726478
0.254883 3.73101 3.46571	0 15.4812 0.735294
0.255127 3.53552 3.46353	0 8.53618 0.743184
0.255371 2.95538 3.45763	0 5.94545 0.746657
0.255615 3.6289 3.44816	0 9.13943 0.743359
0.255859 3.31458 3.43573	0 10.7211 0.732281
0.256104 3.57289 3.42133	0 9.01982 0.713842
0.256348 3.98482 3.40622	0 18.4273 0.689916
0.256592 3.48643 3.39184	0 10.3948 0.663714
0.256836 2.77517 3.37962	0 7.01644 0.639317
0.25708 3.03525 3.37083	0 8.03328 0.620824
0.257324 3.36937 3.36649	0 8.59675 0.611273
0.257568 3.06966 3.36717	0 7.14719 0.61171
0.257812 3.90136 3.37298	0 14.0535 0.620771
0.258057 3.01526 3.38357	0 10.3675 0.634962
0.258301 3.22375 3.39816	0 7.67024 0.649561
0.258545 3.24325 3.41565	0 11.0191 0.659911
0.258789 3.74654 3.43479	0 12.5816 0.662751
0.259033 3.17263 3.45434	0 12.8048 0.657249
0.259277 3.88037 3.47317	0 9.9283 0.645402
0.259521 3.50734 3.49036	0 13.8301 0.6316
0.259766 3.76157 3.50526	0 12.7308 0.621387
0.26001 3.35063 3.51746	0 13.7135 0.619731
0.260254 3.57801 3.5268	0 11.413 0.629338
0.260498 3.45928 3.53324	0 9.58584 0.649615
0.260742 3.21849 3.53692	0 10.7167 0.676717
0.260986 3.90279 3.53806	0 12.0581 0.70471
0.26123 3.64115 3.53701	0 19.7387 0.727524
0.261475 3.98036 3.53423	0 16.6322 0.741012
0.261719 3.09661 3.53028	0 8.75044 0.744376
0.261963 3.53299 3.52579	0 13.1587 0.74042
0.262207 3.63251 3.52136	0 13.8674 0.734485
0.262451 3.47553 3.51747	0 13.9289 0.732394
0.262695 3.24791 3.51438	0 11.5133 0.738167
0.262939 3.58012 3.51205	0 10.4591 0.752373
0.263184 3.37468 3.5101	0 15.1225 0.771838
0.263428 3.35333 3.50792	0 11.1206 0.790874
0.263672 3.6678 3.5047	0 13.7108 0.803487
0.263916 3.86189 3.49965	0 14.7024 0.805582
0.26416 3.58648 3.49212	0 10.5895 0.79619
0.264404 3.36415 3.48174	0 8.90131 0.777264
0.264648 3.46529 3.46855	0 18.3666 0.752363
0.264893 3.59576 3.45296	0 11.1661 0.72501
0.265137 3.48913 3.43574	0 10.3967 0.697592
0.265381 3.84527 3.4179	0 13.2648 0.671191
0.265625 2.95931 3.40055	0 7.8346 0.646217
0.265869 2.97291 3.38478	0 8.03439 0.623264
0.266113 3.37632 3.37147	0 12.3216 0.603621
0.266357 3.49578 3.36127	0 9.28142 0.589119
0.266602 3.35532 3.3545	0 8.96219 0.581416
0.266846 3.36676 3.35116	0 9.79158 0.581104
0.26709 3.0721 3.35096	0 10.1427 0.587148
0.267334 3.30493 3.35337	0 12.5282 0.596993
0.267578 3.43133 3.35766	0 10.1108 0.607384
0.267822 3.55869 3.36305	0 13.1176 0.615539
0.268066 3.15308 3.36871	0 12.7353 0.620119
0.268311 2.92715 3.37393	0 10.3928 0.621524
0.268555 4.22951 3.37812	0 19.0505 0.62137
0.268799 3.22918 3.38095	0 8.06055 0.621487
0.269043 3.4349 3.38234	0 6.54716 0.622952
0.269287 3.4211 3.38245	0 16.5899 0.625671
0.269531 3.19993 3.38167	0 11.964 0.628635
0.269775 3.54399 3.38053	0 16.7615 0.630626
0.27002 3.47022 3.37962	0 11.4645 0.630901
0.270264 2.82027 3.37955	0 6.89191 0.629475
0.270508 3.68444 3.38083	0 12.3434 0.626865
0.270752 3.25057 3.38389	0 7.99755 0.623533
0.270996 3.60676 3.38903	0 13.4584 0.619444
0.27124 3.29349 3.39641	0 7.46295 0.614149
0.271484 3.19628 3.406	0 14.8833 0.60742
0.271729 3.41388 3.41753	0 11.6345 0.600094
0.271973 3.62514 3.43049	0 10.2885 0.594532
0.272217 3.44204 3.44406	0 9.02447 0.594199
0.272461 2.96504 3.45715	0 7.40419 0.602413
0.272705 3.55529 3.4685	0 11.2863 0.620842
0.272949 3.27918 3.47685	0 11.3293 0.648586
0.273193 4.04329 3.4811	0 12.6194 0.682406
0.273438 3.81097 3.48058	0 12.0425 0.717962
0.273682 3.69044 3.47513	0 12.5003 0.751306
0.273926 3.80826 3.46525	0 12.3092 0.779779
0.27417 3.1241 3.45199	0 10.9426 0.801954
0.274414 3.29688 3.43685	0 10.673 0.816983
0.274658 3.48175 3.42148	0 11.9486 0.824109
0.274902 3.04829 3.40746	0 11.7007 0.822862
0.275146 3.38103 3.39607	0 19.0727 0.813782
0.275391 3.4535 3.38806	0 9.38681 0.798962
0.275635 3.15338 3.3836	0 10.1331 0.781752
0.275879 3.54848 3.38229	0 12.8624 0.765586
0.276123 3.11225 3.3832	0 7.13815 0.752608
0.276367 3.34098 3.38507	0 10.6504 0.74302
0.276611 3.5225 3.38653	0 11.0607 0.735615
0.276855 3.03895 3.38625	0 7.22654 0.729147
0.2771 4.15236 3.38321	0 16.2289 0.723585
0.277344 3.42774 3.37681	0 11.0757 0.720367
0.277588 3.63395 3.36698	0 12.5227 0.721381
0.277832 3.3824 3.35419	0 8.57216 0.727252
0.278076 2.73217 3.33933	0 7.4345 0.736024
0.27832 3.51015 3.32366	0 12.4646 0.743163
0.278564 3.63066 3.30858	0 13.1784 0.743105
0.278809 3.08678 3.29546	0 10.0001 0.731631
0.279053 2.93435 3.28549	0 6.91132 0.707848
0.279297 3.59776 3.27953	0 10.5973 0.674757
0.279541 2.92458 3.27805	0 8.03358 0.638186
0.279785 3.01307 3.281	0 10.6575 0.604753
0.280029 3.20877 3.28792	0 11.1271 0.579859
0.280273 3.79815 3.29791	0 14.6115 0.566495
0.280518 2.85789 3.30976	0 5.90184 0.565009
0.280762 3.10071 3.32209	0 9.78253 0.573532
0.281006 3.71586 3.33349	0 11.8553 0.588667
0.28125 3.5279 3.34268	0 13.0987 0.606234
0.281494 3.23747 3.34865	0 14.9216 0.622057
0.281738 3.66027 3.35072	0 13.6801 0.632753
0.281982 3.62737 3.34862	0 11.5122 0.636337
0.282227 3.0094 3.34241	0 10.3092 0.632376
0.282471 3.49635 3.3325	0 8.54789 0.621612
0.282715 3.43355 3.31953	0 11.4386 0.60525
0.282959 2.76006 3.30432	0 6.33118 0.584349
0.283203 3.8963 3.28783	0 17.3495 0.55965
0.283447 3.23527 3.2711	0 10.3124 0.531938
0.283691 2.94833 3.25528	0 8.43838 0.502651
0.283936 3.49678 3.24157	0 9.43658 0.47435
0.28418 3.05159 3.23116	0 7.97764 0.450708
0.284424 3.45283 3.22517	0 13.0932 0.435943
0.284668 2.94481 3.2245	0 6.36419 0.433846
0.284912 2.75103 3.22972	0 7.33411 0.446726
0.285156 2.98777 3.24093	0 9.28059 0.474631
0.2854 3.58656 3.25765	0 8.89138 0.515133
0.285645 3.17699 3.27882	0 7.56824 0.563787
0.285889 3.23573 3.30278	0 10.0713 0.615117
0.286133 3.10557 3.32751	0 8.61592 0.663773
0.286377 3.17327 3.35073	0 11.5013 0.705438
0.286621 3.73268 3.37023	0 14.2921 0.73724
0.286865 3.71427 3.38416	0 15.3085 0.757675
0.287109 3.52828 3.3912	0 11.5628 0.766311
0.287354 3.83351 3.39077	0 10.4289 0.763552
0.287598 3.62195 3.38304	0 17.84 0.750543
0.287842 3.40537 3.36887	0 10.8192 0.729126
0.288086 3.36427 3.34962	0 13.0831 0.701666
0.28833 2.77721 3.32697	0 7.32267 0.670722
0.288574 3.23086 3.30265	0 10.508 0.638723
0.288818 3.25517 3.27824	0 10.648 0.607865
0.289062 3.6159 3.2551	0 11.2291 0.58026
0.289307 3.28291 3.23419	0 9.06567 0.558123
0.289551 3.11148 3.21614	0 10.7375 0.543685
0.289795 3.02811 3.20114	0 9.81381 0.538674
0.290039 3.03187 3.18905	0 6.62177 0.543551
0.290283 3.0714 3.17941	0 9.3029 0.556923
0.290527 2.76388 3.17155	0 9.10818 0.575514
0.290771 3.30735 3.16473	0 10.0193 0.594849
0.291016 3.69515 3.15827	0 14.626 0.610438
0.29126 3.19669 3.15172	0 8.08064 0.619102
0.291504 3.15284 3.14494	0 11.4758 0.62003
0.291748 3.36423 3.13811	0 9.27548 0.615231
0.291992 2.968 3.13169	0 9.31489 0.609141
0.292236 3.05693 3.12629	0 10.8654 0.607358
0.29248 2.78542 3.12257	0 6.47928 0.614788
0.292725 2.84442 3.12108	0 6.66517 0.633822
0.292969 2.7568 3.12222	0 8.35728 0.663315
0.293213 3.94954 3.12627	0 17.4862 0.698874
0.293457 3.10222 3.13331	0 6.69066 0.734388
0.293701 3.42546 3.14332	0 12.9649 0.764143
0.293945 2.99029 3.15613	0 10.3523 0.784601
0.294189 2.67416 3.17139	0 6.75452 0.795122
0.294434 2.68351 3.18857	0 7.98026 0.797432
0.294678 3.29012 3.20689	0 7.09354 0.79422
0.294922 3.2424 3.22538	0 11.2741 0.78758
0.295166 4.13864 3.24298	0 21.5108 0.778044
0.29541 3.07819 3.25863	0 9.06436 0.764597
0.295654 3.0591 3.27142	0 7.86711 0.745603
0.295898 3.42887 3.28072	0 11.6117 0.720111
0.296143 3.4861 3.28622	0 12.3321 0.688851
0.296387 3.15443 3.28796	0 9.47546 0.654406
0.296631 3.21002 3.28628	0 7.88939 0.620512
0.296875 3.8245 3.28178	0 10.9594 0.590822
0.297119 2.76989 3.27519	0 7.90594 0.567762
0.297363 3.66468 3.2673	0 9.9463 0.551983
0.297607 3.47784 3.2589	0 10.9962 0.542625
0.297852 2.38576 3.25069	0 3.9227 0.538198
0.298096 3.40097 3.24327	0 14.7644 0.537602
0.29834 3.25491 3.2371	0 10.4884 0.540715
0.298584 3.63722 3.23252	0 11.1938 0.548225
0.298828 3.11314 3.22974	0 6.74866 0.560802
0.299072 3.33052 3.22881	0 11.78 0.578086
0.299316 2.72176 3.22965	0 11.2831 0.59811
0.299561 3.22719 3.23202	0 10.2121 0.617499
0.299805 3.09028 3.23554	0 6.90151 0.632381
0.300049 3.56465 3.23969	0 12.5424 0.639543
0.300293 3.28261 3.24387	0 11.3538 0.637366
0.300537 3.30214 3.2474	0 10.7549 0.626214
0.300781 2.95315 3.24964	0 9.75429 0.608263
0.301025 3.63256 3.24997	0 8.90422 0.586903
0.30127 3.4368 3.24787	0 12.9187 0.56588
0.301514 2.80847 3.24298	0 6.75271 0.548332
0.301758 3.38981 3.23512	0 10.386 0.535933
0.302002 3.08438 3.22437	0 9.59104 0.528441
0.302246 3.68606 3.21112	0 12.8211 0.523961
0.30249 3.27601 3.19604	0 10.4558 0.519968
0.302734 3.32976 3.1801	0 11.8111 0.514783
0.302979 2.8577 3.16446	0 5.94746 0.508825
0.303223 3.20729 3.15026	0 6.11971 0.504973
0.303467 3.13837 3.13848	0 10.4471 0.507711
0.303711 2.88509 3.12972	0 7.78998 0.521345
0.303955 2.87296 3.12408	0 8.02668 0.548025
0.304199 2.66325 3.12108	0 5.06881 0.586457
0.304443 3.33366 3.11984	0 10.7814 0.631868
0.304688 3.23028 3.11918	0 10.0109 0.677246
0.304932 3.37362 3.11796	0 11.7469 0.715366
0.305176 3.37061 3.11531	0 12.7882 0.740842
0.30542 3.10053 3.11083	0 9.68216 0.751445
0.305664 3.36777 3.10468	0 10.4747 0.748332
0.305908 3.23902 3.0975	0 9.71596 0.735198
0.306152 2.76763 3.09028	0 6.86452 0.716832
0.306396 2.76014 3.08411	0 8.93157 0.69767
0.306641 2.99164 3.07991	0 5.93758 0.680859
0.306885 2.75451 3.0783	0 8.50654 0.668025
0.307129 3.46431 3.07949	0 12.3307 0.659603
0.307373 3.02332 3.08325	0 10.5224 0.655385
0.307617 2.9838 3.08906	0 8.98005 0.654948
0.307861 3.37498 3.0962	0 12.3077 0.657818
0.308105 2.64329 3.1039	0 8.15534 0.663416
0.30835 3.10411 3.11143	0 8.13012 0.670977
0.308594 3.74009 3.11814	0 12.7493 0.679569
0.308838 3.25132 3.12352	0 8.59995 0.688201
0.309082 2.89087 3.12708	0 7.83038 0.695882
0.309326 2.80499 3.12844	0 8.90716 0.701569
0.30957 2.96825 3.12722	0 9.98323 0.704063
0.309814 3.02635 3.12318	0 9.81672 0.702069
0.310059 3.90853 3.11621	0 19.7171 0.694514
0.310303 3.35156 3.10647	0 10.4401 0.680997
0.310547 3.15082 3.09443	0 9.19921 0.662068
0.310791 2.68446 3.08088	0 8.71162 0.639114
0.311035 3.17832 3.06691	0 12.2728 0.613907
0.311279 2.78192 3.05381	0 6.56534 0.58815
0.311523 3.17347 3.0429	0 7.20679 0.56335
0.311768 3.08869 3.03539	0 9.18796 0.541069
0.312012 2.71665 3.03223	0 10.9276 0.523251
0.312256 3.04736 3.03395	0 6.21719 0.512209
0.3125 2.97608 3.04064	0 6.18139 0.509994
0.312744 2.96582 3.05195	0 6.65594 0.517326
0.312988 2.55154 3.06713	0 6.41014 0.532609
0.313232 3.05899 3.08517	0 10.7635 0.551651
0.313477 3.44623 3.10499	0 11.3604 0.56845
0.313721 3.37882 3.12561	0 9.03516 0.576877
0.313965 3.27469 3.14624	0 11.66 0.572621
0.314209 3.09341 3.16638	0 8.12562 0.554635
0.314453 3.20063 3.18578	0 12.1759 0.525486
0.314697 3.17635 3.20431	0 5.50431 0.490539
0.314941 3.03873 3.22187	0 9.2863 0.456318
0.315186 3.44299 3.23819	0 11.1837 0.428671
0.31543 2.83015 3.2528	0 7.07251 0.411355
0.315674 3.44298 3.26501	0 8.27223 0.405399
0.315918 2.80782 3.27406	0 7.7504 0.40931
0.316162 3.99072 3.27926	0 13.4028 0.419914
0.316406 3.75472 3.28015	0 14.3145 0.433423
0.31665 3.45071 3.27669	0 11.4701 0.446335
0.316895 3.28832 3.2693	0 12.1096 0.455923
0.317139 2.99943 3.25878	0 7.35542 0.460346
0.317383 3.05655 3.2462	0 6.89709 0.458623
0.317627 3.21987 3.23272	0 12.9219 0.450744
0.317871 3.26863 3.2194	0 10.84 0.437982
0.318115 3.07443 3.20705	0 9.00309 0.423185
0.318359 3.24116 3.19617	0 9.67245 0.410635
0.318604 3.12741 3.18692	0 7.98728 0.405209
0.318848 3.26918 3.17912	0 9.19626 0.410871
0.319092 3.2721 3.1724	0 12.9363 0.429052
0.319336 2.86403 3.16623	0 6.49655 0.457649
0.31958 3.06622 3.16002	0 8.60885 0.491262
0.319824 3.25943 3.15323	0 12.2338 0.522754
0.320068 3.42433 3.14546	0 14.9338 0.54552
0.320312 3.26282 3.13647	0 10.3263 0.555541
0.320557 2.91088 3.12628	0 7.13926 0.552382
0.320801 3.11954 3.11508	0 8.14242 0.538869
0.321045 3.43611 3.10328	0 9.32794 0.519771
0.321289 2.99445 3.09135	0 7.0986 0.500166
0.321533 2.87081 3.07979	0 10.5101 0.484103
0.321777 2.85186 3.06903	0 7.19432 0.473888
0.322021 3.19717 3.05935	0 9.7689 0.470035
0.322266 3.02169 3.05091	0 10.443 0.471684
0.32251 3.05069 3.04377	0 13.2811 0.477245
0.322754 2.93907 3.03796	0 7.9913 0.485003
0.322998 2.91261 3.0335	0 9.44997 0.493532
0.323242 3.60361 3.0305	0 15.7639 0.501833
0.323486 2.98866 3.02909	0 6.75466 0.509262
0.32373 2.57432 3.02938	0 6.20646 0.515348
0.323975 3.19985 3.03133	0 11.1388 0.519646
0.324219 2.66245 3.03469	0 5.25196 0.521656
0.324463 3.19735 3.03893	0 11.4085 0.520833
0.324707 2.85877 3.04324	0 7.45565 0.516626
0.324951 3.03704 3.04665	0 8.70235 0.508575
0.325195 2.94547 3.04821	0 6.44861 0.496516
0.325439 3.61213 3.04718	0 12.6492 0.480946
0.325684 3.12195 3.04323	0 12.1601 0.463454
0.325928 3.68891 3.03659	0 19.5894 0.446988
0.326172 2.62739 3.02799	0 7.59966 0.435654
0.326416 2.68289 3.01861	0 7.57819 0.433899
0.32666 3.1792 3.00986	0 12.3525 0.445213
0.326904 2.82289 3.00312	0 7.23177 0.470779
0.327148 2.77145 2.99953	0 9.0204 0.508629
0.327393 3.04619 2.99972	0 6.55267 0.553687
0.327637 2.93503 3.00378	0 7.81484 0.598795
0.327881 2.92042 3.01119	0 9.78642 0.63648
0.328125 2.64409 3.02095	0 8.08865 0.66092
0.328369 3.28292 3.03172	0 11.8546 0.669496
0.328613 2.90423 3.04208	0 14.6584 0.663313
0.328857 3.766 3.05078	0 11.9821 0.646474
0.329102 2.73093 3.05692	0 7.32427 0.624332
0.329346 3.22674 3.06014	0 7.92972 0.601498
0.32959 3.2135 3.06068	0 10.1665 0.580503
0.329834 3.13311 3.05933	0 11.8929 0.561688
0.330078 3.23458 3.05734	0 8.96826 0.544201
0.330322 2.73058 3.05614	0 7.69677 0.527395
0.330566 3.11152 3.05713	0 10.959 0.511797
0.330811 2.66679 3.0614	0 6.379 0.499148
0.331055 2.91993 3.06956	0 11.4747 0.491614
0.331299 3.0929 3.08158	0 6.29353 0.490646
0.331543 3.08144 3.09684	0 8.42461 0.496096
0.331787 2.7646 3.11421	0 7.59232 0.505985
0.332031 3.30022 3.13227	0 10.6835 0.517024
0.332275 3.26062 3.14955	0 9.25138 0.525707
0.33252 3.65736 3.16477	0 10.3731 0.529525
0.332764 3.07502 3.17705	0 8.85873 0.527811
0.333008 3.44272 3.18599	0 8.7615 0.521891
0.333252 2.97158 3.19168	0 7.84876 0.514482
0.333496 3.44543 3.19455	0 12.9793 0.508593
0.33374 3.15259 3.19525	0 11.5143 0.50634
0.333984 3.10072 3.19441	0 10.2094 0.508103
0.334229 2.92861 3.19249	0 6.8139 0.512346
0.334473 3.04531 3.18968	0 9.72524 0.516189
0.334717 3.4122 3.18586	0 9.69876 0.516573
0.334961 3.13917 3.18067	0 11.9822 0.511497
0.335205 3.64873 3.17363	0 10.1139 0.50079
0.335449 2.93829 3.1643	0 9.53038 0.486057
0.335693 3.02935 3.15243	0 7.9547 0.469943
0.335938 3.44967 3.13803	0 9.95838 0.455183
0.336182 2.98066 3.12144	0 8.10881 0.443898
0.336426 3.39089 3.1033	0 9.02182 0.437293
0.33667 3.32505 3.08443	0 6.92887 0.435581
0.336914 2.86343 3.06574	0 7.44072 0.437944
0.337158 2.69565 3.04808	0 5.99705 0.44255
0.337402 2.63425 3.03217	0 9.02877 0.446846
0.337646 3.15367 3.01858	0 8.84222 0.448266
0.337891 3.0182 3.00769	0 5.67501 0.445197
0.338135 3.31833 2.9998	0 9.96957 0.437797
0.338379 3.07367 2.99514	0 9.5963 0.428219
0.338623 2.97114 2.99391	0 7.55155 0.420084
0.338867 2.65427 2.99623	0 6.35929 0.41738
0.339111 2.94179 3.00208	0 8.70727 0.423174
0.339355 2.82406 3.01121	0 7.16591 0.438589
0.3396 2.91087 3.02301	0 6.60928 0.462362
0.339844 3.09688 3.03655	0 8.98555 0.491176
0.340088 2.97734 3.05059	0 7.80061 0.520676
0.340332 3.11268 3.06368	0 11.0483 0.546876
0.340576 3.01532 3.07441	0 9.00258 0.567444
0.34082 3.3704 3.08155	0 10.0537 0.582326
0.341064 3.69754 3.08425	0 14.4606 0.593417
0.341309 3.10526 3.08211	0 7.35686 0.603379
0.341553 2.7412 3.07527	0 6.3203 0.614123
0.341797 3.12154 3.06428	0 8.22782 0.62565
0.342041 2.98352 3.05004	0 7.11537 0.635826
0.342285 3.23233 3.03364	0 8.10842 0.641228
0.342529 3.14699 3.01617	0 8.19346 0.638694
0.342773 2.9981 2.99862	0 11.6992 0.626871
0.343018 2.73656 2.98177	0 8.06433 0.607035
0.343262 2.71146 2.96611	0 5.5287 0.582821
0.343506 2.74412 2.95191	0 8.77511 0.558997
0.34375 3.28401 2.9392	0 10.8874 0.539823
0.343994 3.22362 2.92793	0 8.2938 0.527673
0.344238 2.63603 2.91804	0 7.08803 0.522469
0.344482 2.66692 2.90956	0 9.43619 0.522105
0.344727 3.07077 2.90264	0 8.56915 0.523628
0.344971 3.08686 2.89756	0 8.52325 0.524601
0.345215 3.09781 2.89466	0 8.46267 0.524027
0.345459 2.53711 2.89415	0 5.18668 0.522403
0.345703 2.84084 2.89608	0 10.1645 0.520943
0.345947 2.47438 2.90014	0 4.77008 0.520417
0.346191 2.69286 2.90569	0 6.09673 0.52027
0.346436 3.27192 2.91181	0 9.46148 0.518501
0.34668 2.44618 2.91743	0 6.64968 0.512392
0.346924 3.97485 2.92155	0 18.2495 0.499726
0.347168 2.95286 2.92341	0 6.00121 0.479904
0.347412 2.68567 2.9227	0 8.069 0.454455
0.347656 3.11574 2.9196	0 6.46031 0.426727
0.3479 2.69928 2.91476	0 7.2376 0.400976
0.348145 2.70768 2.90922	0 5.76274 0.381253
0.348389 3.66088 2.9042	0 12.7169 0.370505
0.348633 2.27658 2.90088	0 4.76756 0.370112
0.348877 2.927 2.90015	0 7.51961 0.379856
0.349121 2.72274 2.90252	0 8.79838 0.398186
0.349365 2.76686 2.90792	0 7.98417 0.422634
0.349609 2.71075 2.91575	0 4.68127 0.450277
0.349854 3.06629 2.925	0 8.46585 0.47818
0.350098 2.71024 2.93436	0 5.71452 0.503757
0.350342 3.13968 2.94253	0 8.00683 0.525023
0.350586 3.32302 2.94846	0 11.4989 0.540747
0.35083 3.25174 2.95147	0 6.85841 0.550531
0.351074 2.79944 2.95146	0 7.24766 0.55484
0.351318 3.24586 2.94879	0 9.36656 0.554907
0.351562 3.02444 2.94423	0 8.52903 0.552426
0.351807 2.34275 2.93872	0 3.21202 0.549045
0.352051 3.00429 2.93318	0 11.5598 0.545794
0.352295 2.69862 2.92829	0 7.40856 0.542711
0.352539 2.98953 2.92443	0 10.9372 0.538869
0.352783 2.94865 2.92164	0 6.55552 0.532815
0.353027 3.25409 2.91968	0 8.32694 0.523251
0.353271 2.60194 2.91821	0 6.0326 0.509668
0.353516 2.72781 2.91688	0 10.2648 0.492698
0.35376 3.28262 2.9155	0 10.1872 0.474042
0.354004 3.23013 2.9141	0 8.89133 0.455992
0.354248 2.7057 2.91292	0 5.4025 0.44072
0.354492 2.78006 2.91239	0 9.00422 0.429619
0.354736 2.77368 2.913	0 6.73523 0.422985
0.35498 2.92825 2.91521	0 5.85991 0.420161
0.355225 3.04644 2.91932	0 7.81343 0.420057
0.355469 2.54011 2.92544	0 6.35749 0.421762
0.355713 3.01723 2.93347	0 7.7961 0.424937
0.355957 2.94457 2.94308	0 7.37428 0.429819
0.356201 3.0211 2.95381	0 8.05924 0.436849
0.356445 3.12526 2.96518	0 8.47111 0.446124
0.356689 2.68161 2.9767	0 5.82625 0.456974
0.356934 2.89379 2.98799	0 8.51137 0.467925
0.357178 3.45778 2.99873	0 10.6726 0.477152
0.357422 3.16637 3.00869	0 9.87345 0.483235
0.357666 2.87577 3.01764	0 8.18875 0.485809
0.35791 2.72366 3.02525	0 6.52824 0.485724
0.358154 2.87528 3.03112	0 5.84489 0.484548
0.358398 3.16914 3.03468	0 8.4074 0.483677
0.358643 3.2996 3.0353	0 9.41363 0.483504
0.358887 2.97464 3.0324	0 5.95447 0.483111
0.359131 3.18644 3.02554	0 11.2492 0.480611
0.359375 3.29963 3.01463	0 15.6713 0.473966
0.359619 2.71614 3.00001	0 9.72643 0.461902
0.359863 3.24815 2.98249	0 14.2572 0.444557
0.360107 3.28039 2.96337	0 10.3788 0.423626
0.360352 3.09717 2.94422	0 12.6702 0.40193
0.360596 2.34688 2.92676	0 4.63312 0.382522
0.36084 2.95717 2.91262	0 5.49998 0.36765
0.361084 2.32873 2.90318	0 4.68834 0.358013
0.361328 2.8436 2.89937	0 6.93932 0.3527
0.361572 2.78342 2.90163	0 8.34418 0.349873
0.361816 3.28658 2.90993	0 8.74454 0.347839
0.362061 3.06507 2.92374	0 11.8034 0.345916
0.362305 2.43119 2.94214	0 4.89427 0.344598
0.362549 2.95116 2.96389	0 7.39952 0.345023
0.362793 2.84173 2.98754	0 6.51282 0.34815
0.363037 2.99477 3.01149	0 8.46695 0.354199
0.363281 3.13647 3.03412	0 9.42217 0.362618
0.363525 3.0482 3.05396	0 10.1577 0.372433
0.36377 3.36669 3.06976	0 9.69114 0.382645
0.364014 3.56955 3.08062	0 10.5961 0.392446
0.364258 2.98794 3.08602	0 7.49165 0.401285
0.364502 3.20024 3.08586	0 11.0923 0.408929
0.364746 3.11544 3.08039	0 7.81706 0.415553
0.36499 2.70384 3.07013	0 6.1993 0.421749
0.365234 2.98698 3.05579	0 10.0857 0.428327
0.365479 3.41167 3.03822	0 10.232 0.435934
0.365723 3.42773 3.01835	0 11.0498 0.444695
0.365967 2.87641 2.99713	0 10.1735 0.454078
0.366211 2.71016 2.97549	0 7.13137 0.463047
0.366455 2.69903 2.95432	0 7.62825 0.470399
0.366699 3.3631 2.93434	0 9.43456 0.475156
0.366943 2.93329 2.91606	0 8.05002 0.476882
0.367188 2.45628 2.8997	0 6.76704 0.475864
0.367432 2.59028 2.88519	0 7.02825 0.473078
0.367676 3.23648 2.87218	0 9.60711 0.469893
0.36792 2.75027 2.86019	0 7.29888 0.467518
0.368164 2.58863 2.8487	0 6.12747 0.466401
0.368408 3.31547 2.83735	0 11.5576 0.465905
0.368652 3.04137 2.82599	0 9.86491 0.464506
0.368896 2.7493 2.81477	0 10.3147 0.460503
0.369141 3.01361 2.80411	0 12.9857 0.452888
0.369385 2.37729 2.79457	0 6.18366 0.441906
0.369629 2.63889 2.78675	0 5.82863 0.429001
0.369873 2.53592 2.78114	0 7.44128 0.416249
0.370117 2.72316 2.77807	0 6.26595 0.405646
0.370361 3.02478 2.77762	0 8.69351 0.398627
0.370605 2.67543 2.7797	0 7.67725 0.395984
0.37085 2.83605 2.784	0 6.666 0.398004
0.371094 3.23656 2.79008	0 8.92492 0.404564
0.371338 2.46517 2.79737	0 3.7842 0.415034
0.371582 2.54436 2.80522	0 5.03043 0.428063
0.371826 2.53797 2.8129	0 6.86933 0.441526
0.37207 2.86322 2.81973	0 8.27 0.452841
0.372314 2.83482 2.82512	0 9.03971 0.459635
0.372559 3.43223 2.82868	0 9.92982 0.460513
0.372803 3.07971 2.83035	0 12.1152 0.45553
0.373047 3.00422 2.83032	0 6.05424 0.446134
0.373291 2.61752 2.82908	0 5.79255 0.434592
0.373535 2.50487 2.82719	0 10.1765 0.423194
0.373779 2.59161 2.82516	0 5.31342 0.413605
0.374023 2.76485 2.82331	0 7.58445 0.406634
0.374268 2.94126 2.82165	0 8.8548 0.402426
0.374512 2.87048 2.81998	0 8.15109 0.400876
0.374756 2.83601 2.81796	0 7.90597 0.401989
0.375 2.69961 2.81531	0 8.79763 0.405966
0.375244 3.01159 2.81198	0 8.81774 0.412971
0.375488 3.22327 2.80829	0 9.23377 0.422726
0.375732 2.97308 2.80491	0 8.15214 0.434161
0.375977 2.58178 2.80277	0 6.93725 0.445396
0.376221 2.49461 2.80284	0 7.18966 0.454162
0.376465 2.546 2.80596	0 6.10659 0.458538
0.376709 2.8489 2.81257	0 7.96821 0.457653
0.376953 2.20033 2.82266	0 5.80662 0.451937
0.377197 2.9964 2.83574	0 6.53261 0.442787
0.377441 2.89644 2.85094	0 8.33332 0.431871
0.377686 3.44846 2.8672	0 9.90138 0.420556
0.37793 3.00707 2.88342	0 7.56626 0.409853
0.378174 2.827 2.89864	0 6.51226 0.400814
0.378418 2.65455 2.91207	0 6.63652 0.39498
0.378662 2.76723 2.92318	0 6.45489 0.394399
0.378906 2.96763 2.93167	0 8.23167 0.40108
0.37915 3.17112 2.93739	0 8.49375 0.416149
0.379395 3.138 2.94038	0 7.1876 0.439174
0.379639 2.88687 2.94082	0 8.99538 0.468009
0.379883 3.28618 2.939	0 11.8883 0.499201
0.380127 2.65286 2.93525	0 5.33711 0.528743
0.380371 2.65662 2.92997	0 9.59752 0.5529
0.380615 3.24553 2.92349	0 11.4463 0.568863
0.380859 3.08809 2.91606	0 9.05477 0.575159
0.381104 2.65765 2.90784	0 6.80831 0.571758
0.381348 2.63773 2.89891	0 7.53169 0.559907
0.381592 2.85936 2.88936	0 9.75423 0.54172
0.381836 3.03722 2.87941	0 8.68397 0.51963
0.38208 3.14086 2.86943	0 13.7164 0.495896
0.382324 3.3487 2.86008	0 12.5951 0.472356
0.382568 2.70404 2.85218	0 6.44946 0.45051
0.382812 2.45186 2.84666	0 4.8021 0.431837
0.383057 2.57755 2.84434	0 7.30306 0.41809
0.383301 2.68901 2.84577	0 9.40445 0.411298
0.383545 2.7088 2.85109	0 8.30585 0.413348
0.383789 2.94905 2.85993	0 8.26124 0.425292
0.384033 2.69187 2.87152	0 6.82476 0.4467
0.384277 2.83192 2.88473	0 7.26472 0.475448
0.384521 3.16314 2.89832	0 10.0759 0.508087
0.384766 3.18109 2.91106	0 13.9165 0.54067
0.38501 3.04765 2.92191	0 7.90774 0.569647
0.385254 2.84346 2.93008	0 6.10511 0.592452
0.385498 2.83312 2.93507	0 7.58127 0.607624
0.385742 2.91595 2.93662	0 8.39902 0.614604
0.385986 2.8838 2.93469	0 9.63162 0.613501
0.38623 3.06095 2.92943	0 7.7168 0.604989
0.386475 3.26617 2.92115	0 10.0276 0.590306
0.386719 2.9146 2.91035	0 8.42999 0.571202
0.386963 2.77259 2.89771	0 7.99076 0.549721
0.387207 2.8345 2.88406	0 9.72339 0.527866
0.387451 3.09407 2.87034	0 11.3634 0.507287
0.387695 2.7666 2.85746	0 6.56258 0.489142
0.387939 2.73175 2.8462	0 6.48204 0.474112
0.388184 2.80728 2.83711	0 8.64491 0.462491
0.388428 2.66825 2.83034	0 6.51136 0.454192
0.388672 2.49863 2.82568	0 5.93982 0.448643
0.388916 2.87007 2.82261	0 6.14038 0.444679
0.38916 2.85987 2.8204	0 7.01255 0.440628
0.389404 3.10909 2.8183	0 9.31214 0.434713
0.389648 2.72859 2.81579	0 8.55446 0.42569
0.389893 2.94335 2.81268	0 7.94482 0.413445
0.390137 3.04438 2.80921	0 8.28286 0.399189
0.390381 3.04214 2.80604	0 9.61853 0.38507
0.390625 2.66582 2.80407	0 5.32806 0.373327
0.390869 2.14583 2.80427	0 4.98235 0.365354
0.391113 2.83151 2.80741	0 6.16664 0.361097
0.391357 2.74022 2.81389	0 6.18714 0.359092
0.391602 2.74016 2.8236	0 8.28551 0.357103
0.391846 2.81213 2.8359	0 6.71846 0.353101
0.39209 2.90045 2.84972	0 10.7962 0.346163
0.392334 2.7892 2.86377	0 10.4154 0.336893
0.392578 3.00958 2.87678	0 7.37279 0.327223
0.392822 2.8877 2.88772	0 6.4028 0.319701
0.393066 3.15206 2.89604	0 8.42841 0.316658
0.393311 3.13774 2.90174	0 9.81886 0.31962
0.393555 3.09208 2.90539	0 8.83209 0.329163
0.393799 2.66175 2.90797	0 6.69866 0.345106
0.394043 3.14322 2.91065	0 8.79968 0.36675
0.394287 2.56642 2.91447	0 7.26078 0.392949
0.394531 2.78085 2.92005	0 6.19988 0.422001
0.394775 2.4221 2.92745	0 5.73239 0.451575
0.39502 3.20628 2.93604	0 11.2516 0.478888
0.395264 2.54348 2.94466	0 6.29942 0.501187
0.395508 3.23768 2.95185	0 8.97109 0.516385
0.395752 3.01496 2.95619	0 11.6967 0.523622
0.395996 3.47916 2.95658	0 9.96456 0.523488
0.39624 3.67677 2.95256	0 12.0425 0.517842
0.396484 2.94578 2.94435	0 9.15455 0.509238
0.396729 2.50826 2.93283	0 5.30368 0.500126
0.396973 2.6214 2.91931	0 6.04637 0.492101
0.397217 2.94652 2.90526	0 7.71986 0.485471
0.397461 2.75685 2.89205	0 7.86361 0.479341
0.397705 2.75289 2.88075	0 8.27411 0.472192
0.397949 3.15205 2.87199	0 12.8352 0.462727
0.398193 2.45796 2.86595	0 5.30362 0.450602
0.398438 3.06679 2.86247	0 11.0581 0.436717
0.398682 2.87989 2.86116	0 5.46355 0.42297
0.398926 2.70248 2.86151	0 5.95304 0.41164
0.39917 3.03413 2.86301	0 8.94679 0.404749
0.399414 2.99712 2.86518	0 10.5957 0.403667
0.399658 2.49235 2.86763	0 5.95927 0.409035
0.399902 3.09682 2.87003	0 9.24847 0.420821
0.400146 2.71956 2.87208	0 6.6336 0.438328
0.400391 2.97585 2.87352	0 6.76137 0.460092
0.400635 2.91777 2.87415	0 10.532 0.483793
0.400879 3.03586 2.8738	0 14.0805 0.506347
0.401123 2.72302 2.87239	0 7.16705 0.524279
0.401367 2.61164 2.87	0 6.02689 0.534348
0.401611 3.19628 2.86682	0 10.098 0.534287
0.401855 3.0725 2.86322	0 10.2941 0.523504
0.4021 2.83829 2.85967	0 7.1413 0.503535
0.402344 2.84552 2.85671	0 9.83111 0.478047
0.402588 2.52755 2.85487	0 5.49226 0.452262
0.402832 2.67809 2.85452	0 7.9871 0.431817
0.403076 3.02885 2.85587	0 8.22932 0.421333
0.40332 2.9539 2.85882	0 6.22554 0.423107
0.403564 2.60905 2.863	0 7.8547 0.436351
0.403809 2.92582 2.86776	0 8.40512 0.457263
0.404053 3.00128 2.87225	0 8.3523 0.47996
0.404297 2.64979 2.87551	0 11.5208 0.498054
0.404541 2.97607 2.87662	0 6.3237 0.506428
0.404785 2.85298 2.87481	0 7.85855 0.502676
0.405029 3.43727 2.8696	0 12.371 0.48773
0.405273 2.83332 2.8609	0 6.22243 0.465425
0.405518 3.00519 2.84902	0 7.05746 0.441145
0.405762 2.36685 2.83473	0 4.03369 0.420065
0.406006 3.07841 2.81909	0 8.24724 0.40567
0.40625 3.0362 2.80345	0 9.29916 0.399089
0.406494 2.48123 2.7892	0 4.65088 0.399353
0.406738 2.76257 2.77765	0 8.20231 0.404294
0.406982 3.08547 2.76987	0 12.2147 0.411569
0.407227 2.10676 2.76653	0 4.28771 0.41939
0.407471 2.13967 2.76786	0 6.35574 0.426782
0.407715 3.21354 2.77362	0 7.26593 0.433463
0.407959 2.92513 2.78315	0 5.80822 0.439552
0.408203 2.96783 2.79545	0 8.84545 0.445285
0.408447 2.6198 2.80935	0 7.34613 0.450816
0.408691 2.40801 2.82364	0 5.48281 0.456116
0.408936 3.26898 2.8372	0 12.8523 0.46098
0.40918 2.9022 2.84913	0 7.43734 0.465143
0.409424 2.7549 2.85883	0 7.10676 0.468492
0.409668 3.07163 2.86601	0 9.80496 0.47129
0.409912 3.31284 2.87069	0 10.5174 0.474236
0.410156 2.87172 2.8731	0 6.39547 0.478273
0.4104 2.34056 2.87365	0 5.86604 0.484153
0.410645 2.67434 2.87284	0 7.2222 0.491965
0.410889 3.04673 2.87113	0 7.79074 0.50088
0.411133 3.16476 2.86899	0 10.9883 0.509313
0.411377 3.04957 2.86681	0 9.69007 0.515428
0.411621 2.61229 2.86495	0 9.43306 0.517785
0.411865 2.61365 2.86377	0 5.24368 0.515813
0.412109 2.88236 2.86361	0 8.04724 0.509959
0.412354 3.17205 2.86476	0 12.1602 0.501489
0.412598 2.85571 2.86745	0 6.00879 0.492089
0.412842 2.78809 2.87178	0 8.19906 0.483401
0.413086 2.56875 2.87765	0 7.26959 0.476668
0.41333 2.7883 2.88475	0 8.46105 0.472598
0.413574 3.03954 2.89256	0 10.5686 0.471457
0.413818 2.81158 2.90042	0 8.00265 0.473326
0.414062 2.78976 2.90765	0 6.47106 0.478312
0.414307 3.39982 2.91365	0 8.1966 0.486519
0.414551 2.94536 2.91803	0 9.07005 0.497739
0.414795 2.84358 2.92069	0 6.37714 0.511002
0.415039 3.11307 2.92184	0 11.2006 0.524302
0.415283 2.91784 2.92194	0 6.72874 0.534779
0.415527 2.77548 2.92159	0 6.92175 0.539431
0.415771 2.8601 2.9214	0 11.7021 0.536146
0.416016 2.75302 2.92185	0 5.56082 0.524604
0.41626 3.08524 2.92321	0 11.0799 0.506615
0.416504 2.7599 2.92548	0 8.45923 0.485691
0.416748 2.9362 2.92839	0 8.01698 0.466012
0.416992 2.86163 2.93152	0 7.33432 0.451232
0.417236 2.91654 2.9344	0 8.38228 0.443647
0.41748 3.36497 2.9366	0 10.4391 0.443971
0.417725 2.87849 2.93786	0 8.41205 0.451678
0.417969 2.66564 2.93814	0 6.21232 0.465588
0.418213 3.30843 2.93761	0 11.8231 0.484335
0.418457 2.9766 2.93664	0 8.81641 0.506538
0.418701 2.80022 2.93566	0 6.15508 0.530718
0.418945 2.57919 2.93508	0 4.33825 0.555181
0.419189 3.1273 2.9352	0 9.976 0.578052
0.419434 2.87488 2.93609	0 8.59169 0.597502
0.419678 2.9849 2.93759	0 9.10899 0.612074
0.419922 2.94005 2.93929	0 6.48817 0.620927
0.420166 2.84739 2.94058	0 7.42681 0.623903
0.42041 2.94224 2.94073	0 11.4456 0.621404
0.420654 2.97916 2.939	0 8.09875 0.614179
0.420898 3.1006 2.93478	0 10.6986 0.603112
0.421143 2.93108 2.92765	0 11.6746 0.589085
0.421387 3.2068 2.91754	0 7.13505 0.572945
0.421631 2.88626 2.90472	0 6.39412 0.555512
0.421875 2.88099 2.88988	0 7.44006 0.537604
0.422119 2.80918 2.87399	0 8.2402 0.519998
0.422363 2.63317 2.85824	0 5.1943 0.503359
0.422607 3.48937 2.84389	0 13.0191 0.488156
0.422852 2.75578 2.83202	0 6.28139 0.474608
0.423096 2.16129 2.8234	0 3.39114 0.462663
0.42334 2.63788 2.81835	0 8.28097 0.451982
0.423584 2.51007 2.8167	0 6.14526 0.441946
0.423828 2.93514 2.8178	0 8.11288 0.43174
0.424072 3.00106 2.82072	0 7.26478 0.420574
0.424316 3.02139 2.8244	0 9.04105 0.408013
0.424561 3.06683 2.8279	0 9.74031 0.394295
0.424805 2.55125 2.83055	0 6.73015 0.380429
0.425049 2.8269 2.83208	0 7.24892 0.367999
0.425293 3.3366 2.83261	0 9.29532 0.358697
0.425537 2.87472 2.83259	0 8.3104 0.353772
0.425781 2.44356 2.83266	0 6.14869 0.353622
0.426025 2.35903 2.83353	0 4.93608 0.357673
0.42627 2.72578 2.83581	0 6.4493 0.364634
0.426514 3.52462 2.83993	0 9.35153 0.37301
0.426758 2.82504 2.84606	0 8.57451 0.381654
0.427002 2.60303 2.85409	0 5.20199 0.390083
0.427246 2.85928 2.86361	0 5.54975 0.398393
0.42749 2.65536 2.87392	0 4.85207 0.40686
0.427734 2.91969 2.88412	0 10.253 0.415512
0.427979 2.65701 2.89316	0 6.41029 0.423988
0.428223 3.04516 2.89997	0 7.27615 0.431741
0.428467 3.38611 2.90366	0 11.9412 0.438399
0.428711 3.0465 2.90361	0 6.78444 0.443929
0.428955 2.96951 2.89967	0 7.22007 0.44844
0.429199 2.58681 2.89214	0 5.95468 0.451758
0.429443 3.21138 2.88182	0 10.322 0.453115
0.429688 3.32849 2.86988	0 14.7632 0.451273
0.429932 2.18855 2.85764	0 6.08801 0.445097
0.430176 3.11828 2.8464	0 9.18604 0.434291
0.43042 2.39141 2.83723	0 6.40049 0.419867
0.430664 2.75529 2.83076	0 9.60358 0.404094
0.430908 2.81259 2.82714	0 9.06211 0.389934
0.431152 2.67376 2.82608	0 6.76252 0.38021
0.431396 2.85129 2.82687	0 7.18519 0.376811
0.431641 2.94806 2.82862	0 6.49976 0.380171
0.431885 2.95534 2.8304	0 11.4293 0.389111
0.432129 2.83229 2.83139	0 7.56579 0.401094
0.432373 3.12077 2.83099	0 7.03901 0.412863
0.432617 2.75784 2.82886	0 6.82518 0.421344
0.432861 2.76379 2.82493	0 10.1622 0.424558
0.433105 2.6411 2.81932	0 8.08796 0.42223
0.43335 2.76282 2.8123	0 8.66213 0.415835
0.433594 3.01387 2.80421	0 8.20577 0.408046
0.433838 2.85637 2.79547	0 8.21428 0.401806
0.434082 3.07842 2.7865	0 8.5521 0.399345
0.434326 2.45029 2.77777	0 6.39576 0.401519
0.43457 2.40834 2.76975	0 6.29643 0.407629
0.434814 3.12624 2.76295	0 11.0123 0.415757
0.435059 2.74969 2.75787	0 4.62092 0.423453
0.435303 2.80162 2.75496	0 9.03699 0.428526
0.435547 2.52758 2.75463	0 6.1139 0.429668
0.435791 2.73368 2.75715	0 5.91597 0.426741
0.436035 2.57415 2.76268	0 6.45336 0.420688
0.436279 2.78106 2.77115	0 8.17887 0.413179
0.436523 2.95059 2.78232	0 9.27799 0.406159
0.436768 2.72488 2.79569	0 10.5476 0.401448
0.437012 2.54438 2.81058	0 6.50131 0.400481
0.437256 2.80474 2.82611	0 8.26753 0.404173
0.4375 3.05185 2.84128	0 8.766 0.412833
0.437744 2.86 2.85508	0 11.3528 0.426039
0.437988 2.7777 2.86654	0 7.95141 0.442504
0.438232 2.82763 2.87488	0 5.94374 0.46004
0.438477 3.50195 2.87952	0 11.0692 0.475758
0.438721 2.89271 2.88022	0 6.742 0.486552
0.438965 2.90239 2.87699	0 9.90587 0.489744
0.439209 2.66493 2.87015	0 5.54013 0.483734
0.439453 2.68875 2.86024	0 7.83432 0.46848
0.439697 3.10485 2.84796	0 10.1763 0.445722
0.439941 3.01209 2.83413	0 10.3888 0.418847
0.440186 2.98892 2.81964	0 9.20826 0.392278
0.44043 2.4397 2.8054	0 5.25901 0.370411
0.440674 2.78421 2.79237	0 5.31349 0.356377
0.440918 2.56789 2.7815	0 6.33208 0.351155
0.441162 2.80105 2.77374	0 7.56651 0.353538
0.441406 2.98191 2.76996	0 6.86434 0.361102
0.44165 2.83526 2.7709	0 6.89232 0.371761
0.441895 2.76691 2.77706	0 7.65312 0.385119
0.442139 2.07889 2.78853	0 3.48466 0.402866
0.442383 2.82698 2.80498	0 8.56225 0.427887
0.442627 2.61726 2.82554	0 6.75355 0.462431
0.442871 2.84874 2.84887	0 7.13772 0.506166
0.443115 2.86302 2.87325	0 9.30152 0.555116
0.443359 3.08344 2.89686	0 11.5348 0.602092
0.443604 3.00125 2.91791	0 11.666 0.638578
0.443848 3.12053 2.93498	0 18.7986 0.657306
0.444092 3.32241 2.94713	0 11.1519 0.654441
0.444336 3.10595 2.95402	0 7.91171 0.630518
0.44458 2.98509 2.95589	0 9.78981 0.589922
0.444824 2.64943 2.95345	0 7.06039 0.539371
0.445068 3.09821 2.9477	0 11.5126 0.486187
0.445312 2.84493 2.93972	0 6.40891 0.436956
0.445557 3.01998 2.93054	0 10.114 0.396733
0.445801 3.14476 2.92094	0 7.85522 0.36867
0.446045 2.28486 2.91143	0 4.84033 0.353842
0.446289 3.05934 2.90221	0 9.85649 0.351272
0.446533 3.08336 2.89324	0 10.3582 0.358211
0.446777 2.72909 2.88433	0 8.45394 0.370727
0.447021 3.09831 2.87522	0 8.553 0.384464
0.447266 2.70978 2.86568	0 10.4503 0.395372
0.44751 3.15641 2.85562	0 9.16134 0.400256
0.447754 2.56878 2.84505	0 7.29165 0.397171
0.447998 2.86619 2.83417	0 6.42412 0.385715
0.448242 3.10671 2.82325	0 10.4129 0.367209
0.448486 2.43873 2.81261	0 6.66306 0.344604
0.44873 3.0714 2.80252	0 9.24202 0.321897
0.448975 2.71494 2.79314	0 7.32159 0.303092
0.449219 2.42206 2.78447	0 6.71892 0.291001
0.449463 3.00563 2.77638	0 6.75499 0.286412
0.449707 2.71566 2.76859	0 6.93705 0.288033
0.449951 2.60613 2.76083	0 9.57049 0.293264
0.450195 2.87747 2.75291	0 7.5835 0.299438
0.450439 3.05219 2.74487	0 8.17959 0.304937
0.450684 2.68564 2.73698	0 4.84037 0.309732
0.450928 2.70647 2.72984	0 5.84484 0.315222
0.451172 2.95258 2.72423	0 8.60935 0.323587
0.451416 2.4516 2.72098	0 7.26668 0.337011
0.45166 2.52358 2.72079	0 4.42971 0.357067
0.451904 2.45755 2.72402	0 6.09926 0.384364
0.452148 2.66426 2.7305	0 7.72411 0.41838
0.452393 3.07592 2.73951	0 10.6356 0.457404
0.452637 2.1355 2.7498	0 3.95085 0.498567
0.452881 2.80272 2.75972	0 8.7258 0.538013
0.453125 2.98101 2.76758	0 7.32945 0.571317
0.453369 2.91924 2.77188	0 11.0694 0.594212
0.453613 3.203 2.77163	0 9.46974 0.603504
0.453857 2.89763 2.76658	0 8.77905 0.597949
0.454102 3.2927 2.75731	0 19.4856 0.578745
0.454346 2.58 2.74511	0 5.447 0.549375
0.45459 2.41843 2.73184	0 5.89541 0.514801
0.454834 2.41357 2.71956	0 5.7287 0.480262
0.455078 2.68271 2.71023	0 8.01857 0.450099
0.455322 2.83907 2.70541	0 9.90803 0.427
0.455566 2.44478 2.70602	0 6.2607 0.41179
0.455811 2.22766 2.71227	0 3.4511 0.403699
0.456055 2.67637 2.72366	0 8.47759 0.400867
0.456299 2.80091 2.73915	0 4.67211 0.40092
0.456543 2.8275 2.75732	0 9.01024 0.401483
0.456787 3.183 2.77658	0 11.6092 0.4006
0.457031 2.84443 2.79536	0 5.70846 0.397033
0.457275 2.47196 2.8123	0 6.71349 0.390452
0.45752 2.75374 2.82631	0 7.82815 0.381481
0.457764 3.22102 2.83668	0 13.6586 0.371572
0.458008 2.89801 2.84313	0 9.57969 0.362664
0.458252 2.87104 2.84577	0 6.29739 0.356659
0.458496 2.83329 2.84516	0 8.11527 0.354816
0.45874 3.13015 2.8422	0 9.6074 0.357285
0.458984 3.09473 2.83803	0 8.4382 0.362995
0.459229 2.52934 2.83392	0 8.85985 0.369983
0.459473 2.59239 2.83105	0 5.71978 0.376091
0.459717 2.67383 2.83034	0 8.21452 0.379794
0.459961 2.89561 2.83234	0 7.46638 0.380815
0.460205 2.5174 2.83714	0 6.32476 0.380287
0.460449 2.94361 2.84437	0 7.7889 0.38034
0.460693 2.65446 2.85335	0 5.01989 0.383256
0.460938 3.11629 2.86314	0 12.6836 0.390527
0.461182 2.91932 2.87281	0 8.13873 0.402229
0.461426 3.33804 2.8815	0 10.7133 0.417
0.46167 2.69429 2.88859	0 6.39156 0.432623
0.461914 2.72229 2.89372	0 9.89744 0.446912
0.462158 3.03329 2.8968	0 8.70849 0.458459
0.462402 2.4511 2.89801	0 6.00935 0.4669
0.462646 3.30221 2.89775	0 9.36587 0.472672
0.462891 3.25278 2.89653	0 11.2149 0.476515
0.463135 2.77931 2.89493	0 6.96975 0.479102
0.463379 2.9336 2.89352	0 9.25952 0.481013
0.463623 2.75301 2.89272	0 6.88122 0.482948
0.463867 2.51196 2.89275	0 5.44306 0.48584
0.464111 2.82376 2.89361	0 9.01928 0.490601
0.464355 2.89726 2.89508	0 6.54598 0.497542
0.4646 2.96084 2.89678	0 11.6436 0.505845
0.464844 3.01125 2.89829	0 9.53516 0.513553
0.465088 3.295 2.8992	0 9.06613 0.518204
0.465332 3.19845 2.8992	0 13.9805 0.517819
0.465576 2.32317 2.89807	0 4.84498 0.511672
0.46582 2.8297 2.89567	0 7.29636 0.500457
0.466064 3.10778 2.89187	0 9.21082 0.485852
0.466309 2.5144 2.88653	0 5.56729 0.469867
0.466553 2.76144 2.87952	0 6.38433 0.4544
0.466797 3.31447 2.87073	0 8.64135 0.44114
0.467041 3.27742 2.86017	0 10.0308 0.431662
0.467285 2.76339 2.84807	0 11.0011 0.427351
0.467529 2.72417 2.83488	0 6.94926 0.429003
0.467773 2.67451 2.8213	0 7.32213 0.43627
0.468018 3.04045 2.80819	0 7.77774 0.447354
0.468262 2.46387 2.79645	0 11.3121 0.459316
0.468506 2.94462 2.78687	0 10.8302 0.469016
0.46875 2.60615 2.78008	0 8.41697 0.474303
0.468994 2.55528 2.77636	0 6.21823 0.474828
0.469238 2.78226 2.7757	0 4.76869 0.472052
0.469482 2.87416 2.77777	0 9.6145 0.468411
0.469727 2.53565 2.782	0 8.09965 0.466077
0.469971 2.91759 2.78766	0 6.15829 0.465934
0.470215 2.77101 2.79391	0 7.36971 0.467265
0.470459 3.1896 2.79989	0 8.35011 0.46823
0.470703 2.73842 2.80478	0 12.6173 0.466848
0.470947 2.677 2.80783	0 7.04438 0.46196
0.471191 2.23415 2.80845	0 4.16127 0.453714
0.471436 3.13312 2.80626	0 11.0493 0.443413
0.47168 3.42716 2.80114	0 8.47676 0.432838
0.471924 2.82097 2.79335	0 7.41765 0.423405
0.472168 2.95713 2.78349	0 8.68289 0.415521
0.472412 2.38317 2.77252	0 6.98661 0.408432
0.472656 2.84774 2.76161	0 6.87901 0.400629
0.4729 2.69362 2.752	0 8.62553 0.390667
0.473145 2.80554 2.74483	0 7.74695 0.378039
0.473389 2.5219 2.7409	0 5.69945 0.363694
0.473633 2.64359 2.74058	0 6.77679 0.349932
0.473877 2.3686 2.74378	0 5.04661 0.339674
0.474121 2.71806 2.74996	0 6.41633 0.335411
0.474365 2.55048 2.75827	0 5.60107 0.338294
0.474609 3.07806 2.76778	0 10.7399 0.347733
0.474854 3.54414 2.77759	0 11.1898 0.361638
0.475098 2.57362 2.78704	0 5.85814 0.377144
0.475342 2.64393 2.79576	0 6.92817 0.391502
0.475586 2.70136 2.80366	0 8.84707 0.402799
0.47583 2.61654 2.81085	0 7.05629 0.410296
0.476074 2.90544 2.81757	0 6.89917 0.414392
0.476318 2.74517 2.82409	0 12.1103 0.416309
0.476562 2.89658 2.83061	0 7.19962 0.417705
0.476807 3.13768 2.83719	0 8.07778 0.420317
0.477051 2.9944 2.84371	0 8.05884 0.425669
0.477295 2.57756 2.84986	0 6.4932 0.434786
0.477539 2.37038 2.85514	0 6.71307 0.447912
0.477783 2.95326 2.85885	0 9.26315 0.4643
0.478027 3.11036 2.86022	0 8.76544 0.482235
0.478271 2.94019 2.85841	0 9.9661 0.499378
0.478516 3.14828 2.85274	0 16.805 0.513345
0.47876 2.96511 2.8427	0 5.75422 0.522281
0.479004 2.67685 2.82814	0 7.14573 0.525179
0.479248 2.80645 2.80933	0 7.20066 0.521897
0.479492 3.27609 2.78695	0 15.799 0.513005
0.479736 2.50753 2.76209	0 6.88303 0.499673
0.47998 2.79747 2.73616	0 6.1426 0.483663
0.480225 2.55161 2.71074	0 5.30346 0.467314
0.480469 2.85051 2.68751	0 7.26059 0.453318
0.480713 2.67392 2.668	0 6.53647 0.444217
0.480957 2.07417 2.65347	0 3.40872 0.44171
0.481201 2.73402 2.64475	0 8.61336 0.446036
0.481445 2.64263 2.64215	0 8.33372 0.455702
0.481689 2.33904 2.64539	0 3.71407 0.467716
0.481934 2.48995 2.65363	0 4.89464 0.478299
0.482178 2.57689 2.66558	0 10.5968 0.483902
0.482422 2.69765 2.67964	0 7.03989 0.482174
0.482666 3.05418 2.6942	0 8.18162 0.472594
0.48291 2.45513 2.70783	0 5.83115 0.456514
0.483154 2.76969 2.71952	0 5.952 0.436673
0.483398 3.40331 2.72882	0 10.0626 0.416383
0.483643 2.75159 2.73591	0 7.2052 0.398718
0.483887 2.89129 2.74148	0 7.13484 0.385954
0.484131 2.16592 2.74659	0 3.49006 0.379356
0.484375 2.75124 2.75239	0 6.25041 0.379236
0.484619 2.86753 2.75986	0 8.11559 0.385114
0.484863 2.64142 2.7696	0 6.12842 0.395853
0.485107 2.54472 2.7817	0 6.79139 0.409697
0.485352 2.48484 2.79572	0 5.47632 0.424346
0.485596 2.71404 2.81076	0 6.76626 0.437211
0.48584 3.38352 2.82568	0 11.7186 0.445986
0.486084 3.00156 2.83926	0 9.80293 0.44936
0.486328 2.9515 2.8504	0 8.11485 0.447544
0.486572 3.01219 2.85828	0 7.29973 0.442238
0.486816 2.59409 2.86241	0 7.15501 0.435985
0.487061 2.92236 2.8627	0 6.34706 0.431257
0.487305 2.88539 2.85938	0 8.88598 0.429738
0.487549 2.90497 2.853	0 10.0171 0.432098
0.487793 2.81058 2.84438	0 8.49156 0.438167
0.488037 3.35974 2.83454	0 8.55123 0.447183
0.488281 2.53637 2.82461	0 5.35452 0.457943
0.488525 2.89821 2.81572	0 7.76994 0.468888
0.48877 2.60204 2.80888	0 8.11739 0.47834
0.489014 2.64993 2.80481	0 7.00812 0.484862
0.489258 2.8109 2.80385	0 7.30902 0.487556
0.489502 2.3645 2.80589	0 6.02352 0.486055
0.489746 2.76758 2.81035	0 8.04613 0.480215
0.48999 2.95818 2.81633	0 8.11761 0.469839
0.490234 2.90889 2.82272	0 7.97008 0.454733
0.490479 2.95834 2.82841	0 8.92115 0.435148
0.490723 3.24955 2.83245	0 8.10194 0.412256
0.490967 2.69074 2.83416	0 6.39154 0.388208
0.491211 2.75878 2.8332	0 6.01243 0.36558
0.491455 2.77644 2.82956	0 6.25492 0.346482
0.491699 2.8465 2.82349	0 7.01015 0.331883
0.491943 2.95039 2.81543	0 7.96217 0.321571
0.492188 2.8981 2.80596	0 10.4475 0.314751
0.492432 2.56674 2.79571	0 5.96715 0.310827
0.492676 2.88193 2.78537	0 6.8833 0.309899
0.49292 2.83247 2.77556	0 7.90242 0.312687
0.493164 2.80885 2.76686	0 6.90533 0.320064
0.493408 2.6812 2.75972	0 7.20586 0.332544
0.493652 2.70977 2.75441	0 7.8611 0.350032
0.493896 2.53332 2.75097	0 7.12277 0.37189
0.494141 2.68179 2.74918	0 5.62502 0.397169
0.494385 2.63539 2.74862	0 6.38871 0.424785
0.494629 2.69276 2.74871	0 7.94124 0.453553
0.494873 3.22323 2.74881	0 9.97964 0.482134
0.495117 2.62039 2.7483	0 7.46936 0.509021
0.495361 2.97713 2.74668	0 9.44438 0.532657
0.495605 2.66371 2.74359	0 7.78466 0.551651
0.49585 2.51637 2.7388	0 6.57753 0.564973
0.496094 2.88781 2.73215	0 9.84203 0.572035
0.496338 2.84283 2.72344	0 10.1739 0.572632
0.496582 2.52414 2.71229	0 10.6573 0.566795
0.496826 2.7898 2.69804	0 7.84762 0.554684
0.49707 2.68017 2.67951	0 7.33549 0.536598
0.497314 2.83914 2.65499	0 8.55342 0.513146
0.497559 2.76375 2.62208	0 6.89595 0.485478
0.497803 2.44601 2.57774	0 7.17859 0.455407
0.498047 2.67505 2.51847	0 5.30798 0.425224
0.498291 2.46527 2.44061	0 6.20947 0.397141
0.498535 2.92743 2.34085	0 7.48331 0.372499
0.498779 2.58069 2.21684	0 4.95628 0.351106
0.499023 2.39565 2.06783	0 5.16997 0.331071
0.499268 2.76109 1.89517	0 8.30937 0.309372
0.499512 2.92322 1.70256	0 7.37039 0.283014
0.499756 3.26748 1.28275	0 18.5401 0.211705
