0 0 1.03814	0 0 0.131038
0.000244141 1.88388 1.2483	0 4.80184 0.172099
0.000488281 1.94647 1.4706	0 3.3898 0.218483
0.000732422 1.98656 1.7018	0 4.58461 0.26978
0.000976562 2.40497 1.93987	0 5.1723 0.325637
0.0012207 2.01978 2.18441	0 3.12285 0.385569
0.00146484 2.35871 2.43685	0 5.37578 0.448852
0.00170898 2.75399 2.70032	0 6.21408 0.514823
0.00195312 2.61369 2.97925	0 6.31709 0.583813
0.00219727 2.65263 3.27877	0 6.63909 0.658608
0.00244141 3.17514 3.60408	0 12.3824 0.745932
0.00268555 3.51886 3.95978	0 10.4129 0.857231
0.00292969 3.41968 4.34942	0 10.5572 1.0082
0.00317383 4.23065 4.77514	0 12.9638 1.21721
0.00341797 4.51111 5.23759	0 20.3956 1.50338
0.00366211 4.98098 5.7359	0 22.9294 1.88546
0.00390625 6.29906 6.26777	0 30.9328 2.38213
0.00415039 6.46098 6.82965	0 41.3503 3.01279
0.00439453 8.31813 7.41676	0 90.4057 3.79706
0.00463867 6.24189 8.02315	0 31.8242 4.75069
0.00488281 8.58816 8.64167	0 58.0882 5.87685
0.00512695 9.25842 9.26393	0 80.5054 7.15468
0.00537109 10.2648 9.88034	0 160.965 8.52929
0.00561523 10.2572 10.4803	0 127.451 9.90898
0.00585938 11.439 11.0524	0 136.675 11.1738
0.00610352 12.08 11.5851	0 199.22 12.1962
0.00634766 14.673 12.0674	0 291.454 12.8675
0.0065918 12.2784 12.4895	0 143.495 13.125
0.00683594 14.2579 12.8432	0 151.464 12.9669
0.00708008 13.9733 13.1233	0 259.499 12.4547
0.00732422 14.3776 13.3273	0 210.24 11.6994
0.00756836 16.817 13.4556	0 378.923 10.8373
0.0078125 13.9801 13.5119	0 164.919 10.0007
0.00805664 13.3709 13.5022	0 120.666 9.29149
0.00830078 14.2113 13.4345	0 153.515 8.76265
0.00854492 13.2504 13.3185	0 140.456 8.41465
0.00878906 13.2643 13.1643	0 191.17 8.20653
0.0090332 13.5902 12.9825	0 192.936 8.07844
0.00927734 12.9192 12.7833	0 233.901 7.97679
0.00952148 13.066 12.5764	0 181.651 7.87216
0.00976562 12.5538 12.3703	0 166.786 7.76391
0.0100098 11.0744 12.1723	0 129.225 7.67125
0.0102539 11.1568 11.9879	0 159.085 7.61624
0.010498 11.0372 11.8207	0 119.205 7.60704
0.0107422 11.392 11.6726	0 103.644 7.62867
0.0109863 11.1936 11.5436	0 158.846 7.64511
0.0112305 11.7137 11.4325	0 134.336 7.61209
0.0114746 10.7056 11.3375	0 156.938 7.49507
0.0117188 11.7121 11.2568	0 118.389 7.28446
0.0119629 12.4336 11.189	0 132.88 7.00102
0.012207 10.0879 11.1337	0 89.3539 6.68865
0.0124512 9.62845 11.0916	0 75.6249 6.3984
0.0126953 12.5462 11.0643	0 156.04 6.17142
0.0129395 11.6566 11.0538	0 139.094 6.02857
0.0131836 8.82428 11.0621	0 56.9071 5.96984
0.0134277 11.6355 11.0904	0 139.473 5.98162
0.0136719 9.54819 11.1389	0 107.486 6.04657
0.013916 11.5233 11.206	0 111.119 6.15144
0.0141602 10.2259 11.2886	0 83.8632 6.29067
0.0144043 11.4203 11.3822	0 99.1214 6.46591
0.0146484 12.3973 11.4813	0 163.312 6.68306
0.0148926 11.6649 11.5798	0 110.359 6.9476
0.0151367 11.7397 11.672	0 105.828 7.25945
0.0153809 12.4862 11.753	0 150.639 7.60835
0.015625 11.4287 11.8191	0 110.825 7.97182
0.0158691 12.3467 11.8682	0 127.851 8.31732
0.0161133 12.5472 11.8999	0 156.261 8.60902
0.0163574 12.2562 11.9152	0 133.928 8.81725
0.0166016 13.1361 11.9167	0 243.441 8.92704
0.0168457 11.3414 11.9073	0 115.032 8.94193
0.0170898 10.8047 11.8909	0 94.3594 8.88091
0.017334 12.8467 11.871	0 170.012 8.76998
0.0175781 10.319 11.8508	0 87.022 8.63258
0.0178223 12.004 11.833	0 119.515 8.4844
0.0180664 11.458 11.8199	0 135.441 8.33518
0.0183105 13.8705 11.813	0 140.496 8.19578
0.0185547 11.3751 11.8137	0 134.489 8.08467
0.0187988 11.4218 11.8228	0 119.782 8.02795
0.019043 10.9312 11.8411	0 103.54 8.05134
0.0192871 10.0713 11.8691	0 95.7802 8.16836
0.0195312 12.7701 11.9072	0 184.735 8.37155
0.0197754 13.8886 11.9555	0 189.34 8.63226
0.0200195 10.5894 12.0142	0 120.376 8.90865
0.0202637 12.0111 12.0834	0 167.19 9.15729
0.0205078 12.8751 12.1625	0 152.446 9.34301
0.020752 10.8628 12.2509	0 158.296 9.44397
0.0209961 12.4 12.347	0 159.169 9.45279
0.0212402 12.532 12.4481	0 161.613 9.37539
0.0214844 12.1666 12.5509	0 139.734 9.22825
0.0217285 11.7875 12.651	0 125.78 9.03372
0.0219727 13.9883 12.7438	0 241.088 8.81341
0.0222168 13.3302 12.825	0 172.088 8.5825
0.0224609 11.615 12.8915	0 119.264 8.34843
0.0227051 14.8094 12.9419	0 251.921 8.11613
0.0229492 15.1261 12.9772	0 275.492 7.89706
0.0231934 12.9902 13.0001	0 133.299 7.71584
0.0234375 13.1302 13.0154	0 174.068 7.60884
0.0236816 11.8831 13.0282	0 86.6023 7.61366
0.0239258 11.7519 13.0435	0 137.38 7.75451
0.0241699 12.2708 13.0649	0 112.033 8.03077
0.0244141 12.6059 13.0942	0 158.064 8.4144
0.0246582 13.4124 13.1311	0 119.394 8.85683
0.0249023 13.4363 13.1736	0 211.55 9.30226
0.0251465 14.2249 13.2184	0 199.933 9.70265
0.0253906 13.1277 13.2625	0 155.194 10.0298
0.0256348 13.0894 13.303	0 165.048 10.2814
0.0258789 14.5225 13.3389	0 182.537 10.478
0.026123 12.1552 13.3708	0 225.385 10.6524
0.0263672 13.9701 13.4011	0 174.079 10.8358
0.0266113 13.9539 13.434	0 203.606 11.047
0.0268555 13.4434 13.4742	0 175.173 11.2918
0.0270996 14.9114 13.5265	0 192.473 11.5713
0.0273438 10.3483 13.595	0 91.9946 11.8929
0.0275879 13.4984 13.6819	0 195.054 12.274
0.027832 12.5992 13.7874	0 134.481 12.7357
0.0280762 13.186 13.9095	0 157.746 13.2876
0.0283203 14.2935 14.0445	0 325.869 13.9132
0.0285645 15.2826 14.188	0 258.124 14.5636
0.0288086 14.5733 14.3352	0 264.702 15.1652
0.0290527 14.8152 14.4827	0 305.317 15.6385
0.0292969 15.7186 14.6285	0 336.423 15.9225
0.029541 14.9548 14.7721	0 199.362 15.9958
0.0297852 14.186 14.9146	0 227.901 15.886
0.0300293 14.7241 15.0578	0 138.162 15.6621
0.0302734 13.9432 15.2037	0 154.237 15.4147
0.0305176 17.0246 15.3532	0 206.236 15.2286
0.0307617 13.5354 15.5064	0 181.234 15.16
0.0310059 15.3021 15.6626	0 263.879 15.2249
0.03125 15.4117 15.8204	0 165.948 15.4001
0.0314941 17.6827 15.9785	0 277.49 15.6349
0.0317383 18.4895 16.1365	0 354.159 15.8687
0.0319824 14.2177 16.2954	0 323.106 16.0512
0.0322266 17.8574 16.4574	0 308.879 16.1588
0.0324707 15.5563 16.6259	0 207.965 16.202
0.0327148 16.2197 16.8044	0 388.444 16.2213
0.032959 17.4124 16.9964	0 238.83 16.273
0.0332031 15.424 17.2041	0 307.367 16.412
0.0334473 15.643 17.4284	0 231.94 16.679
0.0336914 18.1724 17.6683	0 269.718 17.0964
0.0339355 19.2957 17.9219	0 392.983 17.6711
0.0341797 18.3247 18.1862	0 332.261 18.3986
0.0344238 20.0496 18.458	0 336.706 19.2694
0.034668 16.1096 18.7344	0 266.8 20.2773
0.0349121 19.9919 19.0128	0 855.071 21.4262
0.0351562 18.1041 19.2916	0 303.73 22.7323
0.0354004 19.1362 19.57	0 408.861 24.2111
0.0356445 21.1457 19.8483	0 314.369 25.8551
0.0358887 23.2914 20.1274	0 418.538 27.6115
0.0361328 16.8381 20.409	0 298.706 29.3805
0.036377 20.7531 20.6952	0 477.264 31.0382
0.0366211 22.6338 20.9884	0 619.151 32.4762
0.0368652 18.7295 21.2906	0 319.037 33.6366
0.0371094 22.7507 21.6037	0 507.826 34.5231
0.0373535 22.228 21.9286	0 723.208 35.1852
0.0375977 19.0914 22.266	0 367.471 35.6856
0.0378418 23.3515 22.6164	0 713.867 36.0726
0.0380859 24.9553 22.9801	0 645.923 36.3684
0.0383301 23.3289 23.3581	0 594.32 36.5796
0.0385742 24.8813 23.7523	0 607.2 36.7194
0.0388184 21.9878 24.1658	0 374.219 36.8289
0.0390625 21.0271 24.6023	0 353.198 36.9845
0.0393066 27.5038 25.0669	0 589.095 37.2917
0.0395508 27.3322 25.5648	0 533.414 37.8698
0.0397949 23.6379 26.1011	0 573.333 38.8378
0.0400391 29.0375 26.6804	0 869.602 40.3034
0.0402832 23.0192 27.3058	0 589.622 42.3471
0.0405273 24.377 27.979	0 448.576 44.9938
0.0407715 28.7347 28.6995	0 594.617 48.18
0.0410156 31.0587 29.4653	0 741.489 51.7374
0.0412598 33.7557 30.2725	0 1014.78 55.421
0.0415039 25.773 31.1157	0 635.241 58.9854
0.041748 34.2694 31.9885	0 1601.41 62.2859
0.0419922 29.689 32.8838	0 741.08 65.3603
0.0422363 33.068 33.7937	0 1075.08 68.4523
0.0424805 36.7273 34.7101	0 1445.88 71.9646
0.0427246 37.261 35.6253	0 1173.76 76.3589
0.0429688 37.3097 36.5325	0 1168.33 82.0343
0.0432129 34.5601 37.4264	0 1140.83 89.214
0.043457 36.1231 38.305	0 972.611 97.864
0.0437012 45.3358 39.1697	0 2655.89 107.654
0.0439453 40.3424 40.0272	0 1428.29 117.976
0.0441895 40.9694 40.8892	0 1576.94 128.017
0.0444336 40.0324 41.773	0 1907.07 136.918
0.0446777 47.6189 42.7012	0 2062.13 143.975
0.0449219 33.4865 43.7003	0 1303.24 148.868
0.045166 49.7116 44.8	0 2856.53 151.815
0.0454102 43.185 46.0316	0 5095.54 153.577
0.0456543 39.4147 47.4268	0 1419.2 155.273
0.0458984 49.1542 49.0164	0 2037.15 158.074
0.0461426 50.1264 50.8293	0 3789.68 162.926
0.0463867 48.6128 52.8908	0 2292.33 170.474
0.0466309 47.8575 55.2212	0 2265.75 181.233
0.046875 54.0662 57.8332	0 3056.01 195.921
0.0471191 63.1477 60.7291	0 3789.64 215.723
0.0473633 54.351 63.8981	0 3222.27 242.271
0.0476074 61.4598 67.3136	0 3243.99 277.254
0.0478516 65.6578 70.9328	0 3169.66 321.757
0.0480957 73.9578 74.6983	0 4372.75 375.587
0.0483398 73.7812 78.5418	0 4737.55 436.856
0.048584 80.3883 82.3917	0 8364.41 502.061
0.0488281 85.1469 86.1806	0 5705.32 566.637
0.0490723 112.386 89.8531	0 13434.1 625.838
0.0493164 109.543 93.372	0 14733.8 675.637
0.0495605 90.6638 96.7198	0 7837.07 713.377
0.0498047 105.574 99.8976	0 14702.3 738.027
0.0500488 107.907 102.919	0 15710 750.114
0.050293 85.5237 105.805	0 7281.13 751.52
0.0505371 109.384 108.573	0 14307.1 745.388
0.0507812 102.518 111.235	0 6849.53 736.198
0.0510254 123.522 113.795	0 13665.3 729.783
0.0512695 126.573 116.245	0 15495.4 732.837
0.0515137 133.352 118.573	0 15770.4 751.527
0.0517578 115.205 120.759	0 11236.7 789.308
0.052002 113.62 122.778	0 12910 844.725
0.0522461 141.678 124.605	0 15971.6 910.446
0.0524902 103.51 126.211	0 11200.4 974.498
0.0527344 131.778 127.568	0 21346.9 1023.76
0.0529785 141.937 128.644	0 26416.5 1048.49
0.0532227 145.184 129.412	0 30309.5 1045.92
0.0534668 142.042 129.845	0 15083 1021.2
0.0537109 125.058 129.922	0 15668.2 985.09
0.0539551 136.908 129.624	0 17031.6 949.491
0.0541992 127.732 128.937	0 15486.2 922.785
0.0544434 118.549 127.848	0 14081.9 907.028
0.0546875 131.707 126.346	0 15476.7 898.04
0.0549316 158.18 124.423	0 34960.1 888.012
0.0551758 125.797 122.079	0 19057.7 869.166
0.0554199 107.881 119.318	0 18546.7 836.786
0.0556641 125.852 116.156	0 16708.3 790.529
0.0559082 118.731 112.626	0 10624.6 733.885
0.0561523 116.967 108.773	0 12670.6 672.407
0.0563965 113.006 104.656	0 9924.51 611.654
0.0566406 103.666 100.345	0 12842.7 555.591
0.0568848 90.9201 95.9186	0 14647.6 505.864
0.0571289 88.2421 91.4534	0 8006.79 461.959
0.057373 83.0673 87.0232	0 8922.08 422.045
0.0576172 74.1897 82.6917	0 5461.5 384.058
0.0578613 74.4913 78.5101	0 6760.03 346.644
0.0581055 80.7329 74.5147	0 7632.62 309.59
0.0583496 65.846 70.7281	0 4239.47 273.698
0.0585938 61.3108 67.1599	0 2522.81 240.228
0.0588379 56.8916 63.8101	0 3628.82 210.269
0.059082 61.7399 60.6715	0 3355.43 184.315
0.0593262 52.809 57.7326	0 2397.41 162.228
0.0595703 58.226 54.98	0 4089.47 143.501
0.0598145 48.5574 52.3997	0 1826.29 127.625
0.0600586 54.2416 49.978	0 2654.97 114.329
0.0603027 39.5221 47.7015	0 1027.6 103.57
0.0605469 38.6379 45.5572	0 1950.14 95.3484
0.060791 49.1294 43.5325	0 2617.82 89.4721
0.0610352 38.5738 41.6151	0 1428.78 85.4477
0.0612793 37.6364 39.7936	0 2242.72 82.545
0.0615234 37.1455 38.0581	0 1946.47 79.9887
0.0617676 41.0502 36.4013	0 1252.95 77.1607
0.0620117 33.0462 34.8182	0 902.93 73.7208
0.0622559 30.49 33.3072	0 1204.53 69.6096
0.0625 32.8624 31.8686	0 1256.46 64.9688
0.0627441 26.703 30.5048	0 574.547 60.0335
0.0629883 29.4141 29.2186	0 767.692 55.0472
0.0632324 25.1608 28.0126	0 614.452 50.2188
0.0634766 26.0667 26.8887	0 663.995 45.7156
0.0637207 24.0793 25.8474	0 509.204 41.6703
0.0639648 25.5928 24.8876	0 815.693 38.1805
0.064209 27.4105 24.0067	0 773.357 35.2914
0.0644531 17.6337 23.2001	0 288.992 32.9682
0.0646973 21.5775 22.4617	0 495.379 31.0797
0.0649414 18.9513 21.7831	0 388.284 29.4138
0.0651855 20.9913 21.1543	0 438.215 27.733
0.0654297 20.3731 20.5643	0 411.735 25.8505
0.0656738 21.1183 20.0014	0 458.991 23.6938
0.065918 18.8891 19.4554	0 305.76 21.3255
0.0661621 21.4339 18.9178	0 472.961 18.9099
0.0664062 19.0759 18.3833	0 387.229 16.6452
0.0666504 17.1595 17.8498	0 255.626 14.6942
0.0668945 17.3217 17.3189	0 285.246 13.1443
0.0671387 16.0674 16.7943	0 235.465 12.0057
0.0673828 16.321 16.2817	0 213.273 11.2368
0.067627 14.7216 15.7869	0 186.769 10.7758
0.0678711 14.4974 15.3152	0 231.455 10.5614
0.0681152 15.1495 14.8701	0 224.855 10.5389
0.0683594 14.1149 14.4535	0 195.847 10.6563
0.0686035 12.5799 14.0648	0 108.06 10.8609
0.0688477 13.2792 13.7017	0 173.469 11.0983
0.0690918 14.0909 13.3605	0 177.392 11.3165
0.0693359 12.4109 13.0369	0 212.121 11.4695
0.0695801 11.3648 12.7266	0 111.596 11.5203
0.0698242 14.7028 12.426	0 183.653 11.4423
0.0700684 12.2642 12.1332	0 203.184 11.2212
0.0703125 10.5881 11.8479	0 125.534 10.8572
0.0705566 13.6934 11.5715	0 227.273 10.3671
0.0708008 10.3108 11.3066	0 94.3255 9.78332
0.0710449 10.0552 11.0563	0 99.131 9.14702
0.0712891 11.0154 10.8238	0 101.188 8.49932
0.0715332 9.12613 10.6106	0 73.5641 7.87273
0.0717773 9.735 10.417	0 90.7759 7.28779
0.0720215 10.1093 10.2411	0 66.8917 6.75554
0.0722656 9.77416 10.0796	0 132.688 6.28313
0.0725098 9.89645 9.92812	0 81.2085 5.87775
0.0727539 9.67828 9.78227	0 106.003 5.54591
0.072998 11.0965 9.63876	0 139.05 5.2888
0.0732422 9.21578 9.49604	0 90.1123 5.0976
0.0734863 11.3956 9.35471	0 109.337 4.95308
0.0737305 8.87644 9.21732	0 70.1002 4.83097
0.0739746 7.88862 9.08767	0 81.0145 4.71097
0.0742188 8.53581 8.9698	0 59.3906 4.58495
0.0744629 7.90189 8.86693	0 78.3822 4.46028
0.074707 8.13882 8.78054	0 68.7307 4.35667
0.0749512 6.49753 8.70995	0 33.238 4.29781
0.0751953 10.2535 8.65242	0 81.181 4.30147
0.0754395 8.40638 8.60377	0 110.163 4.37177
0.0756836 9.43581 8.55926	0 103.447 4.49681
0.0759277 8.89752 8.51464	0 67.272 4.65198
0.0761719 8.38763 8.46686	0 82.4583 4.80742
0.076416 10.3985 8.41459	0 123.329 4.93597
0.0766602 7.5198 8.35812	0 59.506 5.01878
0.0769043 7.61134 8.29904	0 68.1093 5.04695
0.0771484 7.59636 8.2396	0 49.094 5.02
0.0773926 7.47218 8.18206	0 62.0739 4.9431
0.0776367 8.69856 8.12819	0 71.0494 4.82453
0.0778809 8.39491 8.07894	0 85.3056 4.67389
0.078125 8.03959 8.03437	0 71.1444 4.50042
0.0783691 7.2829 7.99379	0 38.952 4.31141
0.0786133 8.62063 7.95592	0 68.4029 4.1113
0.0788574 7.44646 7.91914	0 60.1636 3.90252
0.0791016 8.99931 7.88177	0 74.8769 3.68795
0.0793457 6.63254 7.84224	0 35.9268 3.4737
0.0795898 7.73822 7.79931	0 66.0603 3.27005
0.079834 7.24226 7.75226	0 38.6635 3.08953
0.0800781 9.71498 7.7011	0 88.11 2.94311
0.0803223 7.97038 7.64665	0 57.8444 2.83691
0.0805664 6.65831 7.59062	0 53.9639 2.77147
0.0808105 7.88908 7.53542	0 66.133 2.74424
0.0810547 7.30049 7.48398	0 59.6504 2.75337
0.0812988 6.93167 7.43925	0 50.8144 2.80046
0.081543 7.20852 7.40377	0 54.9579 2.89016
0.0817871 7.52162 7.3792	0 62.2624 3.02657
0.0820312 6.9006 7.36595	0 49.3972 3.20834
0.0822754 6.64689 7.36301	0 37.7137 3.42522
0.0825195 6.86224 7.36802	0 46.6045 3.65812
0.0827637 7.3202 7.37764	0 72.5178 3.88291
0.0830078 8.3032 7.38806	0 57.4829 4.07631
0.083252 7.76668 7.39566	0 47.2173 4.22111
0.0834961 6.87078 7.3977	0 60.0324 4.30863
0.0837402 7.89225 7.39276	0 49.5098 4.33804
0.0839844 8.56663 7.38102	0 71.8381 4.31389
0.0842285 7.63595 7.36413	0 47.4178 4.24381
0.0844727 7.80615 7.3448	0 58.4995 4.1378
0.0847168 6.25986 7.32616	0 33.6937 4.00891
0.0849609 5.81687 7.3111	0 44.3506 3.87391
0.0852051 7.09768 7.30169	0 56.7179 3.75187
0.0854492 7.33874 7.29885	0 61.0505 3.66002
0.0856934 7.38507 7.30236	0 44.585 3.60782
0.0859375 8.0172 7.31108	0 99.1234 3.59248
0.0861816 6.45168 7.32338	0 39.0515 3.59918
0.0864258 8.17569 7.33758	0 97.5027 3.60736
0.0866699 8.03258 7.35225	0 70.9014 3.60041
0.0869141 7.54682 7.36638	0 50.082 3.57402
0.0871582 6.70051 7.37937	0 61.5821 3.53805
0.0874023 6.51354 7.39094	0 34.0409 3.51084
0.0876465 6.80502 7.40104	0 46.5048 3.50896
0.0878906 7.78491 7.4098	0 71.1801 3.53835
0.0881348 8.85248 7.41757	0 104.132 3.59165
0.0883789 7.63827 7.42499	0 63.6164 3.65264
0.088623 7.41135 7.43303	0 45.5065 3.70452
0.0888672 7.24447 7.44285	0 59.7421 3.73695
0.0891113 7.1986 7.45569	0 37.4442 3.74797
0.0893555 6.23068 7.47258	0 41.6781 3.74084
0.0895996 7.80712 7.49407	0 49.8599 3.71874
0.0898438 7.64223 7.52008	0 53.9733 3.68163
0.0900879 7.74503 7.54988	0 60.1294 3.62736
0.090332 6.9531 7.58223	0 54.3605 3.55597
0.0905762 7.49363 7.61565	0 61.188 3.47375
0.0908203 8.7411 7.64874	0 80.1143 3.39353
0.0910645 8.31222 7.68045	0 73.9909 3.33062
0.0913086 6.48413 7.71027	0 30.7408 3.29674
0.0915527 8.25537 7.73827	0 51.4303 3.29556
0.0917969 7.6433 7.76494	0 65.0616 3.32263
0.092041 7.8535 7.79108	0 56.762 3.36936
0.0922852 8.40608 7.81749	0 51.0164 3.42872
0.0925293 6.79078 7.84481	0 43.059 3.49902
0.0927734 7.47998 7.87334	0 56.0945 3.58395
0.0930176 8.14478 7.90297	0 58.9974 3.68906
0.0932617 8.55856 7.93321	0 58.3749 3.81677
0.0935059 8.12974 7.96322	0 58.0109 3.96261
0.09375 7.86347 7.99193	0 68.0958 4.11453
0.0939941 7.51105 8.01817	0 58.2597 4.25525
0.0942383 8.07414 8.04077	0 76.9766 4.36698
0.0944824 8.26873 8.05877	0 83.6818 4.43669
0.0947266 8.07326 8.07151	0 83.0678 4.46079
0.0949707 9.21791 8.07883	0 83.4427 4.44763
0.0952148 7.78574 8.0812	0 72.4012 4.41721
0.095459 7.65473 8.07982	0 61.0031 4.39748
0.0957031 7.45184 8.07663	0 58.3095 4.41823
0.0959473 9.70462 8.07413	0 107.587 4.50414
0.0961914 7.77205 8.07518	0 72.5466 4.66892
0.0964355 8.04232 8.08252	0 87.6117 4.9117
0.0966797 6.95875 8.09839	0 40.9343 5.2159
0.0969238 8.5088 8.12412	0 69.7044 5.55061
0.097168 7.26383 8.15979	0 47.2029 5.87446
0.0974121 6.93419 8.20426	0 49.0285 6.14215
0.0976562 8.82914 8.25533	0 94.6291 6.31354
0.0979004 8.76732 8.31019	0 106.94 6.36348
0.0981445 9.04106 8.36594	0 82.4091 6.28982
0.0983887 8.69702 8.42018	0 79.339 6.11616
0.0986328 8.18098 8.47138	0 61.7264 5.88755
0.098877 9.81907 8.51908	0 80.6877 5.6592
0.0991211 7.68852 8.56385	0 66.3264 5.48122
0.0993652 7.79327 8.60697	0 40.0171 5.38418
0.0996094 9.47586 8.65008	0 84.9666 5.3706
0.0998535 7.733 8.6948	0 79.8674 5.41549
0.100098 9.37818 8.74243	0 113.571 5.47581
0.100342 8.79097 8.79378	0 80.2488 5.50524
0.100586 7.83953 8.84919	0 66.6194 5.46889
0.10083 9.45118 8.90868	0 124.726 5.35309
0.101074 9.01116 8.97202	0 67.9721 5.16754
0.101318 9.63457 9.03898	0 87.3772 4.94057
0.101562 8.37144 9.10929	0 47.6443 4.71002
0.101807 9.4144 9.1827	0 91.4677 4.51341
0.102051 8.81272 9.25878	0 80.3977 4.38027
0.102295 9.93329 9.33683	0 78.1908 4.32823
0.102539 9.25701 9.41575	0 103.688 4.36301
0.102783 8.68783 9.49398	0 80.944 4.48091
0.103027 9.2708 9.56961	0 75.0224 4.67171
0.103271 9.94487 9.64055	0 99.7859 4.92061
0.103516 10.5089 9.70486	0 68.5939 5.20883
0.10376 10.6482 9.76094	0 128.229 5.51365
0.104004 9.43325 9.80776	0 81.0009 5.80917
0.104248 10.7544 9.84489	0 160.602 6.0681
0.104492 9.49526 9.87238	0 62.9778 6.26426
0.104736 8.69405 9.89061	0 66.9845 6.37492
0.10498 10.6991 9.90001	0 114.33 6.38261
0.105225 9.68126 9.90095	0 76.6961 6.27677
0.105469 10.3953 9.89361	0 122.649 6.05597
0.105713 10.8725 9.87806	0 115.817 5.73112
0.105957 8.87359 9.8544	0 77.4693 5.32854
0.106201 8.87025 9.82291	0 60.7255 4.89113
0.106445 12.2417 9.78422	0 133.314 4.47551
0.106689 9.51259 9.73938	0 84.9956 4.14385
0.106934 9.26293 9.68987	0 75.5423 3.95126
0.107178 9.42037 9.63745	0 74.4226 3.93194
0.107422 9.25431 9.58403	0 63.9553 4.08876
0.107666 9.35861 9.53146	0 113.894 4.39081
0.10791 10.4248 9.48137	0 90.6883 4.78067
0.108154 8.55916 9.435	0 50.9636 5.1892
0.108398 10.3863 9.39312	0 105.024 5.55256
0.108643 7.38684 9.35601	0 72.587 5.82549
0.108887 10.5375 9.32343	0 146.03 5.98718
0.109131 8.4823 9.29473	0 65.1666 6.03949
0.109375 9.56112 9.26893	0 93.9682 6.00023
0.109619 10.068 9.24488	0 118.102 5.89525
0.109863 8.4022 9.22136	0 76.5177 5.75213
0.110107 8.85129 9.19725	0 73.7275 5.59675
0.110352 9.64662 9.17155	0 81.1099 5.45202
0.110596 9.05293 9.14343	0 75.1949 5.33708
0.11084 10.4962 9.11212	0 94.3562 5.26559
0.111084 9.21539 9.07683	0 66.7133 5.24272
0.111328 7.31336 9.03668	0 70.494 5.26241
0.111572 8.50039 8.99068	0 85.1867 5.30691
0.111816 8.88336 8.93776	0 104.553 5.35047
0.112061 10.582 8.877	0 105.345 5.36646
0.112305 9.5551 8.80779	0 92.1477 5.3354
0.112549 8.90683 8.73007	0 62.8557 5.2504
0.112793 7.86396 8.64453	0 67.3336 5.11798
0.113037 8.85844 8.55256	0 78.7587 4.95425
0.113281 8.14087 8.45628	0 75.9652 4.77832
0.113525 8.27527 8.35826	0 58.8011 4.60564
0.11377 8.70666 8.26131	0 90.3648 4.44391
0.114014 8.07091 8.16816	0 42.9348 4.29263
0.114258 8.6778 8.08112	0 86.8004 4.14635
0.114502 6.30626 8.00183	0 51.576 3.99949
0.114746 8.30744 7.93109	0 71.3797 3.85032
0.11499 7.37927 7.86873	0 72.0098 3.70207
0.115234 7.30128 7.81369	0 48.8172 3.5609
0.115479 8.57228 7.76418	0 68.4413 3.43236
0.115723 7.28831 7.71803	0 46.2624 3.31859
0.115967 7.97655 7.67304	0 65.8171 3.21777
0.116211 7.8992 7.62737	0 64.8438 3.12577
0.116455 7.11476 7.5799	0 47.8754 3.03899
0.116699 8.34253 7.53034	0 69.1732 2.957
0.116943 7.7235 7.47922	0 41.5877 2.88381
0.117188 7.53219 7.42774	0 58.0777 2.82723
0.117432 7.10322 7.37738	0 56.3994 2.79611
0.117676 6.66144 7.32951	0 39.0333 2.79607
0.11792 7.00319 7.28505	0 41.446 2.8253
0.118164 6.80572 7.24426	0 46.8033 2.87258
0.118408 7.71013 7.20665	0 68.2007 2.91919
0.118652 6.77544 7.17117	0 48.5336 2.94471
0.118896 7.87074 7.13644	0 68.7219 2.93441
0.119141 6.82801 7.10111	0 47.2797 2.8848
0.119385 7.54197 7.06413	0 41.6438 2.80445
0.119629 6.98599 7.025	0 45.4709 2.70981
0.119873 7.13403 6.98379	0 47.363 2.61826
0.120117 7.07095 6.94111	0 36.7034 2.54202
0.120361 6.31406 6.89792	0 31.2185 2.48557
0.120605 6.52203 6.85539	0 36.6495 2.44712
0.12085 7.43542 6.81465	0 59.9832 2.42249
0.121094 6.41588 6.77664	0 41.3593 2.40907
0.121338 7.15461 6.74206	0 51.3321 2.40776
0.121582 6.42284 6.71124	0 27.317 2.42254
0.121826 5.80258 6.6842	0 38.4589 2.45819
0.12207 7.67699 6.66059	0 54.6843 2.51742
0.122314 5.84783 6.63976	0 28.6509 2.59832
0.122559 7.20907 6.62081	0 49.2798 2.69305
0.122803 6.22299 6.60264	0 43.8755 2.7878
0.123047 6.76044 6.58406	0 36.8123 2.86444
0.123291 6.05859 6.56392	0 26.9336 2.90372
0.123535 6.85888 6.54119	0 35.3785 2.88991
0.123779 7.39571 6.51508	0 65.8462 2.81571
0.124023 6.32616 6.4851	0 44.476 2.68576
0.124268 6.04725 6.45107	0 37.2524 2.51694
0.124512 7.08238 6.41304	0 34.6773 2.33473
0.124756 5.67904 6.37131	0 24.5564 2.16627
0.125 6.12588 6.32629	0 41.3961 2.03288
0.125244 6.87131 6.27843	0 47.2266 1.94462
0.125488 6.42006 6.22824	0 30.5807 1.89896
0.125732 6.48496 6.17624	0 38.1417 1.88355
0.125977 5.7775 6.12299	0 33.5839 1.88162
0.126221 5.24326 6.06917	0 23.8348 1.87785
0.126465 6.49085 6.01557	0 37.1797 1.86263
0.126709 5.69818 5.96315	0 25.2377 1.83387
0.126953 7.13122 5.91295	0 39.3882 1.79593
0.127197 5.96388 5.86603	0 26.8712 1.75681
0.127441 4.78201 5.82328	0 21.2344 1.72444
0.127686 5.68459 5.7853	0 30.8052 1.7037
0.12793 4.52434 5.7522	0 21.0396 1.69491
0.128174 6.61692 5.72355	0 33.4999 1.6942
0.128418 5.69567 5.69835	0 31.4734 1.69553
0.128662 6.02088 5.67518	0 26.5898 1.6933
0.128906 5.31177 5.65234	0 24.3621 1.6845
0.12915 5.95439 5.62813	0 31.0565 1.66948
0.129395 5.42511 5.60113	0 19.9179 1.65098
0.129639 5.42582 5.57041	0 33.1547 1.63236
0.129883 6.14725 5.53581	0 46.9427 1.61597
0.130127 5.23646 5.49805	0 30.8039 1.60258
0.130371 5.54885 5.45881	0 21.8914 1.59205
0.130615 6.1677 5.42056	0 33.0775 1.58435
0.130859 5.55074 5.38639	0 32.7915 1.5801
0.131104 4.89473 5.35962	0 22.1882 1.58012
0.131348 4.6106 5.34328	0 21.9301 1.58439
0.131592 4.58425 5.33973	0 22.5485 1.59132
0.131836 4.96161 5.3502	0 24.5148 1.59789
0.13208 4.88044 5.37457	0 18.3189 1.6008
0.132324 6.14299 5.41129	0 40.9659 1.59783
0.132568 5.72648 5.45752	0 29.0794 1.58881
0.132812 4.66586 5.50941	0 22.6825 1.57555
0.133057 5.28613 5.56251	0 28.4557 1.56113
0.133301 5.42375 5.61229	0 33.6296 1.549
0.133545 6.75305 5.65456	0 42.0472 1.54237
0.133789 6.23696 5.68587	0 39.2162 1.54391
0.134033 6.35915 5.70384	0 33.8586 1.55538
0.134277 5.63203 5.70725	0 31.1382 1.5771
0.134521 5.56743 5.69606	0 29.9076 1.60729
0.134766 5.43728 5.6713	0 26.6685 1.64183
0.13501 6.52348 5.63483	0 44.1996 1.67475
0.135254 5.84126 5.58907	0 29.421 1.69947
0.135498 5.36006 5.53676	0 23.3644 1.71019
0.135742 5.14171 5.48073	0 28.9987 1.70313
0.135986 4.75834 5.42378	0 23.7302 1.67719
0.13623 6.25763 5.36852	0 41.308 1.63419
0.136475 5.12079 5.31731	0 21.6161 1.57873
0.136719 5.3942 5.27216	0 31.4426 1.51774
0.136963 4.67702 5.23465	0 22.7195 1.4594
0.137207 5.2502 5.2058	0 27.1499 1.41149
0.137451 4.84815 5.18591	0 21.8087 1.37958
0.137695 4.89946 5.17449	0 23.2513 1.36553
0.137939 4.91814 5.17026	0 20.1075 1.36711
0.138184 4.7744 5.1712	0 25.7466 1.37873
0.138428 5.54491 5.17482	0 32.7148 1.39309
0.138672 5.33179 5.17845	0 30.7485 1.40318
0.138916 5.64478 5.17961	0 31.9268 1.40402
0.13916 5.01646 5.17645	0 15.318 1.39395
0.139404 5.16518 5.16795	0 22.6114 1.37514
0.139648 6.00969 5.15417	0 48.6697 1.35322
0.139893 4.92366 5.13613	0 27.3443 1.33586
0.140137 5.10523 5.11564	0 31.6846 1.33061
0.140381 5.60034 5.09495	0 40.0105 1.34252
0.140625 4.54564 5.0763	0 16.9609 1.37253
0.140869 4.31693 5.06154	0 20.9678 1.41722
0.141113 4.55535 5.0518	0 21.4003 1.46995
0.141357 5.13677 5.04737	0 44.1893 1.52263
0.141602 5.84484 5.04776	0 37.3006 1.56746
0.141846 3.97997 5.0519	0 12.0068 1.59798
0.14209 5.29042 5.05853	0 30.3782 1.60956
0.142334 6.08895 5.06646	0 31.7525 1.59975
0.142578 4.78972 5.0749	0 17.8555 1.56878
0.142822 4.80015 5.08358	0 16.9377 1.52016
0.143066 5.93256 5.09271	0 40.4454 1.46061
0.143311 4.3797 5.10281	0 18.6241 1.39933
0.143555 4.46162 5.11449	0 18.5781 1.34618
0.143799 5.80599 5.12814	0 30.5235 1.30953
0.144043 4.77008 5.14371	0 21.055 1.29421
0.144287 5.03376 5.16064	0 25.4798 1.30021
0.144531 5.22045 5.17782	0 31.352 1.32256
0.144775 5.18018 5.19374	0 17.7425 1.35245
0.14502 5.15977 5.2067	0 24.7071 1.37957
0.145264 5.50092 5.21503	0 32.9036 1.39506
0.145508 5.49318 5.2173	0 19.707 1.39411
0.145752 5.90857 5.21247	0 25.4771 1.37709
0.145996 4.9901 5.19994	0 20.8544 1.34875
0.14624 5.23484 5.17959	0 18.61 1.31577
0.146484 4.6082 5.15174	0 16.689 1.28383
0.146729 5.11271 5.11711	0 32.5709 1.25571
0.146973 5.8178 5.07685	0 25.3211 1.23128
0.147217 4.94963 5.03244	0 26.3413 1.20909
0.147461 5.76184 4.98574	0 29.415 1.18849
0.147705 4.09182 4.93887	0 17.3115 1.17082
0.147949 5.11161 4.8941	0 23.0374 1.1591
0.148193 5.13696 4.85363	0 30.436 1.1565
0.148438 4.01805 4.81942	0 16.046 1.1647
0.148682 4.43846 4.79298	0 18.6574 1.18313
0.148926 4.38002 4.77523	0 13.9398 1.20948
0.14917 4.78477 4.76648	0 14.5023 1.24097
0.149414 5.14686 4.76644	0 28.327 1.27564
0.149658 4.78779 4.77427	0 15.7847 1.31274
0.149902 4.51126 4.78871	0 16.1339 1.3522
0.150146 4.8699 4.80817	0 21.8664 1.39358
0.150391 4.82444 4.83078	0 17.3577 1.43529
0.150635 4.3753 4.85452	0 18.5296 1.47474
0.150879 4.46407 4.87734	0 22.7629 1.50917
0.151123 5.20849 4.89736	0 20.0974 1.53673
0.151367 5.49593 4.91303	0 29.4462 1.55693
0.151611 5.51964 4.92335	0 24.7626 1.57015
0.151855 5.62609 4.92796	0 22.617 1.57649
0.1521 4.07506 4.92714	0 20.2121 1.57492
0.152344 5.16191 4.92176	0 22.3735 1.56341
0.152588 4.15782 4.913	0 18.0369 1.54012
0.152832 5.08719 4.90216	0 20.5618 1.50502
0.153076 5.64729 4.89037	0 34.2117 1.46088
0.15332 4.6271 4.87842	0 20.1491 1.41288
0.153564 4.49209 4.86664	0 24.4949 1.36703
0.153809 4.76115 4.85491	0 23.0678 1.32813
0.154053 4.49805 4.84272	0 19.3187 1.2983
0.154297 5.48958 4.8293	0 31.6141 1.27688
0.154541 4.54954 4.81385	0 17.5715 1.26151
0.154785 5.25258 4.79563	0 22.7995 1.24987
0.155029 5.05444 4.77411	0 25.3138 1.2411
0.155273 4.41931 4.74909	0 24.1296 1.23629
0.155518 4.84378 4.72069	0 17.2536 1.23789
0.155762 4.62087 4.68936	0 21.7191 1.24838
0.156006 4.55538 4.65587	0 20.9281 1.269
0.15625 4.53798 4.62123	0 15.5772 1.29882
0.156494 5.00603 4.58668	0 23.7676 1.3347
0.156738 4.57642 4.55351	0 19.6753 1.37193
0.156982 4.89756 4.52304	0 26.8958 1.40537
0.157227 3.82933 4.4964	0 15.8994 1.43073
0.157471 4.27871 4.47448	0 32.0163 1.44559
0.157715 3.85175 4.45777	0 13.7761 1.44999
0.157959 4.42938 4.44639	0 18.8447 1.44626
0.158203 4.68306 4.44008	0 19.9061 1.43832
0.158447 4.63345 4.4383	0 22.458 1.43037
0.158691 4.74473 4.44034	0 23.9383 1.42564
0.158936 4.35003 4.44543	0 18.0339 1.42535
0.15918 3.73274 4.45279	0 13.5592 1.42852
0.159424 4.86315 4.46171	0 25.9018 1.43265
0.159668 4.10289 4.47148	0 16.0428 1.43489
0.159912 4.56444 4.48145	0 25.2197 1.43323
0.160156 4.70024 4.49097	0 26.9651 1.4271
0.1604 5.09803 4.49941	0 20.0157 1.41715
0.160645 4.08293 4.50621	0 15.6387 1.40431
0.160889 4.30787 4.5109	0 17.2681 1.38876
0.161133 4.20246 4.51319	0 19.9989 1.36934
0.161377 4.78931 4.513	0 21.4492 1.34373
0.161621 5.18486 4.51054	0 19.4129 1.30951
0.161865 4.87839 4.50625	0 20.6992 1.26561
0.162109 3.74855 4.50083	0 14.7626 1.21356
0.162354 4.48879 4.49507	0 25.1723 1.15794
0.162598 4.48489 4.48974	0 16.053 1.10568
0.162842 4.45148 4.48546	0 15.6519 1.06441
0.163086 4.51982 4.48251	0 26.1679 1.04025
0.16333 4.36642 4.48077	0 16.0863 1.03592
0.163574 4.47389 4.47968	0 22.5681 1.04968
0.163818 4.30703 4.47831	0 23.4214 1.07568
0.164062 4.32367 4.47546	0 20.9368 1.10557
0.164307 4.70013 4.4699	0 25.3668 1.13093
0.164551 4.93465 4.46056	0 20.7727 1.14575
0.164795 4.33261 4.44677	0 17.2423 1.14796
0.165039 4.7622 4.42841	0 18.9378 1.13961
0.165283 4.34446 4.40597	0 15.4096 1.12554
0.165527 4.57689 4.38047	0 20.2469 1.11136
0.165771 4.70126 4.35341	0 25.6135 1.10127
0.166016 3.70193 4.32649	0 9.82101 1.09677
0.16626 4.07997 4.30142	0 15.964 1.09648
0.166504 4.18104 4.27967	0 22.3755 1.09727
0.166748 4.29589 4.26235	0 24.8485 1.09589
0.166992 4.19633 4.25007	0 18.3133 1.09059
0.167236 4.374 4.24289	0 18.4028 1.08177
0.16748 3.76807 4.24039	0 10.5201 1.07162
0.167725 4.45886 4.24173	0 25.2319 1.06296
0.167969 4.15497 4.24577	0 16.0883 1.05788
0.168213 4.08891 4.25124	0 11.8493 1.05692
0.168457 3.96945 4.25691	0 14.1711 1.05885
0.168701 4.50735 4.26177	0 15.4493 1.06117
0.168945 5.18093 4.26519	0 24.178 1.06096
0.169189 4.08815 4.26698	0 15.1447 1.05579
0.169434 4.08646 4.26746	0 18.9824 1.04443
0.169678 4.28315 4.26728	0 22.7475 1.02727
0.169922 3.7909 4.26732	0 15.4646 1.00632
0.170166 4.77428 4.26841	0 25.9369 0.984855
0.17041 3.9668 4.27108	0 17.3298 0.966707
0.170654 4.50976 4.27534	0 20.6496 0.955337
0.170898 4.1695 4.28055	0 13.5806 0.952741
0.171143 3.34335 4.28547	0 15.234 0.958478
0.171387 4.40426 4.2884	0 22.5365 0.969196
0.171631 4.53454 4.2875	0 19.9119 0.979084
0.171875 4.89426 4.2812	0 33.083 0.981395
0.172119 4.76542 4.26854	0 25.4675 0.970705
0.172363 4.50805 4.2495	0 20.9202 0.945011
0.172607 4.38939 4.22505	0 19.6207 0.906715
0.172852 4.13773 4.1971	0 17.0608 0.861976
0.173096 3.78267 4.16809	0 17.1256 0.818715
0.17334 4.42945 4.14064	0 16.766 0.784177
0.173584 3.44726 4.11699	0 9.56723 0.763074
0.173828 3.96826 4.09864	0 17.2338 0.756853
0.174072 3.89059 4.08612	0 14.8376 0.764044
0.174316 3.43255 4.07898	0 13.2748 0.781218
0.174561 4.17282 4.07605	0 12.5929 0.804111
0.174805 4.17567 4.07576	0 23.6321 0.828711
0.175049 5.06458 4.07667	0 18.1872 0.852257
0.175293 4.05101 4.07775	0 14.3064 0.874082
0.175537 4.01371 4.07865	0 15.4502 0.896015
0.175781 4.43486 4.07967	0 24.1994 0.922
0.176025 3.72749 4.08157	0 11.5915 0.956704
0.17627 3.79344 4.08522	0 10.6816 1.00335
0.176514 3.75657 4.09124	0 17.4049 1.0615
0.176758 3.6891 4.0997	0 12.3775 1.12582
0.177002 4.61903 4.10997	0 22.8774 1.18649
0.177246 3.64309 4.12081	0 13.4492 1.23153
0.17749 4.12476 4.13056	0 27.7432 1.25018
0.177734 4.6937 4.13754	0 24.8317 1.23618
0.177979 4.38352 4.14035	0 16.4273 1.18976
0.178223 4.66374 4.13819	0 37.7568 1.11769
0.178467 4.21911 4.13096	0 12.5629 1.03133
0.178711 3.72004 4.11927	0 12.9672 0.94363
0.178955 4.2993 4.10419	0 17.5443 0.865922
0.179199 3.94505 4.08706	0 20.1171 0.805536
0.179443 3.97264 4.06912	0 18.5838 0.764736
0.179688 3.48928 4.05133	0 10.1438 0.741035
0.179932 4.40768 4.03413	0 18.8655 0.728619
0.180176 4.20996 4.01746	0 13.8652 0.720454
0.18042 4.20666 4.00078	0 20.1103 0.710558
0.180664 3.20423 3.98318	0 17.4616 0.695818
0.180908 4.74486 3.96366	0 16.9036 0.676779
0.181152 3.35001 3.94131	0 10.0249 0.657028
0.181396 4.20517 3.91561	0 15.6272 0.641375
0.181641 4.0717 3.8866	0 13.6329 0.633563
0.181885 4.0594 3.85506	0 16.823 0.63455
0.182129 4.55692 3.82249	0 16.6053 0.642166
0.182373 3.64201 3.79099	0 10.9034 0.652321
0.182617 3.11343 3.76293	0 12.8501 0.66122
0.182861 3.46475 3.74058	0 14.2575 0.667521
0.183105 3.73334 3.72564	0 11.0797 0.673363
0.18335 3.65423 3.7189	0 13.2245 0.683612
0.183594 3.10014 3.72002	0 10.6698 0.703536
0.183838 2.90675 3.72753	0 7.91292 0.735888
0.184082 3.69632 3.73914	0 12.91 0.77883
0.184326 4.47662 3.75217	0 20.7773 0.825782
0.18457 4.29551 3.76409	0 19.2775 0.867413
0.184814 3.99696 3.77306	0 16.0015 0.894902
0.185059 4.30348 3.77823	0 19.814 0.902982
0.185303 4.09136 3.77984	0 20.4658 0.891484
0.185547 3.01225 3.77911	0 10.8277 0.864909
0.185791 3.89275 3.7778	0 16.521 0.830571
0.186035 3.40408 3.77775	0 12.5978 0.796327
0.186279 3.23867 3.78043	0 8.67919 0.768795
0.186523 3.97252 3.78653	0 14.7691 0.752335
0.186768 4.15225 3.79582	0 16.5073 0.748586
0.187012 3.38976 3.80714	0 10.3806 0.756268
0.187256 3.46468 3.81861	0 9.11435 0.771331
0.1875 4.03523 3.828	0 12.3102 0.787819
0.187744 4.33851 3.8331	0 17.1888 0.799626
0.187988 3.89365 3.8321	0 16.3929 0.802709
0.188232 4.67154 3.82392	0 19.9008 0.796654
0.188477 3.07314 3.8083	0 8.49849 0.784588
0.188721 4.81627 3.78591	0 18.7629 0.771229
0.188965 3.20365 3.75816	0 7.74035 0.760036
0.189209 4.06837 3.72703	0 14.6183 0.751066
0.189453 3.14391 3.69478	0 11.1738 0.740795
0.189697 3.73736 3.66367	0 11.358 0.72406
0.189941 3.30996 3.63571	0 8.59892 0.697051
0.190186 4.00571 3.61246	0 18.9324 0.659737
0.19043 3.46684 3.5949	0 13.5749 0.616484
0.190674 3.16479 3.58342	0 14.5657 0.57462
0.190918 3.32076 3.57777	0 12.3259 0.541775
0.191162 3.53657 3.57719	0 8.01507 0.523327
0.191406 3.82522 3.58055	0 18.4651 0.521041
0.19165 3.09855 3.58645	0 14.1608 0.533273
0.191895 4.09563 3.59349	0 16.7813 0.556263
0.192139 3.46662 3.60039	0 9.19165 0.585688
0.192383 4.02194 3.60615	0 13.9336 0.617707
0.192627 3.54752 3.61012	0 10.0997 0.649256
0.192871 3.42115 3.61202	0 12.9316 0.677861
0.193115 3.87398 3.61187	0 17.2506 0.70142
0.193359 3.56808 3.60985	0 14.0432 0.718284
0.193604 3.44366 3.60621	0 12.2559 0.72758
0.193848 3.80079 3.60116	0 19.821 0.72947
0.194092 3.45106 3.59475	0 9.77037 0.725063
0.194336 3.22681 3.58694	0 11.257 0.715995
0.19458 3.78374 3.57759	0 13.9509 0.70391
0.194824 4.04619 3.56662	0 16.9811 0.690121
0.195068 3.45847 3.55406	0 11.4952 0.675515
0.195312 3.6178 3.5402	0 13.2751 0.6606
0.195557 3.5236 3.52564	0 8.42347 0.645554
0.195801 3.43282 3.51126	0 9.38731 0.630331
0.196045 3.44589 3.49815	0 8.63951 0.614902
0.196289 3.33371 3.48752	0 12.7282 0.599662
0.196533 3.72122 3.48046	0 16.8852 0.585769
0.196777 3.30556 3.47782	0 11.0515 0.575107
0.197021 3.46371 3.47999	0 8.8006 0.569735
0.197266 2.83081 3.48684	0 7.60904 0.571017
0.19751 3.58064 3.49766	0 12.9028 0.578898
0.197754 3.26447 3.51128	0 12.5148 0.591763
0.197998 3.57782 3.52619	0 12.9659 0.60699
0.198242 3.89452 3.5408	0 11.8007 0.621984
0.198486 3.72538 3.55368	0 13.4644 0.635208
0.19873 3.86299 3.5637	0 15.185 0.64677
0.198975 3.58293 3.57018	0 11.1855 0.658318
0.199219 3.64176 3.57283	0 9.55836 0.672226
0.199463 3.55246 3.57174	0 12.4299 0.690307
0.199707 3.44433 3.56714	0 13.8568 0.71249
0.199951 3.35424 3.55939	0 11.3312 0.735983
0.200195 3.34349 3.54883	0 9.93541 0.755438
0.200439 3.93223 3.53583	0 17.7908 0.764346
0.200684 3.54036 3.52079	0 19.9229 0.757355
0.200928 3.98319 3.50424	0 12.9428 0.732702
0.201172 3.7056 3.48687	0 14.6661 0.693683
0.201416 3.11626 3.46953	0 9.11685 0.648347
0.20166 3.09908 3.45315	0 8.91725 0.607349
0.201904 3.24277 3.43871	0 10.8946 0.580644
0.202148 3.76783 3.42705	0 14.999 0.574305
0.202393 3.11804 3.41888	0 7.28375 0.58869
0.202637 3.04127 3.41466	0 9.76432 0.618675
0.202881 3.75681 3.41462	0 13.7727 0.655833
0.203125 3.70298 3.4187	0 11.2876 0.691626
0.203369 3.47981 3.42658	0 15.4331 0.720256
0.203613 3.12237 3.43757	0 8.14871 0.740023
0.203857 3.00999 3.45063	0 9.48608 0.752756
0.204102 2.92119 3.46442	0 9.11 0.76183
0.204346 4.11971 3.47738	0 17.6968 0.769893
0.20459 3.40746 3.48792	0 14.876 0.777389
0.204834 3.79516 3.49467	0 19.1162 0.78243
0.205078 3.83067 3.49673	0 15.7095 0.781811
0.205322 3.95938 3.49392	0 12.716 0.772465
0.205566 3.44183 3.48679	0 9.12668 0.752716
0.205811 3.34307 3.47661	0 10.6799 0.722941
0.206055 3.33629 3.46514	0 10.0826 0.68565
0.206299 3.30077 3.45432	0 14.2058 0.64508
0.206543 3.87925 3.44589	0 17.0502 0.606375
0.206787 2.80387 3.44107	0 5.26364 0.574436
0.207031 2.98222 3.44033	0 8.73593 0.55269
0.207275 3.47408 3.4433	0 10.8962 0.542243
0.20752 3.4376 3.44886	0 12.8713 0.541865
0.207764 3.55383 3.45538	0 8.19405 0.548915
0.208008 3.39096 3.46107	0 8.9726 0.560764
0.208252 3.72532 3.46429	0 12.2838 0.575968
0.208496 3.80221 3.46387	0 9.54177 0.594572
0.20874 3.88071 3.4593	0 20.5983 0.617449
0.208984 3.8356 3.45071	0 14.5633 0.6451
0.209229 2.78082 3.43876	0 8.0357 0.676615
0.209473 3.48108 3.42441	0 14.6388 0.709316
0.209717 2.98835 3.40866	0 10.3239 0.739209
0.209961 3.43918 3.39232	0 15.4466 0.762029
0.210205 3.33621 3.37593	0 15.6103 0.774427
0.210449 3.65529 3.35975	0 17.0112 0.774881
0.210693 3.11431 3.34386	0 8.59032 0.764016
0.210938 3.39733 3.3283	0 9.65551 0.744238
0.211182 3.68329 3.31325	0 14.5824 0.718887
0.211426 3.49307 3.29906	0 12.9092 0.691312
0.21167 2.86421 3.28622	0 8.97767 0.6643
0.211914 3.31202 3.2753	0 10.3004 0.640072
0.212158 3.1989 3.26672	0 7.4213 0.620634
0.212402 3.00619 3.26066	0 9.11816 0.608033
0.212646 2.95286 3.25692	0 11.5948 0.604099
0.212891 3.0939 3.25495	0 9.18368 0.609654
0.213135 3.51902 3.25393	0 13.9373 0.623569
0.213379 3.54508 3.25294	0 12.5187 0.64227
0.213623 3.72162 3.25114	0 13.0892 0.660121
0.213867 2.63812 3.24797	0 5.97184 0.670743
0.214111 3.79701 3.24318	0 14.4566 0.668884
0.214355 2.75006 3.23693	0 6.27272 0.652208
0.2146 3.41705 3.22966	0 12.3496 0.622308
0.214844 3.56046 3.22205	0 12.9429 0.584474
0.215088 2.6684 3.2148	0 8.93982 0.546202
0.215332 3.23984 3.20852	0 8.59821 0.514914
0.215576 3.15112 3.20362	0 10.2522 0.495743
0.21582 3.79573 3.2002	0 11.0877 0.490149
0.216064 2.61895 3.19808	0 5.47188 0.495813
0.216309 2.89207 3.19677	0 10.0386 0.507709
0.216553 3.21362 3.19563	0 10.574 0.519892
0.216797 3.07136 3.19397	0 9.16319 0.527358
0.217041 3.95661 3.1912	0 12.5633 0.527432
0.217285 3.49982 3.18697	0 13.0537 0.520329
0.217529 3.02737 3.18125	0 7.42912 0.508787
0.217773 2.63115 3.17437	0 5.08653 0.497003
0.218018 3.20904 3.16698	0 9.44024 0.489298
0.218262 3.44222 3.15995	0 11.9566 0.488985
0.218506 3.22563 3.15423	0 11.1758 0.497736
0.21875 2.91051 3.15067	0 6.39372 0.515496
0.218994 3.23587 3.14988	0 7.95924 0.540738
0.219238 3.07977 3.15211	0 10.0417 0.570856
0.219482 2.57903 3.15717	0 4.54196 0.602542
0.219727 3.29551 3.16445	0 9.96937 0.632165
0.219971 2.93287 3.173	0 7.31865 0.656187
0.220215 3.81394 3.18171	0 19.8949 0.671636
0.220459 2.9217 3.18948	0 12.2397 0.676554
0.220703 3.25247 3.19541	0 9.84653 0.67035
0.220947 3.56604 3.19893	0 11.5107 0.653977
0.221191 3.28323 3.1999	0 9.71516 0.629868
0.221436 3.28959 3.19848	0 8.74051 0.601593
0.22168 3.2333 3.19513	0 11.5631 0.573199
0.221924 3.02445 3.19033	0 8.22817 0.548344
0.222168 2.62214 3.18453	0 5.62851 0.52947
0.222412 3.41929 3.17802	0 7.59 0.517323
0.222656 2.9325 3.17092	0 8.34669 0.511038
0.2229 3.51546 3.16322	0 16.2932 0.508784
0.223145 3.41889 3.1549	0 9.60681 0.508672
0.223389 3.56969 3.14597	0 11.1451 0.509552
0.223633 2.76158 3.13657	0 7.65857 0.511401
0.223877 2.73463 3.12691	0 6.91275 0.515186
0.224121 3.32926 3.11723	0 14.4316 0.522309
0.224365 3.03403 3.10772	0 6.27897 0.533829
0.224609 2.97775 3.09846	0 8.02895 0.549734
0.224854 3.15803 3.08941	0 9.64071 0.568508
0.225098 2.98516 3.08046	0 8.02104 0.587191
0.225342 3.34397 3.07153	0 12.6975 0.602008
0.225586 2.97406 3.06268	0 10.7381 0.609381
0.22583 3.05951 3.05422	0 8.47245 0.607011
0.226074 3.19985 3.04668	0 11.3078 0.594621
0.226318 3.06575 3.04079	0 6.60633 0.574138
0.226562 3.20715 3.03729	0 9.9169 0.549249
0.226807 2.75509 3.03674	0 5.44893 0.524515
0.227051 2.62616 3.03932	0 7.6281 0.504277
0.227295 2.80888 3.04472	0 5.8974 0.49162
0.227539 2.88917 3.05216	0 7.14809 0.487658
0.227783 3.02561 3.06047	0 10.7592 0.491369
0.228027 3.12535 3.06835	0 9.96273 0.500079
0.228271 3.81275 3.07461	0 15.0878 0.510459
0.228516 3.4617 3.07846	0 13.6552 0.519644
0.22876 3.15746 3.07958	0 9.80771 0.526011
0.229004 2.86768 3.07813	0 8.01526 0.529333
0.229248 2.84713 3.07468	0 9.28159 0.530317
0.229492 2.76136 3.06993	0 6.2102 0.52988
0.229736 2.95525 3.06457	0 8.73458 0.52855
0.22998 3.2592 3.05903	0 9.22628 0.526245
0.230225 3.3158 3.05347	0 8.50513 0.522483
0.230469 2.97649 3.04775	0 8.76266 0.516867
0.230713 2.80173 3.0415	0 8.36196 0.509625
0.230957 3.14 3.03432	0 9.89007 0.501932
0.231201 3.15649 3.02581	0 8.0387 0.495815
0.231445 3.08605 3.01574	0 8.57356 0.493549
0.231689 3.10958 3.00409	0 7.95231 0.4967
0.231934 3.25864 2.99108	0 9.01398 0.505215
0.232178 2.46487 2.97717	0 5.22271 0.517068
0.232422 2.79894 2.96302	0 6.21984 0.528797
0.232666 3.23341 2.94944	0 20.8197 0.536842
0.23291 3.29339 2.9373	0 10.2966 0.539128
0.233154 2.62414 2.92747	0 5.9417 0.536136
0.233398 2.9766 2.92068	0 9.47365 0.530935
0.233643 2.7527 2.91743	0 6.89462 0.528093
0.233887 2.51673 2.91787	0 5.85103 0.531923
0.234131 2.75375 2.92176	0 4.9842 0.544738
0.234375 3.03329 2.92847	0 11.0007 0.565759
0.234619 2.96055 2.93704	0 8.06209 0.59105
0.234863 3.03252 2.94635	0 12.604 0.614512
0.235107 3.33068 2.95525	0 10.0547 0.629636
0.235352 2.47908 2.96276	0 6.55263 0.631433
0.235596 3.03087 2.96825	0 7.77197 0.617921
0.23584 3.58955 2.97145	0 15.501 0.590633
0.236084 2.87965 2.97253	0 8.6141 0.554031
0.236328 3.01134 2.97203	0 7.84275 0.514108
0.236572 2.90574 2.97066	0 10.5138 0.476791
0.236816 2.72578 2.96922	0 6.17049 0.446726
0.237061 2.96107 2.96839	0 9.23142 0.42675
0.237305 2.76895 2.9686	0 10.0006 0.417987
0.237549 3.23723 2.96995	0 8.76857 0.420222
0.237793 2.71884 2.97217	0 10.3037 0.432254
0.238037 2.99429 2.97465	0 9.144 0.452046
0.238281 3.16689 2.97656	0 10.0815 0.476776
0.238525 3.01685 2.97689	0 8.07034 0.502931
0.23877 2.68911 2.97467	0 7.98216 0.526616
0.239014 3.35337 2.96907	0 12.2713 0.544059
0.239258 2.94219 2.95956	0 8.47702 0.552254
0.239502 2.99413 2.946	0 9.04216 0.549566
0.239746 3.27931 2.92876	0 11.4961 0.536183
0.23999 2.93339 2.90871	0 6.27721 0.514291
0.240234 2.87811 2.88717	0 8.82145 0.487916
0.240479 2.85156 2.86581	0 9.58067 0.462363
0.240723 2.80882 2.84645	0 7.57962 0.443268
0.240967 2.74989 2.83089	0 8.30666 0.435405
0.241211 2.51721 2.82061	0 6.90656 0.441517
0.241455 2.3529 2.81664	0 6.31743 0.461566
0.241699 2.88195 2.81937	0 7.48894 0.492686
0.241943 3.02612 2.8285	0 12.3542 0.529937
0.242188 2.72803 2.84304	0 7.22068 0.567584
0.242432 2.52246 2.86141	0 6.41255 0.60047
0.242676 2.55856 2.88166	0 5.07011 0.625023
0.24292 3.1072 2.90169	0 8.34098 0.639679
0.243164 3.21651 2.91954	0 9.89172 0.644741
0.243408 3.5133 2.93363	0 15.4586 0.64186
0.243652 2.7413 2.94297	0 7.65162 0.633367
0.243896 3.14939 2.94718	0 8.27082 0.621566
0.244141 3.30991 2.94653	0 9.84617 0.608126
0.244385 2.69327 2.94177	0 6.35276 0.593696
0.244629 3.02114 2.93391	0 6.94539 0.577875
0.244873 2.43297 2.92404	0 7.69003 0.559621
0.245117 3.18291 2.91315	0 8.5891 0.537981
0.245361 2.55649 2.90203	0 6.65505 0.512848
0.245605 3.06836 2.89126	0 9.04928 0.485405
0.24585 2.90356 2.88127	0 6.21171 0.45809
0.246094 3.15909 2.87244	0 9.45615 0.434107
0.246338 3.0902 2.86513	0 8.08346 0.416716
0.246582 2.2004 2.85973	0 5.12431 0.408522
0.246826 3.34987 2.85662	0 10.4304 0.410907
0.24707 2.43427 2.85611	0 4.88527 0.423668
0.247314 2.53541 2.85834	0 6.34143 0.444949
0.247559 3.10523 2.86321	0 7.33945 0.471541
0.247803 2.6085 2.87038	0 9.62126 0.499566
0.248047 2.88484 2.8793	0 6.90332 0.525428
0.248291 3.19413 2.88924	0 9.13785 0.546756
0.248535 2.86491 2.89935	0 9.81939 0.562974
0.248779 3.10066 2.90873	0 10.4897 0.575217
0.249023 3.16291 2.91647	0 12.6424 0.585495
0.249268 2.29819 2.92168	0 5.20285 0.595364
0.249512 2.60688 2.92356	0 7.36114 0.604676
0.249756 3.43207 2.92151	0 12.5867 0.611084
0.25 2.84782 2.91524	0 6.07637 0.610688
0.250244 3.62706 2.90486	0 13.3998 0.599655
0.250488 2.9431 2.89101	0 9.0407 0.576099
0.250732 2.93586 2.87476	0 7.5463 0.541278
0.250977 2.96278 2.85748	0 7.14921 0.499547
0.251221 2.67641 2.84064	0 7.74744 0.457071
0.251465 2.17723 2.82548	0 4.04394 0.419898
0.251709 2.69749 2.81281	0 6.08388 0.392218
0.251953 2.69724 2.80282	0 8.13556 0.375423
0.252197 2.7675 2.79513	0 8.10557 0.368192
0.252441 2.74781 2.78891	0 7.65643 0.367426
0.252686 2.83747 2.78313	0 8.37399 0.369613
0.25293 3.52001 2.77685	0 7.97129 0.372135
0.253174 2.65343 2.76944	0 5.03222 0.374108
0.253418 2.94203 2.76068	0 9.14905 0.376486
0.253662 2.63172 2.7508	0 6.11012 0.381362
0.253906 2.78861 2.74034	0 6.48871 0.390732
0.25415 2.17218 2.73	0 4.77475 0.40519
0.254395 2.4119 2.72051	0 4.74803 0.423181
0.254639 2.98609 2.7125	0 8.17243 0.441239
0.254883 2.94213 2.70646	0 10.7473 0.455214
0.255127 3.04358 2.70274	0 9.19358 0.461967
0.255371 2.58844 2.70158	0 8.10685 0.460718
0.255615 2.2437 2.70313	0 4.24703 0.453387
0.255859 2.56407 2.70746	0 7.87011 0.443724
0.256104 2.74073 2.71449	0 6.12096 0.435661
0.256348 2.84955 2.72401	0 6.88125 0.431726
0.256592 2.64415 2.73563	0 8.18761 0.432261
0.256836 2.66214 2.74879	0 8.86782 0.435796
0.25708 2.67407 2.76281	0 6.88986 0.44028
0.257324 2.84347 2.77691	0 7.52372 0.444464
0.257568 3.15018 2.79032	0 10.5781 0.448669
0.257812 2.67961 2.80231	0 5.98802 0.454569
0.258057 2.7113 2.81228	0 7.05026 0.464141
0.258301 2.9855 2.81981	0 8.50235 0.478338
0.258545 2.6851 2.82462	0 9.14657 0.496175
0.258789 2.76254 2.82668	0 8.41421 0.514653
0.259033 3.32742 2.82611	0 12.5862 0.529567
0.259277 3.00241 2.8232	0 6.71705 0.536845
0.259521 2.45092 2.81838	0 6.46355 0.533872
0.259766 2.78277 2.81213	0 7.33654 0.52028
0.26001 3.01978 2.80496	0 8.59806 0.497929
0.260254 2.48689 2.79737	0 5.43403 0.470153
0.260498 2.65329 2.78981	0 6.33853 0.440653
0.260742 3.13281 2.78265	0 7.77556 0.412529
0.260986 2.75523 2.77621	0 10.3196 0.387808
0.26123 2.78785 2.77073	0 7.39537 0.367516
0.261475 2.93298 2.76635	0 7.80142 0.352069
0.261719 2.34147 2.76309	0 5.00634 0.341636
0.261963 2.74387 2.7608	0 6.19196 0.33626
0.262207 2.65013 2.75916	0 5.96619 0.335709
0.262451 2.89034 2.75769	0 5.86157 0.339237
0.262695 2.68298 2.75581	0 5.44494 0.345493
0.262939 2.93439 2.75291	0 8.59952 0.35272
0.263184 2.86262 2.74846	0 6.74719 0.359238
0.263428 2.60925 2.74211	0 5.90325 0.363989
0.263672 2.92435 2.73374	0 8.57986 0.366856
0.263916 3.08175 2.72349	0 8.59524 0.368499
0.26416 2.32801 2.71175	0 5.13603 0.369769
0.264404 2.40035 2.69908	0 6.28706 0.370997
0.264648 3.37769 2.68613	0 9.58645 0.371612
0.264893 2.30501 2.6736	0 6.35619 0.370358
0.265137 2.35378 2.66211	0 6.31767 0.366018
0.265381 2.92237 2.65221	0 8.59766 0.358212
0.265625 2.62087 2.64438	0 5.27873 0.347785
0.265869 2.62579 2.63898	0 5.75904 0.336551
0.266113 2.34959 2.6363	0 5.37774 0.326582
0.266357 2.77784 2.63654	0 8.42989 0.319499
0.266602 2.67639 2.6398	0 8.91808 0.316147
0.266846 2.46725 2.64604	0 6.27128 0.316782
0.26709 2.78715 2.65501	0 7.63307 0.32148
0.267334 2.62531 2.66621	0 4.99513 0.330383
0.267578 2.4169 2.67889	0 6.72654 0.34353
0.267822 2.4366 2.69204	0 5.90051 0.360363
0.268066 2.72196 2.70454	0 5.91669 0.379272
0.268311 2.95274 2.71529	0 6.49821 0.397615
0.268555 3.14924 2.72339	0 11.901 0.412346
0.268799 2.76937 2.72833	0 7.10762 0.421092
0.269043 2.64085 2.73007	0 7.45865 0.423197
0.269287 3.07395 2.72911	0 9.93209 0.420263
0.269531 2.93067 2.72635	0 9.08823 0.415911
0.269775 2.35098 2.72293	0 4.87199 0.414802
0.27002 2.46038 2.72005	0 4.86445 0.42125
0.270264 2.56298 2.71871	0 6.7086 0.437843
0.270508 2.81027 2.71957	0 8.71946 0.464508
0.270752 2.51301 2.72286	0 5.22741 0.4983
0.270996 2.96268 2.72841	0 8.9318 0.534016
0.27124 2.51321 2.73575	0 6.71282 0.565514
0.271484 2.66127 2.74421	0 9.6266 0.587389
0.271729 3.19892 2.75305	0 9.97712 0.596489
0.271973 2.65325 2.76159	0 6.54704 0.592728
0.272217 2.83202 2.76926	0 8.35614 0.57886
0.272461 2.823 2.77557	0 8.65298 0.559272
0.272705 2.69051 2.78012	0 8.92899 0.5383
0.272949 2.58217 2.78257	0 5.78462 0.518812
0.273193 2.59834 2.78262	0 6.39962 0.501644
0.273438 3.17836 2.78002	0 11.7504 0.486002
0.273682 3.33235 2.77464	0 12.2676 0.470421
0.273926 2.38151 2.76647	0 3.70313 0.453659
0.27417 2.84307 2.75569	0 7.14241 0.435089
0.274414 2.7256 2.74267	0 5.96578 0.414616
0.274658 2.81317 2.72797	0 8.04825 0.392485
0.274902 2.41647 2.7123	0 4.60872 0.369298
0.275146 3.13066 2.69648	0 10.0878 0.346294
0.275391 2.59861 2.68136	0 5.97037 0.325565
0.275635 2.23219 2.66777	0 5.9248 0.30988
0.275879 2.83497 2.6564	0 8.26556 0.301989
0.276123 2.94454 2.64777	0 9.34539 0.303649
0.276367 2.29116 2.64209	0 3.87434 0.314822
0.276611 2.45565 2.63922	0 6.21637 0.333418
0.276855 2.70213 2.63866	0 7.61538 0.3557
0.2771 2.41505 2.63961	0 4.1365 0.377192
0.277344 2.43283 2.64109	0 5.5563 0.393786
0.277588 2.81701 2.64213	0 5.68292 0.402736
0.277832 2.66711 2.64201	0 6.23198 0.40328
0.278076 3.35539 2.64039	0 9.9823 0.396751
0.27832 2.91141 2.63742	0 10.3186 0.386156
0.278564 2.49652 2.6337	0 5.34185 0.375332
0.278809 2.31668 2.63008	0 4.95011 0.367943
0.279053 2.45447 2.62742	0 3.9056 0.366587
0.279297 2.30464 2.62633	0 4.97591 0.372256
0.279541 2.5964 2.62688	0 6.56096 0.384206
0.279785 2.48737 2.6286	0 6.27613 0.400217
0.280029 2.55046 2.63047	0 8.42704 0.417099
0.280273 2.91951 2.63116	0 6.76177 0.431366
0.280518 2.92597 2.62931	0 6.40019 0.439958
0.280762 2.46295 2.62382	0 6.52682 0.44092
0.281006 3.30748 2.61416	0 17.6027 0.433849
0.28125 2.4432 2.6005	0 6.7643 0.419949
0.281494 2.66287 2.58366	0 6.71004 0.401614
0.281738 2.65232 2.56508	0 6.25018 0.38168
0.281982 2.32375 2.54651	0 5.50279 0.362675
0.282227 2.48556 2.52977	0 8.02606 0.346364
0.282471 2.23723 2.51652	0 5.87247 0.333712
0.282715 2.18151 2.50797	0 3.8634 0.32514
0.282959 2.66639 2.50485	0 5.60633 0.320799
0.283203 2.5547 2.50727	0 6.09331 0.320691
0.283447 2.2074 2.51487	0 3.56077 0.324601
0.283691 2.59946 2.52684	0 5.7131 0.331951
0.283936 2.48183 2.54214	0 5.90274 0.341709
0.28418 2.25146 2.55964	0 6.213 0.35245
0.284424 2.76123 2.57827	0 5.94526 0.362589
0.284668 2.98815 2.59712	0 6.96213 0.370736
0.284912 2.74762 2.61548	0 7.4112 0.376049
0.285156 2.52344 2.63288	0 4.98516 0.378442
0.2854 2.529 2.649	0 6.30077 0.378526
0.285645 2.74797 2.6636	0 6.47814 0.377287
0.285889 2.25905 2.67648	0 4.72956 0.375642
0.286133 2.75283 2.68743	0 6.25677 0.374112
0.286377 2.96303 2.69626	0 11.3434 0.372818
0.286621 3.05988 2.70281	0 7.50287 0.371774
0.286865 2.61509 2.70703	0 4.01209 0.371304
0.287109 2.6117 2.709	0 6.8637 0.372274
0.287354 2.68594 2.70898	0 7.55791 0.375925
0.287598 3.2632 2.70732	0 8.492 0.383313
0.287842 2.19205 2.70448	0 6.72236 0.394592
0.288086 2.47649 2.70086	0 5.60636 0.408521
0.28833 2.87632 2.69682	0 7.16089 0.422545
0.288574 2.73302 2.69252	0 7.65368 0.433516
0.288818 2.77613 2.688	0 11.9973 0.438803
0.289062 2.64789 2.68311	0 6.12776 0.437286
0.289307 2.75611 2.67762	0 8.49146 0.429758
0.289551 2.70351 2.67122	0 6.59648 0.418555
0.289795 2.17761 2.66368	0 5.50671 0.406651
0.290039 2.86215 2.65489	0 7.52124 0.396639
0.290283 3.07447 2.64494	0 7.07012 0.390045
0.290527 2.62344 2.63422	0 7.9955 0.387163
0.290771 2.62327 2.62333	0 6.44991 0.38733
0.291016 2.73586 2.61309	0 10.2788 0.389425
0.29126 2.50716 2.60435	0 5.47035 0.392334
0.291504 2.24439 2.59786	0 4.69073 0.395203
0.291748 2.51916 2.59408	0 4.39413 0.397469
0.291992 2.49552 2.59307	0 6.39495 0.398757
0.292236 2.48802 2.59444	0 5.02341 0.398791
0.29248 2.38989 2.59735	0 3.94756 0.397406
0.292725 2.90747 2.60068	0 9.77686 0.394653
0.292969 2.83678 2.60317	0 7.1648 0.390907
0.293213 2.48153 2.60362	0 6.48063 0.386882
0.293457 2.932 2.60115	0 8.2517 0.383524
0.293701 2.43371 2.59526	0 7.54883 0.381821
0.293945 2.34653 2.58601	0 4.91642 0.382588
0.294189 3.22202 2.57399	0 11.9397 0.386236
0.294434 2.84377 2.56026	0 8.8088 0.39252
0.294678 2.09407 2.54623	0 3.17029 0.400342
0.294922 2.44753 2.53345	0 7.57132 0.407791
0.295166 2.2624 2.52346	0 5.9655 0.412589
0.29541 2.78435 2.51755	0 11.4746 0.412944
0.295654 2.22678 2.5166	0 3.91462 0.408498
0.295898 2.28816 2.52095	0 5.1805 0.400873
0.296143 2.30786 2.5304	0 4.59858 0.393433
0.296387 2.5938 2.54425	0 5.63393 0.390215
0.296631 2.75127 2.56143	0 9.46581 0.394436
0.296875 2.21779 2.58066	0 4.60666 0.407152
0.297119 2.67678 2.60065	0 8.10582 0.426639
0.297363 3.01373 2.62031	0 10.1948 0.448743
0.297607 2.68801 2.63878	0 6.59331 0.468123
0.297852 2.80801 2.65552	0 10.4985 0.479956
0.298096 2.61467 2.67021	0 6.90854 0.481533
0.29834 2.76862 2.68266	0 7.26355 0.473178
0.298584 2.39596 2.69263	0 5.23364 0.458138
0.298828 2.74528 2.6998	0 7.44013 0.441472
0.299072 2.30838 2.70368	0 6.94686 0.428327
0.299316 2.78083 2.70371	0 9.75929 0.422239
0.299561 3.44576 2.69939	0 12.3514 0.424076
0.299805 2.68969 2.69042	0 8.00634 0.431961
0.300049 3.07166 2.67682	0 5.61988 0.442109
0.300293 2.50341 2.65901	0 8.14719 0.45018
0.300537 2.83394 2.63777	0 9.62094 0.452608
0.300781 2.43599 2.61416	0 5.97789 0.447483
0.301025 2.2644 2.58934	0 7.70255 0.434761
0.30127 2.34696 2.56451	0 3.98765 0.41587
0.301514 2.74838 2.54077	0 6.30212 0.392975
0.301758 2.56166 2.51908	0 4.92353 0.368284
0.302002 2.58027 2.50032	0 7.72601 0.343696
0.302246 2.64574 2.48519	0 8.5903 0.320894
0.30249 2.54621 2.47431	0 5.62228 0.30164
0.302734 1.96615 2.46811	0 4.41607 0.287925
0.302979 2.02394 2.46678	0 4.40998 0.28167
0.303223 2.52631 2.47026	0 5.28823 0.284048
0.303467 2.49424 2.47813	0 7.13544 0.294781
0.303711 2.52679 2.48968	0 6.89842 0.311885
0.303955 2.38571 2.50394	0 4.29959 0.332135
0.304199 2.87371 2.51974	0 9.14064 0.352066
0.304443 2.38078 2.53586	0 7.09 0.369058
0.304688 2.51101 2.55109	0 7.53415 0.381967
0.304932 2.40617 2.56436	0 5.35613 0.391015
0.305176 2.84705 2.57481	0 7.14712 0.397118
0.30542 2.6846 2.5819	0 5.78148 0.401068
0.305664 2.4793 2.58543	0 7.58229 0.403063
0.305908 2.98556 2.58561	0 7.84635 0.402778
0.306152 2.70333 2.58304	0 8.81176 0.39984
0.306396 2.39755 2.57869	0 5.17293 0.394361
0.306641 2.67278 2.57377	0 6.71369 0.387217
0.306885 2.57213 2.56963	0 4.21094 0.379956
0.307129 2.14439 2.56754	0 3.74093 0.374432
0.307373 2.57183 2.56856	0 6.11981 0.372353
0.307617 2.68007 2.57334	0 5.7742 0.374902
0.307861 2.44893 2.58203	0 5.38679 0.382523
0.308105 2.51336 2.59421	0 6.6942 0.394863
0.30835 2.14819 2.60895	0 5.5258 0.41081
0.308594 2.94987 2.62488	0 8.37356 0.428608
0.308838 2.4128 2.64041	0 5.23656 0.446021
0.309082 2.90381 2.65394	0 6.21981 0.460596
0.309326 2.90753 2.6641	0 6.46201 0.470076
0.30957 2.66975 2.66993	0 5.88008 0.472905
0.309814 3.25597 2.67103	0 11.7194 0.468706
0.310059 2.60447 2.66753	0 8.66368 0.458486
0.310303 2.45307 2.66002	0 4.77252 0.444425
0.310547 3.01783 2.64939	0 7.20264 0.429259
0.310791 2.39864 2.6366	0 5.40114 0.415483
0.311035 2.13957 2.62253	0 4.19251 0.404712
0.311279 2.55169 2.60785	0 6.99619 0.397431
0.311523 2.72557 2.593	0 5.41697 0.393202
0.311768 2.95043 2.57822	0 9.59307 0.391146
0.312012 2.61387 2.56368	0 5.65237 0.390463
0.312256 2.56673 2.54956	0 7.15658 0.390753
0.3125 2.27518 2.5361	0 5.17109 0.392052
0.312744 2.69304 2.52366	0 5.81676 0.394617
0.312988 2.54014 2.51266	0 5.00437 0.398608
0.313232 2.30568 2.5035	0 5.38295 0.403839
0.313477 2.11492 2.49647	0 3.73322 0.409717
0.313721 2.70275 2.4917	0 6.69629 0.415389
0.313965 2.4902 2.48911	0 6.32097 0.420035
0.314209 2.62354 2.48843	0 9.4503 0.423133
0.314453 2.43241 2.48921	0 5.76666 0.424536
0.314697 2.36719 2.4909	0 4.11998 0.424308
0.314941 2.3466 2.49295	0 4.56159 0.422392
0.315186 2.56397 2.49484	0 6.75478 0.418356
0.31543 2.46907 2.49616	0 5.55347 0.411438
0.315674 2.95744 2.49661	0 9.26878 0.400936
0.315918 2.54341 2.49604	0 8.20746 0.386765
0.316162 2.48415 2.4944	0 5.99833 0.369872
0.316406 2.07677 2.49171	0 3.52896 0.35225
0.31665 2.30479 2.48804	0 4.98074 0.336528
0.316895 2.88739 2.48347	0 10.5726 0.325295
0.317139 2.32021 2.47813	0 5.59844 0.320401
0.317383 2.72563 2.47221	0 5.57671 0.322429
0.317627 2.27896 2.46601	0 5.86953 0.330473
0.317871 2.8495 2.45993	0 10.4505 0.342297
0.318115 2.49074 2.45443	0 6.58797 0.354845
0.318359 1.97337 2.45006	0 3.49452 0.365
0.318604 2.43212 2.4473	0 6.41437 0.370377
0.318848 2.39582 2.44654	0 6.1525 0.369894
0.319092 2.30875 2.448	0 6.75632 0.363976
0.319336 2.56907 2.45174	0 6.27708 0.354354
0.31958 2.61646 2.45759	0 6.89296 0.343582
0.319824 2.19168 2.46525	0 4.8682 0.334448
0.320068 2.67006 2.47426	0 7.80174 0.329411
0.320312 2.41937 2.48405	0 6.75701 0.3301
0.320557 2.46195 2.49398	0 6.02287 0.336912
0.320801 2.37753 2.50334	0 6.25286 0.348768
0.321045 2.43516 2.51149	0 5.22843 0.36316
0.321289 2.64801 2.51786	0 7.57697 0.376651
0.321533 2.69853 2.52207	0 8.02702 0.385787
0.321777 2.57833 2.52398	0 5.2755 0.388188
0.322021 2.86663 2.52372	0 7.586 0.383386
0.322266 2.63154 2.52167	0 5.77729 0.373038
0.32251 2.24067 2.51836	0 4.2769 0.360357
0.322754 2.26632 2.51433	0 3.76387 0.348971
0.322998 2.50506 2.51007	0 5.12716 0.341637
0.323242 2.49427 2.50591	0 6.04938 0.339298
0.323486 2.50402 2.50199	0 5.82936 0.340798
0.32373 2.57678 2.49835	0 4.78254 0.343363
0.323975 2.2626 2.49502	0 4.18946 0.343672
0.324219 2.82788 2.49212	0 12.8877 0.339164
0.324463 2.6263 2.49	0 7.89853 0.329123
0.324707 2.55908 2.48921	0 5.02727 0.31509
0.324951 2.56766 2.49046	0 4.68758 0.300433
0.325195 2.03379 2.49451	0 3.98385 0.289233
0.325439 2.22965 2.50198	0 4.42561 0.284977
0.325684 2.53725 2.51316	0 5.12699 0.289595
0.325928 2.54291 2.52794	0 6.42364 0.303166
0.326172 2.4125 2.54572	0 5.15309 0.324226
0.326416 2.32364 2.56545	0 5.1791 0.35035
0.32666 2.95954 2.58579	0 9.30017 0.378679
0.326904 2.46127 2.6052	0 6.60673 0.406228
0.327148 2.83436 2.62222	0 8.26901 0.430041
0.327393 2.70161 2.63558	0 5.78381 0.447366
0.327637 2.95658 2.64434	0 9.79062 0.45598
0.327881 2.57784 2.64799	0 5.97848 0.454639
0.328125 2.6534 2.64646	0 6.15951 0.443538
0.328369 2.49472 2.64007	0 5.39067 0.424601
0.328613 3.18426 2.62945	0 8.67026 0.401411
0.328857 2.83698 2.61547	0 10.02 0.37869
0.329102 2.29085 2.59906	0 5.71428 0.361357
0.329346 2.26152 2.58117	0 4.64601 0.353388
0.32959 2.39216 2.56269	0 6.23582 0.356838
0.329834 2.75527 2.54439	0 7.21088 0.37137
0.330078 2.63491 2.52695	0 6.06055 0.394452
0.330322 2.70155 2.51096	0 8.85526 0.422088
0.330566 2.63126 2.49693	0 8.33031 0.449752
0.330811 2.00704 2.48527	0 4.26589 0.473214
0.331055 2.36058 2.47631	0 7.71983 0.489102
0.331299 2.44214 2.47024	0 15.0392 0.495233
0.331543 2.31446 2.4671	0 5.5891 0.49076
0.331787 2.76509 2.46673	0 7.02553 0.47617
0.332031 2.29481 2.46882	0 4.41785 0.453091
0.332275 2.43741 2.47286	0 4.64615 0.423988
0.33252 2.48652 2.47826	0 5.93334 0.391844
0.332764 2.37183 2.48433	0 5.65867 0.359917
0.333008 2.68585 2.49033	0 9.11614 0.331531
0.333252 2.4081 2.49559	0 4.78737 0.309781
0.333496 2.54863 2.4995	0 6.45662 0.297075
0.33374 2.51811 2.50157	0 5.04898 0.2946
0.333984 2.41056 2.50156	0 5.10295 0.301945
0.334229 2.64568 2.49941	0 6.55613 0.317111
0.334473 3.03325 2.49534	0 8.88036 0.336972
0.334717 2.19668 2.48981	0 4.42128 0.35803
0.334961 2.52848 2.48345	0 6.20877 0.377191
0.335205 2.25857 2.47702	0 4.72073 0.392285
0.335449 2.07296 2.47133	0 3.99748 0.402227
0.335693 2.99 2.46713	0 7.83141 0.406888
0.335938 2.3957 2.46498	0 8.36465 0.406852
0.336182 2.53005 2.46522	0 5.01545 0.403198
0.336426 2.18262 2.46786	0 7.70764 0.397305
0.33667 2.39584 2.47251	0 4.89884 0.390628
0.336914 2.4067 2.47843	0 6.13315 0.384392
0.337158 2.28805 2.48456	0 4.22231 0.379286
0.337402 2.66755 2.48967	0 7.423 0.375285
0.337646 2.37575 2.49252	0 6.14676 0.371741
0.337891 2.7646 2.49213	0 8.15592 0.367719
0.338135 2.91778 2.48791	0 8.72762 0.362423
0.338379 2.59146 2.47986	0 6.93924 0.355541
0.338623 2.78713 2.46855	0 8.99476 0.347372
0.338867 2.22452 2.45506	0 6.45838 0.338737
0.339111 2.24805 2.44079	0 4.57845 0.330751
0.339355 2.09971 2.42724	0 3.42725 0.324551
0.3396 2.61978 2.41577	0 6.73436 0.321055
0.339844 2.14244 2.40739	0 4.64622 0.320807
0.340088 2.2884 2.40266	0 4.81595 0.323902
0.340332 2.48626 2.40169	0 4.34415 0.329994
0.340576 2.51289 2.40413	0 5.99308 0.338312
0.34082 1.98832 2.40935	0 3.61512 0.347712
0.341064 2.5898 2.41652	0 5.83901 0.356777
0.341309 2.6244 2.42478	0 6.41716 0.364066
0.341553 2.30634 2.43333	0 7.34419 0.368505
0.341797 2.28197 2.44154	0 5.78473 0.369772
0.342041 2.94037 2.449	0 9.79361 0.368411
0.342285 2.21082 2.45554	0 3.8736 0.365549
0.342529 2.50477 2.46126	0 4.36644 0.362278
0.342773 2.43625 2.46644	0 7.92441 0.359085
0.343018 2.59911 2.47152	0 6.38312 0.355665
0.343262 2.32604 2.47698	0 4.94672 0.351264
0.343506 2.53848 2.48328	0 5.57541 0.345349
0.34375 2.64346 2.49067	0 8.44993 0.338212
0.343994 2.2972 2.49917	0 4.45611 0.331127
0.344238 2.05664 2.50849	0 3.64989 0.325956
0.344482 2.81037 2.518	0 7.58999 0.324386
0.344727 2.40459 2.52685	0 4.87977 0.327191
0.344971 2.44471 2.53406	0 4.88755 0.333902
0.345215 3.09634 2.53873	0 9.11639 0.34302
0.345459 2.47845 2.54017	0 5.37538 0.352625
0.345703 2.66046 2.5381	0 6.95422 0.361006
0.345947 2.47838 2.53266	0 7.51894 0.367013
0.346191 2.86012 2.52444	0 6.36368 0.370058
0.346436 2.70181 2.51434	0 9.16113 0.369916
0.34668 2.22254 2.50341	0 8.18663 0.366588
0.346924 2.10129 2.49271	0 5.66456 0.360313
0.347168 2.37322 2.4831	0 6.32028 0.351636
0.347412 2.45358 2.4752	0 5.24683 0.341347
0.347656 2.74291 2.46932	0 7.23888 0.330222
0.3479 2.28069 2.46555	0 4.46819 0.318678
0.348145 2.52853 2.46382	0 8.37506 0.306605
0.348389 2.51235 2.46398	0 5.06871 0.293527
0.348633 2.5442 2.46586	0 5.65332 0.279048
0.348877 2.3273 2.46931	0 7.14772 0.263347
0.349121 2.38123 2.47411	0 4.94566 0.247425
0.349365 2.54268 2.47996	0 5.4423 0.232962
0.349609 2.34156 2.48642	0 5.33971 0.221854
0.349854 2.56979 2.49292	0 5.80443 0.215668
0.350098 2.0794 2.49879	0 4.20613 0.215263
0.350342 2.70334 2.50334	0 6.36068 0.220694
0.350586 2.93557 2.50601	0 5.36579 0.231364
0.35083 2.77709 2.5064	0 4.99081 0.246272
0.351074 2.29441 2.50438	0 6.03433 0.264221
0.351318 2.86114 2.50004	0 8.01838 0.28393
0.351562 2.04252 2.49366	0 3.48879 0.304067
0.351807 2.42338 2.48558	0 6.30828 0.323245
0.352051 2.57056 2.47616	0 6.29283 0.340025
0.352295 2.15704 2.46569	0 4.58883 0.352942
0.352539 2.85399 2.45436	0 7.4688 0.360607
0.352783 2.52936 2.44233	0 9.2231 0.361884
0.353027 2.42797 2.42972	0 4.40445 0.356169
0.353271 2.51394 2.41671	0 7.74901 0.343688
0.353516 2.26465 2.40354	0 6.73403 0.325735
0.35376 2.0983 2.39053	0 5.17861 0.304696
0.354004 2.45323 2.37804	0 5.45573 0.283771
0.354248 2.91577 2.36641	0 5.50252 0.266373
0.354492 2.12682 2.35594	0 4.3163 0.255343
0.354736 1.89363 2.3468	0 3.0224 0.25222
0.35498 2.20724 2.33909	0 4.29752 0.256865
0.355225 2.55937 2.33279	0 7.6997 0.267571
0.355469 2.59793 2.32784	0 6.79577 0.281633
0.355713 2.10398 2.32419	0 3.98352 0.29612
0.355957 2.4253 2.32186	0 7.12205 0.308576
0.356201 2.08317 2.32093	0 3.985 0.317428
0.356445 2.50971 2.32164	0 6.77395 0.322073
0.356689 2.26432 2.3243	0 4.67277 0.322739
0.356934 2.24401 2.32924	0 5.25223 0.320248
0.357178 2.22092 2.33679	0 3.34964 0.315808
0.357422 2.68579 2.34713	0 5.40417 0.310856
0.357666 2.00602 2.36026	0 4.92223 0.306907
0.35791 2.10714 2.37592	0 3.53864 0.305392
0.358154 2.30766 2.39363	0 5.52432 0.307429
0.358398 2.4291 2.41269	0 4.50621 0.313605
0.358643 2.84708 2.43225	0 8.42775 0.323831
0.358887 2.25808 2.45141	0 4.31579 0.337365
0.359131 2.61392 2.46928	0 5.36229 0.352991
0.359375 2.63605 2.48508	0 6.4856 0.369261
0.359619 2.45127 2.49819	0 4.69711 0.384662
0.359863 2.33298 2.50818	0 4.58824 0.397663
0.360107 2.46892 2.51489	0 6.3111 0.406715
0.360352 2.63065 2.5184	0 9.90192 0.410393
0.360596 3.0077 2.51906	0 10.2062 0.407748
0.36084 2.52678 2.5175	0 3.98661 0.398816
0.361084 2.62486 2.51449	0 7.86443 0.384991
0.361328 2.4062 2.51092	0 4.42946 0.36902
0.361572 2.11424 2.50764	0 3.92632 0.354484
0.361816 2.18947 2.50534	0 4.38472 0.344925
0.362061 2.7799 2.50443	0 8.38302 0.342886
0.362305 2.81406 2.50502	0 7.62047 0.349233
0.362549 2.28957 2.50688	0 4.67392 0.36297
0.362793 2.25552 2.50953	0 6.54222 0.38157
0.363037 2.47239 2.51231	0 6.56299 0.401678
0.363281 2.53728 2.5145	0 6.67811 0.419946
0.363525 3.01712 2.51547	0 7.35648 0.433731
0.36377 2.65176 2.51473	0 7.78603 0.441505
0.364014 2.20879 2.51205	0 3.3733 0.442926
0.364258 2.41188 2.50744	0 4.40572 0.438635
0.364502 2.67784 2.50121	0 6.33821 0.429946
0.364746 2.42087 2.49385	0 3.7418 0.418529
0.36499 2.83886 2.48603	0 8.40297 0.406137
0.365234 2.17659 2.4785	0 3.18319 0.394338
0.365479 2.74139 2.47196	0 6.9104 0.384273
0.365723 2.09436 2.46697	0 6.84018 0.376545
0.365967 2.43359 2.46389	0 6.45767 0.371327
0.366211 2.2858 2.46283	0 6.22255 0.368689
0.366455 2.43546 2.46362	0 7.46601 0.368914
0.366699 2.5472 2.4659	0 5.95278 0.37255
0.366943 2.50863 2.46919	0 4.73503 0.380054
0.367188 2.54464 2.47302	0 5.87283 0.391206
0.367432 2.38621 2.47699	0 5.35486 0.404665
0.367676 2.76866 2.48086	0 5.7802 0.418053
0.36792 2.28866 2.48457	0 6.34956 0.428651
0.368164 2.78788 2.48817	0 6.78209 0.434414
0.368408 2.20698 2.49176	0 5.02188 0.434817
0.368652 2.28972 2.49535	0 6.33623 0.431058
0.368896 2.60234 2.49885	0 7.76049 0.425492
0.369141 2.53135 2.502	0 5.01472 0.420584
0.369385 2.44147 2.50441	0 6.86738 0.417877
0.369629 2.3607 2.50562	0 5.62399 0.417499
0.369873 2.85129 2.50523	0 9.25813 0.41839
0.370117 2.58836 2.50298	0 6.27458 0.419051
0.370361 2.71733 2.49881	0 6.71082 0.418369
0.370605 2.39486 2.49289	0 4.98957 0.416057
0.37085 2.53932 2.48553	0 6.43577 0.412527
0.371094 2.37292 2.47716	0 5.12014 0.408337
0.371338 2.30203 2.46822	0 6.25906 0.40359
0.371582 2.21565 2.45908	0 4.15192 0.397663
0.371826 2.6433 2.45004	0 6.31539 0.38944
0.37207 2.66479 2.44135	0 7.81399 0.377948
0.372314 2.45525 2.43322	0 5.69919 0.363072
0.372559 2.39538 2.4259	0 5.96487 0.345971
0.372803 2.16629 2.41967	0 3.90711 0.32893
0.373047 2.78309 2.41479	0 7.40613 0.314647
0.373291 2.41184 2.41147	0 5.67501 0.305254
0.373535 1.93413 2.40976	0 2.79838 0.301548
0.373779 2.41156 2.40946	0 6.52294 0.302841
0.374023 2.2551 2.41013	0 5.17037 0.307496
0.374268 2.57111 2.4111	0 7.14324 0.313855
0.374512 2.18062 2.41157	0 5.83255 0.321004
0.374756 2.80322 2.41079	0 9.32902 0.328959
0.375 2.70579 2.40814	0 6.35153 0.338183
0.375244 2.5981 2.4033	0 4.92033 0.348813
0.375488 1.93444 2.39629	0 3.57598 0.360075
0.375732 2.47828 2.3875	0 7.32467 0.37029
0.375977 2.34837 2.37756	0 5.06117 0.377425
0.376221 2.56562 2.36729	0 7.48573 0.379859
0.376465 2.54247 2.35752	0 5.91594 0.376907
0.376709 2.1797 2.34901	0 3.78853 0.368863
0.376953 1.76804 2.34233	0 2.97503 0.356685
0.377197 2.15696 2.33781	0 5.67797 0.341591
0.377441 2.89868 2.33561	0 9.72242 0.324879
0.377686 2.19878 2.33573	0 4.93749 0.307968
0.37793 2.45776 2.3381	0 6.53824 0.292506
0.378174 2.26691 2.34263	0 3.93826 0.280331
0.378418 1.99846 2.34934	0 3.67069 0.273225
0.378662 2.50361 2.35826	0 5.78037 0.272572
0.378906 2.5256 2.3695	0 7.79439 0.279063
0.37915 2.37908 2.38309	0 4.10915 0.292527
0.379395 2.33673 2.39891	0 4.27466 0.311847
0.379639 2.25416 2.41662	0 4.27412 0.334946
0.379883 2.12841 2.43555	0 3.23687 0.358914
0.380127 2.46402 2.45477	0 6.78256 0.380417
0.380371 2.31513 2.47311	0 5.84314 0.396439
0.380615 3.01485 2.48936	0 10.6312 0.40516
0.380859 2.50177 2.50242	0 7.7246 0.406581
0.381104 2.68827 2.51143	0 10.9265 0.40251
0.381348 2.70577 2.51594	0 6.04072 0.395834
0.381592 2.88387 2.51592	0 8.72516 0.38939
0.381836 2.1095 2.51168	0 4.3879 0.384972
0.38208 2.49888 2.50384	0 6.18597 0.382925
0.382324 2.60373 2.49319	0 7.52968 0.382398
0.382568 2.26037 2.48056	0 7.08622 0.381979
0.382812 2.35523 2.46679	0 4.51031 0.380306
0.383057 2.77123 2.45264	0 8.03919 0.3764
0.383301 2.57604 2.43886	0 7.18275 0.369718
0.383545 2.507 2.42607	0 4.8184 0.360113
0.383789 2.20229 2.41481	0 5.52149 0.347843
0.384033 2.33149 2.40546	0 7.3574 0.333615
0.384277 2.15699 2.39814	0 3.96203 0.318581
0.384521 2.21213 2.39272	0 4.44145 0.30416
0.384766 2.61087 2.38876	0 5.93838 0.291692
0.38501 2.21625 2.3856	0 4.69458 0.282068
0.385254 2.35184 2.38243	0 4.98667 0.275457
0.385498 2.60925 2.37848	0 4.60079 0.271259
0.385742 2.69642 2.37318	0 6.09362 0.268297
0.385986 2.21985 2.36625	0 3.86251 0.265194
0.38623 2.40192 2.35779	0 3.68922 0.260818
0.386475 2.44274 2.34832	0 6.47359 0.254644
0.386719 2.18323 2.33863	0 4.44169 0.246928
0.386963 2.50475 2.32973	0 5.16203 0.23861
0.387207 2.16285 2.32263	0 3.8064 0.231026
0.387451 2.11663 2.3182	0 4.37868 0.225525
0.387695 2.37801 2.31703	0 5.76239 0.223135
0.387939 2.097 2.31937	0 5.47773 0.224358
0.388184 2.15419 2.32506	0 4.20215 0.229133
0.388428 2.42182 2.33364	0 4.53118 0.236936
0.388672 2.30089 2.34439	0 4.4317 0.247011
0.388916 2.26277 2.35653	0 4.61802 0.258662
0.38916 2.74281 2.36927	0 7.54381 0.27153
0.389404 2.25558 2.38199	0 4.94173 0.285711
0.389648 2.56309 2.39426	0 5.62403 0.301641
0.389893 2.31787 2.4058	0 5.04326 0.319749
0.390137 2.66088 2.41651	0 6.601 0.340026
0.390381 1.96729 2.42629	0 5.45263 0.361722
0.390625 2.4412 2.43504	0 4.20179 0.383329
0.390869 2.45932 2.44253	0 6.24079 0.402866
0.391113 2.57152 2.4484	0 7.80494 0.418341
0.391357 2.69258 2.45217	0 6.89295 0.428205
0.391602 2.35664 2.45329	0 5.7943 0.431634
0.391846 2.60884 2.4512	0 6.52415 0.428589
0.39209 2.26939 2.44546	0 5.31099 0.419692
0.392334 2.43798 2.43582	0 6.72605 0.406002
0.392578 2.4835 2.42236	0 5.16336 0.388789
0.392822 2.83948 2.40554	0 7.79706 0.369384
0.393066 2.44642 2.38621	0 4.93523 0.349116
0.393311 2.52575 2.36559	0 6.19812 0.329318
0.393555 2.15528 2.34514	0 3.19993 0.311315
0.393799 2.21498 2.32646	0 5.86187 0.296342
0.394043 2.13035 2.31105	0 3.88684 0.285386
0.394287 1.94585 2.30016	0 2.58599 0.279019
0.394531 2.332 2.29462	0 4.80339 0.277301
0.394775 2.17725 2.29478	0 4.09049 0.279805
0.39502 2.58607 2.30045	0 5.31685 0.285729
0.395264 1.84595 2.31095	0 3.94846 0.294043
0.395508 2.2835 2.32524	0 6.1336 0.303635
0.395752 2.07055 2.34206	0 4.42375 0.313471
0.395996 2.84661 2.36006	0 8.44434 0.32275
0.39624 2.55637 2.378	0 7.56407 0.331009
0.396484 2.04638 2.39486	0 2.76698 0.338115
0.396729 2.62785 2.40996	0 9.23086 0.344105
0.396973 2.60678 2.42296	0 4.84769 0.34898
0.397217 2.38167 2.43387	0 5.91873 0.35259
0.397461 2.6929 2.44292	0 7.40986 0.354676
0.397705 2.29375 2.4505	0 4.64417 0.355032
0.397949 2.3227 2.45694	0 4.33715 0.353632
0.398193 2.4062 2.46247	0 3.74906 0.350649
0.398438 2.29997 2.46709	0 4.77756 0.346401
0.398682 2.58848 2.47059	0 5.43452 0.341333
0.398926 2.66235 2.47257	0 8.83515 0.336046
0.39917 2.35381 2.47255	0 3.8557 0.33126
0.399414 2.74099 2.47006	0 6.52098 0.327581
0.399658 2.4534 2.46479	0 5.45637 0.325113
0.399902 2.45097 2.45662	0 6.06607 0.323169
0.400146 2.51665 2.44568	0 9.00352 0.320383
0.400391 2.6838 2.43233	0 7.29314 0.315303
0.400635 2.4534 2.41711	0 8.79869 0.30722
0.400879 1.97656 2.40064	0 4.50355 0.296748
0.401123 2.39655 2.38357	0 7.66133 0.285787
0.401367 2.53943 2.36649	0 6.19376 0.276832
0.401611 2.28263 2.34992	0 5.77558 0.271945
0.401855 2.52526 2.33427	0 5.37026 0.271913
0.4021 2.03067 2.31983	0 3.19486 0.275987
0.402344 2.34699 2.30683	0 4.19524 0.282292
0.402588 2.31834 2.29543	0 6.65597 0.28868
0.402832 2.21776 2.28575	0 5.87165 0.293603
0.403076 2.3408 2.27789	0 5.21114 0.296627
0.40332 1.97347 2.27198	0 4.39042 0.298409
0.403564 2.46983 2.26814	0 6.74624 0.300235
0.403809 2.31489 2.26652	0 4.93628 0.303366
0.404053 2.24521 2.26724	0 4.5813 0.308477
0.404297 2.2064 2.27034	0 4.83252 0.315383
0.404541 2.08032 2.27575	0 5.85603 0.323115
0.404785 2.48261 2.28321	0 4.7225 0.330272
0.405029 1.84766 2.29223	0 3.67704 0.335525
0.405273 2.35039 2.30217	0 6.70744 0.338083
0.405518 2.51689 2.31219	0 4.36131 0.337997
0.405762 2.16781 2.32148	0 4.1191 0.336198
0.406006 2.37473 2.32927	0 3.53782 0.334241
0.40625 2.99398 2.33504	0 9.53494 0.333793
0.406494 1.90743 2.33855	0 4.19121 0.335996
0.406738 2.55084 2.33993	0 4.88508 0.340932
0.406982 2.40132 2.33963	0 4.73098 0.347433
0.407227 2.30486 2.33837	0 5.4358 0.35341
0.407471 2.07336 2.33697	0 2.56529 0.356624
0.407715 2.33146 2.33628	0 7.96504 0.355619
0.407959 2.75691 2.33697	0 9.02991 0.350361
0.408203 1.91466 2.33941	0 3.82277 0.342267
0.408447 2.26573 2.34361	0 5.38315 0.333615
0.408691 2.23455 2.34914	0 5.70896 0.326621
0.408936 2.42547 2.35521	0 8.83257 0.322633
0.40918 2.29547 2.36073	0 6.00502 0.32178
0.409424 2.13376 2.3645	0 4.26253 0.32314
0.409668 2.93623 2.36542	0 8.8709 0.325259
0.409912 2.30202 2.36265	0 6.65642 0.326707
0.410156 2.69866 2.35584	0 8.95926 0.326476
0.4104 2.60565 2.34518	0 6.51073 0.324124
0.410645 2.16038 2.33143	0 5.02864 0.319735
0.410889 2.26652 2.31584	0 4.11119 0.313782
0.411133 2.16959 2.29996	0 4.23525 0.30697
0.411377 2.2507 2.28544	0 5.8094 0.300072
0.411621 2.48414 2.27379	0 5.6165 0.293749
0.411865 1.98422 2.26615	0 2.81467 0.288398
0.412109 2.05712 2.26315	0 4.06166 0.28408
0.412354 1.83581 2.26487	0 3.30518 0.280564
0.412598 2.21268 2.27081	0 4.44041 0.277488
0.412842 2.6449 2.28004	0 6.56386 0.274559
0.413086 2.1859 2.29138	0 4.4056 0.271673
0.41333 2.15345 2.30354	0 3.86791 0.268904
0.413574 2.59487 2.31538	0 5.92357 0.266391
0.413818 2.61151 2.32602	0 7.96639 0.264193
0.414062 2.27236 2.33488	0 3.69834 0.262226
0.414307 2.3666 2.34174	0 4.74133 0.260301
0.414551 2.29943 2.34668	0 4.18754 0.258265
0.414795 2.10217 2.34998	0 3.91269 0.256161
0.415039 2.37856 2.35203	0 4.67953 0.254351
0.415283 2.59586 2.35328	0 9.21342 0.253535
0.415527 2.32045 2.35413	0 4.82838 0.254657
0.415771 2.55894 2.35493	0 5.40189 0.258661
0.416016 2.34816 2.35586	0 4.76743 0.266173
0.41626 1.97432 2.35698	0 3.51746 0.277155
0.416504 2.24625 2.35821	0 4.59122 0.2907
0.416748 2.30413 2.35931	0 4.97254 0.30507
0.416992 2.7997 2.36001	0 8.14214 0.31803
0.417236 2.15179 2.36002	0 3.77277 0.327404
0.41748 2.27186 2.35912	0 3.61192 0.331664
0.417725 2.96097 2.35721	0 13.2649 0.330308
0.417969 2.27021 2.35436	0 4.52063 0.323889
0.418213 2.08745 2.35079	0 4.01683 0.313689
0.418457 2.31476 2.34684	0 5.24634 0.301209
0.418701 2.23975 2.34292	0 4.97307 0.287736
0.418945 2.00098 2.33948	0 4.10274 0.274181
0.419189 2.93353 2.33701	0 7.8213 0.26121
0.419434 2.37173 2.33595	0 5.74285 0.249525
0.419678 2.30674 2.33675	0 6.33565 0.240062
0.419922 2.19571 2.33976	0 5.94696 0.233939
0.420166 2.14374 2.34526	0 3.34434 0.232129
0.42041 2.08007 2.35337	0 2.96578 0.235025
0.420654 2.50675 2.36407	0 5.72575 0.242121
0.420898 2.50214 2.37715	0 5.33232 0.252016
0.421143 2.10611 2.39224	0 5.66209 0.262788
0.421387 2.61978 2.40886	0 6.32558 0.272601
0.421631 2.52429 2.42644	0 7.34841 0.280256
0.421875 2.14937 2.44434	0 5.15801 0.28546
0.422119 2.80712 2.46187	0 9.77083 0.288696
0.422363 2.32511 2.47828	0 3.63171 0.290835
0.422607 2.60411 2.49273	0 6.86062 0.292714
0.422852 2.30528 2.50436	0 4.59507 0.294891
0.423096 2.35373 2.51226	0 4.75811 0.297635
0.42334 2.91334 2.5156	0 7.14367 0.301032
0.423584 2.53891 2.51375	0 4.62898 0.30507
0.423828 2.80696 2.50636	0 6.48417 0.309614
0.424072 3.05989 2.49349	0 9.86038 0.314322
0.424316 1.97178 2.47567	0 3.61051 0.318634
0.424561 2.48917 2.45388	0 4.13652 0.321931
0.424805 2.49417 2.42953	0 6.41365 0.323839
0.425049 2.5293 2.40434	0 6.05152 0.324533
0.425293 2.33664 2.38018	0 5.99772 0.324854
0.425537 2.4137 2.35893	0 5.24863 0.326141
0.425781 1.90481 2.34229	0 3.06506 0.329853
0.426025 2.21106 2.33157	0 7.67691 0.337138
0.42627 2.58868 2.32761	0 6.13507 0.348524
0.426514 1.81861 2.3306	0 2.96646 0.363805
0.426758 2.11619 2.34008	0 7.50221 0.382097
0.427002 2.16304 2.35489	0 5.71055 0.401996
0.427246 2.63752 2.37337	0 6.21584 0.421773
0.42749 2.09455 2.39346	0 5.45522 0.43961
0.427734 2.59152 2.41299	0 5.62657 0.453838
0.427979 2.88994 2.42991	0 10.2407 0.463171
0.428223 2.21315 2.44257	0 4.09988 0.466883
0.428467 2.73792 2.44985	0 7.36351 0.46489
0.428711 2.98548 2.4513	0 10.1956 0.457738
0.428955 2.15079 2.44712	0 5.36015 0.446473
0.429199 2.68553 2.43807	0 5.39006 0.432432
0.429443 2.20058 2.42527	0 3.67802 0.416983
0.429688 2.51922 2.41009	0 7.2696 0.401308
0.429932 2.43028 2.3939	0 5.65984 0.386304
0.430176 2.11915 2.37794	0 3.67574 0.372656
0.43042 2.00363 2.36324	0 2.74862 0.360993
0.430664 2.73143 2.35055	0 7.2323 0.351988
0.430908 2.53076 2.34035	0 4.87865 0.34624
0.431152 2.25745 2.33284	0 5.79018 0.343947
0.431396 2.02144 2.32795	0 4.48803 0.344541
0.431641 2.25787 2.32541	0 5.20326 0.346529
0.431885 2.11774 2.32478	0 4.66194 0.347724
0.432129 2.48866 2.32546	0 9.25329 0.345825
0.432373 2.23874 2.32684	0 5.49126 0.339095
0.432617 2.52451 2.32832	0 5.59529 0.326834
0.432861 2.42672 2.32941	0 4.67493 0.309469
0.433105 2.63818 2.32978	0 6.02243 0.288258
0.43335 2.16838 2.32926	0 5.95511 0.264815
0.433594 1.99538 2.32789	0 2.60402 0.240688
0.433838 2.11618 2.32585	0 4.75419 0.21719
0.434082 2.73386 2.32342	0 7.04773 0.195485
0.434326 2.48328 2.32098	0 4.96706 0.176833
0.43457 2.13951 2.31888	0 3.58991 0.162738
0.434814 2.45762 2.31747	0 4.30894 0.15482
0.435059 2.18876 2.31698	0 4.86865 0.154378
0.435303 2.3815 2.31747	0 4.15573 0.161851
0.435547 1.66229 2.31883	0 2.28584 0.176472
0.435791 2.60712 2.32072	0 6.24159 0.196362
0.436035 2.64612 2.32266	0 7.67851 0.219039
0.436279 2.21524 2.32405	0 5.31421 0.24208
0.436523 2.10675 2.32434	0 3.7655 0.263623
0.436768 2.59706 2.32311	0 5.26578 0.282533
0.437012 2.31325 2.32018	0 5.59206 0.298308
0.437256 2.53358 2.31571	0 5.34667 0.310919
0.4375 2.51983 2.31016	0 8.74585 0.320738
0.437744 2.03065 2.30422	0 5.60205 0.32849
0.437988 2.36542 2.29874	0 8.10587 0.335128
0.438232 2.06836 2.29458	0 3.26965 0.341533
0.438477 2.13104 2.29244	0 4.19242 0.348146
0.438721 2.40721 2.29281	0 4.51246 0.354742
0.438965 2.10505 2.29594	0 3.55838 0.360521
0.439209 2.28349 2.30177	0 4.50855 0.364485
0.439453 2.13331 2.31003	0 3.90505 0.365927
0.439697 2.8825 2.32032	0 6.79225 0.36476
0.439941 2.10892 2.33208	0 4.84358 0.361511
0.440186 2.18692 2.34472	0 6.34136 0.356986
0.44043 2.42181 2.3576	0 5.13773 0.351805
0.440674 2.0877 2.37005	0 4.30641 0.346052
0.440918 2.396 2.38138	0 5.83562 0.339272
0.441162 2.86371 2.39089	0 8.75159 0.330807
0.441406 2.4274 2.39794	0 5.60538 0.32029
0.44165 2.37405 2.40193	0 3.97283 0.308021
0.441895 2.26035 2.40241	0 6.11814 0.295038
0.442139 2.58041 2.39912	0 6.64722 0.282886
0.442383 2.24734 2.39205	0 6.57831 0.273238
0.442627 2.53213 2.38149	0 7.21518 0.267526
0.442871 2.76641 2.36799	0 6.0211 0.266671
0.443115 2.66965 2.35242	0 6.34379 0.270893
0.443359 1.9939 2.33581	0 3.60907 0.279594
0.443604 1.87963 2.31935	0 3.57939 0.291348
0.443848 2.24502 2.30422	0 3.54657 0.304082
0.444092 2.64245 2.2915	0 5.68966 0.315473
0.444336 2.08874 2.2821	0 3.55224 0.323477
0.44458 2.22122 2.27668	0 7.08293 0.326827
0.444824 2.22248 2.27555	0 5.28501 0.325317
0.445068 2.0461 2.27875	0 5.63779 0.319788
0.445312 2.28272 2.28593	0 5.23005 0.311835
0.445557 2.23161 2.29647	0 6.71778 0.30334
0.445801 2.32943 2.30945	0 5.358 0.295962
0.446045 2.30534 2.32378	0 4.46261 0.290704
0.446289 2.25846 2.33826	0 3.84228 0.28769
0.446533 2.17225 2.35172	0 3.94923 0.286219
0.446777 2.72689 2.36309	0 9.2589 0.285099
0.447021 2.69073 2.37156	0 5.12844 0.283132
0.447266 2.48028 2.37658	0 5.80275 0.279572
0.44751 2.31294 2.37791	0 4.02525 0.27438
0.447754 2.22847 2.37558	0 3.76132 0.268214
0.447998 2.3824 2.36983	0 4.86992 0.262208
0.448242 2.62172 2.3611	0 5.53718 0.257602
0.448486 1.97462 2.34994	0 4.07483 0.255318
0.44873 2.60994 2.33706	0 4.26363 0.255599
0.448975 2.5069 2.32324	0 5.54832 0.257855
0.449219 2.21863 2.30938	0 3.59862 0.26084
0.449463 2.23017 2.29643	0 5.75691 0.263162
0.449707 2.47202 2.28529	0 8.0887 0.263891
0.449951 2.23654 2.27673	0 4.75882 0.262956
0.450195 1.80644 2.27125	0 3.66473 0.261082
0.450439 2.11557 2.26898	0 4.88837 0.259311
0.450684 2.22581 2.26972	0 4.2259 0.258375
0.450928 2.1505 2.27293	0 4.57766 0.258288
0.451172 2.44099 2.2779	0 3.89668 0.258371
0.451416 2.37462 2.2839	0 5.3269 0.257671
0.45166 2.35914 2.2904	0 5.32716 0.255538
0.451904 2.55417 2.29711	0 4.98794 0.252045
0.452148 2.57082 2.30407	0 6.54185 0.248058
0.452393 1.85656 2.31154	0 3.20601 0.24493
0.452637 2.33908 2.31987	0 4.34101 0.24398
0.452881 2.03539 2.32929	0 4.79429 0.246028
0.453125 2.25317 2.33979	0 5.35968 0.251193
0.453369 2.49876 2.351	0 5.77866 0.258992
0.453613 2.06437 2.36226	0 3.72365 0.268614
0.453857 2.64435 2.37267	0 9.1722 0.279127
0.454102 2.30337 2.38135	0 3.44464 0.289495
0.454346 2.6863 2.38759	0 6.76276 0.298479
0.45459 2.81207 2.39103	0 7.21075 0.30464
0.454834 2.49911 2.39177	0 4.43401 0.30663
0.455078 1.94392 2.39032	0 3.69902 0.303736
0.455322 2.34686 2.38753	0 6.24242 0.296396
0.455566 2.48684 2.38436	0 5.78938 0.28633
0.455811 2.63244 2.38176	0 6.95386 0.276101
0.456055 2.15661 2.38039	0 4.13441 0.26828
0.456299 2.02631 2.38058	0 3.11691 0.264603
0.456543 2.03061 2.38224	0 4.90061 0.26554
0.456787 2.68883 2.38491	0 9.82625 0.270424
0.457031 2.6622 2.38791	0 6.32146 0.277979
0.457275 2.33052 2.39042	0 4.62905 0.286878
0.45752 2.61566 2.39169	0 5.57974 0.29608
0.457764 2.03564 2.39113	0 4.22013 0.304879
0.458008 2.80209 2.3884	0 7.70007 0.312801
0.458252 2.48426 2.3834	0 5.35138 0.319517
0.458496 2.17132 2.37625	0 3.92592 0.324814
0.45874 2.41242 2.3672	0 7.62226 0.328605
0.458984 2.27162 2.3566	0 4.02818 0.330903
0.459229 2.47679 2.34484	0 7.87272 0.331789
0.459473 1.99585 2.33232	0 3.88309 0.33139
0.459717 2.65337 2.31947	0 7.4853 0.329902
0.459961 2.48493 2.30672	0 6.21689 0.32763
0.460205 2.35959 2.29452	0 4.28772 0.324994
0.460449 2.00499 2.28331	0 4.62518 0.322475
0.460693 2.0733 2.27348	0 3.80914 0.320502
0.460938 2.29651 2.26536	0 5.14016 0.31932
0.461182 2.19094 2.25911	0 4.84505 0.31891
0.461426 2.34211 2.25476	0 5.56336 0.319003
0.46167 2.29529 2.25219	0 4.5479 0.319207
0.461914 2.20088 2.25114	0 4.32841 0.319222
0.462158 2.15077 2.25129	0 4.52683 0.319047
0.462402 2.23516 2.25234	0 6.36632 0.319066
0.462646 2.05063 2.25404	0 4.74061 0.31989
0.462891 2.51865 2.25628	0 4.9119 0.322014
0.463135 2.44046 2.25911	0 5.16584 0.325428
0.463379 2.42779 2.26269	0 7.40249 0.329432
0.463623 2.05103 2.26729	0 4.64396 0.332797
0.463867 2.08355 2.27316	0 4.6408 0.33419
0.464111 2.06006 2.28047	0 3.27533 0.332648
0.464355 2.2793 2.28922	0 6.11442 0.327825
0.4646 2.48115 2.2992	0 5.26332 0.319937
0.464844 2.20823 2.31002	0 4.034 0.309516
0.465088 2.33555 2.32113	0 5.16697 0.297187
0.465332 2.41827 2.33187	0 4.43808 0.283628
0.465576 2.42241 2.3416	0 6.0989 0.269681
0.46582 2.21879 2.34967	0 3.83895 0.256463
0.466064 2.64407 2.35555	0 6.12999 0.245328
0.466309 2.44227 2.3588	0 6.58704 0.237651
0.466553 1.91257 2.35908	0 4.33621 0.234519
0.466797 2.36606 2.35621	0 5.10018 0.236494
0.467041 3.07393 2.35012	0 8.72273 0.243566
0.467285 2.06437 2.34088	0 5.61567 0.255286
0.467529 2.42173 2.32869	0 5.92655 0.270971
0.467773 2.44807 2.31392	0 5.70056 0.289833
0.468018 2.0269 2.29702	0 4.2313 0.310932
0.468262 2.43017 2.27859	0 3.95478 0.33298
0.468506 2.23939 2.25931	0 5.05747 0.354151
0.46875 2.31748 2.23993	0 5.0273 0.372096
0.468994 1.99084 2.22132	0 3.12971 0.384271
0.469238 2.37945 2.20438	0 7.0561 0.388556
0.469482 2.22406 2.19004	0 6.28155 0.383945
0.469727 2.13986 2.1792	0 5.13719 0.371044
0.469971 2.00687 2.17266	0 4.99735 0.352153
0.470215 2.05074 2.17097	0 4.5629 0.330823
0.470459 2.10831 2.17441	0 3.18576 0.311002
0.470703 1.87929 2.18288	0 3.12451 0.295993
0.470947 1.89884 2.19591	0 2.82501 0.28758
0.471191 2.37355 2.21271	0 4.26858 0.28564
0.471436 2.46883 2.23226	0 4.4464 0.288386
0.47168 2.37184 2.25339	0 5.76598 0.293148
0.471924 1.97831 2.27498	0 4.59885 0.297368
0.472168 2.4449 2.296	0 6.69299 0.299393
0.472412 2.51997 2.31561	0 4.5967 0.298761
0.472656 2.08613 2.33317	0 2.87788 0.295974
0.4729 2.54812 2.34823	0 5.67242 0.291943
0.473145 2.41326 2.36051	0 5.95562 0.287466
0.473389 2.38352 2.36991	0 6.91932 0.282948
0.473633 2.47918 2.37639	0 5.91418 0.278439
0.473877 2.26311 2.38006	0 3.84422 0.273848
0.474121 2.39564 2.38106	0 6.00443 0.269166
0.474365 2.50226 2.37968	0 8.15681 0.264571
0.474609 2.69284 2.37625	0 6.80082 0.260403
0.474854 2.12957 2.37118	0 4.54217 0.25709
0.475098 2.33152 2.36497	0 5.14344 0.255101
0.475342 2.2776 2.35813	0 6.50867 0.254974
0.475586 2.58701 2.35121	0 5.43515 0.257378
0.47583 1.98868 2.3447	0 4.0276 0.263125
0.476074 2.62881 2.33907	0 7.4065 0.273029
0.476318 2.34285 2.33463	0 4.00102 0.287567
0.476562 2.32429 2.33159	0 6.71557 0.30642
0.476807 1.93941 2.32995	0 2.22003 0.328074
0.477051 2.3858 2.32952	0 3.88967 0.349749
0.477295 2.53618 2.32996	0 9.0822 0.36781
0.477539 1.84267 2.33079	0 3.44899 0.378617
0.477783 2.71957 2.3315	0 11.1671 0.379552
0.478027 2.42906 2.33162	0 4.69869 0.369839
0.478271 2.46645 2.33084	0 5.28267 0.350844
0.478516 2.32961 2.329	0 5.59899 0.325734
0.47876 2.19993 2.32619	0 4.33154 0.298647
0.479004 2.11068 2.32269	0 3.32858 0.273688
0.479248 2.73975 2.31896	0 7.06709 0.254079
0.479492 2.33062 2.31552	0 3.46314 0.241694
0.479736 2.0152 2.31293	0 5.51315 0.237013
0.47998 2.23553 2.31169	0 4.67684 0.239368
0.480225 2.26301 2.31219	0 4.54821 0.247318
0.480469 2.45964 2.31465	0 4.64526 0.259022
0.480713 2.24154 2.31911	0 4.51421 0.272553
0.480957 2.27555 2.32536	0 6.23512 0.286146
0.481201 2.35124 2.33298	0 4.44662 0.29834
0.481445 2.30065 2.34129	0 9.03386 0.308014
0.481689 2.23875 2.34944	0 6.49541 0.314312
0.481934 2.35236 2.35652	0 4.98087 0.316528
0.482178 2.25942 2.36162	0 4.69129 0.314076
0.482422 2.32142 2.36407	0 5.67953 0.306596
0.482666 3.12673 2.36354	0 7.43035 0.294186
0.48291 2.39855 2.36016	0 4.63736 0.277621
0.483154 2.36841 2.35452	0 6.53182 0.258449
0.483398 2.41907 2.34757	0 4.1204 0.238863
0.483643 2.1681 2.34051	0 4.84637 0.221381
0.483887 2.13886 2.33444	0 3.06678 0.208395
0.484131 2.01742 2.33024	0 3.41334 0.201706
0.484375 2.37356 2.32832	0 3.61747 0.20212
0.484619 2.27875 2.32859	0 4.20338 0.209207
0.484863 2.2245 2.33049	0 3.2973 0.221309
0.485107 2.41948 2.33322	0 4.92811 0.235848
0.485352 2.1416 2.33594	0 4.06788 0.249937
0.485596 2.54382 2.33799	0 6.94593 0.261129
0.48584 2.97238 2.33914	0 8.66344 0.268092
0.486084 2.59893 2.33958	0 7.19992 0.270941
0.486328 2.06349 2.33988	0 5.0665 0.271085
0.486572 2.15805 2.34081	0 3.47715 0.270645
0.486816 1.72839 2.3431	0 2.98297 0.27171
0.487061 2.43467 2.34722	0 5.06359 0.275738
0.487305 2.23539 2.35322	0 5.87477 0.283326
0.487549 2.46766 2.36072	0 3.90636 0.29435
0.487793 2.23604 2.36902	0 5.37666 0.308253
0.488037 2.81584 2.37719	0 8.66699 0.324232
0.488281 2.39352 2.38434	0 5.03093 0.341199
0.488525 2.47917 2.38979	0 4.90184 0.357596
0.48877 2.37736 2.39314	0 5.39782 0.371356
0.489014 2.34663 2.39439	0 4.71144 0.380228
0.489258 2.54332 2.39381	0 7.76275 0.382473
0.489502 2.14736 2.39192	0 4.22073 0.377659
0.489746 2.63033 2.3893	0 9.07875 0.367088
0.48999 2.42666 2.38652	0 5.37374 0.353577
0.490234 2.31971 2.38398	0 6.16583 0.340555
0.490479 2.03769 2.38192	0 3.1134 0.330883
0.490723 2.36454 2.38033	0 5.06714 0.325946
0.490967 2.43265 2.37905	0 5.72283 0.325444
0.491211 2.50954 2.37779	0 7.01414 0.327974
0.491455 2.6277 2.37619	0 7.93883 0.33204
0.491699 2.04595 2.37393	0 4.8884 0.336942
0.491943 2.63055 2.37079	0 5.66042 0.343054
0.492188 2.6168 2.36665	0 7.41926 0.351405
0.492432 1.91949 2.36155	0 3.23628 0.362828
0.492676 2.09547 2.35573	0 4.26555 0.377189
0.49292 2.64506 2.34961	0 6.06322 0.393127
0.493164 2.60347 2.34377	0 8.93615 0.408411
0.493408 2.31203 2.33897	0 5.09939 0.420714
0.493652 2.53166 2.33599	0 7.84074 0.428391
0.493896 2.08962 2.33556	0 3.503 0.43091
0.494141 2.15482 2.33818	0 3.33927 0.428812
0.494385 2.04286 2.34398	0 7.04187 0.4233
0.494629 2.2159 2.35263	0 4.79542 0.415716
0.494873 2.2778 2.36336	0 4.76901 0.407156
0.495117 2.26366 2.37499	0 4.50264 0.398291
0.495361 2.72236 2.38613	0 7.73256 0.389389
0.495605 2.52945 2.39539	0 5.4398 0.380394
0.49585 2.9452 2.40156	0 9.87306 0.371003
0.496094 2.16118 2.40373	0 3.99683 0.360747
0.496338 2.30742 2.40132	0 5.83718 0.349147
0.496582 2.65434 2.39397	0 5.54123 0.335952
0.496826 2.30668 2.38136	0 5.26915 0.321384
0.49707 2.38597 2.36299	0 5.12459 0.306249
0.497314 2.37505 2.33792	0 4.48315 0.29178
0.497559 2.38142 2.30461	0 4.873 0.279275
0.497803 2.11744 2.26086	0 3.9034 0.269644
0.498047 2.38204 2.20396	0 7.77678 0.26307
0.498291 2.5823 2.13098	0 8.27944 0.258853
0.498535 2.17226 2.03922	0 4.25443 0.255471
0.498779 1.97667 1.9268	0 3.45461 0.250801
0.499023 2.54352 1.79323	0 7.64854 0.242529
0.499268 2.3837 1.63983	0 4.61657 0.228698
0.499512 2.25512 1.46992	0 5.50006 0.208305
0.499756 2.7964 1.10276	0 10.9423 0.150818
