0 0 0.491645	0 0 0.03033
0.000244141 0.926489 0.591538	0 0.862625 0.0395529
0.000488281 0.927272 0.697134	0 0.946451 0.0492188
0.000732422 0.882421 0.806646	0 1.08688 0.0587756
0.000976562 1.01766 0.918709	0 1.16987 0.0678433
0.0012207 1.01065 1.03261	0 1.20529 0.0763921
0.00146484 1.19149 1.14844	0 1.23609 0.0848681
0.00170898 1.27046 1.26708	0 1.26502 0.0942243
0.00195312 1.43317 1.39018	0 1.94595 0.10584
0.00219727 1.28397 1.51998	0 1.63789 0.121348
0.00244141 1.36654 1.65919	0 1.68243 0.142419
0.00268555 1.61553 1.81079	0 2.36601 0.170547
0.00292969 1.94638 1.9779	0 2.96096 0.206898
0.00317383 2.02664 2.16366	0 4.63272 0.252279
0.00341797 1.82587 2.37113	0 4.36194 0.307329
0.00366211 2.04335 2.60316	0 4.29927 0.373035
0.00390625 2.45216 2.8623	0 5.57263 0.451567
0.00415039 3.04974 3.15058	0 9.00927 0.547101
0.00439453 3.09362 3.46935	0 11.0609 0.665992
0.00463867 3.50833 3.81905	0 12.9607 0.815649
0.00488281 3.36161 4.19905	0 10.5475 1.00191
0.00512695 3.67109 4.60761	0 14.8147 1.22561
0.00537109 4.91997 5.04196	0 24.6256 1.47997
0.00561523 4.97376 5.49856	0 29.1152 1.7506
0.00585938 5.83507 5.97347	0 35.7363 2.01916
0.00610352 6.67378 6.4628	0 50.4751 2.27036
0.00634766 7.1369 6.96294	0 45.2227 2.49973
0.0065918 8.10579 7.47058	0 66.0563 2.71865
0.00683594 8.55004 7.98246	0 71.3593 2.95308
0.00708008 8.78621 8.49464	0 71.9976 3.23473
0.00732422 7.53622 9.00177	0 58.2422 3.58712
0.00756836 8.70819 9.49629	0 67.8766 4.01264
0.0078125 9.17238 9.96804	0 56.1912 4.48755
0.00805664 10.4848 10.4044	0 105.516 4.96878
0.00830078 12.225 10.791	0 126.639 5.41005
0.00854492 12.2782 11.1131	0 152.468 5.77906
0.00878906 15.2533 11.3574	0 180.737 6.06656
0.0090332 13.2979 11.5136	0 177.531 6.2829
0.00927734 12.3258 11.5761	0 139.962 6.44518
0.00952148 13.4064 11.5446	0 217.904 6.56306
0.00976562 12.1922 11.4248	0 122.135 6.63139
0.0100098 13.0109 11.2278	0 147.778 6.63259
0.0102539 12.6312 10.969	0 228.492 6.5464
0.010498 9.65508 10.6666	0 96.5307 6.36118
0.0107422 10.768 10.3398	0 128.061 6.08161
0.0109863 8.89248 10.0073	0 65.5427 5.72993
0.0112305 9.08679 9.68542	0 75.0328 5.34114
0.0114746 7.814 9.38688	0 70.4757 4.95425
0.0117188 7.91837 9.12024	0 73.4918 4.6032
0.0119629 8.88779 8.88973	0 72.2976 4.31014
0.012207 7.11226 8.69573	0 65.8649 4.08298
0.0124512 8.07303 8.53567	0 77.2969 3.91721
0.0126953 9.27803 8.40517	0 77.755 3.8007
0.0129395 8.52201 8.29925	0 79.1595 3.7192
0.0131836 9.17369 8.21328	0 96.7618 3.66078
0.0134277 6.89839 8.14369	0 42.6434 3.61822
0.0136719 8.56319 8.08829	0 70.1408 3.58915
0.013916 7.17033 8.04623	0 55.2403 3.57479
0.0141602 7.82493 8.01783	0 48.2717 3.57795
0.0144043 7.45479 8.00421	0 55.9175 3.60109
0.0146484 8.33504 8.00702	0 78.7708 3.64499
0.0148926 7.50417 8.02816	0 47.2532 3.70849
0.0151367 8.31437 8.06944	0 54.9581 3.78965
0.0153809 8.04701 8.13236	0 72.0209 3.88782
0.015625 7.70452 8.21773	0 65.7628 4.00575
0.0158691 8.27963 8.32529	0 66.5124 4.15
0.0161133 7.0637 8.45337	0 49.7826 4.32852
0.0163574 7.86764 8.5987	0 81.989 4.54576
0.0166016 8.05659 8.75648	0 42.9266 4.79745
0.0168457 9.97415 8.92073	0 79.514 5.06779
0.0170898 8.45332 9.08499	0 57.7337 5.33102
0.017334 10.3781 9.2432	0 115.248 5.55694
0.0175781 9.98415 9.39056	0 89.3912 5.71834
0.0178223 10.1283 9.52418	0 98.7888 5.79809
0.0180664 10.6541 9.64343	0 115.023 5.79412
0.0183105 9.98516 9.74969	0 104.337 5.72169
0.0185547 9.28585 9.84576	0 108.568 5.61216
0.0187988 10.7046 9.93489	0 114.552 5.50744
0.019043 8.27076 10.0198	0 68.7473 5.45034
0.0192871 9.65989 10.1016	0 64.1483 5.47284
0.0195312 9.81644 10.1798	0 57.4875 5.58652
0.0197754 9.36996 10.2518	0 80.5668 5.77902
0.0200195 12.2273 10.3135	0 177.474 6.0178
0.0202637 10.9052 10.3603	0 111.269 6.25912
0.0205078 11.3657 10.3881	0 110.292 6.45844
0.020752 10.4688 10.3939	0 88.6891 6.5789
0.0209961 10.8013 10.3768	0 121.438 6.59704
0.0212402 11.4888 10.3384	0 125.611 6.50601
0.0214844 9.45062 10.2825	0 89.8583 6.31657
0.0217285 10.3561 10.2147	0 93.3269 6.05523
0.0219727 11.2239 10.1422	0 89.6983 5.75887
0.0222168 9.08859 10.0726	0 79.6161 5.46673
0.0224609 10.0729 10.0132	0 85.7402 5.21194
0.0227051 8.42002 9.97054	0 68.7086 5.0155
0.0229492 10.9259 9.94944	0 119.329 4.88455
0.0231934 8.2643 9.9529	0 59.9278 4.81487
0.0234375 8.95106 9.98181	0 69.977 4.79671
0.0236816 9.7012 10.0352	0 74.2853 4.82167
0.0239258 10.6541 10.1103	0 112.308 4.88838
0.0241699 10.2227 10.2037	0 100.223 5.00425
0.0244141 10.819 10.3111	0 107.466 5.1819
0.0246582 9.56762 10.4283	0 85.8531 5.4312
0.0249023 10.0715 10.552	0 80.5915 5.75113
0.0251465 11.0909 10.6793	0 128.084 6.12584
0.0253906 11.2651 10.8085	0 115.804 6.52764
0.0256348 12.1663 10.9386	0 154.531 6.92501
0.0258789 10.2462 11.0694	0 112.271 7.29084
0.026123 10.8574 11.2007	0 80.5517 7.60649
0.0263672 10.3204 11.3324	0 81.2563 7.86046
0.0266113 11.8182 11.4637	0 132.342 8.04469
0.0268555 12.0838 11.5935	0 172.966 8.15254
0.0270996 11.1738 11.7201	0 115.882 8.18066
0.0273438 12.7834 11.8416	0 246.752 8.13395
0.0275879 11.039 11.9564	0 153.084 8.03014
0.027832 12.7169 12.0634	0 162.977 7.90158
0.0280762 13.0628 12.1628	0 151.918 7.79278
0.0283203 12.4956 12.256	0 151.988 7.75426
0.0285645 12.8075 12.3456	0 151.729 7.83317
0.0288086 12.0224 12.4351	0 121.228 8.06191
0.0290527 11.5645 12.5285	0 131.434 8.44706
0.0292969 13.5125 12.6291	0 137.854 8.96271
0.029541 11.1074 12.7392	0 189.397 9.55227
0.0297852 12.9609 12.8594	0 153.327 10.1408
0.0300293 13.1079 12.9887	0 164.993 10.6547
0.0302734 11.9071 13.1247	0 210.932 11.0435
0.0305176 12.9168 13.2645	0 155.685 11.2955
0.0307617 13.0104 13.4056	0 168.296 11.4419
0.0310059 15.2129 13.5471	0 261.44 11.5499
0.03125 15.9808 13.6903	0 235.249 11.7044
0.0314941 15.8337 13.8389	0 176.549 11.9848
0.0317383 11.7991 13.9981	0 112.684 12.4416
0.0319824 12.8791 14.1733	0 121.648 13.0788
0.0322266 13.3131 14.369	0 243.523 13.8484
0.0324707 12.8525 14.5868	0 133.261 14.6606
0.0327148 12.511 14.8247	0 147.225 15.4088
0.032959 14.2919 15.0771	0 192.431 16.001
0.0332031 17.8312 15.336	0 300.419 16.388
0.0334473 15.9201 15.5925	0 261.971 16.5761
0.0336914 16.0408 15.8389	0 294.748 16.6221
0.0339355 20.1473 16.0706	0 291.412 16.6149
0.0341797 17.7882 16.2872	0 336.038 16.6541
0.0344238 13.6379 16.4931	0 168.494 16.8328
0.034668 17.8701 16.6966	0 257.47 17.2268
0.0349121 15.4323 16.9087	0 289.172 17.8901
0.0351562 15.3358 17.1414	0 197.942 18.8526
0.0354004 17.1213 17.406	0 281.682 20.1209
0.0356445 17.3455 17.7113	0 336.537 21.68
0.0358887 18.3972 18.0629	0 256.071 23.4946
0.0361328 17.1255 18.4625	0 284.372 25.5079
0.036377 15.3084 18.9077	0 270.065 27.6408
0.0366211 20.4218 19.3928	0 467.667 29.7969
0.0368652 18.6533 19.9096	0 329.42 31.8798
0.0371094 20.9765 20.4485	0 403.248 33.8221
0.0373535 23.0787 20.9997	0 505.501 35.6125
0.0375977 21.2003 21.5546	0 402.463 37.3039
0.0378418 20.1102 22.1065	0 426.688 38.9913
0.0380859 25.5417 22.6512	0 770.758 40.7653
0.0383301 24.5065 23.1871	0 613.417 42.6637
0.0385742 24.9777 23.7146	0 758.405 44.6492
0.0388184 20.0186 24.236	0 387.583 46.6264
0.0390625 25.6103 24.7541	0 652.609 48.489
0.0393066 23.5751 25.2721	0 630.942 50.1689
0.0395508 26.3776 25.7927	0 785.286 51.6595
0.0397949 28.167 26.3181	0 1319.87 53.001
0.0400391 30.6969 26.8503	0 847.805 54.2428
0.0402832 21.3469 27.3908	0 546.022 55.4067
0.0405273 25.9663 27.9416	0 690.829 56.4771
0.0407715 33.0368 28.5053	0 1214.99 57.4176
0.0410156 27.6636 29.086	0 877.617 58.2047
0.0412598 27.7556 29.6891	0 681.417 58.8633
0.0415039 33.5438 30.3223	0 832.466 59.5009
0.041748 29.1379 30.9947	0 713.556 60.3407
0.0419922 29.414 31.7159	0 836.218 61.7458
0.0422363 34.7521 32.4949	0 1034.65 64.2068
0.0424805 32.8892 33.3375	0 921.376 68.261
0.0427246 29.0588 34.2444	0 852.96 74.3388
0.0429688 37.5001 35.2091	0 1856.68 82.5796
0.0432129 26.5526 36.2169	0 722.431 92.6964
0.043457 37.1246 37.2453	0 1486.2 103.961
0.0437012 42.6884 38.2658	0 2351.01 115.331
0.0439453 37.1415 39.2476	0 1264.46 125.684
0.0441895 45.2569 40.1615	0 2905.37 134.07
0.0444336 50.3625 40.9843	0 2360.35 139.918
0.0446777 39.3126 41.7025	0 1713.02 143.126
0.0449219 41.9817 42.3134	0 2241.13 144.05
0.045166 52.7928 42.8258	0 3120.83 143.376
0.0454102 41.6175 43.2575	0 1696.13 141.937
0.0456543 41.619 43.6317	0 1551.51 140.507
0.0458984 41.4603 43.973	0 1899.57 139.626
0.0461426 39.1406 44.3031	0 1653.41 139.507
0.0463867 47.4324 44.6374	0 3738.22 140.023
0.0466309 46.5102 44.9833	0 1871.74 140.766
0.046875 42.871 45.3397	0 2671.98 141.154
0.0471191 43.6512 45.6984	0 1982.67 140.57
0.0473633 45.4603 46.0465	0 2059.04 138.513
0.0476074 50.3823 46.3696	0 1775.76 134.761
0.0478516 48.6972 46.6551	0 2338.11 129.485
0.0480957 46.8811 46.895	0 2645.41 123.276
0.0483398 47.7813 47.0872	0 2603.95 117.043
0.048584 54.7474 47.2358	0 3343.28 111.837
0.0488281 44.9145 47.3493	0 2157.2 108.633
0.0490723 45.8078 47.4378	0 1779.88 108.166
0.0493164 49.6542 47.5093	0 2699.94 110.831
0.0495605 42.4602 47.5666	0 1736.51 116.622
0.0498047 41.7407 47.6046	0 1655.5 125.097
0.0500488 49.8097 47.6108	0 1811.16 135.362
0.050293 42.5437 47.5663	0 1445.82 146.138
0.0505371 59.6841 47.4494	0 3919.21 155.931
0.0507812 46.5795 47.2401	0 1904.68 163.307
0.0510254 59.5911 46.9237	0 4381.96 167.17
0.0512695 43.8881 46.4943	0 1885.99 166.966
0.0515137 44.0871 45.9554	0 1738.45 162.74
0.0517578 46.1987 45.3192	0 1977.68 155.062
0.052002 49.5439 44.6038	0 2539.11 144.89
0.0522461 43.3647 43.8299	0 1509.19 133.398
0.0524902 36.1978 43.0172	0 1073.88 121.806
0.0527344 40.3422 42.1817	0 1997.65 111.196
0.0529785 47.3718 41.3337	0 2055.77 102.34
0.0532227 38.3501 40.4783	0 1517.13 95.5599
0.0534668 38.1823 39.6155	0 1385.41 90.6878
0.0537109 40.3968 38.7421	0 1497.49 87.1602
0.0539551 36.3977 37.8532	0 1252.62 84.2413
0.0541992 42.921 36.9443	0 2551.54 81.2975
0.0544434 35.6436 36.0117	0 1162.64 78.014
0.0546875 31.4841 35.0532	0 862.301 74.4608
0.0549316 34.8257 34.0681	0 1101.67 70.9818
0.0551758 38.2118 33.0572	0 1738.58 67.9672
0.0554199 26.161 32.022	0 573.294 65.6195
0.0556641 30.7021 30.9651	0 990.431 63.8244
0.0559082 32.1905 29.8899	0 1191.96 62.1776
0.0561523 31.5601 28.8011	0 1175.91 60.1491
0.0563965 29.7589 27.7048	0 1489.49 57.2997
0.0566406 24.5432 26.6091	0 505.271 53.4495
0.0568848 23.8173 25.5235	0 632.091 48.7298
0.0571289 21.6954 24.4591	0 441.739 43.5117
0.057373 23.1348 23.4281	0 340.433 38.2626
0.0576172 25.6363 22.4429	0 755.635 33.4082
0.0578613 21.4399 21.5156	0 479.581 29.2529
0.0581055 18.6536 20.6565	0 330.926 25.965
0.0583496 17.1422 19.873	0 282.663 23.5965
0.0585938 17.4361 19.169	0 276.632 22.1004
0.0588379 15.385 18.5434	0 207.455 21.3338
0.059082 17.2818 17.9906	0 260.122 21.0618
0.0593262 14.4679 17.5004	0 191.092 20.9857
0.0595703 18.9188 17.0594	0 431.045 20.8032
0.0598145 19.7324 16.6528	0 368.983 20.2817
0.0600586 15.1591 16.2659	0 281.829 19.313
0.0603027 15.1868 15.8862	0 270.037 17.9238
0.0605469 15.5418 15.5046	0 259.848 16.2428
0.060791 17.1501 15.116	0 331.82 14.4437
0.0610352 15.6694 14.7196	0 199.288 12.6895
0.0612793 14.808 14.3177	0 222.367 11.0985
0.0615234 13.1779 13.9149	0 172.221 9.73351
0.0617676 10.8692 13.5165	0 76.8378 8.60948
0.0620117 13.927 13.1277	0 227.25 7.70916
0.0622559 11.8184 12.7524	0 113.01 6.9992
0.0625 11.5476 12.3932	0 113.475 6.44294
0.0627441 12.6964 12.0509	0 159.066 6.00835
0.0629883 11.7365 11.7254	0 189.267 5.6715
0.0632324 11.4285 11.416	0 126.449 5.41649
0.0634766 12.7272 11.1221	0 184.667 5.23303
0.0637207 9.0603 10.8433	0 104.306 5.11232
0.0639648 9.69089 10.5798	0 84.5026 5.04259
0.064209 10.522 10.3318	0 105.678 5.00619
0.0644531 9.97647 10.0996	0 74.078 4.98034
0.0646973 10.5744 9.88302	0 112.334 4.94192
0.0649414 8.14218 9.68092	0 46.972 4.87457
0.0651855 9.03128 9.49145	0 77.5115 4.77418
0.0654297 9.28701 9.3119	0 75.1662 4.64964
0.0656738 9.52399 9.13905	0 120.34 4.518
0.065918 9.08765 8.96964	0 55.9242 4.3963
0.0661621 8.71705 8.8009	0 78.1685 4.29374
0.0664062 8.82358 8.63097	0 64.2569 4.20791
0.0666504 9.53597 8.45929	0 99.6609 4.12658
0.0668945 8.12045 8.28666	0 47.5283 4.03445
0.0671387 8.36586 8.11513	0 79.2208 3.92129
0.0673828 6.94845 7.94758	0 38.9554 3.78753
0.067627 8.00157 7.7872	0 91.9772 3.64401
0.0678711 7.39263 7.63694	0 72.2584 3.5061
0.0681152 6.83736 7.49888	0 41.3403 3.3855
0.0683594 6.54093 7.374	0 32.6677 3.28438
0.0686035 7.78458 7.26194	0 64.1285 3.19524
0.0688477 7.04056 7.16121	0 58.9514 3.10627
0.0690918 6.43964 7.0695	0 36.7387 3.00867
0.0693359 6.56626 6.98419	0 41.5079 2.90136
0.0695801 7.51042 6.90284	0 45.7784 2.79068
0.0698242 8.06937 6.82365	0 62.0993 2.68571
0.0700684 6.72363 6.74571	0 51.5379 2.59256
0.0703125 6.39501 6.669	0 34.7826 2.51079
0.0705566 6.85358 6.59422	0 51.9187 2.43377
0.0708008 5.25023 6.52248	0 25.7444 2.35222
0.0710449 6.05252 6.4549	0 32.5928 2.259
0.0712891 6.59902 6.3923	0 49.2318 2.15288
0.0715332 7.03444 6.33494	0 41.9946 2.03993
0.0717773 5.83566 6.28247	0 39.3117 1.9319
0.0720215 6.3393 6.23397	0 32.9394 1.84246
0.0722656 5.9328 6.18812	0 41.7112 1.78261
0.0725098 5.59056 6.14345	0 21.5397 1.75733
0.0727539 6.70947 6.09854	0 61.1792 1.76477
0.072998 6.55032 6.05233	0 42.513 1.79779
0.0732422 5.62601 6.00427	0 39.7128 1.84674
0.0734863 6.01591 5.95451	0 35.2742 1.90179
0.0737305 6.23049 5.90395	0 31.3407 1.95409
0.0739746 5.73853 5.85421	0 33.5358 1.99633
0.0742188 6.14849 5.80748	0 43.3126 2.02362
0.0744629 5.47973 5.76622	0 20.0304 2.03479
0.074707 5.47493 5.73289	0 33.5964 2.03357
0.0749512 5.03804 5.70949	0 27.2057 2.02841
0.0751953 5.96463 5.69727	0 31.7982 2.03034
0.0754395 4.93214 5.69641	0 21.2439 2.0495
0.0756836 5.66841 5.70591	0 37.7551 2.09171
0.0759277 5.00043 5.7236	0 27.548 2.15629
0.0761719 6.22285 5.74631	0 31.129 2.23566
0.076416 6.65379 5.77015	0 51.4987 2.31632
0.0766602 4.94409 5.79099	0 24.8116 2.38105
0.0769043 5.75294 5.80488	0 26.9104 2.41193
0.0771484 6.37986 5.80848	0 43.1397 2.39412
0.0773926 6.43235 5.7995	0 54.8855 2.3198
0.0776367 6.46168 5.77691	0 34.5621 2.19101
0.0778809 5.79383 5.74108	0 29.2862 2.01985
0.078125 5.71664 5.6937	0 30.5504 1.82581
0.0783691 5.84484 5.63756	0 31.536 1.63094
0.0786133 5.47006 5.57612	0 22.527 1.45501
0.0788574 5.46137 5.51313	0 24.8858 1.31214
0.0791016 5.18466 5.45209	0 26.2422 1.20965
0.0793457 5.52891 5.39586	0 22.3802 1.14835
0.0795898 4.51406 5.34636	0 17.6385 1.12358
0.079834 4.63932 5.30445	0 17.0435 1.12659
0.0800781 6.11484 5.26995	0 37.1132 1.1463
0.0803223 4.9835 5.24189	0 23.9469 1.17138
0.0805664 4.78147 5.21876	0 23.6996 1.19238
0.0808105 5.59961 5.19892	0 35.0714 1.20323
0.0810547 5.22427 5.18098	0 25.6943 1.20185
0.0812988 5.46513 5.16401	0 29.317 1.18979
0.081543 5.24501 5.14776	0 24.714 1.17143
0.0817871 5.08762 5.13262	0 21.7948 1.15276
0.0820312 4.93386 5.11953	0 16.7983 1.13996
0.0822754 4.89002 5.1097	0 21.1422 1.13817
0.0825195 5.33329 5.10438	0 33.042 1.15044
0.0827637 4.58652 5.10448	0 17.2272 1.17743
0.0830078 5.40934 5.11038	0 37.4599 1.21754
0.083252 4.56632 5.12174	0 20.9131 1.26717
0.0834961 4.74776 5.13751	0 17.2364 1.32088
0.0837402 5.15202 5.15605	0 23.5346 1.37168
0.0839844 5.52525 5.17532	0 33.5894 1.41203
0.0842285 5.38371 5.19321	0 24.5573 1.43562
0.0844727 5.21559 5.20778	0 23.7072 1.43965
0.0847168 5.56813 5.21753	0 19.4413 1.42629
0.0849609 6.0147 5.22149	0 28.0226 1.40255
0.0852051 4.48213 5.2193	0 19.8707 1.37815
0.0854492 5.41371 5.21111	0 22.4492 1.36223
0.0856934 5.00954 5.19752	0 24.1868 1.36032
0.0859375 4.72681 5.17945	0 21.9796 1.3727
0.0861816 5.96804 5.15802	0 30.6333 1.39484
0.0864258 5.51621 5.13453	0 30.6236 1.41961
0.0866699 4.90555 5.11036	0 26.4557 1.44018
0.0869141 5.07638 5.08694	0 26.9531 1.45243
0.0871582 4.71739 5.06567	0 20.3099 1.45591
0.0874023 4.53865 5.04787	0 19.4777 1.45303
0.0876465 5.14855 5.03465	0 23.5666 1.44732
0.0878906 5.36254 5.02691	0 35.1919 1.44178
0.0881348 5.31107 5.02517	0 25.7627 1.43833
0.0883789 4.15683 5.02961	0 13.0834 1.43836
0.088623 4.80266 5.04002	0 20.713 1.44372
0.0888672 5.30446 5.05578	0 38.6028 1.45689
0.0891113 4.84313 5.07589	0 20.3973 1.47994
0.0893555 5.66525 5.09906	0 37.1345 1.51266
0.0895996 4.76366 5.12376	0 18.8266 1.55114
0.0898438 4.19163 5.14835	0 19.6012 1.58802
0.0900879 6.0794 5.17119	0 49.1755 1.61478
0.090332 6.00539 5.19082	0 39.0881 1.62502
0.0905762 4.71322 5.20608	0 15.5073 1.6169
0.0908203 5.08136 5.21617	0 20.4215 1.59345
0.0910645 5.04929 5.22078	0 19.1178 1.56037
0.0913086 6.29394 5.22007	0 36.0261 1.52277
0.0915527 4.9266 5.2146	0 19.7256 1.48265
0.0917969 4.70072 5.20533	0 23.1587 1.43842
0.092041 6.1283 5.19348	0 42.2548 1.38661
0.0922852 4.81381 5.1804	0 23.8186 1.32465
0.0925293 4.64458 5.16754	0 21.7942 1.25336
0.0927734 4.89242 5.15628	0 22.0301 1.17794
0.0930176 5.6789 5.14788	0 30.6024 1.10723
0.0932617 5.29934 5.14338	0 24.9233 1.05157
0.0935059 5.27176 5.14348	0 20.797 1.02021
0.09375 4.80768 5.14855	0 34.1013 1.01907
0.0939941 4.72063 5.15852	0 20.4244 1.04938
0.0942383 4.22583 5.17299	0 17.6281 1.10751
0.0944824 5.6923 5.1913	0 24.4365 1.18594
0.0947266 5.1454 5.21267	0 26.4302 1.27524
0.0949707 5.96384 5.23641	0 39.889 1.36638
0.0952148 6.31982 5.26203	0 43.5387 1.453
0.095459 4.12917 5.28926	0 14.3779 1.53245
0.0957031 5.04264 5.31808	0 27.1544 1.60539
0.0959473 5.19867 5.34855	0 22.0998 1.67391
0.0961914 5.21755 5.3807	0 31.6409 1.73905
0.0964355 5.4578 5.41437	0 23.6765 1.79911
0.0966797 5.9338 5.44919	0 33.3018 1.8495
0.0969238 5.22982 5.48455	0 47.8812 1.88447
0.097168 5.38101 5.51965	0 33.6716 1.89962
0.0974121 5.714 5.55361	0 38.413 1.89392
0.0976562 5.85731 5.5855	0 31.2115 1.87029
0.0979004 5.66122 5.61445	0 34.6877 1.83454
0.0981445 5.20036 5.6396	0 35.9862 1.7935
0.0983887 6.00715 5.66014	0 30.4085 1.7533
0.0986328 6.03652 5.67534	0 41.6668 1.7182
0.098877 5.12364 5.68454	0 26.7836 1.69043
0.0991211 6.18977 5.68728	0 42.5293 1.67032
0.0993652 5.86426 5.68339	0 34.4121 1.65657
0.0996094 5.48393 5.67314	0 22.2951 1.64649
0.0998535 5.73368 5.65725	0 26.1521 1.63623
0.100098 6.26333 5.63691	0 38.3894 1.62149
0.100342 6.05367 5.61363	0 47.378 1.59861
0.100586 5.47049 5.58899	0 21.4234 1.56592
0.10083 4.88028 5.56437	0 26.0558 1.52462
0.101074 5.15926 5.54067	0 20.2012 1.47873
0.101318 5.00424 5.51818	0 20.5162 1.43389
0.101562 5.59418 5.49653	0 17.4226 1.39565
0.101807 5.7908 5.47488	0 30.6566 1.36801
0.102051 5.63384 5.45219	0 26.1668 1.35281
0.102295 6.09949 5.42757	0 37.0371 1.35006
0.102539 5.79864 5.40052	0 34.5909 1.35886
0.102783 4.84549 5.37114	0 20.0073 1.37809
0.103027 5.38258 5.34015	0 28.69 1.40649
0.103271 4.77491 5.30877	0 21.3622 1.44223
0.103516 5.50885 5.27858	0 24.3038 1.48224
0.10376 5.56527 5.25128	0 27.6685 1.52202
0.104004 4.69069 5.22851	0 28.1887 1.55628
0.104248 5.60633 5.21173	0 35.3351 1.58021
0.104492 4.27644 5.20214	0 17.8187 1.59112
0.104736 5.67476 5.20055	0 36.7453 1.58948
0.10498 4.83094 5.20739	0 23.6143 1.5791
0.105225 5.37777 5.22254	0 22.9596 1.56614
0.105469 5.47394 5.2453	0 25.569 1.55747
0.105713 4.59015 5.2743	0 22.9847 1.5587
0.105957 4.30485 5.3075	0 16.7836 1.57278
0.106201 5.942 5.34231	0 35.4121 1.59943
0.106445 5.96403 5.37582	0 75.9727 1.63561
0.106689 5.0152 5.40514	0 24.7902 1.67678
0.106934 5.62966 5.42781	0 31.9509 1.71839
0.107178 6.14825 5.44211	0 30.9054 1.75742
0.107422 5.68706 5.44737	0 30.8769 1.79326
0.107666 5.88523 5.44408	0 33.1846 1.82788
0.10791 5.70291 5.43378	0 27.7408 1.86483
0.108154 5.06326 5.41881	0 20.0337 1.90729
0.108398 5.21406 5.40197	0 21.7596 1.95605
0.108643 4.63106 5.38611	0 21.2652 2.00845
0.108887 5.44937 5.37377	0 38.5928 2.05902
0.109131 5.5405 5.36686	0 30.4523 2.10163
0.109375 5.77275 5.36648	0 38.581 2.13174
0.109619 4.69645 5.37283	0 18.7496 2.14742
0.109863 5.58046 5.38523	0 19.6874 2.14891
0.110107 4.49142 5.40218	0 19.4103 2.13745
0.110352 5.61123 5.42157	0 41.2979 2.11449
0.110596 5.73504 5.44098	0 30.3098 2.08191
0.11084 5.1724 5.45795	0 29.6981 2.04227
0.111084 6.07843 5.47041	0 30.8088 1.99855
0.111328 5.60448 5.477	0 23.7785 1.95277
0.111572 6.34566 5.47727	0 48.4441 1.90467
0.111816 5.29701 5.47186	0 27.4542 1.8516
0.112061 4.81696 5.46233	0 16.5471 1.78998
0.112305 6.52591 5.45095	0 51.9995 1.71792
0.112549 5.00021 5.44028	0 23.3737 1.63723
0.112793 5.12548 5.43277	0 19.2354 1.55391
0.113037 4.76297 5.43033	0 22.0055 1.47674
0.113281 5.11863 5.43408	0 23.6506 1.41484
0.113525 4.83514 5.44417	0 20.3593 1.37523
0.11377 6.57149 5.45986	0 45.9906 1.36118
0.114014 5.93562 5.4796	0 34.6671 1.37164
0.114258 4.90421 5.50132	0 22.232 1.40156
0.114502 4.91264 5.52271	0 22.0113 1.44299
0.114746 5.87036 5.54155	0 38.9218 1.48673
0.11499 5.23142 5.55591	0 18.7279 1.52408
0.115234 6.66831 5.56445	0 37.8743 1.54874
0.115479 6.15513 5.56649	0 35.0061 1.55823
0.115723 5.07168 5.56207	0 16.1017 1.5546
0.115967 5.85219 5.55185	0 44.0685 1.54393
0.116211 5.19335 5.53694	0 27.7202 1.53477
0.116455 5.81951 5.51869	0 24.2704 1.53571
0.116699 5.75734 5.49845	0 23.4869 1.55284
0.116943 4.22007 5.47741	0 16.3768 1.58784
0.117188 5.27161 5.4565	0 34.9185 1.63735
0.117432 6.56449 5.43641	0 34.6689 1.69387
0.117676 5.7314 5.41762	0 38.2173 1.74784
0.11792 4.74034 5.40048	0 30.9957 1.79037
0.118164 5.39131 5.38524	0 36.4244 1.81571
0.118408 5.85002 5.37205	0 37.2209 1.8226
0.118652 4.7828 5.36088	0 25.6616 1.81389
0.118896 5.24666 5.35143	0 35.8748 1.7945
0.119141 4.93504 5.34315	0 25.262 1.76859
0.119385 5.32869 5.3352	0 28.7786 1.73759
0.119629 5.68985 5.32657	0 23.8307 1.69994
0.119873 6.02538 5.31625	0 43.6127 1.65289
0.120117 4.86794 5.30342	0 30.2398 1.59511
0.120361 5.63781 5.28761	0 22.7908 1.52854
0.120605 4.54958 5.26882	0 27.7225 1.45839
0.12085 6.09975 5.24754	0 24.5686 1.39149
0.121094 5.03508 5.2247	0 25.4598 1.33382
0.121338 5.31763 5.20149	0 29.3659 1.28874
0.121582 4.88566 5.17917	0 25.3374 1.25646
0.121826 5.53858 5.1589	0 23.1337 1.23464
0.12207 4.82204 5.14152	0 22.6705 1.21956
0.122314 4.59543 5.12749	0 18.9614 1.20727
0.122559 4.50199 5.11692	0 18.2886 1.19452
0.122803 5.41262 5.10965	0 26.5514 1.17962
0.123047 5.94986 5.10539	0 26.1011 1.16316
0.123291 4.89943 5.10387	0 19.9047 1.14821
0.123535 5.50904 5.10488	0 34.5005 1.13976
0.123779 5.00044 5.10829	0 30.9401 1.14317
0.124023 4.39686 5.11394	0 16.9088 1.16232
0.124268 5.15294 5.1215	0 22.0939 1.19825
0.124512 4.59796 5.13037	0 29.337 1.24888
0.124756 5.432 5.13965	0 27.8958 1.30974
0.125 4.87629 5.14823	0 17.0874 1.37505
0.125244 6.07634 5.15497	0 26.5029 1.43852
0.125488 4.94423 5.15892	0 25.9767 1.49385
0.125732 5.62166 5.15947	0 34.0442 1.53518
0.125977 5.28919 5.15646	0 25.9543 1.55786
0.126221 5.14447 5.1502	0 25.716 1.55961
0.126465 4.55607 5.14134	0 14.703 1.54162
0.126709 4.8786 5.13071	0 22.9714 1.50903
0.126953 5.56639 5.11917	0 26.2103 1.47041
0.127197 5.17441 5.10744	0 27.1231 1.43604
0.127441 5.14592 5.09605	0 25.0329 1.41531
0.127686 5.13668 5.08527	0 19.8067 1.41398
0.12793 4.90604 5.07514	0 20.6498 1.43216
0.128174 4.64215 5.06552	0 17.1604 1.46399
0.128418 5.27855 5.05611	0 22.0746 1.49942
0.128662 5.12564 5.04657	0 25.0011 1.52762
0.128906 5.05646 5.03655	0 29.2723 1.54097
0.12915 5.72642 5.02574	0 32.8326 1.53784
0.129395 4.12735 5.01394	0 16.7193 1.523
0.129639 4.93721 5.00105	0 35.6405 1.50552
0.129883 5.61582 4.98707	0 39.7456 1.49487
0.130127 5.00679 4.97208	0 15.3837 1.49713
0.130371 4.95444 4.95625	0 23.1511 1.51279
0.130615 4.45654 4.93974	0 27.1106 1.53703
0.130859 4.73438 4.9228	0 26.316 1.56208
0.131104 5.00613 4.9057	0 20.6293 1.58027
0.131348 5.71636 4.88879	0 43.2694 1.58641
0.131592 4.85418 4.87249	0 24.3551 1.57886
0.131836 4.40927 4.8573	0 19.5473 1.55915
0.13208 4.44122 4.84376	0 17.5788 1.53119
0.132324 4.93745 4.83238	0 23.5013 1.50026
0.132568 4.97497 4.82358	0 20.2249 1.47201
0.132812 4.94409 4.81761	0 18.6087 1.45119
0.133057 4.74833 4.81451	0 21.7906 1.44027
0.133301 4.69413 4.81413	0 17.7234 1.43849
0.133545 4.15869 4.81614	0 19.7174 1.44221
0.133789 5.03575 4.82014	0 27.4006 1.4466
0.134033 4.96491 4.82573	0 28.4039 1.44806
0.134277 5.00777 4.8326	0 22.508 1.44616
0.134521 5.28677 4.84053	0 24.2437 1.44381
0.134766 4.79716 4.84932	0 23.1161 1.4457
0.13501 4.54148 4.85866	0 18.293 1.45571
0.135254 4.75387 4.86804	0 17.6612 1.47496
0.135498 4.48613 4.87659	0 14.5538 1.50152
0.135742 4.49424 4.88314	0 21.7298 1.53175
0.135986 5.47506 4.88634	0 30.3191 1.56239
0.13623 4.66381 4.88488	0 18.8888 1.59199
0.136475 5.57115 4.87781	0 26.6697 1.62088
0.136719 5.61391 4.86479	0 31.6274 1.64983
0.136963 5.18112 4.84621	0 33.9889 1.67844
0.137207 4.22939 4.82321	0 23.9305 1.70425
0.137451 4.73953 4.79747	0 20.8516 1.72314
0.137695 4.66785 4.77098	0 18.2096 1.73072
0.137939 4.43999 4.7457	0 21.8176 1.72386
0.138184 4.11489 4.72336	0 16.628 1.70176
0.138428 5.09421 4.70524	0 23.4369 1.66617
0.138672 5.2349 4.69215	0 29.0536 1.62108
0.138916 4.38447 4.68445	0 20.0574 1.57209
0.13916 4.40251 4.68205	0 18.3134 1.52558
0.139404 4.75043 4.6845	0 19.0895 1.48741
0.139648 4.55564 4.69095	0 22.6948 1.46138
0.139893 4.16658 4.70025	0 19.4909 1.44793
0.140137 5.04011 4.71094	0 26.0946 1.44384
0.140381 4.4691 4.72139	0 18.3202 1.44341
0.140625 5.24502 4.72997	0 20.7082 1.44085
0.140869 4.56178 4.73527	0 15.054 1.43278
0.141113 5.07913 4.7363	0 24.2921 1.41972
0.141357 4.44977 4.73264	0 19.6141 1.40593
0.141602 5.73725 4.72453	0 39.0851 1.39755
0.141846 5.16304 4.71273	0 33.3776 1.39991
0.14209 3.57179 4.69841	0 14.4696 1.41517
0.142334 4.23078 4.68282	0 18.7103 1.44129
0.142578 5.56351 4.66705	0 27.8793 1.47257
0.142822 4.35563 4.65184	0 21.0546 1.50152
0.143066 3.89716 4.63753	0 14.9422 1.5212
0.143311 4.78098 4.62413	0 25.4081 1.52712
0.143555 4.98888 4.61146	0 21.8082 1.51849
0.143799 4.23621 4.59949	0 19.9325 1.49856
0.144043 5.53395 4.58845	0 27.5573 1.47414
0.144287 4.84958 4.57901	0 24.9401 1.45442
0.144531 4.16954 4.57225	0 17.3899 1.44885
0.144775 4.14628 4.56947	0 14.464 1.46469
0.14502 4.08222 4.57197	0 11.235 1.5047
0.145264 4.701 4.5807	0 24.4358 1.56601
0.145508 4.2822 4.59605	0 26.3329 1.64075
0.145752 4.74288 4.6177	0 33.7236 1.71836
0.145996 4.59978 4.64456	0 16.4822 1.78877
0.14624 4.26517 4.67486	0 19.0047 1.84498
0.146484 4.64595 4.70637	0 27.3402 1.88407
0.146729 5.03167 4.7366	0 18.1113 1.90633
0.146973 5.50192 4.76307	0 38.9579 1.91308
0.147217 4.92995 4.78353	0 22.9495 1.90446
0.147461 3.90818 4.7962	0 15.1331 1.8783
0.147705 5.13928 4.79988	0 28.4476 1.83071
0.147949 4.97173 4.7941	0 32.9643 1.75807
0.148193 5.91949 4.77915	0 30.3412 1.65968
0.148438 4.99516 4.75604	0 25.2699 1.53954
0.148682 4.32226 4.72647	0 22.3032 1.40652
0.148926 4.33187 4.69268	0 18.1808 1.27254
0.14917 4.65923 4.65731	0 22.4234 1.14975
0.149414 4.2956 4.62317	0 15.6429 1.04776
0.149658 5.22928 4.59306	0 25.9679 0.972265
0.149902 4.31366 4.56956	0 17.8573 0.925213
0.150146 4.49848 4.55471	0 20.6311 0.906146
0.150391 4.43296 4.54987	0 14.857 0.913717
0.150635 3.55502 4.55537	0 9.39773 0.946547
0.150879 4.57827 4.57044	0 19.498 1.00302
0.151123 4.24157 4.59311	0 17.2703 1.08013
0.151367 4.97221 4.62036	0 23.5287 1.17201
0.151611 4.01015 4.64839	0 13.8553 1.26896
0.151855 5.10117 4.67318	0 22.2918 1.35792
0.1521 4.83787 4.69099	0 19.8785 1.42455
0.152344 5.13501 4.69901	0 31.3028 1.45674
0.152588 5.59701 4.69581	0 25.191 1.44807
0.152832 5.55668 4.68155	0 39.3093 1.40024
0.153076 4.51383 4.65801	0 17.8827 1.32314
0.15332 4.70636 4.62821	0 12.897 1.23278
0.153564 3.82013 4.59599	0 13.4766 1.14748
0.153809 3.8161 4.56538	0 15.4996 1.08381
0.154053 4.7067 4.54	0 21.4373 1.05304
0.154297 4.45363 4.52259	0 18.7082 1.05909
0.154541 4.59568 4.51472	0 24.4615 1.09795
0.154785 4.46766 4.5166	0 17.1908 1.1587
0.155029 3.82887 4.52706	0 19.7234 1.2258
0.155273 4.60373 4.54375	0 25.6667 1.2823
0.155518 4.3722 4.56337	0 15.1724 1.31358
0.155762 4.20145 4.58204	0 16.9568 1.31058
0.156006 5.18649 4.59581	0 23.981 1.27175
0.15625 4.86143 4.60118	0 17.8596 1.20308
0.156494 5.17582 4.59567	0 33.6779 1.11606
0.156738 4.99119 4.57826	0 26.9475 1.02438
0.156982 4.57276 4.54965	0 20.6828 0.940554
0.157227 5.23565 4.51227	0 25.2941 0.873401
0.157471 4.73306 4.46993	0 19.4008 0.827224
0.157715 4.53068 4.42728	0 13.7012 0.802431
0.157959 4.01456 4.38903	0 14.7682 0.796988
0.158203 2.9816 4.35915	0 8.9214 0.807842
0.158447 3.27482 4.34028	0 8.43188 0.8318
0.158691 4.37645 4.33336	0 19.5641 0.865774
0.158936 4.48081 4.3376	0 20.1802 0.90668
0.15918 4.26817 4.35082	0 15.3255 0.951361
0.159424 4.81086 4.36996	0 23.8861 0.996733
0.159668 4.45363 4.39175	0 17.3917 1.04015
0.159912 4.65712 4.41325	0 21.5459 1.07977
0.160156 5.08432 4.43229	0 30.1788 1.11459
0.1604 4.10352 4.44763	0 12.2559 1.14409
0.160645 4.15748 4.45896	0 17.1559 1.16745
0.160889 4.34139 4.46674	0 16.6661 1.18286
0.161133 4.81225 4.47196	0 17.2498 1.18759
0.161377 4.8513 4.47584	0 22.3864 1.17897
0.161621 3.86817 4.47959	0 17.0784 1.15608
0.161865 4.92949 4.48426	0 22.9188 1.12118
0.162109 3.92108 4.49052	0 12.7622 1.07991
0.162354 4.88253 4.49864	0 16.9432 1.03974
0.162598 3.96747 4.50838	0 14.1118 1.00753
0.162842 4.81675 4.51909	0 24.7703 0.98725
0.163086 4.35764 4.52972	0 22.9347 0.979058
0.16333 4.18715 4.53901	0 20.7144 0.980147
0.163574 5.0887 4.54565	0 35.6995 0.986666
0.163818 4.68986 4.54849	0 16.9811 0.995646
0.164062 4.86634 4.54671	0 32.0428 1.00595
0.164307 4.63275 4.53993	0 18.2778 1.01795
0.164551 4.77733 4.52829	0 19.1108 1.03237
0.164795 4.07788 4.51243	0 12.1695 1.04916
0.165039 4.43809 4.49346	0 17.3289 1.06708
0.165283 4.50583 4.47281	0 28.3589 1.0845
0.165527 4.59275 4.45217	0 21.0894 1.10072
0.165771 4.61694 4.43324	0 18.4496 1.11721
0.166016 4.47396 4.41758	0 17.6335 1.13761
0.16626 4.4752 4.40638	0 19.9139 1.1664
0.166504 3.9369 4.40025	0 20.1674 1.20662
0.166748 3.72897 4.39913	0 14.5847 1.25756
0.166992 3.84053 4.40226	0 15.2576 1.31372
0.167236 4.54686 4.40833	0 23.1776 1.36562
0.16748 5.15752 4.41572	0 35.7502 1.40225
0.167725 4.51222 4.42289	0 29.4891 1.41443
0.167969 4.48576 4.42864	0 18.0658 1.39789
0.168213 5.00105 4.43238	0 25.1916 1.35493
0.168457 4.50233 4.43422	0 28.7675 1.29408
0.168701 4.18983 4.43477	0 16.6333 1.22779
0.168945 4.24026 4.43497	0 11.7127 1.16883
0.169189 4.06683 4.43573	0 13.3227 1.12648
0.169434 4.24424 4.43762	0 15.1739 1.10406
0.169678 4.28148 4.4407	0 19.0122 1.09857
0.169922 4.87054 4.44445	0 23.8867 1.10257
0.170166 4.43694 4.44791	0 15.1699 1.10723
0.17041 4.45929 4.44987	0 16.3554 1.10528
0.170654 4.45441 4.44915	0 20.0215 1.09273
0.170898 4.79327 4.44489	0 17.5147 1.0692
0.171143 4.28282 4.4367	0 11.1933 1.03713
0.171387 4.5739 4.42478	0 17.4433 1.00066
0.171631 5.13478 4.40988	0 31.5884 0.964553
0.171875 4.08665 4.39314	0 12.1127 0.933128
0.172119 3.97666 4.37588	0 21.3552 0.909491
0.172363 4.12552 4.35938	0 12.0688 0.894846
0.172607 4.53197 4.34463	0 21.0932 0.888179
0.172852 4.34977 4.33221	0 18.0544 0.88652
0.173096 3.8804 4.32221	0 9.42907 0.885908
0.17334 4.19074 4.31434	0 15.5449 0.882939
0.173584 4.46341 4.30798	0 18.3057 0.876366
0.173828 4.82313 4.30244	0 21.4234 0.868012
0.174072 4.04479 4.29706	0 16.3593 0.8624
0.174316 4.52601 4.29137	0 17.5369 0.865083
0.174561 4.1132 4.28514	0 17.0283 0.880349
0.174805 4.36454 4.27836	0 16.179 0.909419
0.175049 4.05635 4.27118	0 20.1836 0.949933
0.175293 4.13506 4.26379	0 17.8429 0.996873
0.175537 4.6958 4.25629	0 21.1807 1.04424
0.175781 4.00917 4.24865	0 15.497 1.08658
0.176025 4.37682 4.24064	0 24.356 1.11974
0.17627 4.04535 4.2319	0 12.7894 1.14096
0.176514 4.09556 4.22198	0 20.1443 1.14862
0.176758 3.73619 4.21055	0 15.6019 1.14229
0.177002 4.98908 4.19748	0 23.2069 1.12298
0.177246 4.7931 4.18301	0 21.1144 1.09324
0.17749 4.03155 4.16775	0 15.7512 1.05682
0.177734 4.01681 4.15267	0 18.4493 1.01789
0.177979 3.75863 4.13897	0 16.5953 0.980462
0.178223 3.92916 4.12784	0 15.1112 0.948324
0.178467 4.17561 4.1203	0 24.2493 0.925507
0.178711 4.12175 4.11698	0 14.3637 0.916555
0.178955 3.97353 4.11802	0 14.0111 0.925841
0.179199 3.62201 4.12303	0 10.4712 0.955841
0.179443 4.45789 4.13121	0 18.6898 1.00516
0.179688 4.11466 4.14143	0 16.2793 1.06753
0.179932 4.45327 4.15251	0 22.7714 1.13263
0.180176 3.79162 4.16334	0 12.1697 1.18851
0.18042 4.43919 4.17309	0 24.6802 1.22475
0.180664 4.36118 4.18129	0 18.8396 1.2351
0.180908 4.00739 4.18786	0 17.5705 1.21882
0.181152 4.57631 4.19304	0 22.673 1.18061
0.181396 4.1531 4.19726	0 20.9112 1.12924
0.181641 4.22552 4.20102	0 16.5447 1.07522
0.181885 3.77874 4.20467	0 14.4358 1.02803
0.182129 4.00527 4.20835	0 14.5594 0.993632
0.182373 4.04758 4.21196	0 15.5274 0.972942
0.182617 4.5662 4.21516	0 19.0764 0.962105
0.182861 4.72466 4.21748	0 23.413 0.954523
0.183105 3.96424 4.21851	0 15.6407 0.943899
0.18335 4.01864 4.21797	0 13.8505 0.927011
0.183594 4.56014 4.21583	0 16.4427 0.904988
0.183838 4.32846 4.21237	0 19.1584 0.882648
0.184082 4.00283 4.20813	0 14.4188 0.866293
0.184326 4.11174 4.20388	0 21.2155 0.861015
0.18457 4.6209 4.20054	0 22.8411 0.868635
0.184814 3.62091 4.19903	0 10.4683 0.886999
0.185059 3.86943 4.20021	0 13.4874 0.910856
0.185303 4.46963 4.20472	0 24.2895 0.933965
0.185547 4.92388 4.21289	0 21.414 0.951635
0.185791 3.85685 4.2246	0 13.3185 0.962631
0.186035 3.97187 4.23922	0 14.3064 0.969503
0.186279 3.61658 4.25557	0 13.0098 0.977077
0.186523 3.69524 4.27209	0 12.4605 0.989803
0.186768 4.74984 4.28697	0 17.8521 1.00942
0.187012 5.18201 4.29849	0 34.9377 1.03422
0.187256 4.67081 4.30531	0 27.0148 1.06021
0.1875 4.44334 4.30673	0 19.0049 1.08334
0.187744 4.01444 4.30291	0 15.7843 1.10143
0.187988 4.84145 4.29479	0 27.684 1.11475
0.188232 3.81675 4.28398	0 20.5066 1.12524
0.188477 4.10535 4.27242	0 18.7355 1.13525
0.188721 4.58804 4.26202	0 19.2307 1.14647
0.188965 4.03793 4.25425	0 20.0476 1.15962
0.189209 4.06452 4.2499	0 18.6215 1.17439
0.189453 3.72258 4.2489	0 16.1619 1.18953
0.189697 4.1572 4.2504	0 18.6462 1.20269
0.189941 4.00383 4.25294	0 12.6258 1.21051
0.190186 4.86274 4.25481	0 21.5947 1.20904
0.19043 4.19877 4.25438	0 22.5059 1.19488
0.190674 4.94151 4.25046	0 17.969 1.16658
0.190918 4.69361 4.24247	0 23.0657 1.12572
0.191162 3.99822 4.23051	0 14.9528 1.07713
0.191406 4.18294 4.21519	0 12.2732 1.02758
0.19165 3.78876 4.19747	0 9.06489 0.983477
0.191895 3.86845 4.17838	0 13.1572 0.948311
0.192139 4.29827 4.1588	0 12.9225 0.921271
0.192383 3.94201 4.13941	0 20.8514 0.897896
0.192627 4.56727 4.12063	0 20.1712 0.87263
0.192871 4.32462 4.10275	0 18.7453 0.84201
0.193115 3.98755 4.08602	0 11.683 0.806736
0.193359 3.82463 4.07076	0 16.2124 0.771461
0.193604 4.20611 4.05736	0 14.9987 0.742391
0.193848 3.81721 4.04628	0 11.4902 0.724059
0.194092 4.06281 4.03789	0 14.1481 0.717037
0.194336 4.11662 4.03235	0 16.8115 0.717827
0.19458 3.45144 4.02951	0 8.84646 0.720898
0.194824 4.46108 4.02879	0 17.6544 0.721646
0.195068 4.14332 4.02926	0 20.4441 0.718599
0.195312 3.12669 4.02974	0 9.934 0.713717
0.195557 4.34498 4.02903	0 15.0595 0.710802
0.195801 4.207 4.02617	0 14.1357 0.71312
0.196045 4.66251 4.02072	0 13.5905 0.721653
0.196289 4.28796 4.0129	0 14.8507 0.734841
0.196533 3.92971 4.00369	0 14.8556 0.749731
0.196777 3.82635 3.9947	0 19.3257 0.763643
0.197021 3.97751 3.98787	0 10.5954 0.775386
0.197266 3.98783 3.98511	0 12.1671 0.785513
0.19751 3.55518 3.98795	0 11.606 0.79571
0.197754 3.30486 3.99717	0 17.8599 0.807864
0.197998 3.87874 4.01269	0 13.993 0.823297
0.198242 3.97787 4.03352	0 16.2515 0.842405
0.198486 4.17939 4.05802	0 11.5947 0.864648
0.19873 4.3756 4.08413	0 15.5779 0.888767
0.198975 4.17839 4.10977	0 13.6504 0.913129
0.199219 4.693 4.13303	0 18.5556 0.936111
0.199463 4.28043 4.15246	0 20.8954 0.956405
0.199707 3.49724 4.16705	0 12.3669 0.97308
0.199951 4.62598 4.17625	0 14.7789 0.985412
0.200195 3.86983 4.17991	0 10.945 0.992678
0.200439 4.57066 4.17819	0 17.3102 0.994217
0.200684 4.17715 4.17158	0 12.0072 0.989864
0.200928 3.8029 4.16088	0 16.19 0.980528
0.201172 4.83886 4.14724	0 28.311 0.968464
0.201416 4.5254 4.13214	0 19.5266 0.956922
0.20166 3.85639 4.11728	0 19.4928 0.949221
0.201904 4.02227 4.10442	0 18.7103 0.947687
0.202148 3.80747 4.09514	0 14.861 0.953003
0.202393 3.52331 4.09059	0 16.1767 0.964286
0.202637 4.22931 4.0913	0 18.7876 0.979864
0.202881 3.51297 4.09704	0 11.4627 0.998408
0.203125 4.54147 4.10691	0 15.6946 1.01991
0.203369 3.75727 4.11944	0 11.0868 1.04597
0.203613 4.6178 4.13286	0 19.5151 1.07896
0.203857 4.46663 4.14531	0 17.5134 1.12031
0.204102 4.00767 4.15515	0 19.6391 1.16848
0.204346 4.27809 4.1611	0 15.2922 1.21793
0.20459 3.77089 4.16241	0 18.2944 1.2601
0.204834 4.47288 4.15889	0 23.6532 1.2861
0.205078 4.77068 4.1509	0 24.3624 1.29024
0.205322 3.63374 4.13929	0 10.4026 1.27224
0.205566 4.46384 4.12526	0 20.4836 1.23726
0.205811 4.27841 4.1102	0 16.0898 1.19369
0.206055 4.05064 4.09549	0 16.2287 1.14997
0.206299 3.75645 4.08226	0 13.8194 1.11196
0.206543 3.74177 4.07132	0 16.4158 1.08173
0.206787 3.79339 4.06299	0 11.3064 1.05784
0.207031 3.84102 4.05714	0 18.3437 1.0365
0.207275 4.43138 4.0533	0 19.9121 1.01328
0.20752 4.36281 4.05075	0 17.1365 0.984657
0.207764 4.25343 4.0487	0 16.7103 0.949299
0.208008 4.3033 4.04641	0 20.0481 0.908445
0.208252 3.39252 4.04324	0 11.9628 0.865451
0.208496 4.07371 4.03871	0 14.8019 0.824547
0.20874 3.59944 4.03251	0 13.7435 0.789365
0.208984 4.34507 4.0245	0 13.2567 0.761836
0.209229 4.24287 4.01474	0 10.7591 0.741895
0.209473 4.63855 4.00347	0 22.4698 0.728021
0.209717 3.81492 3.99111	0 10.731 0.718302
0.209961 3.79373 3.97819	0 9.03225 0.711527
0.210205 3.88907 3.96527	0 14.5832 0.707809
0.210449 3.6341 3.95281	0 14.63 0.7085
0.210693 3.86652 3.94103	0 12.0244 0.715436
0.210938 4.06685 3.92991	0 12.6779 0.729845
0.211182 3.81991 3.91919	0 15.3663 0.751391
0.211426 3.75459 3.90842	0 11.5018 0.777758
0.21167 4.45286 3.89712	0 20.5241 0.804943
0.211914 4.09459 3.88497	0 19.232 0.828155
0.212158 3.41727 3.87183	0 10.5087 0.843019
0.212402 3.98164 3.85791	0 13.9923 0.846667
0.212646 3.93509 3.84367	0 18.6602 0.838372
0.212891 3.91623 3.82981	0 11.7302 0.819562
0.213135 3.66193 3.81712	0 14.0897 0.793268
0.213379 3.80013 3.80636	0 12.6051 0.763274
0.213623 3.54581 3.79817	0 15.2547 0.733338
0.213867 3.73026 3.79293	0 11.738 0.706744
0.214111 3.78665 3.79072	0 15.714 0.686227
0.214355 3.80942 3.79136	0 16.8897 0.674083
0.2146 3.6794 3.79438	0 10.7844 0.672147
0.214844 3.94912 3.7991	0 15.1069 0.681432
0.215088 3.53715 3.80468	0 10.5767 0.70146
0.215332 4.01433 3.8102	0 16.6395 0.729603
0.215576 4.12069 3.81476	0 30.8572 0.760906
0.21582 3.24222 3.81753	0 10.8563 0.788725
0.216064 4.22542 3.81789	0 20.6803 0.806269
0.216309 3.46144 3.81548	0 13.061 0.808694
0.216553 4.37513 3.81029	0 20.4363 0.795059
0.216797 4.28356 3.80273	0 16.4662 0.76931
0.217041 3.34045 3.79357	0 10.3998 0.739678
0.217285 3.53984 3.78394	0 8.4241 0.716495
0.217529 4.1378 3.77516	0 14.5769 0.709103
0.217773 3.71779 3.76865	0 13.9634 0.722965
0.218018 3.51142 3.76571	0 14.7688 0.758058
0.218262 3.52341 3.76745	0 15.5858 0.80906
0.218506 3.3794 3.77465	0 10.6584 0.867179
0.21875 4.03598 3.78772	0 13.6811 0.92288
0.218994 3.92716 3.80664	0 16.7736 0.968467
0.219238 3.6638 3.831	0 10.7904 0.999625
0.219482 3.71401 3.85997	0 13.7378 1.0155
0.219727 4.11643 3.89236	0 13.2108 1.01764
0.219971 3.48266 3.92664	0 11.5616 1.00861
0.220215 3.79718 3.96103	0 11.3369 0.991256
0.220459 3.80644 3.99364	0 21.3442 0.968802
0.220703 4.73773 4.02258	0 25.4047 0.945277
0.220947 4.08054 4.04619	0 16.1453 0.925413
0.221191 4.58054 4.06311	0 18.219 0.913499
0.221436 4.12987 4.07247	0 17.1694 0.911608
0.22168 4.15275 4.07384	0 13.9504 0.918277
0.221924 3.73224 4.06735	0 12.7308 0.928593
0.222168 4.41483 4.05355	0 15.9216 0.935868
0.222412 3.82049 4.03346	0 18.1074 0.934164
0.222656 4.31711 4.00846	0 19.2449 0.920434
0.2229 3.94333 3.98034	0 11.8777 0.895408
0.223145 4.32246 3.95116	0 21.2299 0.862995
0.223389 4.0809 3.92321	0 18.4991 0.828722
0.223633 3.55963 3.89881	0 10.3708 0.797989
0.223877 3.76368 3.88008	0 17.6804 0.774782
0.224121 3.40169 3.86866	0 12.6079 0.761127
0.224365 3.36672 3.86552	0 12.9377 0.757217
0.224609 3.63877 3.87067	0 15.819 0.761912
0.224854 4.33259 3.88317	0 17.7816 0.773292
0.225098 3.70614 3.90115	0 12.0388 0.78908
0.225342 3.72772 3.92202	0 13.9849 0.806926
0.225586 3.89131 3.94282	0 10.6807 0.824708
0.22583 3.77152 3.96064	0 12.5388 0.840922
0.226074 4.47197 3.97301	0 22.1195 0.855031
0.226318 4.55918 3.97832	0 25.5252 0.867491
0.226562 4.34174 3.97605	0 18.6805 0.879227
0.226807 4.33401 3.96678	0 15.8512 0.890684
0.227051 3.99076 3.95215	0 18.2929 0.900927
0.227295 3.66458 3.93445	0 13.1741 0.907374
0.227539 3.54164 3.91632	0 15.2845 0.906428
0.227783 3.63169 3.90024	0 12.1761 0.894843
0.228027 3.88798 3.88819	0 24.1739 0.871216
0.228271 3.58347 3.88147	0 13.5976 0.836951
0.228516 3.69541 3.88058	0 16.0034 0.796304
0.22876 4.01189 3.8853	0 22.1081 0.755513
0.229004 3.7512 3.89487	0 11.9582 0.721368
0.229248 4.23707 3.90813	0 24.3826 0.699727
0.229492 4.13145 3.92371	0 20.9186 0.694427
0.229736 3.86103 3.94011	0 16.3254 0.706782
0.22998 3.51368 3.95577	0 9.4368 0.735646
0.230225 3.90348 3.96914	0 17.0867 0.777784
0.230469 3.98632 3.97875	0 15.9887 0.8283
0.230713 3.72904 3.98336	0 14.1805 0.881049
0.230957 4.89805 3.98211	0 29.221 0.92919
0.231201 4.69737 3.9747	0 22.514 0.966159
0.231445 3.59079 3.96143	0 20.6165 0.98713
0.231689 4.1558 3.94327	0 20.1441 0.990588
0.231934 3.59945 3.92169	0 10.7206 0.979266
0.232178 4.24139 3.89844	0 28.0687 0.959743
0.232422 3.48134 3.87531	0 8.04788 0.94051
0.232666 3.37908 3.85381	0 12.066 0.929141
0.23291 3.96686 3.83499	0 22.212 0.929718
0.233154 4.05655 3.81934	0 11.318 0.941634
0.233398 3.56174 3.80676	0 11.0594 0.960247
0.233643 3.71011 3.79671	0 9.95143 0.979013
0.233887 3.52104 3.78837	0 10.6266 0.992072
0.234131 4.23724 3.78084	0 23.2452 0.996181
0.234375 3.94238 3.77336	0 11.7131 0.991295
0.234619 3.55968 3.76542	0 12.3386 0.979764
0.234863 3.85351 3.75685	0 11.5254 0.964765
0.235107 3.79219 3.74786	0 13.7744 0.948839
0.235352 3.85335 3.73892	0 12.3936 0.933253
0.235596 3.57931 3.73064	0 13.2986 0.918383
0.23584 3.82096 3.72362	0 13.2367 0.904701
0.236084 3.51325 3.71828	0 9.79901 0.893672
0.236328 3.33732 3.71475	0 11.7936 0.887881
0.236572 4.06629 3.71282	0 17.8706 0.890203
0.236816 3.36772 3.71201	0 10.424 0.902317
0.237061 3.64 3.71166	0 12.1065 0.923313
0.237305 3.92476 3.71117	0 15.626 0.949145
0.237549 3.73746 3.71013	0 13.6267 0.973397
0.237793 4.46524 3.70853	0 17.7699 0.989176
0.238037 3.41822 3.70672	0 12.9504 0.991429
0.238281 3.67134 3.70542	0 22.3415 0.978648
0.238525 3.59127 3.70549	0 10.6564 0.95322
0.23877 3.42135 3.70778	0 11.7976 0.920309
0.239014 3.79644 3.71284	0 16.3586 0.885877
0.239258 3.08763 3.72081	0 6.29387 0.854878
0.239502 3.65004 3.73133	0 12.1717 0.830411
0.239746 4.04735 3.74363	0 17.3 0.813994
0.23999 4.14737 3.75661	0 11.206 0.806392
0.240234 4.06781 3.76907	0 13.7887 0.80813
0.240479 3.28802 3.77993	0 10.5772 0.81914
0.240723 3.55031 3.78838	0 11.9081 0.837721
0.240967 4.11894 3.79409	0 22.7989 0.859562
0.241211 4.18437 3.79722	0 16.1958 0.877711
0.241455 3.53939 3.79845	0 14.3887 0.883881
0.241699 4.22641 3.79887	0 14.8696 0.870793
0.241943 3.75235 3.79981	0 14.7639 0.834708
0.242188 3.86818 3.8026	0 13.4159 0.777181
0.242432 3.21113 3.8083	0 12.0242 0.705356
0.242676 3.57388 3.81746	0 11.9603 0.6306
0.24292 3.75431 3.82995	0 13.6795 0.565815
0.243164 3.54632 3.84498	0 11.5476 0.522155
0.243408 4.12515 3.86111	0 11.0604 0.506133
0.243652 3.77705 3.87655	0 14.6364 0.518056
0.243896 4.17864 3.88942	0 15.7321 0.55231
0.244141 4.40869 3.89804	0 21.8176 0.599382
0.244385 4.10374 3.90122	0 13.0139 0.648849
0.244629 3.72894 3.89837	0 10.4923 0.692271
0.244873 3.99526 3.88959	0 18.5582 0.725096
0.245117 3.71503 3.8756	0 15.831 0.747176
0.245361 4.19485 3.85762	0 14.5112 0.761966
0.245605 3.67356 3.83721	0 15.3955 0.774814
0.24585 4.00224 3.81611	0 14.6438 0.790866
0.246094 3.81592 3.79603	0 13.5744 0.813187
0.246338 3.36515 3.77857	0 8.5775 0.841656
0.246582 3.7969 3.76502	0 14.5586 0.87302
0.246826 3.72177 3.7563	0 13.6127 0.902136
0.24707 3.52692 3.75286	0 13.8785 0.923913
0.247314 3.43554 3.75461	0 12.5451 0.935179
0.247559 3.96285 3.76095	0 18.0658 0.93568
0.247803 3.85665 3.7708	0 15.5362 0.927805
0.248047 3.52019 3.78271	0 9.87384 0.915188
0.248291 3.88809 3.795	0 15.5355 0.900866
0.248535 3.39468 3.80603	0 12.2593 0.885877
0.248779 4.18785 3.81433	0 13.7878 0.868983
0.249023 4.29023 3.81889	0 15.7455 0.847625
0.249268 4.0465 3.81929	0 14.5846 0.819626
0.249512 3.99073 3.81575	0 15.6697 0.784779
0.249756 3.51626 3.8091	0 8.95223 0.745566
0.25 3.96577 3.80064	0 11.3688 0.706701
0.250244 3.73494 3.7919	0 15.7646 0.67373
0.250488 3.60093 3.78435	0 14.3636 0.65128
0.250732 3.68357 3.77921	0 14.1396 0.641582
0.250977 3.36519 3.7772	0 10.2509 0.643759
0.251221 3.67946 3.77852	0 13.4836 0.654129
0.251465 4.20226 3.7828	0 18.3166 0.667409
0.251709 3.52004 3.78924	0 15.9868 0.678446
0.251953 3.86444 3.79675	0 17.6558 0.683852
0.252197 3.62996 3.80416	0 11.0317 0.682928
0.252441 4.32842 3.81037	0 19.3091 0.677578
0.252686 3.71426 3.81449	0 14.4787 0.671306
0.25293 3.9178 3.8159	0 15.6215 0.667827
0.253174 3.54235 3.81428	0 10.7065 0.669886
0.253418 4.15319 3.80959	0 20.1373 0.67867
0.253662 3.84843 3.80201	0 14.3255 0.6938
0.253906 3.85384 3.79189	0 11.0248 0.713612
0.25415 3.92308 3.77971	0 14.2751 0.735436
0.254395 3.27222 3.76606	0 13.8014 0.755863
0.254639 3.51159 3.75165	0 11.5602 0.771172
0.254883 4.22964 3.73727	0 22.1205 0.778066
0.255127 4.18086 3.72383	0 13.6593 0.77454
0.255371 3.64057 3.71226	0 16.1382 0.760468
0.255615 3.45052 3.7035	0 9.32079 0.73757
0.255859 3.13885 3.69828	0 9.356 0.708809
0.256104 3.74003 3.69708	0 13.4353 0.677622
0.256348 3.49323 3.69993	0 13.2871 0.64741
0.256592 3.79891 3.70642	0 10.6815 0.621358
0.256836 4.05435 3.71565	0 14.213 0.602311
0.25708 3.27889 3.72632	0 9.45223 0.592376
0.257324 3.59437 3.73692	0 17.8197 0.592236
0.257568 4.0705 3.74595	0 13.6948 0.60056
0.257812 3.65949 3.75214	0 10.802 0.614047
0.258057 3.88836 3.75464	0 10.5755 0.6283
0.258301 4.42519 3.75319	0 18.9605 0.639262
0.258545 4.0066 3.74813	0 13.9046 0.644552
0.258789 3.36393 3.74031	0 13.2039 0.6441
0.259033 3.56843 3.73092	0 9.20436 0.639857
0.259277 3.6425 3.72124	0 17.676 0.634809
0.259521 3.85752 3.7124	0 14.071 0.631787
0.259766 3.31481 3.70519	0 13.1611 0.632531
0.26001 3.63919 3.69993	0 12.7482 0.637305
0.260254 3.49195 3.69652	0 17.5643 0.645106
0.260498 3.83733 3.69451	0 14.609 0.654304
0.260742 3.96643 3.69326	0 12.2776 0.663406
0.260986 3.58109 3.69217	0 10.4249 0.671572
0.26123 4.35246 3.69078	0 16.9253 0.678685
0.261475 3.16116 3.68885	0 8.54233 0.685007
0.261719 3.65599 3.6864	0 13.0732 0.690703
0.261963 3.408 3.68362	0 12.0278 0.695546
0.262207 4.2564 3.6808	0 19.1232 0.698989
0.262451 3.23182 3.67821	0 12.7769 0.70049
0.262695 3.8718 3.67604	0 16.2706 0.699853
0.262939 3.61299 3.67437	0 11.9521 0.697369
0.263184 3.68087 3.67321	0 11.4754 0.693754
0.263428 3.22188 3.67249	0 10.3034 0.689979
0.263672 4.03738 3.67218	0 13.9992 0.687135
0.263916 4.07503 3.67233	0 13.9201 0.686313
0.26416 3.28693 3.67308	0 7.87336 0.688445
0.264404 3.86122 3.67464	0 13.7711 0.694094
0.264648 3.67002 3.6772	0 10.0044 0.703272
0.264893 3.38797 3.68086	0 10.2459 0.715388
0.265137 3.66285 3.68549	0 11.7402 0.729346
0.265381 3.80739 3.69066	0 13.8715 0.743704
0.265625 3.51954 3.69568	0 9.19226 0.756795
0.265869 3.56855 3.69971	0 7.49535 0.76684
0.266113 3.50125 3.70192	0 10.8446 0.772161
0.266357 4.17829 3.70172	0 18.7751 0.771601
0.266602 4.12099 3.69898	0 19.7541 0.765111
0.266846 3.88738 3.69418	0 16.375 0.754247
0.26709 3.85212 3.68834	0 14.8064 0.742237
0.267334 3.56503 3.68289	0 9.86689 0.73336
0.267578 3.22124 3.67935	0 9.61587 0.731659
0.267822 3.66115 3.67902	0 9.95816 0.73941
0.268066 3.36514 3.68268	0 9.15458 0.755976
0.268311 3.25135 3.69036	0 12.4096 0.777673
0.268555 3.3359 3.70138	0 11.5469 0.798866
0.268799 4.15739 3.7145	0 22.0918 0.813943
0.269043 3.92652 3.72817	0 10.6938 0.819329
0.269287 4.23343 3.74093	0 19.6194 0.814613
0.269531 3.94012 3.75161	0 19.6146 0.802301
0.269775 3.67969 3.75955	0 11.258 0.786382
0.27002 3.81285 3.76455	0 13.0707 0.770533
0.270264 3.50769 3.76681	0 8.60181 0.756857
0.270508 3.74236 3.76672	0 13.4726 0.745671
0.270752 3.43424 3.76468	0 12.1585 0.73625
0.270996 4.42995 3.76101	0 13.8809 0.727939
0.27124 3.17377 3.7559	0 9.4717 0.721012
0.271484 4.01717 3.74947	0 13.9656 0.716841
0.271729 3.6011 3.74192	0 13.471 0.717381
0.271973 4.19025 3.73359	0 18.12 0.724247
0.272217 4.35125 3.72504	0 17.9325 0.737824
0.272461 3.02622 3.71704	0 7.42959 0.756803
0.272705 3.54952 3.71044	0 18.4909 0.778365
0.272949 3.2996 3.70603	0 15.4028 0.798971
0.273193 4.18963 3.70442	0 15.4588 0.815494
0.273438 3.39145 3.70585	0 13.0966 0.82624
0.273682 3.15571 3.71023	0 7.5963 0.831441
0.273926 4.32629 3.71707	0 15.5022 0.832994
0.27417 3.80238 3.7256	0 13.1262 0.833531
0.274414 3.78989 3.73491	0 10.9618 0.835222
0.274658 3.35961 3.74407	0 11.4349 0.838903
0.274902 3.76604 3.75229	0 16.1845 0.843942
0.275146 3.68195 3.75897	0 8.64554 0.848945
0.275391 4.12722 3.7638	0 13.1439 0.852894
0.275635 4.45364 3.7667	0 21.6108 0.856089
0.275879 3.49748 3.76778	0 9.29309 0.860324
0.276123 3.53635 3.76725	0 7.63235 0.868185
0.276367 3.28864 3.76529	0 10.1481 0.881842
0.276611 3.91377 3.76201	0 14.8164 0.901937
0.276855 3.54222 3.75738	0 12.0599 0.927053
0.2771 4.35781 3.75132	0 18.2365 0.953869
0.277344 3.8848 3.7437	0 19.6058 0.97783
0.277588 3.5945 3.73452	0 11.2184 0.994061
0.277832 3.57683 3.72391	0 17.9185 0.998343
0.278076 4.01607 3.71221	0 24.2451 0.988099
0.27832 3.73021 3.69993	0 16.9877 0.963255
0.278564 3.39459 3.68773	0 17.3081 0.926747
0.278809 3.83191 3.67629	0 11.0134 0.884329
0.279053 3.26641 3.66626	0 9.03682 0.84347
0.279297 3.94299 3.65822	0 14.3017 0.811465
0.279541 3.46987 3.6526	0 7.50673 0.793315
0.279785 3.70878 3.64972	0 15.3712 0.790159
0.280029 3.80779 3.6498	0 17.5936 0.79896
0.280273 3.18847 3.65298	0 7.91334 0.813634
0.280518 3.74804 3.65928	0 15.8724 0.827219
0.280762 3.69622 3.66864	0 16.1593 0.834199
0.281006 4.0616 3.68081	0 20.037 0.832105
0.28125 3.27211 3.69538	0 11.0761 0.821884
0.281494 3.29734 3.71169	0 12.5789 0.807063
0.281738 3.86061 3.72887	0 15.1315 0.792201
0.281982 3.51708 3.74589	0 14.934 0.78121
0.282227 4.4213 3.76162	0 17.368 0.77608
0.282471 3.88379 3.77491	0 15.3832 0.776331
0.282715 3.64919 3.78473	0 10.7649 0.779361
0.282959 4.04498 3.79024	0 11.2799 0.781599
0.283203 3.45564 3.79087	0 13.1562 0.780092
0.283447 3.83593 3.78631	0 14.1869 0.773888
0.283691 3.92405 3.77663	0 16.8936 0.764515
0.283936 4.4122 3.76218	0 15.826 0.755276
0.28418 3.60006 3.74368	0 16.7226 0.749613
0.284424 3.83041 3.72212	0 11.0926 0.749378
0.284668 3.25144 3.69878	0 12.3823 0.753895
0.284912 3.59219 3.67517	0 9.46063 0.760272
0.285156 3.75527 3.65293	0 14.5281 0.764769
0.2854 4.15674 3.63379	0 12.582 0.764494
0.285645 3.56987 3.6194	0 10.4748 0.758646
0.285889 2.76369 3.61122	0 8.41944 0.748825
0.286133 3.63909 3.61031	0 10.34 0.738419
0.286377 3.3228 3.61721	0 14.6336 0.731399
0.286621 3.7905 3.63173	0 12.3577 0.730996
0.286865 3.6424 3.65293	0 20.2784 0.738663
0.287109 3.17845 3.67912	0 9.80074 0.753607
0.287354 3.71965 3.70792	0 14.1204 0.773019
0.287598 3.47951 3.73661	0 16.9609 0.792964
0.287842 3.87164 3.76237	0 14.4772 0.809684
0.288086 3.99608 3.78272	0 12.3933 0.820851
0.28833 4.95784 3.79584	0 29.2654 0.826277
0.288574 3.99745 3.80086	0 14.4429 0.827718
0.288818 3.75854 3.79791	0 10.1073 0.827859
0.289062 3.55766 3.78807	0 14.6165 0.828966
0.289307 3.99981 3.77314	0 12.6006 0.831884
0.289551 3.54094 3.7553	0 12.5347 0.835882
0.289795 3.52147 3.73672	0 15.1295 0.839344
0.290039 3.83702 3.71927	0 15.4947 0.840827
0.290283 3.6049 3.7043	0 9.93778 0.839886
0.290527 3.37001 3.6925	0 10.074 0.837217
0.290771 3.3509 3.68403	0 11.8168 0.834133
0.291016 4.11535 3.6786	0 20.7324 0.831728
0.29126 3.52767 3.67569	0 8.62335 0.830203
0.291504 3.98486 3.67478	0 11.9049 0.828719
0.291748 3.64664 3.67546	0 13.8182 0.825786
0.291992 3.67884 3.67753	0 13.0259 0.819968
0.292236 3.64491 3.68095	0 11.3503 0.810512
0.29248 3.39561 3.68578	0 10.404 0.797573
0.292725 4.17026 3.69201	0 15.4543 0.781961
0.292969 2.8208 3.69951	0 5.73447 0.764604
0.293213 4.25988 3.7079	0 21.9949 0.746099
0.293457 3.2449 3.71657	0 14.1041 0.726667
0.293701 3.78139 3.7248	0 17.4885 0.70653
0.293945 4.21663 3.73183	0 12.1068 0.686424
0.294189 4.1093 3.73705	0 16.9193 0.667819
0.294434 3.13107 3.74012	0 10.5513 0.65263
0.294678 3.97168 3.74107	0 12.3087 0.642574
0.294922 4.14387 3.74031	0 11.8861 0.63864
0.295166 3.36556 3.73856	0 12.8409 0.641035
0.29541 3.77766 3.73674	0 14.1428 0.649634
0.295654 3.95572 3.7358	0 14.6352 0.66454
0.295898 3.42132 3.73652	0 7.55499 0.686259
0.296143 3.58811 3.73932	0 16.686 0.715297
0.296387 3.77135 3.74419	0 16.2931 0.751397
0.296631 3.62524 3.75058	0 11.1496 0.792891
0.296875 3.49594 3.75746	0 18.7114 0.836482
0.297119 4.03967 3.76348	0 17.7679 0.877522
0.297363 3.95519 3.76715	0 12.5425 0.910606
0.297607 3.38576 3.76713	0 13.5371 0.930366
0.297852 4.11111 3.76254	0 17.6767 0.932421
0.298096 4.42223 3.75311	0 16.5867 0.914467
0.29834 4.04339 3.73935	0 13.8224 0.877282
0.298584 3.43795 3.72249	0 9.27329 0.825261
0.298828 3.53275 3.70434	0 9.73899 0.766087
0.299072 3.81141 3.68697	0 13.8162 0.709423
0.299316 3.37178 3.67241	0 11.6207 0.664862
0.299561 3.6147 3.66226	0 12.0125 0.639715
0.299805 3.20222 3.65741	0 11.337 0.637263
0.300049 3.56826 3.65792	0 11.4318 0.656061
0.300293 3.45791 3.66297	0 11.2326 0.690492
0.300537 3.67399 3.67105	0 12.7955 0.732412
0.300781 3.65718 3.68018	0 12.984 0.773305
0.301025 4.20904 3.6883	0 20.6147 0.806223
0.30127 3.71605 3.69358	0 13.1091 0.826918
0.301514 3.5075 3.69471	0 9.69697 0.833981
0.301758 4.47916 3.69109	0 28.7389 0.828221
0.302002 3.82427 3.6829	0 16.1325 0.811797
0.302246 3.19312 3.67101	0 10.9903 0.787512
0.30249 3.37695 3.65679	0 9.14479 0.758469
0.302734 4.29109 3.6419	0 15.6465 0.728016
0.302979 3.81896 3.62801	0 13.596 0.699742
0.303223 2.86533 3.61657	0 5.3077 0.677285
0.303467 3.24051 3.60863	0 11.0267 0.663829
0.303711 3.58001 3.60481	0 9.77182 0.661336
0.303955 3.54178 3.60523	0 9.17395 0.669777
0.304199 4.01594 3.60968	0 12.9595 0.68675
0.304443 3.89727 3.61768	0 15.2078 0.707811
0.304688 3.21266 3.62862	0 9.10381 0.727621
0.304932 3.21885 3.64191	0 9.06175 0.741553
0.305176 3.72778 3.65704	0 10.827 0.747144
0.30542 4.02308 3.6736	0 14.0254 0.744741
0.305664 3.97891 3.69133	0 14.7022 0.737031
0.305908 3.35686 3.71002	0 10.3702 0.727738
0.306152 3.51617 3.72954	0 10.4532 0.720143
0.306396 3.72021 3.74968	0 9.76287 0.716195
0.306641 4.07348 3.77017	0 15.4739 0.716523
0.306885 3.88691 3.79058	0 17.6723 0.721118
0.307129 3.31191 3.81031	0 13.6159 0.730023
0.307373 3.9885 3.82858	0 16.53 0.743446
0.307617 3.73698 3.84451	0 11.6917 0.76117
0.307861 4.40867 3.85714	0 20.4522 0.781727
0.308105 3.71008 3.86556	0 11.6542 0.802043
0.30835 3.85642 3.86899	0 15.4027 0.818014
0.308594 3.99976 3.86687	0 17.7479 0.825851
0.308838 4.3909 3.85894	0 17.4875 0.823501
0.309082 3.30253 3.84532	0 12.0661 0.811422
0.309326 4.28515 3.8265	0 16.3378 0.792378
0.30957 3.91269 3.80339	0 13.2717 0.770515
0.309814 3.30704 3.77719	0 11.2096 0.750218
0.310059 4.31677 3.74934	0 17.5742 0.735135
0.310303 3.85319 3.72137	0 16.3344 0.727476
0.310547 3.59972 3.69467	0 15.6911 0.727539
0.310791 3.27315 3.67033	0 8.79078 0.733501
0.311035 3.56113 3.64903	0 14.809 0.74165
0.311279 2.92898 3.63095	0 10.8737 0.747226
0.311523 3.64049 3.61578	0 15.2274 0.745756
0.311768 3.86837 3.60292	0 22.742 0.734492
0.312012 4.32958 3.59166	0 19.7607 0.713372
0.312256 3.31775 3.58136	0 8.52553 0.685104
0.3125 3.58581 3.57171	0 14.5015 0.654315
0.312744 3.4094 3.56277	0 9.58912 0.626109
0.312988 3.5118 3.55498	0 8.36093 0.60462
0.313232 3.65402 3.54909	0 8.6224 0.592065
0.313477 3.4145 3.54597	0 11.832 0.588576
0.313721 3.73627 3.54645	0 17.5836 0.592736
0.313965 3.03812 3.55109	0 8.30207 0.60248
0.314209 3.48815 3.56007	0 12.5067 0.61595
0.314453 3.42208 3.57314	0 10.3151 0.631986
0.314697 3.52242 3.58955	0 11.499 0.650154
0.314941 3.89923 3.6082	0 11.67 0.67047
0.315186 3.4302 3.6277	0 13.8096 0.693074
0.31543 3.67667 3.64653	0 10.8284 0.718044
0.315674 3.80661 3.66325	0 19.5784 0.745356
0.315918 3.79687 3.67661	0 11.5678 0.77478
0.316162 3.76467 3.68568	0 15.7575 0.805605
0.316406 3.72646 3.69001	0 13.3359 0.836248
0.31665 3.88875 3.6896	0 14.6243 0.864085
0.316895 3.83586 3.68494	0 13.4241 0.885855
0.317139 3.6514 3.67693	0 8.48381 0.898671
0.317383 3.86721 3.66673	0 15.8078 0.901224
0.317627 3.32221 3.65566	0 13.2965 0.894496
0.317871 3.73489 3.64495	0 11.2025 0.88147
0.318115 3.62996 3.6356	0 11.3054 0.86586
0.318359 3.38214 3.62829	0 12.3625 0.850538
0.318604 3.26119 3.62324	0 8.98646 0.836487
0.318848 4.03974 3.62027	0 25.4521 0.822843
0.319092 3.21315 3.61891	0 14.8368 0.807868
0.319336 3.69075 3.61849	0 13.7108 0.790206
0.31958 4.12556 3.6183	0 14.9883 0.769758
0.319824 3.38201 3.61776	0 9.85869 0.747834
0.320068 3.78258 3.61645	0 12.7173 0.726708
0.320312 3.65408 3.61413	0 11.3139 0.708834
0.320557 3.73534 3.61072	0 11.3387 0.695986
0.320801 3.10808 3.60621	0 12.738 0.688503
0.321045 3.82987 3.60056	0 15.8483 0.684877
0.321289 3.53657 3.59366	0 11.237 0.681965
0.321533 3.09861 3.58534	0 7.36901 0.675944
0.321777 4.38736 3.5754	0 23.1093 0.663748
0.322021 3.92248 3.56372	0 12.0209 0.644424
0.322266 2.94171 3.55031	0 7.68359 0.619706
0.32251 3.60121 3.53543	0 14.5378 0.593478
0.322754 3.64334 3.51963	0 12.521 0.570307
0.322998 3.54187 3.50377	0 10.9576 0.553732
0.323242 3.50533 3.48893	0 10.2018 0.545067
0.323486 3.43254 3.47635	0 8.71373 0.543237
0.32373 3.45129 3.46724	0 10.6383 0.545613
0.323975 3.54653 3.46261	0 13.4589 0.549394
0.324219 3.01355 3.46309	0 7.76806 0.552896
0.324463 3.24322 3.46878	0 8.64582 0.556226
0.324707 3.33797 3.47913	0 9.93892 0.561087
0.324951 3.46959 3.49302	0 13.0484 0.569848
0.325195 3.5 3.50888	0 10.5789 0.584287
0.325439 3.04941 3.52491	0 9.87267 0.604587
0.325684 4.35268 3.5394	0 14.8444 0.629069
0.325928 3.72276 3.55101	0 9.29873 0.654761
0.326172 3.84988 3.55903	0 11.9414 0.678497
0.326416 3.64569 3.56344	0 11.8642 0.697961
0.32666 3.64325 3.56495	0 12.0507 0.712218
0.326904 3.14736 3.56476	0 11.3943 0.721638
0.327148 3.63471 3.5644	0 11.3534 0.727451
0.327393 3.49523 3.56536	0 10.402 0.731288
0.327637 3.70861 3.56888	0 11.188 0.734946
0.327881 2.88249 3.57572	0 10.4276 0.740371
0.328125 3.65183 3.58601	0 12.057 0.74964
0.328369 3.71876 3.59929	0 15.6324 0.764734
0.328613 3.7075 3.61449	0 8.05109 0.786966
0.328857 3.6606 3.63009	0 12.5089 0.816262
0.329102 3.37588 3.64431	0 11.8012 0.850627
0.329346 3.70975 3.65535	0 13.4773 0.8862
0.32959 3.82166 3.66159	0 21.3619 0.918055
0.329834 3.90765 3.66189	0 14.1171 0.941503
0.330078 3.96329 3.65578	0 13.5018 0.95343
0.330322 3.60854 3.64358	0 25.1847 0.953151
0.330566 4.09654 3.62642	0 12.7069 0.942486
0.330811 3.85739 3.60613	0 16.7411 0.925085
0.331055 3.57397 3.58495	0 14.4506 0.905243
0.331299 3.12077 3.56527	0 13.3472 0.886602
0.331543 2.93099 3.54924	0 7.27709 0.871179
0.331787 3.28845 3.53851	0 11.4766 0.859053
0.332031 3.57339 3.53404	0 15.2508 0.848875
0.332275 3.5329 3.53612	0 11.0312 0.838981
0.33252 3.35544 3.54443	0 9.86247 0.828604
0.332764 4.02237 3.5582	0 13.6366 0.818568
0.333008 3.21268 3.5764	0 11.6085 0.811077
0.333252 3.83999 3.59785	0 12.1637 0.808689
0.333496 3.7053 3.62136	0 18.4162 0.812991
0.33374 3.36568 3.64568	0 10.4815 0.823659
0.333984 3.18716 3.66957	0 9.34145 0.838328
0.334229 3.96943 3.69181	0 18.4503 0.853235
0.334473 3.98496 3.7113	0 12.9064 0.86425
0.334717 3.72545 3.72719	0 10.9717 0.86784
0.334961 3.64866 3.73905	0 16.3042 0.86171
0.335205 4.15061 3.74694	0 15.8613 0.845088
0.335449 4.42968 3.75146	0 20.5447 0.81875
0.335693 3.70879 3.75362	0 13.4289 0.78489
0.335938 3.67569 3.75457	0 13.1761 0.746932
0.336182 3.10064 3.75539	0 9.59472 0.70933
0.336426 3.42695 3.7567	0 16.4613 0.677319
0.33667 3.34414 3.75862	0 9.55609 0.65644
0.336914 3.9442 3.76061	0 13.7708 0.651662
0.337158 4.30023 3.76171	0 14.9351 0.666141
0.337402 3.76084 3.76074	0 12.2776 0.700042
0.337646 4.1239 3.7566	0 18.3617 0.750018
0.337891 4.22176 3.7485	0 23.5779 0.809679
0.338135 3.34384 3.73614	0 7.75768 0.870921
0.338379 3.6771 3.71969	0 14.4092 0.92556
0.338623 3.53627 3.69977	0 16.8872 0.966734
0.338867 4.03762 3.67725	0 25.4199 0.989841
0.339111 3.48963 3.65317	0 13.8092 0.993049
0.339355 3.34361 3.62857	0 13.1366 0.977478
0.3396 4.07262 3.60447	0 17.6175 0.946979
0.339844 3.25918 3.58177	0 8.78225 0.907427
0.340088 3.81114 3.5613	0 13.534 0.865562
0.340332 3.69103 3.54375	0 11.9851 0.827687
0.340576 2.81591 3.52973	0 12.1661 0.798606
0.34082 3.38955 3.51966	0 10.6535 0.781012
0.341064 3.93625 3.51379	0 12.0858 0.775283
0.341309 3.22749 3.51218	0 12.8215 0.779488
0.341553 3.48254 3.51465	0 10.4052 0.789539
0.341797 3.6268 3.52079	0 13.3114 0.79971
0.342041 3.33354 3.53002	0 15.6862 0.803777
0.342285 3.50191 3.54159	0 11.3018 0.796782
0.342529 3.20051 3.55466	0 9.27208 0.776937
0.342773 3.89975 3.56834	0 18.3153 0.746794
0.343018 3.89837 3.58175	0 9.72146 0.712957
0.343262 3.59583 3.5941	0 13.4063 0.684183
0.343506 3.36238 3.60477	0 7.81612 0.668473
0.34375 3.63781 3.61333	0 15.6765 0.670299
0.343994 3.82172 3.6196	0 14.7442 0.689071
0.344238 3.20407 3.6237	0 10.3009 0.719426
0.344482 3.92247 3.62602	0 14.8988 0.753161
0.344727 4.32764 3.62718	0 23.7902 0.781932
0.344971 3.76575 3.62787	0 15.6739 0.799627
0.345215 3.12102 3.62879	0 9.25101 0.803543
0.345459 2.84242 3.63044	0 4.65023 0.794148
0.345703 3.80179 3.63306	0 14.1044 0.773866
0.345947 3.52005 3.63661	0 17.1184 0.745693
0.346191 4.28997 3.64074	0 21.0709 0.712372
0.346436 3.27954 3.64501	0 11.6451 0.676379
0.34668 3.78765 3.64894	0 18.9659 0.640456
0.346924 3.90542 3.65223	0 12.1042 0.60809
0.347168 3.82493 3.65475	0 12.1259 0.583427
0.347412 3.29398 3.65661	0 8.19549 0.570475
0.347656 3.74485 3.65806	0 15.7789 0.571904
0.3479 3.63737 3.65935	0 10.1173 0.587978
0.348145 3.57547 3.66065	0 14.8547 0.616123
0.348389 3.59726 3.66194	0 10.8833 0.651378
0.348633 3.47367 3.66302	0 10.1818 0.687672
0.348877 3.87361 3.66355	0 15.1712 0.719554
0.349121 3.36714 3.6632	0 12.3797 0.743822
0.349365 4.20505 3.66172	0 16.6355 0.760422
0.349609 4.04939 3.65906	0 13.7047 0.77219
0.349854 3.39506 3.65537	0 10.8135 0.783471
0.350098 3.41282 3.65092	0 13.3724 0.798107
0.350342 3.99016 3.64599	0 13.0977 0.817619
0.350586 3.24427 3.64076	0 8.70705 0.840276
0.35083 3.43825 3.63514	0 9.42196 0.861396
0.351074 3.54939 3.62885	0 11.7782 0.8747
0.351318 3.72965 3.62144	0 16.7994 0.874202
0.351562 3.54443 3.61251	0 8.46401 0.856
0.351807 4.13286 3.60187	0 16.9444 0.819462
0.352051 3.76425 3.58973	0 13.2194 0.767539
0.352295 4.08573 3.57674	0 11.2706 0.706222
0.352539 3.09879 3.56394	0 6.8786 0.643344
0.352783 3.31754 3.55253	0 11.7964 0.587032
0.353027 3.35109 3.54366	0 7.80138 0.544167
0.353271 3.36508 3.53816	0 13.2942 0.519187
0.353516 2.98269 3.53634	0 10.3153 0.513504
0.35376 4.09524 3.53798	0 16.0496 0.525609
0.354004 3.18938 3.54235	0 9.77395 0.551748
0.354248 3.51518 3.54839	0 9.87071 0.586902
0.354492 4.02951 3.55494	0 14.9561 0.625774
0.354736 3.93712 3.56092	0 14.1892 0.663576
0.35498 3.38534 3.56545	0 8.49111 0.696502
0.355225 3.29989 3.56793	0 10.6083 0.721902
0.355469 3.53623 3.56804	0 12.2639 0.738298
0.355713 3.56221 3.56565	0 10.0436 0.7454
0.355957 3.55048 3.56081	0 13.3949 0.744203
0.356201 3.99567 3.55369	0 20.7003 0.737039
0.356445 3.35156 3.54451	0 10.3781 0.727305
0.356689 3.96288 3.53357	0 13.3116 0.718698
0.356934 3.07651 3.5212	0 8.09267 0.71406
0.357178 3.58038 3.50777	0 12.4387 0.714306
0.357422 3.5755 3.49368	0 10.0426 0.718004
0.357666 3.19301 3.47932	0 9.49075 0.721902
0.35791 3.47948 3.46515	0 10.3861 0.72222
0.358154 3.65134 3.45166	0 11.7348 0.716141
0.358398 3.58964 3.4394	0 13.9806 0.702843
0.358643 3.50074 3.42899	0 13.0878 0.683672
0.358887 3.09201 3.42108	0 8.90552 0.66145
0.359131 3.50359 3.41625	0 14.9614 0.639297
0.359375 3.34037 3.41498	0 8.26229 0.619481
0.359619 2.89441 3.41756	0 10.6073 0.602792
0.359863 3.42414 3.42404	0 10.1589 0.588613
0.360107 3.70708 3.43422	0 12.7929 0.575565
0.360352 3.52695 3.44776	0 9.72607 0.562314
0.360596 3.08647 3.46421	0 8.58919 0.548137
0.36084 3.51741 3.48313	0 10.1784 0.533062
0.361084 3.76791 3.50417	0 11.797 0.517683
0.361328 3.36005 3.52709	0 8.77113 0.502928
0.361572 3.52659 3.5517	0 10.1911 0.489987
0.361816 3.95261 3.57781	0 15.7587 0.480401
0.362061 3.50987 3.60506	0 11.414 0.476089
0.362305 3.12231 3.63283	0 9.13 0.479119
0.362549 3.09134 3.66014	0 7.8619 0.49112
0.362793 3.96932 3.6857	0 15.1328 0.512505
0.363037 4.71481 3.70799	0 13.617 0.541829
0.363281 3.21298 3.72545	0 12.6864 0.575654
0.363525 3.98688 3.73673	0 13.9222 0.609152
0.36377 3.58069 3.74092	0 11.4526 0.637417
0.364014 4.22813 3.73774	0 18.506 0.657066
0.364258 4.26983 3.72762	0 16.2836 0.667439
0.364502 3.43156 3.71169	0 10.0834 0.670734
0.364746 4.00096 3.6916	0 14.9455 0.670856
0.36499 3.73865 3.66927	0 16.1947 0.671442
0.365234 3.04082 3.64664	0 5.65428 0.674056
0.365479 3.58259 3.62539	0 12.81 0.677538
0.365723 3.03227 3.60679	0 10.7943 0.678864
0.365967 3.95607 3.59163	0 17.8153 0.675033
0.366211 3.6333 3.58025	0 12.8138 0.66494
0.366455 3.58874 3.5727	0 9.15755 0.650269
0.366699 3.55939 3.56889	0 17.5925 0.635046
0.366943 3.47511 3.5687	0 10.9763 0.624237
0.367188 3.86723 3.57206	0 11.1649 0.622142
0.367432 2.94877 3.57889	0 6.8715 0.631302
0.367676 4.1573 3.58902	0 12.8471 0.652163
0.36792 3.3148 3.60204	0 13.3913 0.683377
0.368164 3.15174 3.6172	0 7.60646 0.722384
0.368408 3.70042 3.63339	0 13.5738 0.766004
0.368652 3.19725 3.64918	0 10.2196 0.810899
0.368896 3.97837 3.663	0 17.8632 0.853895
0.369141 4.22832 3.6734	0 14.6657 0.892131
0.369385 4.19751 3.67924	0 14.4425 0.92306
0.369629 3.44005 3.67989	0 10.79 0.944348
0.369873 4.23773 3.6753	0 13.9575 0.953879
0.370117 2.92571 3.666	0 9.00443 0.950057
0.370361 3.92784 3.65294	0 13.0316 0.932431
0.370605 3.38146 3.63735	0 12.7406 0.90239
0.37085 4.00537 3.62054	0 17.2218 0.863485
0.371094 3.19939 3.60374	0 9.5477 0.821013
0.371338 4.32751 3.58797	0 12.8271 0.780843
0.371582 2.81932 3.57399	0 6.17781 0.747908
0.371826 3.40179 3.56229	0 9.50492 0.725005
0.37207 3.77586 3.55312	0 18.1059 0.712416
0.372314 3.29775 3.54649	0 10.8715 0.708438
0.372559 3.90332 3.5423	0 17.7043 0.710488
0.372803 3.40373 3.54029	0 9.46918 0.716181
0.373047 3.37434 3.54018	0 12.4357 0.723921
0.373291 3.37489 3.54157	0 9.82934 0.732897
0.373535 4.0456 3.54405	0 12.8067 0.742669
0.373779 3.45291 3.54711	0 9.82578 0.752659
0.374023 3.13273 3.55017	0 10.1732 0.761784
0.374268 3.67194 3.55262	0 10.6497 0.768312
0.374512 3.36959 3.55386	0 11.7892 0.76999
0.374756 3.73846 3.5534	0 13.9729 0.764465
0.375 3.91783 3.55092	0 12.2502 0.749963
0.375244 3.79568 3.54639	0 14.0842 0.726055
0.375488 3.51498 3.54008	0 12.5655 0.694191
0.375732 3.17429 3.53257	0 9.99099 0.657767
0.375977 3.46169 3.52466	0 10.1568 0.621621
0.376221 3.71315 3.51725	0 14.2939 0.591131
0.376465 3.65177 3.51123	0 11.89 0.571146
0.376709 3.24688 3.50732	0 8.49634 0.565005
0.376953 3.2832 3.50595	0 13.1327 0.573767
0.377197 3.37371 3.50722	0 10.5993 0.595806
0.377441 3.65374 3.51087	0 15.0946 0.626937
0.377686 3.52039 3.51637	0 12.5939 0.661204
0.37793 3.28312 3.52298	0 12.7235 0.69232
0.378174 3.76428 3.5299	0 11.2999 0.715361
0.378418 3.50964 3.53639	0 9.03452 0.728136
0.378662 3.81759 3.54191	0 13.7442 0.731663
0.378906 3.22289 3.54613	0 7.75674 0.729505
0.37915 4.10666 3.54904	0 14.0538 0.726277
0.379395 3.46127 3.55081	0 14.062 0.725936
0.379639 3.01167 3.55176	0 8.09838 0.730478
0.379883 3.89038 3.55225	0 14.7594 0.739439
0.380127 3.59771 3.55253	0 11.406 0.750198
0.380371 3.58638 3.55272	0 11.3289 0.758863
0.380615 3.14254 3.55272	0 9.73106 0.76146
0.380859 3.71275 3.55227	0 15.2521 0.755096
0.381104 3.28124 3.55102	0 11.3084 0.738876
0.381348 4.05634 3.54862	0 16.862 0.714333
0.381592 3.44373 3.54482	0 10.6801 0.685261
0.381836 4.12704 3.53952	0 21.6674 0.65693
0.38208 3.27333 3.53281	0 9.52888 0.63484
0.382324 3.13694 3.52488	0 8.40575 0.623285
0.382568 3.82585 3.51599	0 10.2948 0.624137
0.382812 2.7852 3.50635	0 7.25304 0.636263
0.383057 4.2659 3.49609	0 16.4593 0.655822
0.383301 3.5353 3.48525	0 12.3868 0.677402
0.383545 3.19321 3.47381	0 12.1076 0.695645
0.383789 2.90592 3.46177	0 10.251 0.70684
0.384033 4.38428 3.44928	0 19.2606 0.709973
0.384277 3.31249 3.43669	0 9.22727 0.706989
0.384521 3.52118 3.42461	0 15.0085 0.702239
0.384766 2.99227 3.41386	0 9.60516 0.701295
0.38501 3.8233 3.40537	0 11.038 0.709404
0.385254 3.11587 3.40005	0 7.15845 0.729839
0.385498 3.44831 3.39858	0 10.0311 0.762513
0.385742 2.94703 3.4013	0 6.47448 0.803339
0.385986 3.06202 3.40815	0 9.52292 0.844819
0.38623 3.46909 3.41858	0 10.7073 0.878028
0.386475 3.4759 3.43171	0 13.1127 0.895537
0.386719 3.79812 3.44641	0 15.8178 0.894139
0.386963 3.55587 3.46144	0 14.393 0.876126
0.387207 3.71721 3.47558	0 11.039 0.84837
0.387451 2.97506 3.48777	0 8.05457 0.819542
0.387695 3.61536 3.49717	0 12.0495 0.796748
0.387939 3.47977 3.50324	0 14.0511 0.78313
0.388184 3.59706 3.50579	0 12.3032 0.7774
0.388428 3.63412 3.505	0 16.7194 0.775276
0.388672 3.68681 3.50143	0 14.4294 0.771915
0.388916 3.87709 3.49589	0 17.1264 0.764146
0.38916 3.87184 3.48938	0 15.0766 0.751615
0.389404 2.8574 3.48287	0 6.57016 0.736569
0.389648 3.09217 3.47712	0 7.0101 0.722576
0.389893 2.9201 3.47255	0 10.9758 0.712797
0.390137 3.48561 3.46924	0 9.60598 0.708461
0.390381 3.9013 3.46693	0 16.4271 0.708133
0.390625 3.66549 3.46521	0 10.2562 0.708082
0.390869 3.84935 3.46373	0 19.2109 0.703723
0.391113 3.45824 3.46233	0 12.6424 0.691595
0.391357 3.19938 3.46119	0 10.8944 0.671049
0.391602 3.20772 3.46074	0 10.5571 0.644805
0.391846 3.65144 3.46162	0 12.0034 0.618034
0.39209 3.50654 3.46444	0 12.3334 0.596343
0.392334 3.44155 3.46968	0 9.30151 0.583597
0.392578 2.9919 3.4775	0 9.01144 0.58061
0.392822 3.19125 3.48775	0 10.1981 0.585238
0.393066 3.77549 3.5	0 17.3627 0.59371
0.393311 3.79119 3.51371	0 17.2545 0.602419
0.393555 3.458 3.52829	0 10.7248 0.609332
0.393799 3.65068 3.54334	0 12.1109 0.61446
0.394043 3.66115 3.55862	0 11.7629 0.619429
0.394287 3.73743 3.57408	0 17.6149 0.62656
0.394531 3.18586 3.58976	0 10.7448 0.637952
0.394775 3.47204 3.60563	0 15.7849 0.654868
0.39502 4.00773 3.62149	0 17.3312 0.677473
0.395264 2.99673 3.63688	0 8.09706 0.704841
0.395508 3.52381 3.65108	0 15.0413 0.735121
0.395752 4.54561 3.66322	0 18.8533 0.765839
0.395996 3.16972 3.67246	0 8.36946 0.794316
0.39624 4.06747 3.67819	0 14.2538 0.818162
0.396484 3.67666 3.68019	0 11.8526 0.835724
0.396729 3.81852 3.67875	0 11.4539 0.846342
0.396973 4.20895 3.67467	0 15.8739 0.850288
0.397217 3.72238 3.66915	0 11.1506 0.848429
0.397461 3.10268 3.66357	0 9.10532 0.841794
0.397705 3.15224 3.65933	0 6.8857 0.83133
0.397949 3.77582 3.65754	0 17.6954 0.81805
0.398193 3.46592 3.65894	0 15.76 0.803469
0.398438 4.2148 3.66372	0 19.216 0.789929
0.398682 3.58537 3.67156	0 19.6268 0.780328
0.398926 3.25082 3.68169	0 7.55574 0.777081
0.39917 3.82509 3.69295	0 11.5815 0.780754
0.399414 3.31655 3.70406	0 11.1791 0.78922
0.399658 3.6978 3.71369	0 19.5912 0.798037
0.399902 4.25604 3.72068	0 15.6117 0.802108
0.400146 4.2675 3.72417	0 19.6905 0.797822
0.400391 3.5776 3.72363	0 12.8588 0.784578
0.400635 4.018 3.71891	0 16.6221 0.764918
0.400879 3.22779 3.71012	0 8.34743 0.743288
0.401123 3.44506 3.6976	0 9.75858 0.724141
0.401367 3.86692 3.68182	0 11.555 0.710317
0.401611 3.97894 3.66328	0 15.3108 0.702297
0.401855 3.54803 3.64252	0 13.1717 0.698426
0.4021 3.82995 3.62011	0 12.5657 0.69579
0.402344 3.57317 3.59671	0 12.9253 0.691271
0.402588 3.74835 3.57304	0 14.2794 0.682469
0.402832 2.96484 3.54996	0 10.2393 0.668321
0.403076 3.73976 3.52838	0 15.5977 0.649433
0.40332 3.47439 3.50925	0 13.2274 0.628128
0.403564 3.6722 3.49343	0 11.135 0.60818
0.403809 3.39443 3.48158	0 9.215 0.594086
0.404053 3.35628 3.4741	0 12.5672 0.589879
0.404297 3.36917 3.47103	0 11.5003 0.597707
0.404541 2.49673 3.47203	0 5.27628 0.61668
0.404785 3.8053 3.47642	0 19.1035 0.642618
0.405029 3.90545 3.48327	0 12.2499 0.668983
0.405273 3.75816 3.49152	0 11.2132 0.688835
0.405518 3.40265 3.50009	0 12.0978 0.697089
0.405762 3.4726 3.50801	0 16.4803 0.692221
0.406006 3.21201 3.51447	0 13.9223 0.676734
0.40625 3.57082 3.51894	0 14.0392 0.6562
0.406494 3.71723 3.52113	0 11.3261 0.637257
0.406738 3.807 3.52102	0 10.9487 0.625377
0.406982 3.44622 3.51883	0 11.8802 0.623283
0.407227 3.58812 3.51504	0 12.5358 0.630585
0.407471 3.60653 3.51028	0 10.9241 0.644593
0.407715 2.89426 3.50532	0 7.20921 0.661742
0.407959 3.94888 3.50095	0 10.7932 0.678857
0.408203 3.51447 3.49792	0 9.63148 0.693813
0.408447 3.66562 3.49682	0 11.3399 0.705568
0.408691 2.83391 3.49802	0 5.55441 0.713915
0.408936 3.83102 3.50157	0 16.8059 0.719279
0.40918 3.05408 3.50727	0 10.8777 0.722656
0.409424 3.46316 3.51464	0 11.5139 0.725499
0.409668 3.72474 3.52303	0 13.4497 0.729348
0.409912 4.20844 3.53169	0 18.4631 0.735145
0.410156 2.96401 3.53991	0 10.5567 0.742478
0.4104 3.41678 3.54704	0 10.6102 0.749219
0.410645 3.89708 3.55257	0 13.7211 0.75192
0.410889 3.49141 3.5561	0 14.0631 0.747062
0.411133 3.71639 3.55736	0 15.3648 0.73272
0.411377 3.68444 3.55618	0 15.6016 0.709889
0.411621 3.10883 3.55242	0 7.89836 0.682706
0.411865 3.6268 3.54602	0 10.4306 0.657267
0.412109 3.86046 3.53701	0 10.9555 0.639465
0.412354 3.55527 3.52555	0 14.4716 0.63287
0.412598 3.48442 3.51196	0 13.2764 0.637701
0.412842 3.74333 3.49679	0 10.7516 0.651368
0.413086 3.36895 3.48081	0 9.3929 0.670182
0.41333 3.24692 3.46496	0 13.0779 0.691186
0.413574 3.82905 3.45034	0 14.5835 0.713081
0.413818 2.93798 3.43808	0 12.3854 0.735804
0.414062 3.75617 3.42926	0 9.69694 0.75918
0.414307 3.02014 3.42484	0 8.7655 0.7816
0.414551 3.43857 3.42552	0 8 0.799647
0.414795 3.17135 3.43171	0 9.28995 0.808998
0.415039 3.54597 3.44347	0 12.1951 0.806188
0.415283 3.41011 3.46047	0 9.60588 0.790311
0.415527 3.30922 3.48195	0 10.4221 0.763774
0.415771 3.56538 3.50679	0 10.9906 0.73173
0.416016 3.2589 3.53353	0 7.27083 0.700447
0.41626 3.77332 3.56045	0 10.9789 0.675323
0.416504 3.40744 3.58576	0 10.1691 0.659346
0.416748 3.26738 3.60776	0 10.0551 0.652544
0.416992 4.52207 3.625	0 14.9793 0.652545
0.417236 3.86224 3.63644	0 14.4027 0.655904
0.41748 4.21384 3.64157	0 18.6305 0.659595
0.417725 3.21783 3.64037	0 10.2811 0.662003
0.417969 3.23316 3.63331	0 7.53785 0.663114
0.418213 3.57902 3.62125	0 10.459 0.66399
0.418457 4.37552 3.60526	0 19.7154 0.665956
0.418701 3.50001 3.58658	0 11.4507 0.669944
0.418945 3.18978 3.56647	0 12.0391 0.676226
0.419189 3.69995 3.54617	0 13.1978 0.684518
0.419434 3.24137 3.52687	0 6.22706 0.694278
0.419678 3.92417 3.50969	0 13.3236 0.705058
0.419922 3.52303 3.4956	0 13.0798 0.716737
0.420166 3.05831 3.48543	0 7.50097 0.729593
0.42041 3.3162 3.47978	0 12.1349 0.744182
0.420654 3.43039 3.47901	0 11.764 0.761125
0.420898 3.43245 3.4832	0 9.45253 0.780896
0.421143 3.33754 3.49211	0 14.6762 0.803679
0.421387 3.80326 3.50525	0 15.1015 0.829194
0.421631 3.2561 3.52185	0 11.3622 0.856405
0.421875 3.38314 3.541	0 8.46497 0.883216
0.422119 3.61235 3.56163	0 16.4772 0.906419
0.422363 3.77888 3.58266	0 12.1928 0.922226
0.422607 3.34205 3.60302	0 11.4391 0.927398
0.422852 3.89141 3.62176	0 14.9329 0.92056
0.423096 3.7557 3.63807	0 12.1766 0.903071
0.42334 3.67752 3.65134	0 11.181 0.878948
0.423584 3.4536 3.66114	0 11.7328 0.853806
0.423828 4.02984 3.66723	0 16.2366 0.833243
0.424072 4.03192 3.6695	0 13.9523 0.821281
0.424316 3.30015 3.66796	0 9.22473 0.819414
0.424561 3.43123 3.66272	0 16.119 0.82646
0.424805 3.63132 3.654	0 14.9247 0.839177
0.425049 4.33953 3.64214	0 26.9595 0.853319
0.425293 3.03744 3.6277	0 9.52824 0.864775
0.425537 4.30103 3.6114	0 15.3308 0.870456
0.425781 3.41811 3.59419	0 10.4753 0.868758
0.426025 3.8905 3.57712	0 14.2389 0.859556
0.42627 3.03395 3.5612	0 11.0504 0.843824
0.426514 3.18812 3.5473	0 13.2322 0.823047
0.426758 3.84743 3.53594	0 12.466 0.798641
0.427002 3.36871 3.5272	0 9.12476 0.771611
0.427246 3.4628 3.52073	0 16.7655 0.74258
0.42749 3.17901 3.51579	0 16.3966 0.712101
0.427734 3.41034 3.51145	0 10.1233 0.680986
0.427979 3.99329 3.50677	0 17.1993 0.650317
0.428223 3.82864 3.50106	0 10.5976 0.621103
0.428467 3.60366 3.49394	0 14.5176 0.593828
0.428711 3.50207 3.48548	0 10.8786 0.568327
0.428955 3.24007 3.47612	0 8.35826 0.544197
0.429199 3.47814 3.46652	0 8.55632 0.521564
0.429443 3.4927 3.45744	0 11.5653 0.501618
0.429688 2.78261 3.4496	0 10.2696 0.486465
0.429932 3.95931 3.4435	0 14.1483 0.478183
0.430176 3.22596 3.43948	0 9.06416 0.47762
0.43042 3.37908 3.43767	0 11.0588 0.483638
0.430664 3.43703 3.43806	0 12.269 0.493347
0.430908 4.30006 3.44058	0 17.8397 0.503269
0.431152 2.61067 3.44515	0 5.58803 0.510855
0.431396 3.15461 3.45164	0 7.38111 0.515565
0.431641 3.45586 3.4599	0 18.2783 0.519051
0.431885 3.83053 3.4697	0 14.1281 0.524403
0.432129 3.60002 3.48072	0 10.6701 0.534844
0.432373 3.54589 3.49249	0 10.3025 0.552402
0.432617 2.99596 3.5045	0 6.66649 0.577051
0.432861 3.12921 3.51617	0 8.26597 0.6066
0.433105 4.17159 3.527	0 14.1244 0.637374
0.43335 3.74006 3.53662	0 14.6542 0.665419
0.433594 3.60033 3.54485	0 8.19837 0.687707
0.433838 3.49172 3.55173	0 12.9168 0.702842
0.434082 3.66106 3.55747	0 16.8307 0.711012
0.434326 3.59786 3.56237	0 11.8041 0.713349
0.43457 3.20282 3.56674	0 12.9249 0.71115
0.434814 3.42646 3.5708	0 11.9013 0.705387
0.435059 3.88805 3.57465	0 13.9834 0.69667
0.435303 3.17312 3.57828	0 11.8392 0.685508
0.435547 3.77381 3.58166	0 13.8364 0.672578
0.435791 4.03581 3.58475	0 18.05 0.658798
0.436035 3.49056 3.58761	0 12.3351 0.645213
0.436279 3.70583 3.59036	0 10.9839 0.632818
0.436523 3.49215 3.59319	0 12.9655 0.622429
0.436768 3.3923 3.59622	0 11.0525 0.614628
0.437012 3.41277 3.59945	0 12.0212 0.609737
0.437256 3.54977 3.60265	0 10.3348 0.607771
0.4375 3.63593 3.60546	0 12.4868 0.608442
0.437744 3.58388 3.60737	0 14.3703 0.611253
0.437988 3.83239 3.6079	0 12.9295 0.615692
0.438232 4.03046 3.6067	0 14.5454 0.621456
0.438477 3.44239 3.6036	0 10.9463 0.628555
0.438721 3.58045 3.5987	0 10.4599 0.637239
0.438965 3.80262 3.59223	0 15.3131 0.647719
0.439209 3.60498 3.5845	0 12.0404 0.659763
0.439453 3.01319 3.57576	0 6.68757 0.672316
0.439697 3.67156 3.56619	0 14.837 0.683379
0.439941 2.98877 3.55584	0 6.82579 0.690319
0.440186 4.27453 3.54472	0 17.0061 0.690666
0.44043 3.69965 3.53293	0 17.6142 0.683129
0.440674 3.96579 3.52071	0 12.9749 0.66835
0.440918 3.32696 3.50849	0 12.7292 0.64897
0.441162 3.17963 3.49683	0 9.30332 0.62884
0.441406 3.53877 3.48634	0 11.3364 0.611709
0.44165 2.92815 3.47753	0 9.04105 0.599933
0.441895 3.65041 3.47066	0 12.033 0.593808
0.442139 3.24476 3.46567	0 11.48 0.591805
0.442383 3.66579 3.46223	0 17.8868 0.591558
0.442627 3.65098 3.45976	0 12.7808 0.591141
0.442871 3.62381 3.4576	0 9.64345 0.590014
0.443115 3.14727 3.4552	0 9.48071 0.589214
0.443359 3.39252 3.45223	0 15.2495 0.590722
0.443604 3.4222 3.44872	0 9.16774 0.596392
0.443848 3.82817 3.44511	0 13.6394 0.606962
0.444092 3.67446 3.44223	0 13.1059 0.621633
0.444336 3.10549 3.44117	0 9.15699 0.638298
0.44458 3.34565 3.44306	0 14.6784 0.654262
0.444824 3.50962 3.44889	0 11.8917 0.667115
0.445068 3.42429 3.45918	0 11.2743 0.675447
0.445312 3.21236 3.47385	0 10.4501 0.679233
0.445557 2.84636 3.49211	0 9.84314 0.679821
0.445801 3.27952 3.5126	0 10.9492 0.679572
0.446045 3.26178 3.53354	0 11.1919 0.681242
0.446289 4.44267 3.55312	0 14.3317 0.687252
0.446533 4.60187 3.56982	0 20.3707 0.69897
0.446777 3.39692 3.58267	0 8.7277 0.716126
0.447021 3.61343 3.59139	0 14.0377 0.736576
0.447266 3.36047 3.59633	0 8.95033 0.756606
0.44751 3.59095 3.5983	0 13.9604 0.771844
0.447754 3.39749 3.59828	0 16.3906 0.778579
0.447998 3.46655 3.59718	0 12.258 0.774961
0.448242 3.46961 3.59566	0 9.63705 0.761569
0.448486 3.55092 3.59403	0 12.2158 0.741119
0.44873 3.84502 3.59227	0 14.1856 0.717502
0.448975 3.79749 3.59012	0 12.346 0.694629
0.449219 4.14239 3.58721	0 10.8508 0.675477
0.449463 3.32725 3.5831	0 10.0979 0.661567
0.449707 2.89469 3.57742	0 9.15359 0.652894
0.449951 3.32095 3.56991	0 11.8896 0.64831
0.450195 3.52847 3.56049	0 9.79609 0.646281
0.450439 4.52601 3.54928	0 15.2132 0.645778
0.450684 3.90303 3.53667	0 12.4107 0.646874
0.450928 3.62893 3.52333	0 10.5854 0.650622
0.451172 2.82311 3.51013	0 6.44825 0.658185
0.451416 3.12335 3.49807	0 9.05567 0.669657
0.45166 3.41328 3.4881	0 10.0265 0.683329
0.451904 4.01345 3.48101	0 14.8428 0.695964
0.452148 3.39232 3.47729	0 12.5112 0.704068
0.452393 3.06096 3.47703	0 9.52481 0.705544
0.452637 3.26124 3.47991	0 8.71704 0.700878
0.452881 3.78355 3.48523	0 13.5272 0.693243
0.453125 2.92281 3.49203	0 9.19347 0.687459
0.453369 4.21442 3.4991	0 16.3756 0.688229
0.453613 3.70378 3.50521	0 13.7615 0.698312
0.453857 3.37899 3.50913	0 13.607 0.717243
0.454102 3.11266 3.5098	0 8.5736 0.741017
0.454346 3.30449 3.50646	0 9.62493 0.762961
0.45459 4.11199 3.4987	0 20.0984 0.775623
0.454834 3.759 3.48657	0 12.406 0.773186
0.455078 3.76092 3.47061	0 13.8598 0.753539
0.455322 3.64162 3.4518	0 13.1783 0.719182
0.455566 3.12005 3.43147	0 10.3092 0.67652
0.455811 3.10779 3.41117	0 8.88946 0.633817
0.456055 2.94999 3.39244	0 6.24681 0.598648
0.456299 3.67169 3.3767	0 8.96647 0.575869
0.456543 3.76463 3.36509	0 15.9904 0.566807
0.456787 2.81708 3.35834	0 8.54884 0.569784
0.457031 3.18837 3.35676	0 10.3551 0.581536
0.457275 3.39337 3.36016	0 11.5202 0.598791
0.45752 3.46928 3.36798	0 15.4881 0.619327
0.457764 3.05099 3.37926	0 7.7808 0.64213
0.458008 3.36365 3.39276	0 9.53796 0.666726
0.458252 3.11841 3.40714	0 8.84932 0.692105
0.458496 4.13258 3.42108	0 16.9995 0.715869
0.45874 3.12788 3.43348	0 11.7748 0.734153
0.458984 3.61174 3.4436	0 17.9951 0.742514
0.459229 3.8105 3.45119	0 15.3637 0.737534
0.459473 3.24907 3.45652	0 13.4356 0.718508
0.459717 3.76007 3.46027	0 10.5432 0.68848
0.459961 3.61042 3.46344	0 13.5599 0.654054
0.460205 3.07455 3.46711	0 8.53603 0.623902
0.460449 3.07457 3.47227	0 10.353 0.606355
0.460693 3.57005 3.47959	0 11.9486 0.606939
0.460938 3.21105 3.48938	0 10.1156 0.626704
0.461182 4.06122 3.50157	0 17.2282 0.661973
0.461426 3.01391 3.51576	0 8.06793 0.705551
0.46167 3.40354 3.53139	0 11.5071 0.748898
0.461914 3.89346 3.54784	0 14.5439 0.784476
0.462158 3.88054 3.56453	0 14.3909 0.807484
0.462402 3.88589 3.58095	0 15.3021 0.81656
0.462646 2.94794 3.59672	0 7.67871 0.813428
0.462891 3.64559 3.61145	0 11.594 0.801865
0.463135 3.10275 3.6248	0 8.79632 0.786485
0.463379 4.08536 3.63642	0 16.6686 0.771725
0.463623 3.64364 3.64593	0 10.7388 0.761178
0.463867 4.11707 3.65302	0 15.9493 0.757201
0.464111 4.11483 3.65746	0 12.2136 0.760649
0.464355 3.19229 3.65908	0 11.278 0.770692
0.4646 3.424 3.65784	0 8.08173 0.784851
0.464844 3.52476 3.65377	0 12.7685 0.799472
0.465088 3.79087 3.64696	0 20.1213 0.81071
0.465332 3.90439 3.6376	0 11.2286 0.815822
0.465576 3.67561 3.62597	0 14.4094 0.814217
0.46582 3.74901 3.61246	0 15.3044 0.807685
0.466064 3.35658 3.5976	0 12.7183 0.799604
0.466309 4.04504 3.58201	0 12.5195 0.793454
0.466553 3.26427 3.56629	0 11.9436 0.791398
0.466797 3.46802 3.55099	0 14.7749 0.793576
0.467041 3.4464 3.53637	0 11.5227 0.798296
0.467285 3.7413 3.52243	0 19.6797 0.80279
0.467529 2.97141 3.50883	0 12.0606 0.804053
0.467773 3.1048 3.49499	0 8.58233 0.799482
0.468018 4.01121 3.48028	0 12.8979 0.787342
0.468262 4.05921 3.46418	0 17.5787 0.767186
0.468506 3.43856 3.44651	0 10.8745 0.740177
0.46875 3.49535 3.4276	0 14.383 0.709089
0.468994 3.06229 3.40828	0 9.44694 0.677796
0.469238 3.77875 3.38987	0 9.92547 0.650312
0.469482 3.07718 3.37392	0 9.90088 0.629781
0.469727 2.96116 3.36201	0 9.38638 0.617822
0.469971 3.67031 3.35543	0 11.8358 0.614458
0.470215 3.31694 3.35496	0 9.22489 0.618481
0.470459 2.70514 3.36065	0 6.31338 0.627907
0.470703 3.18545 3.37186	0 11.5145 0.64026
0.470947 3.30624 3.38733	0 10.8579 0.652681
0.471191 3.21584 3.40546	0 7.54848 0.662114
0.471436 3.72169 3.42457	0 14.4008 0.665865
0.47168 3.79523 3.44327	0 22.4871 0.662513
0.471924 4.01963 3.46061	0 16.4557 0.652821
0.472168 3.65502 3.47629	0 15.5072 0.640094
0.472412 3.5866 3.49051	0 11.4548 0.62959
0.472656 2.74579 3.50388	0 8.02743 0.627059
0.4729 2.82585 3.51718	0 8.48559 0.636994
0.473145 3.7789 3.53111	0 10.3258 0.661323
0.473389 3.81149 3.54617	0 11.6866 0.699115
0.473633 3.98204 3.56252	0 29.3106 0.747245
0.473877 3.37881 3.58	0 12.4239 0.801505
0.474121 3.67208 3.59815	0 13.3919 0.857388
0.474365 3.51728 3.61628	0 9.87504 0.910166
0.474609 3.21128 3.63355	0 12.661 0.9545
0.474854 3.51069 3.64907	0 15.0437 0.98432
0.475098 4.26148 3.66199	0 18.1232 0.993684
0.475342 3.6334 3.67163	0 10.7897 0.978661
0.475586 3.75789 3.67761	0 14.6171 0.939457
0.47583 3.9852 3.67989	0 14.2315 0.881557
0.476074 3.96712 3.67887	0 15.9167 0.81497
0.476318 3.3774 3.67527	0 9.23108 0.751607
0.476562 3.65771 3.67003	0 15.2237 0.701863
0.476807 3.38949 3.66415	0 9.81393 0.671868
0.477051 4.06387 3.65843	0 18.396 0.662492
0.477295 3.36376 3.65335	0 17.4856 0.67018
0.477539 3.48987 3.64896	0 12.226 0.68887
0.477783 3.22636 3.6449	0 13.7661 0.71193
0.478027 4.00895 3.64051	0 12.0531 0.733522
0.478271 3.79308 3.63504	0 11.1048 0.749325
0.478516 3.86116 3.6279	0 17.2004 0.756931
0.47876 3.22983 3.61884	0 9.17894 0.756119
0.479004 4.32714 3.60811	0 18.9646 0.748943
0.479248 3.66562 3.59642	0 12.2742 0.739397
0.479492 3.47889 3.58484	0 12.0907 0.732523
0.479736 3.64045 3.57457	0 10.2358 0.733047
0.47998 2.97135 3.56669	0 6.73594 0.743855
0.480225 3.08576 3.56193	0 10.1912 0.764779
0.480469 3.52083 3.56049	0 13.9202 0.792158
0.480713 3.75407 3.56211	0 12.1761 0.819537
0.480957 3.64964 3.56608	0 11.5203 0.839494
0.481201 3.81415 3.5715	0 16.5175 0.846096
0.481445 3.69579 3.57747	0 13.7424 0.837049
0.481689 3.51392 3.58331	0 15.222 0.814586
0.481934 3.42453 3.58865	0 9.20911 0.784622
0.482178 3.52326 3.59353	0 14.8826 0.754493
0.482422 3.80081 3.59828	0 13.262 0.730285
0.482666 3.79571 3.60347	0 13.0583 0.714908
0.48291 3.66851 3.60966	0 9.76275 0.707665
0.483154 3.12505 3.61728	0 8.68724 0.705292
0.483398 3.60938 3.62641	0 12.5325 0.703823
0.483643 3.51197 3.63669	0 9.63253 0.700312
0.483887 3.69007 3.64725	0 15.0057 0.693736
0.484131 3.62154 3.65681	0 10.9544 0.68488
0.484375 3.55936 3.66379	0 13.4114 0.675514
0.484619 3.87299 3.66658	0 13.1212 0.667415
0.484863 4.06032 3.6638	0 10.8242 0.661659
0.485107 3.83358 3.65456	0 12.5707 0.658342
0.485352 3.71289 3.63872	0 14.7307 0.656674
0.485596 3.63759 3.61697	0 11.3403 0.655293
0.48584 3.89476 3.59084	0 12.836 0.652702
0.486084 3.8892 3.56245	0 14.7893 0.647774
0.486328 3.35212 3.53429	0 8.98367 0.640247
0.486572 3.3515 3.50879	0 9.52388 0.631085
0.486816 3.05102 3.48793	0 8.85209 0.622567
0.487061 2.92644 3.47297	0 7.50998 0.617998
0.487305 3.03104 3.46431	0 5.63874 0.621084
0.487549 3.43033 3.46144	0 13.409 0.635082
0.487793 4.13125 3.46318	0 15.7073 0.661904
0.488037 3.40447 3.46794	0 9.37694 0.701353
0.488281 3.70642 3.47407	0 12.3476 0.75063
0.488525 3.45746 3.48016	0 13.1961 0.804344
0.48877 2.86722 3.48526	0 5.76605 0.855218
0.489014 4.26776 3.48897	0 24.8011 0.895594
0.489258 3.70138 3.49144	0 13.184 0.919465
0.489502 3.2039 3.49325	0 9.44858 0.924337
0.489746 3.33452 3.49525	0 17.5133 0.912035
0.48999 3.57389 3.49837	0 10.1713 0.887964
0.490234 3.0211 3.50346	0 8.80685 0.859108
0.490479 3.8305 3.51117	0 14.1377 0.831756
0.490723 3.51591 3.52184	0 11.5143 0.810089
0.490967 3.25388 3.53546	0 12.8493 0.796067
0.491211 3.91911 3.55163	0 9.27617 0.79025
0.491455 3.18767 3.56958	0 14.0396 0.792611
0.491699 3.73765 3.58824	0 15.6381 0.802645
0.491943 3.02804 3.6063	0 8.72957 0.818762
0.492188 4.22368 3.62236	0 14.4268 0.837636
0.492432 3.20626 3.6351	0 14.2798 0.854257
0.492676 4.40511 3.64342	0 13.108 0.863035
0.49292 3.60065 3.64663	0 14.3679 0.859583
0.493164 4.16914 3.64447	0 20.8598 0.84237
0.493408 3.55987 3.63717	0 15.1064 0.813423
0.493652 3.34615 3.62538	0 11.2463 0.777733
0.493896 3.61689 3.61005	0 14.4599 0.741638
0.494141 3.52775 3.59229	0 12.9384 0.710896
0.494385 3.50909 3.57329	0 10.1497 0.68925
0.494629 3.8138 3.55418	0 15.1741 0.677964
0.494873 3.47771 3.53604	0 14.8487 0.676266
0.495117 3.60538 3.5198	0 11.0734 0.682228
0.495361 3.36524 3.50621	0 11.0846 0.693512
0.495605 3.29223 3.49582	0 11.6746 0.707671
0.49585 3.31319 3.48887	0 11.145 0.722115
0.496094 3.84554 3.48516	0 15.4475 0.73413
0.496338 2.99355 3.48396	0 8.59504 0.741259
0.496582 3.35511 3.48387	0 7.45225 0.742035
0.496826 3.76587 3.48272	0 15.0843 0.736713
0.49707 3.23016 3.47745	0 8.60241 0.72751
0.497314 3.79457 3.46417	0 17.1957 0.718094
0.497559 3.40154 3.43812	0 11.1171 0.712407
0.497803 3.82952 3.39396	0 16.1749 0.713202
0.498047 3.62699 3.32607	0 12.6553 0.720804
0.498291 3.52064 3.22913	0 11.7934 0.732485
0.498535 3.31391 3.09882	0 16.1798 0.74268
0.498779 3.76553 2.93261	0 11.7609 0.74404
0.499023 3.34769 2.73048	0 12.8278 0.729157
0.499268 4.45481 2.49549	0 18.4686 0.692566
0.499512 2.83351 2.23379	0 7.60622 0.632478
0.499756 3.98279 1.66806	0 31.7603 0.456959
