0 0 0.970249	0 0 0.0908585
0.000244141 1.93665 1.15706	0 2.93697 0.117203
0.000488281 2.13978 1.35208	0 3.95912 0.145678
0.000732422 1.83193 1.55248	0 3.94629 0.176436
0.000976562 2.13895 1.75671	0 4.57113 0.210754
0.0012207 1.96264 1.96475	0 4.56522 0.25089
0.00146484 1.98347 2.17819	0 3.36128 0.299314
0.00170898 2.03869 2.39992	0 3.62659 0.357522
0.00195312 2.55297 2.63373	0 6.50362 0.425049
0.00219727 1.89148 2.8839	0 2.68482 0.499472
0.00244141 2.86689 3.15481	0 8.55309 0.577845
0.00268555 3.08107 3.45071	0 8.2257 0.659338
0.00292969 3.87194 3.7756	0 27.256 0.747956
0.00317383 3.54617 4.13324	0 7.98855 0.854014
0.00341797 4.50345 4.52712	0 20.796 0.993515
0.00366211 4.34215 4.96038	0 13.9499 1.18576
0.00390625 4.45615 5.43565	0 17.041 1.45045
0.00415039 5.34808 5.95469	0 36.8719 1.80573
0.00439453 4.9425 6.51802	0 21.036 2.26755
0.00463867 7.09755 7.12445	0 40.4704 2.8499
0.00488281 7.92033 7.77066	0 58.0148 3.56475
0.00512695 7.12911 8.45093	0 50.7382 4.4209
0.00537109 8.81663 9.157	0 57.996 5.42164
0.00561523 8.50452 9.87806	0 86.3126 6.56189
0.00585938 11.0254 10.6011	0 148.217 7.82513
0.00610352 12.8706 11.3113	0 131.133 9.18091
0.00634766 11.5829 11.9928	0 177.298 10.5835
0.0065918 13.9326 12.6292	0 203.773 11.9721
0.00683594 14.1526 13.2047	0 183.719 13.2747
0.00708008 15.652 13.7051	0 237.821 14.414
0.00732422 15.0467 14.1182	0 234.282 15.3164
0.00756836 15.1914 14.4354	0 242.952 15.9229
0.0078125 16.8582 14.6518	0 243.517 16.1977
0.00805664 17.4149 14.7672	0 332.477 16.1343
0.00830078 16.0957 14.7862	0 215.379 15.7568
0.00854492 17.1766 14.7177	0 303.937 15.1155
0.00878906 15.3372 14.575	0 336.637 14.2775
0.0090332 13.7306 14.3741	0 146.877 13.3163
0.00927734 13.4272 14.1328	0 144.708 12.3035
0.00952148 14.4897 13.8692	0 184.411 11.3036
0.00976562 12.9731 13.6	0 182.672 10.3745
0.0100098 13.8613 13.3398	0 164.172 9.56859
0.0102539 12.4162 13.0996	0 140.97 8.93179
0.010498 10.0428 12.8869	0 92.162 8.4991
0.0107422 10.8996 12.7055	0 104.511 8.28839
0.0109863 13.8498 12.5558	0 130.955 8.29563
0.0112305 12.5122 12.4357	0 135.662 8.49383
0.0114746 12.6128 12.3416	0 124.241 8.83544
0.0117188 12.3119 12.2689	0 103.853 9.2567
0.0119629 12.0578 12.2131	0 122.526 9.68405
0.012207 11.4791 12.1699	0 152.467 10.0439
0.0124512 12.0829 12.1358	0 181.834 10.2768
0.0126953 11.2924 12.1082	0 110.52 10.3541
0.0129395 12.2743 12.0853	0 165.804 10.2891
0.0131836 13.0594 12.0661	0 207.399 10.1376
0.0134277 13.5726 12.0501	0 153.416 9.98097
0.0136719 10.4897 12.0374	0 109.589 9.89731
0.013916 11.9887 12.0285	0 185.276 9.93014
0.0141602 11.2556 12.0238	0 110.08 10.069
0.0144043 10.5105 12.024	0 109.94 10.2529
0.0146484 13.4284 12.0297	0 257.101 10.3965
0.0148926 13.2268 12.0413	0 184.228 10.4292
0.0151367 12.2189 12.0589	0 149.973 10.3274
0.0153809 10.9957 12.0825	0 101.742 10.125
0.015625 12.5793 12.1114	0 129.338 9.89561
0.0158691 10.3971 12.1441	0 88.2481 9.71764
0.0161133 12.1498 12.1785	0 145.286 9.63974
0.0163574 11.8495 12.2117	0 129.925 9.66295
0.0166016 14.3717 12.2403	0 168.679 9.74578
0.0168457 12.1853 12.261	0 124.244 9.82539
0.0170898 11.1977 12.271	0 120.313 9.84158
0.017334 12.8831 12.2685	0 242.978 9.75258
0.0175781 14.1154 12.2536	0 178.55 9.53972
0.0178223 11.3571 12.228	0 111.731 9.20547
0.0180664 12.0378 12.1951	0 216.358 8.77078
0.0183105 14.9637 12.1599	0 215.79 8.27405
0.0185547 9.60909 12.1274	0 77.6624 7.76881
0.0187988 12.6231 12.1026	0 153.998 7.31563
0.019043 9.58263 12.0892	0 62.1401 6.96739
0.0192871 12.4249 12.0891	0 127.608 6.75275
0.0195312 12.1865 12.1024	0 127.693 6.66595
0.0197754 9.52485 12.1273	0 98.5852 6.66941
0.0200195 14.8248 12.161	0 248.671 6.70973
0.0202637 13.0116 12.2004	0 156.099 6.74161
0.0205078 12.4645 12.2425	0 161.537 6.75044
0.020752 11.7081 12.2855	0 165.315 6.76419
0.0209961 11.7141 12.3286	0 157.674 6.84897
0.0212402 13.8816 12.3722	0 159.433 7.08764
0.0214844 11.2544 12.4174	0 127.812 7.54776
0.0217285 12.3465 12.4657	0 142.621 8.25057
0.0219727 11.6484 12.5183	0 150.929 9.15383
0.0222168 13.1953 12.5763	0 212.3 10.1571
0.0224609 13.4593 12.6401	0 164.115 11.1283
0.0227051 10.0914 12.7096	0 101.508 11.9404
0.0229492 15.4012 12.7844	0 328.409 12.5041
0.0231934 10.9741 12.8639	0 163.826 12.7836
0.0234375 14.3905 12.9475	0 206.195 12.7932
0.0236816 13.9639 13.0347	0 212.707 12.5802
0.0239258 10.9779 13.1249	0 82.6999 12.2049
0.0241699 12.7862 13.2176	0 114.338 11.7266
0.0244141 13.6026 13.3126	0 169.524 11.1988
0.0246582 13.8381 13.4096	0 168.653 10.6704
0.0249023 14.2404 13.5086	0 208.767 10.1865
0.0251465 13.5912 13.6099	0 176.853 9.78417
0.0253906 13.1827 13.7137	0 158.219 9.48416
0.0256348 13.6606 13.8207	0 217.215 9.285
0.0258789 14.9756 13.9309	0 260.655 9.16478
0.026123 13.4496 14.0445	0 173.084 9.09254
0.0263672 11.2447 14.1608	0 111.771 9.04351
0.0266113 15.8833 14.2789	0 239.821 9.00893
0.0268555 15.8177 14.3971	0 237.392 8.99433
0.0270996 13.1543 14.5138	0 114.048 9.00728
0.0273438 16.8453 14.6272	0 296.037 9.04357
0.0275879 13.957 14.7358	0 243.613 9.08262
0.027832 12.6264 14.8388	0 147.105 9.09689
0.0280762 16.92 14.9357	0 289.056 9.07042
0.0283203 15.5303 15.0267	0 166.61 9.01424
0.0285645 15.5257 15.1124	0 187.418 8.96713
0.0288086 13.5154 15.1935	0 214.755 8.97953
0.0290527 17.5287 15.2711	0 293.977 9.0889
0.0292969 13.9002 15.3461	0 226.403 9.30134
0.029541 14.2347 15.42	0 209.376 9.59056
0.0297852 15.5783 15.4942	0 224.862 9.91538
0.0300293 16.5794 15.5709	0 283.559 10.2454
0.0302734 16.6976 15.6525	0 221.6 10.5793
0.0305176 16.9791 15.7418	0 274.065 10.9437
0.0307617 14.7391 15.8411	0 171.914 11.373
0.0310059 14.0737 15.9523	0 184.999 11.88
0.03125 15.0726 16.0759	0 200.504 12.4357
0.0314941 15.1898 16.2105	0 289.356 12.9699
0.0317383 16.3127 16.3536	0 291.883 13.3935
0.0319824 17.5615 16.5016	0 318.731 13.632
0.0322266 18.3288 16.6503	0 336.808 13.6556
0.0324707 16.1629 16.7969	0 328.719 13.492
0.0327148 16.5441 16.9401	0 236.752 13.2221
0.032959 18.6413 17.0808	0 294.232 12.96
0.0332031 16.703 17.2226	0 297.01 12.8258
0.0334473 18.0049 17.3713	0 267.161 12.9181
0.0336914 18.9383 17.5336	0 294.762 13.2928
0.0339355 15.2085 17.7166	0 227.681 13.9561
0.0341797 14.3969 17.9266	0 201.458 14.8736
0.0344238 17.1551 18.1678	0 456.917 15.9937
0.034668 20.3603 18.4425	0 290.357 17.2706
0.0349121 20.5347 18.75	0 333.016 18.6745
0.0351562 16.1913 19.0874	0 275.368 20.183
0.0354004 19.4499 19.4495	0 360.976 21.761
0.0356445 18.8813 19.8295	0 348.192 23.3458
0.0358887 19.6923 20.2198	0 346.622 24.8521
0.0361328 23.2281 20.6125	0 624.129 26.1978
0.036377 18.7055 21.0003	0 373.636 27.3388
0.0366211 21.1611 21.3776	0 499.62 28.293
0.0368652 24.846 21.7411	0 555.819 29.1421
0.0371094 22.6821 22.0905	0 382.775 30.0128
0.0373535 22.8289 22.4285	0 410.324 31.0478
0.0375977 22.6298 22.7603	0 572.686 32.3748
0.0378418 24.3018 23.0929	0 564.938 34.0753
0.0380859 22.5721 23.4339	0 478.335 36.1498
0.0383301 19.6514 23.79	0 494.355 38.4858
0.0385742 24.0466 24.1661	0 428.208 40.8472
0.0388184 24.5356 24.5649	0 804.143 42.9083
0.0390625 25.5683 24.9863	0 785.47 44.3398
0.0393066 25.258 25.4287	0 597.115 44.9247
0.0395508 26.471 25.8893	0 769.111 44.659
0.0397949 25.349 26.3658	0 892.459 43.786
0.0400391 26.7798 26.8571	0 802.179 42.7388
0.0402832 28.7166 27.3642	0 679.926 42.0079
0.0405273 26.6422 27.8906	0 502.893 41.9879
0.0407715 30.221 28.4425	0 980.222 42.8693
0.0410156 27.2437 29.0278	0 653.873 44.6246
0.0412598 28.772 29.6553	0 614.901 47.0878
0.0415039 29.6505 30.3339	0 874.372 50.0875
0.041748 29.9729 31.071	0 651.514 53.5673
0.0419922 28.4637 31.8714	0 725.74 57.6416
0.0422363 35.4164 32.7365	0 1225.32 62.57
0.0424805 26.7231 33.6638	0 618.707 68.6697
0.0427246 39.6674 34.6468	0 1096.9 76.2078
0.0429688 35.6561 35.6761	0 1391.59 85.3089
0.0432129 33.3187 36.741	0 973.198 95.8965
0.043457 32.4668 37.8314	0 1331.56 107.665
0.0437012 40.8167 38.9408	0 1270.16 120.08
0.0439453 45.8617 40.0684	0 2323.83 132.415
0.0441895 46.0316 41.2201	0 1761.19 143.835
0.0444336 42.2963 42.4094	0 1906.78 153.542
0.0446777 45.1555 43.6547	0 1662.34 160.964
0.0449219 33.74 44.9769	0 1306.81 165.935
0.045166 45.5104 46.3951	0 2102.07 168.811
0.0454102 46.215 47.9221	0 2125.87 170.461
0.0456543 43.1985 49.5618	0 2622.4 172.106
0.0458984 54.2734 51.3076	0 2711.79 175.052
0.0461426 44.5835 53.1433	0 1929.21 180.379
0.0463867 59.7009 55.0468	0 4349.46 188.708
0.0466309 57.6392 56.9949	0 2968.22 200.103
0.046875 55.5698 58.9688	0 3214.59 214.136
0.0471191 64.8147 60.9593	0 4117.22 230.081
0.0473633 74.7537 62.9699	0 4986.43 247.141
0.0476074 67.5066 65.0173	0 5279.53 264.647
0.0478516 62.7048 67.1292	0 4225.58 282.196
0.0480957 57.3235 69.34	0 3187.96 299.738
0.0483398 70.6648 71.6841	0 4295.79 317.66
0.048584 69.5504 74.1905	0 5030.63 336.885
0.0488281 70.7838 76.8773	0 5463.28 358.876
0.0490723 85.6767 79.748	0 6221.4 385.434
0.0493164 68.8816 82.791	0 4106.99 418.183
0.0495605 83.1936 85.9799	0 6399.88 457.839
0.0498047 98.3294 89.2762	0 9037.41 503.546
0.0500488 84.1889 92.6318	0 5804.74 552.684
0.050293 106.627 95.9924	0 12381.7 601.391
0.0505371 94.2747 99.2999	0 12518.8 645.706
0.0507812 112.528 102.494	0 13973.4 682.9
0.0510254 96.0504 105.517	0 6392.51 712.41
0.0512695 104.493 108.31	0 10348.8 735.962
0.0515137 137.234 110.821	0 13688.9 756.849
0.0517578 101.504 113.006	0 11006.9 778.704
0.052002 137.377 114.828	0 17810.1 804.264
0.0522461 117.568 116.263	0 11813 834.557
0.0524902 115.129 117.298	0 15683.7 868.679
0.0527344 135.445 117.933	0 13242.3 904.073
0.0529785 120.696 118.174	0 15804.8 937.092
0.0532227 115.646 118.038	0 13039.7 963.652
0.0534668 117.579 117.543	0 12589.5 979.846
0.0537109 131.085 116.711	0 14600.6 982.513
0.0539551 115.602 115.561	0 14684 969.703
0.0541992 117.434 114.113	0 10805.1 941.017
0.0544434 110.905 112.383	0 9578.07 897.73
0.0546875 116.762 110.391	0 14580.5 842.693
0.0549316 115.224 108.153	0 14072 780.031
0.0551758 101.858 105.691	0 13542.1 714.688
0.0554199 107.065 103.026	0 13854.4 651.864
0.0556641 111.643 100.182	0 13140.4 596.355
0.0559082 97.56 97.1864	0 7699.19 551.817
0.0561523 94.5844 94.0632	0 6885.32 520.06
0.0563965 75.3183 90.8374	0 5210.34 500.567
0.0566406 90.7292 87.5324	0 6793.21 490.463
0.0568848 90.0858 84.1709	0 9330.03 485.095
0.0571289 79.0718 80.7756	0 6480 479.158
0.057373 87.9169 77.3699	0 8697.27 468.08
0.0576172 83.8042 73.9777	0 20553.3 449.173
0.0578613 58.3203 70.6224	0 2912.77 422.151
0.0581055 57.9039 67.3254	0 2836.91 388.837
0.0583496 58.9066 64.1049	0 3707.11 352.243
0.0585938 57.6964 60.9744	0 3155.05 315.445
0.0588379 55.4873 57.9444	0 3664.63 280.709
0.059082 64.9736 55.0229	0 4261.54 249.139
0.0593262 54.9853 52.2187	0 2942.2 220.833
0.0595703 47.1698 49.5425	0 3548.78 195.339
0.0598145 46.7432 47.0083	0 1542.34 172.142
0.0600586 38.7428 44.632	0 1376.25 150.949
0.0603027 34.1991 42.4287	0 1112.96 131.745
0.0605469 38.5373 40.4096	0 1308.87 114.662
0.060791 34.805 38.5785	0 1354.85 99.8112
0.0610352 32.5985 36.9297	0 859.615 87.1794
0.0612793 32.0849 35.4475	0 749.195 76.6318
0.0615234 38.1914 34.1079	0 1548.51 67.9777
0.0617676 30.2173 32.881	0 1074.38 61.0292
0.0620117 29.4904 31.7352	0 1188.71 55.6095
0.0622559 27.0688 30.6411	0 603.541 51.5168
0.0625 41.7562 29.5743	0 1264.58 48.4848
0.0627441 26.6387 28.5179	0 696.851 46.1784
0.0629883 27.1981 27.4633	0 753.612 44.2324
0.0632324 24.2858 26.4096	0 450.769 42.3128
0.0634766 25.7839 25.3618	0 545.299 40.1738
0.0637207 24.4135 24.3295	0 746.55 37.6931
0.0639648 22.4528 23.3237	0 514.066 34.8792
0.064209 21.4969 22.3558	0 464.767 31.8533
0.0644531 19.075 21.4352	0 349.038 28.8083
0.0646973 19.3091 20.5691	0 308.969 25.9521
0.0649414 19.919 19.762	0 383.038 23.4522
0.0651855 19.2313 19.0158	0 411.354 21.3984
0.0654297 17.1307 18.3301	0 249.238 19.7941
0.0656738 16.902 17.703	0 295.176 18.5741
0.065918 14.4867 17.1312	0 228.12 17.636
0.0661621 18.8895 16.6109	0 352.943 16.8718
0.0664062 13.6517 16.1376	0 280.889 16.1881
0.0666504 15.7801 15.7069	0 154.662 15.5163
0.0668945 14.0917 15.3145	0 163.386 14.8137
0.0671387 15.9012 14.9561	0 300.799 14.0619
0.0673828 14.1901 14.6277	0 154.912 13.264
0.067627 15.7005 14.3254	0 319.095 12.4413
0.0678711 12.2986 14.045	0 170.093 11.6296
0.0681152 13.2682 13.782	0 183.223 10.8713
0.0683594 11.4264 13.5315	0 119.72 10.206
0.0686035 13.4974 13.2883	0 166.052 9.65958
0.0688477 15.1093 13.0476	0 203.079 9.23796
0.0690918 11.9262 12.805	0 160.616 8.92601
0.0693359 14.6257 12.5578	0 254.619 8.69339
0.0695801 13.4408 12.305	0 201.034 8.50415
0.0698242 10.4208 12.0478	0 103.965 8.32648
0.0700684 10.9943 11.7891	0 103.133 8.13945
0.0703125 12.6453 11.5334	0 141.985 7.93499
0.0705566 12.1852 11.2853	0 218.925 7.71554
0.0708008 8.34364 11.0492	0 53.222 7.48878
0.0710449 11.4726 10.828	0 133.514 7.26182
0.0712891 9.82559 10.6228	0 114.292 7.03723
0.0715332 9.67876 10.4326	0 116.353 6.81209
0.0717773 8.36679 10.2547	0 61.5884 6.5806
0.0720215 12.2811 10.0854	0 167.506 6.33868
0.0722656 10.1873 9.92069	0 137.789 6.08835
0.0725098 10.1084 9.75749	0 79.7307 5.83949
0.0727539 9.88687 9.59399	0 130.283 5.60777
0.072998 10.8854 9.43007	0 95.4707 5.40913
0.0732422 8.3475 9.26718	0 74.2822 5.25339
0.0734863 8.30478 9.10782	0 64.7596 5.13999
0.0737305 8.02531 8.95484	0 68.7436 5.058
0.0739746 9.28942 8.81075	0 82.5124 4.99026
0.0742188 8.09881 8.67718	0 48.0969 4.91896
0.0744629 7.84867 8.55464	0 58.4928 4.8295
0.074707 8.83721 8.44263	0 88.3931 4.71097
0.0749512 8.4608 8.34001	0 59.9529 4.55452
0.0751953 7.7533 8.24548	0 78.0987 4.35278
0.0754395 8.32235 8.15805	0 67.3191 4.10263
0.0756836 9.74069 8.07732	0 97.8328 3.81072
0.0759277 7.95682 8.00355	0 60.1822 3.49798
0.0761719 5.98687 7.93745	0 39.8536 3.19882
0.076416 7.92242 7.87981	0 59.9337 2.95322
0.0766602 7.88332 7.83112	0 47.9237 2.79455
0.0769043 7.04902 7.79122	0 47.4531 2.73866
0.0771484 7.87451 7.75911	0 64.1305 2.77969
0.0773926 7.58569 7.733	0 54.7329 2.89419
0.0776367 8.09375 7.71055	0 67.5245 3.05083
0.0778809 8.07091 7.68922	0 74.108 3.22058
0.078125 7.61392 7.66673	0 44.866 3.38283
0.0783691 7.56518 7.6414	0 41.4465 3.52593
0.0786133 6.78704 7.61243	0 38.436 3.64387
0.0788574 8.70296 7.57999	0 62.2306 3.7323
0.0791016 8.69765 7.54511	0 72.8124 3.78633
0.0793457 7.37224 7.50938	0 42.9682 3.80082
0.0795898 6.44044 7.47457	0 39.2741 3.77226
0.079834 7.10453 7.44215	0 45.4487 3.70082
0.0800781 6.76988 7.41296	0 39.9285 3.59156
0.0803223 7.675 7.38694	0 75.3955 3.45435
0.0805664 6.57649 7.36314	0 37.6566 3.30278
0.0808105 8.76557 7.33992	0 49.7109 3.15196
0.0810547 6.51339 7.31522	0 37.1141 3.01574
0.0812988 8.35727 7.287	0 60.1257 2.9038
0.081543 7.24237 7.25359	0 55.7445 2.81958
0.0817871 7.07462 7.21389	0 64.5895 2.75938
0.0820312 7.17904 7.16747	0 50.4367 2.71328
0.0822754 7.35494 7.1146	0 40.3213 2.66732
0.0825195 7.19246 7.05606	0 50.9408 2.60687
0.0827637 6.82733 6.99306	0 48.6956 2.52048
0.0830078 6.8585 6.9271	0 38.5172 2.4035
0.083252 7.01032 6.85994	0 41.7534 2.2601
0.0834961 6.7118 6.79355	0 49.6973 2.10276
0.0837402 6.32055 6.73018	0 30.9505 1.94908
0.0839844 7.95202 6.67228	0 48.9284 1.81709
0.0842285 5.84651 6.62247	0 29.3552 1.72116
0.0844727 5.95281 6.58337	0 33.7475 1.67037
0.0847168 6.46988 6.55739	0 38.8895 1.66926
0.0849609 6.21192 6.54642	0 30.7243 1.7197
0.0852051 6.64294 6.55153	0 33.8715 1.82186
0.0854492 6.1164 6.57272	0 26.8035 1.97305
0.0856934 5.78036 6.60876	0 29.022 2.16522
0.0859375 6.47394 6.65715	0 51.5796 2.38283
0.0861816 7.00502 6.71435	0 51.6491 2.60327
0.0864258 6.57647 6.77608	0 41.1916 2.80013
0.0866699 6.75962 6.83783	0 39.9256 2.94847
0.0869141 6.43177 6.89536	0 31.5985 3.03013
0.0871582 8.47615 6.94523	0 74.3724 3.03724
0.0874023 7.86147 6.9851	0 53.1653 2.97317
0.0876465 7.16007 7.01391	0 32.9011 2.85113
0.0878906 7.44058 7.03182	0 60.6146 2.6913
0.0881348 5.98523 7.03994	0 26.2006 2.51713
0.0883789 6.28439 7.04006	0 37.5407 2.3518
0.088623 7.64369 7.03426	0 50.8481 2.21504
0.0888672 7.28277 7.02469	0 41.3189 2.12093
0.0891113 7.2359 7.01333	0 44.1796 2.07688
0.0893555 7.95774 7.00196	0 58.1818 2.08374
0.0895996 6.09392 6.99204	0 31.0407 2.13683
0.0898438 6.3841 6.98471	0 45.8599 2.22746
0.0900879 6.76902 6.98075	0 46.8806 2.34469
0.090332 6.92804 6.98056	0 52.7868 2.47691
0.0905762 7.92239 6.98415	0 43.3933 2.61309
0.0908203 6.05761 6.99117	0 35.8504 2.74342
0.0910645 7.17176 7.00099	0 50.8895 2.85944
0.0913086 6.76667 7.01286	0 35.1811 2.95378
0.0915527 7.89928 7.02603	0 57.1741 3.0201
0.0917969 6.43917 7.03991	0 41.4031 3.05368
0.092041 6.72649 7.05419	0 30.3648 3.05261
0.0922852 7.59227 7.0689	0 45.4119 3.01928
0.0925293 7.41529 7.08441	0 56.9971 2.96124
0.0927734 6.61656 7.10135	0 26.9419 2.89083
0.0930176 7.36834 7.12046	0 43.1539 2.82316
0.0932617 6.98245 7.14251	0 48.3999 2.773
0.0935059 7.27112 7.1681	0 46.477 2.75119
0.09375 6.35495 7.19761	0 79.4833 2.76197
0.0939941 7.19383 7.23119	0 38.872 2.80224
0.0942383 7.22985 7.26883	0 49.949 2.86342
0.0944824 7.37662 7.31043	0 58.1793 2.93558
0.0947266 8.29666 7.35589	0 51.7408 3.012
0.0949707 7.44836 7.40509	0 58.0462 3.09196
0.0952148 6.97236 7.45783	0 39.4717 3.17973
0.095459 6.77315 7.51356	0 45.1717 3.28041
0.0957031 7.69194 7.57129	0 50.4166 3.3948
0.0959473 7.72827 7.62935	0 64.8793 3.51665
0.0961914 7.56717 7.68544	0 58.692 3.63397
0.0964355 6.93544 7.73682	0 58.557 3.73336
0.0966797 8.52558 7.78068	0 90.0403 3.80449
0.0969238 8.30216 7.81467	0 73.4831 3.84215
0.097168 9.04434 7.8374	0 75.8818 3.84529
0.0974121 7.71431 7.84884	0 55.209 3.81472
0.0976562 8.67522 7.85053	0 92.0269 3.75173
0.0979004 6.89049 7.84543	0 40.0347 3.65851
0.0981445 7.91875 7.83759	0 66.0732 3.5394
0.0983887 8.46871 7.83149	0 55.5351 3.40124
0.0986328 6.73543 7.83138	0 37.5922 3.25195
0.098877 8.38816 7.84057	0 66.3647 3.0982
0.0991211 6.93773 7.86093	0 56.4426 2.94423
0.0993652 6.54959 7.89269	0 44.1877 2.79289
0.0996094 7.44761 7.93454	0 64.6225 2.6486
0.0998535 8.68237 7.98397	0 73.0227 2.51993
0.100098 8.66959 8.03793	0 61.7983 2.41993
0.100342 8.65272 8.0934	0 66.5534 2.36328
0.100586 8.69346 8.14801	0 43.1473 2.36184
0.10083 7.56259 8.20029	0 65.1371 2.42064
0.101074 8.09108 8.24978	0 65.0265 2.53619
0.101318 8.58388 8.29683	0 68.0195 2.6975
0.101562 8.99915 8.34224	0 106.431 2.88877
0.101807 7.34905 8.38686	0 49.9462 3.09262
0.102051 7.95625 8.43122	0 42.9902 3.29317
0.102295 8.4287 8.47534	0 82.7283 3.47883
0.102539 8.5571 8.51869	0 70.4278 3.64433
0.102783 9.57632 8.56029	0 63.3306 3.79146
0.103027 8.91125 8.59891	0 52.9981 3.92738
0.103271 7.73572 8.6333	0 64.0641 4.06055
0.103516 9.04229 8.66233	0 106.047 4.19522
0.10376 9.20971 8.68519	0 67.4639 4.32707
0.104004 8.53753 8.70143	0 61.0661 4.44232
0.104248 7.56269 8.71102	0 60.7178 4.52155
0.104492 9.97746 8.71434	0 108.469 4.54707
0.104736 9.87188 8.71218	0 80.9886 4.51073
0.10498 7.62796 8.70561	0 68.4779 4.41864
0.105225 8.81919 8.69594	0 75.4911 4.29074
0.105469 8.67754 8.6845	0 65.862 4.15556
0.105713 8.63351 8.67246	0 50.1537 4.04295
0.105957 8.38786 8.66059	0 88.1107 3.97756
0.106201 8.45026 8.64918	0 43.3917 3.97491
0.106445 9.64735 8.63788	0 121.901 4.04013
0.106689 7.12015 8.62572	0 45.3205 4.16843
0.106934 8.63539 8.61126	0 106.488 4.34647
0.107178 9.56851 8.59269	0 99.7655 4.55384
0.107422 8.78661 8.5681	0 79.7995 4.76462
0.107666 9.02674 8.53567	0 89.2659 4.94885
0.10791 8.25026 8.49395	0 70.7671 5.07449
0.108154 7.71297 8.44202	0 62.9839 5.11068
0.108398 9.25936 8.37975	0 83.0273 5.03286
0.108643 8.17271 8.3079	0 73.4209 4.82931
0.108887 9.13489 8.22821	0 84.3972 4.50688
0.109131 7.75356 8.14336	0 51.7078 4.09318
0.109375 8.66478 8.05673	0 77.1184 3.6335
0.109619 8.64778 7.97206	0 86.854 3.18253
0.109863 7.37024 7.89295	0 66.0123 2.79318
0.110107 5.78973 7.82242	0 31.1289 2.50609
0.110352 7.32052 7.76249	0 50.4927 2.34261
0.110596 7.40612 7.71396	0 54.0816 2.30323
0.11084 8.59134 7.67643	0 69.4785 2.3712
0.111084 7.74833 7.64846	0 59.5293 2.51958
0.111328 7.56564 7.62798	0 43.1272 2.71923
0.111572 7.43281 7.6126	0 43.1664 2.94495
0.111816 8.17979 7.59995	0 58.1668 3.17797
0.112061 6.32932 7.58793	0 35.2413 3.40467
0.112305 8.67017 7.57478	0 52.9469 3.61284
0.112549 7.11121 7.55917	0 53.5044 3.78816
0.112793 7.38928 7.54014	0 70.9933 3.91375
0.113037 8.18624 7.51707	0 104.994 3.97387
0.113281 7.26974 7.48965	0 61.8444 3.96042
0.113525 8.01562 7.45782	0 90.7535 3.87883
0.11377 7.2494 7.42171	0 39.2851 3.74935
0.114014 7.56031 7.38152	0 38.49 3.60193
0.114258 6.7172 7.33749	0 49.2091 3.46663
0.114502 7.60585 7.28985	0 46.1581 3.36376
0.114746 6.95396 7.23886	0 55.6767 3.29869
0.11499 7.5901 7.18486	0 68.6008 3.26321
0.115234 7.19941 7.1284	0 58.6284 3.24203
0.115479 6.9867 7.07037	0 47.7206 3.22067
0.115723 7.25263 7.01202	0 57.1378 3.19072
0.115967 8.13015 6.9549	0 69.314 3.15095
0.116211 5.82044 6.90072	0 35.0125 3.10469
0.116455 6.25102 6.85112	0 37.1719 3.05578
0.116699 6.36397 6.80737	0 39.8525 3.00563
0.116943 6.17714 6.77018	0 32.4873 2.95277
0.117188 8.62055 6.73959	0 70.5814 2.89468
0.117432 5.5946 6.71498	0 27.4927 2.83059
0.117676 5.95595 6.69522	0 54.6689 2.76333
0.11792 7.19757 6.67891	0 44.9356 2.69921
0.118164 6.48914 6.66463	0 33.7521 2.64599
0.118408 7.2802 6.65116	0 58.7423 2.60998
0.118652 7.09809 6.63757	0 37.1733 2.59375
0.118896 6.01633 6.62326	0 40.1326 2.5953
0.119141 6.9599 6.60786	0 41.3593 2.60865
0.119385 6.06783 6.59107	0 34.3817 2.6257
0.119629 6.24833 6.57251	0 39.4502 2.6384
0.119873 7.01574 6.55169	0 60.4768 2.64065
0.120117 6.6686 6.52797	0 43.1075 2.62963
0.120361 5.69877 6.50078	0 34.4453 2.60611
0.120605 7.54528 6.46976	0 51.65 2.57381
0.12085 6.84615 6.43502	0 54.0715 2.53799
0.121094 6.04249 6.39729	0 44.2227 2.50368
0.121338 6.70091 6.35795	0 35.3836 2.47414
0.121582 6.13631 6.31896	0 33.3775 2.45021
0.121826 5.98249 6.28256	0 31.4991 2.43061
0.12207 6.53772 6.25096	0 44.3652 2.413
0.122314 5.64726 6.22594	0 27.2825 2.39492
0.122559 6.02698 6.20855	0 40.3861 2.37419
0.122803 6.25801 6.19883	0 36.9412 2.34865
0.123047 5.26224 6.19589	0 24.1908 2.316
0.123291 5.70971 6.19793	0 31.3928 2.27408
0.123535 7.32919 6.20264	0 67.3561 2.22203
0.123779 6.0351 6.20746	0 30.2707 2.16178
0.124023 6.60702 6.20998	0 47.6783 2.09876
0.124268 6.89084 6.20815	0 48.3989 2.04114
0.124512 6.24633 6.20039	0 41.7903 1.99713
0.124756 5.90337 6.18564	0 32.7625 1.97136
0.125 5.34812 6.1633	0 23.2394 1.96195
0.125244 6.55504 6.13317	0 47.8927 1.96003
0.125488 5.91329 6.0954	0 40.2623 1.95228
0.125732 6.88459 6.05059	0 32.0253 1.92567
0.125977 6.52525 5.99979	0 32.3936 1.87271
0.126221 6.2645 5.94453	0 48.7947 1.79495
0.126465 5.81049 5.88675	0 27.5105 1.70334
0.126709 5.37994 5.8287	0 28.9072 1.61502
0.126953 5.06846 5.77263	0 29.1763 1.54758
0.127197 5.67078 5.72063	0 27.9803 1.51275
0.127441 5.49677 5.67437	0 23.2678 1.51219
0.127686 5.86139 5.63498	0 31.0503 1.53721
0.12793 6.07157 5.60297	0 55.2783 1.57255
0.128174 4.95188 5.57828	0 31.2973 1.60262
0.128418 5.2626 5.56035	0 29.481 1.61731
0.128662 5.67832 5.54824	0 25.4809 1.61516
0.128906 5.12111 5.54074	0 30.0514 1.60271
0.12915 5.49928 5.53647	0 36.0438 1.59087
0.129395 6.07763 5.53403	0 30.0861 1.58998
0.129639 5.48741 5.53211	0 30.2945 1.60561
0.129883 5.69839 5.52954	0 27.2486 1.63633
0.130127 5.07858 5.52544	0 20.4907 1.67402
0.130371 5.68788 5.51922	0 38.8256 1.70639
0.130615 5.90816 5.5106	0 32.1423 1.72092
0.130859 5.15398 5.49959	0 38.8363 1.70892
0.131104 6.03424 5.48647	0 29.1223 1.66858
0.131348 5.40358 5.47169	0 28.3168 1.60586
0.131592 4.94353 5.45582	0 19.6882 1.5331
0.131836 5.63403 5.43944	0 30.3075 1.46586
0.13208 5.08569 5.42315	0 22.6577 1.41906
0.132324 5.82305 5.40743	0 28.2085 1.40354
0.132568 6.00379 5.39264	0 32.9282 1.42389
0.132812 4.61839 5.37893	0 22.7598 1.47758
0.133057 5.22728 5.36623	0 35.4155 1.55563
0.133301 5.29154 5.35424	0 29.5623 1.64431
0.133545 5.43764 5.3425	0 34 1.72775
0.133789 5.23831 5.33048	0 39.6215 1.79089
0.134033 5.31963 5.31776	0 32.7615 1.82216
0.134277 5.61073 5.30415	0 33.3692 1.8157
0.134521 5.36933 5.28982	0 21.2775 1.77245
0.134766 5.82004 5.27536	0 27.6767 1.7002
0.13501 4.77916 5.26167	0 25.603 1.61218
0.135254 5.30573 5.24983	0 27.7062 1.52431
0.135498 5.18271 5.24085	0 25.7367 1.45156
0.135742 4.76371 5.23543	0 22.671 1.40428
0.135986 4.88659 5.23384	0 18.3388 1.38567
0.13623 4.84917 5.23582	0 38.8458 1.39139
0.136475 5.84851 5.24066	0 23.9673 1.41156
0.136719 5.35967 5.24736	0 29.887 1.43466
0.136963 5.36825 5.25483	0 30.031 1.4519
0.137207 5.41589 5.26201	0 34.6744 1.46049
0.137451 5.2889 5.26804	0 26.6738 1.46449
0.137695 5.10736 5.27223	0 23.1597 1.47299
0.137939 5.26047 5.27405	0 21.9651 1.49615
0.138184 5.05508 5.27308	0 19.2908 1.54073
0.138428 5.4707 5.26897	0 27.3687 1.60679
0.138672 5.12087 5.26149	0 22.1772 1.68686
0.138916 5.652 5.25059	0 32.3962 1.76773
0.13916 4.99237 5.23647	0 21.3496 1.83417
0.139404 6.08287 5.21968	0 38.5449 1.87326
0.139648 4.98882 5.20108	0 31.6625 1.8781
0.139893 5.27334 5.18171	0 26.4086 1.84976
0.140137 4.69913 5.16264	0 19.0985 1.79706
0.140381 5.05162 5.14471	0 22.2894 1.73386
0.140625 4.87508 5.12837	0 22.968 1.67462
0.140869 5.00781 5.11354	0 32.7688 1.62931
0.141113 5.14026 5.09963	0 26.1684 1.59972
0.141357 4.94226 5.08565	0 26.557 1.57873
0.141602 5.70557 5.07044	0 29.7259 1.55343
0.141846 5.02765 5.05288	0 30.1691 1.51101
0.14209 5.15411 5.03217	0 26.6527 1.44468
0.142334 5.15082 5.00792	0 19.9356 1.35689
0.142578 4.6131 4.98027	0 22.7699 1.25826
0.142822 5.20885 4.94984	0 22.9783 1.16304
0.143066 5.23088 4.91767	0 19.5155 1.08367
0.143311 5.00461 4.88504	0 23.6348 1.02711
0.143555 4.39927 4.8534	0 16.0573 0.994285
0.143799 4.13025 4.82419	0 15.0168 0.982044
0.144043 5.28876 4.79874	0 31.2664 0.986015
0.144287 4.9822 4.77817	0 20.2793 1.0027
0.144531 4.82807 4.76331	0 20.9116 1.03003
0.144775 4.34836 4.75455	0 19.237 1.06675
0.14502 4.61212 4.7518	0 18.7091 1.11137
0.145264 4.08291 4.75444	0 16.7096 1.16145
0.145508 5.40549 4.7613	0 27.3041 1.21353
0.145752 4.38043 4.77077	0 14.1072 1.26342
0.145996 4.1839 4.78107	0 15.7481 1.30682
0.14624 5.59854 4.79047	0 25.7179 1.33977
0.146484 4.81074 4.79763	0 24.6673 1.35911
0.146729 5.50784 4.80187	0 22.808 1.3628
0.146973 4.80485 4.80331	0 21.9516 1.35019
0.147217 4.75647 4.80281	0 15.318 1.3225
0.147461 4.54372 4.80178	0 24.9987 1.28346
0.147705 5.21505 4.80179	0 26.4666 1.24
0.147949 4.22307 4.80413	0 21.812 1.20217
0.148193 4.69647 4.80943	0 18.4229 1.18163
0.148438 4.07845 4.81736	0 16.0263 1.18861
0.148682 4.93514 4.82667	0 21.2214 1.22812
0.148926 4.59806 4.83534	0 24.473 1.29718
0.14917 5.14526 4.84099	0 31.7184 1.38468
0.149414 5.46667 4.84137	0 54.1059 1.47434
0.149658 5.42789 4.83482	0 26.6335 1.54983
0.149902 5.22689 4.82057	0 21.9649 1.59972
0.150146 5.16058 4.79888	0 30.8493 1.6202
0.150391 4.04057 4.77086	0 18.239 1.61469
0.150635 4.74148 4.73821	0 22.3367 1.59086
0.150879 4.45867 4.70281	0 19.5883 1.55696
0.151123 4.82111 4.66642	0 19.9883 1.51912
0.151367 4.07218 4.6304	0 15.705 1.48038
0.151611 4.55852 4.59565	0 21.8386 1.44128
0.151855 5.53929 4.5626	0 31.1648 1.40091
0.1521 4.11998 4.53142	0 20.767 1.35804
0.152344 4.50798 4.50214	0 20.2697 1.3117
0.152588 4.30649 4.47479	0 29.6756 1.26158
0.152832 4.03153 4.44952	0 14.5911 1.20816
0.153076 5.01342 4.42656	0 21.5735 1.15299
0.15332 4.63655 4.40623	0 28.1105 1.09868
0.153564 3.7459 4.38883	0 12.6689 1.04868
0.153809 4.25464 4.37461	0 15.1029 1.0065
0.154053 4.37918 4.36366	0 18.5624 0.974578
0.154297 4.3457 4.35596	0 15.6109 0.953189
0.154541 4.39616 4.35136	0 13.5101 0.940115
0.154785 4.49098 4.34961	0 20.2003 0.93149
0.155029 4.03892 4.35043	0 11.529 0.923665
0.155273 4.27771 4.35348	0 18.4834 0.915156
0.155518 4.69924 4.35841	0 19.4862 0.907493
0.155762 4.36219 4.36479	0 20.3735 0.904265
0.156006 3.97968 4.37214	0 16.2774 0.908728
0.15625 4.62453 4.37982	0 15.9272 0.921308
0.156494 4.06876 4.38711	0 15.3515 0.938533
0.156738 4.53298 4.3932	0 18.4714 0.95414
0.156982 4.28398 4.3973	0 21.1861 0.961828
0.157227 4.67615 4.39873	0 23.9135 0.958138
0.157471 4.85618 4.39706	0 21.1769 0.943931
0.157715 4.19015 4.39216	0 19.3295 0.923822
0.157959 4.64961 4.38432	0 15.4857 0.904112
0.158203 4.26188 4.37417	0 20.1577 0.890476
0.158447 3.96407 4.36268	0 14.9632 0.886532
0.158691 4.44668 4.35103	0 19.1976 0.893624
0.158936 4.6027 4.34047	0 16.8294 0.911376
0.15918 4.49317 4.33217	0 25.8074 0.938259
0.159424 4.39141 4.32706	0 14.4487 0.971773
0.159668 3.50886 4.32569	0 14.6762 1.00838
0.159912 4.28664 4.32813	0 17.4818 1.04374
0.160156 3.94327 4.33398	0 14.6262 1.07354
0.1604 4.82176 4.34237	0 20.5297 1.09478
0.160645 4.31845 4.35214	0 14.783 1.107
0.160889 4.64373 4.36199	0 15.7401 1.11249
0.161133 4.30238 4.37069	0 17.3669 1.11564
0.161377 3.88391 4.37726	0 14.328 1.12148
0.161621 4.85993 4.38105	0 17.8324 1.13417
0.161865 5.05381 4.38179	0 22.1345 1.15601
0.162109 4.09426 4.3795	0 17.5434 1.18714
0.162354 4.54268 4.37437	0 21.1783 1.22559
0.162598 4.04126 4.3666	0 14.2367 1.26752
0.162842 4.17824 4.35634	0 19.9368 1.30748
0.163086 3.71688 4.34364	0 16.1489 1.3389
0.16333 4.80788 4.32854	0 25.6051 1.35488
0.163574 4.91982 4.31127	0 22.8797 1.34958
0.163818 4.25156 4.29233	0 23.9386 1.31977
0.164062 4.74408 4.27264	0 23.665 1.26624
0.164307 4.49351 4.25352	0 19.51 1.1943
0.164551 3.60644 4.23651	0 11.7234 1.11302
0.164795 3.80694 4.22312	0 15.8467 1.03324
0.165039 3.94354 4.21456	0 10.0333 0.965067
0.165283 4.10821 4.21138	0 16.0119 0.915781
0.165527 4.07342 4.21339	0 14.0351 0.888851
0.165771 4.10903 4.21955	0 14.2685 0.88418
0.166016 4.84514 4.22817	0 21.4239 0.899056
0.16626 3.78257 4.23712	0 11.3928 0.929117
0.166504 4.35978 4.24421	0 20.7448 0.96895
0.166748 3.93237 4.24753	0 9.61558 1.01243
0.166992 4.73369 4.24576	0 19.496 1.05315
0.167236 4.90854 4.23835	0 22.8655 1.08521
0.16748 4.48754 4.22559	0 27.6333 1.10405
0.167725 4.93307 4.20853	0 17.9692 1.10713
0.167969 2.86663 4.18872	0 8.25429 1.09409
0.168213 3.95953 4.16798	0 16.9544 1.06646
0.168457 3.96212 4.14811	0 20.4229 1.02742
0.168701 4.48831 4.13063	0 24.6265 0.981518
0.168945 3.866 4.11663	0 14.001 0.934496
0.169189 4.82189 4.1067	0 16.0254 0.892861
0.169434 3.56701 4.10093	0 14.0423 0.863093
0.169678 3.70446 4.09898	0 12.4888 0.850554
0.169922 3.89822 4.10017	0 12.9927 0.858375
0.170166 4.37647 4.10365	0 22.1219 0.886581
0.17041 4.36453 4.10849	0 13.9843 0.931675
0.170654 3.62805 4.11388	0 13.1747 0.986776
0.170898 4.43616 4.11925	0 21.2267 1.04245
0.171143 4.59381 4.12438	0 15.6527 1.08829
0.171387 3.4975 4.12946	0 11.8202 1.11518
0.171631 4.63249 4.13496	0 20.6147 1.11784
0.171875 4.43754 4.14157	0 21.7105 1.09678
0.172119 3.75379 4.14991	0 16.6489 1.05896
0.172363 3.85781 4.16032	0 24.2529 1.01641
0.172607 3.87357 4.17272	0 13.5668 0.983014
0.172852 3.85154 4.18655	0 15.7683 0.970183
0.173096 4.28085 4.20082	0 19.6329 0.983188
0.17334 4.40213 4.21438	0 20.6675 1.01954
0.173584 4.89881 4.22614	0 23.6214 1.07025
0.173828 4.09933 4.23542	0 18.1949 1.12355
0.174072 4.73151 4.24201	0 30.0165 1.1693
0.174316 4.25044 4.24633	0 16.1199 1.20225
0.174561 4.12718 4.24916	0 29.5106 1.22273
0.174805 3.98893 4.25149	0 17.7897 1.23488
0.175049 3.97165 4.25416	0 14.6658 1.24364
0.175293 4.09737 4.25757	0 14.3258 1.2519
0.175537 4.0938 4.26155	0 17.3792 1.2593
0.175781 4.28929 4.26533	0 16.355 1.26278
0.176025 5.08778 4.26773	0 18.4846 1.25839
0.17627 3.56571 4.26736	0 16.8457 1.24341
0.176514 4.62838 4.26302	0 24.3437 1.21768
0.176758 4.45363 4.25402	0 18.5595 1.18363
0.177002 4.25984 4.24036	0 21.1532 1.14534
0.177246 4.57765 4.22287	0 18.9265 1.10705
0.17749 4.68448 4.20308	0 20.5973 1.07211
0.177734 4.06287 4.18301	0 15.7584 1.0425
0.177979 3.77637 4.16474	0 16.7444 1.01906
0.178223 3.94444 4.15006	0 15.0577 1.00191
0.178467 3.40916 4.14005	0 12.3899 0.990745
0.178711 3.90825 4.13492	0 11.9559 0.984864
0.178955 4.06329 4.13393	0 10.7138 0.982975
0.179199 4.39782 4.13558	0 18.3047 0.983043
0.179443 4.24523 4.13788	0 14.655 0.982416
0.179688 4.9535 4.13877	0 25.1734 0.97825
0.179932 3.6945 4.13646	0 20.8498 0.968096
0.180176 3.98673 4.12973	0 17.9143 0.950404
0.18042 4.85254 4.11806	0 18.9285 0.924839
0.180664 4.01034 4.10169	0 15.6481 0.892358
0.180908 3.90384 4.0815	0 11.1319 0.855137
0.181152 4.07366 4.05882	0 14.5373 0.816341
0.181396 4.29067 4.03524	0 17.1824 0.779689
0.181641 3.51604 4.01236	0 11.019 0.748763
0.181885 4.24834 3.9916	0 14.3036 0.726174
0.182129 4.10599 3.97405	0 17.9353 0.712814
0.182373 3.49924 3.96035	0 10.4526 0.707567
0.182617 3.4515 3.95067	0 9.07884 0.707684
0.182861 4.29563 3.94474	0 15.9476 0.709816
0.183105 3.65553 3.94189	0 11.7107 0.711367
0.18335 4.30089 3.94122	0 16.6152 0.711614
0.183594 4.01879 3.94168	0 22.0996 0.712111
0.183838 4.21412 3.94221	0 15.9 0.716146
0.184082 3.11619 3.94183	0 6.52167 0.727439
0.184326 4.39572 3.93977	0 16.8488 0.748617
0.18457 4.16563 3.93545	0 23.1548 0.780061
0.184814 3.93938 3.92858	0 13.0859 0.819559
0.185059 3.7682 3.91917	0 10.8197 0.862831
0.185303 4.08174 3.90758	0 15.4008 0.904668
0.185547 3.84 3.89446	0 15.5981 0.940276
0.185791 3.884 3.88079	0 20.0605 0.966404
0.186035 4.32303 3.86768	0 19.6084 0.981939
0.186279 3.75074 3.8563	0 10.4222 0.987816
0.186523 3.53753 3.84765	0 11.1088 0.986302
0.186768 3.35662 3.84236	0 11.2517 0.979937
0.187012 4.19383 3.84056	0 19.8557 0.970566
0.187256 3.31719 3.84182	0 11.6394 0.958922
0.1875 3.43886 3.84518	0 10.4968 0.944966
0.187744 4.31947 3.84937	0 18.179 0.928807
0.187988 4.22125 3.85298	0 17.095 0.911678
0.188232 3.93771 3.85478	0 8.97069 0.896326
0.188477 4.08461 3.85387	0 19.535 0.886426
0.188721 3.88678 3.84984	0 15.5485 0.885177
0.188965 3.95261 3.84275	0 11.5624 0.89372
0.189209 3.48312 3.83308	0 9.88064 0.910238
0.189453 3.53287 3.82151	0 17.1353 0.930247
0.189697 4.40247 3.80878	0 14.0013 0.947998
0.189941 3.86937 3.79554	0 20.517 0.958321
0.190186 3.18601 3.78219	0 6.85024 0.958086
0.19043 3.94913 3.76896	0 17.8821 0.946761
0.190674 3.82296 3.75588	0 13.1719 0.926069
0.190918 3.45871 3.74296	0 10.6719 0.899152
0.191162 3.9349 3.7303	0 14.3489 0.86972
0.191406 4.15406 3.71825	0 19.4222 0.841442
0.19165 3.46657 3.70744	0 13.3658 0.817563
0.191895 3.66504 3.69878	0 11.3264 0.80057
0.192139 3.79169 3.69326	0 12.4762 0.791806
0.192383 3.75651 3.69182	0 16.2699 0.791081
0.192627 3.46201 3.69498	0 10.2298 0.796498
0.192871 3.02198 3.7027	0 8.23399 0.804702
0.193115 3.57122 3.71418	0 12.8883 0.811613
0.193359 3.78855 3.72794	0 12.9414 0.813511
0.193604 3.30929 3.74198	0 11.7466 0.80817
0.193848 4.20069 3.75414	0 15.6037 0.79569
0.194092 4.16946 3.7625	0 16.8174 0.778726
0.194336 4.61246 3.76572	0 22.6609 0.761939
0.19458 3.938 3.7633	0 11.5163 0.750726
0.194824 3.35162 3.75565	0 14.3848 0.749619
0.195068 3.93177 3.74394	0 13.378 0.760959
0.195312 3.40543 3.72991	0 13.5078 0.784432
0.195557 3.37427 3.71543	0 10.1748 0.817685
0.195801 3.90443 3.70228	0 18.1196 0.857662
0.196045 3.84822 3.69181	0 15.8482 0.901936
0.196289 3.38943 3.68482	0 10.3491 0.949276
0.196533 3.32728 3.68152	0 6.31831 0.999178
0.196777 3.7977 3.6816	0 16.5288 1.05067
0.197021 3.72509 3.68434	0 16.5156 1.10109
0.197266 3.79134 3.68874	0 16.1472 1.14564
0.19751 3.55551 3.69365	0 8.86683 1.178
0.197754 4.06726 3.69792	0 19.4005 1.19193
0.197998 3.39244 3.70044	0 10.548 1.18327
0.198242 3.78122 3.70025	0 24.2867 1.15139
0.198486 3.93854 3.69656	0 15.9884 1.09976
0.19873 3.25784 3.68885	0 10.665 1.03516
0.198975 4.40203 3.67692	0 20.473 0.966052
0.199219 3.37076 3.66094	0 12.1554 0.900521
0.199463 4.0143 3.64144	0 13.2767 0.844579
0.199707 3.59387 3.61934	0 9.96661 0.801193
0.199951 3.77964 3.59585	0 14.6116 0.770272
0.200195 3.46009 3.57234	0 9.67065 0.749466
0.200439 3.01784 3.55019	0 8.66589 0.735406
0.200684 3.60055 3.53067	0 10.7975 0.724902
0.200928 3.62539 3.51471	0 18.5088 0.715697
0.201172 3.51213 3.50289	0 9.58887 0.706634
0.201416 3.01123 3.49533	0 8.46297 0.697418
0.20166 3.81087 3.49173	0 13.9278 0.688356
0.201904 2.99072 3.49142	0 8.13898 0.680331
0.202148 3.85086 3.49348	0 16.1979 0.67494
0.202393 3.24805 3.49688	0 9.76182 0.674411
0.202637 3.62025 3.50066	0 10.2953 0.680964
0.202881 3.91241 3.50398	0 15.5122 0.69573
0.203125 3.19026 3.50624	0 9.2218 0.717794
0.203369 3.6553 3.5071	0 13.3675 0.74401
0.203613 3.65555 3.50643	0 15.1564 0.769848
0.203857 3.63145 3.50422	0 15.4891 0.790838
0.204102 3.31188 3.50045	0 10.2803 0.803859
0.204346 3.31104 3.49507	0 14.0416 0.807622
0.20459 3.19849 3.48788	0 9.52345 0.802293
0.204834 3.70282 3.47865	0 14.2494 0.78869
0.205078 3.7958 3.46714	0 18.7231 0.767681
0.205322 3.53716 3.45325	0 18.0691 0.740154
0.205566 3.28607 3.4371	0 12.5466 0.70752
0.205811 3.86418 3.41912	0 18.3292 0.672308
0.206055 3.72747 3.40001	0 13.1537 0.638348
0.206299 2.7984 3.38065	0 5.56026 0.610157
0.206543 3.2282 3.36199	0 8.25132 0.591619
0.206787 2.94428 3.3449	0 6.8784 0.584436
0.207031 3.48161 3.33007	0 12.1584 0.5871
0.207275 3.60526 3.31793	0 8.62374 0.59503
0.20752 3.07219 3.30867	0 8.43573 0.601968
0.207764 3.40097 3.30225	0 15.769 0.602134
0.208008 3.40491 3.29843	0 13.2229 0.592179
0.208252 3.0177 3.29682	0 7.94673 0.572096
0.208496 3.4149 3.29693	0 13.1744 0.544763
0.20874 2.96822 3.29819	0 6.39651 0.514528
0.208984 3.3922 3.30001	0 12.4666 0.485628
0.209229 3.17146 3.30189	0 8.17983 0.461192
0.209473 3.45423 3.30351	0 10.5897 0.443083
0.209717 3.49839 3.30475	0 8.7392 0.432329
0.209961 3.76929 3.30577	0 12.8756 0.429645
0.210205 3.2882 3.30694	0 7.51154 0.435613
0.210449 3.08827 3.30869	0 9.89641 0.450482
0.210693 2.97921 3.31144	0 10.149 0.473773
0.210938 2.95101 3.31544	0 8.55189 0.504016
0.211182 3.22258 3.32067	0 10.1635 0.538802
0.211426 3.37308 3.32692	0 12.3907 0.575123
0.21167 3.56871 3.33381	0 10.5788 0.609848
0.211914 3.85292 3.34091	0 11.7011 0.640154
0.212158 3.53602 3.3479	0 11.8089 0.66382
0.212402 3.11141 3.3546	0 6.37782 0.679419
0.212646 3.14268 3.36098	0 18.1354 0.686488
0.212891 2.85308 3.36711	0 7.08356 0.685702
0.213135 3.62269 3.3731	0 13.7542 0.679026
0.213379 3.56966 3.379	0 16.934 0.669628
0.213623 3.58942 3.38475	0 13.4924 0.661396
0.213867 3.23098 3.39017	0 10.404 0.658037
0.214111 3.40781 3.3949	0 11.6544 0.661993
0.214355 3.39296 3.39848	0 10.9865 0.673647
0.2146 3.5823 3.40035	0 10.4007 0.691201
0.214844 2.98101 3.39993	0 9.30849 0.711321
0.215088 3.55611 3.39667	0 13.8896 0.730226
0.215332 3.47031 3.39023	0 10.8212 0.744742
0.215576 3.4521 3.38054	0 11.0751 0.752944
0.21582 3.80908 3.36798	0 14.7423 0.754363
0.216064 3.40495 3.35335	0 12.0997 0.749927
0.216309 3.60573 3.3379	0 10.4694 0.741813
0.216553 2.73394 3.32317	0 9.32025 0.733145
0.216797 3.55509 3.31073	0 11.5123 0.727344
0.217041 3.16269 3.30196	0 8.96898 0.7271
0.217285 2.7908 3.29775	0 8.61028 0.733201
0.217529 3.09306 3.29832	0 8.17049 0.743787
0.217773 3.12803 3.30313	0 8.82371 0.754492
0.218018 3.49765 3.31093	0 10.6542 0.75963
0.218262 3.57966 3.32	0 16.3543 0.754039
0.218506 2.98541 3.32838	0 7.89759 0.7349
0.21875 3.46924 3.33428	0 12.2913 0.702819
0.218994 3.62216 3.33632	0 14.1902 0.661772
0.219238 3.72163 3.33385	0 12.2896 0.617953
0.219482 3.68606 3.32702	0 20.3299 0.577963
0.219727 3.21421 3.31672	0 8.6559 0.547006
0.219971 3.12448 3.30447	0 5.99 0.527707
0.220215 3.25459 3.29211	0 10.5212 0.519944
0.220459 3.14448 3.28144	0 8.34336 0.521676
0.220703 3.28039 3.27398	0 9.3678 0.530341
0.220947 2.57471 3.27066	0 6.22803 0.544154
0.221191 3.40809 3.27172	0 9.24211 0.562693
0.221436 3.32797 3.2767	0 11.3762 0.586551
0.22168 3.14759 3.28448	0 10.2814 0.616268
0.221924 3.5914 3.29356	0 11.5101 0.65114
0.222168 3.14222 3.30224	0 7.2573 0.688574
0.222412 3.23381 3.30895	0 10.398 0.724344
0.222656 3.53801 3.31244	0 10.4339 0.753701
0.2229 3.39692 3.31199	0 12.5934 0.772848
0.223145 3.8707 3.30749	0 17.2487 0.780133
0.223389 3.44138 3.29946	0 9.69212 0.776461
0.223633 2.82152 3.28892	0 9.35231 0.764832
0.223877 3.46378 3.27717	0 12.5445 0.749322
0.224121 3.17194 3.2656	0 13.758 0.733962
0.224365 3.38426 3.2554	0 13.395 0.721898
0.224609 2.44175 3.24738	0 6.79049 0.71491
0.224854 3.33705 3.24188	0 8.30758 0.713206
0.225098 3.23463 3.23869	0 9.95064 0.715406
0.225342 3.76623 3.23722	0 15.7179 0.718735
0.225586 2.81757 3.23653	0 7.09355 0.719542
0.22583 3.2742 3.23563	0 9.10016 0.714146
0.226074 3.2957 3.23354	0 10.2443 0.699836
0.226318 3.3506 3.22951	0 12.1815 0.675703
0.226562 3.59336 3.22302	0 12.5432 0.643006
0.226807 3.07157 3.21384	0 9.86419 0.604923
0.227051 3.10645 3.20199	0 11.8496 0.565775
0.227295 3.36068 3.18769	0 11.4908 0.529975
0.227539 2.92259 3.17131	0 6.34088 0.50104
0.227783 3.15539 3.15338	0 7.66486 0.480952
0.228027 3.19344 3.1345	0 12.6146 0.470092
0.228271 3.33865 3.11541	0 11.7507 0.467707
0.228516 3.32618 3.09696	0 15.3917 0.472673
0.22876 2.76899 3.08008	0 5.86119 0.484109
0.229004 3.19401 3.06572	0 10.4091 0.501518
0.229248 2.56528 3.05477	0 6.31143 0.524372
0.229492 3.13239 3.04792	0 11.2547 0.551454
0.229736 2.83317 3.04562	0 8.8843 0.580462
0.22998 3.29688 3.04795	0 18.0902 0.608206
0.230225 2.72845 3.0546	0 8.07983 0.631399
0.230469 2.78716 3.06488	0 6.17625 0.647653
0.230713 3.37383 3.07776	0 17.4855 0.656172
0.230957 3.31143 3.09198	0 9.83585 0.657774
0.231201 2.58642 3.10617	0 7.2939 0.654275
0.231445 3.19591 3.11896	0 6.71424 0.647542
0.231689 3.68664 3.12918	0 11.1656 0.6387
0.231934 2.90542 3.13595	0 6.99717 0.627841
0.232178 3.23953 3.13881	0 10.6233 0.614313
0.232422 3.43856 3.13775	0 17.301 0.597393
0.232666 3.23157 3.13324	0 9.53836 0.576986
0.23291 3.01757 3.1261	0 10.5038 0.55405
0.233154 3.26656 3.11742	0 8.774 0.530595
0.233398 3.24355 3.10833	0 8.619 0.509292
0.233643 2.36043 3.09988	0 8.07254 0.492817
0.233887 3.27148 3.09282	0 8.03722 0.483153
0.234131 2.89829 3.08753	0 8.86513 0.481018
0.234375 3.44527 3.08402	0 10.4196 0.485644
0.234619 2.72626 3.08186	0 6.84216 0.495023
0.234863 3.28398 3.08039	0 9.03484 0.506583
0.235107 2.966 3.07875	0 9.37071 0.518075
0.235352 3.23992 3.07609	0 8.72227 0.528289
0.235596 3.07598 3.0717	0 9.95514 0.537238
0.23584 2.97124 3.06515	0 6.68212 0.545713
0.236084 3.24952 3.05635	0 14.3829 0.554462
0.236328 3.24576 3.04559	0 8.12769 0.563479
0.236572 3.14168 3.03352	0 11.2563 0.571848
0.236816 3.01431 3.02107	0 9.71568 0.578237
0.237061 2.88029 3.00924	0 9.18473 0.581709
0.237305 2.82984 2.99898	0 10.3346 0.582281
0.237549 2.72703 2.99103	0 8.2655 0.58081
0.237793 3.07068 2.98574	0 9.59983 0.578249
0.238037 3.05187 2.98314	0 6.15676 0.574747
0.238281 2.53638 2.98288	0 5.23177 0.569211
0.238525 3.08093 2.98448	0 6.89008 0.559668
0.23877 3.04993 2.98746	0 9.38623 0.544293
0.239014 3.30244 2.99154	0 9.82251 0.522568
0.239258 3.02733 2.99674	0 8.39825 0.495988
0.239502 3.20068 3.00341	0 8.35727 0.467996
0.239746 3.08014 3.01208	0 8.38627 0.443164
0.23999 2.74005 3.02332	0 7.76062 0.42593
0.240234 2.71604 3.03742	0 6.37647 0.41929
0.240479 2.68118 3.05427	0 7.8819 0.423832
0.240723 2.89749 3.07324	0 7.97523 0.437466
0.240967 2.8968 3.09322	0 6.00038 0.456023
0.241211 3.62687 3.11288	0 9.4232 0.474653
0.241455 3.40944 3.13087	0 9.45294 0.489533
0.241699 3.38358 3.14615	0 12.2687 0.499206
0.241943 3.37376 3.15814	0 9.84187 0.504879
0.242188 3.29582 3.16677	0 8.23385 0.509543
0.242432 3.28639 3.17238	0 9.17484 0.516307
0.242676 2.76128 3.17549	0 6.75961 0.526799
0.24292 2.91931 3.17662	0 8.08505 0.540406
0.243164 2.51938 3.17609	0 7.63558 0.554683
0.243408 3.83824 3.17396	0 12.8755 0.566636
0.243652 3.23418 3.17007	0 9.18412 0.574174
0.243896 3.2974 3.16416	0 10.1117 0.576973
0.244141 3.81176 3.15598	0 12.6407 0.576388
0.244385 3.05567 3.1454	0 11.2809 0.57454
0.244629 2.87749 3.13243	0 10.2062 0.573089
0.244873 3.16075 3.11713	0 9.63644 0.572309
0.245117 2.3911 3.09956	0 5.59322 0.570864
0.245361 3.68424 3.07977	0 17.0769 0.566334
0.245605 2.64293 3.05772	0 7.85194 0.556302
0.24585 2.99667 3.03349	0 9.45158 0.539527
0.246094 3.86952 3.00733	0 15.6344 0.516745
0.246338 3.1565 2.97983	0 7.98438 0.490707
0.246582 3.053 2.9519	0 8.83412 0.465392
0.246826 2.46754 2.92481	0 6.15851 0.444732
0.24707 3.03805 2.89994	0 8.27917 0.431408
0.247314 2.20019 2.87858	0 5.38989 0.426165
0.247559 2.88996 2.86175	0 6.6397 0.4278
0.247803 2.77076 2.84998	0 7.81418 0.433598
0.248047 2.5933 2.84324	0 5.432 0.439985
0.248291 2.83963 2.841	0 8.85841 0.443285
0.248535 3.34088 2.84233	0 11.7362 0.440601
0.248779 2.57299 2.84606	0 7.8601 0.430725
0.249023 2.75029 2.85099	0 7.954 0.414758
0.249268 2.97347 2.85604	0 10.1621 0.396016
0.249512 2.9047 2.8604	0 7.79144 0.379103
0.249756 2.62368 2.86356	0 6.61682 0.36842
0.25 3.04641 2.86542	0 7.14605 0.366765
0.250244 3.38884 2.86617	0 8.10062 0.374617
0.250488 2.82077 2.86631	0 7.62084 0.390319
0.250732 2.60495 2.86647	0 4.97989 0.410946
0.250977 2.86011 2.86731	0 8.1798 0.433337
0.251221 2.58135 2.86938	0 4.71052 0.454853
0.251465 2.70461 2.87305	0 8.73384 0.473661
0.251709 2.95493 2.87848	0 9.3785 0.488687
0.251953 3.08407 2.88557	0 9.79028 0.49947
0.252197 2.75999 2.89409	0 7.95121 0.506134
0.252441 3.09809 2.90366	0 8.72954 0.509446
0.252686 2.6661 2.91388	0 7.30875 0.510813
0.25293 3.30048 2.92429	0 11.4193 0.512018
0.253174 2.84563 2.93443	0 7.80625 0.514686
0.253418 2.79479 2.94379	0 7.58614 0.519674
0.253662 2.58389 2.95184	0 7.07976 0.526686
0.253906 2.81302 2.95807	0 6.26486 0.534357
0.25415 3.80943 2.96199	0 20.0994 0.540788
0.254395 2.89504 2.96331	0 8.52666 0.544291
0.254639 3.05374 2.96193	0 6.98799 0.544013
0.254883 2.91448 2.95803	0 7.11745 0.540188
0.255127 3.10741 2.95211	0 14.87 0.533989
0.255371 2.78579 2.94486	0 9.62033 0.527084
0.255615 2.74921 2.93719	0 6.36224 0.521078
0.255859 3.05847 2.93002	0 8.643 0.517009
0.256104 2.88357 2.92425	0 9.11234 0.515046
0.256348 2.82814 2.92063	0 6.01396 0.514483
0.256592 3.1358 2.91965	0 8.14842 0.514046
0.256836 2.90119 2.92159	0 7.73353 0.512437
0.25708 2.4029 2.92642	0 6.09037 0.508962
0.257324 2.64325 2.93392	0 7.57748 0.504049
0.257568 3.28486 2.94373	0 13.4521 0.499502
0.257812 2.9821 2.95547	0 9.6546 0.498366
0.258057 3.24394 2.9688	0 9.33833 0.504341
0.258301 2.86136 2.9835	0 10.5435 0.520797
0.258545 3.21747 2.99948	0 11.9626 0.549569
0.258789 2.63889 3.01667	0 4.99491 0.589882
0.259033 3.05532 3.03494	0 8.65339 0.637803
0.259277 3.05312 3.05395	0 8.54925 0.686589
0.259521 2.94458 3.07305	0 10.421 0.727985
0.259766 2.99605 3.09125	0 8.89751 0.754225
0.26001 2.81894 3.1073	0 11.8867 0.760109
0.260254 3.64648 3.11987	0 15.1118 0.74443
0.260498 3.2868 3.12775	0 18.0559 0.710214
0.260742 2.91414 3.13017	0 7.71047 0.663658
0.260986 3.63289 3.12691	0 19.3636 0.612171
0.26123 3.89853 3.11843	0 14.5949 0.562282
0.261475 3.01951 3.1058	0 7.72876 0.518173
0.261719 2.67855 3.09051	0 8.06282 0.481326
0.261963 2.66737 3.07417	0 7.55128 0.451259
0.262207 3.06799 3.05828	0 13.3763 0.426837
0.262451 2.6794 3.04396	0 5.91887 0.407479
0.262695 3.17054 3.03179	0 12.8956 0.39368
0.262939 3.35124 3.02184	0 6.95148 0.386708
0.263184 2.84765 3.01369	0 7.6 0.38771
0.263428 3.10016 3.00664	0 10.1484 0.396732
0.263672 2.85256 2.99983	0 7.84948 0.412143
0.263916 2.77986 2.99245	0 8.57854 0.430763
0.26416 3.23668 2.98391	0 9.59757 0.448695
0.264404 3.48437 2.97389	0 15.3101 0.462552
0.264648 2.47766 2.96243	0 5.57104 0.470569
0.264893 3.12109 2.94992	0 9.41971 0.473128
0.265137 3.13661 2.93702	0 9.35461 0.472436
0.265381 2.8865 2.92456	0 7.89945 0.471511
0.265625 2.79938 2.91343	0 7.03119 0.472941
0.265869 2.7435 2.90442	0 7.63304 0.47793
0.266113 2.7344 2.89807	0 6.82878 0.486012
0.266357 2.67743 2.89463	0 7.18916 0.495439
0.266602 2.9524 2.89398	0 8.84597 0.503986
0.266846 3.10107 2.89565	0 10.1653 0.509791
0.26709 2.79549 2.89891	0 9.784 0.511877
0.267334 2.92047 2.90288	0 7.14277 0.510271
0.267578 2.88396 2.9066	0 6.12193 0.505784
0.267822 2.85982 2.90924	0 9.94785 0.499672
0.268066 2.82996 2.91013	0 6.14141 0.493355
0.268311 3.1887 2.90895	0 8.34015 0.488225
0.268555 3.42928 2.90568	0 10.1129 0.485464
0.268799 2.35305 2.90066	0 5.21814 0.485805
0.269043 3.15525 2.8945	0 10.7348 0.489254
0.269287 3.03475 2.88797	0 6.96985 0.494896
0.269531 2.68714 2.88188	0 4.41884 0.500944
0.269775 2.41764 2.87692	0 6.10084 0.505061
0.27002 2.90121 2.87357	0 9.20786 0.504878
0.270264 3.22587 2.872	0 12.6567 0.498533
0.270508 2.60015 2.87206	0 5.80226 0.485129
0.270752 2.76818 2.87332	0 9.37374 0.465043
0.270996 2.99346 2.87516	0 6.5672 0.44008
0.27124 2.96361 2.87686	0 8.88284 0.413375
0.271484 3.02272 2.87773	0 7.08274 0.38896
0.271729 2.68382 2.87724	0 6.40297 0.370926
0.271973 2.72359 2.87509	0 6.33812 0.362364
0.272217 3.2504 2.87126	0 10.453 0.364433
0.272461 2.97704 2.8661	0 5.52574 0.375959
0.272705 2.96261 2.86022	0 7.05701 0.393799
0.272949 2.90194 2.85442	0 10.4614 0.413855
0.273193 2.26079 2.84959	0 6.47446 0.432329
0.273438 3.36084 2.84647	0 11.0135 0.446716
0.273682 2.4146 2.84552	0 4.65315 0.456169
0.273926 2.69698 2.84681	0 9.68133 0.461208
0.27417 2.97647 2.84994	0 10.1835 0.463033
0.274414 2.62663 2.85414	0 8.34264 0.462838
0.274658 2.54942 2.85837	0 5.84173 0.461403
0.274902 3.39604 2.86156	0 13.4829 0.459035
0.275146 2.98501 2.86284	0 9.51954 0.455759
0.275391 3.23155 2.86176	0 10.5615 0.451563
0.275635 2.61746 2.85833	0 7.13107 0.446583
0.275879 3.24407 2.85311	0 10.2291 0.441196
0.276123 2.9178 2.847	0 7.09546 0.436052
0.276367 2.49667 2.84107	0 5.29269 0.432064
0.276611 2.35203 2.83634	0 7.65758 0.430372
0.276855 2.78687 2.83354	0 7.22441 0.432259
0.2771 2.79885 2.83296	0 7.42794 0.438987
0.277344 3.04307 2.83445	0 9.71951 0.451494
0.277588 3.01344 2.83743	0 7.44168 0.469955
0.277832 2.51029 2.84104	0 4.5417 0.49327
0.278076 3.08571 2.8443	0 7.14037 0.518708
0.27832 2.69715 2.84629	0 8.55461 0.541991
0.278564 2.95823 2.8463	0 9.76834 0.558037
0.278809 2.88834 2.84393	0 13.3811 0.562307
0.279053 2.94609 2.83914	0 9.09371 0.552346
0.279297 3.24953 2.83218	0 10.4149 0.528887
0.279541 2.68513 2.82355	0 8.62763 0.495982
0.279785 3.04517 2.81386	0 7.01926 0.460001
0.280029 2.16346 2.80368	0 3.31753 0.427825
0.280273 2.405 2.79347	0 8.0628 0.40491
0.280518 3.10711 2.78351	0 5.86367 0.393928
0.280762 2.93004 2.77389	0 9.20329 0.394403
0.281006 2.92335 2.76459	0 8.95993 0.403304
0.28125 2.94538 2.75554	0 7.32221 0.416238
0.281494 2.59097 2.74671	0 3.90998 0.428744
0.281738 2.61144 2.73814	0 7.01072 0.437309
0.281982 2.45731 2.73	0 5.76169 0.43995
0.282227 2.89354 2.72257	0 7.79243 0.436383
0.282471 2.71575 2.71618	0 8.98119 0.427829
0.282715 3.0401 2.71115	0 7.84092 0.41654
0.282959 2.5269 2.70779	0 6.71198 0.405092
0.283203 2.59828 2.70624	0 7.5677 0.395576
0.283447 2.67053 2.70654	0 5.84102 0.388911
0.283691 2.31969 2.7086	0 5.19834 0.384555
0.283936 2.49097 2.71221	0 5.65904 0.380829
0.28418 3.16081 2.71713	0 11.6041 0.375812
0.284424 3.05981 2.72317	0 11.2949 0.368455
0.284668 2.56283 2.73015	0 7.53812 0.359403
0.284912 2.93629 2.73803	0 5.89815 0.351056
0.285156 2.67426 2.74675	0 5.78014 0.346777
0.2854 2.33111 2.75626	0 6.16843 0.349581
0.285645 2.29105 2.76644	0 5.3733 0.360888
0.285889 3.22331 2.77703	0 10.0012 0.379884
0.286133 2.8533 2.78769	0 6.32604 0.403716
0.286377 3.11517 2.79799	0 10.622 0.428355
0.286621 2.79923 2.80749	0 7.38999 0.44971
0.286865 2.66792 2.81579	0 9.26994 0.464552
0.287109 2.85364 2.8226	0 5.08533 0.471005
0.287354 2.68833 2.82776	0 7.70863 0.468656
0.287598 2.5637 2.83123	0 6.62847 0.458479
0.287842 3.60844 2.83307	0 13.0725 0.442731
0.288086 2.89754 2.83343	0 8.69232 0.424789
0.28833 2.54274 2.83248	0 5.55808 0.40873
0.288574 2.47029 2.83043	0 4.07496 0.398574
0.288818 2.91156 2.82746	0 6.16475 0.397301
0.289062 3.2034 2.82375	0 7.66573 0.406006
0.289307 2.98347 2.81943	0 7.91321 0.423535
0.289551 2.36013 2.81466	0 5.44471 0.446782
0.289795 2.91586 2.80959	0 8.10539 0.471529
0.290039 2.74095 2.80444	0 6.6447 0.49352
0.290283 2.96895 2.79953	0 8.60115 0.509442
0.290527 2.79546 2.79528	0 9.19312 0.517586
0.290771 2.76701 2.79222	0 6.47281 0.518091
0.291016 2.89056 2.79094	0 12.171 0.512829
0.29126 2.54483 2.79205	0 5.09641 0.505007
0.291504 2.97793 2.79601	0 7.69751 0.498576
0.291748 2.57941 2.80311	0 6.02905 0.497491
0.291992 2.41847 2.8133	0 4.29255 0.504844
0.292236 2.89923 2.82619	0 7.3527 0.521962
0.29248 3.01273 2.841	0 7.23112 0.547661
0.292725 2.78285 2.85662	0 6.22524 0.578005
0.292969 2.58632 2.87171	0 7.98727 0.606875
0.293213 3.33352 2.88486	0 8.30054 0.62747
0.293457 2.94947 2.8947	0 15.3606 0.634357
0.293701 2.97807 2.90007	0 11.9914 0.625352
0.293945 3.03477 2.90018	0 11.913 0.602408
0.294189 2.80923 2.89463	0 8.92138 0.571062
0.294434 2.92699 2.88356	0 7.24438 0.538637
0.294678 3.4253 2.86752	0 9.76937 0.511961
0.294922 2.91274 2.84751	0 9.7559 0.495522
0.295166 2.72223 2.82482	0 9.97365 0.4907
0.29541 2.48636 2.80092	0 7.50623 0.496114
0.295654 2.77011 2.77732	0 8.35163 0.508685
0.295898 2.92164 2.75541	0 9.42807 0.52478
0.296143 2.29708 2.73639	0 4.30318 0.54102
0.296387 2.8273 2.72117	0 9.689 0.554646
0.296631 2.82518 2.71032	0 9.55995 0.563608
0.296875 2.51775 2.70406	0 5.59074 0.566617
0.297119 2.52432 2.7022	0 6.3841 0.563251
0.297363 2.88371 2.70423	0 7.66661 0.554037
0.297607 2.55741 2.70931	0 6.03561 0.540362
0.297852 2.3336 2.71637	0 4.66159 0.524109
0.298096 2.38543 2.72426	0 5.28121 0.507122
0.29834 3.32457 2.73186	0 10.476 0.490707
0.298584 3.23503 2.73826	0 9.84223 0.47541
0.298828 2.86498 2.74288	0 9.03608 0.461172
0.299072 2.60993 2.74551	0 6.07436 0.447763
0.299316 2.43781 2.74632	0 4.99721 0.43523
0.299561 2.90245 2.74575	0 8.33515 0.424104
0.299805 2.75981 2.7444	0 8.50904 0.415242
0.300049 2.49514 2.74286	0 5.10541 0.409385
0.300293 2.85651 2.7416	0 8.98689 0.406711
0.300537 2.92405 2.74082	0 9.83018 0.40662
0.300781 2.64531 2.74042	0 7.15006 0.407843
0.301025 2.65386 2.74002	0 5.19321 0.408806
0.30127 2.4387 2.73899	0 6.59063 0.408057
0.301514 2.87223 2.73662	0 8.86072 0.404631
0.301758 2.59259 2.73221	0 5.31078 0.398251
0.302002 3.33133 2.72526	0 10.7967 0.389344
0.302246 3.03386 2.71555	0 8.13798 0.378835
0.30249 2.51153 2.70329	0 5.80361 0.367762
0.302734 2.54631 2.68904	0 4.48487 0.356863
0.302979 2.77994 2.67373	0 7.77139 0.346379
0.303223 2.65981 2.65849	0 7.93827 0.336181
0.303467 2.26855 2.64453	0 4.29987 0.326161
0.303711 2.81899 2.63298	0 7.05653 0.316621
0.303955 2.57069 2.62471	0 6.04643 0.308389
0.304199 2.69441 2.62026	0 6.53732 0.302587
0.304443 2.5063 2.61976	0 5.9848 0.300156
0.304688 2.18504 2.62293	0 5.9507 0.301403
0.304932 2.43336 2.62911	0 5.64437 0.305766
0.305176 2.56005 2.6374	0 5.69228 0.311906
0.30542 3.2399 2.64682	0 8.25481 0.318104
0.305664 2.52387 2.65638	0 6.11625 0.322825
0.305908 3.20639 2.66529	0 7.52705 0.325256
0.306152 2.3526 2.673	0 4.31994 0.325613
0.306396 2.26239 2.67924	0 4.06592 0.325106
0.306641 3.01423 2.68399	0 10.0222 0.325554
0.306885 2.80643 2.68746	0 7.61051 0.328815
0.307129 2.67339 2.68993	0 6.67681 0.336243
0.307373 2.5096 2.69178	0 5.55355 0.348337
0.307617 2.85251 2.69332	0 6.9467 0.364657
0.307861 2.74903 2.69481	0 5.70334 0.383941
0.308105 2.50447 2.69636	0 5.61424 0.404344
0.30835 2.76184 2.69797	0 7.7993 0.423724
0.308594 2.63009 2.69945	0 9.16836 0.439995
0.308838 2.65273 2.70046	0 7.88763 0.451526
0.309082 3.00219 2.70055	0 9.01777 0.457548
0.309326 2.25626 2.6992	0 4.36031 0.458412
0.30957 3.11275 2.69589	0 10.2633 0.455536
0.309814 2.4035 2.69015	0 4.5819 0.451002
0.310059 3.12134 2.6817	0 9.31203 0.446876
0.310303 2.69252 2.67042	0 5.44525 0.444483
0.310547 2.70473 2.65643	0 7.23123 0.443902
0.310791 2.7857 2.6401	0 7.60599 0.443884
0.311035 2.09763 2.62203	0 7.03474 0.442262
0.311279 2.86006 2.60298	0 10.6511 0.436737
0.311523 2.65672 2.58387	0 5.31581 0.425757
0.311768 2.76145 2.56571	0 8.77146 0.409155
0.312012 2.31108 2.54949	0 4.52846 0.388322
0.312256 2.55297 2.53614	0 6.32847 0.365826
0.3125 2.51441 2.52642	0 4.83422 0.344689
0.312744 2.19441 2.52087	0 4.36806 0.327601
0.312988 2.29516 2.51976	0 7.11454 0.316353
0.313232 2.31445 2.52304	0 3.97546 0.311668
0.313477 2.88572 2.5304	0 10.0409 0.313328
0.313721 2.67175 2.54128	0 5.49823 0.320434
0.313965 2.43312 2.55497	0 7.2354 0.33161
0.314209 2.38637 2.57064	0 5.24951 0.345092
0.314453 2.51667 2.58741	0 4.86707 0.358833
0.314697 2.45475 2.60444	0 5.54205 0.370767
0.314941 3.03015 2.62096	0 10.387 0.379271
0.315186 2.45927 2.6363	0 3.60227 0.383653
0.31543 3.07365 2.64998	0 8.6725 0.384392
0.315674 2.49637 2.66172	0 6.40989 0.382954
0.315918 2.43097 2.6715	0 4.89829 0.381193
0.316162 2.84552 2.67959	0 7.7515 0.38064
0.316406 2.78308 2.6865	0 7.98373 0.382007
0.31665 2.815 2.69301	0 7.48353 0.385167
0.316895 2.71561 2.69999	0 8.05478 0.389572
0.317139 2.80528 2.70834	0 9.53131 0.394873
0.317383 2.44285 2.71881	0 5.71052 0.401374
0.317627 2.53572 2.7318	0 6.5286 0.410058
0.317871 2.58693 2.7473	0 6.57019 0.422132
0.318115 2.60591 2.76478	0 6.32869 0.4383
0.318359 2.78497 2.78322	0 6.50965 0.458087
0.318604 2.9612 2.80127	0 8.65099 0.479553
0.318848 2.86352 2.81741	0 11.5612 0.499547
0.319092 2.98014 2.83015	0 12.8319 0.514488
0.319336 2.88169 2.83832	0 7.16196 0.521431
0.31958 3.50402 2.84114	0 12.1529 0.519041
0.319824 2.69543 2.83838	0 5.52774 0.508117
0.320068 2.64477 2.83034	0 7.69324 0.4914
0.320312 3.04231 2.8178	0 7.68145 0.472699
0.320557 2.61535 2.80193	0 7.6056 0.455685
0.320801 2.87112 2.78412	0 7.69325 0.442829
0.321045 2.85754 2.76589	0 7.94558 0.434914
0.321289 2.77861 2.74868	0 6.75758 0.431224
0.321533 2.87087 2.73371	0 8.68158 0.430211
0.321777 2.32679 2.72187	0 5.23476 0.430238
0.322021 2.4279 2.71357	0 7.1555 0.430088
0.322266 2.59505 2.70869	0 9.1724 0.429117
0.32251 2.78554 2.70659	0 6.07987 0.427156
0.322754 2.55135 2.7062	0 4.63906 0.424302
0.322998 2.81358 2.70621	0 10.889 0.420728
0.323242 2.62532 2.70528	0 4.73391 0.416538
0.323486 3.03119 2.70228	0 8.14992 0.411698
0.32373 3.11247 2.69651	0 7.71467 0.406078
0.323975 2.58512 2.68778	0 7.81133 0.399658
0.324219 2.77932 2.67647	0 7.92257 0.392847
0.324463 2.5939 2.66339	0 8.9927 0.386736
0.324707 2.72955 2.64965	0 9.32746 0.383028
0.324951 2.36339 2.63642	0 4.83694 0.383548
0.325195 2.44358 2.62477	0 5.64045 0.389452
0.325439 2.58415 2.6155	0 5.25023 0.400543
0.325684 2.49401 2.6091	0 6.8585 0.41508
0.325928 2.55902 2.60566	0 7.3527 0.430224
0.326172 2.95909 2.60497	0 6.02102 0.442936
0.326416 2.59874 2.60658	0 6.67663 0.450886
0.32666 2.37281 2.60984	0 4.64233 0.452988
0.326904 2.26372 2.61401	0 5.27173 0.449455
0.327148 2.90652 2.6183	0 8.6512 0.441512
0.327393 2.56273 2.622	0 7.02348 0.43102
0.327637 2.78834 2.62449	0 8.59651 0.420147
0.327881 2.8142 2.62536	0 7.36735 0.411039
0.328125 2.40845 2.62443	0 4.76308 0.405395
0.328369 3.06086 2.62181	0 8.98883 0.404001
0.328613 2.43229 2.61784	0 7.04676 0.406388
0.328857 2.57697 2.61309	0 4.7198 0.410873
0.329102 2.39165 2.60824	0 7.87005 0.415066
0.329346 2.85657 2.60403	0 7.42086 0.416666
0.32959 2.51371 2.60112	0 7.25951 0.414235
0.329834 2.60333 2.60003	0 7.46766 0.407644
0.330078 2.30375 2.60108	0 7.05596 0.398039
0.330322 2.5691 2.60435	0 8.14959 0.387432
0.330566 2.57377 2.60968	0 5.39043 0.378092
0.330811 2.99274 2.61669	0 7.47423 0.371979
0.331055 2.58134 2.62482	0 6.43619 0.370333
0.331299 2.20072 2.63337	0 4.22175 0.373464
0.331543 2.53082 2.64162	0 6.93568 0.380724
0.331787 2.8042 2.64885	0 7.61704 0.390665
0.332031 2.98666 2.65448	0 6.41543 0.401349
0.332275 3.01065 2.6581	0 8.78359 0.410807
0.33252 2.44224 2.6595	0 4.33815 0.417532
0.332764 2.61817 2.65867	0 5.95362 0.420884
0.333008 2.37385 2.65576	0 5.55161 0.421243
0.333252 2.88773 2.65101	0 10.7309 0.419816
0.333496 2.92358 2.64468	0 7.53419 0.418119
0.33374 2.65155 2.63706	0 5.0477 0.417337
0.333984 2.13362 2.62839	0 3.49897 0.417843
0.334229 2.31016 2.61892	0 6.15437 0.419134
0.334473 3.38107 2.60892	0 10.1811 0.420221
0.334717 2.8362 2.59871	0 10.3976 0.420229
0.334961 2.36562 2.58868	0 5.16865 0.418838
0.335205 2.35941 2.57927	0 4.63968 0.416292
0.335449 2.59865 2.57093	0 6.36905 0.413037
0.335693 2.35179 2.56407	0 4.93972 0.409248
0.335938 2.77377 2.55906	0 11.1758 0.404575
0.336182 2.07774 2.55612	0 3.32536 0.398238
0.336426 2.65145 2.55543	0 5.66714 0.389384
0.33667 2.97248 2.55704	0 10.0388 0.377529
0.336914 2.56884 2.56093	0 8.24429 0.362885
0.337158 2.50913 2.567	0 5.37381 0.346464
0.337402 2.31839 2.57503	0 4.18509 0.329939
0.337646 2.30098 2.58468	0 4.44634 0.315297
0.337891 2.40123 2.59551	0 5.51178 0.304398
0.338135 2.95351 2.60699	0 7.01313 0.298596
0.338379 2.73746 2.6186	0 5.85594 0.298512
0.338623 2.71393 2.62986	0 4.60023 0.303989
0.338867 2.62158 2.64045	0 7.75598 0.314157
0.339111 2.90014 2.65016	0 4.675 0.327571
0.339355 2.41081 2.65896	0 3.49764 0.342369
0.3396 2.69414 2.66689	0 9.16106 0.35649
0.339844 2.69486 2.674	0 8.04417 0.367937
0.340088 2.49612 2.68028	0 5.4431 0.37506
0.340332 2.4526 2.68564	0 4.80474 0.376839
0.340576 2.94036 2.68987	0 12.559 0.37315
0.34082 3.0228 2.69273	0 7.56957 0.364977
0.341064 2.66231 2.6939	0 6.87223 0.354451
0.341309 2.94514 2.69312	0 8.10078 0.34456
0.341553 2.30762 2.69013	0 3.00204 0.338407
0.341797 2.71522 2.68477	0 6.40283 0.338175
0.342041 2.66682 2.67696	0 7.13678 0.344192
0.342285 2.65762 2.66679	0 9.15376 0.354609
0.342529 2.51888 2.6545	0 10.0618 0.365994
0.342773 3.34197 2.64053	0 13.0965 0.374666
0.343018 2.71385 2.62556	0 7.35414 0.378202
0.343262 2.55775 2.61042	0 3.98569 0.376365
0.343506 2.28185 2.59603	0 3.9459 0.371033
0.34375 2.31496 2.58329	0 4.4201 0.365183
0.343994 2.49591 2.57291	0 7.45578 0.361501
0.344238 2.48097 2.56538	0 8.25458 0.361298
0.344482 2.70421 2.56086	0 8.02289 0.364178
0.344727 2.56526 2.55926	0 6.6239 0.368467
0.344971 2.63909 2.5602	0 6.26321 0.372037
0.345215 2.22279 2.56317	0 5.04441 0.373118
0.345459 2.71855 2.5676	0 6.9308 0.370801
0.345703 2.53185 2.57294	0 5.4084 0.365189
0.345947 2.60015 2.5787	0 5.32922 0.35727
0.346191 2.88646 2.5845	0 6.06738 0.348659
0.346436 2.21089 2.59006	0 4.23074 0.34125
0.34668 2.69719 2.59518	0 6.93925 0.33681
0.346924 2.90016 2.59974	0 10.464 0.336523
0.347168 2.36837 2.60365	0 3.81736 0.340578
0.347412 2.58414 2.6069	0 4.94677 0.347964
0.347656 2.28243 2.60954	0 4.78249 0.35667
0.3479 2.74283 2.61167	0 7.1258 0.364321
0.348145 3.26692 2.61353	0 10.1143 0.36902
0.348389 2.72328 2.61538	0 7.38854 0.37003
0.348633 2.20151 2.61756	0 4.27563 0.367966
0.348877 2.30113 2.6204	0 4.00352 0.364452
0.349121 2.5977 2.62419	0 8.07401 0.361476
0.349365 2.52083 2.6291	0 8.27678 0.360773
0.349609 2.94329 2.6352	0 9.48355 0.363413
0.349854 2.85983 2.6424	0 10.9421 0.369603
0.350098 2.51276 2.65047	0 4.7034 0.378653
0.350342 2.4431 2.65908	0 5.43648 0.389122
0.350586 2.64358 2.66773	0 9.87756 0.399196
0.35083 2.64641 2.67588	0 6.43228 0.407291
0.351074 2.83148 2.68288	0 7.86591 0.412632
0.351318 2.59345 2.68809	0 7.64439 0.41552
0.351562 2.68881 2.69092	0 5.05248 0.417091
0.351807 3.11413 2.69092	0 9.40977 0.418678
0.352051 2.615 2.68783	0 5.58413 0.421115
0.352295 2.6257 2.68168	0 7.91822 0.42434
0.352539 2.93812 2.67276	0 9.2803 0.427459
0.352783 2.5446 2.66166	0 3.8218 0.429182
0.353027 2.79144 2.64919	0 9.88758 0.42837
0.353271 2.25262 2.63631	0 5.21604 0.424449
0.353516 2.72253 2.624	0 7.8732 0.417562
0.35376 3.15962 2.61321	0 10.1819 0.408481
0.354004 2.09022 2.60466	0 3.56039 0.398337
0.354248 2.42559 2.59883	0 5.46736 0.38829
0.354492 2.4501 2.59585	0 4.20342 0.379229
0.354736 2.56018 2.59549	0 5.38236 0.37159
0.35498 2.49197 2.59721	0 5.43867 0.36535
0.355225 2.84252 2.60022	0 8.24793 0.360194
0.355469 2.77614 2.60362	0 8.50957 0.355776
0.355713 2.51049 2.60654	0 6.18102 0.351938
0.355957 2.36973 2.60828	0 4.21446 0.348806
0.356201 2.73574 2.60842	0 7.85366 0.34673
0.356445 2.73639 2.60693	0 9.16722 0.34614
0.356689 3.02668 2.60416	0 6.99462 0.347402
0.356934 2.6538 2.60079	0 6.82548 0.350706
0.357178 2.19403 2.59766	0 4.11113 0.355984
0.357422 2.77077 2.59565	0 7.77314 0.362825
0.357666 2.27565 2.59543	0 5.16285 0.370425
0.35791 2.46387 2.59733	0 7.14412 0.377644
0.358154 2.52287 2.60122	0 6.5454 0.383215
0.358398 2.41463 2.60658	0 6.48632 0.386079
0.358643 2.73167 2.61252	0 4.9665 0.385703
0.358887 2.84981 2.61803	0 7.55521 0.382215
0.359131 2.69734 2.62218	0 6.93597 0.376317
0.359375 2.6355 2.6243	0 10.0108 0.369072
0.359619 3.03539 2.62411	0 9.02638 0.361727
0.359863 2.38077 2.62178	0 5.27707 0.355672
0.360107 2.81516 2.61783	0 7.91346 0.352484
0.360352 2.61861 2.61298	0 9.09919 0.35385
0.360596 2.5505 2.60802	0 4.53394 0.361233
0.36084 2.13349 2.60361	0 3.38042 0.375299
0.361084 2.32637 2.60018	0 4.69092 0.395375
0.361328 2.88346 2.59792	0 6.68016 0.41925
0.361572 2.75936 2.59681	0 7.84166 0.443518
0.361816 2.72297 2.59672	0 10.2196 0.464345
0.362061 2.58083 2.59743	0 8.20503 0.478323
0.362305 2.83515 2.59875	0 7.01538 0.483085
0.362549 2.30666 2.60053	0 4.14009 0.477546
0.362793 2.37439 2.6026	0 8.46291 0.461881
0.363037 2.58515 2.60484	0 7.24247 0.437403
0.363281 2.36233 2.60715	0 4.64299 0.406459
0.363525 2.92045 2.60947	0 7.91203 0.372236
0.36377 2.98127 2.61183	0 7.93624 0.338422
0.364014 2.62512 2.6144	0 6.71958 0.308673
0.364258 2.69755 2.6175	0 6.78041 0.286067
0.364502 2.20251 2.62151	0 3.22517 0.272714
0.364746 2.52049 2.62681	0 6.10222 0.269656
0.36499 2.85684 2.63364	0 7.78593 0.277011
0.365234 2.28141 2.64198	0 4.42643 0.294221
0.365479 2.84066 2.65145	0 9.55489 0.320239
0.365723 2.58958 2.66132	0 7.39365 0.353595
0.365967 2.64237 2.67054	0 7.39879 0.392375
0.366211 2.30823 2.67793	0 6.12788 0.434188
0.366455 2.9641 2.68231	0 5.91911 0.47616
0.366699 3.59807 2.68278	0 20.3106 0.515
0.366943 2.33794 2.67883	0 6.54865 0.547195
0.367188 2.43626 2.6705	0 5.34759 0.569426
0.367432 2.95591 2.65838	0 8.00669 0.57925
0.367676 3.16965 2.64353	0 19.133 0.575884
0.36792 2.45292 2.62731	0 5.32548 0.56072
0.368164 2.14592 2.61119	0 4.76154 0.537214
0.368408 2.59603 2.5965	0 5.55166 0.510034
0.368652 2.38672 2.58423	0 6.70695 0.48378
0.368896 2.41918 2.57494	0 5.96094 0.461834
0.369141 2.59311 2.56872	0 8.90882 0.44578
0.369385 2.64936 2.56526	0 6.28558 0.435535
0.369629 2.49855 2.56394	0 7.96885 0.429927
0.369873 2.76254 2.56399	0 6.28444 0.427341
0.370117 2.52706 2.56466	0 6.0117 0.426148
0.370361 2.57129 2.56534	0 5.95328 0.424892
0.370605 2.27361 2.56561	0 7.32373 0.422384
0.37085 2.84356 2.5653	0 8.81524 0.417888
0.371094 2.6146 2.56447	0 6.0916 0.411413
0.371338 2.74028 2.56335	0 7.66545 0.403937
0.371582 2.65853 2.56224	0 9.30698 0.397287
0.371826 2.21665 2.56141	0 4.11252 0.393572
0.37207 2.3623 2.56106	0 3.94111 0.394283
0.372314 2.5966 2.56119	0 5.10165 0.399463
0.372559 2.40985 2.56165	0 6.05946 0.407381
0.372803 2.99336 2.56219	0 6.82513 0.414963
0.373047 2.51193 2.56246	0 5.21695 0.418884
0.373291 2.16398 2.56218	0 5.26355 0.416879
0.373535 3.02889 2.56118	0 10.4731 0.40872
0.373779 2.703 2.55947	0 7.37795 0.396412
0.374023 2.77413 2.55719	0 5.63678 0.383542
0.374268 1.95884 2.55462	0 3.44272 0.374054
0.374512 2.51147 2.55211	0 8.02041 0.370947
0.374756 2.62876 2.55001	0 5.51752 0.375353
0.375 2.42106 2.54861	0 6.78374 0.386267
0.375244 2.82569 2.54818	0 6.86669 0.400945
0.375488 2.61268 2.54889	0 6.47715 0.415776
0.375732 2.47246 2.55086	0 4.70571 0.427332
0.375977 2.49842 2.55415	0 6.60603 0.433266
0.376221 2.401 2.55878	0 6.25239 0.432812
0.376465 2.34576 2.56473	0 5.09097 0.426775
0.376709 2.77695 2.57192	0 8.55494 0.417113
0.376953 2.78364 2.58028	0 5.17076 0.406329
0.377197 2.24384 2.58969	0 4.99523 0.396912
0.377441 2.64662 2.60004	0 8.05342 0.390934
0.377686 3.06939 2.61119	0 11.4747 0.389759
0.37793 2.21561 2.62293	0 4.80205 0.39377
0.378174 2.80675 2.63498	0 7.24129 0.402111
0.378418 2.51676 2.64691	0 6.59763 0.41261
0.378662 2.18572 2.65822	0 5.96935 0.422087
0.378906 2.98825 2.6683	0 11.1795 0.427127
0.37915 2.80853 2.67657	0 6.10462 0.425108
0.379395 2.75807 2.68258	0 8.36844 0.415088
0.379639 2.84778 2.68605	0 10.8325 0.398148
0.379883 3.17986 2.68695	0 11.4469 0.377048
0.380127 2.2972 2.68549	0 6.2282 0.355358
0.380371 2.71311 2.682	0 5.69439 0.336432
0.380615 2.5442 2.6769	0 6.6274 0.322608
0.380859 2.47856 2.67057	0 4.86438 0.314863
0.381104 2.68254 2.66334	0 8.8532 0.312934
0.381348 2.67031 2.65545	0 6.69761 0.315728
0.381592 3.04358 2.6472	0 7.92372 0.321793
0.381836 2.68068 2.63897	0 6.01569 0.329665
0.38208 2.07779 2.63136	0 4.57436 0.338057
0.382324 3.25978 2.62515	0 9.52869 0.345956
0.382568 2.54863 2.62124	0 4.74398 0.352722
0.382812 2.6039 2.62049	0 7.46378 0.358204
0.383057 2.48413 2.62351	0 6.28131 0.36279
0.383301 1.7185 2.63046	0 2.66099 0.367298
0.383545 3.01757 2.64088	0 8.53222 0.372637
0.383789 2.37531 2.6537	0 4.7126 0.379332
0.384033 2.71452 2.6673	0 7.82661 0.387096
0.384277 2.56273 2.67983	0 6.25756 0.394704
0.384521 3.13868 2.68943	0 9.85532 0.400299
0.384766 3.19252 2.69463	0 7.559 0.402076
0.38501 2.88025 2.69458	0 7.1613 0.399046
0.385254 2.61892 2.68917	0 5.63594 0.391512
0.385498 2.65064 2.67907	0 6.86444 0.381012
0.385742 2.6177 2.66557	0 4.66864 0.369726
0.385986 3.1768 2.65032	0 10.5585 0.359642
0.38623 2.08686 2.63506	0 3.35731 0.351844
0.386475 2.41363 2.62132	0 5.25365 0.346217
0.386719 2.43046 2.6102	0 5.53232 0.341679
0.386963 2.68323 2.60227	0 7.05556 0.336802
0.387207 2.48648 2.59749	0 5.46744 0.330557
0.387451 2.50629 2.59536	0 5.11185 0.322851
0.387695 2.61816 2.595	0 6.10873 0.314653
0.387939 2.88486 2.59535	0 7.62052 0.307649
0.388184 2.49216 2.59538	0 4.97489 0.303589
0.388428 2.45383 2.59426	0 5.68741 0.303622
0.388672 2.82253 2.59144	0 6.57581 0.307868
0.388916 2.65647 2.58677	0 7.10176 0.315443
0.38916 2.76799 2.58045	0 8.11495 0.324879
0.389404 2.59638 2.57299	0 6.5447 0.334769
0.389648 2.45752 2.56512	0 5.69475 0.344315
0.389893 2.49607 2.55764	0 6.70616 0.353541
0.390137 2.30385 2.55127	0 5.23402 0.36306
0.390381 2.56242 2.54657	0 4.37992 0.373543
0.390625 2.47991 2.54384	0 6.30925 0.385179
0.390869 2.83597 2.54311	0 10.4462 0.397388
0.391113 2.24893 2.54414	0 7.01982 0.408917
0.391357 2.45667 2.54653	0 5.55438 0.418197
0.391602 2.52291 2.54978	0 8.81348 0.423758
0.391846 2.42805 2.55343	0 3.58709 0.424531
0.39209 2.93642 2.55709	0 11.1535 0.42
0.392334 2.97813 2.56055	0 8.45156 0.410266
0.392578 2.35747 2.56374	0 5.27064 0.396101
0.392822 2.16832 2.56666	0 2.67926 0.378945
0.393066 2.61772 2.56939	0 6.06971 0.360798
0.393311 2.58646 2.57193	0 5.46835 0.343895
0.393555 2.36449 2.57427	0 5.86859 0.330207
0.393799 2.8653 2.57628	0 4.51454 0.320911
0.394043 2.74301 2.57781	0 7.83954 0.316051
0.394287 2.39284 2.5787	0 6.19072 0.314615
0.394531 2.4677 2.57887	0 8.33934 0.315071
0.394775 2.94931 2.57826	0 7.01145 0.316173
0.39502 2.5421 2.5769	0 8.8405 0.317648
0.395264 2.56937 2.5748	0 7.26151 0.320393
0.395508 2.50279 2.57194	0 4.43386 0.326029
0.395752 2.18391 2.56822	0 4.13756 0.336001
0.395996 2.72604 2.56352	0 6.72222 0.350715
0.39624 2.55468 2.55769	0 6.93954 0.36912
0.396484 2.83769 2.55072	0 8.10597 0.388921
0.396729 2.56138 2.54278	0 7.23939 0.407254
0.396973 2.6465 2.53435	0 13.6116 0.421477
0.397217 2.71481 2.52616	0 7.38575 0.429773
0.397461 2.16203 2.51917	0 3.36335 0.431467
0.397705 2.74439 2.51437	0 7.63079 0.427081
0.397949 2.28792 2.51262	0 7.07379 0.418208
0.398193 2.23673 2.51443	0 4.95417 0.407226
0.398438 2.02668 2.51981	0 4.85341 0.396829
0.398682 2.75688 2.52825	0 9.3195 0.389412
0.398926 2.53317 2.53878	0 7.89379 0.386467
0.39917 2.68113 2.55013	0 8.59791 0.388167
0.399414 2.6683 2.5609	0 7.94693 0.393324
0.399658 2.54239 2.56988	0 8.87302 0.399731
0.399902 2.83695 2.57621	0 9.9713 0.40479
0.400146 2.78472 2.57952	0 9.85141 0.40624
0.400391 2.30736 2.57999	0 5.22112 0.402774
0.400635 2.64409 2.57828	0 6.95537 0.394404
0.400879 2.9656 2.57539	0 8.43508 0.382495
0.401123 2.67913 2.57245	0 6.42743 0.369468
0.401367 2.09153 2.57053	0 4.37984 0.358256
0.401611 2.23133 2.57039	0 3.81468 0.351636
0.401855 2.29594 2.57239	0 5.07982 0.351626
0.4021 2.95917 2.57643	0 9.33175 0.359077
0.402344 2.53211 2.58197	0 7.52324 0.373545
0.402588 2.7064 2.58817	0 7.39081 0.393433
0.402832 2.43311 2.59406	0 6.85614 0.416355
0.403076 2.7678 2.59871	0 8.78881 0.439633
0.40332 2.77443 2.60144	0 7.16749 0.460834
0.403564 2.44564 2.6019	0 3.8797 0.478202
0.403809 2.77753 2.60012	0 9.11492 0.490865
0.404053 2.76526 2.59652	0 8.65848 0.498738
0.404297 2.62077 2.5918	0 5.31786 0.50222
0.404541 2.60474 2.58678	0 7.47081 0.501871
0.404785 2.40625 2.58224	0 7.63861 0.498235
0.405029 2.33341 2.57877	0 6.12232 0.491871
0.405273 2.51068 2.57668	0 6.40191 0.483446
0.405518 2.47073 2.57592	0 7.22628 0.473722
0.405762 2.58795 2.57615	0 7.80067 0.463379
0.406006 2.62091 2.57682	0 7.93481 0.452735
0.40625 2.98346 2.57731	0 11.6437 0.441559
0.406494 2.47556 2.577	0 7.44383 0.429104
0.406738 2.61552 2.57544	0 6.10457 0.414365
0.406982 2.46681 2.57234	0 5.66709 0.396449
0.407227 2.70667 2.56763	0 7.91592 0.374975
0.407471 2.4675 2.56141	0 4.55785 0.350387
0.407715 2.47748 2.55396	0 4.35343 0.32416
0.407959 2.56279 2.54566	0 6.47584 0.298805
0.408203 2.60751 2.53702	0 7.1946 0.277583
0.408447 2.9175 2.5286	0 7.00224 0.263871
0.408691 2.41374 2.52099	0 4.3138 0.260244
0.408936 2.16061 2.5148	0 4.26828 0.267531
0.40918 2.50758 2.51053	0 5.70283 0.284249
0.409424 2.39653 2.50858	0 6.1938 0.306743
0.409668 2.27867 2.50921	0 4.28549 0.33014
0.409912 2.70008 2.51249	0 6.47444 0.349837
0.410156 2.78596 2.51828	0 7.86694 0.36295
0.4104 2.46718 2.52627	0 4.71952 0.369147
0.410645 2.14048 2.53598	0 6.23354 0.370512
0.410889 2.61849 2.54672	0 6.84484 0.370569
0.411133 2.5304 2.55769	0 5.94845 0.372881
0.411377 2.51795 2.568	0 6.18381 0.379782
0.411621 2.78373 2.57674	0 8.16055 0.391637
0.411865 2.53508 2.58311	0 5.88496 0.406746
0.412109 2.74944 2.58653	0 8.06687 0.421843
0.412354 2.57159 2.58679	0 10.9966 0.432993
0.412598 2.86855 2.58407	0 10.2495 0.436673
0.412842 2.75465 2.57902	0 7.83709 0.430791
0.413086 2.42504 2.57267	0 7.28362 0.415391
0.41333 2.50126 2.5663	0 6.82867 0.392801
0.413574 2.67951 2.56126	0 8.67818 0.367149
0.413818 2.22702 2.55873	0 4.5819 0.343315
0.414062 2.54877 2.55954	0 6.27973 0.325608
0.414307 2.20502 2.56398	0 3.91489 0.316565
0.414551 2.57605 2.57175	0 4.88245 0.316245
0.414795 2.52789 2.58197	0 6.79212 0.322255
0.415039 2.61432 2.59332	0 6.38686 0.330525
0.415283 2.83494 2.60426	0 7.16238 0.336588
0.415527 2.17601 2.61328	0 4.29548 0.336954
0.415771 3.12219 2.61918	0 8.26213 0.330121
0.416016 3.0822 2.62125	0 9.30959 0.316932
0.41626 2.46653 2.61942	0 5.25336 0.300196
0.416504 2.88275 2.61421	0 7.16349 0.283775
0.416748 2.50367 2.60666	0 6.19583 0.271466
0.416992 2.72092 2.59806	0 4.58685 0.266058
0.417236 2.29466 2.58974	0 5.32936 0.268784
0.41748 2.42967 2.58278	0 6.4096 0.279271
0.417725 2.1464 2.57788	0 3.01705 0.295879
0.417969 2.70262 2.57529	0 6.80304 0.31622
0.418213 2.31959 2.57481	0 4.62074 0.337675
0.418457 3.19811 2.57594	0 6.75981 0.357743
0.418701 2.5432 2.57806	0 5.20866 0.374246
0.418945 2.70738 2.58053	0 6.69516 0.385438
0.419189 2.59068 2.58284	0 5.35816 0.390108
0.419434 1.98365 2.58465	0 5.16151 0.38772
0.419678 2.8784 2.5858	0 8.67925 0.37852
0.419922 2.82467 2.58631	0 8.49263 0.36357
0.420166 2.3478 2.58628	0 3.28045 0.344637
0.42041 2.76427 2.58593	0 6.31247 0.323956
0.420654 2.65572 2.58549	0 8.48739 0.30392
0.420898 2.33665 2.58527	0 4.39019 0.286744
0.421143 2.74967 2.58554	0 5.56399 0.274186
0.421387 2.63079 2.58653	0 7.63853 0.267343
0.421631 2.2508 2.58843	0 3.58953 0.266552
0.421875 3.0617 2.59127	0 9.01496 0.271381
0.422119 2.01641 2.59494	0 3.68735 0.280703
0.422363 2.70859 2.5992	0 5.44316 0.292849
0.422607 2.75302 2.60365	0 6.49393 0.305878
0.422852 2.56462 2.60784	0 4.80493 0.317945
0.423096 2.67578 2.61129	0 7.51307 0.327711
0.42334 2.52816 2.61358	0 7.5078 0.334653
0.423584 2.95815 2.61445	0 9.52656 0.339131
0.423828 2.40758 2.61377	0 5.58703 0.342139
0.424072 2.70456 2.61161	0 6.78131 0.344833
0.424316 2.57253 2.60822	0 7.03666 0.348006
0.424561 2.70296 2.60397	0 10.6439 0.351754
0.424805 2.73022 2.59932	0 5.94796 0.355452
0.425049 2.36653 2.59474	0 7.1137 0.358052
0.425293 2.46911 2.59068	0 5.70753 0.358535
0.425537 2.38167 2.58751	0 5.07005 0.356369
0.425781 3.02036 2.58547	0 10.223 0.351801
0.426025 2.62223 2.58462	0 5.84674 0.34595
0.42627 2.44403 2.58481	0 5.04425 0.340686
0.426514 2.56104 2.58562	0 5.71704 0.338311
0.426758 2.12266 2.5864	0 4.54001 0.341037
0.427002 2.76295 2.58627	0 7.93199 0.350326
0.427246 2.79987 2.58426	0 7.29818 0.36623
0.42749 2.56644 2.57942	0 6.49892 0.387031
0.427734 2.63564 2.57102	0 8.49847 0.409422
0.427979 2.64099 2.55873	0 8.92506 0.429316
0.428223 2.98862 2.54279	0 11.3816 0.443032
0.428467 2.6517 2.52397	0 8.52508 0.448419
0.428711 2.45628 2.50362	0 7.21385 0.445448
0.428955 2.36691 2.48339	0 6.37254 0.436046
0.429199 2.53541 2.46506	0 5.00411 0.42331
0.429443 1.99614 2.45022	0 4.67756 0.41043
0.429688 2.21346 2.44003	0 5.61601 0.399785
0.429932 2.20453 2.43502	0 3.00695 0.39249
0.430176 2.57112 2.43507	0 7.82792 0.388453
0.43042 2.17215 2.43944	0 3.3438 0.386774
0.430664 2.42861 2.44695	0 5.45385 0.38621
0.430908 2.88401 2.45618	0 8.36016 0.385487
0.431152 2.4033 2.46578	0 6.8289 0.383421
0.431396 2.42474 2.47458	0 5.92453 0.378974
0.431641 2.62625 2.48182	0 5.92574 0.371442
0.431885 2.67729 2.48718	0 5.46283 0.360783
0.432129 2.35001 2.49077	0 5.05638 0.347954
0.432373 2.49493 2.49305	0 6.37868 0.334952
0.432617 2.47159 2.49475	0 5.18669 0.324391
0.432861 2.76491 2.49667	0 5.74147 0.318707
0.433105 2.20868 2.49957	0 4.03607 0.319298
0.43335 2.3908 2.50406	0 7.2992 0.325998
0.433594 2.47246 2.51047	0 5.99503 0.337121
0.433838 2.486 2.51884	0 5.28329 0.350013
0.434082 2.31293 2.52891	0 5.28463 0.361873
0.434326 2.76991 2.54015	0 6.62055 0.370483
0.43457 2.51219 2.55183	0 8.37401 0.374661
0.434814 2.64265 2.56315	0 7.39624 0.374361
0.435059 2.60256 2.57329	0 6.95229 0.370533
0.435303 2.35395 2.58155	0 4.32661 0.364843
0.435547 2.87437 2.58739	0 9.02875 0.359324
0.435791 2.87277 2.59049	0 9.21664 0.355962
0.436035 2.56402 2.59079	0 5.66392 0.356247
0.436279 2.45757 2.58847	0 6.36615 0.360772
0.436523 2.50413 2.58399	0 6.55066 0.369034
0.436768 2.52501 2.578	0 6.23688 0.379525
0.437012 2.86906 2.57133	0 7.92378 0.390121
0.437256 2.75119 2.56486	0 7.2933 0.398586
0.4375 2.61195 2.55947	0 7.77261 0.40302
0.437744 2.02841 2.55589	0 5.07243 0.402083
0.437988 2.50526 2.55457	0 4.96548 0.395026
0.438232 2.45514 2.55564	0 5.0622 0.381655
0.438477 2.27842 2.55882	0 4.67407 0.362374
0.438721 2.85294 2.56352	0 7.84974 0.338331
0.438965 2.83306 2.56887	0 7.51743 0.311529
0.439209 2.36946 2.57395	0 5.58468 0.284678
0.439453 2.20071 2.57787	0 4.628 0.260713
0.439697 3.28699 2.57998	0 7.9953 0.242074
0.439941 2.57413 2.57992	0 4.8014 0.230069
0.440186 2.60454 2.57767	0 5.88033 0.224622
0.44043 2.55038 2.57352	0 5.97622 0.224511
0.440674 2.75189 2.5679	0 5.63064 0.227945
0.440918 2.40471 2.56131	0 4.6967 0.233164
0.441162 2.1652 2.55418	0 4.90096 0.238851
0.441406 2.60451 2.54679	0 7.21193 0.244277
0.44165 2.65506 2.53927	0 8.42788 0.249273
0.441895 2.42964 2.53164	0 5.79758 0.254119
0.442139 2.78315 2.52395	0 4.71541 0.259377
0.442383 2.65095 2.51634	0 6.20245 0.265669
0.442627 2.44798 2.50917	0 4.9374 0.273445
0.442871 2.29487 2.503	0 5.59028 0.282839
0.443115 2.80698 2.49854	0 11.4942 0.293655
0.443359 2.4903 2.49656	0 5.42324 0.305497
0.443604 2.08269 2.49767	0 3.80237 0.317922
0.443848 2.37009 2.50223	0 6.85576 0.330548
0.444092 2.218 2.51015	0 5.15777 0.343082
0.444336 2.74398 2.52094	0 9.41866 0.355297
0.44458 2.46715 2.53364	0 4.68459 0.366995
0.444824 2.55949 2.54702	0 7.89223 0.377964
0.445068 2.5149 2.55967	0 5.63757 0.387908
0.445312 2.82915 2.57025	0 4.31676 0.396382
0.445557 2.56457 2.57765	0 6.83043 0.402792
0.445801 2.96347 2.5811	0 8.52512 0.406494
0.446045 2.50975 2.58032	0 8.80598 0.406987
0.446289 2.57556 2.57548	0 6.125 0.404098
0.446533 2.45553 2.56722	0 5.32302 0.39805
0.446777 2.94608 2.55652	0 6.68604 0.389391
0.447021 2.42236 2.5446	0 5.58128 0.378825
0.447266 2.77596 2.53279	0 8.92614 0.367043
0.44751 1.892 2.52237	0 3.44122 0.35461
0.447754 2.85219 2.51446	0 7.27876 0.341944
0.447998 1.81529 2.50992	0 2.59125 0.329411
0.448242 2.90599 2.5093	0 9.54805 0.317518
0.448486 2.49754 2.51278	0 6.94972 0.307172
0.44873 2.35449 2.5202	0 5.04684 0.299817
0.448975 2.75888 2.53108	0 7.75009 0.297273
0.449219 2.21466 2.54466	0 3.42853 0.301209
0.449463 2.23066 2.55999	0 5.5214 0.312431
0.449707 2.73888 2.57603	0 6.78051 0.33035
0.449951 2.58856 2.59168	0 5.91484 0.352948
0.450195 3.01903 2.60592	0 6.96428 0.377302
0.450439 2.94194 2.61784	0 9.53705 0.400394
0.450684 2.48544 2.62666	0 4.31853 0.419785
0.450928 2.3039 2.63179	0 4.67365 0.433882
0.451172 2.72462 2.63277	0 5.68513 0.441815
0.451416 2.74239 2.62934	0 5.05631 0.443178
0.45166 2.49139 2.62147	0 6.16827 0.437918
0.451904 3.00647 2.6094	0 6.83989 0.426443
0.452148 2.82308 2.5937	0 7.89649 0.409822
0.452393 2.58656 2.57529	0 6.97118 0.389862
0.452637 2.5806 2.55545	0 6.16267 0.368913
0.452881 2.53529 2.53567	0 5.43778 0.349427
0.453125 2.41796 2.5175	0 7.18448 0.333411
0.453369 2.33448 2.50234	0 5.8391 0.321998
0.453613 2.25916 2.49128	0 5.08697 0.315273
0.453857 2.29948 2.48488	0 7.31624 0.312415
0.454102 2.33685 2.4832	0 5.92018 0.31209
0.454346 2.2912 2.48579	0 4.31541 0.312903
0.45459 2.76498 2.49182	0 7.61488 0.313785
0.454834 2.39095 2.5003	0 4.52853 0.314202
0.455078 2.84906 2.51025	0 7.55935 0.314205
0.455322 2.51403 2.52081	0 7.15822 0.314391
0.455566 2.63201 2.53138	0 6.94803 0.315809
0.455811 2.27024 2.54155	0 6.28982 0.319771
0.456055 2.55812 2.55111	0 5.03638 0.327538
0.456299 2.62131 2.55993	0 5.10549 0.33986
0.456543 2.50042 2.56794	0 5.06704 0.356525
0.456787 2.60764 2.57506	0 6.51575 0.376151
0.457031 2.43322 2.58126	0 5.57992 0.396462
0.457275 2.70829 2.5866	0 10.9631 0.415013
0.45752 2.86606 2.59127	0 10.627 0.430102
0.457764 2.56118 2.59563	0 4.87404 0.441401
0.458008 2.94151 2.60013	0 8.91918 0.449975
0.458252 2.24572 2.60527	0 5.64355 0.457684
0.458496 2.44286 2.6114	0 6.62849 0.466267
0.45874 2.55209 2.61862	0 9.2213 0.476532
0.458984 2.31988 2.62669	0 6.47724 0.487965
0.459229 2.69486 2.63499	0 10.6758 0.498862
0.459473 2.81279 2.64263	0 7.57564 0.506873
0.459717 2.60272 2.64859	0 6.54492 0.509762
0.459961 2.89859 2.65195	0 10.8449 0.506123
0.460205 2.91479 2.65208	0 8.61789 0.495842
0.460449 2.63116 2.64874	0 6.87187 0.480151
0.460693 2.83249 2.64215	0 9.51287 0.461278
0.460938 2.89342 2.63291	0 8.68722 0.441833
0.461182 2.21146 2.62183	0 3.27173 0.424182
0.461426 2.48064 2.60979	0 5.93381 0.410009
0.46167 2.41192 2.59756	0 5.93991 0.400118
0.461914 2.73994 2.58566	0 8.50335 0.394445
0.462158 2.48779 2.57441	0 5.49922 0.392174
0.462402 2.57095 2.56392	0 6.11965 0.391938
0.462646 2.59895 2.55425	0 5.81179 0.392148
0.462891 2.78147 2.54547	0 7.5886 0.391466
0.463135 2.5467 2.53776	0 9.33895 0.389286
0.463379 2.51889 2.53145	0 5.38781 0.386012
0.463623 2.47862 2.52691	0 4.52924 0.382902
0.463867 2.21622 2.52455	0 5.54599 0.381503
0.464111 2.45157 2.52464	0 6.28129 0.382913
0.464355 2.43152 2.52725	0 5.18804 0.387283
0.4646 2.61208 2.53222	0 7.50982 0.393828
0.464844 2.70305 2.53916	0 9.43794 0.401334
0.465088 2.19314 2.54751	0 4.39306 0.408828
0.465332 2.57375 2.55666	0 10.5967 0.415983
0.465576 2.85005 2.56602	0 8.62058 0.423013
0.46582 2.60537 2.57512	0 6.05552 0.430186
0.466064 2.66006 2.58359	0 6.34633 0.437315
0.466309 2.8251 2.59125	0 7.30694 0.4436
0.466553 2.03647 2.59802	0 3.70058 0.4479
0.466797 2.62289 2.60386	0 10.1794 0.449268
0.467041 2.56271 2.60882	0 5.74265 0.447422
0.467285 2.88831 2.61289	0 7.83353 0.442955
0.467529 2.85069 2.6161	0 8.37982 0.437242
0.467773 2.70666 2.61844	0 7.32619 0.432123
0.468018 2.3501 2.6199	0 4.49801 0.429432
0.468262 2.51507 2.62051	0 6.70402 0.430471
0.468506 2.38339 2.62039	0 5.13843 0.435544
0.46875 2.66914 2.61977	0 7.39271 0.443724
0.468994 2.91278 2.61902	0 7.48337 0.453023
0.469238 3.22184 2.61871	0 10.533 0.460978
0.469482 2.33787 2.61949	0 4.99681 0.465502
0.469727 2.20998 2.62207	0 6.17566 0.465671
0.469971 2.65674 2.62702	0 7.27995 0.462126
0.470215 2.62073 2.63466	0 6.19747 0.456908
0.470459 2.3006 2.64492	0 6.55328 0.452748
0.470703 2.54537 2.65732	0 6.90682 0.452069
0.470947 2.63348 2.67101	0 6.68393 0.456079
0.471191 2.77192 2.68491	0 8.58304 0.464323
0.471436 2.78182 2.69791	0 7.79735 0.474855
0.47168 3.24767 2.70905	0 8.20677 0.484995
0.471924 2.80477 2.71762	0 7.68698 0.492345
0.472168 2.69279 2.7233	0 6.35732 0.495643
0.472412 2.66376 2.72604	0 8.0444 0.495058
0.472656 2.5599 2.726	0 4.66656 0.491781
0.4729 2.61371 2.72343	0 7.65331 0.487145
0.473145 2.84299 2.71858	0 7.73165 0.481764
0.473389 2.61463 2.71165	0 6.97193 0.475233
0.473633 2.74684 2.70279	0 8.87217 0.466556
0.473877 3.20833 2.69217	0 11.105 0.455039
0.474121 2.42558 2.68006	0 6.94095 0.441022
0.474365 2.90262 2.66681	0 7.82474 0.425999
0.474609 2.48383 2.65296	0 5.835 0.41206
0.474854 2.63476 2.63909	0 6.47287 0.401078
0.475098 2.54368 2.62583	0 7.7158 0.394144
0.475342 2.34527 2.61375	0 6.92364 0.391484
0.475586 2.59165 2.6033	0 6.50692 0.392707
0.47583 2.95537 2.59474	0 11.0905 0.397
0.476074 2.47597 2.58817	0 4.75876 0.403105
0.476318 2.48412 2.58352	0 4.55804 0.409212
0.476562 2.44969 2.58053	0 6.00282 0.413101
0.476807 2.51637 2.57886	0 7.69648 0.412736
0.477051 2.57338 2.57806	0 5.1467 0.407078
0.477295 2.63174 2.57765	0 5.93903 0.396675
0.477539 2.62409 2.57717	0 6.77134 0.383603
0.477783 2.76 2.5762	0 5.69029 0.370709
0.478027 2.61055 2.57442	0 7.21097 0.360519
0.478271 2.33641 2.57163	0 4.35884 0.354325
0.478516 2.64903 2.56779	0 6.6242 0.351866
0.47876 2.51716 2.56306	0 6.16834 0.351684
0.479004 2.53146 2.55778	0 8.41107 0.351937
0.479248 2.8653 2.55245	0 6.95606 0.351271
0.479492 2.75986 2.54768	0 7.35967 0.349368
0.479736 2.13515 2.54414	0 3.65146 0.346947
0.47998 2.50854 2.54243	0 5.39914 0.345272
0.480225 2.36432 2.54301	0 6.17131 0.345419
0.480469 2.60785 2.54603	0 5.03012 0.347665
0.480713 2.38305 2.55136	0 6.14281 0.351285
0.480957 2.41708 2.55848	0 5.73869 0.354799
0.481201 2.68443 2.5666	0 7.35078 0.356528
0.481445 2.86626 2.57472	0 5.27985 0.355187
0.481689 2.43719 2.5818	0 5.60447 0.350295
0.481934 2.48003 2.58692	0 7.26712 0.342329
0.482178 2.4734 2.58943	0 5.97167 0.332635
0.482422 2.86253 2.58911	0 7.92474 0.32315
0.482666 3.31569 2.58619	0 8.81046 0.315983
0.48291 2.3757 2.58136	0 5.06415 0.312887
0.483154 2.66461 2.57564	0 7.55093 0.314761
0.483398 2.02818 2.57022	0 4.14035 0.321346
0.483643 2.64822 2.5663	0 6.15626 0.331295
0.483887 2.32992 2.56484	0 5.46418 0.342647
0.484131 2.39604 2.56651	0 3.90413 0.353559
0.484375 2.68347 2.57156	0 8.85922 0.362971
0.484619 2.52649 2.57982	0 5.41528 0.370893
0.484863 2.65115 2.59079	0 5.30578 0.378163
0.485107 2.93958 2.60363	0 7.9444 0.385809
0.485352 2.23861 2.61729	0 5.33933 0.394348
0.485596 2.4463 2.63055	0 7.79748 0.403399
0.48584 2.6769 2.64216	0 12.0096 0.411782
0.486084 2.86017 2.65092	0 8.00789 0.417994
0.486328 2.56662 2.65581	0 8.83523 0.420737
0.486572 2.72119 2.65617	0 8.38829 0.419229
0.486816 3.29001 2.65181	0 9.25342 0.413171
0.487061 2.83967 2.64306	0 6.77285 0.402564
0.487305 2.62164 2.63075	0 6.3253 0.387595
0.487549 2.457 2.61614	0 5.58193 0.368776
0.487793 2.3836 2.6007	0 4.37344 0.347255
0.488037 2.59181 2.58588	0 6.17318 0.325096
0.488281 2.3214 2.57292	0 3.92652 0.30525
0.488525 2.59635 2.56261	0 6.61434 0.291111
0.48877 2.5539 2.55528	0 7.17094 0.285729
0.489014 2.55092 2.55073	0 6.20836 0.290948
0.489258 2.30256 2.54835	0 3.78522 0.306818
0.489502 2.48087 2.54732	0 4.95873 0.33152
0.489746 2.5247 2.54679	0 5.19725 0.361837
0.48999 2.87508 2.54606	0 6.49791 0.393975
0.490234 2.66243 2.54482	0 8.62582 0.424374
0.490479 2.90864 2.54314	0 8.59665 0.450218
0.490723 2.32214 2.54146	0 3.97161 0.469578
0.490967 2.41171 2.54049	0 7.53709 0.48133
0.491211 2.40014 2.54098	0 6.05898 0.485086
0.491455 2.61478 2.54351	0 7.355 0.481242
0.491699 2.22352 2.54829	0 7.3249 0.471057
0.491943 2.29042 2.55513	0 4.02989 0.456583
0.492188 2.60185 2.56336	0 5.753 0.440344
0.492432 2.59583 2.57201	0 4.83808 0.424841
0.492676 2.87324 2.57995	0 8.7315 0.412043
0.49292 2.56089 2.58613	0 6.32235 0.403038
0.493164 3.1988 2.5897	0 10.8955 0.397889
0.493408 2.60058 2.59012	0 7.77633 0.395687
0.493652 2.19652 2.58719	0 3.96204 0.394786
0.493896 2.40986 2.581	0 7.39171 0.393218
0.494141 2.87144 2.57183	0 11.5538 0.389235
0.494385 2.54732 2.5601	0 8.25953 0.381861
0.494629 2.39826 2.5463	0 4.18843 0.371251
0.494873 2.71741 2.531	0 5.75594 0.358659
0.495117 2.74965 2.51481	0 5.89245 0.346012
0.495361 2.58771 2.4984	0 5.21612 0.335197
0.495605 2.219 2.48247	0 4.32633 0.327382
0.49585 2.44377 2.46766	0 4.60624 0.322635
0.496094 2.42559 2.45449	0 5.13911 0.32001
0.496338 1.80783 2.44314	0 2.4369 0.31805
0.496582 3.06406 2.43337	0 7.75521 0.315464
0.496826 2.30805 2.4243	0 6.29298 0.311663
0.49707 2.55306 2.41427	0 5.69231 0.30693
0.497314 2.23475 2.40079	0 4.58138 0.302143
0.497559 2.03863 2.3805	0 3.29515 0.298225
0.497803 2.33243 2.34934	0 4.40325 0.295571
0.498047 2.65346 2.30288	0 5.84843 0.293707
0.498291 2.83239 2.23683	0 6.84007 0.291324
0.498535 2.41486 2.14761	0 3.58238 0.286603
0.498779 2.94426 2.03307	0 8.33372 0.277699
0.499023 2.30622 1.89301	0 6.28437 0.263194
0.499268 2.28319 1.72956	0 4.43577 0.242428
0.499512 2.48172 1.54719	0 5.30611 0.215696
0.499756 2.59879 1.15294	0 10.1599 0.150346
