0 0 0.854459	0 0 0.0648469
0.000244141 1.64247 1.03002	0 2.66766 0.0827717
0.000488281 1.52694 1.21693	0 2.13219 0.102295
0.000732422 1.60861 1.41262	0 2.19932 0.123929
0.000976562 1.74341 1.61532	0 2.16114 0.149128
0.0012207 1.68701 1.82445	0 2.19014 0.180368
0.00146484 2.07586 2.04092	0 4.03616 0.220976
0.00170898 2.11197 2.26706	0 3.18052 0.274766
0.00195312 2.25324 2.50658	0 3.63831 0.345602
0.00219727 2.75924 2.76419	0 7.99963 0.437107
0.00244141 2.56738 3.04522	0 9.08983 0.552713
0.00268555 2.79263 3.35517	0 6.05995 0.696168
0.00292969 3.47549 3.69917	0 12.4087 0.872276
0.00317383 3.22914 4.08153	0 10.9162 1.08744
0.00341797 3.59623 4.50539	0 16.4707 1.34941
0.00366211 3.93583 4.97244	0 16.5619 1.6661
0.00390625 4.5748 5.48277	0 22.8976 2.04366
0.00415039 6.12703 6.03493	0 35.1558 2.48477
0.00439453 5.72438 6.62602	0 22.4131 2.98817
0.00463867 7.63682 7.2518	0 54.9576 3.54994
0.00488281 7.21514 7.9069	0 64.8412 4.16678
0.00512695 7.63491 8.58481	0 52.248 4.84045
0.00537109 10.6436 9.27786	0 99.7149 5.58179
0.00561523 8.79033 9.97714	0 63.2843 6.41198
0.00585938 9.98039 10.6724	0 129.748 7.35829
0.00610352 13.5019 11.352	0 177.543 8.44278
0.00634766 10.7954 12.0033	0 120.229 9.66595
0.0065918 12.9817 12.6127	0 150.858 10.991
0.00683594 13.1004 13.1666	0 182.503 12.337
0.00708008 18.0075 13.6524	0 403.606 13.588
0.00732422 15.2882 14.0587	0 232.668 14.6171
0.00756836 14.1974 14.3769	0 161.487 15.3202
0.0078125 16.6965 14.6018	0 387.153 15.6453
0.00805664 17.0564 14.7314	0 305.361 15.6083
0.00830078 15.201 14.7682	0 177.614 15.2878
0.00854492 16.0877 14.7178	0 199.139 14.8022
0.00878906 16.4721 14.5895	0 183.041 14.2752
0.0090332 15.2793 14.3951	0 217.723 13.8037
0.00927734 12.4438 14.1479	0 149.205 13.4337
0.00952148 17.3264 13.8623	0 290.674 13.1529
0.00976562 12.0804 13.5526	0 140.016 12.902
0.0100098 10.89 13.232	0 250.642 12.5998
0.0102539 13.0912 12.9126	0 222.455 12.1766
0.010498 12.873 12.6042	0 167.811 11.603
0.0107422 13.6241 12.3149	0 228.098 10.9034
0.0109863 11.0347 12.0503	0 112.356 10.1486
0.0112305 10.6356 11.8142	0 127.379 9.43128
0.0114746 9.94774 11.6085	0 109.9 8.83455
0.0117188 10.3577 11.4337	0 102.586 8.40736
0.0119629 12.5695 11.2896	0 152.499 8.15462
0.012207 10.0784 11.175	0 114.992 8.04432
0.0124512 12.6313 11.0889	0 154.038 8.02628
0.0126953 10.2209 11.0302	0 99.3065 8.05376
0.0129395 10.5884 10.9979	0 92.303 8.09928
0.0131836 10.6772 10.9903	0 132.574 8.15907
0.0134277 10.786 11.0054	0 143.218 8.24576
0.0136719 8.88077 11.0402	0 66.7368 8.3738
0.013916 11.1905 11.0906	0 99.5622 8.5451
0.0141602 9.87351 11.1521	0 80.2593 8.74216
0.0144043 12.2892 11.22	0 211.417 8.93172
0.0146484 13.0279 11.2905	0 148.323 9.07709
0.0148926 12.3901 11.3614	0 153.574 9.15346
0.0151367 11.4243 11.4322	0 92.6425 9.15947
0.0153809 11.1292 11.5042	0 109.824 9.1202
0.015625 11.7414 11.58	0 143.45 9.07973
0.0158691 11.4028 11.6625	0 240.21 9.08539
0.0161133 9.20487 11.7538	0 62.3667 9.16916
0.0163574 11.5433 11.8541	0 132.395 9.33407
0.0166016 11.6029 11.962	0 133.22 9.55184
0.0168457 12.6186 12.0739	0 168.568 9.77344
0.0170898 13.3728 12.1847	0 212.005 9.94759
0.017334 12.2899 12.2889	0 162.152 10.0384
0.0175781 12.6387 12.3816	0 142.101 10.0343
0.0178223 13.1756 12.4591	0 159.913 9.94547
0.0180664 12.8265 12.5198	0 178.301 9.79407
0.0183105 12.5865 12.5642	0 123.491 9.60356
0.0185547 13.0108 12.5945	0 143.269 9.39242
0.0187988 13.9881 12.6147	0 174.859 9.17412
0.019043 11.8914 12.6293	0 117.34 8.96161
0.0192871 11.3748 12.6426	0 124.182 8.7724
0.0195312 12.433 12.6583	0 123.03 8.63065
0.0197754 11.685 12.679	0 112.073 8.56385
0.0200195 13.8066 12.7057	0 142.404 8.59431
0.0202637 13.106 12.7381	0 163.17 8.72877
0.0205078 11.4614 12.7749	0 90.6047 8.95186
0.020752 13.0904 12.8143	0 174.682 9.22867
0.0209961 14.0528 12.854	0 251.741 9.51797
0.0212402 12.2583 12.8921	0 130.084 9.79067
0.0214844 13.6811 12.927	0 175.887 10.0436
0.0217285 12.7407 12.9576	0 131.231 10.2989
0.0219727 12.1506 12.9837	0 125.975 10.5889
0.0222168 12.7778 13.0058	0 170.518 10.9328
0.0224609 14.1446 13.0248	0 283.445 11.3206
0.0227051 12.8416 13.0426	0 157.903 11.7133
0.0229492 15.2219 13.0609	0 320.307 12.0598
0.0231934 12.1109 13.0817	0 163.206 12.32
0.0234375 10.148 13.1064	0 67.3477 12.4825
0.0236816 14.2462 13.1357	0 197.595 12.5666
0.0239258 13.7593 13.1693	0 224.03 12.6099
0.0241699 12.5143 13.2063	0 155.397 12.6481
0.0244141 12.1359 13.2454	0 122.132 12.6972
0.0246582 13.4072 13.2857	0 189.585 12.7482
0.0249023 14.9951 13.3273	0 354.231 12.7735
0.0251465 14.2776 13.3719	0 177.642 12.7426
0.0253906 14.6888 13.4229	0 199.859 12.6365
0.0256348 12.3496 13.4849	0 162.138 12.4561
0.0258789 13.0991 13.563	0 177.787 12.2211
0.026123 11.1151 13.6617	0 138.333 11.963
0.0263672 12.9256 13.7839	0 185.638 11.7177
0.0266113 14.7035 13.9298	0 196.566 11.5191
0.0268555 12.0171 14.0971	0 119.004 11.3951
0.0270996 14.4202 14.2813	0 142.127 11.3654
0.0273438 14.7923 14.4763	0 257.961 11.441
0.0275879 15.8033 14.6757	0 207.098 11.6255
0.027832 15.3042 14.8738	0 197.966 11.9175
0.0280762 17.2044 15.0662	0 297.799 12.3128
0.0283203 15.0386 15.25	0 158.29 12.806
0.0285645 14.0473 15.4238	0 200.06 13.3911
0.0288086 14.479 15.5871	0 177.636 14.0609
0.0290527 16.4508 15.7398	0 319.001 14.8051
0.0292969 13.9015 15.8819	0 279.795 15.6052
0.029541 18.8338 16.0132	0 348.006 16.4278
0.0297852 17.1058 16.1335	0 245.215 17.2177
0.0300293 16.4884 16.2426	0 273.107 17.8974
0.0302734 17.0759 16.3405	0 277.246 18.3771
0.0305176 14.5683 16.4275	0 175.674 18.5745
0.0307617 14.9076 16.5043	0 248.835 18.4411
0.0310059 18.9771 16.5719	0 455.501 17.9838
0.03125 16.1993 16.6313	0 219.735 17.2733
0.0314941 17.7509 16.6836	0 295 16.4332
0.0317383 17.9082 16.7303	0 305.817 15.6117
0.0319824 13.7974 16.7728	0 191.42 14.9443
0.0322266 18.4654 16.8133	0 328.253 14.5218
0.0324707 15.2863 16.8547	0 232.136 14.3738
0.0327148 18.3011 16.9008	0 298.424 14.4724
0.032959 16.2024 16.9565	0 191.057 14.7509
0.0332031 18.0358 17.0282	0 378.42 15.1294
0.0334473 18.1032 17.1228	0 376.34 15.5405
0.0336914 16.625 17.2475	0 265.513 15.9514
0.0339355 13.6836 17.4091	0 215.266 16.3783
0.0341797 15.9013 17.6126	0 258.657 16.8889
0.0344238 19.7747 17.8605	0 459.248 17.5865
0.034668 17.7856 18.152	0 309.712 18.5731
0.0349121 15.9124 18.4825	0 241.263 19.902
0.0351562 17.5696 18.8439	0 331.466 21.5359
0.0354004 20.8568 19.2249	0 427.228 23.3344
0.0356445 17.2249 19.613	0 273.016 25.0812
0.0358887 20.1295 19.9954	0 387.438 26.5472
0.0361328 23.2211 20.3612	0 534.709 27.5667
0.036377 23.9651 20.7027	0 836.308 28.0935
0.0366211 21.8756 21.0164	0 494.921 28.2113
0.0368652 21.5981 21.3036	0 473.666 28.091
0.0371094 18.1037 21.57	0 328.955 27.9163
0.0373535 25.1547 21.8246	0 571.322 27.8103
0.0375977 20.545 22.0784	0 323.368 27.8019
0.0378418 21.1504 22.3432	0 359.536 27.845
0.0380859 24.1457 22.6298	0 656.593 27.8804
0.0383301 21.2693 22.9474	0 540.828 27.9051
0.0385742 20.5825 23.3027	0 303.435 28.0131
0.0388184 24.0662 23.7001	0 458.75 28.3818
0.0390625 22.0316 24.1417	0 349.767 29.2106
0.0393066 25.458 24.6278	0 603.499 30.6404
0.0395508 28.0905 25.1569	0 649.71 32.6927
0.0397949 22.083 25.7263	0 636.208 35.259
0.0400391 26.9607 26.3319	0 607.283 38.1379
0.0402832 26.1774 26.9683	0 670.713 41.099
0.0405273 25.8127 27.6288	0 592.423 43.9379
0.0407715 24.4355 28.3058	0 536.149 46.5
0.0410156 34.0582 28.9916	0 1100.9 48.6784
0.0412598 30.4329 29.6798	0 1071.1 50.4026
0.0415039 27.6654 30.3659	0 700.585 51.642
0.041748 34.6526 31.0492	0 1141.25 52.4324
0.0419922 34.1714 31.733	0 999.121 52.9105
0.0422363 32.0396 32.4252	0 1162.33 53.333
0.0424805 30.6605 33.1376	0 899.699 54.053
0.0427246 29.381 33.8844	0 758.759 55.446
0.0429688 36.7556 34.6808	0 1035 57.8043
0.0432129 35.2859 35.541	0 1046.09 61.2395
0.043457 39.4095 36.476	0 1373.86 65.6376
0.0437012 32.7472 37.4926	0 1119.72 70.6883
0.0439453 32.6409 38.593	0 1480.11 75.9845
0.0441895 38.0489 39.775	0 1346.31 81.1612
0.0444336 37.497 41.0344	0 1236.43 86.0462
0.0446777 42.5642 42.3666	0 1710.6 90.7975
0.0449219 49.3319 43.7691	0 2154.65 96.0072
0.045166 51.4489 45.2431	0 2952.42 102.733
0.0454102 47.2423 46.7933	0 1693.21 112.405
0.0456543 42.6428 48.4274	0 1395.84 126.556
0.0458984 45.7505 50.1534	0 2109.03 146.394
0.0461426 42.966 51.9775	0 1804.9 172.305
0.0463867 51.6251 53.9022	0 2134.3 203.474
0.0466309 53.8879 55.9257	0 3526.8 237.812
0.046875 64.1718 58.0425	0 4173.58 272.313
0.0471191 62.9483 60.2452	0 6424.56 303.777
0.0473633 58.7618 62.527	0 3928.5 329.688
0.0476074 74.9396 64.8831	0 7047.38 348.91
0.0478516 56.6962 67.3122	0 4541.35 361.931
0.0480957 61.752 69.8163	0 5118.92 370.548
0.0483398 71.2256 72.4007	0 3864.73 377.142
0.048584 78.456 75.072	0 4820.73 383.833
0.0488281 82.2595 77.8364	0 5481.46 391.85
0.0490723 81.2975 80.6975	0 5602.61 401.328
0.0493164 79.6471 83.6533	0 5895.52 411.552
0.0495605 80.3508 86.6933	0 6825.9 421.52
0.0498047 88.7669 89.7956	0 8861.01 430.575
0.0500488 83.1904 92.9254	0 5734.29 438.845
0.050293 99.5608 96.0345	0 11735.8 447.337
0.0505371 106.72 99.0632	0 11468.2 457.622
0.0507812 105.369 101.945	0 8112.38 471.298
0.0510254 96.5369 104.612	0 9802.08 489.484
0.0512695 118.299 107.002	0 17221.6 512.586
0.0515137 120.101 109.068	0 11689.4 540.428
0.0517578 122.997 110.775	0 19555.8 572.571
0.052002 115.191 112.113	0 14327.1 608.555
0.0522461 131.68 113.084	0 15333.3 647.875
0.0524902 108.591 113.704	0 8949.32 689.734
0.0527344 109.362 113.995	0 11474.8 732.813
0.0529785 112.028 113.978	0 7611.32 775.31
0.0532227 111.971 113.666	0 16730.7 815.25
0.0534668 116.714 113.066	0 17324.7 850.826
0.0537109 119.577 112.172	0 16027.8 880.448
0.0539551 122.191 110.976	0 14771.4 902.399
0.0541992 129.552 109.468	0 10397.7 914.398
0.0544434 93.6207 107.638	0 9328.6 913.524
0.0546875 107.773 105.487	0 17608.7 896.807
0.0549316 98.8524 103.024	0 12059.5 862.326
0.0551758 120.22 100.273	0 15039.1 810.283
0.0554199 104.36 97.2692	0 12824.5 743.464
0.0556641 91.783 94.0605	0 6405 666.85
0.0559082 95.3928 90.7047	0 10436.4 586.593
0.0561523 85.6935 87.2658	0 6966.79 508.793
0.0563965 85.3921 83.8094	0 5941.47 438.495
0.0566406 64.2403 80.3973	0 3646.92 379.048
0.0568848 78.6452 77.0827	0 3888.9 331.827
0.0571289 80.5997 73.9057	0 4722.74 296.275
0.057373 60.6212 70.8901	0 3888.69 270.249
0.0576172 62.0638 68.0428	0 2778.5 250.671
0.0578613 55.1201 65.3549	0 2774.43 234.35
0.0581055 66.7543 62.8045	0 6163.08 218.769
0.0583496 68.1704 60.3613	0 6163.06 202.556
0.0585938 56.1949 57.9919	0 3452.68 185.517
0.0588379 50.5185 55.6652	0 2092.03 168.265
0.059082 55.2072 53.3571	0 3707.6 151.681
0.0593262 52.6034 51.0536	0 3083.39 136.462
0.0595703 58.63 48.7529	0 2872.14 122.907
0.0598145 42.7409 46.4641	0 1840.27 110.967
0.0600586 45.1694 44.2057	0 1611.82 100.408
0.0603027 38.424 42.0012	0 1287.28 90.9801
0.0605469 34.5026 39.8755	0 1427.48 82.4868
0.060791 37.18 37.8502	0 1531.42 74.7908
0.0610352 31.1961 35.941	0 875.717 67.7894
0.0612793 28.3318 34.1561	0 656.32 61.4067
0.0615234 36.6249 32.4964	0 1258.78 55.6053
0.0617676 28.2176 30.9569	0 809.133 50.3934
0.0620117 29.2488 29.5289	0 639.229 45.8076
0.0622559 30.3396 28.2026	0 673.16 41.8737
0.0625 25.0662 26.969	0 709.088 38.5664
0.0627441 24.2882 25.8207	0 530.553 35.7932
0.0629883 23.1583 24.7523	0 469.336 33.415
0.0632324 22.5997 23.7597	0 579.992 31.291
0.0634766 20.7499 22.8392	0 461.192 29.325
0.0637207 21.0489 21.987	0 387.457 27.4853
0.0639648 21.88 21.1983	0 445.606 25.7915
0.064209 18.8783 20.4679	0 329.684 24.276
0.0644531 20.1923 19.7899	0 489.752 22.9439
0.0646973 17.4021 19.159	0 366.645 21.7521
0.0649414 19.7367 18.5709	0 452.903 20.6175
0.0651855 17.9276 18.0226	0 279.407 19.4485
0.0654297 17.3757 17.5127	0 395.243 18.183
0.0656738 15.0703 17.041	0 178.205 16.8158
0.065918 17.784 16.6075	0 363.717 15.402
0.0661621 15.7078 16.2123	0 211.416 14.038
0.0664062 13.2643 15.8541	0 142.743 12.8302
0.0666504 14.2913 15.5297	0 205.858 11.8635
0.0668945 15.1878 15.2341	0 197.938 11.182
0.0671387 14.915 14.9604	0 194.309 10.7833
0.0673828 15.6076 14.7006	0 201.105 10.6255
0.067627 15.1909 14.4466	0 201.94 10.6383
0.0678711 11.8445 14.1908	0 133.165 10.7358
0.0681152 17.2651 13.9274	0 321.386 10.829
0.0683594 13.0555 13.653	0 230.478 10.8374
0.0686035 14.4296 13.3668	0 221.347 10.701
0.0688477 13.6007 13.0702	0 225.554 10.3901
0.0690918 11.6258 12.7663	0 167.81 9.90928
0.0693359 13.1489 12.4594	0 200.427 9.2954
0.0695801 10.8494 12.1541	0 102.211 8.60733
0.0698242 11.5495 11.8543	0 124.6 7.91226
0.0700684 10.5172 11.5633	0 99.6937 7.27146
0.0703125 12.7857 11.2831	0 116.243 6.72949
0.0705566 10.8279 11.0149	0 115.897 6.30907
0.0708008 10.0866 10.7593	0 82.8051 6.01218
0.0710449 11.0657 10.5164	0 129.352 5.82578
0.0712891 8.897 10.2863	0 74.5979 5.72962
0.0715332 9.82555 10.0692	0 64.5253 5.70288
0.0717773 12.0436 9.86523	0 176.335 5.7279
0.0720215 7.90886 9.67486	0 66.7767 5.79048
0.0722656 9.1269 9.4983	0 78.4719 5.87806
0.0725098 9.62327 9.33549	0 96.4176 5.97745
0.0727539 8.29859 9.18601	0 49.0872 6.07323
0.072998 8.67707 9.04905	0 89.2254 6.14758
0.0732422 8.67384 8.92345	0 74.0736 6.18167
0.0734863 9.6029 8.80793	0 92.3506 6.15891
0.0737305 9.36653 8.70119	0 105.546 6.06961
0.0739746 7.2113 8.60209	0 46.9932 5.91538
0.0742188 8.85385 8.50969	0 96.899 5.71085
0.0744629 9.14305 8.42321	0 72.7165 5.48045
0.074707 7.77643 8.34202	0 78.6415 5.25035
0.0749512 7.76547 8.26547	0 52.0204 5.0388
0.0751953 6.73498 8.19289	0 40.8356 4.84968
0.0754395 9.02333 8.1236	0 93.2987 4.67261
0.0756836 9.45613 8.05692	0 114.134 4.48998
0.0759277 8.25608 7.99224	0 57.755 4.28685
0.0761719 7.27319 7.92904	0 54.8916 4.05906
0.076416 7.36479 7.86681	0 37.9775 3.81567
0.0766602 7.6682 7.80503	0 68.187 3.57573
0.0769043 7.35318 7.74307	0 55.0569 3.36138
0.0771484 7.63953 7.68015	0 72.4942 3.19076
0.0773926 8.55821 7.61543	0 86.6582 3.07275
0.0776367 7.88412 7.54808	0 68.2277 3.00479
0.0778809 7.01284 7.47752	0 48.8277 2.97363
0.078125 7.50037 7.40363	0 68.1895 2.95879
0.0783691 7.27724 7.32688	0 77.889 2.93767
0.0786133 7.24762 7.24844	0 62.6068 2.89154
0.0788574 7.34474 7.17014	0 50.8306 2.81068
0.0791016 7.69832 7.09425	0 57.1602 2.69735
0.0793457 7.4843 7.02326	0 54.6743 2.56531
0.0795898 5.38697 6.95947	0 30.875 2.43578
0.079834 6.24997 6.90468	0 25.2174 2.33096
0.0800781 7.19697 6.85989	0 50.0448 2.26704
0.0803223 6.0135 6.82521	0 34.4303 2.24938
0.0805664 7.76176 6.79978	0 47.9853 2.27136
0.0808105 6.48968 6.78204	0 35.6604 2.31731
0.0810547 5.49165 6.76992	0 37.6522 2.36786
0.0812988 7.53985 6.7612	0 69.1319 2.40576
0.081543 8.32086 6.75383	0 65.9024 2.42009
0.0817871 6.12214 6.74622	0 27.728 2.40807
0.0820312 5.65542 6.73736	0 37.9137 2.37452
0.0822754 7.18113 6.727	0 50.7157 2.32965
0.0825195 6.44831 6.71561	0 46.0738 2.28617
0.0827637 7.57535 6.70437	0 55.8294 2.25619
0.0830078 7.269 6.69497	0 43.3011 2.2485
0.083252 6.07024 6.68946	0 37.8864 2.26666
0.0834961 6.40301 6.6899	0 39.363 2.30846
0.0837402 5.85677 6.69807	0 30.8577 2.367
0.0839844 6.60656 6.71506	0 43.6098 2.43325
0.0842285 7.39975 6.74103	0 44.6694 2.49925
0.0844727 5.95326 6.77498	0 29.9871 2.56072
0.0847168 6.49647 6.81479	0 36.0893 2.61827
0.0849609 7.55399 6.85736	0 65.5944 2.67637
0.0852051 6.13578 6.89904	0 33.9052 2.74069
0.0854492 6.1683 6.93613	0 34.5944 2.81476
0.0856934 7.98891 6.96549	0 69.194 2.89746
0.0859375 8.7631 6.98501	0 68.9424 2.98263
0.0861816 7.57853 6.99395	0 40.3199 3.06122
0.0864258 6.79959 6.99295	0 47.0461 3.1247
0.0866699 6.36396 6.98389	0 37.7804 3.16813
0.0869141 7.42521 6.96939	0 38.8007 3.19106
0.0871582 5.77075 6.95235	0 35.4496 3.19596
0.0874023 6.35815 6.93539	0 24.2748 3.18536
0.0876465 8.10955 6.92055	0 90.9048 3.15968
0.0878906 6.69296 6.90904	0 44.0207 3.11708
0.0881348 6.31238 6.90131	0 35.4896 3.05578
0.0883789 7.42352 6.89711	0 59.6353 2.97727
0.088623 6.64282 6.89574	0 43.9295 2.88857
0.0888672 7.2474 6.8962	0 62.8664 2.80167
0.0891113 6.54839 6.89739	0 39.5273 2.73013
0.0893555 6.63336 6.89823	0 38.4077 2.68438
0.0895996 7.08266 6.89784	0 45.1456 2.6681
0.0898438 6.93015 6.89559	0 44.4335 2.67768
0.0900879 6.98454 6.89131	0 52.3325 2.70481
0.090332 7.19999 6.88535	0 41.3975 2.74054
0.0905762 7.51188 6.87863	0 51.4142 2.7785
0.0908203 6.35618 6.87261	0 40.3957 2.81547
0.0910645 6.73709 6.86918	0 74.4524 2.84948
0.0913086 6.64333 6.87039	0 44.7804 2.87693
0.0915527 6.82432 6.8782	0 39.4634 2.89102
0.0917969 6.70579 6.89416	0 45.642 2.88289
0.092041 6.64989 6.91912	0 42.9186 2.84545
0.0922852 6.36133 6.95302	0 48.0008 2.77798
0.0925293 7.58571 6.99482	0 48.792 2.68887
0.0927734 6.60992 7.04251	0 49.4436 2.59446
0.0930176 6.7701 7.09333	0 50.1884 2.51393
0.0932617 7.27969 7.14407	0 52.781 2.46245
0.0935059 7.18381 7.1915	0 37.2514 2.44574
0.09375 7.59892 7.23291	0 76.7159 2.45878
0.0939941 7.62645 7.26653	0 50.0921 2.48899
0.0942383 7.67953 7.2919	0 65.5203 2.52208
0.0944824 7.83742 7.30995	0 51.8061 2.54767
0.0947266 7.66475 7.32287	0 55.538 2.56247
0.0949707 7.99238 7.33368	0 69.9046 2.57032
0.0952148 5.83287 7.34564	0 49.502 2.57979
0.095459 7.19007 7.36162	0 52.7726 2.60058
0.0957031 6.84206 7.38356	0 39.4331 2.63962
0.0959473 6.00253 7.4122	0 27.5189 2.69815
0.0961914 7.6618 7.44709	0 75.3366 2.77042
0.0964355 9.41449 7.48688	0 83.6422 2.84508
0.0966797 7.23903 7.52983	0 32.1214 2.909
0.0969238 7.20761 7.57433	0 75.8547 2.95261
0.097168 8.20061 7.61928	0 83.5226 2.97467
0.0974121 7.46634 7.66431	0 69.6701 2.98407
0.0976562 7.34145 7.70968	0 34.6766 2.99747
0.0979004 7.79047 7.75604	0 75.1536 3.03312
0.0981445 8.19596 7.80392	0 69.8795 3.10359
0.0983887 7.54311 7.85337	0 65.4339 3.21069
0.0986328 8.16333 7.90355	0 52.8109 3.34509
0.098877 6.50355 7.95264	0 45.6145 3.49069
0.0991211 7.5372 7.99798	0 57.7016 3.63141
0.0993652 8.97919 8.03646	0 76.5516 3.75721
0.0996094 9.19616 8.06509	0 92.017 3.86702
0.0998535 7.79345 8.08161	0 60.135 3.96787
0.100098 9.32259 8.08501	0 122.71 4.07095
0.100342 8.65889 8.07579	0 80.6811 4.18586
0.100586 7.8947 8.05598	0 69.3747 4.31531
0.10083 7.52788 8.02882	0 53.4677 4.45198
0.101074 8.34973 7.99835	0 84.4979 4.5794
0.101318 7.08178 7.96882	0 58.3435 4.67683
0.101562 7.15981 7.94423	0 40.2748 4.72599
0.101807 8.55416 7.92795	0 69.1899 4.71669
0.102051 7.68719 7.9225	0 59.3217 4.64904
0.102295 8.46745 7.92945	0 52.6923 4.53216
0.102539 7.04833 7.94939	0 67.2686 4.38127
0.102783 8.20897 7.98191	0 96.1706 4.21494
0.103027 7.46029 8.02564	0 52.6868 4.05303
0.103271 7.95141 8.07828	0 70.9204 3.91471
0.103516 6.95601 8.13678	0 58.8265 3.81563
0.10376 8.28475 8.19757	0 75.9685 3.76491
0.104004 9.55812 8.25694	0 109.154 3.76327
0.104248 8.63927 8.31152	0 52.9268 3.80334
0.104492 8.41619 8.35861	0 74.4633 3.87227
0.104736 8.46102 8.39652	0 73.7188 3.95515
0.10498 8.85084 8.42462	0 94.2838 4.03799
0.105225 9.13664 8.44324	0 70.7054 4.10972
0.105469 8.03629 8.45336	0 69.3339 4.16318
0.105713 8.33506 8.45624	0 61.9628 4.19589
0.105957 7.56436 8.45313	0 50.1908 4.21029
0.106201 9.00007 8.44501	0 78.1873 4.21306
0.106445 8.32726 8.43263	0 78.209 4.21288
0.106689 7.89993 8.41657	0 73.0149 4.21699
0.106934 9.98405 8.39743	0 143.795 4.22804
0.107178 8.45647 8.37596	0 49.6234 4.24316
0.107422 8.46592 8.35301	0 56.5123 4.25614
0.107666 8.08673 8.32937	0 68.6226 4.26186
0.10791 8.0306 8.30547	0 69.3838 4.25985
0.108154 7.85325 8.28108	0 60.3623 4.25394
0.108398 6.65821 8.25517	0 66.9385 4.24753
0.108643 9.50079 8.22593	0 101.616 4.23713
0.108887 7.83098 8.1911	0 67.4451 4.20897
0.109131 9.20129 8.14848	0 68.9382 4.14192
0.109375 9.04167 8.09649	0 73.3695 4.0162
0.109619 7.54541 8.03458	0 53.4696 3.82349
0.109863 9.07601 7.96351	0 68.7001 3.57289
0.110107 8.0138 7.88516	0 66.7865 3.28993
0.110352 7.43743 7.80228	0 49.9066 3.00927
0.110596 6.81535 7.71792	0 40.2615 2.76499
0.11084 7.64308 7.63501	0 49.8224 2.58237
0.111084 6.44679 7.55596	0 39.7421 2.47359
0.111328 7.31252 7.48256	0 44.2953 2.43756
0.111572 8.61006 7.41598	0 75.1928 2.46309
0.111816 8.23547 7.3569	0 81.0732 2.5338
0.112061 6.92979 7.30568	0 53.0016 2.63344
0.112305 6.52441 7.26237	0 48.3773 2.74969
0.112549 7.23989 7.22671	0 49.5277 2.87505
0.112793 6.40278 7.19811	0 44.9548 3.00431
0.113037 6.09979 7.17562	0 41.0774 3.12995
0.113281 7.60234 7.15799	0 50.8576 3.23852
0.113525 7.33338 7.14383	0 58.6375 3.3107
0.11377 8.99217 7.13184	0 111.209 3.32619
0.114014 6.63804 7.12094	0 36.1857 3.27138
0.114258 7.15121 7.11035	0 47.6968 3.14606
0.114502 7.22998 7.09951	0 59.0038 2.96552
0.114746 5.12646 7.08786	0 25.7432 2.75659
0.11499 7.54635 7.07473	0 64.983 2.54949
0.115234 7.11562 7.05917	0 46.7377 2.36917
0.115479 7.24602 7.03997	0 73.7512 2.2299
0.115723 7.91861 7.01577	0 57.0801 2.13483
0.115967 7.32521 6.98528	0 59.9793 2.07957
0.116211 7.12149 6.9475	0 47.9408 2.05692
0.116455 6.45695 6.90191	0 34.6077 2.05996
0.116699 6.27018 6.84856	0 38.7989 2.08256
0.116943 7.14093 6.7881	0 50.4567 2.11806
0.117188 7.99589 6.72172	0 63.9892 2.15817
0.117432 5.94415 6.65111	0 30.131 2.19365
0.117676 6.77087 6.57837	0 57.8708 2.21642
0.11792 6.21697 6.50585	0 50.3633 2.2217
0.118164 6.79688 6.43609	0 38.429 2.20878
0.118408 5.93339 6.37162	0 39.9515 2.17979
0.118652 6.10755 6.31477	0 32.447 2.13768
0.118896 6.14575 6.26748	0 39.0769 2.08464
0.119141 6.2464 6.23112	0 42.2302 2.02206
0.119385 5.73273 6.20633	0 34.8763 1.95155
0.119629 5.80923 6.19298	0 31.3852 1.876
0.119873 6.07501 6.19011	0 45.2989 1.79999
0.120117 5.87505 6.19608	0 33.8801 1.72928
0.120361 6.07668 6.20868	0 29.3178 1.67014
0.120605 6.78645 6.22534	0 44.3074 1.62874
0.12085 7.2659 6.24333	0 40.0663 1.61076
0.121094 4.74675 6.25996	0 17.3601 1.62075
0.121338 6.56516 6.27281	0 45.0241 1.6611
0.121582 6.03771 6.27988	0 37.4391 1.73093
0.121826 7.16494 6.27978	0 48.6076 1.82563
0.12207 6.59079 6.27187	0 44.1301 1.93733
0.122314 6.49658 6.2563	0 37.3676 2.05605
0.122559 6.51711 6.23408	0 40.2054 2.17091
0.122803 5.90069 6.20696	0 35.8628 2.2711
0.123047 5.62028 6.17723	0 28.9348 2.34699
0.123291 6.63572 6.14749	0 44.9708 2.39174
0.123535 6.45073 6.12023	0 40.4464 2.40351
0.123779 5.53552 6.09754	0 17.4127 2.38719
0.124023 6.06431 6.08073	0 48.1329 2.35437
0.124268 5.72194 6.07013	0 23.6831 2.32062
0.124512 5.29131 6.06503	0 18.5557 2.30018
0.124756 5.5447 6.06377	0 25.7142 2.30008
0.125 7.06339 6.06404	0 49.6783 2.31627
0.125244 6.22558 6.06332	0 34.386 2.33407
0.125488 6.15515 6.05926	0 23.2295 2.33353
0.125732 6.47107 6.05017	0 44.2607 2.29775
0.125977 6.471 6.03522	0 54.7787 2.22041
0.126221 5.91297 6.01452	0 27.676 2.10894
0.126465 5.61576 5.989	0 20.8674 1.98183
0.126709 6.25421 5.9601	0 32.7508 1.8615
0.126953 6.11297 5.92933	0 30.0984 1.76651
0.127197 5.6944 5.89791	0 44.6706 1.70645
0.127441 5.32585 5.86646	0 26.542 1.68112
0.127686 5.74813 5.83489	0 33.3143 1.68324
0.12793 5.33634 5.80249	0 25.0679 1.70227
0.128174 6.17041 5.76819	0 28.1934 1.72745
0.128418 6.03735 5.73098	0 29.9514 1.74934
0.128662 6.26927 5.69022	0 33.8232 1.76035
0.128906 6.11588 5.64603	0 33.2913 1.75538
0.12915 5.77453 5.59932	0 50.7693 1.73272
0.129395 5.27465 5.55172	0 25.8267 1.69477
0.129639 5.15753 5.50529	0 28.9795 1.64781
0.129883 4.4739 5.46215	0 31.8674 1.60036
0.130127 6.11984 5.42404	0 42.4694 1.56068
0.130371 4.82535 5.39207	0 18.4225 1.53429
0.130615 5.57677 5.36652	0 28.0019 1.52255
0.130859 5.31987 5.34686	0 26.0473 1.52253
0.131104 4.77295 5.33192	0 20.1305 1.52816
0.131348 5.37006 5.32017	0 21.7811 1.53237
0.131592 5.44243 5.30999	0 34.2565 1.52946
0.131836 5.82519 5.29998	0 31.2257 1.51712
0.13208 5.79014 5.28918	0 29.2653 1.49706
0.132324 4.44458 5.27713	0 15.1521 1.47413
0.132568 5.55871 5.26395	0 31.3515 1.45407
0.132812 5.28617 5.2502	0 21.3688 1.44122
0.133057 5.29068 5.23682	0 27.8978 1.43746
0.133301 4.49604 5.22491	0 19.7827 1.44287
0.133545 6.02519 5.21554	0 33.3714 1.4573
0.133789 5.16353 5.2096	0 25.1158 1.48154
0.134033 4.965 5.20759	0 18.6994 1.51675
0.134277 4.80235 5.20955	0 27.7387 1.56277
0.134521 4.60921 5.21494	0 17.3222 1.61634
0.134766 5.77195 5.22269	0 31.6662 1.67105
0.13501 5.41401 5.23132	0 39.2238 1.71904
0.135254 5.35377 5.23912	0 29.548 1.75379
0.135498 4.45612 5.24445	0 20.732 1.77219
0.135742 5.47013 5.24598	0 28.5518 1.77493
0.135986 6.20251 5.24296	0 44.1357 1.76511
0.13623 5.72046 5.23531	0 26.3362 1.74605
0.136475 5.01725 5.2236	0 20.8736 1.71945
0.136719 5.61098 5.20892	0 28.372 1.68489
0.136963 4.54191 5.19258	0 22.3253 1.64092
0.137207 4.2986 5.17587	0 17.7821 1.58715
0.137451 5.0957 5.15981	0 26.6847 1.52625
0.137695 5.52628 5.14497	0 29.9869 1.46483
0.137939 5.73801 5.13146	0 24.0119 1.41257
0.138184 5.21131 5.11893	0 22.543 1.3798
0.138428 4.39097 5.1067	0 14.838 1.37428
0.138672 5.69208 5.09389	0 26.4457 1.39847
0.138916 4.49074 5.07951	0 16.7194 1.44819
0.13916 5.13673 5.06262	0 28.1849 1.5134
0.139404 5.13417 5.04247	0 19.932 1.58109
0.139648 5.29831 5.01858	0 33.7102 1.63914
0.139893 5.18437 4.99092	0 40.5242 1.67971
0.140137 5.08606 4.95997	0 28.2226 1.7006
0.140381 5.31 4.9268	0 32.1822 1.70429
0.140625 4.65053 4.89296	0 17.7496 1.69536
0.140869 4.67228 4.86042	0 30.6275 1.67788
0.141113 4.65123 4.83129	0 33.3447 1.65424
0.141357 4.46209 4.80756	0 20.1202 1.62543
0.141602 5.22022 4.7908	0 31.4146 1.59212
0.141846 4.50185 4.7819	0 21.492 1.55546
0.14209 4.51433 4.78088	0 29.7761 1.51722
0.142334 4.29064 4.78681	0 19.4051 1.47939
0.142578 4.34069 4.79791	0 13.814 1.4439
0.142822 4.65806 4.81173	0 37.7666 1.4126
0.143066 5.59925 4.82548	0 30.7854 1.38729
0.143311 5.3273 4.83639	0 28.4952 1.36948
0.143555 5.2844 4.84204	0 32.5877 1.35974
0.143799 4.0319 4.84067	0 17.8071 1.35656
0.144043 5.27614 4.83139	0 20.426 1.35575
0.144287 5.53765 4.8142	0 32.3094 1.35064
0.144531 4.54164 4.78998	0 24.749 1.33379
0.144775 4.41129 4.7604	0 26.354 1.29972
0.14502 4.98796 4.72769	0 28.5762 1.2477
0.145264 5.017 4.69443	0 24.3056 1.18339
0.145508 4.55335 4.66327	0 21.7107 1.11809
0.145752 4.56434 4.63671	0 16.9263 1.06576
0.145996 4.28769 4.61677	0 18.6224 1.03873
0.14624 3.80761 4.60487	0 11.8919 1.04375
0.146484 4.79889 4.60161	0 22.6687 1.08005
0.146729 4.56599 4.60677	0 17.8394 1.13982
0.146973 4.23172 4.61938	0 19.2215 1.21097
0.147217 4.52747 4.63792	0 20.8336 1.28091
0.147461 4.71849 4.66048	0 18.9585 1.33985
0.147705 5.16377 4.68506	0 33.0311 1.38272
0.147949 4.74123 4.70967	0 15.8562 1.40913
0.148193 4.95602 4.73249	0 20.1205 1.42184
0.148438 4.58985 4.75186	0 18.5518 1.42457
0.148682 4.55805 4.76624	0 20.3751 1.42007
0.148926 5.15945 4.77426	0 30.4185 1.40912
0.14917 4.22536 4.77472	0 22.8073 1.3905
0.149414 4.99085 4.76678	0 26.3554 1.36181
0.149658 5.04518 4.75013	0 25.7743 1.32076
0.149902 5.39562 4.72523	0 28.8972 1.26662
0.150146 5.21333 4.69344	0 27.3836 1.20151
0.150391 4.75673 4.657	0 18.6272 1.13117
0.150635 4.8744 4.61882	0 18.1896 1.06469
0.150879 4.02124 4.5821	0 18.1362 1.01306
0.151123 3.89319 4.5499	0 13.8344 0.986607
0.151367 3.80278 4.52463	0 15.9513 0.992175
0.151611 4.49293 4.50773	0 20.4926 1.03086
0.151855 4.63377 4.49951	0 17.4795 1.09717
0.1521 4.29027 4.49924	0 18.2576 1.17984
0.152344 4.70874 4.50532	0 22.83 1.26428
0.152588 4.22428 4.51568	0 14.2362 1.33574
0.152832 4.97496 4.52805	0 16.9628 1.38262
0.153076 4.9053 4.54037	0 24.4372 1.39876
0.15332 3.96603 4.55092	0 17.0605 1.38411
0.153564 4.59826 4.55854	0 21.2473 1.34364
0.153809 4.98544 4.56258	0 22.0559 1.28496
0.154053 4.25909 4.56294	0 21.4553 1.21579
0.154297 5.13296 4.55996	0 28.0792 1.14223
0.154541 4.58689 4.55432	0 16.7732 1.06834
0.154785 4.31168 4.54684	0 16.3968 0.996543
0.155029 4.80128 4.53833	0 17.4284 0.928421
0.155273 4.14801 4.5294	0 17.4212 0.865305
0.155518 4.56162 4.52036	0 17.6607 0.808699
0.155762 4.37572 4.51113	0 15.375 0.760618
0.156006 3.8401 4.50133	0 17.4627 0.723818
0.15625 4.79662 4.4904	0 17.6989 0.701695
0.156494 5.32645 4.47779	0 30.6354 0.697567
0.156738 4.69367 4.46313	0 26.7463 0.71342
0.156982 4.17693 4.44641	0 27.8207 0.748651
0.157227 4.50115 4.428	0 22.9241 0.799521
0.157471 4.28265 4.40854	0 12.7265 0.859734
0.157715 4.49008 4.38888	0 24.5616 0.921947
0.157959 3.70977 4.3698	0 10.4906 0.979432
0.158203 5.05582 4.35195	0 20.1149 1.02713
0.158447 3.61883 4.33571	0 12.4348 1.06178
0.158691 4.41667 4.32121	0 14.3429 1.0816
0.158936 4.52358 4.30842	0 16.9339 1.08619
0.15918 4.20821 4.29726	0 18.4256 1.07716
0.159424 4.55237 4.28778	0 25.0795 1.05893
0.159668 4.33759 4.2802	0 25.9811 1.03892
0.159912 4.25591 4.275	0 14.9592 1.02618
0.160156 3.86505 4.27281	0 12.967 1.02861
0.1604 4.09692 4.27435	0 12.11 1.05
0.160645 4.66717 4.28022	0 21.2997 1.08833
0.160889 4.16648 4.29074	0 20.5906 1.13646
0.161133 3.47451 4.30583	0 10.9452 1.18489
0.161377 5.12545 4.32483	0 32.7788 1.22523
0.161621 3.90411 4.34654	0 14.5669 1.25282
0.161865 4.18928 4.3693	0 16.158 1.26763
0.162109 4.09528 4.39111	0 17.2592 1.27354
0.162354 4.81025 4.40993	0 25.3951 1.27668
0.162598 4.87783 4.42397	0 21.7553 1.28372
0.162842 4.55408 4.43197	0 19.1613 1.30042
0.163086 4.43021 4.43338	0 21.1109 1.33022
0.16333 5.02559 4.42849	0 32.7427 1.37321
0.163574 4.6321 4.41831	0 18.141 1.42551
0.163818 4.2787 4.40436	0 23.3723 1.4797
0.164062 3.92327 4.38833	0 12.5415 1.5264
0.164307 4.36435 4.37179	0 22.7091 1.55667
0.164551 4.10766 4.35584	0 17.832 1.5645
0.164795 4.2009 4.34099	0 16.6261 1.54834
0.165039 3.84514 4.3271	0 11.993 1.51127
0.165283 5.11689 4.3136	0 24.6665 1.45972
0.165527 4.33908 4.29963	0 21.7886 1.4014
0.165771 4.16977 4.28441	0 17.6579 1.34311
0.166016 5.01908 4.26744	0 20.977 1.28917
0.16626 3.63916 4.24869	0 9.91023 1.24078
0.166504 4.06065 4.22872	0 13.244 1.19636
0.166748 4.62877 4.20858	0 37.0521 1.15271
0.166992 4.39298 4.18976	0 19.148 1.1067
0.167236 3.48269 4.17393	0 14.6514 1.05697
0.16748 4.35322 4.16273	0 14.0581 1.00518
0.167725 4.58043 4.15749	0 24.3415 0.955971
0.167969 3.22721 4.15899	0 12.1253 0.915656
0.168213 4.21591 4.16732	0 17.1426 0.889821
0.168457 3.87542 4.18177	0 14.8819 0.881018
0.168701 3.93717 4.2009	0 14.5231 0.887669
0.168945 4.07486 4.22268	0 18.6707 0.90487
0.169189 4.23726 4.2448	0 13.2026 0.926613
0.169434 5.10007 4.26494	0 23.0497 0.948153
0.169678 4.87661 4.28107	0 24.584 0.967127
0.169922 4.23299 4.29163	0 23.7119 0.982971
0.170166 4.09733 4.29567	0 14.3848 0.995315
0.17041 3.61695 4.29286	0 10.4218 1.00275
0.170654 4.88868 4.28341	0 21.158 1.00297
0.170898 4.82307 4.26799	0 26.3189 0.994134
0.171143 3.96608 4.24761	0 9.53232 0.976533
0.171387 4.31512 4.22358	0 19.1381 0.953184
0.171631 4.1015 4.19741	0 13.0077 0.929038
0.171875 4.29727 4.17073	0 23.6284 0.909194
0.172119 4.0494 4.14521	0 18.7597 0.897133
0.172363 4.39772 4.12244	0 17.0528 0.893697
0.172607 3.86441 4.10376	0 16.8612 0.897054
0.172852 3.64689 4.09016	0 10.8237 0.903484
0.173096 3.81117 4.08215	0 15.6464 0.908726
0.17334 3.69155 4.07968	0 15.3519 0.909646
0.173584 4.4086 4.08212	0 21.965 0.90575
0.173828 4.53198 4.08834	0 16.3701 0.899872
0.174072 4.04626 4.09678	0 14.6843 0.897461
0.174316 3.8568 4.10561	0 13.7495 0.904426
0.174561 3.5331 4.11286	0 11.7137 0.924352
0.174805 4.53454 4.11669	0 16.8497 0.95637
0.175049 4.32178 4.11554	0 22.5716 0.994795
0.175293 4.26135 4.10836	0 15.4732 1.03079
0.175537 4.76784 4.09476	0 24.5055 1.05536
0.175781 3.99555 4.07507	0 19.2773 1.06251
0.176025 4.1351 4.0503	0 13.6911 1.05116
0.17627 4.3398 4.02197	0 16.8499 1.02537
0.176514 3.81112 3.9919	0 10.6059 0.992852
0.176758 3.18212 3.96196	0 8.70945 0.962364
0.177002 4.07242 3.93379	0 11.6081 0.941109
0.177246 3.51138 3.90863	0 11.2569 0.932825
0.17749 4.45659 3.88728	0 21.5946 0.93717
0.177734 3.59753 3.87007	0 14.4552 0.950437
0.177979 3.94151 3.85694	0 13.4815 0.967227
0.178223 3.89702 3.84752	0 17.231 0.982469
0.178467 3.82694 3.84123	0 13.3574 0.99307
0.178711 3.25278 3.83737	0 8.7492 0.998652
0.178955 4.07626 3.83522	0 16.4701 1.00112
0.179199 3.66706 3.83408	0 11.276 1.00333
0.179443 3.98553 3.83344	0 16.7059 1.00743
0.179688 4.21934 3.833	0 16.577 1.01379
0.179932 3.58781 3.83276	0 16.878 1.02088
0.180176 4.12987 3.83304	0 17.504 1.02628
0.18042 3.82418 3.83437	0 19.9124 1.02806
0.180664 3.63906 3.83737	0 16.5118 1.02586
0.180908 3.6437 3.84258	0 16.1063 1.02088
0.181152 4.00962 3.85021	0 13.6482 1.01504
0.181396 3.31909 3.86008	0 13.2173 1.00973
0.181641 3.5649 3.8715	0 10.9782 1.00506
0.181885 4.40195 3.8834	0 17.5964 1.00014
0.182129 3.86344 3.89449	0 13.4421 0.994272
0.182373 3.65058 3.90342	0 17.7146 0.988277
0.182617 5.03942 3.90906	0 23.7766 0.985147
0.182861 3.37625 3.91065	0 12.8103 0.989458
0.183105 4.24537 3.90786	0 11.9105 1.00564
0.18335 3.92017 3.9008	0 17.1436 1.03578
0.183594 3.55321 3.88991	0 11.9925 1.07784
0.183838 4.38997 3.87592	0 22.9619 1.12505
0.184082 3.33619 3.85971	0 9.9631 1.16687
0.184326 3.61311 3.8423	0 15.8672 1.1915
0.18457 3.98044 3.8248	0 13.3042 1.18914
0.184814 4.49222 3.8084	0 23.3846 1.15519
0.185059 4.03181 3.79431	0 21.7963 1.09214
0.185303 3.36885 3.78369	0 11.372 1.00917
0.185547 3.40587 3.77744	0 11.5474 0.919615
0.185791 3.4158 3.77605	0 11.277 0.837134
0.186035 3.39862 3.77947	0 11.3927 0.772031
0.186279 4.01238 3.78703	0 12.4487 0.729178
0.186523 3.67705 3.79748	0 14.1621 0.708038
0.186768 4.02237 3.80923	0 20.1538 0.704422
0.187012 3.75288 3.82055	0 13.3925 0.712979
0.187256 3.86858 3.82984	0 12.9538 0.729336
0.1875 4.33362 3.8359	0 13.5679 0.751191
0.187744 4.21503 3.83801	0 16.8846 0.778217
0.187988 3.92446 3.83593	0 11.4925 0.811051
0.188232 3.27276 3.82979	0 10.6337 0.849906
0.188477 3.83787 3.81991	0 12.2302 0.893381
0.188721 3.69379 3.80664	0 13.6042 0.937921
0.188965 3.96986 3.79027	0 19.7319 0.978193
0.189209 3.79963 3.77099	0 16.9291 1.0083
0.189453 3.9239 3.74905	0 12.0877 1.02345
0.189697 3.39698 3.72489	0 12.5114 1.02146
0.189941 4.03917 3.69926	0 15.378 1.00353
0.190186 4.19084 3.67337	0 17.0174 0.97397
0.19043 3.56182 3.64882	0 10.5216 0.938983
0.190674 3.83187 3.6274	0 10.3251 0.904794
0.190918 3.08342 3.61087	0 9.71197 0.875899
0.191162 2.80929 3.60057	0 8.08215 0.853933
0.191406 3.66245 3.5972	0 13.3797 0.837581
0.19165 3.10386 3.6006	0 9.8546 0.823552
0.191895 3.68559 3.60973	0 18.6396 0.808181
0.192139 3.75053 3.62287	0 13.1245 0.789046
0.192383 3.92641 3.63779	0 25.478 0.765981
0.192627 3.82975 3.65214	0 8.51687 0.741133
0.192871 3.56484 3.66375	0 12.2667 0.71811
0.193115 3.83293 3.67088	0 10.5565 0.70059
0.193359 3.64709 3.67239	0 9.81273 0.690903
0.193604 3.82421 3.66784	0 15.6667 0.689138
0.193848 4.0489 3.65746	0 17.6433 0.693109
0.194092 3.65114 3.64209	0 15.0902 0.699179
0.194336 3.75577 3.62299	0 13.5704 0.703641
0.19458 3.15511 3.60173	0 6.1174 0.704068
0.194824 3.86373 3.57999	0 15.5348 0.700132
0.195068 3.51023 3.55933	0 10.7022 0.693561
0.195312 3.46181 3.54104	0 12.0248 0.687281
0.195557 3.24334 3.52598	0 7.7005 0.684086
0.195801 3.40619 3.51451	0 10.6737 0.685354
0.196045 3.43298 3.5065	0 10.5417 0.690348
0.196289 3.35223 3.50137	0 9.10278 0.69641
0.196533 3.50333 3.49829	0 16.0198 0.700027
0.196777 3.98963 3.49633	0 15.5657 0.698344
0.197021 2.92248 3.49473	0 8.1977 0.690457
0.197266 3.71935 3.493	0 14.3856 0.677897
0.19751 4.05342 3.49111	0 11.1918 0.664082
0.197754 3.34224 3.4894	0 8.70465 0.652993
0.197998 3.79965 3.48857	0 13.0759 0.647678
0.198242 3.19086 3.48945	0 11.2391 0.649217
0.198486 2.44712 3.49288	0 4.40444 0.656528
0.19873 3.68023 3.49944	0 11.0463 0.667036
0.198975 3.94431 3.50939	0 13.6311 0.677856
0.199219 3.63655 3.52262	0 14.0929 0.686967
0.199463 3.29396 3.53863	0 13.7775 0.693841
0.199707 3.24434 3.5566	0 10.0524 0.699268
0.199951 3.64893 3.57552	0 12.5785 0.704551
0.200195 3.97615 3.59429	0 12.6205 0.710571
0.200439 3.76534 3.61175	0 13.3508 0.717263
0.200684 2.76261 3.62684	0 6.44414 0.723745
0.200928 4.23169 3.63857	0 22.1959 0.728896
0.201172 4.21971 3.64612	0 19.0171 0.731931
0.201416 3.28506 3.64889	0 8.27785 0.732605
0.20166 3.73548 3.6465	0 11.1762 0.730975
0.201904 3.64637 3.63887	0 11.5838 0.726989
0.202148 3.61575 3.62623	0 12.8746 0.72023
0.202393 4.03642 3.60916	0 16.2201 0.710018
0.202637 3.51051 3.58856	0 10.5921 0.695799
0.202881 3.57867 3.56556	0 15.3886 0.677577
0.203125 3.96941 3.54146	0 16.8785 0.656117
0.203369 3.10926 3.51759	0 7.16955 0.632791
0.203613 3.22506 3.49512	0 11.9213 0.609155
0.203857 3.39461 3.47502	0 13.8016 0.586469
0.204102 3.37269 3.45792	0 11.7426 0.565416
0.204346 3.40641 3.44416	0 8.83714 0.546155
0.20459 3.36359 3.43385	0 8.9458 0.528679
0.204834 3.57763 3.42696	0 11.8482 0.513306
0.205078 3.4054 3.42344	0 11.9276 0.501038
0.205322 3.46682 3.42329	0 8.16047 0.4936
0.205566 3.39631 3.42659	0 9.01833 0.493059
0.205811 3.44778 3.4334	0 14.5256 0.501147
0.206055 3.59312 3.44372	0 15.2565 0.518497
0.206299 2.7485 3.45736	0 7.27231 0.544114
0.206543 3.1304 3.47386	0 11.2336 0.575329
0.206787 3.53033 3.49254	0 10.3069 0.608337
0.207031 4.20724 3.5125	0 18.1239 0.63917
0.207275 3.08913 3.53276	0 7.88533 0.664728
0.20752 4.19438 3.55236	0 18.5385 0.683458
0.207764 3.52409 3.57042	0 16.2352 0.695444
0.208008 3.6055 3.58622	0 13.85 0.70198
0.208252 3.22662 3.59919	0 9.07878 0.70493
0.208496 3.42284 3.60887	0 11.2845 0.706209
0.20874 3.67878 3.61493	0 12.4125 0.707514
0.208984 4.2199 3.61715	0 15.0153 0.710267
0.209229 3.59282 3.61549	0 19.1582 0.715546
0.209473 3.84207 3.6101	0 9.80304 0.723905
0.209717 3.63082 3.60138	0 11.8333 0.735096
0.209961 3.07747 3.58994	0 9.49409 0.747881
0.210205 4.0578 3.57658	0 18.3086 0.760184
0.210449 3.59491 3.56216	0 10.494 0.769642
0.210693 3.33552 3.54745	0 14.7017 0.774447
0.210938 3.45941 3.53304	0 11.8849 0.77407
0.211182 3.61191 3.51915	0 17.2467 0.769457
0.211426 3.58368 3.50568	0 9.72882 0.762539
0.21167 2.91728 3.49215	0 6.94096 0.755257
0.211914 3.20101 3.4779	0 9.57025 0.748659
0.212158 3.98965 3.46222	0 14.4597 0.742587
0.212402 4.38783 3.44456	0 22.9041 0.736103
0.212646 2.80484 3.42475	0 13.0799 0.728311
0.212891 3.4354 3.40304	0 8.80181 0.719026
0.213135 3.67417 3.38019	0 13.7545 0.708887
0.213379 3.34124 3.35738	0 10.5591 0.698929
0.213623 3.06058 3.33601	0 9.58392 0.69001
0.213867 3.32621 3.31751	0 10.8232 0.682537
0.214111 3.02898 3.3031	0 10.1343 0.676659
0.214355 3.20187 3.29364	0 10.838 0.672731
0.2146 2.97823 3.28941	0 8.38657 0.671587
0.214844 3.65442 3.29016	0 13.5068 0.674287
0.215088 3.05292 3.29509	0 9.6401 0.68133
0.215332 3.20532 3.30298	0 10.913 0.691777
0.215576 3.05441 3.31243	0 9.47332 0.702871
0.21582 3.16125 3.32199	0 9.375 0.710583
0.216064 4.26018 3.33044	0 14.4083 0.710965
0.216309 3.17782 3.33696	0 10.5039 0.701777
0.216553 3.66761 3.3412	0 9.6805 0.683556
0.216797 3.10152 3.3433	0 8.95614 0.659626
0.217041 3.37691 3.34379	0 11.5661 0.63501
0.217285 3.33091 3.34341	0 9.55683 0.614796
0.217529 3.06284 3.34295	0 6.41691 0.602686
0.217773 3.6414 3.34302	0 11.7511 0.600262
0.218018 3.09771 3.34394	0 9.65446 0.607025
0.218262 3.08752 3.34571	0 6.8583 0.62088
0.218506 3.48449 3.3481	0 11.3368 0.638678
0.21875 3.34858 3.35077	0 9.62929 0.65667
0.218994 2.93175 3.35346	0 8.08382 0.670985
0.219238 4.17575 3.35615	0 15.2115 0.678311
0.219482 4.01373 3.35913	0 16.5399 0.676724
0.219727 2.85869 3.36297	0 6.53842 0.666342
0.219971 3.09425 3.36837	0 9.58145 0.649375
0.220215 3.04343 3.37594	0 7.99516 0.629461
0.220459 3.3544 3.38599	0 10.6322 0.610523
0.220703 2.98301 3.39836	0 11.7491 0.595654
0.220947 3.58184 3.41238	0 17.0049 0.586483
0.221191 3.67723 3.42696	0 14.0716 0.583118
0.221436 3.25433 3.44078	0 9.86339 0.58454
0.22168 3.98288 3.45256	0 13.1622 0.589151
0.221924 3.20434 3.46134	0 10.4509 0.595311
0.222168 3.50489 3.46661	0 10.2609 0.601768
0.222412 3.90076 3.46842	0 12.1613 0.607934
0.222656 3.87768 3.46725	0 11.2262 0.613911
0.2229 3.48133 3.46386	0 10.0866 0.620194
0.223145 2.91162 3.459	0 7.63241 0.627082
0.223389 3.16647 3.4532	0 11.2324 0.634049
0.223633 2.9675 3.44666	0 7.43157 0.639434
0.223877 3.19604 3.43926	0 12.086 0.640739
0.224121 4.49518 3.43065	0 16.4634 0.635541
0.224365 3.63018 3.42053	0 12.159 0.622637
0.224609 3.62044 3.40884	0 8.48781 0.602847
0.224854 3.19338 3.39593	0 7.41305 0.579001
0.225098 3.55298 3.38262	0 15.1366 0.554991
0.225342 3.17785 3.37011	0 7.99674 0.534314
0.225586 2.91774 3.35976	0 6.08164 0.518773
0.22583 3.18506 3.35293	0 9.32673 0.507995
0.226074 3.51356 3.35066	0 11.6283 0.49998
0.226318 3.67833 3.3535	0 11.7583 0.492354
0.226562 2.73136 3.36141	0 8.20182 0.48365
0.226807 3.2118 3.37376	0 9.54687 0.473993
0.227051 3.39524 3.38933	0 10.2587 0.46498
0.227295 3.20766 3.4065	0 10.3609 0.459028
0.227539 3.97652 3.42343	0 15.4485 0.45866
0.227783 3.12324 3.43827	0 9.2908 0.466059
0.228027 3.9412 3.44937	0 13.8001 0.482847
0.228271 3.35111 3.45547	0 10.9863 0.509838
0.228516 3.30574 3.45585	0 9.78158 0.546554
0.22876 4.21727 3.45039	0 16.2155 0.590666
0.229004 3.3614 3.43952	0 11.8127 0.637761
0.229248 3.55408 3.42413	0 12.1603 0.681847
0.229492 3.49087 3.40536	0 16.2889 0.716653
0.229736 2.83817 3.38446	0 9.47734 0.737325
0.22998 3.43461 3.36253	0 10.8566 0.741885
0.230225 3.18003 3.34046	0 9.6529 0.731873
0.230469 3.4882 3.31878	0 12.7798 0.711911
0.230713 3.28145 3.29775	0 10.426 0.68833
0.230957 3.43298 3.27737	0 13.7481 0.667303
0.231201 3.10903 3.2575	0 9.56811 0.653084
0.231445 3.17814 3.23799	0 10.8074 0.646937
0.231689 3.28032 3.21874	0 7.49322 0.647123
0.231934 3.41572 3.1998	0 15.9987 0.649908
0.232178 3.081 3.18139	0 8.37589 0.651137
0.232422 3.10726 3.16386	0 8.98218 0.647709
0.232666 2.9268 3.14769	0 7.88174 0.638368
0.23291 3.40656 3.13344	0 13.3003 0.623601
0.233154 2.91422 3.12165	0 9.58267 0.604874
0.233398 3.24568 3.11283	0 11.0597 0.583704
0.233643 2.87725 3.10737	0 8.93814 0.56107
0.233887 2.91519 3.10548	0 7.12432 0.53744
0.234131 3.34796 3.10716	0 12.053 0.513295
0.234375 2.93154 3.11223	0 8.23454 0.489768
0.234619 2.96421 3.12028	0 8.53114 0.468916
0.234863 2.92739 3.13077	0 7.54851 0.453389
0.235107 3.14595 3.14308	0 9.18224 0.445589
0.235352 3.58601 3.15657	0 12.2996 0.446694
0.235596 3.41066 3.17062	0 13.9696 0.456026
0.23584 2.71068 3.18462	0 7.6244 0.471058
0.236084 3.49221 3.198	0 10.4926 0.488111
0.236328 2.79901 3.21021	0 5.83656 0.503491
0.236572 3.28483 3.22063	0 12.6689 0.514649
0.236816 3.47518 3.22865	0 11.4573 0.520893
0.237061 3.06936 3.23368	0 8.46985 0.523349
0.237305 3.59956 3.23524	0 10.5734 0.524181
0.237549 2.98417 3.23307	0 6.34714 0.525447
0.237793 3.67175 3.22717	0 12.9137 0.528111
0.238037 3.32548 3.21791	0 11.4809 0.531714
0.238281 3.21293 3.20598	0 9.47555 0.534815
0.238525 3.09052 3.19232	0 8.76823 0.535965
0.23877 3.07561 3.17804	0 8.18809 0.534694
0.239014 3.31603 3.1642	0 12.0116 0.531972
0.239258 2.78958 3.15176	0 6.93221 0.529927
0.239502 3.25511 3.1414	0 12.5428 0.530945
0.239746 2.94906 3.13353	0 5.90569 0.536621
0.23999 2.99084 3.12824	0 7.61178 0.54704
0.240234 3.17989 3.12536	0 11.8567 0.560665
0.240479 3.48663 3.12456	0 11.8626 0.574759
0.240723 3.07345 3.12541	0 7.77076 0.586066
0.240967 2.75296 3.12748	0 6.56201 0.59148
0.241211 3.06581 3.13041	0 8.51729 0.588659
0.241455 2.92923 3.1339	0 6.51626 0.576606
0.241699 3.96348 3.13774	0 12.945 0.556206
0.241943 3.12226 3.14175	0 9.04374 0.530468
0.242188 2.90364 3.14575	0 9.15053 0.504133
0.242432 3.00906 3.14946	0 8.78931 0.48251
0.242676 2.67748 3.15252	0 8.63579 0.469867
0.24292 3.23134 3.15449	0 7.21127 0.468033
0.243164 3.71342 3.1549	0 13.3485 0.475862
0.243408 2.92396 3.15333	0 10.4432 0.489761
0.243652 3.56568 3.14955	0 14.0192 0.504978
0.243896 3.41115 3.14356	0 10.6581 0.517014
0.244141 2.73386 3.13565	0 6.06629 0.522648
0.244385 3.26779 3.12636	0 10.3713 0.520402
0.244629 2.6899 3.11641	0 7.32329 0.510562
0.244873 3.24949 3.10661	0 9.2695 0.494974
0.245117 3.48465 3.09772	0 13.6124 0.47668
0.245361 3.00558 3.09031	0 7.50145 0.459358
0.245605 2.51502 3.08474	0 5.08438 0.446571
0.24585 3.58513 3.081	0 11.8368 0.440954
0.246094 2.64526 3.07884	0 5.98546 0.44361
0.246338 2.87491 3.0777	0 6.25318 0.453962
0.246582 3.21998 3.07692	0 7.90698 0.470043
0.246826 3.19657 3.07582	0 8.90346 0.489046
0.24707 3.47753 3.07386	0 9.25835 0.507831
0.247314 2.95416 3.0708	0 9.40664 0.523282
0.247559 2.98521 3.06675	0 9.92086 0.532616
0.247803 3.22206 3.06214	0 12.3668 0.533847
0.248047 3.04502 3.0577	0 7.82781 0.526407
0.248291 3.05518 3.05424	0 13.6178 0.511647
0.248535 2.95257 3.0525	0 9.06481 0.492813
0.248779 2.95672 3.05296	0 5.95814 0.47428
0.249023 2.63654 3.05571	0 8.40709 0.460267
0.249268 2.87971 3.06043	0 6.37988 0.45359
0.249512 3.52449 3.06643	0 8.94172 0.454974
0.249756 2.6666 3.07279	0 6.63364 0.463145
0.25 3.6243 3.07855	0 12.1553 0.475494
0.250244 3.03487 3.08294	0 7.27793 0.488959
0.250488 3.29119 3.08548	0 9.77845 0.500808
0.250732 3.03232 3.08609	0 9.79881 0.509228
0.250977 3.02977 3.08505	0 9.65888 0.513676
0.251221 3.36097 3.08289	0 11.0751 0.514945
0.251465 2.87609 3.08022	0 7.86861 0.514816
0.251709 3.12558 3.07759	0 10.3531 0.515286
0.251953 2.42065 3.0753	0 5.23747 0.517601
0.252197 3.22733 3.0734	0 8.26895 0.521566
0.252441 3.42511 3.07163	0 13.1493 0.525543
0.252686 2.87479 3.06957	0 6.38149 0.527262
0.25293 3.16831 3.06673	0 13.533 0.525051
0.253174 3.35651 3.0627	0 9.13895 0.518835
0.253418 3.07507 3.05732	0 11.1221 0.510356
0.253662 2.96644 3.0507	0 8.4651 0.502513
0.253906 2.62513 3.04331	0 5.85465 0.498206
0.25415 3.52193 3.03589	0 12.5418 0.499284
0.254395 3.15555 3.02938	0 9.23981 0.506056
0.254639 3.1216 3.02477	0 10.0372 0.517437
0.254883 2.42764 3.02297	0 5.26814 0.531521
0.255127 2.93058 3.0246	0 10.7336 0.546243
0.255371 3.03025 3.02991	0 10.2315 0.559908
0.255615 3.01549 3.03873	0 7.58401 0.571521
0.255859 2.8792 3.0504	0 7.3953 0.580935
0.256104 3.01332 3.0639	0 8.02698 0.58888
0.256348 3.08338 3.07799	0 11.9449 0.596833
0.256592 3.25377 3.09133	0 11.9013 0.606691
0.256836 3.3425 3.1027	0 8.19171 0.620205
0.25708 3.19401 3.11118	0 11.4213 0.638244
0.257324 2.99786 3.11621	0 6.36249 0.660119
0.257568 3.26794 3.11767	0 14.2135 0.683261
0.257812 3.34536 3.11584	0 9.44861 0.703521
0.258057 2.99311 3.11132	0 10.7055 0.716079
0.258301 3.22472 3.10489	0 10.0513 0.716751
0.258545 2.97499 3.09738	0 9.89512 0.703207
0.258789 3.04725 3.08952	0 6.718 0.6757
0.259033 2.92626 3.08182	0 8.23994 0.637053
0.259277 2.94119 3.07459	0 8.22113 0.591986
0.259521 3.35706 3.06788	0 8.63309 0.546079
0.259766 2.79967 3.06162	0 8.91299 0.504719
0.26001 3.19399 3.05571	0 10.2392 0.472257
0.260254 3.06592 3.05013	0 9.09378 0.451491
0.260498 3.36364 3.04497	0 8.00365 0.443477
0.260742 2.59603 3.04052	0 7.90521 0.447666
0.260986 3.63821 3.03714	0 14.0108 0.462328
0.26123 2.78573 3.03519	0 6.871 0.485134
0.261475 2.74933 3.03487	0 6.90981 0.513666
0.261719 2.46741 3.03609	0 4.80509 0.545653
0.261963 3.51092 3.03841	0 9.79009 0.57885
0.262207 2.96187 3.04109	0 13.849 0.610725
0.262451 2.87329 3.04312	0 6.45825 0.638237
0.262695 3.30404 3.04346	0 13.6142 0.658011
0.262939 3.33092 3.04123	0 13.1963 0.666984
0.263184 2.96909 3.03585	0 7.02269 0.66331
0.263428 3.21013 3.02721	0 11.8832 0.647123
0.263672 3.37096 3.01566	0 14.4311 0.620716
0.263916 2.64371 3.00197	0 4.266 0.58798
0.26416 2.95914 2.9872	0 7.08142 0.553332
0.264404 2.92818 2.97246	0 5.51434 0.52059
0.264648 3.12744 2.95883	0 8.04141 0.492262
0.264893 2.44574 2.94714	0 4.69783 0.469457
0.265137 3.2975 2.93797	0 11.3798 0.452274
0.265381 2.40181 2.93163	0 3.87364 0.440391
0.265625 2.83924 2.92819	0 6.874 0.433569
0.265869 3.31446 2.92763	0 10.6179 0.431925
0.266113 3.19067 2.92985	0 10.778 0.435916
0.266357 2.65655 2.93469	0 5.64514 0.446047
0.266602 3.16987 2.94192	0 5.36311 0.462341
0.266846 2.64347 2.95117	0 5.06409 0.48375
0.26709 2.54439 2.96185	0 5.21729 0.507766
0.267334 2.92441 2.97312	0 11.298 0.530548
0.267578 3.08192 2.984	0 9.0701 0.547671
0.267822 2.97087 2.99342	0 9.68814 0.555331
0.268066 3.41384 3.00045	0 8.68022 0.551583
0.268311 3.16546 3.00444	0 7.21586 0.537093
0.268555 3.18843 3.00515	0 9.16124 0.515048
0.268799 3.36924 3.0028	0 11.9191 0.490182
0.269043 2.95231 2.99794	0 6.69195 0.467226
0.269287 2.50283 2.99133	0 7.29995 0.449378
0.269531 2.4545 2.98376	0 6.71168 0.437383
0.269775 3.1462 2.97589	0 7.43327 0.429633
0.27002 3.12504 2.96818	0 7.45883 0.42318
0.270264 3.38169 2.96086	0 15.7427 0.415182
0.270508 2.87064 2.95403	0 7.74071 0.404059
0.270752 2.7788 2.94767	0 8.12143 0.389858
0.270996 2.95745 2.94178	0 7.44574 0.373793
0.27124 3.00371 2.93638	0 6.83895 0.35738
0.271484 2.73407 2.93153	0 8.36312 0.341741
0.271729 2.85135 2.92727	0 8.51637 0.32746
0.271973 3.30574 2.92368	0 11.1968 0.314949
0.272217 2.52697 2.92075	0 8.26655 0.304992
0.272461 2.93299 2.91847	0 8.76459 0.299045
0.272705 3.12955 2.91685	0 7.18826 0.299087
0.272949 2.56686 2.91589	0 3.80526 0.307037
0.273193 3.35185 2.91566	0 8.40121 0.323978
0.273438 2.94787 2.91624	0 7.70005 0.349484
0.273682 2.62779 2.91772	0 6.02709 0.381311
0.273926 3.02497 2.92011	0 9.23518 0.4156
0.27417 2.87332 2.92329	0 6.84231 0.447591
0.274414 2.62622 2.927	0 7.22196 0.472662
0.274658 2.98356 2.93084	0 8.23444 0.487386
0.274902 2.935 2.93432	0 7.04777 0.490322
0.275146 3.06733 2.93697	0 8.57137 0.48235
0.275391 2.87441 2.93843	0 7.64472 0.466532
0.275635 3.54566 2.93851	0 13.608 0.447538
0.275879 3.17941 2.93722	0 8.42943 0.430668
0.276123 2.45951 2.9347	0 5.22092 0.420587
0.276367 2.56159 2.93123	0 6.06099 0.420011
0.276611 2.71945 2.92706	0 6.51654 0.428843
0.276855 3.23357 2.92244	0 13.4915 0.444188
0.2771 3.00898 2.91751	0 11.1941 0.461374
0.277344 3.23957 2.91241	0 7.47847 0.475567
0.277588 2.93425 2.90722	0 7.7536 0.483248
0.277832 2.61049 2.90205	0 6.58174 0.482925
0.278076 2.75272 2.89704	0 6.97731 0.474923
0.27832 2.95029 2.89236	0 7.1921 0.460641
0.278564 2.88483 2.88818	0 8.58798 0.441855
0.278809 3.02953 2.88461	0 9.875 0.420433
0.279053 2.93471 2.88174	0 7.53923 0.398413
0.279297 2.60654 2.87957	0 6.84682 0.378116
0.279541 2.90868 2.87808	0 7.42291 0.361942
0.279785 2.84703 2.87722	0 7.09488 0.351809
0.280029 3.00439 2.87697	0 7.50628 0.348544
0.280273 2.82151 2.8774	0 6.21064 0.351639
0.280518 2.78374 2.87868	0 6.37193 0.359623
0.280762 3.28154 2.88106	0 14.7705 0.370909
0.281006 2.39101 2.88485	0 6.13115 0.384632
0.28125 3.33483 2.89025	0 10.2035 0.400966
0.281494 2.65119 2.89736	0 8.76089 0.420684
0.281738 2.66269 2.90599	0 7.78297 0.444177
0.281982 2.96359 2.91564	0 13.3781 0.47048
0.282227 2.45426 2.92555	0 4.83454 0.496867
0.282471 3.10129 2.93477	0 7.8603 0.519295
0.282715 3.16174 2.94228	0 13.3589 0.533536
0.282959 3.25752 2.94724	0 12.0732 0.536503
0.283203 3.67625 2.94903	0 11.4698 0.527207
0.283447 2.31163 2.94744	0 4.1869 0.506973
0.283691 3.08116 2.94261	0 7.56362 0.478954
0.283936 2.96913 2.93501	0 9.92397 0.447236
0.28418 2.45123 2.92534	0 6.86958 0.415948
0.284424 2.92805 2.91436	0 8.37129 0.388658
0.284668 3.55205 2.90285	0 10.7485 0.368108
0.284912 2.89156 2.89143	0 10.0869 0.356152
0.285156 2.70066 2.88048	0 5.62065 0.353753
0.2854 2.68435 2.87015	0 9.93372 0.360924
0.285645 2.84941 2.86028	0 5.82142 0.376589
0.285889 2.19311 2.85049	0 5.3783 0.398451
0.286133 3.29682 2.84026	0 11.5358 0.423013
0.286377 3.18243 2.82907	0 11.4522 0.445918
0.286621 2.6579 2.8166	0 5.48263 0.462708
0.286865 3.09889 2.80283	0 8.26482 0.469892
0.287109 2.86375 2.78817	0 10.8465 0.465987
0.287354 2.85841 2.77342	0 8.95346 0.452092
0.287598 2.60469 2.75969	0 5.23291 0.431668
0.287842 2.69797 2.74821	0 9.16616 0.40956
0.288086 2.37057 2.74016	0 4.69524 0.390647
0.28833 2.67175 2.73642	0 6.56187 0.37861
0.288574 2.42725 2.73745	0 5.51996 0.375223
0.288818 2.9966 2.74319	0 9.09584 0.380254
0.289062 2.59184 2.75311	0 6.4465 0.391852
0.289307 2.86087 2.76627	0 7.66699 0.407205
0.289551 2.42812 2.78147	0 4.85736 0.423275
0.289795 3.21629 2.7974	0 8.57944 0.437463
0.290039 2.60177 2.81281	0 8.11118 0.448094
0.290283 2.98149 2.82665	0 7.55904 0.454636
0.290527 2.96678 2.83816	0 8.71344 0.457657
0.290771 2.86351 2.84693	0 10.3106 0.458576
0.291016 3.07075 2.85286	0 10.5387 0.459311
0.29126 2.82225 2.85619	0 9.81789 0.461871
0.291504 2.80514 2.85733	0 8.11315 0.467896
0.291748 3.00773 2.85686	0 7.70372 0.478198
0.291992 2.64783 2.85534	0 5.89839 0.492419
0.292236 2.67691 2.8533	0 4.21861 0.509005
0.29248 2.7462 2.85114	0 11.1186 0.525559
0.292725 3.41307 2.84913	0 11.1752 0.539479
0.292969 2.89153 2.84738	0 8.19766 0.548588
0.293213 2.31345 2.84587	0 4.21099 0.551507
0.293457 2.91302 2.84443	0 9.3433 0.547705
0.293701 2.97915 2.84284	0 9.35618 0.537341
0.293945 2.76801 2.84078	0 6.85457 0.5211
0.294189 2.94064 2.83793	0 10.427 0.500113
0.294434 2.70877 2.834	0 10.0572 0.475924
0.294678 3.06571 2.82876	0 8.24546 0.450384
0.294922 2.89768 2.82212	0 7.59793 0.425422
0.295166 2.85046 2.81411	0 9.0217 0.402722
0.29541 2.54023 2.80495	0 6.01282 0.383448
0.295654 2.86881 2.79501	0 6.5013 0.368148
0.295898 2.89748 2.78484	0 9.16589 0.356881
0.296143 2.85769 2.77507	0 7.73982 0.349516
0.296387 2.75534 2.7664	0 6.42007 0.346007
0.296631 2.68605 2.75953	0 5.40209 0.346496
0.296875 2.73014 2.75504	0 6.01904 0.351129
0.297119 2.50969 2.75339	0 5.92037 0.359689
0.297363 2.44463 2.75479	0 5.95 0.3713
0.297607 2.97077 2.75922	0 7.55785 0.384499
0.297852 2.82087 2.76639	0 6.66305 0.397794
0.298096 2.79281 2.77578	0 8.08908 0.410467
0.29834 2.90712 2.78663	0 10.0822 0.423093
0.298584 2.53227 2.79807	0 5.67829 0.437322
0.298828 2.64044 2.80912	0 7.06478 0.454852
0.299072 2.73764 2.81886	0 8.21862 0.476111
0.299316 3.11379 2.82652	0 7.77323 0.49946
0.299561 3.32831 2.83156	0 12.0436 0.521476
0.299805 2.69427 2.83379	0 8.96773 0.538256
0.300049 2.85235 2.83338	0 9.40456 0.547048
0.300293 2.88867 2.83083	0 6.31564 0.547313
0.300537 2.86911 2.82686	0 8.9269 0.540681
0.300781 2.72556 2.82229	0 7.08331 0.52995
0.301025 2.82069 2.81786	0 8.88331 0.517764
0.30127 2.64026 2.81413	0 6.62427 0.505696
0.301514 2.6092 2.81137	0 6.369 0.494093
0.301758 2.87271 2.80958	0 7.27126 0.482556
0.302002 2.46834 2.80852	0 4.7446 0.470599
0.302246 3.39086 2.80781	0 14.9489 0.458103
0.30249 3.1518 2.80701	0 11.9847 0.445363
0.302734 2.45695 2.80574	0 6.06756 0.432857
0.302979 2.87281 2.80368	0 5.75624 0.420937
0.303223 2.46483 2.8006	0 4.76383 0.409656
0.303467 2.89295 2.79639	0 5.70966 0.398788
0.303711 3.20162 2.79103	0 8.32518 0.388012
0.303955 2.10868 2.78463	0 3.54072 0.377153
0.304199 3.12644 2.77748	0 7.3849 0.36641
0.304443 3.08588 2.77	0 10.8864 0.356487
0.304688 2.9618 2.76279	0 6.02816 0.348599
0.304932 2.60955 2.75653	0 5.53165 0.344316
0.305176 2.41991 2.75183	0 6.09883 0.34526
0.30542 2.84313 2.74911	0 6.68454 0.352696
0.305664 2.51445 2.74848	0 4.20719 0.367099
0.305908 2.35739 2.74968	0 6.45395 0.38783
0.306152 2.88842 2.7521	0 8.10226 0.413063
0.306396 2.55452 2.75498	0 5.71657 0.440077
0.306641 3.02694 2.75755	0 7.74509 0.46588
0.306885 3.52475 2.75927	0 11.5564 0.487999
0.307129 2.78819 2.75998	0 5.84234 0.505101
0.307373 2.58726 2.75991	0 6.52709 0.517161
0.307617 2.70249 2.75961	0 7.92728 0.525119
0.307861 2.30886 2.75984	0 3.26921 0.53021
0.308105 2.94336 2.76128	0 7.56488 0.533333
0.30835 2.37454 2.76443	0 7.58074 0.534733
0.308594 2.93227 2.76946	0 8.94584 0.534047
0.308838 2.65784 2.7762	0 8.83638 0.53058
0.309082 2.98159 2.78422	0 8.75425 0.523618
0.309326 2.74691 2.7929	0 7.00327 0.512683
0.30957 3.06033 2.80155	0 10.5538 0.497748
0.309814 2.73788 2.80953	0 7.21804 0.479428
0.310059 2.76185 2.81623	0 5.77734 0.459085
0.310303 2.79579 2.82114	0 7.45682 0.438729
0.310547 2.75286 2.82385	0 5.84775 0.420633
0.310791 2.94571 2.8241	0 10.8003 0.406743
0.311035 2.59775 2.82179	0 6.78607 0.398128
0.311279 2.88604 2.81705	0 5.36328 0.394715
0.311523 3.69242 2.8103	0 11.6805 0.395445
0.311768 2.69782 2.80223	0 6.71561 0.398713
0.312012 2.41327 2.79374	0 3.5825 0.402872
0.312256 2.93827 2.7858	0 8.38462 0.406581
0.3125 2.39087 2.77929	0 5.68725 0.40897
0.312744 2.64206 2.77484	0 7.59781 0.409719
0.312988 2.66352 2.77267	0 6.29846 0.409159
0.313232 2.94455 2.77256	0 7.62157 0.408355
0.313477 2.76643 2.77392	0 8.07568 0.409025
0.313721 2.5278 2.77585	0 4.74548 0.413142
0.313965 3.01503 2.77738	0 8.14014 0.422249
0.314209 2.92949 2.77764	0 10.232 0.436705
0.314453 2.76085 2.77602	0 6.89927 0.455226
0.314697 2.81018 2.77229	0 6.76446 0.474993
0.314941 3.13884 2.76662	0 10.5698 0.492364
0.315186 2.67833 2.75953	0 7.07235 0.503961
0.31543 2.77805 2.75171	0 11.0817 0.507695
0.315674 2.44621 2.74393	0 5.99029 0.503353
0.315918 2.56969 2.73681	0 6.83083 0.492555
0.316162 2.76556 2.73076	0 8.37311 0.478145
0.316406 2.59376 2.72592	0 8.00224 0.463262
0.31665 2.88883 2.72216	0 7.73635 0.450451
0.316895 2.69672 2.71924	0 7.56593 0.441105
0.317139 2.62168 2.71684	0 5.42663 0.435387
0.317383 2.9782 2.71476	0 9.6404 0.432598
0.317627 2.95167 2.71291	0 7.30767 0.431718
0.317871 2.38541 2.71137	0 5.77055 0.431847
0.318115 2.7385 2.71033	0 5.63529 0.432349
0.318359 2.6509 2.70999	0 4.94824 0.432747
0.318604 2.5455 2.7105	0 7.09957 0.432538
0.318848 2.7919 2.71186	0 6.86554 0.431074
0.319092 2.64319 2.71387	0 6.16258 0.427583
0.319336 2.59067 2.71616	0 6.56549 0.421235
0.31958 3.15206 2.71825	0 11.8129 0.411229
0.319824 2.42955 2.7196	0 5.18647 0.396918
0.320068 2.78893 2.71976	0 6.12917 0.378051
0.320312 2.6284 2.71844	0 7.09407 0.355138
0.320557 3.12631 2.71556	0 9.18913 0.329801
0.320801 2.45497 2.7113	0 4.75278 0.304867
0.321045 3.24785 2.70606	0 10.6107 0.283993
0.321289 2.40787 2.70039	0 5.74298 0.270811
0.321533 2.4911 2.69493	0 5.34258 0.267873
0.321777 2.27098 2.69029	0 4.19664 0.275766
0.322021 2.99905 2.68697	0 9.15917 0.292789
0.322266 3.0337 2.68528	0 13.2615 0.315317
0.32251 2.47214 2.68532	0 7.27451 0.338742
0.322754 2.55518 2.68698	0 5.80262 0.358691
0.322998 2.37489 2.68995	0 5.76689 0.372143
0.323242 3.00594 2.69381	0 8.71798 0.378128
0.323486 2.4002 2.6981	0 4.64956 0.377815
0.32373 2.80443 2.70237	0 8.89838 0.373956
0.323975 3.07551 2.70626	0 9.43406 0.369908
0.324219 2.90286 2.70952	0 7.59582 0.368561
0.324463 2.53342 2.71198	0 6.03194 0.371553
0.324707 2.59714 2.71349	0 9.0433 0.378957
0.324951 2.75586 2.7139	0 6.99412 0.389458
0.325195 2.29753 2.71302	0 7.52277 0.400853
0.325439 2.74927 2.71067	0 7.1731 0.410702
0.325684 2.85167 2.70674	0 12.1304 0.417005
0.325928 3.09557 2.70128	0 10.82 0.418802
0.326172 2.9592 2.69464	0 8.74594 0.416514
0.326416 2.45923 2.68744	0 5.44525 0.411836
0.32666 3.04169 2.68063	0 9.14247 0.407073
0.326904 2.39171 2.67526	0 5.31752 0.404165
0.327148 2.20109 2.67243	0 4.5675 0.40386
0.327393 2.44633 2.67302	0 5.21296 0.405539
0.327637 2.72398 2.6776	0 9.43608 0.407805
0.327881 2.81503 2.68634	0 11.6285 0.409439
0.328125 2.59534 2.69902	0 5.77443 0.410119
0.328369 2.82179 2.71509	0 7.44762 0.410463
0.328613 2.61055 2.7338	0 4.65242 0.411492
0.328857 2.2623 2.75429	0 6.33123 0.413967
0.329102 3.36811 2.77567	0 13.7364 0.41807
0.329346 3.13649 2.79711	0 11.1663 0.423498
0.32959 2.61162 2.81777	0 7.44451 0.429771
0.329834 2.36007 2.83688	0 5.28116 0.436427
0.330078 2.92912 2.8537	0 7.01976 0.443074
0.330322 2.87112 2.86753	0 7.35481 0.449441
0.330566 3.35513 2.87774	0 11.6964 0.455616
0.330811 2.89946 2.88389	0 7.60768 0.462379
0.331055 3.19948 2.88571	0 8.9452 0.471326
0.331299 2.72313 2.88322	0 6.22363 0.484486
0.331543 2.74539 2.87674	0 7.87586 0.503423
0.331787 2.87423 2.86683	0 10.0888 0.528209
0.332031 3.14768 2.85432	0 9.23786 0.55683
0.332275 2.86682 2.84015	0 5.62032 0.585391
0.33252 3.00295 2.82528	0 11.341 0.609113
0.332764 2.53719 2.81059	0 7.1625 0.623718
0.333008 2.39915 2.79673	0 8.08725 0.626633
0.333252 3.06422 2.78403	0 13.1573 0.617588
0.333496 2.75306 2.77248	0 9.51927 0.598444
0.33374 2.40311 2.76174	0 4.40858 0.572407
0.333984 3.05624 2.75122	0 8.31416 0.542964
0.334229 2.60209 2.74018	0 6.31613 0.512915
0.334473 2.69399 2.72795	0 8.07324 0.483835
0.334717 3.13121 2.71402	0 10.3092 0.456079
0.334961 2.85264 2.69821	0 8.54835 0.429242
0.335205 2.76295 2.68071	0 6.65118 0.402804
0.335449 2.23344 2.66208	0 4.24194 0.376661
0.335693 2.81767 2.64322	0 6.21326 0.351326
0.335938 2.66161 2.62522	0 5.46552 0.327815
0.336182 2.68978 2.60924	0 5.90812 0.30734
0.336426 2.23548 2.59635	0 5.76436 0.290979
0.33667 2.52676 2.5874	0 8.94071 0.279422
0.336914 2.68703 2.5829	0 7.65296 0.272804
0.337158 2.42019 2.58297	0 4.84699 0.270634
0.337402 2.23258 2.58731	0 5.63873 0.271854
0.337646 2.68794 2.59529	0 7.39646 0.275059
0.337891 2.45115 2.60598	0 6.49122 0.278856
0.338135 2.9093 2.61835	0 6.03061 0.282219
0.338379 2.53209 2.63138	0 5.86704 0.284686
0.338623 2.77171 2.6442	0 7.6297 0.286303
0.338867 2.70633 2.65619	0 8.57517 0.28741
0.339111 2.53915 2.66702	0 6.3642 0.288405
0.339355 3.25468 2.67662	0 8.35167 0.289641
0.3396 2.44487 2.68508	0 5.2426 0.291426
0.339844 2.39429 2.6926	0 4.82949 0.294042
0.340088 2.65474 2.69936	0 6.46692 0.297664
0.340332 2.7187 2.70549	0 4.98827 0.302264
0.340576 2.59446 2.71107	0 6.82368 0.307607
0.34082 2.95195 2.71614	0 9.40006 0.313469
0.341064 2.93394 2.72079	0 7.08396 0.319995
0.341309 2.82629 2.72519	0 7.66587 0.327923
0.341553 2.48574 2.72962	0 4.50965 0.338446
0.341797 2.89446 2.7344	0 7.61149 0.352627
0.342041 2.61616 2.73986	0 6.54969 0.370634
0.342285 2.42111 2.7462	0 3.88089 0.39119
0.342529 3.05105 2.75342	0 8.61766 0.411603
0.342773 2.36307 2.76129	0 5.50755 0.428433
0.343018 2.77618 2.76933	0 7.26794 0.438587
0.343262 3.33544 2.7769	0 7.37837 0.44043
0.343506 2.18664 2.78328	0 5.68162 0.434482
0.34375 3.40493 2.78779	0 10.2923 0.423456
0.343994 2.41265 2.78989	0 7.59756 0.411554
0.344238 3.37322 2.78921	0 8.64149 0.40322
0.344482 2.79178 2.78561	0 8.14733 0.401735
0.344727 2.30975 2.77912	0 6.38692 0.408135
0.344971 2.76923 2.76994	0 7.55571 0.420886
0.345215 2.99316 2.75842	0 9.40348 0.436458
0.345459 3.0078 2.74501	0 7.99337 0.450562
0.345703 2.57366 2.73028	0 7.97572 0.459555
0.345947 2.7093 2.71489	0 9.92483 0.461432
0.346191 2.68162 2.69953	0 6.9273 0.45611
0.346436 2.68189 2.68493	0 8.99438 0.445044
0.34668 2.87458 2.67169	0 7.92214 0.430483
0.346924 2.48629 2.66026	0 6.64324 0.414741
0.347168 2.52349 2.65085	0 5.95823 0.399711
0.347412 2.1978 2.64338	0 4.57018 0.386674
0.347656 2.42982 2.63756	0 4.51857 0.37632
0.3479 3.09318 2.63296	0 6.7126 0.368883
0.348145 2.90136 2.62915	0 7.51981 0.364295
0.348389 2.68096 2.62582	0 6.22043 0.362311
0.348633 2.5051 2.62289	0 4.56117 0.362587
0.348877 2.54768 2.62053	0 6.69897 0.364707
0.349121 2.86695 2.61913	0 9.99167 0.36817
0.349365 2.3294 2.61916	0 6.33825 0.372375
0.349609 2.33727 2.62105	0 4.25432 0.376639
0.349854 2.96768 2.62505	0 8.86521 0.38028
0.350098 2.0415 2.63113	0 3.72894 0.382772
0.350342 2.87061 2.6389	0 8.99655 0.383896
0.350586 2.85865 2.64764	0 8.34391 0.383792
0.35083 2.56875 2.65636	0 6.61733 0.382839
0.351074 2.56545 2.66391	0 5.10367 0.381421
0.351318 2.7127 2.66907	0 6.78124 0.379719
0.351562 2.56732 2.67076	0 6.4651 0.377702
0.351807 3.14499 2.66811	0 10.1744 0.375321
0.352051 2.86598 2.66063	0 4.04883 0.37275
0.352295 2.43251 2.64828	0 6.6009 0.370471
0.352539 2.89551 2.63153	0 6.8177 0.369134
0.352783 2.61557 2.61135	0 6.24097 0.369281
0.353027 2.63543 2.58915	0 8.33862 0.371168
0.353271 2.72768 2.56665	0 5.52886 0.374761
0.353516 2.3242 2.54571	0 5.26791 0.37986
0.35376 2.56461 2.52816	0 6.29322 0.386146
0.354004 2.31941 2.51557	0 4.27798 0.393083
0.354248 1.92519 2.5091	0 3.68739 0.399758
0.354492 2.44762 2.50936	0 6.19049 0.404912
0.354736 2.85323 2.51641	0 8.55378 0.407284
0.35498 2.15332 2.52971	0 4.53643 0.406217
0.355225 2.55867 2.54824	0 7.71362 0.402201
0.355469 2.42949 2.57061	0 4.07757 0.396996
0.355713 2.67189 2.59523	0 7.35718 0.393169
0.355957 2.68803 2.62047	0 7.12085 0.393156
0.356201 2.40748 2.6448	0 5.4831 0.398236
0.356445 3.08443 2.66695	0 8.29121 0.407934
0.356689 2.97707 2.68599	0 7.04854 0.420124
0.356934 2.49216 2.70137	0 5.09179 0.431832
0.357178 2.9409 2.71288	0 8.54974 0.440328
0.357422 2.60979 2.72066	0 8.71153 0.443966
0.357666 2.85993 2.72506	0 7.28404 0.442409
0.35791 2.61318 2.72661	0 6.82472 0.436229
0.358154 2.92008 2.72587	0 8.2235 0.426216
0.358398 2.33408 2.72347	0 5.79699 0.412884
0.358643 3.00561 2.71999	0 8.48385 0.396433
0.358887 2.64889 2.71597	0 8.21194 0.377149
0.359131 3.13035 2.71185	0 11.2178 0.355887
0.359375 2.5398 2.70798	0 6.85231 0.334277
0.359619 2.39648 2.70455	0 5.26637 0.314433
0.359863 2.64993 2.70157	0 5.29791 0.298333
0.360107 2.53473 2.69884	0 5.91862 0.287187
0.360352 2.69499 2.69607	0 7.43866 0.281148
0.360596 3.14225 2.69286	0 9.33287 0.279463
0.36084 2.71825 2.68886	0 7.78438 0.28091
0.361084 2.43262 2.68386	0 5.40522 0.284262
0.361328 2.7041 2.67786	0 7.66817 0.288576
0.361572 2.87614 2.67113	0 7.45888 0.293287
0.361816 2.99419 2.66413	0 8.99876 0.298186
0.362061 2.41073 2.65746	0 5.0531 0.303346
0.362305 2.66966 2.6517	0 6.22368 0.308996
0.362549 2.04881 2.64736	0 4.97907 0.315328
0.362793 2.7154 2.64469	0 7.04884 0.322227
0.363037 2.5333 2.64376	0 5.65388 0.329056
0.363281 2.93962 2.6444	0 7.72862 0.334632
0.363525 3.02747 2.6463	0 8.53184 0.337485
0.36377 2.1944 2.64912	0 4.43573 0.336371
0.364014 2.64429 2.65258	0 6.09822 0.330845
0.364258 2.82673 2.65654	0 9.94123 0.321639
0.364502 2.41645 2.66103	0 8.2041 0.310657
0.364746 2.76363 2.66629	0 5.30128 0.300541
0.36499 2.90261 2.6727	0 9.67095 0.293988
0.365234 2.60957 2.68074	0 4.71227 0.293055
0.365479 2.56616 2.69088	0 5.83167 0.298716
0.365723 2.60735 2.70347	0 5.75944 0.310782
0.365967 2.54096 2.7186	0 6.69065 0.328138
0.366211 2.89451 2.73605	0 9.29749 0.349139
0.366455 2.49678 2.75519	0 4.96165 0.371971
0.366699 2.72167 2.77501	0 8.24167 0.394851
0.366943 2.81047 2.79421	0 7.10706 0.416098
0.367188 2.71871 2.81131	0 9.96092 0.434178
0.367432 3.16809 2.82487	0 8.46567 0.447857
0.367676 3.10664 2.83364	0 14.165 0.456463
0.36792 2.80228 2.83677	0 5.55791 0.460154
0.368164 3.27355 2.83384	0 10.2398 0.45996
0.368408 2.77755 2.82496	0 8.15309 0.457499
0.368652 2.66237 2.81068	0 8.49878 0.454433
0.368896 3.11555 2.79193	0 8.70407 0.45192
0.369141 2.47045 2.76986	0 8.23399 0.450335
0.369385 2.61936 2.74574	0 5.79556 0.449415
0.369629 3.09537 2.72084	0 9.59293 0.448689
0.369873 2.66973 2.69636	0 10.1601 0.447936
0.370117 2.53195 2.67333	0 6.0608 0.447363
0.370361 2.49358 2.65259	0 5.51613 0.447421
0.370605 2.74425 2.63471	0 8.07399 0.448355
0.37085 2.3334 2.62004	0 10.9145 0.449755
0.371094 2.53994 2.60861	0 6.2233 0.450353
0.371338 2.7063 2.60022	0 9.04213 0.448202
0.371582 2.51444 2.59446	0 6.03728 0.441223
0.371826 2.58714 2.59076	0 8.42462 0.427942
0.37207 2.43937 2.58852	0 5.63909 0.408191
0.372314 2.5769 2.5872	0 5.09489 0.383496
0.372559 2.91161 2.58634	0 8.36417 0.356952
0.372803 2.63056 2.5857	0 7.00296 0.332554
0.373047 2.51853 2.5852	0 4.46415 0.314142
0.373291 2.53448 2.58489	0 6.45234 0.304301
0.373535 2.41263 2.58495	0 6.00954 0.30365
0.373779 2.84704 2.58555	0 7.05211 0.310765
0.374023 2.32658 2.58687	0 7.52265 0.322775
0.374268 2.5665 2.589	0 7.89621 0.336355
0.374512 2.37994 2.592	0 5.28151 0.348682
0.374756 2.82501 2.5959	0 6.44689 0.358002
0.375 2.84076 2.6007	0 7.89342 0.363708
0.375244 2.64653 2.60639	0 5.75551 0.366058
0.375488 2.53874 2.61297	0 7.34083 0.365828
0.375732 2.36222 2.62036	0 7.16173 0.364051
0.375977 2.53159 2.6284	0 5.91497 0.361868
0.376221 2.30501 2.63685	0 4.24197 0.360393
0.376465 3.14593 2.64531	0 7.02875 0.360506
0.376709 2.70239 2.65335	0 5.67208 0.362639
0.376953 2.54063 2.66049	0 7.32721 0.366642
0.377197 3.001 2.66628	0 9.21016 0.371813
0.377441 2.65852 2.67037	0 6.7426 0.377097
0.377686 2.34762 2.67255	0 3.81308 0.381357
0.37793 2.4386 2.67272	0 5.89322 0.383639
0.378174 3.15967 2.67096	0 8.59383 0.383368
0.378418 2.97122 2.66743	0 8.01347 0.380468
0.378662 2.49571 2.66241	0 8.19654 0.375389
0.378906 2.65069 2.65619	0 7.90969 0.369028
0.37915 2.47365 2.64904	0 5.41212 0.362537
0.379395 2.63019 2.6412	0 6.85626 0.357037
0.379639 2.67872 2.63288	0 5.81602 0.353362
0.379883 2.19803 2.62421	0 5.89377 0.351954
0.380127 3.16436 2.61539	0 8.37146 0.35297
0.380371 2.89092 2.60663	0 7.01148 0.356523
0.380615 2.19904 2.59826	0 5.0517 0.362864
0.380859 2.76839 2.59069	0 7.55297 0.372306
0.381104 2.34665 2.58439	0 4.87578 0.384874
0.381348 2.71883 2.57986	0 4.98064 0.399872
0.381592 2.4988 2.5775	0 6.07752 0.415692
0.381836 2.25058 2.5776	0 4.9353 0.430094
0.38208 2.5895 2.58027	0 8.43579 0.440922
0.382324 2.62838 2.58539	0 6.432 0.446914
0.382568 2.64457 2.5927	0 5.42524 0.448205
0.382812 2.56348 2.60176	0 8.28489 0.446241
0.383057 2.85993 2.61199	0 10.2244 0.443153
0.383301 2.49596 2.62273	0 4.91808 0.440903
0.383545 2.17692 2.63323	0 4.05013 0.440581
0.383789 2.74756 2.64276	0 8.91965 0.4421
0.384033 3.0801 2.65057	0 9.41462 0.444335
0.384277 2.43731 2.65604	0 6.01159 0.445576
0.384521 2.8565 2.65872	0 9.29768 0.444109
0.384766 2.84752 2.65839	0 8.80165 0.438746
0.38501 2.69221 2.65513	0 8.47528 0.429169
0.385254 2.52144 2.64929	0 5.31937 0.416029
0.385498 2.71332 2.6415	0 8.84531 0.400772
0.385742 2.8329 2.63258	0 5.96356 0.385282
0.385986 2.39815 2.62344	0 5.18889 0.371455
0.38623 2.72996 2.61503	0 5.73211 0.360838
0.386475 2.23938 2.60818	0 5.35421 0.354391
0.386719 2.67485 2.60359	0 6.1837 0.352393
0.386963 2.73081 2.60177	0 5.36756 0.354461
0.387207 2.34044 2.60294	0 4.99969 0.35967
0.387451 2.76675 2.60712	0 6.05156 0.366772
0.387695 2.52565 2.61401	0 5.81724 0.374465
0.387939 2.47344 2.62308	0 5.06871 0.381635
0.388184 2.58958 2.63354	0 10.3047 0.387465
0.388428 2.55092 2.64446	0 6.38856 0.391359
0.388672 2.66054 2.65478	0 5.24776 0.392791
0.388916 2.85408 2.66346	0 7.65094 0.391238
0.38916 2.93182 2.66962	0 7.64279 0.38634
0.389404 2.53161 2.67262	0 5.13174 0.378228
0.389648 3.00688 2.67218	0 12.2191 0.367805
0.389893 2.52627 2.66842	0 7.23299 0.356701
0.390137 2.4971 2.66185	0 5.02781 0.346812
0.390381 3.13949 2.65332	0 10.987 0.339578
0.390625 2.59109 2.64386	0 4.54357 0.335375
0.390869 2.44237 2.63455	0 4.78082 0.333378
0.391113 2.8084 2.62628	0 8.7856 0.33205
0.391357 2.28046 2.61968	0 4.87209 0.33003
0.391602 2.18532 2.61495	0 6.33482 0.326982
0.391846 2.66282 2.61188	0 7.25595 0.323902
0.39209 2.7521 2.60991	0 7.36247 0.322686
0.392334 2.65172 2.60827	0 6.08955 0.325167
0.392578 2.8115 2.60617	0 6.63099 0.332138
0.392822 2.77925 2.60296	0 7.11352 0.342851
0.393066 2.52216 2.59824	0 6.4111 0.355225
0.393311 2.72009 2.59198	0 6.99371 0.366579
0.393555 2.41651 2.58445	0 6.09253 0.374524
0.393799 2.6732 2.57619	0 7.00679 0.37762
0.394043 2.46131 2.56785	0 4.36359 0.375631
0.394287 2.53805 2.56006	0 6.62322 0.369363
0.394531 2.58739 2.55332	0 6.43334 0.360276
0.394775 2.52369 2.5479	0 7.93984 0.350037
0.39502 2.43254 2.5438	0 5.90086 0.340188
0.395264 2.41094 2.54077	0 6.6526 0.331946
0.395508 2.58989 2.5384	0 7.14419 0.326125
0.395752 2.34272 2.53621	0 4.11482 0.32308
0.395996 2.65519 2.53384	0 7.67854 0.322693
0.39624 2.89956 2.5311	0 7.82356 0.324418
0.396484 2.59443 2.52809	0 5.92675 0.327467
0.396729 2.78101 2.52518	0 5.78404 0.331094
0.396973 2.15309 2.52291	0 3.01146 0.334811
0.397217 2.40351 2.52192	0 4.97021 0.338375
0.397461 2.43175 2.52279	0 6.20071 0.341495
0.397705 2.21446 2.52592	0 4.28114 0.343466
0.397949 2.3722 2.53149	0 6.18759 0.343054
0.398193 2.80575 2.53944	0 10.2529 0.338856
0.398438 2.8711 2.54955	0 6.10343 0.330052
0.398682 2.60523 2.56146	0 5.08732 0.317106
0.398926 2.28705 2.57478	0 5.4649 0.301955
0.39917 2.59086 2.58908	0 6.84467 0.287477
0.399414 2.40367 2.60393	0 4.97241 0.276504
0.399658 2.48798 2.61885	0 4.10041 0.270909
0.399902 3.02083 2.63333	0 8.88696 0.271216
0.400146 2.67326 2.64676	0 6.67013 0.276822
0.400391 2.63384 2.65849	0 6.4876 0.286519
0.400635 2.40251 2.66783	0 5.94219 0.298905
0.400879 3.1117 2.67411	0 8.14832 0.312475
0.401123 2.57442 2.67672	0 8.44059 0.325522
0.401367 2.90223 2.67525	0 8.88087 0.336149
0.401611 2.58358 2.66951	0 6.34305 0.342639
0.401855 2.59444 2.65969	0 6.09545 0.344089
0.4021 2.39354 2.64635	0 5.25709 0.340981
0.402344 3.62762 2.63046	0 12.7441 0.335287
0.402588 2.71207 2.61331	0 6.5128 0.329932
0.402832 2.31818 2.59636	0 4.1956 0.327811
0.403076 2.42158 2.58105	0 4.60695 0.3308
0.40332 2.18418 2.56855	0 6.88066 0.33922
0.403564 2.3201 2.55961	0 6.78713 0.351956
0.403809 2.1936 2.55441	0 4.83238 0.367071
0.404053 2.67878 2.55265	0 8.02488 0.382561
0.404297 2.80238 2.5536	0 6.44799 0.396903
0.404541 2.72783 2.55631	0 6.92023 0.409233
0.404785 2.68323 2.5598	0 10.274 0.419193
0.405029 2.68077 2.56324	0 5.90368 0.426594
0.405273 2.40912 2.56599	0 6.0017 0.431102
0.405518 2.34579 2.56768	0 8.61496 0.43208
0.405762 2.56251 2.56811	0 4.31235 0.428721
0.406006 2.65383 2.56726	0 8.12 0.42044
0.40625 2.61199 2.56516	0 6.72442 0.407319
0.406494 2.76701 2.56196	0 8.77596 0.390359
0.406738 2.30881 2.55782	0 4.32722 0.371325
0.406982 3.05245 2.55299	0 7.12478 0.352261
0.407227 2.11343 2.54779	0 4.71163 0.334952
0.407471 2.61186 2.54258	0 6.14564 0.320648
0.407715 2.46043 2.53778	0 5.17177 0.310128
0.407959 2.748 2.53379	0 5.05486 0.303945
0.408203 2.20903 2.53098	0 4.48929 0.302541
0.408447 2.63115 2.52962	0 5.43577 0.306113
0.408691 2.48184 2.52992	0 4.58315 0.314308
0.408936 2.74773 2.53192	0 5.25637 0.326031
0.40918 2.24875 2.53556	0 4.40025 0.339552
0.409424 2.39285 2.54069	0 6.72596 0.352897
0.409668 2.68435 2.54704	0 7.14426 0.364332
0.409912 2.52263 2.55429	0 8.24125 0.372687
0.410156 2.62118 2.56211	0 5.43922 0.377416
0.4104 2.35102 2.57012	0 4.97528 0.378441
0.410645 3.13578 2.57796	0 11.5875 0.375948
0.410889 2.32522 2.58527	0 5.19718 0.370304
0.411133 2.63912 2.59168	0 6.92256 0.362149
0.411377 2.31593 2.5968	0 5.37634 0.35258
0.411621 2.48469 2.60026	0 6.5477 0.343226
0.411865 2.90483 2.60177	0 6.1766 0.336043
0.412109 2.69173 2.60111	0 4.64651 0.332795
0.412354 2.92237 2.59827	0 6.85978 0.334407
0.412598 2.62689 2.59343	0 5.28482 0.340529
0.412842 2.24106 2.58698	0 5.46499 0.349578
0.413086 2.79514 2.57953	0 9.12972 0.3593
0.41333 2.34389 2.57175	0 6.91478 0.367592
0.413574 2.76848 2.56437	0 9.57226 0.373212
0.413818 2.52188 2.55805	0 6.23979 0.376068
0.414062 2.46347 2.55328	0 4.43728 0.377051
0.414307 2.30203 2.55037	0 6.04508 0.377571
0.414551 2.55719 2.54941	0 5.08895 0.379041
0.414795 2.48187 2.55035	0 4.56598 0.382475
0.415039 2.8758 2.55295	0 6.85022 0.388235
0.415283 2.4718 2.55695	0 4.48516 0.395923
0.415527 2.40278 2.56207	0 4.60454 0.40444
0.415771 2.45022 2.56808	0 5.14534 0.412271
0.416016 2.78317 2.5748	0 7.62438 0.417974
0.41626 2.45082 2.58216	0 7.88815 0.420748
0.416504 2.95795 2.5901	0 8.9894 0.420776
0.416748 2.32365 2.59861	0 4.88016 0.419158
0.416992 2.56595 2.60756	0 8.57967 0.417391
0.417236 2.46991 2.61675	0 6.39766 0.416683
0.41748 2.6974 2.62584	0 5.6833 0.417433
0.417725 2.7468 2.63435	0 7.9183 0.419122
0.417969 2.31079 2.64169	0 6.03735 0.420585
0.418213 3.01978 2.64728	0 10.4082 0.420495
0.418457 2.72701 2.65062	0 5.60121 0.417816
0.418701 2.61372 2.65134	0 8.5568 0.41213
0.418945 2.85882 2.64934	0 6.17588 0.403815
0.419189 2.55614 2.64471	0 6.86664 0.394056
0.419434 2.916 2.6378	0 5.7233 0.384666
0.419678 2.35954 2.6291	0 4.334 0.37766
0.419922 2.80858 2.61913	0 6.10216 0.374661
0.420166 2.32665 2.60845	0 5.56996 0.376328
0.42041 2.60413 2.59749	0 6.18828 0.382059
0.420654 2.74423 2.58662	0 10.6078 0.39012
0.420898 2.42226 2.57613	0 4.52937 0.398147
0.421143 2.54324 2.56628	0 4.36685 0.403857
0.421387 2.53447 2.55738	0 6.7574 0.405735
0.421631 2.98443 2.54979	0 6.96679 0.403547
0.421875 2.38002 2.54399	0 8.59261 0.398563
0.422119 2.62376 2.54044	0 5.72432 0.393373
0.422363 1.95302 2.53961	0 3.57787 0.391233
0.422607 2.41551 2.54184	0 4.96259 0.395006
0.422852 2.79976 2.54724	0 7.81076 0.406038
0.423096 2.5058 2.55562	0 4.34936 0.423423
0.42334 2.75809 2.56649	0 8.11098 0.44406
0.423584 2.23237 2.57906	0 5.61663 0.463574
0.423828 2.43046 2.59227	0 6.89443 0.477783
0.424072 2.72365 2.60495	0 8.45268 0.48411
0.424316 2.65168 2.61599	0 8.4341 0.482376
0.424561 2.67893 2.62443	0 8.87665 0.47469
0.424805 2.96682 2.62967	0 9.26748 0.464543
0.425049 2.92955 2.63157	0 5.15656 0.455551
0.425293 2.62224 2.63044	0 7.52716 0.45034
0.425537 2.52988 2.62704	0 4.93832 0.449956
0.425781 2.50706 2.6224	0 5.19517 0.453908
0.426025 2.5457 2.61767	0 6.03096 0.460721
0.42627 2.7478 2.61388	0 7.85113 0.468681
0.426514 2.49726 2.61178	0 5.07652 0.476423
0.426758 2.39357 2.61171	0 5.52341 0.483135
0.427002 2.48993 2.61356	0 5.31945 0.488368
0.427246 2.41106 2.61686	0 6.66037 0.491697
0.42749 2.63631 2.62088	0 5.90491 0.492581
0.427734 2.91239 2.62481	0 8.72106 0.490623
0.427979 3.13445 2.62793	0 8.52902 0.486125
0.428223 2.50094 2.62971	0 8.5183 0.480547
0.428467 2.58292 2.62985	0 4.52453 0.476456
0.428711 2.53773 2.6283	0 5.28268 0.476818
0.428955 2.6949 2.62516	0 6.70559 0.483871
0.429199 2.32849 2.62061	0 5.16258 0.498089
0.429443 2.47127 2.61493	0 6.33567 0.517726
0.429688 3.06999 2.60843	0 11.833 0.53915
0.429932 2.37581 2.60151	0 5.05575 0.55783
0.430176 2.95375 2.59471	0 10.8135 0.569608
0.43042 2.80524 2.58863	0 5.48144 0.571794
0.430664 2.33431 2.58396	0 6.31664 0.563781
0.430908 2.38651 2.5813	0 4.85151 0.547003
0.431152 2.30243 2.58106	0 4.88277 0.524332
0.431396 2.66508 2.58333	0 8.04679 0.499152
0.431641 2.40452 2.58782	0 5.04725 0.474437
0.431885 2.44944 2.59388	0 6.49869 0.452145
0.432129 2.45706 2.60066	0 5.12099 0.433063
0.432373 2.92543 2.60729	0 8.0775 0.417072
0.432617 3.17519 2.6131	0 11.1882 0.403657
0.432861 2.64121 2.61776	0 7.3959 0.3924
0.433105 2.32122 2.62141	0 5.43376 0.383293
0.43335 2.89058 2.62459	0 6.26886 0.376755
0.433594 2.55262 2.62812	0 8.91385 0.373408
0.433838 2.04737 2.63288	0 4.44036 0.373748
0.434082 3.06093 2.63956	0 8.76985 0.377848
0.434326 2.42637 2.64847	0 5.02665 0.385223
0.43457 2.75056 2.65943	0 9.94849 0.394886
0.434814 2.2256 2.67173	0 4.88134 0.405557
0.435059 2.42963 2.68427	0 5.88256 0.415952
0.435303 3.08186 2.69572	0 9.80247 0.425044
0.435547 2.87298 2.70484	0 9.35714 0.432238
0.435791 2.98131 2.71066	0 9.53815 0.437433
0.436035 3.12692 2.71271	0 8.50098 0.440977
0.436279 2.78752 2.71102	0 7.7386 0.443538
0.436523 2.34995 2.70614	0 3.81639 0.445912
0.436768 2.82752 2.69898	0 6.42372 0.448778
0.437012 2.60615 2.69053	0 6.45661 0.452442
0.437256 2.44106 2.68176	0 5.19369 0.456635
0.4375 2.66652 2.67338	0 9.55812 0.460464
0.437744 2.6809 2.66583	0 10.592 0.462583
0.437988 2.41301 2.65925	0 5.10915 0.461544
0.438232 2.96417 2.65362	0 8.38682 0.456274
0.438477 2.84274 2.64883	0 10.5294 0.446531
0.438721 2.48581 2.64483	0 7.80294 0.433217
0.438965 2.74552 2.64162	0 6.20109 0.418412
0.439209 2.67831 2.63931	0 8.58003 0.405034
0.439453 2.40701 2.63801	0 4.90701 0.396145
0.439697 2.41354 2.63776	0 5.96008 0.394091
0.439941 2.75421 2.63846	0 6.722 0.399756
0.440186 2.71863 2.63987	0 7.75231 0.412218
0.44043 2.60336 2.6416	0 8.47484 0.428941
0.440674 2.48853 2.64318	0 5.21583 0.446404
0.440918 2.4425 2.64422	0 7.90498 0.460982
0.441162 3.28051 2.64447	0 8.86379 0.469816
0.441406 2.68654 2.64391	0 8.22916 0.471451
0.44165 2.92169 2.64272	0 9.72853 0.466064
0.441895 2.28147 2.64128	0 5.56548 0.455201
0.442139 2.41046 2.64001	0 5.96873 0.441107
0.442383 2.44608 2.63932	0 6.63635 0.425907
0.442627 2.76807 2.63948	0 7.59978 0.410964
0.442871 2.71492 2.64063	0 6.89617 0.396681
0.443115 2.41439 2.6428	0 5.90242 0.382776
0.443359 2.63852 2.64594	0 4.76858 0.36886
0.443604 3.20421 2.64998	0 7.26093 0.354997
0.443848 2.67633 2.65488	0 5.68849 0.341955
0.444092 2.58402 2.66057	0 7.50721 0.330984
0.444336 2.24749 2.6669	0 4.76706 0.323197
0.44458 2.53187 2.67358	0 6.56178 0.318859
0.444824 2.45048 2.68016	0 5.28696 0.316987
0.445068 3.0936 2.68597	0 8.85147 0.315562
0.445312 2.81294 2.69027	0 5.51312 0.312334
0.445557 2.58042 2.69234	0 10.1646 0.305902
0.445801 3.22201 2.69164	0 11.6249 0.296549
0.446045 2.31305 2.68794	0 3.68581 0.286418
0.446289 2.69823 2.68138	0 5.10143 0.27892
0.446533 3.19582 2.67247	0 8.35166 0.277616
0.446777 2.57114 2.66199	0 4.10003 0.285026
0.447021 2.43942 2.65082	0 6.03234 0.301832
0.447266 2.7509 2.63982	0 9.19377 0.326703
0.44751 2.32799 2.62964	0 4.36554 0.356697
0.447754 2.31163 2.62069	0 6.52155 0.387978
0.447998 2.52115 2.61309	0 8.01797 0.416552
0.448242 3.09677 2.60679	0 6.80638 0.438865
0.448486 2.42001 2.60165	0 6.45441 0.452254
0.44873 2.83859 2.59762	0 9.74478 0.455316
0.448975 2.7074 2.59473	0 11.6586 0.448186
0.449219 2.58656 2.59317	0 5.57515 0.432614
0.449463 2.33674 2.59315	0 4.78393 0.411677
0.449707 2.45217 2.59479	0 4.59057 0.389128
0.449951 2.635 2.59801	0 6.29766 0.368531
0.450195 2.30714 2.6024	0 7.08087 0.352493
0.450439 2.3964 2.60727	0 4.08101 0.342219
0.450684 2.92554 2.6117	0 7.36151 0.337515
0.450928 2.85804 2.61474	0 8.00258 0.337124
0.451172 2.52324 2.61556	0 6.45121 0.339241
0.451416 2.95008 2.61368	0 7.36936 0.342032
0.45166 2.94105 2.60906	0 7.87123 0.344035
0.451904 2.32628 2.60211	0 3.49485 0.344415
0.452148 2.39786 2.59363	0 6.85487 0.343061
0.452393 2.60222 2.58462	0 4.97636 0.340545
0.452637 2.83873 2.5761	0 10.065 0.337925
0.452881 2.53554 2.56895	0 7.15204 0.336391
0.453125 2.18399 2.5637	0 4.1721 0.336808
0.453369 2.08713 2.56059	0 4.07113 0.339286
0.453613 2.80013 2.55955	0 9.80439 0.343013
0.453857 2.61313 2.56032	0 7.03415 0.346463
0.454102 2.87422 2.56267	0 6.48931 0.347986
0.454346 2.51652 2.56645	0 9.04589 0.346528
0.45459 2.70151 2.57176	0 7.84676 0.342178
0.454834 2.43942 2.57883	0 4.45374 0.336298
0.455078 2.88527 2.58802	0 10.1497 0.331179
0.455322 2.07915 2.59956	0 3.31277 0.329352
0.455566 2.38371 2.61344	0 4.59007 0.33282
0.455811 2.29953 2.62923	0 3.77146 0.342433
0.456055 2.93558 2.6461	0 8.35193 0.357612
0.456299 2.84525 2.66283	0 8.862 0.376439
0.456543 2.40455 2.678	0 5.8974 0.396073
0.456787 2.9773 2.69022	0 8.81244 0.41337
0.457031 3.02133 2.69826	0 6.48399 0.42558
0.457275 3.09601 2.70128	0 12.3902 0.430955
0.45752 2.35208 2.6989	0 5.38871 0.429123
0.457764 2.82377 2.69115	0 7.04425 0.421059
0.458008 2.82155 2.67843	0 8.04408 0.408645
0.458252 2.56585 2.66144	0 7.75315 0.393987
0.458496 2.56627 2.64097	0 8.18792 0.378791
0.45874 2.6258 2.61793	0 8.11622 0.364073
0.458984 2.88216 2.59323	0 9.53652 0.350262
0.459229 2.62632 2.56777	0 6.51872 0.337531
0.459473 2.19174 2.54246	0 4.20077 0.32606
0.459717 2.60454 2.51822	0 6.41128 0.316069
0.459961 2.6664 2.49594	0 7.6609 0.307637
0.460205 2.32366 2.4765	0 4.69371 0.300512
0.460449 2.32361 2.46067	0 6.54192 0.294118
0.460693 2.3794 2.44905	0 5.41676 0.287806
0.460938 2.11767 2.44205	0 3.83303 0.281245
0.461182 2.69313 2.43977	0 5.83362 0.274721
0.461426 2.56622 2.44199	0 5.03039 0.269158
0.46167 1.92641 2.4482	0 3.08584 0.265819
0.461914 2.315 2.45763	0 4.81552 0.265777
0.462158 2.62618 2.46933	0 5.36225 0.269406
0.462402 2.42946 2.48227	0 4.42689 0.27614
0.462646 2.42382 2.49548	0 7.17331 0.284661
0.462891 3.24535 2.50809	0 11.1412 0.293453
0.463135 2.52842 2.51941	0 6.24697 0.301496
0.463379 2.21332 2.52896	0 3.69238 0.308737
0.463623 2.25443 2.53641	0 4.24941 0.316121
0.463867 2.49347 2.54166	0 6.49433 0.32515
0.464111 2.72682 2.54471	0 5.77282 0.337204
0.464355 2.75603 2.54578	0 5.84572 0.352911
0.4646 2.97462 2.5452	0 8.10243 0.371818
0.464844 2.30359 2.54349	0 6.3667 0.392428
0.465088 2.56704 2.54122	0 8.92563 0.41253
0.465332 2.26184 2.53903	0 3.83124 0.429687
0.465576 2.65204 2.53748	0 9.31123 0.441773
0.46582 2.18461 2.53697	0 5.49928 0.447431
0.466064 2.77669 2.53768	0 10.7344 0.446388
0.466309 2.70076 2.53952	0 7.8082 0.439505
0.466553 2.18506 2.54223	0 5.53621 0.428541
0.466797 2.30743 2.54537	0 4.41665 0.415671
0.467041 3.02265 2.54853	0 10.5476 0.402932
0.467285 2.54094 2.55133	0 6.03614 0.391804
0.467529 2.59193 2.5536	0 7.09429 0.383065
0.467773 2.84242 2.55527	0 6.98772 0.376884
0.468018 2.39686 2.55644	0 4.42188 0.373041
0.468262 2.43379 2.55723	0 5.70819 0.371092
0.468506 2.50521 2.55769	0 6.6039 0.370434
0.46875 2.2261 2.55779	0 5.33087 0.370266
0.468994 2.63603 2.55736	0 5.32388 0.369579
0.469238 2.56787 2.55613	0 6.74403 0.367253
0.469482 3.14779 2.55384	0 8.16918 0.362342
0.469727 2.36848 2.55035	0 4.89337 0.354462
0.469971 2.6757 2.54567	0 6.79907 0.344096
0.470215 2.38883 2.54006	0 6.5283 0.332595
0.470459 2.53977 2.53398	0 6.1137 0.321773
0.470703 2.50477 2.52804	0 4.52246 0.313241
0.470947 2.43441 2.52292	0 5.76747 0.307813
0.471191 2.61853 2.51925	0 6.65578 0.305322
0.471436 2.30997 2.51755	0 4.71849 0.304922
0.47168 2.60509 2.51814	0 4.1464 0.30571
0.471924 2.49823 2.52111	0 10.0117 0.307298
0.472168 2.36111 2.52633	0 5.32083 0.310048
0.472412 2.40982 2.53347	0 6.20274 0.314878
0.472656 2.57497 2.54208	0 7.19452 0.322776
0.4729 2.62235 2.55161	0 6.27383 0.33425
0.473145 2.70821 2.56155	0 7.64714 0.348961
0.473389 2.52291 2.57146	0 5.35777 0.36565
0.473633 2.55686 2.58104	0 8.13939 0.382366
0.473877 2.6398 2.59018	0 6.75055 0.396951
0.474121 2.55464 2.59891	0 5.11911 0.407629
0.474365 2.69292 2.6074	0 8.04249 0.41357
0.474609 2.64053 2.61586	0 5.50085 0.415232
0.474854 2.53461 2.62442	0 5.701 0.414347
0.475098 2.79271 2.63308	0 5.01266 0.413476
0.475342 2.42162 2.64162	0 5.92534 0.415203
0.475586 2.57049 2.64956	0 7.10749 0.421199
0.47583 2.55821 2.6563	0 6.89101 0.4315
0.476074 2.50947 2.66117	0 7.96088 0.444302
0.476318 2.89512 2.66368	0 7.22076 0.456432
0.476562 2.93551 2.66363	0 8.59948 0.464369
0.476807 3.33451 2.66128	0 11.3984 0.465448
0.477051 2.61464 2.65728	0 7.4535 0.458769
0.477295 2.50141 2.6526	0 5.22427 0.445463
0.477539 2.4107 2.6483	0 5.52532 0.428228
0.477783 2.07927 2.64528	0 3.84632 0.410399
0.478027 2.81469 2.64405	0 10.2062 0.394952
0.478271 2.25725 2.64466	0 4.6404 0.383825
0.478516 2.56992 2.64667	0 8.8403 0.377661
0.47876 3.30125 2.64936	0 7.83018 0.375914
0.479004 2.62672 2.65192	0 8.00973 0.377155
0.479248 2.59532 2.6537	0 8.64012 0.37948
0.479492 2.8709 2.65443	0 6.32396 0.380996
0.479736 2.83514 2.65426	0 9.96976 0.380328
0.47998 2.48331 2.65371	0 4.47893 0.377023
0.480225 2.87353 2.65351	0 6.72804 0.371648
0.480469 2.14873 2.65436	0 3.24092 0.365527
0.480713 2.63213 2.65678	0 6.95198 0.360207
0.480957 2.34196 2.66091	0 5.3029 0.356956
0.481201 2.5114 2.66649	0 5.73439 0.35654
0.481445 2.89872 2.67291	0 7.67135 0.359362
0.481689 3.22091 2.67935	0 8.99485 0.365752
0.481934 2.62297 2.6849	0 6.48447 0.37613
0.482178 2.52967 2.68873	0 5.59703 0.390856
0.482422 2.74438 2.6902	0 6.64098 0.409845
0.482666 2.9884 2.68889	0 7.9999 0.432224
0.48291 2.13374 2.68463	0 3.1281 0.456287
0.483154 2.90524 2.67752	0 10.7127 0.479804
0.483398 2.9122 2.6679	0 7.61728 0.500513
0.483643 2.55251 2.65631	0 5.60938 0.516498
0.483887 3.20001 2.64345	0 10.0936 0.526314
0.484131 2.25632 2.63013	0 4.77018 0.528925
0.484375 2.63644 2.61713	0 5.64567 0.523677
0.484619 2.43937 2.60508	0 10.0183 0.510455
0.484863 2.43753 2.59439	0 7.76131 0.489949
0.485107 2.42993 2.58515	0 4.47458 0.463779
0.485352 2.67847 2.57711	0 6.25177 0.434281
0.485596 2.48395 2.56983	0 5.13386 0.403994
0.48584 2.5521 2.56272	0 4.94435 0.375123
0.486084 2.87419 2.55528	0 7.58703 0.349254
0.486328 2.6015 2.54724	0 4.82313 0.327372
0.486572 2.63061 2.53863	0 5.89828 0.310033
0.486816 2.54971 2.52982	0 6.22207 0.297493
0.487061 2.43284 2.52145	0 4.96326 0.289733
0.487305 2.38198 2.51425	0 4.75073 0.286473
0.487549 2.60437 2.50887	0 6.79873 0.287275
0.487793 2.34449 2.50571	0 4.02258 0.291682
0.488037 2.20176 2.50479	0 5.47082 0.299254
0.488281 2.37595 2.5057	0 7.444 0.309412
0.488525 2.50869 2.50771	0 6.01469 0.321192
0.48877 2.61678 2.5099	0 6.7154 0.333137
0.489014 2.72756 2.51136	0 10.1426 0.343519
0.489258 2.84226 2.51144	0 7.24636 0.350842
0.489502 2.49662 2.50988	0 3.91581 0.35439
0.489746 2.45382 2.50691	0 6.85029 0.354512
0.48999 2.43694 2.50321	0 4.80702 0.35249
0.490234 2.54645 2.49982	0 6.68724 0.350033
0.490479 2.57184 2.49791	0 5.047 0.348612
0.490723 2.35016 2.49859	0 6.25024 0.34893
0.490967 2.30745 2.50268	0 4.69239 0.350731
0.491211 2.29109 2.51052	0 7.57469 0.353029
0.491455 2.20882 2.52196	0 6.4085 0.354595
0.491699 2.8254 2.53627	0 7.88821 0.354447
0.491943 2.49629 2.55234	0 4.5373 0.352109
0.492188 2.40973 2.56879	0 5.69655 0.347596
0.492432 2.7846 2.58417	0 7.76087 0.341283
0.492676 3.07475 2.59724	0 10.3085 0.333835
0.49292 2.34827 2.60709	0 4.48625 0.326199
0.493164 2.56011 2.61326	0 5.76177 0.319519
0.493408 2.98783 2.61582	0 5.90625 0.314837
0.493652 2.83304 2.61531	0 8.89302 0.312644
0.493896 2.37218 2.61263	0 5.24555 0.312545
0.494141 2.81751 2.60889	0 7.0947 0.31332
0.494385 2.13227 2.60521	0 5.22175 0.313446
0.494629 2.5367 2.60254	0 5.70388 0.311859
0.494873 2.9521 2.6015	0 7.38368 0.308569
0.495117 2.35459 2.60227	0 3.73382 0.3048
0.495361 2.48324 2.60453	0 5.80498 0.302564
0.495605 2.61629 2.60755	0 6.93909 0.303858
0.49585 2.42192 2.6103	0 5.94601 0.309818
0.496094 2.25546 2.61155	0 5.46822 0.320205
0.496338 3.36331 2.61011	0 11.5686 0.333434
0.496582 2.8686 2.60486	0 8.76665 0.347104
0.496826 2.96309 2.59476	0 8.74959 0.358796
0.49707 2.3934 2.57877	0 5.3369 0.366842
0.497314 2.51597 2.55557	0 6.96175 0.370803
0.497559 2.42293 2.52338	0 5.28701 0.371551
0.497803 2.22193 2.4798	0 4.37805 0.370948
0.498047 2.48917 2.42179	0 6.85511 0.371139
0.498291 2.87248 2.34596	0 7.49013 0.373585
0.498535 2.16281 2.24908	0 4.27498 0.378107
0.498779 2.78119 2.12873	0 6.05376 0.382358
0.499023 2.89182 1.98405	0 7.82789 0.382121
0.499268 2.39517 1.8163	0 7.09047 0.372552
0.499512 2.96404 1.62916	0 8.07662 0.349985
0.499756 2.67209 1.22194	0 13.4061 0.265715
