0 0 1.90602	0 0 0.372637
0.000244141 3.58111 2.28554	0 9.65251 0.488368
0.000488281 3.91316 2.68472	0 12.6393 0.611959
0.000732422 3.57283 3.09685	0 11.6534 0.739391
0.000976562 3.84089 3.51677	0 14.0296 0.870349
0.0012207 4.14399 3.94135	0 17.5984 1.00962
0.00146484 4.61913 4.36952	0 17.0885 1.16674
0.00170898 4.25852 4.8018	0 17.3362 1.35404
0.00195312 4.66473 5.23951	0 20.7593 1.58386
0.00219727 4.79867 5.68402	0 20.9389 1.86621
0.00244141 5.13617 6.13609	0 32.2459 2.20758
0.00268555 7.0386 6.59557	0 44.3917 2.61113
0.00292969 7.33358 7.06137	0 62.1239 3.07752
0.00317383 8.64682 7.53178	0 52.729 3.60547
0.00341797 7.73031 8.0048	0 46.4211 4.19166
0.00366211 9.19396 8.47855	0 109.652 4.8302
0.00390625 7.51315 8.95146	0 55.5944 5.51268
0.00415039 8.54371 9.4223	0 72.8877 6.22987
0.00439453 11.2671 9.88997	0 128.844 6.97533
0.00463867 11.8669 10.3532	0 125.04 7.74972
0.00488281 9.62591 10.8104	0 117.213 8.56288
0.00512695 10.8718 11.2589	0 89.3258 9.43036
0.00537109 11.4535 11.6953	0 150.824 10.3632
0.00561523 11.7272 12.1154	0 125.915 11.3532
0.00585938 12.9868 12.514	0 166.905 12.3613
0.00610352 15.1933 12.8856	0 206.193 13.3161
0.00634766 12.7962 13.225	0 213.737 14.1283
0.0065918 14.8762 13.5273	0 179.958 14.7167
0.00683594 13.7923 13.7886	0 273.305 15.0365
0.00708008 14.035 14.0066	0 193.107 15.096
0.00732422 14.4746 14.1799	0 206.43 14.9544
0.00756836 17.3501 14.309	0 418.813 14.7022
0.0078125 13.7775 14.3952	0 179.015 14.4317
0.00805664 15.625 14.441	0 246.694 14.2109
0.00830078 14.0278 14.4495	0 177.128 14.0689
0.00854492 14.0023 14.4242	0 177 13.9947
0.00878906 15.5513 14.3691	0 203.463 13.9489
0.0090332 13.3404 14.2883	0 158.545 13.8814
0.00927734 14.7228 14.1868	0 175.038 13.7509
0.00952148 15.4296 14.0699	0 233.221 13.5391
0.00976562 15.4716 13.9436	0 257.676 13.2582
0.0100098 12.4124 13.8145	0 161.373 12.9491
0.0102539 14.7798 13.6889	0 219.282 12.6713
0.010498 11.2371 13.5723	0 94.8356 12.4881
0.0107422 12.6876 13.4692	0 178.115 12.4484
0.0109863 12.9224 13.3821	0 150.995 12.5702
0.0112305 12.9625 13.3117	0 183.642 12.8308
0.0114746 12.5761 13.2572	0 143.084 13.1686
0.0117188 13.1848 13.217	0 217.166 13.5007
0.0119629 15.3462 13.1891	0 266.912 13.7502
0.012207 13.8149 13.172	0 235.337 13.8747
0.0124512 12.7388 13.1652	0 160.896 13.8827
0.0126953 11.9781 13.1689	0 130.598 13.831
0.0129395 11.5712 13.1838	0 104.317 13.8046
0.0131836 13.4146 13.2105	0 182.609 13.887
0.0134277 15.6529 13.2494	0 376.187 14.133
0.0136719 10.8397 13.2994	0 125.537 14.552
0.013916 12.1225 13.3589	0 152.882 15.105
0.0141602 14.2121 13.4249	0 192.777 15.7161
0.0144043 13.3181 13.494	0 182.015 16.2944
0.0146484 15.2164 13.5631	0 402.216 16.7603
0.0148926 14.1982 13.629	0 242.379 17.0665
0.0151367 12.557 13.6898	0 123.156 17.2056
0.0153809 13.8676 13.7443	0 185.814 17.2021
0.015625 14.9751 13.7925	0 313.187 17.0926
0.0158691 12.137 13.8351	0 159.937 16.9067
0.0161133 15.0164 13.8735	0 306.657 16.6573
0.0163574 13.022 13.909	0 171.149 16.3463
0.0166016 16.1041 13.9434	0 238.073 15.9799
0.0168457 12.4819 13.978	0 138.404 15.5852
0.0170898 12.9565 14.0138	0 183.892 15.2147
0.017334 14.6678 14.0513	0 221.793 14.9374
0.0175781 14.5649 14.0909	0 167.886 14.8185
0.0178223 14.4131 14.1325	0 198.843 14.8989
0.0180664 12.5364 14.1759	0 240.553 15.1828
0.0183105 15.293 14.221	0 225.483 15.6385
0.0185547 14.4456 14.2677	0 244.836 16.21
0.0187988 15.0517 14.3163	0 289.087 16.8302
0.019043 13.5577 14.3673	0 148.568 17.4329
0.0192871 13.9129 14.4217	0 184.758 17.9589
0.0195312 13.0143 14.4808	0 201.655 18.3612
0.0197754 17.3184 14.5463	0 344.43 18.6095
0.0200195 14.7334 14.6196	0 159.221 18.6945
0.0202637 13.066 14.702	0 165.642 18.6289
0.0205078 14.719 14.7944	0 199.816 18.4431
0.020752 13.8862 14.8967	0 157.477 18.1776
0.0209961 16.0837 15.0077	0 279.837 17.8762
0.0212402 14.3188 15.1252	0 203.629 17.5839
0.0214844 15.1826 15.246	0 200.096 17.3471
0.0217285 14.2872 15.3667	0 293.218 17.2131
0.0219727 15.8067 15.4835	0 295.209 17.2248
0.0222168 17.9669 15.5935	0 243.142 17.4106
0.0224609 16.7422 15.6947	0 278.754 17.7742
0.0227051 15.1543 15.7868	0 226.68 18.291
0.0229492 14.3479 15.8706	0 167.125 18.9139
0.0231934 16.9684 15.9487	0 288.729 19.5857
0.0234375 16.0577 16.0249	0 295.868 20.2538
0.0236816 15.4883 16.1038	0 256.069 20.8804
0.0239258 15.8774 16.1912	0 200.986 21.4473
0.0241699 17.6716 16.293	0 433.576 21.9553
0.0244141 16.6449 16.4153	0 276.74 22.4212
0.0246582 14.1082 16.5638	0 164.268 22.8731
0.0249023 15.5752 16.7429	0 235.699 23.3464
0.0251465 17.9255 16.9557	0 329.776 23.8806
0.0253906 17.6944 17.2025	0 344.393 24.5153
0.0256348 14.5083 17.4811	0 322.14 25.2862
0.0258789 16.1959 17.7868	0 272.325 26.2159
0.026123 18.3237 18.1124	0 326.811 27.3026
0.0263672 18.877 18.4497	0 250.588 28.5049
0.0266113 20.2805 18.7908	0 374.39 29.7339
0.0268555 16.8998 19.1291	0 221.75 30.8579
0.0270996 23.7688 19.4613	0 577.701 31.7274
0.0273438 19.6306 19.7867	0 455.734 32.2159
0.0275879 22.7794 20.1082	0 536.101 32.2635
0.027832 18.7552 20.4302	0 534.553 31.9056
0.0280762 18.3792 20.758	0 368.568 31.2699
0.0283203 19.3132 21.0956	0 379.691 30.5431
0.0285645 20.7494 21.4449	0 336.517 29.9168
0.0288086 20.8529 21.8047	0 335.529 29.5352
0.0290527 23.518 22.1717	0 440.531 29.4639
0.0292969 20.9655 22.5408	0 454.293 29.6908
0.029541 27.1904 22.9071	0 794.574 30.1541
0.0297852 22.6231 23.2668	0 477.457 30.7829
0.0300293 27.8804 23.6185	0 888.456 31.5312
0.0302734 21.6871 23.9634	0 505.134 32.3905
0.0305176 20.0812 24.3055	0 397.325 33.3817
0.0307617 25.192 24.6503	0 583.084 34.54
0.0310059 24.182 25.0046	0 384.729 35.9074
0.03125 29.8504 25.375	0 909.667 37.5362
0.0314941 25.1352 25.7675	0 580.366 39.4945
0.0317383 24.634 26.1869	0 557.738 41.8583
0.0319824 23.3876 26.6363	0 765.463 44.6864
0.0322266 26.6895 27.1179	0 675.539 47.9939
0.0324707 26.0956 27.6332	0 584.73 51.744
0.0327148 28.8251 28.1837	0 1094.51 55.8722
0.032959 31.198 28.772	0 1143.86 60.3305
0.0332031 28.948 29.4019	0 808.778 65.1226
0.0334473 29.7388 30.0787	0 785.749 70.3045
0.0336914 31.4895 30.8083	0 814.85 75.9448
0.0339355 29.2505 31.5961	0 1147.11 82.0695
0.0341797 29.3856 32.4458	0 752.676 88.6229
0.0344238 32.0731 33.3582	0 1405.68 95.4655
0.034668 29.6901 34.3313	0 987.385 102.41
0.0349121 33.9292 35.3609	0 1073.37 109.28
0.0351562 41.7859 36.4422	0 2139.94 115.982
0.0354004 37.2033 37.5722	0 1134.72 122.578
0.0356445 40.0521 38.7516	0 1466.71 129.359
0.0358887 38.2027 39.9853	0 1513.34 136.868
0.0361328 43.3466 41.2827	0 2936.26 145.833
0.036377 42.3464 42.655	0 1650.61 156.967
0.0366211 42.2481 44.113	0 1385.54 170.64
0.0368652 39.8631 45.6629	0 1358.28 186.556
0.0371094 40.2787 47.3046	0 1108.35 203.602
0.0373535 47.7937 49.0309	0 3364.71 220.014
0.0375977 47.4527 50.829	0 2568.05 233.907
0.0378418 59.4875 52.6844	0 5335.6 243.967
0.0380859 52.0532 54.5866	0 2560.98 250.03
0.0383301 60.391 56.5342	0 2847.47 253.256
0.0385742 69.4148 58.5393	0 4345.64 255.796
0.0388184 52.3081 60.6291	0 3490.98 260.133
0.0390625 64.8925 62.845	0 4492.06 268.425
0.0393066 61.9224 65.2381	0 3075.11 282.143
0.0395508 60.8931 67.8632	0 2838.3 302.14
0.0397949 63.6105 70.7722	0 4001.59 328.962
0.0400391 67.569 74.0081	0 3792.67 363.155
0.0402832 62.5915 77.6027	0 2988.28 405.351
0.0405273 76.7767 81.5762	0 5316.58 456.142
0.0407715 83.8483 85.9399	0 10113.1 515.895
0.0410156 93.4926 90.7009	0 8736.03 584.68
0.0412598 90.1812 95.8668	0 7009.84 662.338
0.0415039 101.423 101.449	0 8581.49 748.65
0.041748 114.888 107.463	0 14889 843.594
0.0419922 96.5692 113.926	0 7087.72 947.81
0.0422363 93.3179 120.853	0 6430.68 1063.37
0.0424805 122.514 128.25	0 10924.7 1194.63
0.0427246 148.961 136.107	0 21867.8 1348.6
0.0429688 139.563 144.391	0 14697.1 1533.99
0.0432129 131.415 153.047	0 14941 1758.62
0.043457 156.986 161.992	0 21567.9 2025.8
0.0437012 169.356 171.122	0 29938.3 2331.04
0.0439453 179.784 180.313	0 47551.7 2660.61
0.0441895 187.554 189.429	0 44861.7 2993.1
0.0444336 215.858 198.327	0 41105.1 3303.49
0.0446777 236.708 206.863	0 59256.7 3568.57
0.0449219 198.358 214.903	0 39594 3771.72
0.045166 223.066 222.318	0 40960.4 3905.87
0.0454102 254.103 228.996	0 56317.6 3973.44
0.0456543 232.833 234.837	0 40997.8 3983.93
0.0458984 262.313 239.759	0 93460 3949.94
0.0461426 268.02 243.693	0 69858.9 3883.55
0.0463867 271.488 246.584	0 126859 3794.46
0.0466309 259.827 248.385	0 56794.4 3690.2
0.046875 240.917 249.058	0 45739.8 3577.16
0.0471191 266.137 248.569	0 67176.2 3460.86
0.0473633 259.548 246.896	0 56973 3344.66
0.0476074 243.913 244.025	0 52773.7 3228.04
0.0478516 262 239.966	0 72125.4 3106.36
0.0480957 314.018 234.752	0 114106 2973.34
0.0483398 224.077 228.452	0 47522.2 2824.93
0.048584 204.728 221.167	0 57924.3 2662.27
0.0488281 229.414 213.029	0 47751.4 2491.36
0.0490723 224.84 204.197	0 43952 2319.73
0.0493164 206.279 194.84	0 38456.7 2152.36
0.0495605 156.999 185.133	0 22922.3 1989.71
0.0498047 160.034 175.244	0 28650.3 1828.8
0.0500488 184.091 165.326	0 47748.6 1666.44
0.050293 155.235 155.517	0 29034.7 1502.25
0.0505371 148.531 145.937	0 25013.4 1339.65
0.0507812 125.073 136.686	0 13008.2 1184.57
0.0510254 121.474 127.848	0 13936.1 1042.99
0.0512695 100.802 119.488	0 12753.8 918.869
0.0515137 100.219 111.652	0 12097.3 813.219
0.0517578 96.0318 104.371	0 9301.9 724.493
0.052002 105.681 97.6554	0 9461.47 649.625
0.0522461 72.8315 91.5	0 8804.28 585.117
0.0524902 82.291 85.8863	0 4801.85 527.824
0.0527344 65.2066 80.7846	0 4415.23 475.373
0.0529785 81.4755 76.1579	0 9468.41 426.319
0.0532227 64.1383 71.9646	0 4350.51 380.111
0.0534668 67.8464 68.1614	0 4180.25 336.911
0.0537109 59.7428 64.7048	0 3307.12 297.267
0.0539551 53.8473 61.5527	0 2755.77 261.748
0.0541992 56.4668 58.6655	0 2463.18 230.653
0.0544434 53.1128 56.0067	0 3767.89 203.904
0.0546875 54.602 53.5437	0 2551.83 181.114
0.0549316 53.6412 51.2485	0 3734.46 161.752
0.0551758 45.007 49.0977	0 1994.33 145.291
0.0554199 46.0471 47.0724	0 2450.02 131.274
0.0556641 42.5992 45.1574	0 1986.09 119.312
0.0559082 47.6519 43.3405	0 2237.21 109.05
0.0561523 33.6027 41.6111	0 698.429 100.144
0.0563965 40.6633 39.9599	0 1514.87 92.2553
0.0566406 34.4943 38.3784	0 1187.97 85.0649
0.0568848 40.875 36.8595	0 1730.73 78.3103
0.0571289 32.6826 35.3984	0 1562.26 71.8241
0.057373 35.4848 33.9931	0 1440.79 65.5606
0.0576172 36.07 32.6452	0 964.524 59.591
0.0578613 29.3369 31.3594	0 874.885 54.0601
0.0581055 28.3248 30.1426	0 565.499 49.1235
0.0583496 26.8509 29.0023	0 612.636 44.8901
0.0585938 25.2105 27.9447	0 511.225 41.3929
0.0588379 22.7995 26.973	0 427.988 38.5867
0.059082 22.8435 26.0869	0 525.924 36.3636
0.0593262 30.0572 25.2823	0 780.546 34.5742
0.0595703 23.4719 24.5518	0 425.653 33.0501
0.0598145 23.5623 23.8869	0 492.457 31.6305
0.0600586 21.6948 23.2783	0 451.29 30.1924
0.0603027 23.6135 22.7179	0 455.774 28.6792
0.0605469 19.9488 22.1991	0 477.655 27.1177
0.060791 21.7133 21.717	0 467.316 25.6152
0.0610352 22.9739 21.2678	0 427.632 24.3334
0.0612793 19.346 20.8484	0 396.04 23.4431
0.0615234 20.0497 20.4551	0 328.715 23.0699
0.0617676 20.242 20.0835	0 403.834 23.2452
0.0620117 16.8411 19.7278	0 240.289 23.8799
0.0622559 18.0797 19.3811	0 299.38 24.7711
0.0625 21.6825 19.0363	0 464.549 25.6459
0.0627441 20.2614 18.6872	0 617.709 26.2277
0.0629883 16.8666 18.3293	0 329.606 26.3059
0.0632324 21.7835 17.9614	0 482.6 25.7832
0.0634766 15.9786 17.5854	0 273.347 24.6896
0.0637207 18.6185 17.207	0 314.269 23.1597
0.0639648 16.3261 16.8345	0 233.286 21.3857
0.064209 14.757 16.4785	0 187.165 19.5654
0.0644531 16.16 16.1496	0 276.429 17.8617
0.0646973 13.0839 15.8581	0 191.187 16.3872
0.0649414 15.6652 15.6122	0 168.572 15.21
0.0651855 15.2344 15.4176	0 170.497 14.3707
0.0654297 14.6925 15.2766	0 181.431 13.8956
0.0656738 14.0394 15.188	0 237.434 13.7947
0.065918 14.2034 15.1475	0 145.513 14.0475
0.0661621 14.6901 15.1472	0 180.192 14.5882
0.0664062 13.7808 15.177	0 127.132 15.3016
0.0666504 15.4204 15.2247	0 295.209 16.0415
0.0668945 12.5136 15.2781	0 114.036 16.6662
0.0671387 19.2869 15.3254	0 364.376 17.0781
0.0673828 18.0595 15.3571	0 367.984 17.2513
0.067627 14.7049 15.3666	0 235.904 17.2329
0.0678711 15.5626 15.3509	0 164.943 17.1195
0.0681152 18.0768 15.3102	0 259.486 17.0192
0.0683594 14.2153 15.2476	0 181.717 17.0152
0.0686035 12.2078 15.1681	0 136.911 17.147
0.0688477 16.5075 15.0775	0 285.285 17.41
0.0690918 14.1012 14.9813	0 211.447 17.7693
0.0693359 15.2995 14.8847	0 257.589 18.1742
0.0695801 15.2029 14.7917	0 272.286 18.5659
0.0698242 15.8727 14.7056	0 301.168 18.8778
0.0700684 14.7486 14.6288	0 277.019 19.0339
0.0703125 11.8386 14.5629	0 166.518 18.9564
0.0705566 14.5707 14.5086	0 255.021 18.5847
0.0708008 14.8125 14.4661	0 204.323 17.9011
0.0710449 14.4404 14.4345	0 294.999 16.9495
0.0712891 13.2732 14.4125	0 224.122 15.8345
0.0715332 15.943 14.398	0 275.189 14.6971
0.0717773 13.026 14.3887	0 160.344 13.6772
0.0720215 15.4355 14.3825	0 216.24 12.8809
0.0722656 14.2038 14.3775	0 305.217 12.364
0.0725098 14.8705 14.3727	0 229.722 12.1342
0.0727539 13.6936 14.3683	0 185.719 12.1636
0.072998 12.4778 14.3659	0 152.462 12.4
0.0732422 17.9456 14.3681	0 293.912 12.7763
0.0734863 14.7045 14.3791	0 203.421 13.2185
0.0737305 12.3147 14.4038	0 140.843 13.6592
0.0739746 13.8096 14.4476	0 210.821 14.0547
0.0742188 14.7534 14.5156	0 187.324 14.3998
0.0744629 14.3169 14.6119	0 170.457 14.7309
0.074707 12.4855 14.7386	0 118.266 15.1122
0.0749512 15.7311 14.8959	0 275.783 15.6086
0.0751953 13.7953 15.0816	0 219.046 16.2544
0.0754395 15.0326 15.2911	0 251.642 17.0342
0.0756836 15.0647 15.518	0 246.536 17.8827
0.0759277 15.1331 15.7553	0 230.439 18.7077
0.0761719 16.3481 15.9956	0 469.924 19.4263
0.076416 18.3114 16.2325	0 354.715 19.9983
0.0766602 16.4282 16.4608	0 356.536 20.4421
0.0769043 20.3286 16.677	0 403.609 20.8244
0.0771484 12.8891 16.8788	0 160.342 21.228
0.0773926 16.7193 17.0655	0 237.115 21.7148
0.0776367 18.2962 17.2371	0 364.931 22.3016
0.0778809 16.1315 17.394	0 209.976 22.9619
0.078125 18.2012 17.5374	0 510.119 23.6498
0.0783691 20.7552 17.6692	0 508.129 24.3278
0.0786133 16.4365 17.7919	0 264.681 24.9796
0.0788574 18.5993 17.9093	0 371.583 25.5994
0.0791016 17.3323 18.0259	0 240.838 26.1692
0.0793457 18.9666 18.1467	0 302.867 26.645
0.0795898 16.7097 18.2764	0 390.834 26.9673
0.079834 17.7859 18.4193	0 389.171 27.0937
0.0800781 20.1035 18.5778	0 482.949 27.034
0.0803223 15.6744 18.7526	0 272.125 26.8636
0.0805664 18.3321 18.9425	0 302.909 26.7042
0.0808105 20.8019 19.145	0 375.866 26.6808
0.0810547 17.6456 19.3566	0 247.097 26.8751
0.0812988 21.5894 19.5745	0 379.52 27.3002
0.081543 21.3527 19.7967	0 502.27 27.9073
0.0817871 18.6867 20.023	0 523.322 28.6209
0.0820312 18.9921 20.2551	0 369.309 29.3881
0.0822754 21.9555 20.4964	0 490.399 30.2223
0.0825195 21.0673 20.7512	0 341.829 31.2215
0.0827637 19.519 21.0239	0 441.329 32.5518
0.0830078 23.1538 21.3179	0 400.921 34.3962
0.083252 18.5302 21.6348	0 281.565 36.8867
0.0834961 19.4938 21.9746	0 419.659 40.0481
0.0837402 20.3849 22.3357	0 364.56 43.781
0.0839844 23.1876 22.7156	0 714.825 47.8948
0.0842285 29.0517 23.1119	0 1153.52 52.1727
0.0844727 24.5129 23.5224	0 762.138 56.433
0.0847168 22.5729 23.9457	0 761.995 60.5494
0.0849609 24.8122 24.3806	0 683.051 64.4268
0.0852051 19.6863 24.8255	0 405.514 67.9582
0.0854492 24.4431 25.278	0 664.119 71.0096
0.0856934 25.5291 25.735	0 854.973 73.4578
0.0859375 26.5204 26.1935	0 640.68 75.2685
0.0861816 25.2567 26.6514	0 520.329 76.5682
0.0864258 33.7238 27.1085	0 1369.02 77.6596
0.0866699 29.362 27.5678	0 714.767 78.9594
0.0869141 31.3914 28.0343	0 912.859 80.8762
0.0871582 24.6672 28.5145	0 592.139 83.6776
0.0874023 23.6322 29.0138	0 849.62 87.3951
0.0876465 25.0564 29.5347	0 546.823 91.8012
0.0878906 29.1082 30.0754	0 696.187 96.467
0.0881348 30.6181 30.6294	0 752.522 100.885
0.0883789 36.2019 31.1863	0 1695.41 104.62
0.088623 33.493 31.7338	0 934.308 107.45
0.0888672 33.7748 32.2597	0 1252.6 109.428
0.0891113 33.639 32.7542	0 1142.45 110.863
0.0893555 31.8251 33.2108	0 890.754 112.201
0.0895996 34.9669 33.6273	0 1207.65 113.868
0.0898438 31.0335 34.0048	0 1324.93 116.122
0.0900879 35.1015 34.3473	0 1076.04 118.969
0.090332 41.9182 34.6598	0 2494.63 122.16
0.0905762 29.5892 34.9471	0 784.528 125.262
0.0908203 38.1133 35.2121	0 2005.92 127.769
0.0910645 34.9504 35.4551	0 908.5 129.214
0.0913086 33.3342 35.6728	0 1349.34 129.27
0.0915527 34.2164 35.8584	0 1232.43 127.805
0.0917969 33.9792 36.0027	0 1110.58 124.904
0.092041 41.402 36.0952	0 3158.17 120.853
0.0922852 41.0683 36.1261	0 1462.7 116.087
0.0925293 34.4013 36.0885	0 980.227 111.119
0.0927734 38.3191 35.9794	0 1513.85 106.464
0.0930176 38.2078 35.8006	0 1872.94 102.564
0.0932617 37.4693 35.5582	0 1696.67 99.7268
0.0935059 34.1506 35.2613	0 1054.77 98.0742
0.09375 34.8805 34.92	0 1158.22 97.5049
0.0939941 29.1342 34.5436	0 838.621 97.6882
0.0942383 38.1763 34.1386	0 1596.85 98.1086
0.0944824 33.0034 33.7082	0 1467.83 98.1669
0.0947266 34.1286 33.2521	0 1127.17 97.3202
0.0949707 34.4407 32.767	0 1442.7 95.2134
0.0952148 29.2802 32.2488	0 815.763 91.7576
0.095459 34.8919 31.6933	0 950.121 87.129
0.0957031 32.7774 31.0983	0 1082.05 81.6974
0.0959473 28.6977 30.4645	0 1159.84 75.9139
0.0961914 32.8494 29.7957	0 1173.17 70.1991
0.0964355 34.1907 29.0987	0 1023.34 64.859
0.0966797 24.5113 28.382	0 675.259 60.0469
0.0969238 25.1243 27.655	0 448.184 55.772
0.097168 25.7096 26.9266	0 791.737 51.9446
0.0974121 24.591 26.2047	0 551.306 48.4374
0.0976562 27.0298 25.4957	0 789.012 45.1407
0.0979004 25.5597 24.8047	0 804.86 41.9938
0.0981445 25.5898 24.136	0 602.047 38.9891
0.0983887 23.9892 23.4933	0 586.165 36.1555
0.0986328 22.487 22.8801	0 392.251 33.5342
0.098877 18.4162 22.2991	0 406.446 31.159
0.0991211 21.5778 21.7517	0 360.733 29.0452
0.0993652 18.859 21.2381	0 312.886 27.1871
0.0996094 21.7767 20.7559	0 379.275 25.5636
0.0998535 20.9628 20.3011	0 480.363 24.1506
0.100098 18.4662 19.8682	0 403.56 22.9351
0.100342 21.1522 19.4509	0 516.136 21.9261
0.100586 18.7423 19.0436	0 376.002 21.1526
0.10083 15.8841 18.6418	0 228.189 20.647
0.101074 21.74 18.2433	0 405.316 20.4197
0.101318 18.654 17.8476	0 380.365 20.4377
0.101562 16.9389 17.4563	0 305.99 20.6192
0.101807 17.2633 17.0716	0 266.299 20.8462
0.102051 15.747 16.6961	0 281.208 20.9901
0.102295 14.356 16.3313	0 237.345 20.938
0.102539 13.4551 15.9776	0 178.943 20.6155
0.102783 18.0093 15.6338	0 295.632 20.0008
0.103027 15.2312 15.2979	0 269.788 19.1294
0.103271 15.8665 14.9678	0 298.496 18.0857
0.103516 16.0778 14.6423	0 231.064 16.9831
0.10376 13.3731 14.3217	0 145.684 15.9343
0.104004 13.2489 14.0085	0 180.38 15.0251
0.104248 14.1931 13.7071	0 181.743 14.298
0.104492 14.4812 13.4233	0 264.53 13.7508
0.104736 12.6875 13.1638	0 207.347 13.345
0.10498 10.339 12.9343	0 76.2393 13.0203
0.105225 10.2578 12.7394	0 143.314 12.709
0.105469 13.2066 12.5813	0 192.316 12.3536
0.105713 13.2957 12.4595	0 192.663 11.9229
0.105957 11.2074 12.3711	0 198.155 11.4235
0.106201 11.9733 12.3111	0 136.928 10.8972
0.106445 12.3837 12.2728	0 155.667 10.4033
0.106689 10.9133 12.2488	0 130.139 9.992
0.106934 12.2585 12.2318	0 135.163 9.68248
0.107178 13.8781 12.2155	0 181.116 9.4593
0.107422 12.451 12.1951	0 143.004 9.28742
0.107666 12.3085 12.1672	0 98.8637 9.13684
0.10791 12.1057 12.1307	0 245.13 9.00133
0.108154 14.2428 12.0854	0 179.216 8.9007
0.108398 11.4507 12.0321	0 111.749 8.86677
0.108643 10.0669 11.9714	0 72.968 8.92263
0.108887 11.3518 11.9036	0 125.279 9.0672
0.109131 10.4398 11.8281	0 185.94 9.27196
0.109375 13.3938 11.7432	0 187.891 9.48882
0.109619 14.3131 11.6473	0 145.783 9.66316
0.109863 10.8402 11.5383	0 114.278 9.74597
0.110107 11.5016 11.4153	0 147.251 9.7029
0.110352 11.1954 11.2786	0 128.917 9.52053
0.110596 11.0332 11.1299	0 118.738 9.20971
0.11084 11.8494 10.9727	0 153.225 8.80382
0.111084 10.7412 10.8116	0 102.16 8.3499
0.111328 10.774 10.652	0 91.1964 7.894
0.111572 10.7705 10.4993	0 75.9118 7.46662
0.111816 9.10203 10.3583	0 76.8994 7.07573
0.112061 9.05722 10.2327	0 82.2218 6.71082
0.112305 10.0899 10.1248	0 138.917 6.35553
0.112549 9.42611 10.0349	0 91.1818 6.00129
0.112793 10.2472 9.96224	0 82.3942 5.65486
0.113037 10 9.90475	0 105.819 5.33665
0.113281 9.19631 9.8599	0 78.128 5.07222
0.113525 10.5475 9.82519	0 91.9233 4.88253
0.11377 9.42451 9.79857	0 80.9294 4.7776
0.114014 9.46012 9.77874	0 79.0786 4.75558
0.114258 11.1239 9.76506	0 86.5761 4.80566
0.114502 9.34916 9.75739	0 81.2275 4.91197
0.114746 9.83911 9.75559	0 80.1164 5.05604
0.11499 8.7912 9.75916	0 74.8598 5.21764
0.115234 8.34285 9.7669	0 92.7811 5.37588
0.115479 8.84517 9.77674	0 73.0087 5.51232
0.115723 11.425 9.78594	0 116.937 5.61606
0.115967 11.9658 9.79134	0 116.806 5.68854
0.116211 8.69873 9.78985	0 79.8515 5.74416
0.116455 10.382 9.77887	0 113.749 5.80492
0.116699 9.2875 9.75668	0 75.9375 5.89028
0.116943 9.0985 9.72266	0 75.0495 6.00708
0.117188 10.7859 9.67732	0 111.538 6.14469
0.117432 9.3677 9.62221	0 71.4722 6.27838
0.117676 11.4828 9.55969	0 145.122 6.37941
0.11792 8.72319 9.49267	0 49.6517 6.42691
0.118164 9.12804 9.42426	0 67.7555 6.41554
0.118408 8.39503 9.35763	0 65.6642 6.35548
0.118652 8.36285 9.29577	0 75.1436 6.26582
0.118896 10.3131 9.24146	0 96.6363 6.16586
0.119141 9.03581 9.19724	0 84.5189 6.06993
0.119385 9.25602 9.1654	0 131.014 5.9877
0.119629 9.94517 9.14791	0 145.629 5.9281
0.119873 8.07897 9.14617	0 54.4174 5.90179
0.120117 8.35019 9.16075	0 80.9064 5.91881
0.120361 9.38708 9.19107	0 88.7775 5.98193
0.120605 7.44028 9.23516	0 56.4379 6.08032
0.12085 9.96464 9.28967	0 83.1514 6.1888
0.121094 8.57829 9.35016	0 63.3247 6.27469
0.121338 10.1285 9.4117	0 133.732 6.30963
0.121582 9.19767 9.46962	0 69.3328 6.28064
0.121826 11.0132 9.52034	0 117.323 6.19473
0.12207 10.6767 9.56194	0 100.502 6.07584
0.122314 9.53284 9.59446	0 111.317 5.95671
0.122559 9.36171 9.61966	0 100.892 5.87083
0.122803 10.6632 9.64052	0 138.937 5.84788
0.123047 7.99671 9.66041	0 53.6935 5.91252
0.123291 8.4984 9.68228	0 77.7206 6.08365
0.123535 10.6737 9.708	0 121.23 6.37181
0.123779 8.6867 9.73801	0 54.1104 6.77513
0.124023 8.67195 9.7714	0 61.3161 7.27659
0.124268 11.9396 9.80619	0 161.417 7.84539
0.124512 10.6512 9.83992	0 174.291 8.44213
0.124756 9.59149 9.87014	0 88.6284 9.02461
0.125 9.70724 9.89487	0 108.883 9.55117
0.125244 9.92967 9.91291	0 86.4929 9.98117
0.125488 9.51789 9.9239	0 91.6617 10.2757
0.125732 9.57601 9.9284	0 102.973 10.4018
0.125977 11.0591 9.9278	0 146.29 10.3418
0.126221 10.6765 9.92423	0 125.466 10.1029
0.126465 9.40425 9.92047	0 72.2445 9.72214
0.126709 9.13242 9.9198	0 91.1272 9.26329
0.126953 10.2036 9.92576	0 140.254 8.8051
0.127197 10.635 9.94179	0 137.504 8.42575
0.127441 8.9392 9.97088	0 93.1316 8.18851
0.127686 9.10882 10.0151	0 100.671 8.13244
0.12793 10.4573 10.0753	0 112.351 8.26942
0.128174 8.78011 10.1507	0 74.7242 8.58663
0.128418 10.3333 10.2391	0 98.8932 9.05216
0.128662 11.0533 10.3366	0 156.874 9.62106
0.128906 9.89395 10.4385	0 75.1289 10.2397
0.12915 9.48669 10.5395	0 95.6212 10.8482
0.129395 12.8114 10.6345	0 133.39 11.3828
0.129639 10.185 10.7192	0 90.8008 11.7799
0.129883 10.4677 10.7903	0 129.986 11.9851
0.130127 12.8705 10.8464	0 209.342 11.9651
0.130371 12.2977 10.8871	0 134.282 11.7183
0.130615 9.564 10.9137	0 77.267 11.2804
0.130859 10.392 10.9283	0 104.927 10.7202
0.131104 10.0167 10.9338	0 153.13 10.1268
0.131348 11.1724 10.9333	0 92.1506 9.59119
0.131592 12.0322 10.9299	0 153.564 9.18824
0.131836 11.3522 10.9268	0 90.5284 8.96365
0.13208 11.2131 10.9269	0 103.713 8.92833
0.132324 10.4562 10.9325	0 104.847 9.06081
0.132568 10.1699 10.9458	0 145.807 9.31613
0.132812 10.5305 10.9679	0 109.245 9.63789
0.133057 10.0759 10.9989	0 116.331 9.96967
0.133301 10.5684 11.0382	0 127.487 10.2628
0.133545 12.5864 11.084	0 146.344 10.4799
0.133789 11.6065 11.1337	0 133.004 10.5952
0.134033 10.4694 11.1845	0 107.337 10.5954
0.134277 11.44 11.2333	0 153.096 10.4805
0.134521 9.87114 11.2776	0 95.6412 10.2655
0.134766 12.3619 11.3154	0 109.245 9.97918
0.13501 12.683 11.3456	0 138.98 9.66078
0.135254 11.2717 11.3678	0 113.727 9.35331
0.135498 12.3363 11.3828	0 125.981 9.09656
0.135742 9.35659 11.3914	0 72.1072 8.92136
0.135986 12.8872 11.3946	0 216.921 8.84577
0.13623 10.6679 11.3933	0 142.55 8.87309
0.136475 10.9374 11.3875	0 110.528 8.99152
0.136719 11.3503 11.3766	0 123.333 9.17585
0.136963 11.6973 11.3596	0 101.448 9.39217
0.137207 10.675 11.3351	0 96.4342 9.60487
0.137451 13.078 11.302	0 125.426 9.78403
0.137695 11.2289 11.2599	0 162.919 9.91007
0.137939 11.5452 11.2094	0 150.771 9.97405
0.138184 11.6663 11.1519	0 146.14 9.97466
0.138428 10.5573 11.09	0 133.523 9.91534
0.138672 10.3716 11.0265	0 121.016 9.8043
0.138916 12.5309 10.964	0 144.707 9.65709
0.13916 8.87483 10.9043	0 64.6981 9.49864
0.139404 10.192 10.8481	0 65.8049 9.36061
0.139648 11.7442 10.7949	0 115.731 9.27322
0.139893 10.1367 10.7428	0 105.839 9.25464
0.140137 10.5028 10.6898	0 116.958 9.30346
0.140381 10.9859 10.6334	0 165.821 9.39819
0.140625 12.5927 10.572	0 159.002 9.50404
0.140869 9.22667 10.5046	0 78.6796 9.58348
0.141113 12.0358 10.4317	0 146.963 9.60603
0.141357 10.435 10.3542	0 101.005 9.55412
0.141602 8.83682 10.2738	0 71.9779 9.42467
0.141846 9.54805 10.1921	0 130.095 9.22739
0.14209 9.65856 10.1103	0 107.637 8.98114
0.142334 10.8756 10.0289	0 109.04 8.70917
0.142578 9.77326 9.94783	0 90.6289 8.4339
0.142822 10.5693 9.86637	0 100.446 8.1721
0.143066 10.0865 9.78373	0 70.9517 7.93158
0.143311 8.91564 9.69925	0 93.6297 7.71018
0.143555 9.72753 9.61269	0 83.7404 7.49741
0.143799 10.0493 9.52439	0 85.7692 7.27849
0.144043 9.08341 9.43518	0 62.2691 7.04025
0.144287 10.7356 9.3463	0 156.719 6.77731
0.144531 7.70181 9.25912	0 44.8076 6.49627
0.144775 8.24274 9.17486	0 73.5872 6.21588
0.14502 9.62522 9.0944	0 74.1266 5.96203
0.145264 10.4388 9.01804	0 102.025 5.75916
0.145508 8.1819 8.94548	0 80.7525 5.62119
0.145752 8.16386 8.87584	0 56.7867 5.54536
0.145996 8.33574 8.80788	0 59.8646 5.5112
0.14624 8.29037 8.74028	0 76.0978 5.48507
0.146484 10.3376 8.67201	0 116.298 5.42905
0.146729 7.90613 8.60269	0 69.3638 5.3116
0.146973 10.199 8.5328	0 112.221 5.11723
0.147217 8.28604 8.46377	0 61.3309 4.85195
0.147461 7.39623 8.39779	0 48.9741 4.54301
0.147705 7.89526 8.33739	0 70.7616 4.2326
0.147949 8.20044 8.28499	0 66.0224 3.9675
0.148193 9.15573 8.24226	0 67.3059 3.78759
0.148438 6.68537 8.20976	0 36.1167 3.71591
0.148682 7.28174 8.18665	0 41.4792 3.75253
0.148926 9.08316 8.17076	0 59.4522 3.8732
0.14917 6.85816 8.15884	0 30.3976 4.03376
0.149414 8.57766 8.1471	0 67.0288 4.17997
0.149658 10.2226 8.13174	0 93.9183 4.26153
0.149902 7.9339 8.1095	0 71.3412 4.24622
0.150146 8.09004 8.07808	0 54.5364 4.12946
0.150391 8.11397 8.03637	0 63.8498 3.9351
0.150635 7.06467 7.98458	0 41.9987 3.70671
0.150879 8.76695 7.92411	0 84.6357 3.49314
0.151123 7.99555 7.85738	0 76.1265 3.3343
0.151367 8.19785 7.78749	0 50.8364 3.25253
0.151611 7.71231 7.71787	0 54.1672 3.25177
0.151855 7.59605 7.65177	0 56.9433 3.32273
0.1521 7.68756 7.5918	0 42.5392 3.45007
0.152344 7.08041 7.53955	0 53.2083 3.6181
0.152588 5.67241 7.49532	0 32.8867 3.81293
0.152832 7.09031 7.45816	0 45.6013 4.0219
0.153076 7.12207 7.42611	0 52.8836 4.23207
0.15332 8.66715 7.39674	0 77.904 4.42931
0.153564 8.92997 7.36773	0 60.5356 4.59884
0.153809 7.1492 7.3374	0 79.7834 4.72644
0.154053 7.82076 7.30513	0 73.329 4.79982
0.154297 5.82001 7.27137	0 35.4438 4.80967
0.154541 7.59054 7.2375	0 57.6175 4.7507
0.154785 6.75313 7.20547	0 42.5838 4.62273
0.155029 7.02287 7.1773	0 49.8202 4.43182
0.155273 7.22392 7.15471	0 65.1211 4.19068
0.155518 7.98707 7.1388	0 72.2443 3.91797
0.155762 6.3584 7.12993	0 31.9522 3.6362
0.156006 6.11968 7.12775	0 32.6415 3.36883
0.15625 7.10068 7.13139	0 54.9064 3.13746
0.156494 7.63454 7.13965	0 49.1134 2.95976
0.156738 6.78882 7.15126	0 38.2316 2.84806
0.156982 8.3552 7.16497	0 70.7885 2.80818
0.157227 7.61331 7.17971	0 48.6806 2.83807
0.157471 6.55557 7.19447	0 43.2781 2.92665
0.157715 5.81628 7.20828	0 30.2572 3.05443
0.157959 7.43359 7.22009	0 57.3229 3.19688
0.158203 7.88411 7.22873	0 45.9374 3.33014
0.158447 7.73945 7.23297	0 63.5142 3.43684
0.158691 6.88517 7.23165	0 45.1824 3.50916
0.158936 7.04932 7.22391	0 54.989 3.54755
0.15918 8.29304 7.20936	0 74.8219 3.55635
0.159424 7.23503 7.18826	0 61.292 3.53913
0.159668 6.97299 7.16159	0 46.2224 3.49674
0.159912 6.80198 7.13092	0 53.7179 3.42865
0.160156 7.38452 7.09829	0 47.1575 3.33606
0.1604 7.53193 7.0659	0 65.7638 3.22423
0.160645 6.75402 7.03585	0 54.8703 3.10225
0.160889 6.1912 7.00986	0 36.33 2.98052
0.161133 6.95274 6.98911	0 49.8478 2.86749
0.161377 6.82404 6.9741	0 42.5202 2.76765
0.161621 6.526 6.96468	0 37.7812 2.68142
0.161865 8.15332 6.96009	0 76.7226 2.60654
0.162109 6.32641 6.95909	0 44.7791 2.53994
0.162354 6.95871 6.96004	0 47.368 2.47884
0.162598 6.9798 6.96115	0 41.5402 2.42126
0.162842 6.82743 6.96052	0 39.2672 2.36578
0.163086 6.80328 6.95642	0 49.0033 2.31139
0.16333 6.68191 6.94742	0 33.8039 2.25753
0.163574 8.18889 6.93258	0 59.2892 2.20451
0.163818 6.88217 6.91164	0 60.1521 2.15412
0.164062 7.19443 6.88504	0 34.887 2.11005
0.164307 7.19032 6.85399	0 47.2376 2.07747
0.164551 6.0415 6.82036	0 27.5019 2.06149
0.164795 6.72251 6.78645	0 58.3554 2.06502
0.165039 6.42946 6.75478	0 39.0544 2.08696
0.165283 7.38627 6.7278	0 49.5901 2.12211
0.165527 6.52347 6.70758	0 46.0058 2.16318
0.165771 5.95269 6.69557	0 34.1711 2.20407
0.166016 7.48707 6.69237	0 55.4794 2.24276
0.16626 5.37564 6.6976	0 32.722 2.28224
0.166504 6.7021 6.70988	0 38.1871 2.32884
0.166748 6.37851 6.72696	0 38.6391 2.38902
0.166992 7.00243 6.74597	0 45.0854 2.46615
0.167236 7.24265 6.76383	0 47.9086 2.55883
0.16748 6.37873 6.77769	0 49.2237 2.66124
0.167725 7.60035 6.7854	0 66.1631 2.7651
0.167969 7.66355 6.78584	0 51.8968 2.86201
0.168213 6.0625 6.77913	0 36.2543 2.94554
0.168457 6.94121 6.76661	0 49.7353 3.01248
0.168701 7.1796 6.75057	0 51.4969 3.06322
0.168945 6.95023 6.73391	0 43.3948 3.10123
0.169189 6.79945 6.71965	0 41.1076 3.13159
0.169434 4.59225 6.71054	0 19.2133 3.15859
0.169678 7.66084 6.70872	0 43.6358 3.18337
0.169922 5.74635 6.71559	0 27.7818 3.20281
0.170166 6.62642 6.73179	0 40.9883 3.21067
0.17041 7.75382 6.75724	0 63.6095 3.20093
0.170654 7.32755 6.79131	0 46.2342 3.17184
0.170898 5.84281 6.83286	0 30.6421 3.12842
0.171143 7.13158 6.88028	0 47.588 3.08207
0.171387 6.18596 6.9315	0 31.3883 3.0473
0.171631 5.86037 6.98406	0 29.4501 3.03722
0.171875 7.5 7.0352	0 50.2973 3.06009
0.172119 8.1683 7.08207	0 64.5725 3.11847
0.172363 8.14635 7.12209	0 64.1576 3.21066
0.172607 6.36833 7.15322	0 59.25 3.33308
0.172852 7.78709 7.17432	0 53.8976 3.48167
0.173096 6.86179 7.18526	0 36.309 3.65127
0.17334 7.1661 7.18697	0 47.8752 3.83387
0.173584 8.02337 7.18121	0 71.6408 4.01733
0.173828 7.80602 7.17028	0 65.7433 4.18635
0.174072 6.33374 7.15661	0 50.0393 4.32588
0.174316 7.02362 7.14233	0 50.869 4.42546
0.174561 6.00807 7.12899	0 37.5837 4.48185
0.174805 7.5014 7.11735	0 58.8969 4.49859
0.175049 7.07187 7.10741	0 39.5873 4.48278
0.175293 7.62599 7.0986	0 65.8973 4.44108
0.175537 6.97248 7.09007	0 45.2999 4.37735
0.175781 6.85731 7.08094	0 57.3156 4.2929
0.176025 7.07167 7.07061	0 43.8119 4.18887
0.17627 8.43152 7.05879	0 83.1265 4.06892
0.176514 6.74615 7.04547	0 42.0061 3.94048
0.176758 6.31585 7.03079	0 44.673 3.81391
0.177002 7.13968 7.01476	0 55.1903 3.69938
0.177246 5.81173 6.99716	0 36.5641 3.60316
0.17749 7.51421 6.97751	0 56.6003 3.5248
0.177734 7.16658 6.95519	0 44.6693 3.45695
0.177979 7.97817 6.92966	0 81.1117 3.38812
0.178223 6.21166 6.9008	0 40.9479 3.30736
0.178467 7.63276 6.8691	0 59.2609 3.20875
0.178711 6.34719 6.83579	0 42.7822 3.09372
0.178955 8.01945 6.80271	0 54.208 2.97073
0.179199 5.53033 6.77202	0 41.6623 2.85261
0.179443 6.31486 6.74586	0 46.5284 2.7532
0.179688 6.9501 6.72585	0 53.4125 2.68396
0.179932 6.47544 6.71283	0 31.4946 2.65151
0.180176 5.8425 6.70666	0 33.846 2.65632
0.18042 6.91631 6.70628	0 35.3365 2.69285
0.180664 6.90199 6.7099	0 48.0439 2.75139
0.180908 6.84074 6.71544	0 48.1593 2.82115
0.181152 6.6904 6.72083	0 37.6084 2.89367
0.181396 7.21015 6.72439	0 68.893 2.96523
0.181641 7.43313 6.72508	0 61.8726 3.0372
0.181885 5.72871 6.72249	0 33.2776 3.11419
0.182129 6.75173 6.71675	0 44.4782 3.20076
0.182373 7.82906 6.7084	0 46.6551 3.29829
0.182617 5.90693 6.69809	0 45.0624 3.40311
0.182861 6.27386 6.68646	0 35.9274 3.50675
0.183105 6.02786 6.67403	0 43.7353 3.59796
0.18335 7.49767 6.66127	0 85.7826 3.66569
0.183594 7.4257 6.64865	0 48.5954 3.70194
0.183838 5.86608 6.63681	0 24.9477 3.70344
0.184082 7.37705 6.62662	0 49.8963 3.67171
0.184326 6.42853 6.61919	0 40.2298 3.6118
0.18457 5.51728 6.61571	0 33.4089 3.53026
0.184814 7.10663 6.61726	0 46.664 3.43338
0.185059 6.67318 6.62451	0 36.773 3.32632
0.185303 6.97565 6.63749	0 47.1886 3.21309
0.185547 5.86942 6.65546	0 26.1097 3.09735
0.185791 5.20508 6.677	0 32.8482 2.98332
0.186035 7.88727 6.70017	0 59.218 2.87641
0.186279 6.22654 6.72295	0 34.2491 2.78315
0.186523 7.86851 6.74358	0 65.3615 2.71011
0.186768 7.38741 6.76093	0 39.6778 2.66212
0.187012 6.76015 6.77465	0 30.4147 2.64032
0.187256 7.06388 6.78511	0 41.0058 2.64132
0.1875 6.19956 6.79316	0 45.2093 2.65811
0.187744 6.38111 6.79973	0 34.5077 2.68245
0.187988 6.80861 6.80557	0 39.2073 2.70761
0.188232 6.08479 6.81099	0 50.6713 2.72999
0.188477 6.92682 6.81589	0 40.5539 2.74886
0.188721 6.97818 6.81996	0 58.7394 2.76525
0.188965 7.53583 6.82296	0 56.7499 2.78123
0.189209 7.50197 6.82491	0 59.2027 2.80087
0.189453 7.00073 6.82619	0 44.6441 2.83191
0.189697 7.1137 6.82732	0 51.0056 2.88607
0.189941 5.67197 6.82862	0 22.694 2.97571
0.190186 6.99404 6.82984	0 29.9938 3.10705
0.19043 5.23581 6.82982	0 25.4001 3.27275
0.190674 6.11719 6.82652	0 37.3867 3.44837
0.190918 7.81609 6.81724	0 74.5537 3.59633
0.191162 8.57911 6.79925	0 94.307 3.67706
0.191406 7.6236 6.77049	0 65.599 3.66326
0.19165 6.55208 6.73013	0 45.0933 3.55086
0.191895 6.67728 6.67905	0 36.2642 3.36152
0.192139 6.53124 6.61988	0 32.6465 3.13565
0.192383 6.92918 6.55666	0 49.1721 2.91912
0.192627 6.32304 6.49429	0 37.282 2.74943
0.192871 5.68795 6.43775	0 38.7747 2.64636
0.193115 7.0394 6.39137	0 57.1374 2.60954
0.193359 4.93117 6.35825	0 19.2046 2.62226
0.193604 5.2377 6.33991	0 24.7793 2.65896
0.193848 6.96638 6.33625	0 50.0215 2.69347
0.194092 6.10303 6.34575	0 50.2303 2.70556
0.194336 6.09133 6.36584	0 40.907 2.68436
0.19458 6.85188 6.3934	0 56.8533 2.62879
0.194824 6.58291 6.42516	0 37.4124 2.54552
0.195068 7.1263 6.45807	0 44.9521 2.44581
0.195312 6.01325 6.48954	0 32.768 2.34239
0.195557 6.23573 6.51751	0 32.9115 2.24695
0.195801 6.1775 6.54056	0 29.5445 2.16851
0.196045 7.03091 6.55789	0 43.882 2.11288
0.196289 6.6875 6.56933	0 40.1257 2.08336
0.196533 7.32524 6.57534	0 50.8683 2.08229
0.196777 6.62272 6.57691	0 41.4037 2.11242
0.197021 6.56255 6.5754	0 38.5638 2.17674
0.197266 7.34005 6.57225	0 74.3652 2.27599
0.19751 5.54011 6.56873	0 27.492 2.40478
0.197754 5.59156 6.5656	0 36.2094 2.54879
0.197998 6.43362 6.56296	0 66.6153 2.6856
0.198242 6.67825 6.56028	0 48.1761 2.79002
0.198486 7.21672 6.55655	0 52.7278 2.84207
0.19873 6.90402 6.55063	0 47.6322 2.83421
0.198975 6.82981 6.54153	0 37.612 2.77424
0.199219 5.96904 6.52875	0 47.5311 2.68237
0.199463 7.56956 6.51237	0 59.0712 2.58367
0.199707 6.50927 6.49298	0 39.8449 2.49908
0.199951 5.80577 6.47158	0 22.8035 2.43845
0.200195 6.03636 6.44927	0 30.5723 2.39848
0.200439 6.13403 6.42714	0 49.9285 2.36618
0.200684 6.64351 6.40611	0 49.369 2.32633
0.200928 6.44168 6.38696	0 37.5236 2.2696
0.201172 7.03086 6.37037	0 65.2493 2.19774
0.201416 6.25853 6.35702	0 35.7071 2.12353
0.20166 6.44582 6.34757	0 48.0534 2.06556
0.201904 5.97582 6.3426	0 26.1209 2.04067
0.202148 5.85323 6.3425	0 36.4773 2.05759
0.202393 6.21335 6.34732	0 52.6016 2.11421
0.202637 5.78607 6.35668	0 37.9802 2.19921
0.202881 6.6694 6.36978	0 30.7497 2.29644
0.203125 6.73194 6.38545	0 35.1344 2.39005
0.203369 6.49241 6.40238	0 54.1399 2.46866
0.203613 6.53131 6.41921	0 37.6237 2.52792
0.203857 6.58872 6.43474	0 29.451 2.57104
0.204102 6.00304 6.44798	0 25.3452 2.60761
0.204346 7.00915 6.45812	0 49.034 2.65069
0.20459 6.24182 6.46455	0 52.8983 2.71291
0.204834 6.24457 6.46674	0 34.4846 2.80218
0.205078 6.54444 6.46433	0 37.6486 2.91844
0.205322 6.37731 6.45704	0 34.1578 3.05261
0.205566 6.96432 6.44488	0 40.1768 3.18863
0.205811 7.10627 6.4281	0 66.3923 3.30806
0.206055 6.12025 6.40734	0 33.8074 3.39564
0.206299 6.24895 6.38358	0 44.522 3.44354
0.206543 6.10907 6.35806	0 36.5029 3.45267
0.206787 6.01415 6.3322	0 42.214 3.43081
0.207031 7.4047 6.3074	0 58.6853 3.38848
0.207275 5.60323 6.28492	0 43.1149 3.3344
0.20752 5.75156 6.2658	0 24.3581 3.27235
0.207764 6.88688 6.25076	0 44.6163 3.20036
0.208008 5.23094 6.24021	0 38.4073 3.11276
0.208252 6.43861 6.23431	0 56.7864 3.00393
0.208496 6.85524 6.23297	0 49.6818 2.87232
0.20874 6.19478 6.23586	0 39.1498 2.72267
0.208984 5.92019 6.24246	0 38.9298 2.56548
0.209229 6.01663 6.25203	0 31.8613 2.41391
0.209473 6.16337 6.2636	0 34.2057 2.27986
0.209717 6.41883 6.27603	0 43.3267 2.17097
0.209961 5.45932 6.2881	0 35.8016 2.08979
0.210205 7.14903 6.29868	0 40.1003 2.03495
0.210449 6.87392 6.30684	0 49.0095 2.00317
0.210693 6.11438 6.31207	0 33.7929 1.9912
0.210938 6.3649 6.31433	0 36.0186 1.99703
0.211182 6.23193 6.31403	0 51.593 2.02053
0.211426 6.79148 6.31192	0 38.7215 2.06322
0.21167 5.78094 6.3089	0 21.7642 2.12705
0.211914 6.49212 6.30578	0 36.1669 2.21201
0.212158 5.96538 6.30315	0 47.6661 2.31326
0.212402 5.70112 6.3013	0 21.8918 2.4194
0.212646 6.81322 6.30022	0 53.9815 2.51341
0.212891 6.41844 6.29978	0 42.5404 2.57658
0.213135 6.4393 6.29989	0 47.6992 2.59411
0.213379 6.30237 6.30068	0 37.9826 2.56011
0.213623 6.45969 6.30255	0 40.8302 2.47995
0.213867 6.34059 6.30611	0 51.3039 2.36919
0.214111 6.46966 6.31202	0 39.7783 2.24974
0.214355 5.73955 6.32068	0 42.8837 2.14434
0.2146 6.7543 6.33206	0 31.6934 2.07099
0.214844 4.81223 6.34549	0 25.4895 2.03881
0.215088 6.40609 6.35973	0 35.8266 2.0466
0.215332 6.90837 6.37324	0 41.3605 2.08457
0.215576 6.80264 6.38446	0 55.6851 2.13883
0.21582 6.91282 6.39229	0 41.624 2.19664
0.216064 6.44527 6.39635	0 49.9165 2.25049
0.216309 6.88369 6.3971	0 47.0457 2.29946
0.216553 6.37797 6.39566	0 38.114 2.34767
0.216797 6.52484 6.39348	0 49.6484 2.40092
0.217041 5.13106 6.39184	0 22.6514 2.46303
0.217285 6.68531 6.39134	0 52.8651 2.53369
0.217529 5.37685 6.39168	0 29.269 2.60835
0.217773 6.80591 6.39164	0 43.1719 2.68002
0.218018 5.6816 6.38937	0 40.9571 2.74189
0.218262 7.858 6.38289	0 54.3524 2.78912
0.218506 7.2205 6.37071	0 47.2064 2.81929
0.21875 6.22754 6.35233	0 36.053 2.83149
0.218994 6.66708 6.32853	0 48.2101 2.8252
0.219238 5.75516 6.30135	0 28.0977 2.7999
0.219482 6.79125 6.27376	0 59.5109 2.75574
0.219727 6.19291 6.24916	0 30.9965 2.69507
0.219971 5.09824 6.23073	0 22.2709 2.62408
0.220215 5.8788 6.22087	0 25.9811 2.55364
0.220459 6.29697 6.22082	0 43.446 2.49889
0.220703 5.73624 6.23048	0 33.6059 2.47697
0.220947 5.96717 6.24853	0 28.9628 2.50265
0.221191 6.61075 6.27266	0 44.3992 2.58286
0.221436 6.57942 6.30001	0 35.5328 2.71187
0.22168 6.6795 6.32753	0 62.5586 2.86975
0.221924 6.25728 6.35245	0 52.5987 3.02562
0.222168 6.09789 6.37249	0 38.8363 3.1451
0.222412 6.51717 6.3861	0 61.1016 3.19943
0.222656 6.93108 6.39257	0 49.3933 3.17276
0.2229 6.30539 6.39196	0 31.7765 3.06521
0.223145 6.98248 6.38511	0 37.1237 2.89154
0.223389 6.06307 6.37341	0 52.6033 2.67649
0.223633 6.87394 6.35859	0 44.7356 2.44899
0.223877 5.54782 6.34252	0 31.9857 2.2366
0.224121 6.56238 6.32685	0 44.7196 2.06105
0.224365 6.32439 6.3128	0 29.6865 1.93511
0.224609 5.4303 6.30099	0 32.9147 1.8611
0.224854 6.68707 6.29133	0 52.1913 1.8314
0.225098 6.68149 6.28308	0 40.8002 1.83098
0.225342 5.69129 6.27505	0 34.4299 1.84176
0.225586 6.17793 6.2658	0 34.9402 1.84748
0.22583 6.84177 6.25406	0 46.4837 1.83779
0.226074 6.39482 6.23899	0 38.9492 1.81017
0.226318 6.25299 6.22052	0 35.7018 1.76939
0.226562 6.26399 6.19948	0 30.7171 1.72502
0.226807 6.65049 6.17756	0 40.2917 1.68809
0.227051 5.67318 6.15718	0 29.9146 1.66823
0.227295 6.71071 6.14105	0 41.9694 1.67201
0.227539 5.74635 6.1317	0 32.7101 1.70287
0.227783 5.45649 6.131	0 31.0535 1.762
0.228027 5.80057 6.13968	0 41.755 1.84955
0.228271 5.23242 6.1572	0 25.2189 1.965
0.228516 6.29221 6.18173	0 43.5789 2.10632
0.22876 5.92952 6.21057	0 33.7069 2.26833
0.229004 6.88592 6.24065	0 43.3349 2.4415
0.229248 6.18856 6.26917	0 40.2053 2.6126
0.229492 8.47401 6.29411	0 64.6102 2.76737
0.229736 5.47945 6.31455	0 42.1419 2.89453
0.22998 6.14825 6.33067	0 40.3818 2.98878
0.230225 6.462 6.34342	0 42.7138 3.05153
0.230469 6.26009 6.354	0 38.3885 3.08883
0.230713 5.97984 6.3633	0 44.8875 3.10769
0.230957 5.54519 6.37147	0 29.1066 3.11272
0.231201 6.96054 6.37767	0 56.1919 3.1045
0.231445 5.65186 6.38017	0 30.4022 3.07995
0.231689 6.78709 6.37684	0 56.2762 3.03441
0.231934 7.29573 6.36562	0 54.3397 2.96437
0.232178 6.90234 6.34522	0 37.6694 2.86988
0.232422 6.56093 6.31558	0 38.5114 2.7561
0.232666 6.21269 6.27803	0 56.8241 2.63346
0.23291 7.0747 6.23525	0 44.3918 2.51649
0.233154 6.16885 6.19074	0 27.1829 2.42122
0.233398 4.94454 6.14827	0 21.3448 2.36163
0.233643 5.51311 6.11114	0 34.8696 2.34575
0.233887 6.18676 6.08166	0 29.6765 2.37272
0.234131 5.41716 6.06071	0 36.1444 2.43175
0.234375 5.9986 6.04777	0 26.8682 2.50389
0.234619 6.13735 6.04106	0 35.8462 2.5664
0.234863 6.25505 6.03801	0 41.6345 2.59887
0.235107 6.4102 6.03578	0 28.445 2.58883
0.235352 5.45231 6.03171	0 27.3715 2.53519
0.235596 7.35271 6.02379	0 56.1583 2.44787
0.23584 5.83401 6.01089	0 35.1839 2.34385
0.236084 5.47149 5.99286	0 21.3196 2.24123
0.236328 6.04183 5.97048	0 35.7015 2.1539
0.236572 6.58609 5.94538	0 48.1637 2.08881
0.236816 5.54346 5.91978	0 38.9802 2.04663
0.237061 5.69178 5.89625	0 40.9017 2.02484
0.237305 6.0724 5.87742	0 47.1711 2.02119
0.237549 5.9462 5.86559	0 35.8042 2.03571
0.237793 6.07737 5.86241	0 28.9079 2.0703
0.238037 4.88305 5.86853	0 25.9862 2.12648
0.238281 4.83911 5.88344	0 16.7269 2.20276
0.238525 5.82777 5.90546	0 38.3849 2.29327
0.23877 6.30256 5.93193	0 40.8653 2.38841
0.239014 5.69446 5.95963	0 39.6906 2.47719
0.239258 6.55048 5.98534	0 59.79 2.55001
0.239502 6.88835 6.00634	0 44.7779 2.60035
0.239746 5.88398 6.02089	0 33.41 2.6248
0.23999 7.21533 6.02847	0 65.0767 2.62185
0.240234 5.10321 6.02975	0 36.6692 2.59041
0.240479 6.1163 6.02637	0 38.335 2.5292
0.240723 5.85463 6.02052	0 50.6 2.43743
0.240967 5.52653 6.01453	0 31.4884 2.31646
0.241211 5.55948 6.01043	0 34.8407 2.17165
0.241455 7.32522 6.00963	0 54.1968 2.01336
0.241699 5.87365 6.01278	0 40.6713 1.85612
0.241943 5.33398 6.01972	0 30.0365 1.71595
0.242188 5.22656 6.02967	0 27.7111 1.60646
0.242432 5.71403 6.04136	0 31.7348 1.53534
0.242676 6.99273 6.05339	0 42.9639 1.50288
0.24292 6.64111 6.06445	0 35.015 1.50307
0.243164 6.34266 6.07348	0 37.1169 1.52677
0.243408 6.3697 6.07986	0 34.4464 1.5652
0.243652 5.29164 6.08332	0 28.1262 1.61186
0.243896 5.98516 6.08391	0 30.9432 1.66254
0.244141 5.68292 6.08188	0 25.2257 1.71377
0.244385 6.26766 6.0776	0 38.7643 1.76171
0.244629 6.78375 6.07142	0 39.6372 1.80236
0.244873 6.50142 6.06368	0 39.8522 1.83324
0.245117 5.1537 6.05469	0 22.6965 1.85521
0.245361 6.11259 6.0447	0 33.2658 1.87282
0.245605 6.39088 6.03388	0 41.975 1.89266
0.24585 6.41503 6.02229	0 47.3816 1.92044
0.246094 5.3833 6.00985	0 20.9598 1.95833
0.246338 5.07933 5.99641	0 22.6118 2.00396
0.246582 6.66426 5.98179	0 36.7102 2.05137
0.246826 6.26145 5.96588	0 29.1506 2.0934
0.24707 6.50644 5.94881	0 40.487 2.12413
0.247314 5.98358 5.93104	0 31.3726 2.14053
0.247559 5.68045 5.91332	0 23.2362 2.14295
0.247803 5.8858 5.89672	0 46.2151 2.13454
0.248047 5.29533 5.88246	0 31.4882 2.12024
0.248291 5.60278 5.87178	0 46.141 2.10537
0.248535 6.37757 5.86576	0 32.4745 2.09415
0.248779 5.74153 5.86519	0 43.8472 2.08832
0.249023 5.62178 5.87046	0 26.8782 2.08633
0.249268 5.81885 5.88145	0 27.1767 2.0839
0.249512 6.01341 5.89746	0 33.2526 2.07585
0.249756 5.45849 5.91717	0 27.8527 2.05883
0.25 6.60849 5.93868	0 47.7842 2.03315
0.250244 4.8482 5.95959	0 19.015 2.00278
0.250488 6.25853 5.97727	0 24.7787 1.97299
0.250732 5.63085 5.9892	0 31.3778 1.94712
0.250977 6.69021 5.99337	0 51.9671 1.92435
0.251221 7.36151 5.98865	0 52.5087 1.90015
0.251465 5.95773 5.97514	0 49.0885 1.86912
0.251709 6.395 5.95418	0 44.7365 1.82877
0.251953 5.31197 5.92823	0 24.3664 1.78216
0.252197 6.03502 5.90053	0 49.104 1.73819
0.252441 5.74921 5.87454	0 31.7698 1.70942
0.252686 5.17553 5.85348	0 30.6533 1.70867
0.25293 5.09878 5.83978	0 30.5571 1.74539
0.253174 6.35387 5.83483	0 34.5173 1.82315
0.253418 5.63841 5.83882	0 33.9702 1.93861
0.253662 5.80129 5.8508	0 28.5178 2.08216
0.253906 5.85355 5.86892	0 27.6474 2.23983
0.25415 5.47765 5.89076	0 25.768 2.3961
0.254395 6.20952 5.91366	0 42.1097 2.53686
0.254639 5.4803 5.93516	0 29.3753 2.65204
0.254883 6.80785 5.95332	0 70.0117 2.73723
0.255127 5.83482 5.9669	0 33.6629 2.79376
0.255371 6.98452 5.97548	0 51.8345 2.82698
0.255615 5.95939 5.97936	0 34.7967 2.84325
0.255859 5.21841 5.97936	0 23.6322 2.84658
0.256104 6.31942 5.97649	0 40.0009 2.83648
0.256348 6.05198 5.97161	0 29.6458 2.80812
0.256592 4.87046 5.96521	0 23.6473 2.75491
0.256836 6.80961 5.95726	0 42.7535 2.67244
0.25708 4.94083 5.94733	0 28.2268 2.56218
0.257324 6.71004 5.93479	0 41.076 2.43298
0.257568 6.09661 5.91908	0 33.6335 2.29969
0.257812 6.40335 5.90002	0 52.594 2.17943
0.258057 6.54081 5.87796	0 34.8836 2.08719
0.258301 6.14389 5.85379	0 48.0993 2.0325
0.258545 4.33276 5.82875	0 19.6844 2.01822
0.258789 5.08338 5.80422	0 27.1677 2.04151
0.259033 6.8762 5.78139	0 42.6502 2.09559
0.259277 5.7646 5.76107	0 28.1713 2.17156
0.259521 5.38231 5.74358	0 24.1671 2.25951
0.259766 4.95867 5.72878	0 16.0952 2.34924
0.26001 6.62606 5.71624	0 42.4813 2.43118
0.260254 5.87482 5.70547	0 39.8482 2.49765
0.260498 5.50937 5.69612	0 29.7185 2.54453
0.260742 5.18359 5.68814	0 18.0623 2.57248
0.260986 6.47563 5.68184	0 39.9801 2.58719
0.26123 5.36646 5.67785	0 26.6167 2.59796
0.261475 5.96269 5.67692	0 36.0858 2.61472
0.261719 5.21918 5.67977	0 39.6728 2.64421
0.261963 5.46897 5.68683	0 29.4162 2.6866
0.262207 5.07684 5.69814	0 24.4467 2.73415
0.262451 6.00996 5.71321	0 78.8886 2.7727
0.262695 6.01518 5.73113	0 30.5973 2.7861
0.262939 5.74927 5.75066	0 36.5931 2.76185
0.263184 5.43542 5.77041	0 20.0184 2.69612
0.263428 5.44571 5.78908	0 22.1831 2.59616
0.263672 7.11868 5.80556	0 54.2372 2.47914
0.263916 5.72744 5.81907	0 32.2654 2.36769
0.26416 5.68961 5.8291	0 21.7915 2.28343
0.264404 5.74661 5.83537	0 23.7651 2.24063
0.264648 5.3942 5.83777	0 29.5944 2.24204
0.264893 6.05077 5.83625	0 32.0778 2.27818
0.265137 6.12918 5.83083	0 33.4784 2.3305
0.265381 5.4003 5.82169	0 26.5626 2.37698
0.265625 6.23104 5.80921	0 41.9496 2.39861
0.265869 6.52203 5.79407	0 54.6735 2.38447
0.266113 5.7512 5.7773	0 33.3716 2.33406
0.266357 5.30971 5.76021	0 24.6132 2.25608
0.266602 5.65823 5.74427	0 31.3694 2.1644
0.266846 5.38945 5.73093	0 34.392 2.07278
0.26709 5.94705 5.72143	0 33.9376 1.9905
0.267334 5.46841 5.71667	0 26.5105 1.92052
0.267578 5.61788 5.71708	0 32.4002 1.8606
0.267822 5.17695 5.72273	0 24.971 1.80652
0.268066 6.48707 5.73333	0 51.4641 1.75561
0.268311 5.23021 5.74841	0 19.5424 1.70911
0.268555 6.24988 5.76743	0 36.7091 1.67222
0.268799 5.39202 5.78981	0 30.1354 1.65205
0.269043 5.94367 5.815	0 52.8222 1.65427
0.269287 5.58402 5.84237	0 45.1786 1.67977
0.269531 5.87955 5.87113	0 34.0214 1.72295
0.269775 6.49101 5.90023	0 35.9482 1.77228
0.27002 5.057 5.92824	0 21.007 1.81332
0.270264 5.84465 5.95337	0 30.9211 1.83338
0.270508 6.49187 5.97358	0 34.0975 1.82579
0.270752 6.07642 5.98673	0 27.8067 1.79241
0.270996 6.01479 5.99092	0 29.9585 1.743
0.27124 6.36056 5.98476	0 37.1707 1.69179
0.271484 6.18732 5.96772	0 31.6093 1.65261
0.271729 6.64965 5.94028	0 44.7627 1.63434
0.271973 6.06166 5.90409	0 28.3413 1.6384
0.272217 5.54702 5.86177	0 24.9052 1.65912
0.272461 6.43129 5.81675	0 44.3871 1.68683
0.272705 4.95969 5.77279	0 29.7981 1.71253
0.272949 5.69972 5.73353	0 47.6659 1.73221
0.273193 5.29329 5.70203	0 28.6844 1.74892
0.273438 6.13291 5.6803	0 41.8298 1.7713
0.273682 4.37787 5.66911	0 21.6079 1.80928
0.273926 5.48673 5.66783	0 30.1619 1.86884
0.27417 5.58822 5.6746	0 22.5526 1.94848
0.274414 6.02579 5.6866	0 40.2854 2.03911
0.274658 5.67446 5.7005	0 28.2554 2.12715
0.274902 5.91318 5.71297	0 53.4151 2.199
0.275146 5.82765 5.7212	0 37.0135 2.24459
0.275391 6.10961 5.72335	0 32.8497 2.25885
0.275635 6.09927 5.71885	0 51.6629 2.24111
0.275879 5.34451 5.70844	0 27.5066 2.19377
0.276123 6.40764 5.69411	0 41.0692 2.12153
0.276367 6.0144 5.67874	0 55.7424 2.03155
0.276611 5.65708 5.66561	0 25.8279 1.93381
0.276855 4.78335 5.65791	0 27.4716 1.84064
0.2771 4.42338 5.65823	0 13.2319 1.76482
0.277344 5.47311 5.6682	0 21.3772 1.71669
0.277588 5.91048 5.68834	0 40.3875 1.70161
0.277832 6.10812 5.71799	0 28.0203 1.71897
0.278076 5.90646 5.75552	0 46.3087 1.7633
0.27832 5.49377 5.79855	0 35.9996 1.82652
0.278564 5.43661 5.84423	0 23.5157 1.90009
0.278809 6.32227 5.88949	0 44.2579 1.97588
0.279053 5.57033 5.93134	0 31.6973 2.04585
0.279297 6.13023 5.96707	0 34.1997 2.10147
0.279541 6.15748 5.99444	0 44.707 2.13411
0.279785 6.92674 6.01184	0 48.66 2.13722
0.280029 6.15009 6.01843	0 41.6569 2.1095
0.280273 6.23154 6.01413	0 29.1193 2.05731
0.280518 6.06275 5.99961	0 29.3239 1.99422
0.280762 5.71356 5.9762	0 28.4754 1.93733
0.281006 5.90764 5.9457	0 30.7224 1.90134
0.28125 6.31878 5.91025	0 55.7926 1.89344
0.281494 5.42454 5.8721	0 28.8297 1.91122
0.281738 6.40031 5.83349	0 39.5976 1.9444
0.281982 6.12527 5.79647	0 44.1726 1.97925
0.282227 4.5075 5.76276	0 15.1804 2.00324
0.282471 5.76224 5.73368	0 29.738 2.0084
0.282715 6.53324 5.70999	0 55.2762 1.9925
0.282959 4.87166 5.69194	0 25.8085 1.95841
0.283203 5.36904 5.67925	0 25.6476 1.9123
0.283447 5.50776 5.67128	0 23.8215 1.86126
0.283691 5.72196 5.66711	0 29.8568 1.81115
0.283936 6.28441 5.6658	0 35.5925 1.76541
0.28418 5.91843 5.66653	0 30.9143 1.72519
0.284424 5.02355 5.66865	0 19.8228 1.69081
0.284668 5.64844 5.67179	0 25.0723 1.66352
0.284912 6.52873 5.67571	0 36.9907 1.64648
0.285156 5.12977 5.68023	0 24.2552 1.64402
0.2854 5.08926 5.68513	0 18.4504 1.65947
0.285645 5.58239 5.69003	0 19.4077 1.69266
0.285889 5.92405 5.69441	0 25.0458 1.73898
0.286133 5.97671 5.69769	0 41.7624 1.79069
0.286377 6.31575 5.69927	0 32.7226 1.83995
0.286621 5.40697 5.69874	0 24.5369 1.88184
0.286865 5.49589 5.69587	0 29.1255 1.91557
0.287109 5.70272 5.69073	0 39.0374 1.94316
0.287354 5.56097 5.68363	0 34.0666 1.96681
0.287598 6.32095 5.67506	0 40.5214 1.98657
0.287842 5.51417 5.66562	0 34.7755 1.99987
0.288086 5.24315 5.65589	0 24.6846 2.00276
0.28833 5.3584 5.6464	0 18.5527 1.99208
0.288574 6.13287 5.63756	0 34.8099 1.96732
0.288818 5.87981 5.62959	0 31.964 1.93154
0.289062 5.28439 5.62258	0 26.7909 1.89116
0.289307 5.44806 5.61645	0 25.4323 1.85478
0.289551 5.17953 5.61099	0 27.3657 1.83131
0.289795 6.26064 5.6059	0 24.0842 1.82755
0.290039 5.84326 5.6008	0 28.7141 1.8462
0.290283 5.6132 5.59532	0 39.4532 1.88471
0.290527 4.28143 5.58908	0 16.5207 1.93587
0.290771 6.57632 5.5818	0 63.2776 1.99002
0.291016 6.09176 5.57327	0 36.9687 2.03805
0.29126 5.26966 5.56344	0 23.357 2.074
0.291504 5.3444 5.55243	0 36.3826 2.09645
0.291748 5.03508 5.54054	0 24.885 2.10819
0.291992 6.16056 5.52824	0 44.708 2.11477
0.292236 5.6946 5.51617	0 34.1169 2.12231
0.29248 5.53777 5.50504	0 30.3217 2.13558
0.292725 5.32301 5.49555	0 22.0041 2.15629
0.292969 5.36734 5.48828	0 29.786 2.18242
0.293213 5.12436 5.48357	0 23.7798 2.20863
0.293457 5.26772 5.48145	0 33.7382 2.22785
0.293701 5.83715 5.48162	0 35.1817 2.23375
0.293945 5.47081 5.4835	0 33.6801 2.22301
0.294189 5.44575 5.48632	0 24.9485 2.1966
0.294434 4.92902 5.48932	0 23.9058 2.15953
0.294678 6.21932 5.49184	0 29.8788 2.11923
0.294922 5.84595 5.4935	0 29.2915 2.08326
0.295166 5.13106 5.49418	0 18.5784 2.05745
0.29541 5.75559 5.49411	0 36.4843 2.04494
0.295654 5.58182 5.4937	0 34.4959 2.04607
0.295898 4.81064 5.4935	0 27.8165 2.05861
0.296143 5.27711 5.49404	0 21.2756 2.07809
0.296387 5.79323 5.49576	0 37.0298 2.0982
0.296631 5.60671 5.49887	0 42.2407 2.1118
0.296875 6.04671 5.50332	0 38.0775 2.11269
0.297119 5.57449 5.50873	0 37.2809 2.0975
0.297363 4.75099 5.51444	0 23.9029 2.06692
0.297607 4.85999 5.51951	0 18.5029 2.02549
0.297852 5.686 5.52288	0 28.0068 1.98006
0.298096 5.8096 5.52356	0 20.7855 1.93785
0.29834 6.4591 5.52075	0 31.9241 1.90489
0.298584 5.64305 5.5141	0 36.6698 1.88524
0.298828 5.78065 5.50375	0 29.2094 1.88058
0.299072 4.76038 5.49033	0 19.7203 1.88976
0.299316 5.76033 5.47489	0 30.5003 1.90852
0.299561 5.14709 5.45866	0 29.1545 1.92988
0.299805 5.53243 5.44292	0 38.7979 1.9456
0.300049 5.22225 5.4288	0 26.4451 1.94861
0.300293 5.44568 5.41721	0 25.9479 1.93517
0.300537 5.27681 5.4088	0 29.133 1.90592
0.300781 5.33478 5.40399	0 28.3166 1.8654
0.301025 6.18193 5.40302	0 34.8282 1.82054
0.30127 4.45164 5.4059	0 18.6122 1.77921
0.301514 5.45918 5.41242	0 23.2465 1.74912
0.301758 6.18448 5.42201	0 33.769 1.73691
0.302002 4.74006 5.43371	0 20.9293 1.74669
0.302246 4.69503 5.44615	0 26.0314 1.77812
0.30249 5.87645 5.45763	0 24.0293 1.82489
0.302734 5.15133 5.46633	0 22.478 1.87499
0.302979 6.07605 5.47054	0 46.7962 1.91367
0.303223 5.67822 5.46901	0 29.6751 1.92847
0.303467 6.86898 5.46106	0 40.2135 1.91409
0.303711 5.1344 5.44676	0 25.7048 1.87495
0.303955 4.96799 5.42682	0 29.8661 1.82393
0.304199 4.90813 5.40247	0 28.9509 1.77762
0.304443 5.3298 5.37523	0 19.7681 1.75011
0.304688 5.38456 5.34666	0 42.1408 1.74784
0.304932 5.78536 5.31828	0 38.2377 1.76749
0.305176 5.4877 5.29143	0 31.271 1.79758
0.30542 4.60397 5.26726	0 19.1868 1.82298
0.305664 5.70755 5.24678	0 39.2406 1.8303
0.305908 4.90128 5.23085	0 26.8546 1.81238
0.306152 5.10749 5.22016	0 21.4906 1.77021
0.306396 4.88814 5.21522	0 19.6658 1.71213
0.306641 5.32438 5.21629	0 30.1158 1.65092
0.306885 5.32523 5.22335	0 21.3042 1.59981
0.307129 4.7784 5.23608	0 19.7995 1.56887
0.307373 4.98004 5.25383	0 29.6745 1.56267
0.307617 6.11656 5.27575	0 28.0457 1.57959
0.307861 4.86151 5.30078	0 36.6835 1.61287
0.308105 4.88638 5.32776	0 22.873 1.65318
0.30835 5.27688 5.35549	0 22.1192 1.69189
0.308594 5.8045 5.38278	0 29.8436 1.72414
0.308838 5.96696 5.40843	0 35.6588 1.75056
0.309082 5.53831 5.43122	0 25.8112 1.77644
0.309326 5.04331 5.44991	0 21.0137 1.80851
0.30957 5.34367 5.4633	0 28.6201 1.85061
0.309814 4.62954 5.47025	0 18.0674 1.90051
0.310059 6.23912 5.4699	0 44.765 1.94994
0.310303 5.84612 5.46178	0 45.0638 1.9881
0.310547 6.49565 5.44596	0 35.0226 2.00696
0.310791 5.62226 5.42309	0 36.8717 2.00515
0.311035 5.39703 5.39433	0 21.859 1.9882
0.311279 4.80829 5.36118	0 25.7157 1.96478
0.311523 4.90743 5.32526	0 22.0381 1.94116
0.311768 4.74398 5.28815	0 21.8294 1.91698
0.312012 5.29048 5.25126	0 27.4914 1.88494
0.312256 5.86549 5.21587	0 39.3068 1.83463
0.3125 5.68155 5.18324	0 40.5279 1.75864
0.312744 4.64059 5.15468	0 19.454 1.65756
0.312988 5.69863 5.13163	0 27.8866 1.54167
0.313232 4.82293 5.11554	0 23.2093 1.4286
0.313477 4.3042 5.10771	0 14.2903 1.33841
0.313721 4.95154 5.10901	0 23.994 1.28825
0.313965 4.98646 5.11962	0 17.2342 1.28848
0.314209 5.15559 5.13889	0 24.9226 1.34073
0.314453 3.82014 5.16537	0 18.7148 1.43795
0.314697 5.76036 5.19698	0 23.9169 1.56582
0.314941 5.45127 5.23132	0 34.2125 1.70561
0.315186 6.77196 5.26603	0 42.406 1.83785
0.31543 4.48013 5.29903	0 19.6647 1.94658
0.315674 5.3788 5.32875	0 31.5653 2.02282
0.315918 5.68258 5.35408	0 32.7681 2.06608
0.316162 4.63823 5.37436	0 19.7777 2.08336
0.316406 5.43927 5.38917	0 24.6179 2.0859
0.31665 5.75622 5.3982	0 35.6183 2.08497
0.316895 6.04189 5.40119	0 33.4703 2.08834
0.317139 5.23171 5.3979	0 26.2141 2.09829
0.317383 5.09085 5.38823	0 20.2324 2.11162
0.317627 5.34954 5.37232	0 27.7231 2.12088
0.317871 5.73157 5.35075	0 37.1707 2.11651
0.318115 5.45699 5.32457	0 19.9505 2.08931
0.318359 5.9993 5.29537	0 32.7264 2.03298
0.318604 5.04775 5.26506	0 22.5027 1.94644
0.318848 4.84204 5.23575	0 21.0891 1.83509
0.319092 5.34126 5.20934	0 28.2592 1.71047
0.319336 4.75154 5.18728	0 27.3985 1.58786
0.31958 4.55096 5.17033	0 17.7009 1.4824
0.319824 5.01067 5.1584	0 22.0555 1.40486
0.320068 5.11497 5.15063	0 21.2729 1.35856
0.320312 5.47514 5.14555	0 30.5903 1.33869
0.320557 5.56161 5.14137	0 38.3019 1.33432
0.320801 5.42616 5.1363	0 26.2378 1.33239
0.321045 4.13195 5.12879	0 18.0502 1.32232
0.321289 6.08931 5.11779	0 37.7864 1.29922
0.321533 5.45773 5.10279	0 25.3368 1.2647
0.321777 4.01727 5.08387	0 17.9491 1.22508
0.322021 5.76694 5.06164	0 30.1992 1.18834
0.322266 5.06617 5.03713	0 23.385 1.16119
0.32251 5.10441 5.01164	0 24.7456 1.14762
0.322754 5.04129 4.98662	0 30.2001 1.14884
0.322998 4.84311 4.96348	0 22.4993 1.16402
0.323242 4.47471 4.94346	0 16.072 1.19103
0.323486 4.93695 4.92747	0 19.7692 1.22682
0.32373 4.92384 4.91601	0 29.0813 1.26798
0.323975 4.80048 4.90915	0 27.0766 1.3117
0.324219 5.06577 4.9065	0 32.2746 1.35702
0.324463 4.24331 4.90736	0 14.2993 1.40565
0.324707 5.02661 4.91084	0 24.8968 1.46144
0.324951 5.14253 4.91599	0 24.8383 1.52839
0.325195 5.03072 4.92195	0 19.9229 1.60782
0.325439 5.43262 4.92802	0 47.4135 1.69622
0.325684 4.82593 4.93361	0 23.0346 1.78496
0.325928 4.35198 4.93823	0 21.6869 1.86244
0.326172 5.44062 4.94137	0 39.1194 1.91779
0.326416 4.47577 4.94247	0 14.2041 1.9444
0.32666 4.80275 4.94099	0 21.2261 1.94161
0.326904 4.67907 4.93646	0 21.1411 1.91379
0.327148 5.88342 4.92876	0 40.6139 1.86728
0.327393 4.68754 4.9182	0 21.0444 1.8073
0.327637 5.75552 4.90576	0 44.6599 1.73643
0.327881 5.32741 4.89292	0 27.545 1.65569
0.328125 4.09438 4.88159	0 14.2602 1.56751
0.328369 3.99211 4.87367	0 12.0604 1.47858
0.328613 5.48988 4.87069	0 22.6215 1.40075
0.328857 4.00582 4.87344	0 13.0943 1.34878
0.329102 4.82738 4.88173	0 18.3279 1.33564
0.329346 4.752 4.89442	0 21.6114 1.36724
0.32959 5.11972 4.90958	0 27.6183 1.43915
0.329834 4.56907 4.92489	0 17.3157 1.53686
0.330078 5.42092 4.93815	0 40.0112 1.63977
0.330322 5.56354 4.94766	0 41.3663 1.72744
0.330566 5.49199 4.95254	0 17.7606 1.78556
0.330811 4.59704 4.95281	0 19.1042 1.80946
0.331055 5.15821 4.94923	0 28.2499 1.80432
0.331299 4.64854 4.94295	0 26.2912 1.78231
0.331543 5.00134 4.93512	0 36.1725 1.75789
0.331787 4.37849 4.9264	0 22.3494 1.74287
0.332031 5.11471 4.91679	0 22.3782 1.74251
0.332275 4.55741 4.90551	0 23.4223 1.75369
0.33252 4.12922 4.89122	0 18.5201 1.76587
0.332764 5.98924 4.87239	0 43.9076 1.76462
0.333008 5.40218 4.84784	0 32.3872 1.73685
0.333252 5.22226 4.81718	0 26.2595 1.67571
0.333496 4.89208 4.78112	0 20.8123 1.58351
0.33374 4.70825 4.74161	0 12.1353 1.47137
0.333984 5.07012 4.70162	0 26.4111 1.35605
0.334229 4.37525 4.66477	0 15.0869 1.25514
0.334473 3.76 4.63476	0 16.6874 1.18261
0.334717 4.41943 4.61479	0 14.5117 1.14611
0.334961 4.03434 4.60709	0 16.6769 1.14654
0.335205 4.77357 4.61256	0 24.1017 1.17948
0.335449 4.58498 4.63068	0 16.4667 1.23732
0.335693 3.93346 4.65961	0 13.4311 1.31124
0.335938 4.54921 4.69653	0 18.708 1.39236
0.336182 4.72348 4.73808	0 25.0685 1.47244
0.336426 5.12317 4.78083	0 25.798 1.5443
0.33667 5.67736 4.82174	0 37.1303 1.60233
0.336914 4.78801 4.85851	0 31.4006 1.64294
0.337158 4.82621 4.88974	0 15.1985 1.66464
0.337402 4.9211 4.91499	0 22.5971 1.66772
0.337646 5.71159 4.93462	0 29.3947 1.65367
0.337891 4.58583 4.94957	0 19.2674 1.62487
0.338135 4.21826 4.96105	0 18.664 1.58477
0.338379 5.11616 4.97031	0 37.8069 1.53875
0.338623 5.33209 4.97834	0 22.6387 1.49478
0.338867 5.37406 4.98577	0 23.6197 1.46298
0.339111 4.65913 4.99272	0 17.9777 1.45352
0.339355 4.52502 4.99884	0 18.0248 1.47319
0.3396 5.35218 5.00332	0 24.3631 1.52209
0.339844 5.12313 5.00509	0 25.1791 1.59241
0.340088 4.41062 5.00294	0 26.2866 1.67006
0.340332 5.07846 4.99579	0 26.5116 1.73877
0.340576 6.03829 4.98292	0 30.0694 1.78484
0.34082 5.448 4.96415	0 33.8107 1.80062
0.341064 4.61225 4.93991	0 20.2868 1.78564
0.341309 4.70151 4.91123	0 26.7555 1.74552
0.341553 4.87712 4.87955	0 18.4718 1.68952
0.341797 5.23016 4.84652	0 25.6434 1.62788
0.342041 4.39989 4.81365	0 15.1566 1.56951
0.342285 4.92607 4.78212	0 20.2461 1.5203
0.342529 4.25251 4.75258	0 20.1291 1.48219
0.342773 4.52301 4.72514	0 15.9649 1.45318
0.343018 4.12905 4.69952	0 21.1991 1.42841
0.343262 5.39801 4.6752	0 29.0169 1.40239
0.343506 5.24906 4.6517	0 26.4803 1.37153
0.34375 5.14645 4.62876	0 25.6944 1.33591
0.343994 3.99362 4.60643	0 16.2325 1.29941
0.344238 4.37964 4.58515	0 19.6141 1.26782
0.344482 4.37904 4.56559	0 16.858 1.24587
0.344727 4.2356 4.54864	0 13.0616 1.23458
0.344971 4.50663 4.53524	0 16.9017 1.23051
0.345215 4.79497 4.52635	0 23.4359 1.22727
0.345459 4.40008 4.52283	0 15.3657 1.21877
0.345703 4.88863 4.52541	0 27.9539 1.20262
0.345947 4.58817 4.53458	0 23.4287 1.18201
0.346191 4.0976 4.5504	0 19.6839 1.16498
0.346436 4.00385 4.57238	0 10.6885 1.16144
0.34668 4.17062 4.59936	0 18.9977 1.17905
0.346924 4.7977 4.62945	0 19.6026 1.21996
0.347168 4.3625 4.66018	0 18.1315 1.27971
0.347412 5.21396 4.68874	0 22.8074 1.34864
0.347656 5.02383 4.71235	0 24.672 1.41485
0.3479 5.15207 4.72863	0 25.2749 1.4673
0.348145 4.97727 4.73596	0 18.5461 1.49785
0.348389 4.53988 4.73375	0 23.7165 1.50194
0.348633 5.12629 4.72245	0 24.389 1.4786
0.348877 4.94103 4.70353	0 27.9035 1.43048
0.349121 4.74148 4.67917	0 26.8706 1.36409
0.349365 4.61364 4.65195	0 12.3456 1.28979
0.349609 4.44864 4.62444	0 14.0684 1.22072
0.349854 4.44425 4.59888	0 16.4853 1.1703
0.350098 3.92679 4.57687	0 14.3635 1.14881
0.350342 4.42131 4.5592	0 17.2055 1.16046
0.350586 4.91788 4.54587	0 20.6204 1.20193
0.35083 4.53115 4.5361	0 16.564 1.26332
0.351074 4.50047 4.52859	0 18.4107 1.33076
0.351318 4.56638 4.52175	0 32.47 1.38999
0.351562 3.89389 4.51399	0 17.5796 1.42939
0.351807 5.31842 4.50398	0 25.4001 1.44191
0.352051 4.3129 4.49088	0 16.3793 1.42557
0.352295 4.83512 4.47446	0 21.6065 1.38274
0.352539 4.84338 4.45517	0 17.6582 1.31897
0.352783 4.37612 4.43405	0 15.9366 1.24153
0.353027 4.18371 4.41255	0 26.6704 1.15816
0.353271 4.1338 4.39236	0 15.1936 1.07596
0.353516 4.20098 4.37513	0 22.3613 1.00069
0.35376 4.16507 4.36227	0 15.8695 0.936464
0.354004 4.56 4.35481	0 17.5413 0.885934
0.354248 4.37407 4.3533	0 12.9078 0.850831
0.354492 3.97695 4.35782	0 12.356 0.832611
0.354736 4.10895 4.368	0 9.81389 0.832884
0.35498 4.39929 4.38314	0 21.3461 0.853449
0.355225 4.57047 4.40228	0 15.2675 0.895964
0.355469 4.73144 4.42425	0 19.6777 0.961443
0.355713 3.90728 4.44777	0 12.2437 1.04967
0.355957 4.7213 4.47148	0 21.0689 1.15848
0.356201 4.46771 4.49398	0 20.4121 1.28288
0.356445 4.43378 4.51394	0 23.2517 1.41421
0.356689 4.49109 4.53016	0 22.3532 1.53992
0.356934 4.37422 4.54173	0 18.4273 1.6448
0.357178 5.63854 4.54813	0 33.5244 1.71387
0.357422 4.42083 4.54932	0 21.9589 1.73635
0.357666 4.75262 4.54581	0 32.0849 1.70907
0.35791 4.04232 4.53852	0 21.5478 1.63784
0.358154 4.92022 4.52874	0 26.5108 1.53592
0.358398 4.5173 4.51786	0 21.3266 1.42035
0.358643 4.01429 4.5072	0 12.4796 1.30764
0.358887 4.81755 4.49777	0 24.1283 1.21041
0.359131 4.41505 4.49014	0 16.0917 1.13572
0.359375 3.97222 4.48442	0 15.9995 1.08491
0.359619 4.26135 4.4803	0 14.7263 1.05451
0.359863 5.05824 4.47723	0 26.4052 1.03764
0.360107 4.47741 4.47455	0 18.4108 1.02625
0.360352 4.3896 4.47175	0 14.7184 1.01358
0.360596 4.87429 4.46854	0 29.4241 0.996528
0.36084 3.92448 4.46492	0 14.4888 0.976813
0.361084 5.25272 4.46111	0 17.0746 0.960267
0.361328 4.60287 4.4574	0 17.821 0.954372
0.361572 3.70972 4.45405	0 14.3983 0.964958
0.361816 3.88984 4.45113	0 16.047 0.993548
0.362061 3.56232 4.44851	0 9.7679 1.03652
0.362305 6.09348 4.44585	0 47.9634 1.08646
0.362549 4.85105 4.44276	0 16.2158 1.13495
0.362793 4.09605 4.43882	0 15.3079 1.17557
0.363037 4.5224 4.43369	0 15.6195 1.20569
0.363281 4.4647 4.42714	0 20.5937 1.22649
0.363525 4.06429 4.41898	0 19.5449 1.24139
0.36377 4.23533 4.40907	0 17.8528 1.25391
0.364014 3.83454 4.39732	0 16.194 1.26591
0.364258 4.91368 4.3837	0 19.4119 1.27694
0.364502 5.29902 4.36836	0 31.0569 1.28464
0.364746 4.19008 4.35174	0 17.04 1.28585
0.36499 4.25667 4.33457	0 15.4991 1.27766
0.365234 4.22049 4.31787	0 17.7441 1.25841
0.365479 4.18668 4.30281	0 17.6489 1.22829
0.365723 4.33158 4.29046	0 21.7221 1.1896
0.365967 4.04101 4.28166	0 16.6993 1.14647
0.366211 3.63476 4.27678	0 11.3939 1.10393
0.366455 4.25006 4.2757	0 16.2653 1.0665
0.366699 4.59729 4.27785	0 23.763 1.03702
0.366943 4.32267 4.28235	0 15.9985 1.01624
0.367188 4.37638 4.28825	0 16.5132 1.00349
0.367432 4.71571 4.29475	0 20.3259 0.997995
0.367676 3.7111 4.30129	0 14.0227 1.00016
0.36792 4.65338 4.30771	0 16.424 1.01195
0.368164 4.19658 4.31412	0 16.6324 1.03633
0.368408 4.09195 4.32087	0 17.8386 1.07585
0.368652 5.14135 4.32828	0 25.2703 1.13123
0.368896 3.63741 4.33655	0 14.5515 1.20044
0.369141 4.25062 4.34554	0 16.0012 1.27867
0.369385 4.42357 4.35473	0 14.4658 1.35897
0.369629 3.66627 4.36328	0 12.8004 1.43334
0.369873 4.27984 4.3701	0 19.6976 1.49379
0.370117 5.75677 4.37403	0 23.0129 1.53337
0.370361 4.67611 4.37402	0 28.035 1.54717
0.370605 3.93334 4.36929	0 22.139 1.5332
0.37085 3.91972 4.35942	0 23.6288 1.49309
0.371094 5.09275 4.34438	0 25.2814 1.43193
0.371338 3.94412 4.32453	0 15.9445 1.3573
0.371582 4.20981 4.30061	0 17.3376 1.27755
0.371826 4.76129 4.27363	0 20.9711 1.2001
0.37207 3.81365 4.24489	0 17.9538 1.13046
0.372314 4.7536 4.21582	0 20.787 1.07213
0.372559 4.55695 4.18791	0 22.7904 1.02712
0.372803 3.69035 4.16258	0 16.3705 0.996366
0.373047 3.56452 4.14099	0 8.40892 0.979852
0.373291 4.07886 4.12393	0 21.6464 0.976309
0.373535 3.83761 4.11176	0 15.2995 0.983162
0.373779 3.80866 4.10442	0 9.59732 0.996929
0.374023 4.90094 4.10152	0 21.3063 1.01405
0.374268 4.02443 4.10255	0 15.3031 1.03171
0.374512 3.68713 4.10704	0 11.726 1.0483
0.374756 3.93617 4.11468	0 11.8656 1.06334
0.375 4.57098 4.1254	0 19.26 1.07718
0.375244 4.97771 4.13931	0 25.0651 1.09061
0.375488 3.339 4.15658	0 7.99423 1.10466
0.375732 3.69081 4.17722	0 14.3528 1.12031
0.375977 3.37039 4.20095	0 14.0871 1.13808
0.376221 4.85433 4.2271	0 25.9777 1.15751
0.376465 4.28367 4.25462	0 17.6029 1.17682
0.376709 4.76552 4.28214	0 16.1881 1.19303
0.376953 4.32623 4.30814	0 22.3897 1.20277
0.377197 4.40956 4.3311	0 24.1023 1.20344
0.377441 3.72234 4.34969	0 11.7363 1.19423
0.377686 4.71454 4.36281	0 24.9309 1.17641
0.37793 4.98548 4.36974	0 20.6755 1.15272
0.378174 4.30353 4.37011	0 14.1596 1.12615
0.378418 4.54053 4.3639	0 22.554 1.09891
0.378662 4.10498 4.35144	0 21.6582 1.07204
0.378906 4.43282 4.33336	0 18.4254 1.04576
0.37915 4.31254 4.3106	0 13.7816 1.0201
0.379395 4.91173 4.28434	0 18.37 0.995317
0.379639 4.05062 4.25593	0 12.3129 0.971617
0.379883 3.94656 4.22688	0 18.3967 0.948809
0.380127 4.44546 4.19867	0 23.9271 0.926268
0.380371 3.64445 4.17272	0 22.8675 0.90359
0.380615 4.28589 4.1502	0 19.8099 0.881579
0.380859 4.30592 4.13195	0 22.5991 0.862771
0.381104 3.86403 4.11836	0 14.1503 0.85087
0.381348 4.03435 4.10934	0 14.2805 0.849174
0.381592 3.69974 4.10431	0 15.0673 0.858789
0.381836 4.05682 4.10224	0 21.0299 0.877695
0.38208 4.16126 4.10183	0 15.7316 0.901246
0.382324 4.18684 4.1016	0 11.4175 0.923923
0.382568 4.27604 4.10014	0 19.3802 0.941419
0.382812 4.63805 4.09626	0 21.1205 0.952039
0.383057 3.85639 4.08908	0 13.6509 0.956787
0.383301 3.84425 4.07819	0 14.8453 0.958257
0.383545 4.35126 4.0636	0 17.7494 0.958981
0.383789 3.98063 4.04577	0 17.1493 0.96006
0.384033 4.2425 4.02551	0 16.3496 0.960651
0.384277 4.00937 4.00395	0 18.2076 0.958461
0.384521 4.07925 3.9824	0 23.3291 0.950975
0.384766 3.51154 3.96226	0 9.72234 0.936838
0.38501 3.96805 3.94489	0 14.7688 0.916794
0.385254 4.41743 3.93149	0 17.6854 0.893741
0.385498 3.42797 3.92292	0 12.1011 0.871878
0.385742 3.67258 3.91962	0 11.8618 0.855357
0.385986 3.9085 3.92151	0 19.2345 0.847087
0.38623 3.22796 3.92793	0 9.21628 0.848177
0.386475 4.49218 3.93775	0 26.6708 0.858106
0.386719 3.87659 3.94942	0 22.4652 0.875283
0.386963 3.93937 3.96113	0 12.6955 0.897557
0.387207 4.50604 3.97109	0 15.0907 0.922436
0.387451 3.64833 3.97768	0 13.2782 0.947136
0.387695 3.923 3.97969	0 16.7014 0.968668
0.387939 4.14807 3.97656	0 20.1714 0.984034
0.388184 4.20348 3.96841	0 23.2684 0.99043
0.388428 4.30458 3.95617	0 14.0928 0.985347
0.388672 4.1448 3.94142	0 9.5735 0.966743
0.388916 4.17678 3.92622	0 21.8113 0.933619
0.38916 3.46275 3.91283	0 10.2596 0.887134
0.389404 3.37746 3.90335	0 13.8073 0.831838
0.389648 3.75145 3.89939	0 9.61843 0.776117
0.389893 3.59786 3.9018	0 12.0942 0.731076
0.390137 3.8152 3.91058	0 15.7199 0.707797
0.390381 3.79421 3.92484	0 12.9153 0.713918
0.390625 3.9929 3.943	0 16.6666 0.750982
0.390869 4.03291 3.96304	0 19.2675 0.813742
0.391113 4.82054 3.98279	0 23.9988 0.891688
0.391357 3.30851 4.00023	0 8.16598 0.972098
0.391602 4.06529 4.01375	0 19.1281 1.0433
0.391846 4.04185 4.02233	0 23.7999 1.09698
0.39209 4.26636 4.02566	0 15.3565 1.1289
0.392334 5.16015 4.02408	0 29.7108 1.13843
0.392578 3.22129 4.01854	0 14.9648 1.12754
0.392822 3.89893 4.01041	0 15.3008 1.10002
0.393066 4.31845 4.00121	0 23.1477 1.0612
0.393311 4.05621 3.99242	0 17.9398 1.01756
0.393555 3.58416 3.9852	0 10.7668 0.975779
0.393799 3.28389 3.98025	0 7.72651 0.941045
0.394043 4.28282 3.97771	0 20.9161 0.915396
0.394287 3.97057 3.97725	0 18.0095 0.897058
0.394531 4.14443 3.97815	0 21.5826 0.881453
0.394775 4.24089 3.9795	0 16.7628 0.863516
0.39502 3.78378 3.98039	0 20.5514 0.840164
0.395264 4.07051 3.98007	0 16.4964 0.811713
0.395508 4.08178 3.97807	0 21.7163 0.781658
0.395752 3.97429 3.97421	0 13.5253 0.755188
0.395996 3.88388 3.96863	0 12.7812 0.737319
0.39624 4.13645 3.9617	0 17.2874 0.731511
0.396484 3.76309 3.95393	0 9.83201 0.739148
0.396729 3.91952 3.94591	0 15.7063 0.759772
0.396973 4.34892 3.93816	0 28.3209 0.791661
0.397217 3.70323 3.93107	0 13.4522 0.832322
0.397461 4.0779 3.92481	0 16.4544 0.878645
0.397705 3.12497 3.91929	0 6.89242 0.92677
0.397949 4.15465 3.91422	0 16.8678 0.971936
0.398193 3.93072 3.90919	0 15.3491 1.00874
0.398438 4.12116 3.90375	0 22.5692 1.03202
0.398682 3.81161 3.89759	0 17.7243 1.03824
0.398926 4.26209 3.89059	0 24.565 1.02688
0.39917 4.16872 3.88286	0 15.4073 1.00101
0.399414 3.72691 3.8747	0 11.2975 0.966799
0.399658 3.61645 3.86644	0 15.1746 0.931812
0.399902 3.38085 3.85826	0 11.3392 0.902808
0.400146 3.90316 3.85012	0 12.0974 0.883972
0.400391 4.11855 3.8416	0 20.2768 0.876243
0.400635 3.86117 3.83201	0 15.9093 0.87786
0.400879 3.50483 3.82052	0 8.90578 0.885654
0.401123 3.96751 3.80642	0 13.0685 0.896313
0.401367 3.95372 3.78934	0 14.4938 0.907087
0.401611 4.4107 3.76953	0 14.8711 0.915851
0.401855 3.86418 3.74794	0 17.7456 0.920861
0.4021 3.47671 3.72619	0 16.1902 0.920631
0.402344 3.88571 3.70637	0 15.4747 0.914129
0.402588 3.20943 3.6908	0 10.2884 0.901239
0.402832 3.38649 3.68158	0 10.9959 0.883173
0.403076 3.62277 3.68032	0 10.3044 0.862498
0.40332 3.45466 3.68781	0 11.9194 0.842562
0.403564 3.20405 3.70393	0 12.8768 0.826424
0.403809 3.62673 3.72768	0 11.4706 0.815689
0.404053 3.65516 3.75727	0 14.4551 0.809859
0.404297 4.1061 3.79043	0 12.1768 0.806572
0.404541 4.3291 3.82467	0 14.8985 0.802696
0.404785 3.71758 3.85754	0 12.832 0.795751
0.405029 3.39259 3.88689	0 13.2458 0.784969
0.405273 4.42843 3.91099	0 20.8294 0.771513
0.405518 4.22995 3.9286	0 15.6897 0.757859
0.405762 3.7917 3.939	0 12.616 0.746709
0.406006 3.98708 3.94193	0 13.079 0.740024
0.40625 4.75807 3.93755	0 26.6728 0.738549
0.406494 3.44749 3.9263	0 6.64703 0.741949
0.406738 3.93884 3.90885	0 14.4689 0.749307
0.406982 3.9729 3.88606	0 16.2836 0.759638
0.407227 3.83864 3.8589	0 13.6061 0.772117
0.407471 3.82863 3.82844	0 18.4005 0.785982
0.407715 3.8294 3.79589	0 9.82024 0.800261
0.407959 4.00887 3.76254	0 17.8213 0.813602
0.408203 4.06578 3.72973	0 12.453 0.82435
0.408447 3.21507 3.69879	0 10.5537 0.830873
0.408691 3.37766 3.67092	0 11.8628 0.831983
0.408936 3.95303 3.6471	0 17.0999 0.827282
0.40918 3.35603 3.62792	0 13.1931 0.817293
0.409424 3.07105 3.61361	0 10.6525 0.803391
0.409668 3.47419 3.60395	0 9.05551 0.787585
0.409912 3.6317 3.5984	0 13.7004 0.772265
0.410156 4.50479 3.59612	0 26.9394 0.759935
0.4104 3.38546 3.5961	0 9.37375 0.752904
0.410645 3.25379 3.59725	0 13.9304 0.752857
0.410889 3.44339 3.59853	0 10.0083 0.760341
0.411133 3.68381 3.59899	0 14.0942 0.774316
0.411377 3.16511 3.59796	0 10.0361 0.792042
0.411621 3.72955 3.59511	0 14.4434 0.809528
0.411865 4.53017 3.59057	0 15.7702 0.8226
0.412109 3.76321 3.58495	0 9.91569 0.828364
0.412354 3.61633 3.57936	0 20.7184 0.826582
0.412598 3.31383 3.57521	0 10.1856 0.820317
0.412842 2.98411 3.57405	0 10.1096 0.815353
0.413086 3.19674 3.57732	0 6.33199 0.818304
0.41333 3.88056 3.58607	0 12.9969 0.834037
0.413574 3.50971 3.60079	0 12.6106 0.863481
0.413818 3.38028 3.62128	0 13.8618 0.902937
0.414062 3.47304 3.64665	0 19.4729 0.945378
0.414307 4.17807 3.67535	0 23.4359 0.98322
0.414551 3.4052 3.70535	0 10.9643 1.01128
0.414795 3.51692 3.73432	0 7.27331 1.02851
0.415039 3.83495 3.75991	0 18.8561 1.03763
0.415283 3.63243 3.78007	0 10.7833 1.0432
0.415527 4.28612 3.79336	0 17.4346 1.04908
0.415771 4.46928 3.79918	0 18.8123 1.05664
0.416016 3.99521 3.79794	0 12.1712 1.06457
0.41626 3.99754 3.79103	0 14.2148 1.07002
0.416504 3.82054 3.78058	0 13.4697 1.07036
0.416748 3.83206 3.76913	0 17.4802 1.0646
0.416992 3.27329 3.7591	0 15.2974 1.05386
0.417236 3.22746 3.75244	0 9.8091 1.04071
0.41748 3.13753 3.75023	0 8.78621 1.02799
0.417725 3.78555 3.75267	0 14.6272 1.01776
0.417969 3.49264 3.75909	0 11.3067 1.01097
0.418213 4.5653 3.7683	0 29.6908 1.00784
0.418457 3.92603 3.77889	0 16.9381 1.00842
0.418701 4.46246 3.78962	0 16.5541 1.01293
0.418945 3.21189 3.79956	0 8.00936 1.02147
0.419189 4.06131 3.80826	0 13.4012 1.0334
0.419434 3.23453 3.81563	0 9.42341 1.04695
0.419678 3.54817 3.82188	0 10.7853 1.05945
0.419922 4.28943 3.82735	0 23.9253 1.068
0.420166 3.73359 3.8324	0 12.039 1.07039
0.42041 4.09127 3.83736	0 17.8796 1.06574
0.420654 3.73163 3.84243	0 13.5195 1.05469
0.420898 4.4492 3.84768	0 20.8358 1.03935
0.421143 3.5657 3.85299	0 11.0013 1.02291
0.421387 3.07753 3.858	0 7.63371 1.00899
0.421631 3.80329 3.86206	0 15.4835 1.00072
0.421875 3.94818 3.86431	0 15.5534 0.999694
0.422119 4.39621 3.8637	0 19.3808 1.00513
0.422363 4.05185 3.8592	0 18.3752 1.01373
0.422607 3.65886 3.84996	0 14.7279 1.02032
0.422852 4.28087 3.83554	0 21.0312 1.01923
0.423096 3.66524 3.81601	0 13.9626 1.00595
0.42334 3.92065 3.79206	0 14.331 0.978665
0.423584 4.07437 3.76495	0 13.8513 0.939038
0.423828 3.3853 3.7364	0 12.2687 0.892056
0.424072 4.21718 3.70841	0 21.0216 0.844808
0.424316 3.16158 3.68298	0 9.28399 0.804579
0.424561 3.46154 3.66193	0 10.9139 0.776955
0.424805 3.51017 3.64664	0 13.1083 0.764685
0.425049 3.56168 3.63789	0 12.577 0.767649
0.425293 3.15506 3.63585	0 8.72204 0.783764
0.425537 3.76588 3.63998	0 12.4597 0.810156
0.425781 3.8268 3.64914	0 14.8432 0.843939
0.426025 3.47964 3.66172	0 12.5927 0.882294
0.42627 3.98323 3.67576	0 16.3614 0.922054
0.426514 3.12727 3.68914	0 10.5466 0.959332
0.426758 3.72553 3.69981	0 9.90425 0.989652
0.427002 4.16683 3.70597	0 16.3148 1.00871
0.427246 3.9277 3.70628	0 17.2971 1.01345
0.42749 3.97711 3.7	0 17.472 1.00306
0.427734 3.58659 3.68712	0 15.3365 0.979398
0.427979 4.10826 3.66834	0 20.5379 0.946736
0.428223 3.81255 3.64506	0 15.9691 0.910947
0.428467 3.26662 3.61918	0 10.1508 0.878328
0.428711 3.5076 3.59296	0 11.7163 0.854388
0.428955 3.49805 3.56873	0 14.6112 0.842874
0.429199 3.24098 3.54867	0 7.93948 0.845285
0.429443 3.82957 3.53457	0 10.9732 0.860965
0.429688 3.46239 3.52764	0 10.3225 0.887685
0.429932 3.06648 3.52834	0 8.57054 0.922373
0.430176 3.44608 3.53627	0 16.4028 0.961614
0.43042 3.01174 3.55026	0 8.78175 1.0017
0.430664 3.58704 3.56842	0 14.0824 1.03841
0.430908 3.72437 3.58839	0 17.0287 1.06693
0.431152 3.64735 3.60767	0 15.5054 1.08242
0.431396 3.75402 3.62397	0 20.9647 1.0811
0.431641 4.01735 3.63553	0 19.0125 1.06162
0.431885 4.27742 3.64135	0 19.2118 1.02573
0.432129 3.62988 3.64126	0 10.6855 0.978058
0.432373 3.70013 3.63586	0 12.9315 0.924859
0.432617 3.19322 3.62622	0 8.329 0.872471
0.432861 3.89654 3.61362	0 11.0134 0.826054
0.433105 3.58843 3.59923	0 9.18242 0.78899
0.43335 3.10674 3.58387	0 15.1156 0.762892
0.433594 3.18336 3.56797	0 6.6568 0.747897
0.433838 3.54295 3.55167	0 10.3101 0.742986
0.434082 4.1354 3.53503	0 15.8901 0.746211
0.434326 3.85645 3.51828	0 14.5617 0.754882
0.43457 3.83178 3.50209	0 15.7858 0.765857
0.434814 3.31854 3.48763	0 13.7079 0.776023
0.435059 3.34708 3.47652	0 11.3601 0.782958
0.435303 3.15262 3.47056	0 10.5762 0.785613
0.435547 3.03957 3.47142	0 10.0262 0.784765
0.435791 3.43538 3.48026	0 12.2862 0.782988
0.436035 3.32153 3.49737	0 8.75837 0.784022
0.436279 3.33611 3.52205	0 14.8221 0.791646
0.436523 3.31391 3.55259	0 9.48404 0.808371
0.436768 3.24355 3.5865	0 10.9229 0.834446
0.437012 3.59047 3.62084	0 11.4977 0.867601
0.437256 4.37047 3.65271	0 25.5097 0.903668
0.4375 3.87039 3.67966	0 11.2162 0.937845
0.437744 4.40768 3.70005	0 18.8369 0.966034
0.437988 3.74731 3.71316	0 10.1466 0.985709
0.438232 3.57967 3.71923	0 14.0067 0.996048
0.438477 3.96059 3.71923	0 15.2959 0.997467
0.438721 3.54584 3.71455	0 10.8241 0.990976
0.438965 3.58383 3.70667	0 11.1513 0.977749
0.439209 2.84352 3.69688	0 9.33321 0.959103
0.439453 4.32818 3.68609	0 18.9088 0.936778
0.439697 3.84997 3.6748	0 18.5942 0.913215
0.439941 3.87221 3.66312	0 18.5871 0.891514
0.440186 3.28013 3.65095	0 11.4604 0.874911
0.44043 3.66873 3.63809	0 12.8232 0.86587
0.440674 3.93315 3.62438	0 14.6732 0.865147
0.440918 3.43142 3.60974	0 9.91498 0.87126
0.441162 3.66678 3.59419	0 9.16567 0.880689
0.441406 3.63405 3.57782	0 10.685 0.888824
0.44165 3.39783 3.56075	0 11.1949 0.891293
0.441895 3.6851 3.54312	0 11.2451 0.885094
0.442139 3.39018 3.52506	0 9.31286 0.869099
0.442383 3.35145 3.50675	0 10.2254 0.843856
0.442627 3.59489 3.48853	0 10.6409 0.811012
0.442871 3.78402 3.47089	0 12.4496 0.772828
0.443115 3.20573 3.45455	0 8.17395 0.732007
0.443359 3.92194 3.44044	0 11.7036 0.691752
0.443604 3.2343 3.42954	0 9.43213 0.655749
0.443848 3.0919 3.42277	0 8.11244 0.627852
0.444092 3.2547 3.42075	0 12.8542 0.611469
0.444336 3.03293 3.4237	0 9.08925 0.608853
0.44458 3.36169 3.43127	0 9.34594 0.62052
0.444824 3.60636 3.44265	0 12.4225 0.644964
0.445068 3.15967 3.45666	0 6.79118 0.678731
0.445312 3.57576 3.47198	0 11.7617 0.716929
0.445557 3.83796 3.48743	0 12.6374 0.754211
0.445801 3.7412 3.5022	0 12.4856 0.786134
0.446045 3.62218 3.51595	0 17.2909 0.810538
0.446289 3.29425 3.52887	0 7.61572 0.828407
0.446533 3.78166 3.54148	0 10.2963 0.843701
0.446777 3.41884 3.55447	0 11.8436 0.862036
0.447021 3.58238 3.56836	0 9.80956 0.888559
0.447266 2.93045 3.58328	0 9.37451 0.92577
0.44751 3.61529 3.59884	0 12.0584 0.972124
0.447754 3.7281 3.61411	0 12.544 1.02198
0.447998 3.528 3.62776	0 12.3261 1.06703
0.448242 3.40899 3.63832	0 14.0107 1.09873
0.448486 4.68337 3.64447	0 34.2794 1.11095
0.44873 3.89764 3.6453	0 11.8109 1.10193
0.448975 3.67617 3.64049	0 14.6504 1.07482
0.449219 3.56216 3.63032	0 16.1753 1.03655
0.449463 3.57496 3.61558	0 12.7962 0.995567
0.449707 3.51232 3.59743	0 12.435 0.959073
0.449951 3.40448 3.57711	0 7.09128 0.930908
0.450195 3.52544 3.55577	0 10.3743 0.91084
0.450439 3.7055 3.53439	0 13.0614 0.895517
0.450684 3.78485 3.51369	0 13.3083 0.880585
0.450928 2.86642 3.49421	0 8.48918 0.862895
0.451172 3.36483 3.47637	0 13.4287 0.841713
0.451416 3.77149 3.46064	0 13.8612 0.818453
0.45166 3.99203 3.4475	0 12.3754 0.795291
0.451904 3.04784 3.43752	0 8.36171 0.773658
0.452148 3.52419 3.43128	0 13.0588 0.753508
0.452393 2.89268 3.42926	0 7.38626 0.733736
0.452637 3.24568 3.4317	0 9.89501 0.713398
0.452881 3.1928 3.43855	0 14.2474 0.692994
0.453125 3.92339 3.44937	0 15.0194 0.675085
0.453369 3.07629 3.46339	0 7.01057 0.663898
0.453613 3.66315 3.47951	0 15.227 0.664002
0.453857 3.4111 3.49644	0 14.7578 0.678518
0.454102 4.00845 3.51279	0 16.0765 0.707495
0.454346 3.31905 3.52718	0 10.3491 0.747055
0.45459 3.0692 3.53839	0 7.93029 0.789713
0.454834 3.71003 3.54545	0 17.4116 0.825962
0.455078 4.15056 3.54775	0 14.8619 0.846784
0.455322 3.24548 3.54519	0 7.98884 0.846352
0.455566 4.0973 3.53818	0 18.5388 0.823998
0.455811 3.67405 3.52761	0 13.0332 0.784625
0.456055 3.55257 3.51477	0 10.9852 0.737279
0.456299 3.38553 3.50112	0 8.20127 0.692308
0.456543 3.35515 3.48806	0 12.5406 0.658188
0.456787 2.95288 3.47671	0 7.285 0.639267
0.457031 3.17895 3.46771	0 8.92392 0.635292
0.457275 3.46792 3.4612	0 10.3322 0.64276
0.45752 3.87552 3.45684	0 9.94026 0.657267
0.457764 3.56265 3.45394	0 13.8357 0.675614
0.458008 3.26722 3.45166	0 11.213 0.69662
0.458252 3.57768 3.44915	0 13.5104 0.720398
0.458496 3.60836 3.44575	0 10.0022 0.746663
0.45874 3.40573 3.44099	0 10.4563 0.773198
0.458984 3.39052 3.43465	0 9.87267 0.795462
0.459229 3.30213 3.42672	0 11.3633 0.807694
0.459473 3.24193 3.41741	0 9.66598 0.805047
0.459717 3.74439 3.40706	0 13.8246 0.785747
0.459961 3.4422 3.39613	0 14.2566 0.752264
0.460205 3.65361 3.38515	0 14.3896 0.710899
0.460449 3.20436 3.37464	0 10.3492 0.669977
0.460693 3.24111 3.36505	0 6.8523 0.637406
0.460938 3.15714 3.35666	0 7.668 0.618592
0.461182 3.26425 3.34949	0 10.3918 0.615428
0.461426 3.39116 3.34337	0 12.8635 0.626473
0.46167 3.12296 3.33795	0 8.81908 0.647879
0.461914 3.35702 3.33286	0 12.7574 0.674487
0.462158 3.42461 3.32785	0 8.56804 0.700704
0.462402 3.89585 3.32295	0 12.9219 0.721237
0.462646 3.3655 3.31849	0 12.9202 0.731928
0.462891 3.19747 3.31512	0 13.6945 0.730748
0.463135 3.09073 3.31361	0 9.1137 0.718621
0.463379 3.43637 3.31466	0 9.66754 0.699469
0.463623 2.78421 3.31865	0 6.48201 0.679123
0.463867 3.02499 3.32547	0 8.93126 0.663333
0.464111 2.97517 3.33446	0 10.5598 0.655694
0.464355 3.95085 3.34441	0 13.6343 0.656425
0.4646 3.75994 3.35376	0 19.6422 0.662563
0.464844 3.04162 3.36087	0 7.53696 0.669358
0.465088 3.55478 3.36426	0 19.1291 0.672166
0.465332 3.52946 3.36284	0 13.8895 0.667988
0.465576 3.37611 3.35618	0 11.1547 0.656143
0.46582 3.54703 3.34451	0 12.8172 0.638044
0.466064 3.46493 3.32878	0 9.19001 0.616442
0.466309 3.29018 3.31048	0 13.3082 0.594614
0.466553 3.45858 3.2915	0 13.3247 0.575837
0.466797 3.33549 3.27383	0 14.2167 0.563214
0.467041 2.81787 3.25932	0 7.78639 0.559568
0.467285 3.0475 3.24936	0 9.6934 0.56708
0.467529 2.7737 3.24472	0 8.47208 0.586487
0.467773 3.32486 3.24547	0 12.5181 0.616098
0.468018 3.27447 3.25099	0 10.6395 0.651228
0.468262 3.26706 3.26015	0 11.1409 0.684713
0.468506 3.08533 3.27152	0 8.84836 0.708663
0.46875 3.23899 3.28372	0 10.8603 0.716979
0.468994 3.71949 3.29558	0 13.617 0.707585
0.469238 3.59455 3.3064	0 11.0467 0.683372
0.469482 3.76012 3.31594	0 11.9146 0.651405
0.469727 2.94135 3.3244	0 8.64428 0.620722
0.469971 2.74256 3.33225	0 7.50599 0.599659
0.470215 3.52169 3.34007	0 8.99425 0.593647
0.470459 3.16621 3.34838	0 9.50689 0.604138
0.470703 3.52249 3.35753	0 10.8415 0.628752
0.470947 3.32735 3.36766	0 10.1289 0.662381
0.471191 3.57964 3.37876	0 14.8745 0.698771
0.471436 3.30417 3.39073	0 13.9493 0.732123
0.47168 3.3833 3.40342	0 10.0489 0.758348
0.471924 3.08985 3.4167	0 8.70889 0.775741
0.472168 4.12627 3.43043	0 15.7661 0.785024
0.472412 3.22159 3.44438	0 9.72855 0.788841
0.472656 3.16205 3.45819	0 9.25989 0.790885
0.4729 3.47 3.47125	0 9.11091 0.794833
0.473145 3.2219 3.48275	0 14.1345 0.803267
0.473389 3.79478 3.49167	0 11.3222 0.816783
0.473633 3.53532 3.49696	0 8.34109 0.833529
0.473877 3.71497 3.49767	0 13.7104 0.849432
0.474121 3.50531 3.49321	0 15.2638 0.859243
0.474365 3.82502 3.48347	0 14.7952 0.858155
0.474609 3.70899 3.46893	0 17.0229 0.843449
0.474854 3.37359 3.45062	0 10.0077 0.815492
0.475098 3.85845 3.43004	0 17.2739 0.777649
0.475342 2.73451 3.40893	0 6.54225 0.735233
0.475586 3.25575 3.38901	0 12.2367 0.694017
0.47583 3.29391 3.37172	0 9.70527 0.658909
0.476074 3.43699 3.35802	0 14.3273 0.633157
0.476318 3.31412 3.34827	0 9.30634 0.618071
0.476562 3.31025 3.34217	0 9.44404 0.61312
0.476807 3.01477 3.33891	0 9.77829 0.616263
0.477051 2.83232 3.33731	0 7.82843 0.6245
0.477295 3.54691 3.33609	0 12.2513 0.634574
0.477539 4.13568 3.33418	0 13.0281 0.643639
0.477783 3.60538 3.33086	0 11.325 0.649718
0.478027 3.11506 3.32597	0 7.88536 0.65182
0.478271 3.43794 3.31986	0 11.4266 0.649867
0.478516 3.07814 3.31334	0 8.73035 0.644581
0.47876 3.07906 3.30743	0 12.2961 0.637449
0.479004 3.79219 3.30313	0 14.6656 0.630665
0.479248 2.60118 3.30122	0 7.32655 0.626884
0.479492 3.22092 3.30207	0 8.19397 0.628747
0.479736 3.15359 3.3056	0 10.2822 0.638286
0.47998 3.72415 3.31133	0 10.6592 0.656421
0.480225 3.15386 3.3185	0 6.94274 0.682689
0.480469 3.29756 3.32628	0 14.6097 0.715229
0.480713 3.42551 3.3339	0 9.733 0.750954
0.480957 3.45878 3.34084	0 13.9191 0.785845
0.481201 3.70343 3.34686	0 14.4323 0.815415
0.481445 3.12832 3.35203	0 8.32227 0.83538
0.481689 3.02025 3.3566	0 9.82745 0.842549
0.481934 3.4692 3.36096	0 11.286 0.835763
0.482178 3.73407 3.36542	0 13.378 0.816542
0.482422 3.30874 3.37019	0 11.8273 0.789074
0.482666 2.89676 3.37526	0 10.1916 0.759341
0.48291 3.16718 3.38048	0 15.934 0.733579
0.483154 3.56129 3.3856	0 8.85768 0.716609
0.483398 3.46532 3.39039	0 13.1381 0.710715
0.483643 3.9171 3.39478	0 14.9855 0.715463
0.483887 3.5806 3.39891	0 9.62505 0.728438
0.484131 3.19494 3.40312	0 10.4234 0.746439
0.484375 3.19054 3.4079	0 10.0735 0.766552
0.484619 3.31519 3.41368	0 9.73008 0.786691
0.484863 3.31097 3.42076	0 11.1034 0.805561
0.485107 3.1025 3.42917	0 10.3352 0.82233
0.485352 3.70027 3.43859	0 15.7422 0.836394
0.485596 3.42507 3.44847	0 9.70658 0.847453
0.48584 3.46559 3.45808	0 11.7797 0.855829
0.486084 3.65149 3.46672	0 10.0061 0.86272
0.486328 3.63144 3.47384	0 11.8203 0.870112
0.486572 3.47138 3.47911	0 12.8584 0.880303
0.486816 3.38424 3.48249	0 9.58609 0.895269
0.487061 3.67198 3.48408	0 14.9913 0.91617
0.487305 3.80803 3.48403	0 11.4664 0.943109
0.487549 3.09975 3.4824	0 9.91659 0.975006
0.487793 3.28247 3.47905	0 10.6799 1.00939
0.488037 2.96296 3.47367	0 7.44947 1.04215
0.488281 3.749 3.46585	0 15.9 1.06768
0.488525 3.7794 3.45529	0 11.6731 1.07976
0.48877 4.04825 3.442	0 27.4994 1.07333
0.489014 3.56512 3.4265	0 12.3885 1.0464
0.489258 3.25771 3.40984	0 10.2991 1.00124
0.489502 3.46168 3.39359	0 15.4547 0.944094
0.489746 3.06766 3.37957	0 7.66631 0.883557
0.48999 3.04605 3.36953	0 14.5999 0.828223
0.490234 3.55476 3.36482	0 11.4232 0.784682
0.490479 3.06392 3.36599	0 8.14533 0.756336
0.490723 2.98469 3.37266	0 10.2825 0.743149
0.490967 2.85426 3.38349	0 6.62159 0.742141
0.491211 3.89227 3.39631	0 13.683 0.748417
0.491455 3.27714 3.4085	0 10.4374 0.756529
0.491699 3.50394 3.41739	0 10.6559 0.761926
0.491943 4.08441 3.42075	0 16.2982 0.762089
0.492188 3.79503 3.41715	0 14.8202 0.756966
0.492432 3.64852 3.4062	0 11.7527 0.748567
0.492676 3.42158 3.38864	0 12.6595 0.739898
0.49292 3.07128 3.36615	0 10.17 0.733702
0.493164 3.9739 3.34113	0 13.1079 0.73147
0.493408 2.71338 3.31627	0 6.13973 0.733043
0.493652 2.74815 3.2942	0 6.05403 0.736809
0.493896 3.55602 3.27711	0 10.922 0.740378
0.494141 3.34008 3.26655	0 12.2611 0.741423
0.494385 2.62442 3.26325	0 5.85959 0.738448
0.494629 3.17731 3.26718	0 10.5386 0.731223
0.494873 3.22366 3.27759	0 11.5964 0.720752
0.495117 3.2129 3.2932	0 8.81847 0.708761
0.495361 3.6048 3.31237	0 10.4805 0.696894
0.495605 3.29751 3.33329	0 10.0087 0.685972
0.49585 3.45066 3.35407	0 12.7398 0.67567
0.496094 3.19752 3.37287	0 8.55601 0.664817
0.496338 3.4269 3.38788	0 11.6588 0.652208
0.496582 3.54195 3.39725	0 11.7529 0.63753
0.496826 3.49332 3.39905	0 11.5678 0.621941
0.49707 3.78686 3.39102	0 15.4988 0.607995
0.497314 3.40492 3.37048	0 11.7223 0.598911
0.497559 3.36883 3.33423	0 10.4163 0.597429
0.497803 3.77187 3.27849	0 11.3357 0.604632
0.498047 3.09076 3.19917	0 9.86637 0.619096
0.498291 2.99721 3.09227	0 9.16333 0.63664
0.498535 3.59644 2.95448	0 14.9834 0.650844
0.498779 3.51029 2.78401	0 11.8804 0.654302
0.499023 3.51058 2.58125	0 10.1219 0.640367
0.499268 3.82532 2.34935	0 17.7965 0.604949
0.499512 3.13086 2.09434	0 8.70278 0.54779
0.499756 3.01487 1.55092	0 24.1851 0.387091
