0 0 1.53618	0 0 0.28026
0.000244141 2.85766 1.83406	0 9.25985 0.363171
0.000488281 3.04806 2.14261	0 7.94632 0.451899
0.000732422 3.35443 2.45501	0 8.63423 0.545166
0.000976562 3.25973 2.76591	0 9.25865 0.64454
0.0012207 2.9113 3.07205	0 6.7814 0.754645
0.00146484 3.60176 3.37253	0 14.0616 0.882062
0.00170898 3.61795 3.66861	0 10.4202 1.03321
0.00195312 4.05629 3.96321	0 12.3818 1.21201
0.00219727 3.87022 4.2602	0 16.3616 1.41816
0.00244141 4.41772 4.56359	0 20.9123 1.64684
0.00268555 4.47837 4.87699	0 26.5451 1.88984
0.00292969 4.76586 5.20316	0 27.6803 2.13824
0.00317383 4.93908 5.54396	0 21.0129 2.38577
0.00341797 5.4953 5.90049	0 28.5504 2.63225
0.00366211 6.70736 6.27342	0 42.783 2.88583
0.00390625 6.36149 6.6634	0 38.7444 3.16323
0.00415039 7.67825 7.07136	0 51.889 3.48742
0.00439453 7.9167 7.49866	0 64.4958 3.88369
0.00463867 6.8476 7.94706	0 41.0244 4.37572
0.00488281 7.95099 8.41853	0 50.1786 4.98337
0.00512695 7.7725 8.91486	0 56.4528 5.72239
0.00537109 8.42711 9.43734	0 70.0606 6.60462
0.00561523 9.4506 9.98642	0 86.9068 7.636
0.00585938 13.3923 10.5616	0 139.338 8.81109
0.00610352 9.40505 11.1612	0 93.2243 10.1054
0.00634766 10.8775 11.7829	0 136.765 11.4697
0.0065918 10.9053 12.4238	0 112.776 12.8323
0.00683594 13.6984 13.0809	0 217.676 14.1124
0.00708008 13.8166 13.7521	0 169.013 15.2436
0.00732422 13.6883 14.4362	0 158.184 16.2032
0.00756836 18.284 15.1336	0 380.152 17.0377
0.0078125 15.3149 15.8462	0 206.075 17.8753
0.00805664 14.4888 16.5763	0 192.24 18.9197
0.00830078 19.7932 17.3264	0 311.555 20.4213
0.00854492 14.7123 18.097	0 167.639 22.6299
0.00878906 18.7531 18.8856	0 296.016 25.7389
0.0090332 17.4098 19.685	0 333.631 29.8328
0.00927734 19.5199 20.483	0 306.621 34.8519
0.00952148 23.6909 21.2626	0 449.41 40.581
0.00976562 21.1898 22.0029	0 503.436 46.6642
0.0100098 25.4223 22.6811	0 713.757 52.6419
0.0102539 23.8749 23.2751	0 685.997 58.008
0.010498 24.0064 23.7657	0 677.996 62.2844
0.0107422 29.9112 24.1394	0 1193.45 65.1071
0.0109863 29.2385 24.3892	0 714.974 66.3032
0.0112305 26.7449 24.5155	0 1165.35 65.9334
0.0114746 23.7428 24.5256	0 636.122 64.2769
0.0117188 24.8441 24.4322	0 578.65 61.7567
0.0119629 24.9056 24.2516	0 970.997 58.8312
0.012207 22.7245 24.0019	0 530.249 55.8931
0.0124512 26.891 23.7011	0 648.989 53.2082
0.0126953 19.7553 23.3662	0 400.967 50.9066
0.0129395 26.5477 23.0126	0 623.174 49.0118
0.0131836 20.3606 22.6535	0 454.032 47.4855
0.0134277 24.1788 22.3006	0 658.531 46.2654
0.0136719 20.3131 21.9631	0 450.465 45.2879
0.013916 22.8077 21.6487	0 923.851 44.495
0.0141602 19.2922 21.3623	0 349.338 43.8336
0.0144043 20.6416 21.1068	0 401.654 43.2517
0.0146484 16.9847 20.8824	0 273.755 42.6955
0.0148926 21.1688 20.6874	0 484.326 42.1082
0.0151367 22.2038 20.5188	0 435.717 41.4326
0.0153809 20.7988 20.3736	0 537.298 40.6216
0.015625 20.5802 20.2493	0 623.88 39.6573
0.0158691 19.7581 20.1451	0 333.463 38.5738
0.0161133 21.4737 20.0619	0 492.233 37.4729
0.0163574 16.3692 20.0024	0 239.358 36.5195
0.0166016 22.511 19.97	0 607.277 35.9087
0.0168457 19.0142 19.9684	0 318.68 35.8105
0.0170898 16.9839 20	0 230.867 36.3075
0.017334 19.2141 20.0659	0 233.104 37.3532
0.0175781 19.8454 20.1655	0 634.146 38.7726
0.0178223 19.841 20.2965	0 418.809 40.31
0.0180664 21.28 20.456	0 712.987 41.7104
0.0183105 21.3678 20.6411	0 766.281 42.8003
0.0185547 20.8283 20.8493	0 429.759 43.5354
0.0187988 22.2773 21.0787	0 646.994 43.9991
0.019043 19.764 21.3283	0 347.404 44.3572
0.0192871 17.6763 21.5968	0 435.608 44.7953
0.0195312 24.1805 21.8828	0 507.769 45.4628
0.0197754 23.0725 22.1834	0 799.32 46.4407
0.0200195 20.3464 22.4948	0 365.847 47.7344
0.0202637 21.938 22.8117	0 610.482 49.2806
0.0205078 24.3746 23.1283	0 503.377 50.9619
0.020752 25.4352 23.439	0 804.793 52.6225
0.0209961 22.7299 23.7388	0 802.424 54.087
0.0212402 22.7579 24.0247	0 462.291 55.1834
0.0214844 28.7165 24.2953	0 819.122 55.773
0.0217285 24.0472 24.5511	0 610.629 55.7839
0.0219727 24.4716 24.794	0 624.896 55.2414
0.0222168 22.4972 25.0266	0 557.039 54.2838
0.0224609 27.2953 25.2513	0 671.8 53.151
0.0227051 25.3033 25.4699	0 856.079 52.1413
0.0229492 24.9545 25.6838	0 485.195 51.5413
0.0231934 23.7686 25.8936	0 550.449 51.5529
0.0234375 24.5927 26.1003	0 446.904 52.2445
0.0236816 33.9354 26.3051	0 1075.14 53.5495
0.0239258 26.2802 26.5105	0 825.752 55.315
0.0241699 26.4101 26.7199	0 695.086 57.3778
0.0244141 23.9021 26.9374	0 545.901 59.6353
0.0246582 23.9131 27.1665	0 628.62 62.0782
0.0249023 29.5642 27.4098	0 1071.81 64.7736
0.0251465 27.9291 27.6679	0 714.354 67.8055
0.0253906 27.8922 27.9388	0 792.977 71.1994
0.0256348 25.6201 28.2184	0 709.326 74.8613
0.0258789 31.6992 28.5005	0 1352.43 78.557
0.026123 25.8056 28.7789	0 844.473 81.9443
0.0263672 31.087 29.0479	0 950.233 84.6574
0.0266113 29.5688 29.3038	0 822.317 86.42
0.0268555 30.773 29.5463	0 751.792 87.1516
0.0270996 31.2391 29.7791	0 1239.65 87.0235
0.0273438 31.3392 30.0091	0 1086.23 86.4402
0.0275879 28.1717 30.2462	0 686.553 85.9472
0.027832 29.7057 30.5017	0 822.568 86.0976
0.0280762 31.7474 30.7862	0 1215.05 87.3221
0.0283203 27.1817 31.1081	0 735.743 89.8371
0.0285645 30.7869 31.4722	0 1894.56 93.6062
0.0288086 30.7728 31.8785	0 828.043 98.3505
0.0290527 29.0176 32.3225	0 974.51 103.605
0.0292969 35.5702 32.7956	0 1173.51 108.815
0.029541 33.6042 33.2864	0 1722.09 113.467
0.0297852 35.0429 33.782	0 1503.84 117.21
0.0300293 37.0595 34.2699	0 2053.33 119.925
0.0302734 30.5546 34.739	0 656.253 121.709
0.0305176 34.9502 35.1812	0 1307.03 122.774
0.0307617 37.4736 35.5922	0 952.53 123.331
0.0310059 37.6759 35.9724	0 1642.59 123.512
0.03125 39.1321 36.3275	0 1745.02 123.371
0.0314941 36.6433 36.6683	0 1545.09 122.937
0.0317383 37.6465 37.0101	0 1145.51 122.273
0.0319824 36.0337 37.3717	0 1747.15 121.502
0.0322266 34.449 37.7732	0 1235.48 120.796
0.0324707 38.5714 38.234	0 1376.63 120.357
0.0327148 38.4833 38.7697	0 1803.32 120.403
0.032959 36.8309 39.3905	0 1269.95 121.182
0.0332031 36.558 40.0991	0 1081.97 122.968
0.0334473 38.8707 40.8906	0 1553.81 126.031
0.0336914 36.1321 41.7527	0 2082.44 130.565
0.0339355 44.99 42.6685	0 2087.4 136.591
0.0341797 47.3942 43.6181	0 2424.84 143.871
0.0344238 43.3388 44.5827	0 1987.44 151.893
0.034668 47.1614 45.5461	0 1925.22 159.936
0.0349121 56.9384 46.4976	0 4793.03 167.238
0.0351562 38.5077 47.4323	0 2771.28 173.169
0.0354004 47.6634 48.351	0 2113.96 177.373
0.0356445 44.7842 49.2596	0 1967.86 179.809
0.0358887 60.5512 50.1674	0 3636.79 180.727
0.0361328 46.2606 51.086	0 1754.5 180.63
0.036377 48.6428 52.0277	0 1785.8 180.267
0.0366211 56.9904 53.0048	0 2641.59 180.65
0.0368652 53.66 54.0281	0 3968.68 183.013
0.0371094 52.3395 55.1066	0 3479.21 188.621
0.0373535 58.1443 56.2467	0 2524.22 198.427
0.0375977 44.7448 57.4514	0 1895.29 212.649
0.0378418 62.7688 58.72	0 3197.39 230.494
0.0380859 62.0519 60.0474	0 5346.87 250.193
0.0383301 62.9158 61.4239	0 4912.47 269.416
0.0385742 69.7614 62.8345	0 6885.64 285.922
0.0388184 50.8453 64.2595	0 2171.68 298.177
0.0390625 66.9145 65.6743	0 4378.39 305.689
0.0393066 61.2696 67.0516	0 4087.84 308.99
0.0395508 72.6628 68.363	0 5976.75 309.33
0.0397949 77.8714 69.5826	0 5705.54 308.285
0.0400391 75.6621 70.6906	0 4618.9 307.396
0.0402832 81.2286 71.6762	0 5662.93 307.896
0.0405273 63.3127 72.5401	0 2248.45 310.517
0.0407715 74.4257 73.2952	0 4725.53 315.418
0.0410156 76.2122 73.9656	0 7978.94 322.275
0.0412598 77.5292 74.5833	0 5202.83 330.551
0.0415039 84.3536 75.1835	0 8995.67 339.835
0.041748 69.9201 75.7992	0 4409.24 350.027
0.0419922 72.7087 76.4557	0 4010.54 361.248
0.0422363 56.1791 77.1663	0 3385.23 373.491
0.0424805 87.4068 77.9299	0 8322.3 386.257
0.0427246 71.068 78.7308	0 6428.13 398.46
0.0429688 89.0995 79.5406	0 8386.74 408.703
0.0432129 84.1185 80.3222	0 6453.13 415.808
0.043457 78.167 81.0339	0 6697.46 419.298
0.0437012 93.6612 81.6339	0 6387.74 419.576
0.0439453 81.361 82.0835	0 7041.02 417.734
0.0441895 75.5047 82.3505	0 4056.17 415.111
0.0444336 83.8427 82.4102	0 6781.14 412.826
0.0446777 92.7409 82.2467	0 8839.36 411.454
0.0449219 82.6849 81.8532	0 5577.44 410.935
0.045166 103.923 81.2314	0 11449.1 410.697
0.0454102 70.7945 80.3913	0 5792.33 409.911
0.0456543 79.1845 79.3496	0 7555.34 407.77
0.0458984 72.162 78.1286	0 5398.63 403.685
0.0461426 87.5936 76.7548	0 8034.37 397.359
0.0463867 70.4908 75.2573	0 5351.67 388.746
0.0466309 81.9031 73.6669	0 5533.99 377.938
0.046875 68.1326 72.0147	0 4529.92 365.092
0.0471191 75.484 70.3304	0 5934.41 350.417
0.0473633 68.6694 68.64	0 4334.68 334.25
0.0476074 62.2526 66.9635	0 3785.85 317.138
0.0478516 63.5925 65.312	0 3512.65 299.827
0.0480957 60.4619 63.686	0 2935.84 283.109
0.0483398 56.8626 62.0751	0 2767.03 267.561
0.048584 55.59 60.4601	0 2692.62 253.312
0.0488281 64.5393 58.8166	0 3608.2 239.997
0.0490723 66.225 57.1204	0 5156.5 226.932
0.0493164 55.8815 55.3528	0 2594.11 213.42
0.0495605 66.0414 53.5057	0 3674.66 199.042
0.0498047 44.0175 51.5831	0 1877.3 183.798
0.0500488 53.3921 49.6018	0 2897.64 168.065
0.050293 47.732 47.5879	0 1728.74 152.431
0.0505371 40.0776 45.5728	0 1063.87 137.502
0.0507812 42.7048 43.5878	0 1910.75 123.749
0.0510254 39.5846 41.6595	0 1165.24 111.429
0.0512695 37.0079 39.8072	0 1211.2 100.57
0.0515137 33.7482 38.0409	0 861.829 91.0151
0.0517578 38.5981 36.363	0 1256.9 82.4982
0.052002 31.3559 34.7704	0 1224.3 74.7184
0.0522461 34.1535 33.2575	0 1250.49 67.4123
0.0524902 35.2583 31.8194	0 753.445 60.4107
0.0527344 30.6154 30.4538	0 953.804 53.6789
0.0529785 28.2564 29.162	0 738.911 47.3317
0.0532227 25.3797 27.9484	0 896.437 41.6087
0.0534668 23.8292 26.8188	0 441.908 36.8028
0.0537109 24.2948 25.7786	0 446 33.1574
0.0539551 23.3267 24.83	0 558.952 30.7647
0.0541992 19.4229 23.9714	0 400.739 29.5103
0.0544434 25.0043 23.1966	0 714.01 29.0891
0.0546875 20.4811 22.4956	0 430.159 29.0859
0.0549316 21.8635 21.8559	0 554.715 29.0895
0.0551758 20.925 21.2642	0 437.684 28.7921
0.0554199 21.0694 20.7088	0 360.378 28.0423
0.0556641 23.2982 20.18	0 524.541 26.841
0.0559082 20.0536 19.6712	0 365.894 25.2962
0.0561523 18.1027 19.1785	0 307.074 23.563
0.0563965 16.1453 18.6999	0 203.575 21.7917
0.0566406 16.4343 18.2344	0 320.122 20.0978
0.0568848 17.9104 17.7814	0 287.89 18.5543
0.0571289 17.4625 17.3403	0 280.879 17.1982
0.057373 18.5164 16.9107	0 306.828 16.0447
0.0576172 16.2121 16.4922	0 225.454 15.1015
0.0578613 17.8401 16.0855	0 255.717 14.3776
0.0581055 16.0916 15.6917	0 348.055 13.8862
0.0583496 14.3939 15.3124	0 124.237 13.6386
0.0585938 12.6659 14.9494	0 148.577 13.6318
0.0588379 11.3976 14.6037	0 90.949 13.8342
0.059082 15.426 14.2755	0 187.833 14.1768
0.0593262 15.3205 13.9639	0 262.892 14.5566
0.0595703 14.6376 13.6669	0 211.141 14.8547
0.0598145 12.6886 13.382	0 200.125 14.965
0.0600586 12.9578 13.1065	0 227.721 14.8231
0.0603027 13.2147 12.8377	0 244.584 14.4242
0.0605469 13.3425 12.5739	0 239.609 13.82
0.060791 8.94807 12.3135	0 72.1565 13.0964
0.0610352 12.1876 12.0562	0 107.976 12.3408
0.0612793 13.4118 11.8023	0 159.709 11.6124
0.0615234 12.3488 11.5532	0 180.849 10.9288
0.0617676 11.5165 11.3111	0 157.603 10.2728
0.0620117 11.8757 11.079	0 107.051 9.61384
0.0622559 9.72271 10.8598	0 115.834 8.93137
0.0625 9.97113 10.6563	0 159.252 8.23033
0.0627441 7.68308 10.4702	0 47.5672 7.54126
0.0629883 10.906 10.3021	0 135.722 6.9078
0.0632324 10.073 10.151	0 109.348 6.36899
0.0634766 9.59934 10.015	0 64.2361 5.94485
0.0637207 10.5185 9.89156	0 107.88 5.63128
0.0639648 10.8753 9.77816	0 128.829 5.40463
0.064209 10.3097 9.67271	0 85.6575 5.23229
0.0644531 8.9807 9.57377	0 106.073 5.08313
0.0646973 8.54631 9.48054	0 74.6294 4.93384
0.0649414 8.57036 9.39257	0 67.7341 4.77011
0.0651855 9.38831 9.30942	0 112.586 4.58513
0.0654297 8.59036 9.23047	0 47.2602 4.37855
0.0656738 10.304 9.15479	0 134.214 4.15712
0.065918 9.27203 9.08126	0 73.1292 3.93545
0.0661621 8.81117 9.00876	0 60.292 3.7341
0.0664062 9.17943 8.93645	0 64.9029 3.57395
0.0666504 8.97469 8.86391	0 55.9812 3.46853
0.0668945 8.84588 8.79125	0 72.4236 3.4183
0.0671387 8.49432 8.71907	0 58.331 3.41022
0.0673828 7.93567 8.64837	0 64.9615 3.4229
0.067627 8.43542 8.58041	0 77.9993 3.43497
0.0678711 9.26556 8.51656	0 69.5258 3.43237
0.0681152 8.71702 8.45813	0 68.0898 3.41185
0.0683594 8.42519 8.4062	0 77.7851 3.37995
0.0686035 7.45846 8.36135	0 50.8332 3.34926
0.0688477 8.29231 8.32349	0 54.6948 3.33387
0.0690918 8.36369 8.29165	0 74.9972 3.34558
0.0693359 7.60819 8.26394	0 57.8138 3.39082
0.0695801 7.32727 8.23766	0 50.3533 3.46828
0.0698242 9.31051 8.20966	0 89.8296 3.56772
0.0700684 8.17917 8.17686	0 66.6405 3.67114
0.0703125 8.39391 8.13684	0 65.4194 3.75737
0.0705566 9.31033 8.0884	0 84.242 3.80915
0.0708008 8.55525 8.032	0 74.5861 3.81993
0.0710449 7.56781 7.96981	0 65.8134 3.7969
0.0712891 7.95656 7.90554	0 66.4459 3.75834
0.0715332 7.29289 7.84395	0 54.8439 3.72611
0.0717773 8.27219 7.7902	0 57.2516 3.71682
0.0720215 6.58701 7.74901	0 32.8127 3.73593
0.0722656 7.43986 7.72405	0 42.8264 3.77738
0.0725098 7.34489 7.71737	0 53.9435 3.82847
0.0727539 6.9302 7.72909	0 76.053 3.87688
0.072998 7.57987 7.7575	0 48.9715 3.91648
0.0732422 8.05072 7.79922	0 62.8016 3.94903
0.0734863 7.29451 7.84976	0 58.3412 3.98185
0.0737305 7.40006 7.90413	0 41.3708 4.02307
0.0739746 9.92985 7.95745	0 87.7364 4.07687
0.0742188 7.6553 8.00556	0 39.831 4.14085
0.0744629 8.47113 8.04543	0 66.7335 4.2064
0.074707 7.29683 8.07531	0 44.5711 4.26231
0.0749512 8.88549 8.09476	0 53.175 4.30024
0.0751953 9.12142 8.1043	0 80.7033 4.31952
0.0754395 8.96315 8.10506	0 91.5321 4.32874
0.0756836 6.16545 8.09834	0 30.7822 4.34214
0.0759277 7.34172 8.08524	0 56.0015 4.37235
0.0761719 8.0782 8.06652	0 64.7379 4.42282
0.076416 8.93083 8.04256	0 70.9628 4.48457
0.0766602 8.12352 8.0136	0 57.0535 4.53923
0.0769043 9.19545 7.97998	0 67.0866 4.56713
0.0771484 7.82977 7.94247	0 83.5147 4.55609
0.0773926 7.66273 7.90237	0 44.5785 4.50637
0.0776367 7.48043 7.86159	0 45.0599 4.43001
0.0778809 7.06029 7.82247	0 53.6122 4.34597
0.078125 8.46806 7.7875	0 74.1554 4.27431
0.0783691 8.04442 7.759	0 97.5664 4.23226
0.0786133 7.74525 7.73878	0 57.1622 4.23234
0.0788574 6.44528 7.72789	0 32.5242 4.28116
0.0791016 7.44361 7.72651	0 52.2616 4.37753
0.0793457 7.48083 7.73392	0 45.635 4.51073
0.0795898 8.4073 7.74864	0 66.6636 4.66099
0.079834 7.31507 7.7686	0 54.217 4.80385
0.0800781 8.37865 7.79133	0 70.388 4.91735
0.0803223 7.31804 7.81424	0 58.9936 4.98861
0.0805664 8.01021 7.83473	0 64.1857 5.0157
0.0808105 8.76303 7.85035	0 65.788 5.00402
0.0810547 7.7406 7.85892	0 71.7372 4.95959
0.0812988 6.97386 7.85869	0 40.5602 4.88456
0.081543 7.04238 7.84848	0 42.2065 4.77833
0.0817871 10.0821 7.82789	0 91.7266 4.64385
0.0820312 7.93284 7.79748	0 70.656 4.49429
0.0822754 7.43763 7.75882	0 53.1066 4.35441
0.0825195 9.11052 7.7144	0 66.4957 4.2543
0.0827637 7.12122 7.66739	0 38.1896 4.21818
0.0830078 7.21217 7.62119	0 50.2891 4.25437
0.083252 6.78771 7.57896	0 48.7457 4.35184
0.0834961 6.33295 7.54308	0 48.4199 4.48467
0.0837402 8.5344 7.51489	0 74.131 4.6216
0.0839844 7.39272 7.49453	0 39.7079 4.73582
0.0842285 7.17133 7.48108	0 57.0454 4.81165
0.0844727 7.67163 7.47284	0 70.8575 4.84701
0.0847168 6.88664 7.46777	0 47.1524 4.85223
0.0849609 8.00712 7.46393	0 59.8055 4.84636
0.0852051 7.32057 7.45981	0 54.288 4.85162
0.0854492 8.95447 7.45456	0 68.4542 4.88656
0.0856934 6.49672 7.44796	0 38.0011 4.95943
0.0859375 6.93069 7.44038	0 39.8888 5.06395
0.0861816 8.56146 7.43247	0 77.1334 5.17946
0.0864258 6.52953 7.42496	0 35.2008 5.27634
0.0866699 6.23112 7.41842	0 46.4167 5.32531
0.0869141 8.68087 7.4131	0 52.189 5.3076
0.0871582 7.81066 7.40889	0 71.6241 5.22173
0.0874023 6.65768 7.40538	0 59.0848 5.08422
0.0876465 7.32416 7.40191	0 69.6964 4.92344
0.0878906 7.91032 7.39769	0 39.8394 4.76959
0.0881348 7.29707 7.39187	0 44.334 4.64498
0.0883789 7.62659 7.38361	0 58.805 4.55856
0.088623 6.92582 7.37214	0 62.7123 4.50605
0.0888672 8.10863 7.35682	0 72.3203 4.47418
0.0891113 6.08916 7.33723	0 36.2263 4.4464
0.0893555 7.79375 7.31327	0 64.9796 4.40792
0.0895996 7.68677 7.28526	0 58.381 4.34918
0.0898438 8.50335 7.25395	0 130.459 4.26753
0.0900879 6.82972 7.22043	0 33.8946 4.16719
0.090332 6.87865 7.18595	0 48.5306 4.05718
0.0905762 6.58145 7.15168	0 38.1874 3.9479
0.0908203 7.13638 7.11837	0 42.0751 3.84737
0.0910645 6.66214 7.08622	0 43.7121 3.75877
0.0913086 7.0795 7.05475	0 74.8683 3.68012
0.0915527 7.12563 7.02295	0 51.8304 3.60613
0.0917969 6.97938 6.98954	0 55.0899 3.53104
0.092041 7.34971 6.95331	0 41.9297 3.45123
0.0922852 7.50515 6.91348	0 59.2732 3.36642
0.0925293 6.90221 6.8699	0 46.8702 3.27915
0.0927734 6.95298 6.82319	0 45.0483 3.1928
0.0930176 6.61383 6.77454	0 46.2775 3.10918
0.0932617 6.524 6.72552	0 39.0117 3.02711
0.0935059 6.32719 6.67771	0 38.1825 2.94295
0.09375 6.39547 6.63238	0 34.0404 2.8531
0.0939941 7.95204 6.59031	0 58.5249 2.75696
0.0942383 4.69225 6.55171	0 27.7278 2.65864
0.0944824 5.77659 6.51635	0 33.0319 2.56616
0.0947266 7.80354 6.48376	0 62.9505 2.48858
0.0949707 6.88604 6.45351	0 55.1529 2.43241
0.0952148 6.63035 6.42544	0 35.7252 2.3991
0.095459 6.53944 6.39973	0 46.5019 2.38437
0.0957031 5.87286 6.37687	0 35.2574 2.3796
0.0959473 5.94196 6.35751	0 41.2521 2.37445
0.0961914 5.79662 6.34216	0 32.3669 2.36016
0.0964355 6.28489 6.33096	0 43.4656 2.33264
0.0966797 7.40684 6.32347	0 57.8448 2.29414
0.0969238 5.46867 6.31854	0 31.6711 2.2528
0.097168 6.19865 6.31441	0 33.9294 2.21967
0.0974121 6.1368 6.30881	0 37.634 2.20416
0.0976562 6.6447 6.29926	0 48.4531 2.2097
0.0979004 6.63383 6.28329	0 33.1175 2.23151
0.0981445 6.867 6.25885	0 45.3909 2.2575
0.0983887 5.34614 6.22448	0 39.0822 2.2719
0.0986328 7.57288 6.17961	0 43.9584 2.26042
0.098877 5.52871 6.12464	0 25.6401 2.21475
0.0991211 6.69151 6.06094	0 35.9141 2.13511
0.0993652 5.8912 5.99076	0 33.6355 2.03002
0.0996094 6.19777 5.917	0 39.2429 1.91351
0.0998535 5.97589 5.8429	0 32.7507 1.8009
0.100098 5.02939 5.77164	0 33.9565 1.7047
0.100342 5.61269 5.70597	0 24.4731 1.63192
0.100586 5.32802 5.64792	0 25.451 1.58361
0.10083 5.62641 5.59856	0 36.3089 1.55624
0.101074 4.77489 5.55798	0 27.5752 1.54421
0.101318 5.84611 5.52539	0 37.6824 1.54204
0.101562 5.23684 5.49935	0 29.3782 1.54564
0.101807 5.39875 5.47807	0 26.4717 1.5524
0.102051 6.16963 5.45972	0 24.6686 1.56047
0.102295 5.58929 5.44267	0 31.817 1.56806
0.102539 4.83257 5.42565	0 29.3329 1.57301
0.102783 6.0829 5.40772	0 48.4623 1.57301
0.103027 5.16745 5.38822	0 17.9329 1.56596
0.103271 5.15818 5.36667	0 27.388 1.55034
0.103516 4.80623 5.34265	0 19.9847 1.52534
0.10376 5.71923 5.31581	0 32.4989 1.49087
0.104004 5.86686 5.28588	0 29.2582 1.44764
0.104248 4.73203 5.25287	0 17.6292 1.39734
0.104492 5.27445 5.21716	0 22.962 1.34287
0.104736 6.29434 5.1796	0 39.5273 1.28848
0.10498 4.62453 5.14149	0 23.1745 1.23957
0.105225 5.27467 5.10443	0 20.6193 1.20202
0.105469 4.86098 5.07007	0 26.5074 1.18092
0.105713 4.68778 5.03982	0 18.0519 1.1789
0.105957 4.58025 5.0146	0 14.9406 1.19475
0.106201 4.4282 4.99466	0 20.3512 1.22314
0.106445 4.90816 4.97963	0 25.9512 1.25591
0.106689 5.24705 4.96859	0 21.9034 1.28495
0.106934 6.05438 4.9603	0 36.1118 1.30528
0.107178 4.94692 4.95347	0 19.8249 1.31714
0.107422 4.25358 4.94692	0 15.9513 1.32568
0.107666 4.42111 4.93977	0 13.2354 1.3384
0.10791 5.64421 4.93144	0 39.2373 1.3614
0.108154 4.8511 4.92165	0 26.1226 1.39627
0.108398 4.7424 4.91037	0 21.1716 1.43912
0.108643 5.34881 4.89774	0 42.0704 1.48207
0.108887 4.99359 4.88397	0 29.1332 1.51639
0.109131 4.02939 4.8693	0 12.4609 1.53558
0.109375 5.65381 4.85384	0 29.7649 1.53707
0.109619 4.79825 4.83756	0 21.7389 1.52219
0.109863 4.38854 4.82023	0 19.3596 1.49482
0.110107 4.757 4.80134	0 23.1645 1.45974
0.110352 4.92217 4.78024	0 21.5455 1.42167
0.110596 4.70809 4.75618	0 24.6421 1.3849
0.11084 4.66987 4.72851	0 20.5271 1.35341
0.111084 5.22927 4.6968	0 28.8982 1.33072
0.111328 4.9722 4.66107	0 20.6533 1.31925
0.111572 4.97613 4.6218	0 17.3956 1.3193
0.111816 3.92173 4.57999	0 9.04175 1.32836
0.112061 4.51467 4.53706	0 22.708 1.34154
0.112305 4.29206 4.49476	0 17.1028 1.35336
0.112549 5.0769 4.45491	0 24.8095 1.36019
0.112793 4.21027 4.41924	0 16.8599 1.36205
0.113037 3.71942 4.38917	0 20.9436 1.3627
0.113281 4.5654 4.3657	0 16.6065 1.36776
0.113525 4.4034 4.34924	0 19.6317 1.38185
0.11377 3.6171 4.33962	0 8.98951 1.40638
0.114014 3.98896 4.33612	0 16.2498 1.43885
0.114258 5.21439 4.33755	0 27.0848 1.47399
0.114502 3.93367 4.34246	0 15.9216 1.50566
0.114746 4.39809 4.34932	0 16.0516 1.52859
0.11499 4.30792 4.35672	0 17.7707 1.5392
0.115234 4.4585 4.36359	0 24.3866 1.53592
0.115479 4.54937 4.36927	0 19.8251 1.51912
0.115723 4.42583 4.37361	0 23.4098 1.49106
0.115967 4.6635 4.37682	0 21.8433 1.45563
0.116211 4.28142 4.37942	0 19.4391 1.41765
0.116455 4.46188 4.38198	0 15.0591 1.38165
0.116699 3.95403 4.38496	0 12.8788 1.35055
0.116943 3.89422 4.38857	0 18.2651 1.32481
0.117188 4.5292 4.39267	0 14.7825 1.30245
0.117432 4.58877 4.39681	0 19.5253 1.28021
0.117676 4.83696 4.40036	0 29.7998 1.25531
0.11792 4.09365 4.40259	0 15.9963 1.2274
0.118164 4.53053 4.40289	0 28.135 1.19939
0.118408 4.93183 4.40079	0 18.9096 1.17696
0.118652 4.01251 4.39609	0 12.9225 1.16634
0.118896 4.42625 4.38881	0 21.0003 1.1716
0.119141 4.18861 4.37914	0 13.7302 1.19235
0.119385 4.38587 4.36741	0 15.1792 1.22334
0.119629 4.4167 4.35405	0 23.1996 1.25582
0.119873 4.79904 4.33956	0 26.9862 1.28038
0.120117 4.36064 4.32454	0 19.0988 1.28983
0.120361 3.65945 4.30961	0 10.0948 1.28124
0.120605 4.52001 4.29546	0 24.9389 1.25654
0.12085 4.5091 4.28271	0 17.5611 1.22177
0.121094 4.18206 4.27187	0 16.749 1.18528
0.121338 4.32042 4.26319	0 19.819 1.15548
0.121582 3.82322 4.25663	0 12.1549 1.13871
0.121826 4.01942 4.25176	0 15.4075 1.13783
0.12207 4.42109 4.24787	0 16.6594 1.15215
0.122314 4.12139 4.24402	0 15.5284 1.17851
0.122559 4.37921 4.23923	0 17.1627 1.21301
0.122803 4.11782 4.23263	0 14.6207 1.25241
0.123047 5.3447 4.22362	0 33.4935 1.29431
0.123291 4.22997 4.21191	0 22.9467 1.33632
0.123535 3.7165 4.19752	0 11.5521 1.37492
0.123779 3.32655 4.18077	0 10.1778 1.40515
0.124023 4.81789 4.16212	0 37.791 1.4215
0.124268 4.21231 4.14218	0 15.4604 1.41955
0.124512 4.25439 4.1216	0 12.4353 1.39744
0.124756 4.02073 4.1011	0 13.3774 1.3563
0.125 4.24671 4.08146	0 14.909 1.29957
0.125244 3.80882 4.06354	0 16.2144 1.23188
0.125488 3.80193 4.04825	0 18.553 1.15815
0.125732 4.57051 4.03639	0 29.4536 1.08306
0.125977 3.60784 4.02857	0 11.1619 1.01081
0.126221 4.28366 4.02495	0 15.13 0.944746
0.126465 3.41966 4.02518	0 10.9754 0.886697
0.126709 3.76085 4.02824	0 15.3126 0.836686
0.126953 4.10688 4.03258	0 12.5709 0.793352
0.127197 3.61859 4.03628	0 12.6667 0.755294
0.127441 4.36356 4.03737	0 20.741 0.72269
0.127686 4.91881 4.03425	0 16.009 0.698165
0.12793 4.22261 4.02601	0 13.3362 0.686165
0.128174 3.90432 4.01268	0 18.162 0.690883
0.128418 4.47186 3.99532	0 16.6823 0.713785
0.128662 4.12432 3.97581	0 14.4878 0.752073
0.128906 3.13706 3.95657	0 9.41556 0.799024
0.12915 4.24106 3.94009	0 22.3904 0.846054
0.129395 3.47595 3.92849	0 14.1242 0.885456
0.129639 3.76495 3.92312	0 12.6633 0.912462
0.129883 3.26485 3.92438	0 7.43262 0.925826
0.130127 4.0704 3.93166	0 15.1212 0.927038
0.130371 3.7112 3.94352	0 14.8611 0.918925
0.130615 4.23996 3.95798	0 13.1114 0.904461
0.130859 4.66753 3.97289	0 30.1216 0.886176
0.131104 3.59411 3.98622	0 11.8969 0.866093
0.131348 4.46613 3.99639	0 16.1935 0.845851
0.131592 3.72844 4.00239	0 13.6437 0.826818
0.131836 3.89707 4.00387	0 16.655 0.810088
0.13208 4.1376 4.00108	0 15.7522 0.796405
0.132324 4.62587 3.99479	0 18.1659 0.786046
0.132568 3.75622 3.98612	0 11.0797 0.778701
0.132812 3.65517 3.97638	0 11.5815 0.773456
0.133057 4.37013 3.96694	0 16.6268 0.768944
0.133301 3.78238 3.95905	0 13.1937 0.763688
0.133545 3.36676 3.95374	0 11.7264 0.756555
0.133789 4.00773 3.95176	0 15.1546 0.74715
0.134033 4.00954 3.95349	0 15.1216 0.736047
0.134277 4.0747 3.95893	0 14.387 0.724772
0.134521 4.14816 3.9677	0 16.5316 0.715562
0.134766 3.67081 3.979	0 11.3842 0.71092
0.13501 3.66292 3.99163	0 12.6138 0.713031
0.135254 4.1939 4.00403	0 18.4957 0.72317
0.135498 4.12592 4.0144	0 16.0465 0.741239
0.135742 3.92111 4.02084	0 16.8572 0.765576
0.135986 3.62155 4.02164	0 9.38993 0.793123
0.13623 4.90945 4.01549	0 28.6465 0.819987
0.136475 3.99259 4.00181	0 12.0965 0.842317
0.136719 4.83749 3.98088	0 19.7539 0.857254
0.136963 3.99341 3.95387	0 12.5432 0.863635
0.137207 4.15527 3.92273	0 21.3474 0.862116
0.137451 3.22079 3.88992	0 6.23716 0.854645
0.137695 3.58223 3.85803	0 11.9539 0.843523
0.137939 3.82685 3.82941	0 9.32618 0.830592
0.138184 3.31334 3.80587	0 16.2548 0.817028
0.138428 3.8249 3.78847	0 15.4845 0.803841
0.138672 3.85215 3.77747	0 13.9136 0.792642
0.138916 3.93815 3.77238	0 18.0806 0.785973
0.13916 3.33985 3.77215	0 10.4766 0.78668
0.139404 3.68385 3.77535	0 9.8284 0.796458
0.139648 4.03901 3.78037	0 17.4989 0.814362
0.139893 3.66423 3.78565	0 12.3346 0.836313
0.140137 4.00839 3.78983	0 17.3974 0.856118
0.140381 3.91956 3.79193	0 16.0619 0.867705
0.140625 3.63675 3.79141	0 13.9762 0.867511
0.140869 3.75068 3.7883	0 11.6942 0.855905
0.141113 4.57142 3.78319	0 16.4854 0.837079
0.141357 2.99923 3.77717	0 8.11651 0.817636
0.141602 4.21894 3.77168	0 12.2594 0.804631
0.141846 3.94652 3.76827	0 16.3254 0.803823
0.14209 3.72158 3.76834	0 17.1482 0.818509
0.142334 3.18287 3.77282	0 7.74334 0.848991
0.142578 3.27169 3.78197	0 12.9798 0.892549
0.142822 3.73889 3.79526	0 19.8243 0.943876
0.143066 3.49206 3.81146	0 17.6202 0.996018
0.143311 3.75397 3.8288	0 17.595 1.04173
0.143555 4.79412 3.84533	0 20.2553 1.07497
0.143799 4.35129 3.85926	0 23.1985 1.09213
0.144043 3.52777 3.86922	0 15.6076 1.09242
0.144287 4.42982 3.87449	0 17.9103 1.07759
0.144531 2.9794 3.87498	0 8.80829 1.05091
0.144775 4.35173 3.87119	0 18.3526 1.01621
0.14502 4.14085 3.86397	0 20.393 0.977112
0.145264 3.43987 3.8543	0 12.033 0.93679
0.145508 4.24808 3.84312	0 20.8628 0.897986
0.145752 3.68237 3.83113	0 15.7117 0.862997
0.145996 3.2157 3.81878	0 9.59733 0.833508
0.14624 4.00192 3.80626	0 15.5635 0.810324
0.146484 3.83376 3.79359	0 13.4696 0.793212
0.146729 4.31936 3.78076	0 20.0347 0.781016
0.146973 3.85091 3.7678	0 19.4151 0.772013
0.147217 3.37085 3.75487	0 9.96283 0.764392
0.147461 3.63596 3.74229	0 23.2963 0.756707
0.147705 3.88974 3.73051	0 11.8773 0.748238
0.147949 3.56851 3.72003	0 16.168 0.739218
0.148193 3.92409 3.71137	0 13.5029 0.730855
0.148438 3.40207 3.70493	0 8.5855 0.725026
0.148682 3.81289 3.70093	0 16.5835 0.723628
0.148926 3.51763 3.69938	0 11.1625 0.727761
0.14917 3.5648 3.70006	0 12.2999 0.737076
0.149414 3.79406 3.7025	0 11.9372 0.749614
0.149658 3.9893 3.70606	0 16.087 0.762296
0.149902 3.17427 3.71002	0 11.8007 0.771961
0.150146 3.85797 3.71361	0 13.2032 0.7766
0.150391 3.82523 3.71616	0 13.7778 0.776352
0.150635 4.08262 3.71718	0 16.078 0.773791
0.150879 3.58405 3.71639	0 9.70756 0.773312
0.151123 3.77284 3.7138	0 13.6062 0.779665
0.151367 3.79878 3.70964	0 18.6639 0.796108
0.151611 3.4701 3.70441	0 9.72757 0.822826
0.151855 3.87141 3.69873	0 12.0959 0.856295
0.1521 3.37881 3.69333	0 8.4035 0.889951
0.152344 3.99623 3.68895	0 16.8792 0.916041
0.152588 3.75495 3.68625	0 22.4048 0.928021
0.152832 3.64477 3.68577	0 15.2683 0.922601
0.153076 3.30312 3.68783	0 9.59509 0.900656
0.15332 3.36514 3.69253	0 11.4154 0.866724
0.153564 4.19537 3.69968	0 14.5496 0.827395
0.153809 3.51476 3.70886	0 11.5397 0.789335
0.154053 3.73617 3.71943	0 15.6384 0.757731
0.154297 3.51423 3.7306	0 17.1371 0.735635
0.154541 4.17256 3.74149	0 16.0805 0.72423
0.154785 3.38305 3.75126	0 9.91165 0.723598
0.155029 3.95174 3.75919	0 12.6359 0.73343
0.155273 3.73182 3.76469	0 14.8648 0.753205
0.155518 4.01089 3.76741	0 15.3093 0.781733
0.155762 4.30117 3.7672	0 14.7957 0.816378
0.156006 3.36708 3.76413	0 15.9538 0.85256
0.15625 3.5309 3.75848	0 12.7799 0.884086
0.156494 3.35403 3.75069	0 10.7892 0.904492
0.156738 4.14869 3.74137	0 20.8295 0.909012
0.156982 4.31222 3.73126	0 17.2914 0.896387
0.157227 3.77191 3.72123	0 10.2988 0.869625
0.157471 3.78474 3.71222	0 11.3635 0.835178
0.157715 2.99998 3.70522	0 8.50223 0.800713
0.157959 3.07267 3.70118	0 9.06703 0.772358
0.158203 3.73927 3.70101	0 15.0677 0.752684
0.158447 4.86656 3.70545	0 25.9544 0.740387
0.158691 3.35808 3.71505	0 12.5249 0.731807
0.158936 3.29761 3.73004	0 10.7526 0.723402
0.15918 3.95773 3.7503	0 21.8756 0.713799
0.159424 3.10463 3.7753	0 11.0398 0.704377
0.159668 3.7479 3.80406	0 12.5237 0.69824
0.159912 3.49563 3.83528	0 8.40541 0.69843
0.160156 4.2521 3.86746	0 17.0152 0.706519
0.1604 4.11184 3.89909	0 11.0296 0.722368
0.160645 4.00512 3.92884	0 14.4613 0.744946
0.160889 4.6915 3.95578	0 20.7238 0.77347
0.161133 3.67451 3.97937	0 16.6813 0.807948
0.161377 3.91799 3.99947	0 17.2569 0.848708
0.161621 4.23827 4.01625	0 10.9584 0.895179
0.161865 3.41463 4.03	0 9.45515 0.944766
0.162109 3.99029 4.04101	0 19.1626 0.992618
0.162354 3.84975 4.04944	0 18.3777 1.03258
0.162598 5.28941 4.05525	0 24.9448 1.05895
0.162842 4.15887 4.05824	0 15.9253 1.06805
0.163086 3.47019 4.05802	0 13.7808 1.05914
0.16333 3.56317 4.05414	0 12.9942 1.03411
0.163574 4.50414 4.04615	0 22.2516 0.996681
0.163818 4.27355 4.03373	0 16.7567 0.951381
0.164062 3.89227 4.01677	0 14.0495 0.9028
0.164307 4.17379 3.99553	0 16.3992 0.855185
0.164551 3.91585 3.97068	0 17.6944 0.812234
0.164795 5.0607 3.94332	0 19.9973 0.77692
0.165039 3.39019 3.91493	0 10.5855 0.751269
0.165283 3.49552 3.88715	0 12.1838 0.736089
0.165527 3.80026 3.86166	0 10.9977 0.7308
0.165771 3.50691 3.8399	0 14.5192 0.733563
0.166016 3.48875 3.82288	0 10.5519 0.741815
0.16626 4.34448 3.81108	0 17.7745 0.753086
0.166504 3.45212 3.80442	0 11.6828 0.765746
0.166748 3.92927 3.80228	0 18.8849 0.779316
0.166992 3.72256 3.80366	0 11.9606 0.794173
0.167236 3.43438 3.80733	0 12.8631 0.810832
0.16748 3.70884 3.81203	0 15.7253 0.82918
0.167725 4.11271 3.81662	0 16.4765 0.848047
0.167969 4.12567 3.82019	0 13.0706 0.865334
0.168213 4.43967 3.82214	0 21.2837 0.878585
0.168457 3.58879 3.82217	0 13.6895 0.885738
0.168701 3.36314 3.82029	0 10.1718 0.885699
0.168945 3.25965 3.81673	0 10.4962 0.878581
0.169189 4.3025 3.81194	0 16.4532 0.865681
0.169434 3.86095 3.80655	0 13.6485 0.849351
0.169678 4.1607 3.80134	0 13.9062 0.83284
0.169922 4.1345 3.79722	0 13.8247 0.81994
0.170166 3.3411 3.79511	0 12.3947 0.814285
0.17041 3.59806 3.79585	0 10.8532 0.81837
0.170654 3.72051 3.80006	0 12.9237 0.832689
0.170898 3.47528 3.80796	0 12.1878 0.855511
0.171143 3.72 3.81932	0 12.8499 0.883499
0.171387 3.98074 3.83346	0 10.5226 0.912913
0.171631 3.68455 3.84931	0 17.5145 0.94082
0.171875 3.51581 3.86558	0 9.65141 0.965739
0.172119 4.60474 3.88098	0 22.2983 0.987536
0.172363 4.5991 3.89436	0 22.4189 1.00674
0.172607 3.33419 3.90485	0 8.76126 1.02374
0.172852 3.83653 3.91192	0 16.9026 1.0382
0.173096 3.75687 3.91535	0 12.3986 1.04903
0.17334 4.39027 3.91517	0 18.1565 1.05481
0.173584 3.72839 3.91162	0 12.8135 1.05424
0.173828 3.63425 3.90508	0 13.773 1.0467
0.174072 4.44154 3.89605	0 15.6504 1.03231
0.174316 3.664 3.88512	0 9.76515 1.01194
0.174561 4.43709 3.87294	0 19.4077 0.987049
0.174805 3.58492 3.86019	0 11.9251 0.959473
0.175049 3.62426 3.84751	0 13.2881 0.931206
0.175293 3.56177 3.83549	0 12.5087 0.904016
0.175537 4.06154 3.82462	0 12.3482 0.879126
0.175781 3.39881 3.81533	0 16.5295 0.857123
0.176025 4.15082 3.80796	0 13.3796 0.838224
0.17627 3.9197 3.80293	0 14.5909 0.822718
0.176514 3.76615 3.80064	0 15.2471 0.811272
0.176758 3.90004 3.80159	0 14.3269 0.804888
0.177002 3.57745 3.80622	0 12.4248 0.804598
0.177246 3.76364 3.81482	0 14.8338 0.811169
0.17749 3.62675 3.82742	0 16.8197 0.825005
0.177734 3.61595 3.84362	0 19.2674 0.846099
0.177979 3.76362 3.86264	0 15.384 0.873789
0.178223 3.56186 3.88331	0 9.92847 0.906244
0.178467 4.18974 3.90426	0 15.6008 0.939996
0.178711 4.25558 3.92413	0 24.4663 0.970062
0.178955 4.21594 3.94176	0 15.7389 0.990926
0.179199 3.90986 3.95637	0 18.1405 0.998155
0.179443 4.48489 3.9676	0 20.4089 0.989962
0.179688 3.84584 3.97555	0 14.4736 0.967992
0.179932 3.24979 3.98064	0 7.46763 0.937013
0.180176 3.91664 3.9835	0 17.4056 0.903673
0.18042 4.44356 3.98486	0 16.8896 0.874845
0.180664 4.01091 3.98542	0 12.3038 0.856094
0.180908 4.47745 3.98575	0 16.0194 0.85062
0.181152 3.27015 3.98623	0 10.3846 0.858808
0.181396 4.3991 3.98698	0 19.0419 0.878336
0.181641 3.97614 3.98783	0 19.5966 0.904709
0.181885 3.37864 3.98834	0 12.1187 0.932062
0.182129 3.77567 3.98783	0 18.3676 0.954144
0.182373 4.20529 3.98546	0 24.1711 0.965387
0.182617 4.54966 3.98046	0 23.2189 0.961997
0.182861 4.3213 3.97226	0 21.6524 0.94286
0.183105 3.8415 3.96067	0 16.5002 0.909981
0.18335 3.83741 3.94599	0 12.9487 0.868172
0.183594 3.82969 3.929	0 18.1186 0.8239
0.183838 4.61717 3.91095	0 13.1932 0.783624
0.184082 3.17813 3.89337	0 9.80957 0.752209
0.184326 3.61345 3.87785	0 15.4504 0.732088
0.18457 4.43591 3.86591	0 16.1531 0.723479
0.184814 3.6305 3.85872	0 12.5203 0.725365
0.185059 3.30574 3.857	0 9.55667 0.73646
0.185303 3.81895 3.86091	0 15.2571 0.755444
0.185547 3.97757 3.87001	0 13.9053 0.780299
0.185791 3.61516 3.88335	0 10.7763 0.807404
0.186035 3.62389 3.89953	0 14.5175 0.831393
0.186279 4.45001 3.91686	0 20.358 0.846445
0.186523 4.05335 3.9336	0 16.9913 0.848699
0.186768 3.87516 3.94814	0 11.908 0.838572
0.187012 3.76138 3.9592	0 9.82984 0.821579
0.187256 3.82514 3.96601	0 14.2147 0.806912
0.1875 4.84819 3.96838	0 16.612 0.804241
0.187744 4.29198 3.96671	0 13.5325 0.820163
0.187988 3.96777 3.96191	0 15.024 0.855971
0.188232 3.33818 3.95523	0 10.8512 0.907751
0.188477 3.83849 3.94801	0 20.8462 0.968623
0.188721 4.26015 3.9415	0 14.7756 1.03183
0.188965 3.6548 3.93662	0 9.26558 1.09299
0.189209 3.73813 3.93385	0 13.0591 1.15034
0.189453 3.79691 3.93326	0 16.7102 1.20322
0.189697 4.08201 3.93451	0 19.0858 1.25001
0.189941 3.86836 3.93702	0 14.5543 1.28715
0.190186 4.26935 3.94012	0 18.8923 1.30994
0.19043 3.86984 3.94318	0 11.6359 1.31462
0.190674 4.19256 3.94568	0 15.8227 1.30007
0.190918 3.85791 3.94732	0 15.2357 1.26809
0.191162 3.47121 3.94795	0 9.56506 1.2222
0.191406 4.393 3.9476	0 20.0398 1.16603
0.19165 3.5531 3.94643	0 21.1403 1.10267
0.191895 3.90966 3.94465	0 15.1698 1.03533
0.192139 4.85914 3.94254	0 21.7102 0.968599
0.192383 3.63146 3.94035	0 11.3434 0.908979
0.192627 3.80451 3.93825	0 12.1313 0.863855
0.192871 3.79967 3.9363	0 17.164 0.839098
0.193115 3.51574 3.93441	0 14.081 0.836585
0.193359 3.84284 3.93237	0 13.0135 0.853075
0.193604 4.2827 3.92993	0 13.254 0.881182
0.193848 4.26543 3.92688	0 19.8912 0.912104
0.194092 3.88418 3.92317	0 17.6886 0.938794
0.194336 4.20938 3.91894	0 18.0143 0.958088
0.19458 3.51637 3.91456	0 12.3117 0.970873
0.194824 3.93882 3.91052	0 13.0829 0.98044
0.195068 4.05653 3.90728	0 11.6892 0.990009
0.195312 3.75093 3.9052	0 14.378 1.00071
0.195557 3.75879 3.90435	0 14.6276 1.0109
0.195801 3.10282 3.90451	0 9.83237 1.01691
0.196045 4.64623 3.90524	0 20.3648 1.01467
0.196289 3.75807 3.90602	0 17.2513 1.00131
0.196533 4.43877 3.9064	0 20.5079 0.975984
0.196777 4.00068 3.90621	0 13.4618 0.939762
0.197021 3.48697 3.90568	0 11.5213 0.895004
0.197266 4.17628 3.90543	0 24.0548 0.844765
0.19751 3.90794 3.90645	0 13.7814 0.792731
0.197754 3.88166 3.90989	0 14.1378 0.743543
0.197998 3.53285 3.91689	0 13.6331 0.702975
0.198242 3.80445 3.92836	0 15.8864 0.677408
0.198486 4.05392 3.94476	0 19.8905 0.672413
0.19873 3.62779 3.96607	0 8.28267 0.690882
0.198975 4.194 3.99168	0 16.1333 0.731516
0.199219 3.50744 4.02054	0 14.9994 0.788533
0.199463 4.04482 4.05123	0 11.2592 0.852971
0.199707 4.40153 4.08222	0 23.7353 0.915231
0.199951 4.44768 4.11204	0 20.3918 0.967821
0.200195 4.06852 4.13944	0 21.1351 1.00707
0.200439 4.19048 4.16357	0 16.3746 1.03314
0.200684 4.28153 4.18399	0 19.1408 1.04852
0.200928 4.44666 4.20064	0 17.115 1.05628
0.201172 3.9777 4.21378	0 16.7369 1.05901
0.201416 4.41624 4.22382	0 16.6398 1.05906
0.20166 4.07028 4.23118	0 12.1694 1.05932
0.201904 4.23285 4.23619	0 17.8374 1.06342
0.202148 4.56466 4.23897	0 16.1344 1.07486
0.202393 3.81851 4.23943	0 16.8284 1.0952
0.202637 4.07631 4.23731	0 19.1972 1.12266
0.202881 4.58879 4.23226	0 21.7633 1.15218
0.203125 4.53427 4.22395	0 15.5437 1.17709
0.203369 4.23547 4.2122	0 18.4822 1.1917
0.203613 4.49017 4.19713	0 18.7139 1.19328
0.203857 3.58412 4.17918	0 12.5651 1.18244
0.204102 4.35133 4.15915	0 22.2475 1.16211
0.204346 4.33466 4.13817	0 17.2163 1.1359
0.20459 4.10175 4.11762	0 15.4548 1.10701
0.204834 4.58614 4.09893	0 20.335 1.07811
0.205078 3.59261 4.08348	0 10.6676 1.05183
0.205322 3.80818 4.07239	0 13.1068 1.03107
0.205566 3.52519 4.06641	0 15.8253 1.0186
0.205811 4.21153 4.06584	0 15.0437 1.01603
0.206055 3.43551 4.07056	0 15.8512 1.02302
0.206299 5.12342 4.08002	0 22.9467 1.0372
0.206543 3.92856 4.09337	0 18.1218 1.05503
0.206787 4.23268 4.10952	0 15.8407 1.07308
0.207031 3.77059 4.12723	0 14.9643 1.08909
0.207275 3.47624 4.14517	0 11.5263 1.10247
0.20752 4.51307 4.16194	0 22.6552 1.11408
0.207764 4.84423 4.17615	0 21.1541 1.12579
0.208008 3.90011 4.18653	0 10.7676 1.13964
0.208252 4.35008 4.19201	0 15.8337 1.15708
0.208496 4.10217 4.19185	0 13.6627 1.17809
0.20874 4.49064 4.18579	0 17.7145 1.20073
0.208984 4.43171 4.17412	0 19.8132 1.22145
0.209229 4.32839 4.15774	0 21.2329 1.23626
0.209473 3.98876 4.13804	0 18.8306 1.24238
0.209717 4.16655 4.11688	0 14.4718 1.23962
0.209961 4.29203 4.09628	0 14.1061 1.23069
0.210205 3.69243 4.0783	0 14.9226 1.22025
0.210449 3.84875 4.06472	0 11.978 1.213
0.210693 4.11689 4.05693	0 21.7274 1.21166
0.210938 3.4627 4.05574	0 11.3534 1.21584
0.211182 3.96768 4.06135	0 15.7859 1.2223
0.211426 4.21951 4.07335	0 18.0562 1.2265
0.21167 4.44447 4.09081	0 21.2647 1.22478
0.211914 3.84732 4.11238	0 15.9426 1.21603
0.212158 3.68417 4.13645	0 12.3037 1.20204
0.212402 4.18239 4.16129	0 16.1024 1.1865
0.212646 4.65363 4.18522	0 17.4421 1.17301
0.212891 3.97576 4.20668	0 16.1878 1.16348
0.213135 4.4953 4.22437	0 15.6225 1.15752
0.213379 4.3722 4.23732	0 21.1635 1.15303
0.213623 4.78821 4.24484	0 24.7643 1.14736
0.213867 4.00411 4.24658	0 10.7322 1.13825
0.214111 3.87361 4.24243	0 15.4372 1.12393
0.214355 4.57107 4.23255	0 22.4843 1.1029
0.2146 3.94768 4.21729	0 19.5579 1.07382
0.214844 4.56822 4.19724	0 19.1614 1.03612
0.215088 4.44788 4.17326	0 16.0077 0.991201
0.215332 4.44264 4.14642	0 16.3398 0.943496
0.215576 3.72849 4.11802	0 12.9445 0.900331
0.21582 4.21734 4.08948	0 14.0116 0.870204
0.216064 3.97997 4.06218	0 13.3836 0.85982
0.216309 3.87259 4.03736	0 22.8446 0.871087
0.216553 3.91812 4.01596	0 13.7695 0.899575
0.216797 3.45227 3.99854	0 11.5422 0.935383
0.217041 4.1558 3.98527	0 21.2713 0.966297
0.217285 3.89935 3.97599	0 12.3622 0.982046
0.217529 4.29655 3.97027	0 21.6893 0.977872
0.217773 4.14279 3.96755	0 14.7526 0.955936
0.218018 3.79301 3.96718	0 11.7342 0.924024
0.218262 3.59503 3.96843	0 15.0842 0.89221
0.218506 4.18484 3.97055	0 15.4225 0.868962
0.21875 3.82922 3.97276	0 14.8451 0.858306
0.218994 3.86074 3.97424	0 15.3604 0.859063
0.219238 4.03997 3.97425	0 17.0227 0.866235
0.219482 4.08794 3.97224	0 15.227 0.873748
0.219727 4.18879 3.96794	0 27.9464 0.877328
0.219971 4.2631 3.96146	0 22.4878 0.876376
0.220215 3.69916 3.95331	0 10.6545 0.874174
0.220459 4.72431 3.94434	0 18.9892 0.876437
0.220703 3.27321 3.93555	0 8.74849 0.88881
0.220947 3.74974 3.92794	0 13.347 0.914285
0.221191 3.56994 3.92227	0 23.1649 0.951526
0.221436 3.6686 3.91898	0 11.7439 0.994721
0.22168 4.10177 3.91811	0 19.2196 1.03506
0.221924 4.26865 3.91937	0 18.2503 1.06338
0.222168 4.1376 3.92222	0 14.9905 1.07308
0.222412 3.51689 3.92606	0 10.7837 1.06247
0.222656 3.83653 3.93029	0 16.1199 1.03558
0.2229 4.29699 3.93444	0 17.9129 1.00117
0.223145 3.88845 3.93817	0 10.4329 0.970052
0.223389 4.0209 3.94126	0 10.9613 0.951633
0.223633 3.39161 3.94357	0 10.1879 0.950908
0.223877 4.11788 3.94496	0 12.2892 0.967075
0.224121 4.53995 3.94531	0 29.5262 0.994293
0.224365 3.74664 3.94448	0 12.9201 1.02414
0.224609 3.84848 3.94239	0 17.1998 1.04866
0.224854 3.52744 3.93901	0 12.466 1.06283
0.225098 4.32172 3.93452	0 22.7087 1.06558
0.225342 3.83141 3.92932	0 17.0257 1.05938
0.225586 4.41064 3.92407	0 16.6267 1.04872
0.22583 4.00993 3.91967	0 20.3745 1.03817
0.226074 3.78478 3.9172	0 13.3246 1.03079
0.226318 3.40714 3.91772	0 10.4255 1.02748
0.226562 3.63693 3.92216	0 11.4648 1.02741
0.226807 4.27984 3.93107	0 16.9912 1.02935
0.227051 3.74024 3.94451	0 14.0623 1.03312
0.227295 4.08682 3.96192	0 15.3926 1.04037
0.227539 3.39251 3.98215	0 11.0977 1.05413
0.227783 3.85266 4.00356	0 9.48492 1.07734
0.228027 4.25376 4.02417	0 18.7359 1.11127
0.228271 4.49784 4.04191	0 16.0237 1.15451
0.228516 4.10706 4.05487	0 14.071 1.20328
0.22876 4.56253 4.06156	0 26.8001 1.25245
0.229004 3.68793 4.06111	0 13.3533 1.29675
0.229248 4.16891 4.05339	0 16.4462 1.33126
0.229492 4.50432 4.03906	0 18.3141 1.35132
0.229736 3.80749 4.01959	0 16.1887 1.35245
0.22998 4.19968 3.99706	0 19.8242 1.33088
0.230225 4.47313 3.97398	0 37.8255 1.28509
0.230469 3.73273 3.953	0 12.8179 1.21747
0.230713 3.11407 3.93655	0 10.0162 1.13511
0.230957 3.93404 3.92651	0 14.5295 1.04892
0.231201 3.97522 3.92395	0 23.0808 0.971106
0.231445 3.14196 3.92893	0 11.9907 0.912052
0.231689 4.06787 3.9405	0 21.9697 0.877569
0.231934 3.6766 3.95682	0 10.6349 0.867647
0.232178 4.19113 3.97546	0 11.8818 0.876991
0.232422 4.36889 3.99373	0 20.523 0.897032
0.232666 3.86294 4.00911	0 12.5991 0.918631
0.23291 4.36015 4.01957	0 20.0678 0.934522
0.233154 4.27676 4.02382	0 21.9463 0.940781
0.233398 4.49817 4.02143	0 16.4883 0.937045
0.233643 3.9844 4.01283	0 10.7053 0.925746
0.233887 3.69344 3.99913	0 15.3416 0.910914
0.234131 3.659 3.98195	0 11.891 0.897118
0.234375 4.57195 3.96313	0 12.783 0.888765
0.234619 3.81277 3.94451	0 18.3364 0.889706
0.234863 3.77026 3.9277	0 14.0834 0.902859
0.235107 3.54438 3.91393	0 10.1327 0.929701
0.235352 4.08363 3.90393	0 13.0922 0.969655
0.235596 3.86426 3.89788	0 16.39 1.01962
0.23584 3.84572 3.89548	0 11.3476 1.07393
0.236084 3.29151 3.89604	0 8.17629 1.12503
0.236328 3.71462 3.89862	0 14.5467 1.16475
0.236572 4.45687 3.90221	0 25.4053 1.18612
0.236816 4.68094 3.90589	0 23.7585 1.18506
0.237061 3.51939 3.90901	0 11.5592 1.16146
0.237305 3.719 3.9112	0 20.9465 1.1192
0.237549 4.19334 3.91243	0 19.2098 1.06514
0.237793 3.29282 3.91298	0 10.2165 1.00729
0.238037 4.03822 3.91335	0 16.1911 0.953068
0.238281 4.3104 3.91414	0 21.5891 0.907866
0.238525 3.79723 3.91603	0 15.1999 0.874596
0.23877 3.93482 3.91957	0 13.4774 0.853914
0.239014 4.32971 3.92521	0 32.5517 0.844953
0.239258 3.15989 3.93313	0 9.43847 0.846109
0.239502 3.77134 3.94324	0 13.5418 0.855579
0.239746 3.56851 3.95514	0 10.2622 0.871535
0.23999 4.62556 3.96816	0 19.8703 0.892092
0.240234 3.82839 3.98146	0 13.077 0.915278
0.240479 4.89605 3.99407	0 20.4181 0.939209
0.240723 3.55013 4.00511	0 11.4498 0.962425
0.240967 3.1792 4.01383	0 9.85697 0.984186
0.241211 4.09535 4.01977	0 12.9649 1.00455
0.241455 4.77694 4.0228	0 22.6478 1.02412
0.241699 4.34477 4.02307	0 11.2465 1.0436
0.241943 4.49284 4.02096	0 24.8826 1.06311
0.242188 3.55437 4.01691	0 12.7732 1.08164
0.242432 3.5812 4.01125	0 10.7135 1.0966
0.242676 3.44565 4.00408	0 12.9652 1.10395
0.24292 4.4974 3.99515	0 18.6825 1.09911
0.243164 3.86967 3.98398	0 14.6752 1.07864
0.243408 4.16588 3.96996	0 23.0766 1.0421
0.243652 4.07914 3.95259	0 14.4245 0.993273
0.243896 4.1589 3.93171	0 17.3618 0.939862
0.244141 4.16048 3.90773	0 20.2421 0.891626
0.244385 4.44205 3.88157	0 15.5634 0.857469
0.244629 3.48908 3.85467	0 11.3023 0.842596
0.244873 3.48903 3.82876	0 11.1695 0.846829
0.245117 3.57166 3.80558	0 14.8168 0.864699
0.245361 3.47154 3.78668	0 10.6761 0.887317
0.245605 3.42768 3.77322	0 25.9666 0.905406
0.24585 3.97662 3.76589	0 15.8236 0.912466
0.246094 3.91423 3.76491	0 18.7027 0.906976
0.246338 4.03734 3.77002	0 14.5725 0.892817
0.246582 3.77129 3.78057	0 15.3829 0.877775
0.246826 3.2193 3.79547	0 8.12886 0.870651
0.24707 3.84723 3.81327	0 14.6028 0.878074
0.247314 3.53877 3.83217	0 10.6997 0.902154
0.247559 3.13508 3.85021	0 7.5646 0.939739
0.247803 4.85995 3.86544	0 36.2636 0.98336
0.248047 3.55807 3.87624	0 12.4149 1.0234
0.248291 5.09452 3.88155	0 26.5623 1.05069
0.248535 4.41346 3.88111	0 18.0462 1.05871
0.248779 3.36325 3.87548	0 11.3905 1.04504
0.249023 3.74995 3.86595	0 12.9967 1.01159
0.249268 3.49258 3.8543	0 12.807 0.96381
0.249512 4.06266 3.84243	0 17.008 0.909036
0.249756 3.93102 3.83206	0 18.4162 0.854452
0.25 3.18543 3.82442	0 9.58661 0.805271
0.250244 3.32207 3.82013	0 8.94516 0.763784
0.250488 4.65147 3.81915	0 22.3223 0.729616
0.250732 3.78114 3.82093	0 13.3473 0.701049
0.250977 3.51526 3.82453	0 10.6738 0.676799
0.251221 4.02744 3.82882	0 12.5146 0.6574
0.251465 3.6145 3.8327	0 11.0132 0.645549
0.251709 3.95383 3.83525	0 10.9725 0.645241
0.251953 4.06202 3.83583	0 9.94809 0.660091
0.252197 3.92046 3.83416	0 14.533 0.69155
0.252441 3.96069 3.83033	0 11.3327 0.7378
0.252686 3.63123 3.82478	0 12.1415 0.793766
0.25293 3.90196 3.81824	0 16.959 0.852297
0.253174 3.77602 3.81162	0 16.9565 0.906109
0.253418 4.05856 3.80588	0 18.0743 0.949787
0.253662 3.34591 3.80187	0 9.77971 0.981128
0.253906 3.91632 3.80018	0 15.4768 1.00133
0.25415 3.54734 3.80103	0 12.7519 1.01397
0.254395 3.89477 3.80412	0 14.0339 1.02327
0.254639 3.84824 3.8087	0 20.3496 1.0323
0.254883 3.36725 3.81362	0 10.5778 1.04191
0.255127 3.99202 3.81749	0 16.432 1.05054
0.255371 3.76935 3.81893	0 10.27 1.05493
0.255615 4.01604 3.81685	0 19.5106 1.0513
0.255859 4.3082 3.81064	0 19.0472 1.03647
0.256104 4.21879 3.80036	0 15.446 1.00886
0.256348 3.88011 3.78675	0 14.8037 0.969071
0.256592 3.75528 3.77115	0 12.506 0.919947
0.256836 2.89224 3.75528	0 6.96209 0.86612
0.25708 4.07786 3.74096	0 16.7138 0.813121
0.257324 3.11073 3.72986	0 8.39626 0.766302
0.257568 4.2991 3.72328	0 14.6644 0.729952
0.257812 3.61794 3.72198	0 10.7441 0.706842
0.258057 3.39439 3.72613	0 11.7949 0.698213
0.258301 3.57887 3.73533	0 19.9973 0.703949
0.258545 3.38949 3.7487	0 9.83189 0.722694
0.258789 4.09158 3.76503	0 16.2325 0.751868
0.259033 4.10523 3.7829	0 16.0568 0.787812
0.259277 3.35282 3.80088	0 11.0373 0.826267
0.259521 4.03248 3.81766	0 20.2666 0.863135
0.259766 3.94893 3.83222	0 12.2322 0.895161
0.26001 4.09252 3.84388	0 12.3047 0.920146
0.260254 3.62976 3.85239	0 13.1915 0.936661
0.260498 4.04876 3.85793	0 16.027 0.943661
0.260742 4.04295 3.861	0 15.4975 0.940501
0.260986 4.04674 3.86229	0 16.0718 0.927493
0.26123 3.4344 3.86258	0 11.5581 0.906612
0.261475 3.82169 3.86249	0 16.5044 0.881615
0.261719 3.97727 3.86237	0 13.4563 0.857143
0.261963 3.89839 3.8622	0 12.2259 0.837001
0.262207 3.45207 3.86163	0 8.58014 0.822509
0.262451 3.73005 3.86001	0 11.7355 0.811912
0.262695 3.89383 3.85664	0 13.3928 0.801377
0.262939 4.61181 3.85098	0 26.9931 0.787225
0.263184 3.91881 3.84279	0 18.6056 0.768272
0.263428 3.94194 3.83233	0 16.5183 0.74696
0.263672 3.65038 3.82034	0 10.7423 0.728545
0.263916 3.85015 3.80789	0 10.9827 0.718662
0.26416 3.88282 3.79621	0 17.1249 0.720509
0.264404 3.40469 3.78638	0 9.94085 0.733149
0.264648 3.59437 3.77908	0 13.182 0.751802
0.264893 3.74595 3.77445	0 22.2316 0.769946
0.265137 3.23838 3.77199	0 12.3359 0.782099
0.265381 4.28018 3.77076	0 30.8791 0.785909
0.265625 3.79854 3.76955	0 16.1434 0.782655
0.265869 3.37331 3.76724	0 10.2632 0.776152
0.266113 4.24471 3.76305	0 16.7734 0.770835
0.266357 4.5864 3.7568	0 16.2928 0.770053
0.266602 3.49155 3.74896	0 13.6168 0.775253
0.266846 3.87024 3.74056	0 10.6433 0.786125
0.26709 3.5705 3.73297	0 9.85051 0.801268
0.267334 2.80343 3.7276	0 7.64794 0.818843
0.267578 4.10175 3.72561	0 13.3992 0.836919
0.267822 3.47509 3.72769	0 13.3167 0.853577
0.268066 3.43208 3.73396	0 11.456 0.867068
0.268311 3.77787 3.74399	0 11.2578 0.876237
0.268555 4.06063 3.75692	0 13.9244 0.881161
0.268799 4.08082 3.77164	0 15.2646 0.883665
0.269043 3.72958 3.78697	0 15.6839 0.887233
0.269287 3.67025 3.8018	0 13.9342 0.896095
0.269531 3.46043 3.81519	0 10.7722 0.913669
0.269775 3.84812 3.82649	0 16.5273 0.940999
0.27002 3.96886 3.83536	0 11.9475 0.975941
0.270264 4.3316 3.84179	0 22.699 1.01355
0.270508 4.07662 3.84611	0 16.8425 1.04756
0.270752 3.72778 3.84895	0 13.294 1.07243
0.270996 3.60275 3.85112	0 10.0227 1.0851
0.27124 3.8181 3.85348	0 14.2275 1.08579
0.271484 4.31946 3.85679	0 19.821 1.07762
0.271729 2.89974 3.86159	0 7.80276 1.06512
0.271973 3.91974 3.86806	0 11.3709 1.05223
0.272217 3.79998 3.87603	0 11.762 1.04072
0.272461 4.11724 3.88496	0 18.0439 1.02962
0.272705 4.56567 3.89407	0 24.1724 1.01622
0.272949 3.58324 3.90237	0 11.0769 0.998025
0.273193 3.67897 3.90885	0 11.302 0.974869
0.273438 3.82816 3.91257	0 18.0417 0.949872
0.273682 4.00754 3.91282	0 15.1267 0.928737
0.273926 3.88169 3.90929	0 14.4118 0.917541
0.27417 3.85165 3.90215	0 17.1342 0.920104
0.274414 4.67388 3.89213	0 22.676 0.936209
0.274658 4.55389 3.88048	0 21.9509 0.961523
0.274902 3.33058 3.8688	0 10.2587 0.989186
0.275146 3.58879 3.85874	0 10.3697 1.01223
0.275391 3.59224 3.85169	0 15.5114 1.02577
0.275635 3.26436 3.84838	0 10.684 1.02821
0.275879 3.76147 3.84873	0 14.7083 1.02114
0.276123 3.92252 3.85176	0 15.2366 1.00835
0.276367 3.48119 3.85581	0 8.61597 0.994209
0.276611 4.20408 3.85884	0 10.6045 0.982149
0.276855 4.2606 3.85892	0 17.3425 0.973635
0.2771 4.22828 3.85462	0 23.0248 0.967949
0.277344 4.43694 3.84531	0 14.9309 0.96283
0.277588 3.71203 3.83124	0 10.5871 0.955633
0.277832 3.93756 3.81346	0 19.0897 0.944475
0.278076 3.29951 3.79356	0 9.10788 0.928909
0.27832 3.383 3.77329	0 12.2368 0.90996
0.278564 3.82728 3.75426	0 14.3669 0.889668
0.278809 3.62287 3.73768	0 8.82566 0.870414
0.279053 3.80082 3.72427	0 14.0826 0.854249
0.279297 3.69813 3.71428	0 13.0539 0.842338
0.279541 3.81697 3.7076	0 15.7563 0.834647
0.279785 3.36105 3.70388	0 12.0461 0.830026
0.280029 3.97433 3.70272	0 23.5932 0.826794
0.280273 3.73166 3.7037	0 12.947 0.823672
0.280518 3.779 3.70644	0 9.323 0.820618
0.280762 3.42443 3.71055	0 10.2738 0.819026
0.281006 3.69651 3.71566	0 12.2704 0.821062
0.28125 3.33264 3.72137	0 13.461 0.828379
0.281494 3.90108 3.72725	0 14.6677 0.840901
0.281738 4.18188 3.7329	0 19.085 0.856366
0.281982 3.92373 3.73798	0 22.0553 0.870927
0.282227 3.43293 3.74227	0 9.19165 0.880546
0.282471 3.92112 3.74563	0 10.1967 0.88252
0.282715 3.281 3.74801	0 8.66981 0.876422
0.282959 4.14838 3.74935	0 19.549 0.864083
0.283203 3.55947 3.74958	0 10.766 0.848652
0.283447 4.29355 3.74852	0 16.8485 0.833195
0.283691 3.3587 3.74589	0 10.7712 0.819391
0.283936 3.23746 3.74139	0 6.78479 0.806883
0.28418 3.74438 3.73476	0 13.3569 0.793549
0.284424 4.44723 3.7259	0 23.0718 0.776577
0.284668 4.18627 3.71494	0 16.8127 0.753879
0.284912 3.44463 3.70227	0 8.82315 0.725197
0.285156 3.67883 3.68855	0 15.6617 0.692436
0.2854 3.53044 3.67458	0 13.7662 0.659129
0.285645 3.46803 3.66117	0 9.76253 0.62938
0.285889 2.98164 3.64907	0 7.46489 0.606831
0.286133 4.20171 3.63881	0 17.8216 0.594046
0.286377 4.00632 3.63064	0 16.8736 0.5924
0.286621 3.30785 3.62458	0 10.0901 0.60223
0.286865 3.74471 3.62039	0 11.1187 0.622954
0.287109 3.39906 3.61765	0 11.5568 0.653035
0.287354 3.03413 3.61584	0 6.7607 0.689946
0.287598 4.01743 3.61445	0 19.6629 0.73039
0.287842 3.83065 3.61302	0 14.9391 0.770892
0.288086 3.99577 3.61121	0 18.2538 0.808584
0.28833 3.22977 3.60885	0 9.38275 0.8418
0.288574 3.63864 3.60591	0 11.6903 0.870137
0.288818 3.75342 3.6025	0 15.9 0.893997
0.289062 3.54037 3.59882	0 15.555 0.913922
0.289307 3.13154 3.59511	0 9.02424 0.930178
0.289551 3.8571 3.5916	0 15.8377 0.942845
0.289795 3.73625 3.58851	0 14.0897 0.952301
0.290039 3.32836 3.58603	0 8.68896 0.959699
0.290283 3.98502 3.58436	0 21.0357 0.967048
0.290527 3.42502 3.58364	0 13.5509 0.976767
0.290771 3.7035 3.58397	0 19.9617 0.9909
0.291016 3.16288 3.5854	0 10.0652 1.01032
0.29126 3.88335 3.5879	0 13.9973 1.03429
0.291504 3.02107 3.59137	0 7.35765 1.06044
0.291748 3.48472 3.59565	0 15.6141 1.08527
0.291992 4.38289 3.60058	0 14.7397 1.10497
0.292236 3.54879 3.606	0 14.2594 1.11632
0.29248 3.7377 3.61173	0 14.3018 1.11746
0.292725 3.572 3.61753	0 11.3067 1.10813
0.292969 3.18639 3.62304	0 11.1765 1.08961
0.293213 3.415 3.62773	0 12.8934 1.06416
0.293457 3.57384 3.63087	0 18.3224 1.03462
0.293701 4.11008 3.6316	0 17.1002 1.00393
0.293945 3.48656 3.62907	0 10.8333 0.974977
0.294189 3.8729 3.62262	0 18.282 0.950374
0.294434 3.87376 3.61197	0 19.4975 0.932185
0.294678 3.78914 3.59741	0 11.1939 0.921571
0.294922 3.3869 3.57982	0 16.1537 0.918433
0.295166 3.91162 3.5606	0 15.1852 0.921234
0.29541 3.11963 3.54154	0 8.3617 0.927159
0.295654 4.04701 3.52452	0 16.3245 0.932664
0.295898 3.00472 3.51121	0 7.46857 0.93436
0.296143 3.05798 3.50284	0 11.1497 0.930018
0.296387 3.25492 3.49998	0 10.2353 0.919368
0.296631 3.29522 3.50252	0 15.3192 0.904334
0.296875 3.59319 3.50976	0 12.3389 0.888504
0.297119 3.71367 3.52056	0 10.8736 0.875917
0.297363 3.81766 3.53361	0 9.45535 0.869674
0.297607 3.40986 3.54764	0 11.7711 0.870967
0.297852 3.59849 3.56165	0 12.8739 0.878958
0.298096 3.68417 3.57496	0 16.8311 0.89145
0.29834 3.42335 3.58724	0 13.1417 0.905822
0.298584 3.84775 3.59843	0 14.2784 0.919677
0.298828 3.45819 3.6086	0 12.6952 0.930921
0.299072 3.57829 3.61785	0 12.5713 0.937515
0.299316 3.73049 3.62618	0 11.4333 0.937393
0.299561 3.36076 3.63344	0 14.3312 0.928909
0.299805 3.40058 3.63937	0 12.7735 0.911711
0.300049 4.37697 3.64363	0 23.6541 0.887539
0.300293 3.63668 3.64593	0 11.701 0.860327
0.300537 3.37845 3.64614	0 9.65482 0.835285
0.300781 3.68264 3.64436	0 18.4586 0.817241
0.301025 3.81997 3.64101	0 12.3198 0.808972
0.30127 3.70905 3.63677	0 17.1896 0.810343
0.301514 4.04676 3.63248	0 17.6105 0.818679
0.301758 3.1011 3.62903	0 8.92175 0.830084
0.302002 3.58622 3.62719	0 12.6418 0.840963
0.302246 3.35058 3.62744	0 9.0524 0.848949
0.30249 3.7727 3.62988	0 12.452 0.852963
0.302734 3.21232 3.63422	0 12.3104 0.85271
0.302979 3.75737 3.63986	0 13.057 0.848194
0.303223 4.01061 3.64599	0 14.2452 0.83964
0.303467 3.19383 3.65174	0 9.53832 0.827687
0.303711 4.32492 3.65633	0 17.9141 0.81345
0.303955 3.85592 3.6591	0 15.7027 0.798158
0.304199 3.73551 3.65953	0 11.4496 0.782491
0.304443 3.2182 3.65724	0 8.94028 0.76608
0.304688 3.41043 3.65187	0 9.6878 0.747575
0.304932 3.29331 3.64316	0 10.7469 0.725337
0.305176 4.2473 3.63089	0 20.5679 0.698356
0.30542 3.85931 3.61504	0 13.0148 0.666905
0.305664 3.79781 3.59585	0 13.5439 0.632592
0.305908 4.11137 3.57393	0 15.2765 0.597886
0.306152 3.20036 3.55022	0 10.212 0.565433
0.306396 2.97688 3.52594	0 10.1118 0.537508
0.306641 3.77726 3.50243	0 16.1508 0.515762
0.306885 3.36412 3.48094	0 8.77569 0.501215
0.307129 3.2318 3.46245	0 6.83848 0.494314
0.307373 3.55642 3.44752	0 7.87731 0.494899
0.307617 3.43941 3.43617	0 11.1324 0.502045
0.307861 3.02512 3.428	0 9.01616 0.513885
0.308105 3.24392 3.42218	0 9.16844 0.527618
0.30835 3.72496 3.41773	0 12.6183 0.539881
0.308594 3.63238 3.41364	0 10.1647 0.547522
0.308838 3.35464 3.40913	0 12.2795 0.548513
0.309082 3.3386 3.40376	0 13.151 0.54259
0.309326 3.76091 3.39755	0 16.2291 0.531209
0.30957 3.43185 3.39097	0 10.7115 0.516775
0.309814 3.19553 3.38489	0 10.4965 0.501517
0.310059 3.35218 3.3804	0 12.6129 0.486654
0.310303 3.2635 3.37866	0 8.43041 0.472363
0.310547 3.20104 3.38072	0 8.77682 0.458589
0.310791 3.21881 3.38726	0 9.00086 0.446232
0.311035 3.58677 3.39853	0 11.8321 0.437969
0.311279 3.11871 3.41422	0 6.23984 0.438125
0.311523 3.41538 3.43349	0 8.42527 0.451487
0.311768 3.2801 3.455	0 10.7752 0.48152
0.312012 3.73888 3.47715	0 12.2074 0.528811
0.312256 2.89303 3.49822	0 11.3072 0.590501
0.3125 3.52775 3.5167	0 12.8663 0.660997
0.312744 4.87062 3.53149	0 26.8649 0.733621
0.312988 3.51822 3.54209	0 7.82768 0.802389
0.313232 3.46504 3.54863	0 15.9411 0.863139
0.313477 3.54285 3.55184	0 10.5122 0.91368
0.313721 3.24605 3.55283	0 13.1934 0.95325
0.313965 3.66692 3.55288	0 15.5214 0.981895
0.314209 3.59785 3.55309	0 14.4773 1.00024
0.314453 3.22831 3.55421	0 10.9952 1.00961
0.314697 3.6432 3.5565	0 11.7489 1.01209
0.314941 2.86614 3.55975	0 10.0905 1.01013
0.315186 4.10896 3.56335	0 14.5265 1.00564
0.31543 3.89281 3.56655	0 18.89 0.99901
0.315674 3.06018 3.56861	0 11.9294 0.988736
0.315918 4.2184 3.56899	0 16.5858 0.971895
0.316162 3.82546 3.56742	0 16.2835 0.94548
0.316406 3.70291 3.56386	0 12.7138 0.908012
0.31665 3.11363 3.55841	0 15.0148 0.860741
0.316895 3.1418 3.55117	0 8.33235 0.807943
0.317139 3.2886 3.54211	0 11.1356 0.756151
0.317383 3.70443 3.5311	0 11.4604 0.712573
0.317627 4.16816 3.51794	0 17.6332 0.683202
0.317871 3.70716 3.50248	0 13.4073 0.671188
0.318115 3.20264 3.48483	0 10.1815 0.675962
0.318359 3.32967 3.46546	0 7.48749 0.693359
0.318604 3.86697 3.44526	0 14.301 0.716733
0.318848 3.6811 3.42551	0 11.8557 0.738763
0.319092 3.00566 3.40773	0 9.09521 0.753421
0.319336 3.08069 3.39347	0 11.7112 0.757498
0.31958 3.53305 3.38409	0 13.0579 0.751201
0.319824 2.77528 3.38047	0 5.19984 0.737661
0.320068 3.37596 3.38294	0 10.2525 0.721599
0.320312 3.47917 3.39111	0 10.9511 0.707712
0.320557 3.50514 3.40387	0 13.9721 0.699324
0.320801 2.99727 3.4195	0 8.99109 0.697646
0.321045 3.58876 3.43582	0 9.70838 0.701645
0.321289 3.44451 3.4504	0 13.4299 0.708375
0.321533 3.36643 3.46088	0 10.5976 0.71369
0.321777 4.01909 3.46527	0 14.0839 0.713278
0.322021 3.24341 3.46227	0 11.7422 0.703955
0.322266 3.9997 3.45149	0 13.7161 0.684859
0.32251 3.7109 3.43356	0 11.6222 0.658068
0.322754 4.27155 3.41012	0 18.7626 0.628208
0.322998 2.86215 3.38354	0 7.75995 0.601067
0.323242 3.28195 3.35661	0 9.13608 0.581716
0.323486 2.36722 3.3321	0 4.40755 0.572895
0.32373 3.70936 3.31235	0 14.8593 0.574301
0.323975 2.8457 3.29894	0 9.02643 0.582936
0.324219 2.87799 3.29258	0 8.63123 0.594236
0.324463 3.34566 3.29307	0 8.67125 0.603491
0.324707 3.38952 3.29955	0 9.54563 0.607149
0.324951 3.55937 3.31072	0 8.78268 0.603731
0.325195 3.58492 3.32513	0 14.8132 0.594215
0.325439 3.00508 3.34151	0 11.0614 0.581761
0.325684 3.04242 3.35889	0 8.45866 0.570754
0.325928 3.68161 3.37673	0 13.0305 0.565397
0.326172 3.651 3.39491	0 11.0479 0.568354
0.326416 3.15772 3.41365	0 9.34593 0.580028
0.32666 3.57382 3.43332	0 13.4121 0.598716
0.326904 3.54328 3.45428	0 10.7892 0.621437
0.327148 3.35608 3.47668	0 9.72417 0.644874
0.327393 3.51488 3.5003	0 12.76 0.665943
0.327637 2.54393 3.52447	0 4.91457 0.681945
0.327881 3.94915 3.54806	0 13.5277 0.690638
0.328125 3.32462 3.56964	0 8.88769 0.690579
0.328369 4.41552 3.58765	0 20.0687 0.681758
0.328613 4.01116 3.60061	0 18.6639 0.666086
0.328857 3.4909 3.60733	0 10.2582 0.647253
0.329102 3.33456 3.60709	0 9.92313 0.629785
0.329346 4.13957 3.59966	0 14.053 0.617597
0.32959 3.68464 3.58534	0 12.0938 0.612703
0.329834 3.30673 3.56489	0 12.9034 0.614611
0.330078 3.51305 3.53943	0 12.0928 0.620661
0.330322 3.56699 3.51034	0 11.7773 0.62712
0.330566 3.81904 3.47916	0 13.9608 0.630634
0.330811 3.61294 3.44746	0 18.8163 0.629517
0.331055 3.33803 3.41672	0 9.18601 0.624402
0.331299 3.3457 3.38819	0 10.9593 0.617988
0.331543 2.66043 3.36281	0 6.47065 0.613913
0.331787 3.07082 3.3411	0 8.5756 0.615189
0.332031 3.37009 3.32319	0 7.76016 0.62285
0.332275 3.74227 3.30885	0 15.8064 0.635436
0.33252 3.21259 3.2976	0 9.61527 0.649528
0.332764 3.27408 3.28889	0 9.53776 0.661085
0.333008 3.31437 3.28218	0 9.09803 0.666967
0.333252 3.03997 3.27702	0 9.21957 0.665975
0.333496 3.80508 3.2731	0 16.3183 0.659018
0.33374 2.96327 3.2702	0 6.09702 0.648421
0.333984 2.85912 3.26816	0 8.89059 0.636803
0.334229 3.32232 3.26684	0 10.1167 0.626089
0.334473 3.44388 3.26611	0 10.2368 0.617111
0.334717 3.20457 3.26586	0 11.1515 0.609887
0.334961 3.5018 3.26604	0 10.116 0.604297
0.335205 3.26971 3.26673	0 8.33649 0.600704
0.335449 3.38926 3.26814	0 7.79088 0.600127
0.335693 2.95363 3.27061	0 7.01425 0.60389
0.335938 3.22901 3.27459	0 11.2184 0.612954
0.336182 3.14472 3.28054	0 12.8018 0.627291
0.336426 3.41676 3.28886	0 13.3066 0.645635
0.33667 3.54453 3.2998	0 14.456 0.665717
0.336914 3.17758 3.3134	0 11.1571 0.68489
0.337158 2.84053 3.3294	0 5.11587 0.700871
0.337402 3.12986 3.34726	0 7.29675 0.712328
0.337646 3.62741 3.36616	0 8.27791 0.719106
0.337891 3.61666 3.38503	0 18.4303 0.722077
0.338135 3.72601 3.40263	0 13.3929 0.722659
0.338379 3.03438 3.41768	0 8.99153 0.722167
0.338623 3.32868 3.42894	0 9.67938 0.721187
0.338867 3.56239 3.43535	0 9.83184 0.719196
0.339111 3.53373 3.43624	0 9.56523 0.714653
0.339355 3.76374 3.43134	0 11.3292 0.705631
0.3396 3.78451 3.42093	0 12.6761 0.690801
0.339844 3.52486 3.40577	0 17.9711 0.670362
0.340088 3.31653 3.38701	0 10.8468 0.646417
0.340332 3.32444 3.366	0 10.2408 0.622492
0.340576 3.47656 3.34408	0 11.0814 0.602306
0.34082 2.6821 3.32234	0 6.02457 0.588312
0.341064 3.10723 3.3015	0 8.6609 0.580682
0.341309 3.37752 3.28186	0 9.04651 0.577235
0.341553 3.10998 3.26336	0 12.2649 0.574338
0.341797 3.65817 3.24576	0 14.1253 0.568345
0.342041 3.52357 3.22876	0 13.8654 0.556947
0.342285 3.46128 3.21223	0 15.2279 0.539903
0.342529 2.79315 3.19624	0 6.38421 0.518997
0.342773 2.79489 3.18112	0 8.16536 0.497411
0.343018 3.40044 3.16739	0 8.98332 0.478838
0.343262 3.08513 3.15565	0 7.21504 0.4666
0.343506 3.09575 3.14647	0 9.85781 0.462908
0.34375 3.39651 3.14031	0 9.75624 0.468294
0.343994 2.70039 3.13745	0 5.69522 0.481342
0.344238 3.14317 3.13799	0 9.31677 0.498887
0.344482 2.72954 3.14183	0 8.35919 0.516782
0.344727 3.50007 3.14873	0 7.44838 0.531087
0.344971 3.85727 3.15829	0 16.1788 0.539217
0.345215 2.43532 3.16995	0 7.14621 0.540533
0.345459 2.69881 3.18308	0 7.71083 0.536115
0.345703 3.65542 3.19693	0 11.4411 0.527928
0.345947 3.12778 3.21074	0 8.13822 0.517901
0.346191 3.44124 3.22381	0 9.94477 0.507431
0.346436 3.01439 3.2356	0 7.85447 0.497458
0.34668 3.25668 3.24577	0 10.3373 0.488936
0.346924 3.56168 3.25426	0 13.9316 0.483293
0.347168 3.94812 3.26123	0 12.1413 0.482604
0.347412 2.79749 3.26697	0 7.53131 0.489333
0.347656 3.00058 3.27176	0 9.00643 0.505697
0.3479 3.09153 3.27573	0 8.31947 0.532798
0.348145 3.21816 3.27875	0 10.2913 0.569786
0.348389 3.06062 3.28045	0 8.30853 0.613385
0.348633 3.50034 3.28027	0 12.0576 0.658118
0.348877 3.74972 3.27765	0 15.1634 0.697359
0.349121 3.43175 3.27217	0 9.41185 0.724984
0.349365 3.60085 3.26379	0 12.0186 0.737059
0.349609 2.67595 3.25292	0 5.87661 0.732901
0.349854 3.39261 3.24043	0 12.9054 0.715132
0.350098 3.34029 3.22764	0 9.93315 0.688808
0.350342 3.18356 3.21608	0 8.043 0.660063
0.350586 2.89037 3.20731	0 11.6554 0.634809
0.35083 3.61797 3.20268	0 10.079 0.617733
0.351074 2.98264 3.2031	0 6.90861 0.611585
0.351318 2.93022 3.2089	0 7.7778 0.616639
0.351562 2.44111 3.21976	0 4.99645 0.63043
0.351807 3.24898 3.23473	0 10.9135 0.648061
0.352051 3.20043 3.25239	0 11.5997 0.663348
0.352295 3.90169 3.27108	0 14.8638 0.670665
0.352539 3.67052 3.28909	0 12.7593 0.666846
0.352783 3.55372 3.30487	0 12.8515 0.652297
0.353027 2.54947 3.31723	0 5.23369 0.630763
0.353271 3.64234 3.32539	0 13.8471 0.607901
0.353516 3.38656 3.32897	0 10.8732 0.589397
0.35376 3.26326 3.32798	0 10.7231 0.579504
0.354004 3.39371 3.32278	0 12.242 0.58044
0.354248 3.87833 3.31394	0 15.2565 0.592463
0.354492 3.50286 3.30221	0 13.0125 0.614131
0.354736 2.75995 3.28844	0 9.12999 0.642435
0.35498 2.99483 3.27347	0 7.12683 0.672929
0.355225 3.54555 3.25811	0 14.107 0.700292
0.355469 3.07614 3.24305	0 9.0485 0.719519
0.355713 3.37418 3.22885	0 10.1685 0.727449
0.355957 3.30246 3.21588	0 11.0904 0.723905
0.356201 3.08601 3.20432	0 8.98574 0.711782
0.356445 3.32378 3.19415	0 9.33236 0.695946
0.356689 2.77392 3.18522	0 5.93138 0.681403
0.356934 3.11075 3.17721	0 9.09423 0.671552
0.357178 3.19509 3.16972	0 8.36544 0.667168
0.357422 3.53984 3.16233	0 10.2603 0.666379
0.357666 3.0538 3.1547	0 8.18763 0.665427
0.35791 3.24935 3.14663	0 13.7191 0.659837
0.358154 3.07268 3.13814	0 11.7193 0.645644
0.358398 3.1538 3.12951	0 9.40871 0.620502
0.358643 2.72787 3.12131	0 6.18585 0.584571
0.358887 3.65083 3.11426	0 15.9343 0.541005
0.359131 3.24962 3.10921	0 12.2931 0.495756
0.359375 2.79865 3.10688	0 6.96343 0.45644
0.359619 2.84043 3.10777	0 7.03978 0.430351
0.359863 3.13635 3.11193	0 10.7109 0.422193
0.360107 3.04573 3.11889	0 8.7002 0.432439
0.360352 2.77505 3.1277	0 7.19661 0.457092
0.360596 2.74008 3.13704	0 9.2062 0.489053
0.36084 3.12322 3.14543	0 11.2707 0.520539
0.361084 4.3716 3.15155	0 19.843 0.545496
0.361328 3.41563 3.15448	0 11.1799 0.560993
0.361572 3.05934 3.15385	0 9.22125 0.567174
0.361816 3.02781 3.14993	0 6.39949 0.566064
0.362061 3.31265 3.14349	0 12.743 0.560068
0.362305 2.60968 3.1356	0 7.83591 0.550942
0.362549 3.12966 3.12741	0 9.07686 0.539632
0.362793 3.22826 3.11991	0 9.68673 0.526797
0.363037 3.06448 3.11378	0 8.22393 0.513528
0.363281 2.90646 3.10937	0 7.39311 0.501752
0.363525 3.08581 3.10669	0 10.3629 0.494072
0.36377 3.11952 3.10555	0 6.38311 0.493085
0.364014 3.40882 3.10568	0 11.6045 0.50051
0.364258 3.27465 3.10682	0 7.69031 0.516462
0.364502 2.83434 3.10877	0 7.6362 0.539183
0.364746 2.76501 3.1114	0 9.06484 0.565311
0.36499 3.75953 3.11465	0 13.9262 0.590608
0.365234 2.5583 3.11853	0 5.09632 0.610948
0.365479 2.80171 3.12306	0 7.90657 0.623292
0.365723 3.71862 3.12832	0 19.9231 0.626391
0.365967 2.98407 3.13445	0 11.0358 0.62103
0.366211 3.38123 3.14165	0 10.154 0.609701
0.366455 3.29782 3.15013	0 9.3997 0.595807
0.366699 2.93089 3.16006	0 7.4657 0.582635
0.366943 2.80478 3.17142	0 8.02492 0.572453
0.367188 3.11002 3.1839	0 9.16852 0.565996
0.367432 2.8529 3.19684	0 8.03326 0.562473
0.367676 4.02942 3.20921	0 15.0177 0.559998
0.36792 2.90162 3.21968	0 6.08339 0.556262
0.368164 3.21472 3.22681	0 13.8157 0.549258
0.368408 3.08599 3.22928	0 10.8319 0.537919
0.368652 3.25672 3.22614	0 8.72563 0.52258
0.368896 4.10544 3.21704	0 14.5183 0.505091
0.369141 3.6583 3.20232	0 12.6364 0.488455
0.369385 3.04384 3.18303	0 10.2892 0.475937
0.369629 2.87922 3.16081	0 8.44515 0.469937
0.369873 3.02573 3.13764	0 10.6611 0.471098
0.370117 2.97956 3.1156	0 12.8866 0.478153
0.370361 2.80729 3.09653	0 8.43552 0.488596
0.370605 3.25973 3.08188	0 11.3744 0.499834
0.37085 2.83823 3.07253	0 11.9627 0.510192
0.371094 3.00356 3.06879	0 9.25003 0.519351
0.371338 2.81052 3.07041	0 5.87565 0.528153
0.371582 3.28836 3.07672	0 13.9314 0.538006
0.371826 2.64218 3.08673	0 5.22764 0.550179
0.37207 3.85154 3.09928	0 16.7873 0.565146
0.372314 2.84769 3.1131	0 7.07859 0.582099
0.372559 2.74873 3.12695	0 9.30249 0.598857
0.372803 3.29935 3.13971	0 13.0966 0.612372
0.373047 3.14822 3.15042	0 11.4597 0.619797
0.373291 3.34341 3.15838	0 13.0843 0.619689
0.373535 3.45825 3.16323	0 11.3435 0.612676
0.373779 3.29145 3.16496	0 8.08592 0.601179
0.374023 2.93218 3.16395	0 8.98331 0.588333
0.374268 3.23299 3.16081	0 13.4646 0.576759
0.374512 3.55529 3.15638	0 9.77229 0.567849
0.374756 2.80599 3.15149	0 7.49142 0.561834
0.375 2.99125 3.1469	0 7.19615 0.558317
0.375244 2.98002 3.14315	0 7.62246 0.556764
0.375488 3.08728 3.14054	0 9.88052 0.556591
0.375732 2.92961 3.13917	0 10.3081 0.556911
0.375977 3.72922 3.139	0 9.19892 0.556321
0.376221 2.97754 3.13998	0 9.86761 0.55307
0.376465 3.30302 3.14206	0 11.1749 0.545702
0.376709 3.06797 3.14528	0 7.80835 0.533871
0.376953 2.96721 3.14967	0 16.1441 0.51891
0.377197 3.20679 3.15522	0 9.99015 0.503819
0.377441 3.21931 3.16174	0 8.50078 0.49259
0.377686 2.87509 3.16885	0 14.4541 0.489073
0.37793 2.85427 3.17595	0 9.16353 0.495737
0.378174 3.17666 3.18232	0 8.90456 0.51271
0.378418 3.77285 3.18726	0 13.3087 0.537441
0.378662 3.26419 3.19029	0 11.4323 0.565191
0.378906 3.5418 3.19123	0 18.7157 0.5903
0.37915 3.2057 3.1903	0 10.2771 0.607876
0.379395 2.87551 3.18811	0 7.35423 0.615287
0.379639 3.20922 3.18556	0 8.68301 0.612904
0.379883 3.09666 3.18362	0 10.7937 0.603793
0.380127 3.04552 3.18326	0 8.40525 0.592543
0.380371 2.93604 3.1852	0 7.42859 0.583732
0.380615 3.50118 3.18986	0 15.5717 0.580656
0.380859 3.23546 3.19734	0 11.8782 0.584734
0.381104 2.94176 3.20734	0 7.541 0.595656
0.381348 3.01963 3.2193	0 9.74924 0.611997
0.381592 3.29766 3.23241	0 8.06292 0.631858
0.381836 3.5676 3.24568	0 9.92516 0.653205
0.38208 3.30477 3.25805	0 10.0113 0.673849
0.382324 2.89545 3.26844	0 9.4961 0.691322
0.382568 3.10602 3.27589	0 7.78907 0.703011
0.382812 3.86274 3.27961	0 10.346 0.706703
0.383057 3.61224 3.27907	0 14.5294 0.701359
0.383301 3.25212 3.27411	0 8.75864 0.687703
0.383545 3.14312 3.26496	0 10.0806 0.668211
0.383789 3.20721 3.25226	0 8.62607 0.64643
0.384033 3.1319 3.23699	0 8.62621 0.62591
0.384277 3.61938 3.22044	0 12.3954 0.609251
0.384521 3.15659 3.20397	0 7.85518 0.597636
0.384766 3.61566 3.18891	0 16.6055 0.590914
0.38501 2.55412 3.17631	0 6.91194 0.588019
0.385254 2.85716 3.16679	0 7.15004 0.587424
0.385498 2.93321 3.16044	0 7.76495 0.587462
0.385742 2.82893 3.15682	0 7.74611 0.586571
0.385986 3.44436 3.15508	0 9.16826 0.583544
0.38623 3.43996 3.15418	0 10.3866 0.577785
0.386475 3.40858 3.1531	0 13.4126 0.569444
0.386719 3.20657 3.15113	0 11.3989 0.559274
0.386963 3.07223 3.14802	0 8.17218 0.548263
0.387207 3.19097 3.14403	0 10.6361 0.537256
0.387451 3.06253 3.1399	0 11.3752 0.526819
0.387695 3.36966 3.13662	0 12.4248 0.517398
0.387939 2.80365 3.1352	0 6.63127 0.509577
0.388184 3.20511 3.13641	0 7.6317 0.504162
0.388428 2.83555 3.1405	0 8.05699 0.501928
0.388672 3.12516 3.14711	0 10.544 0.503148
0.388916 2.90138 3.15523	0 9.42345 0.507188
0.38916 2.77732 3.16334	0 6.35698 0.512467
0.389404 3.34849 3.16964	0 10.2439 0.516883
0.389648 3.89564 3.17243	0 18.6329 0.518531
0.389893 3.40601 3.17037	0 10.3873 0.516388
0.390137 3.57258 3.16274	0 14.1401 0.510602
0.390381 3.19081 3.14963	0 8.67424 0.502291
0.390625 2.78036 3.13184	0 7.60655 0.492983
0.390869 2.87407 3.11082	0 8.75039 0.484016
0.391113 3.47733 3.08838	0 8.56695 0.476165
0.391357 3.14404 3.06642	0 14.2583 0.469594
0.391602 2.83213 3.04665	0 8.01621 0.464017
0.391846 2.87437 3.03042	0 7.77595 0.458959
0.39209 2.58629 3.01853	0 7.63541 0.454019
0.392334 2.86074 3.01126	0 6.4948 0.449136
0.392578 3.21516 3.00839	0 10.6803 0.44478
0.392822 2.86784 3.00938	0 7.08567 0.441977
0.393066 3.22116 3.01347	0 10.1417 0.442055
0.393311 2.99982 3.01986	0 7.21526 0.446137
0.393555 3.26552 3.02783	0 9.60091 0.454604
0.393799 2.81762 3.03674	0 10.4908 0.466812
0.394043 2.94249 3.04615	0 10.0049 0.481253
0.394287 2.85489 3.05572	0 7.53013 0.496148
0.394531 3.17039 3.06521	0 9.81893 0.510232
0.394775 3.29098 3.07442	0 6.95513 0.523355
0.39502 3.11522 3.0832	0 9.80838 0.536596
0.395264 3.1504 3.09134	0 10.2284 0.551782
0.395508 3.03827 3.0986	0 8.17076 0.570559
0.395752 3.03299 3.10467	0 9.0042 0.593427
0.395996 3.10007 3.10916	0 8.16472 0.619184
0.39624 2.84941 3.11168	0 8.66677 0.645044
0.396484 3.2904 3.11186	0 9.5615 0.667411
0.396729 3.5564 3.10943	0 13.283 0.682976
0.396973 2.94985 3.10436	0 7.75527 0.689692
0.397217 3.15995 3.09687	0 12.5987 0.687262
0.397461 3.26982 3.08745	0 9.45526 0.677029
0.397705 3.15883 3.07683	0 8.27971 0.661375
0.397949 3.24382 3.06586	0 9.60615 0.642954
0.398193 2.39444 3.05538	0 6.05382 0.624045
0.398438 2.91172 3.04602	0 12.5679 0.606257
0.398682 3.29765 3.03817	0 8.47395 0.590581
0.398926 2.59756 3.03186	0 5.77565 0.577637
0.39917 3.61093 3.02678	0 12.106 0.567903
0.399414 3.04014 3.02238	0 7.73397 0.56173
0.399658 2.51202 3.01793	0 6.12915 0.55916
0.399902 3.1473 3.0127	0 12.115 0.559663
0.400146 3.20754 3.00608	0 9.3237 0.561993
0.400391 3.1943 2.99771	0 8.27311 0.564281
0.400635 2.77304 2.98757	0 6.35239 0.564365
0.400879 3.36758 2.97596	0 9.20762 0.560283
0.401123 2.74675 2.96357	0 15.3483 0.550733
0.401367 3.18442 2.95133	0 11.6614 0.535402
0.401611 2.72564 2.9403	0 7.92559 0.51503
0.401855 2.69843 2.93153	0 8.23038 0.491236
0.4021 3.08169 2.92584	0 9.73295 0.466163
0.402344 2.67034 2.92373	0 7.66155 0.442082
0.402588 2.97566 2.92523	0 6.00798 0.42105
0.402832 2.7018 2.92992	0 5.9012 0.404671
0.403076 2.64939 2.93698	0 9.05983 0.393969
0.40332 3.05759 2.9454	0 7.6398 0.389334
0.403564 2.97149 2.95415	0 7.56749 0.390576
0.403809 3.19157 2.96241	0 8.62132 0.397072
0.404053 3.58023 2.96978	0 12.2671 0.407969
0.404297 3.02091 2.97632	0 8.13185 0.422366
0.404541 2.44917 2.98254	0 5.33801 0.439395
0.404785 3.16042 2.98924	0 9.60747 0.45817
0.405029 2.86169 2.99727	0 8.0164 0.477679
0.405273 2.99004 3.00729	0 8.39852 0.496727
0.405518 2.73411 3.01958	0 8.00626 0.514019
0.405762 2.83506 3.0339	0 10.1744 0.528375
0.406006 2.88756 3.04951	0 6.55185 0.539015
0.40625 3.35755 3.06534	0 11.6393 0.54582
0.406494 3.04737 3.08014	0 8.89267 0.549464
0.406738 3.47173 3.09275	0 10.6759 0.551384
0.406982 3.22332 3.10225	0 10.4471 0.553519
0.407227 3.52045 3.10811	0 11.2138 0.557815
0.407471 2.73647 3.11017	0 7.51958 0.565606
0.407715 3.10637 3.10858	0 9.72006 0.577037
0.407959 2.95803 3.10368	0 10.3252 0.590808
0.408203 3.37692 3.09591	0 9.67595 0.604415
0.408447 2.88041 3.08572	0 6.36515 0.614893
0.408691 2.82968 3.07356	0 7.5767 0.619818
0.408936 3.5398 3.05994	0 12.1377 0.618209
0.40918 3.21087 3.04548	0 7.29691 0.610932
0.409424 2.93704 3.03091	0 9.67336 0.60041
0.409668 3.35249 3.01709	0 14.1378 0.589665
0.409912 2.70863 3.0049	0 6.0823 0.581064
0.410156 2.42435 2.99515	0 6.01969 0.57529
0.4104 3.24798 2.98841	0 9.71869 0.571028
0.410645 2.59096 2.98486	0 7.84973 0.56559
0.410889 3.20714 2.98429	0 10.1677 0.556244
0.411133 2.87475 2.98604	0 8.01585 0.541617
0.411377 3.27585 2.98912	0 11.8359 0.52249
0.411621 2.51711 2.99236	0 6.1927 0.50157
0.411865 3.44718 2.99459	0 10.8221 0.48241
0.412109 2.41272 2.99482	0 6.18179 0.468089
0.412354 3.60447 2.99244	0 8.45996 0.460373
0.412598 3.42571 2.98724	0 10.853 0.45966
0.412842 2.98649 2.97946	0 8.69774 0.465528
0.413086 2.84478 2.96971	0 7.7654 0.477328
0.41333 3.02537 2.95881	0 8.29611 0.49438
0.413574 2.59418 2.94764	0 6.65067 0.515753
0.413818 2.42429 2.937	0 6.27632 0.539965
0.414062 3.03333 2.92752	0 8.37885 0.56501
0.414307 3.44109 2.91954	0 10.7339 0.588815
0.414551 3.23822 2.91322	0 11.7304 0.609845
0.414795 2.33092 2.90847	0 5.85638 0.627409
0.415039 3.01231 2.90508	0 9.4746 0.641417
0.415283 2.68871 2.90278	0 10.9986 0.651749
0.415527 2.74306 2.90125	0 6.97474 0.657665
0.415771 3.16218 2.90024	0 9.02259 0.657701
0.416016 2.84078 2.89959	0 5.68043 0.65022
0.41626 3.14941 2.89928	0 13.4398 0.634329
0.416504 2.87988 2.89942	0 7.65236 0.6107
0.416748 2.82469 2.90026	0 6.76649 0.581828
0.416992 3.11865 2.90212	0 10.9869 0.55158
0.417236 2.64555 2.90526	0 7.3816 0.524236
0.41748 2.54735 2.90987	0 5.53972 0.503404
0.417725 2.87099 2.91594	0 6.95783 0.491214
0.417969 3.10525 2.92326	0 7.37309 0.487986
0.418213 2.97653 2.9314	0 7.93079 0.492372
0.418457 2.82919 2.93983	0 7.7665 0.501818
0.418701 3.39813 2.94792	0 7.05283 0.513138
0.418945 2.75024 2.9551	0 8.11962 0.523065
0.419189 2.77294 2.96087	0 9.36813 0.528743
0.419434 3.02314 2.96488	0 7.5806 0.52816
0.419678 3.07973 2.96698	0 9.8749 0.520525
0.419922 2.95348 2.96719	0 10.2361 0.50647
0.420166 3.23517 2.96573	0 8.78474 0.487928
0.42041 3.12895 2.96296	0 6.36247 0.467604
0.420654 2.70957 2.9593	0 7.9313 0.448175
0.420898 2.87909 2.95521	0 6.48087 0.431518
0.421143 2.91382 2.95112	0 10.6451 0.418318
0.421387 2.72151 2.94731	0 6.07237 0.408206
0.421631 3.06347 2.94396	0 9.07664 0.400288
0.421875 3.20056 2.94108	0 9.86574 0.393763
0.422119 2.85338 2.93851	0 6.72592 0.388346
0.422363 2.92211 2.93597	0 7.3598 0.384362
0.422607 2.87585 2.93303	0 6.52278 0.382586
0.422852 2.7655 2.92918	0 6.06186 0.383975
0.423096 2.99029 2.92388	0 7.28297 0.389377
0.42334 3.12142 2.91662	0 10.8342 0.399257
0.423584 3.01207 2.90703	0 8.36204 0.413431
0.423828 2.70663 2.895	0 6.92399 0.43086
0.424072 2.88541 2.88076	0 7.98559 0.449597
0.424316 3.26254 2.86502	0 7.8353 0.467046
0.424561 2.94729 2.8489	0 8.38446 0.480561
0.424805 2.86643 2.83393	0 8.18399 0.48826
0.425049 2.70208 2.82179	0 5.96957 0.489751
0.425293 2.55083 2.81412	0 7.51728 0.486394
0.425537 2.70465 2.81223	0 7.66864 0.480909
0.425781 2.54093 2.81685	0 10.6977 0.476385
0.426025 2.41112 2.82796	0 5.35886 0.475063
0.42627 2.70593 2.8448	0 6.49893 0.477405
0.426514 2.69628 2.86596	0 8.99118 0.481891
0.426758 3.27078 2.88965	0 10.5557 0.485701
0.427002 3.02297 2.91398	0 9.43129 0.486018
0.427246 3.09091 2.93729	0 12.0728 0.481368
0.42749 3.27848 2.95837	0 8.54479 0.472368
0.427734 3.12183 2.97656	0 10.9939 0.461523
0.427979 2.90289 2.99176	0 6.35113 0.452202
0.428223 2.81915 3.00428	0 7.43532 0.4473
0.428467 2.84409 3.01466	0 7.09721 0.448196
0.428711 3.11247 3.0235	0 9.0696 0.45437
0.428955 3.01773 3.03125	0 9.41984 0.463683
0.429199 3.04499 3.03813	0 8.07113 0.473051
0.429443 3.361 3.04409	0 11.8138 0.479204
0.429688 2.77633 3.04883	0 7.37613 0.479366
0.429932 3.139 3.05189	0 9.20501 0.47183
0.430176 2.69905 3.05275	0 6.48019 0.456432
0.43042 3.32325 3.05092	0 10.6987 0.434791
0.430664 3.6521 3.04604	0 10.973 0.410143
0.430908 2.83171 3.03799	0 6.8319 0.386635
0.431152 2.91505 3.02696	0 9.79369 0.368222
0.431396 2.90513 3.0134	0 8.92023 0.357564
0.431641 3.16969 2.9981	0 8.75319 0.355369
0.431885 3.30344 2.98202	0 13.0077 0.360435
0.432129 2.8893 2.96628	0 9.75333 0.370293
0.432373 2.99951 2.95199	0 7.69888 0.382099
0.432617 2.51157 2.94015	0 6.24435 0.393425
0.432861 2.56571 2.93152	0 5.84487 0.402801
0.433105 2.8302 2.92662	0 6.14483 0.409962
0.43335 3.20276 2.92563	0 13.7363 0.415856
0.433594 2.99267 2.92842	0 8.45528 0.422322
0.433838 3.22862 2.93454	0 9.95313 0.431431
0.434082 2.67284 2.94323	0 9.80429 0.444575
0.434326 2.55328 2.95345	0 6.61593 0.461615
0.43457 2.94888 2.9639	0 5.65733 0.480532
0.434814 2.61411 2.97311	0 8.30707 0.497835
0.435059 3.60384 2.97959	0 12.1557 0.509645
0.435303 3.28771 2.98201	0 10.414 0.513043
0.435547 2.68757 2.97939	0 6.54135 0.507114
0.435791 3.32951 2.97133	0 14.37 0.493281
0.436035 3.269 2.95803	0 10.0552 0.474822
0.436279 3.1501 2.94039	0 9.26114 0.455786
0.436523 2.97424 2.91979	0 9.04434 0.439711
0.436768 2.80279 2.89794	0 5.54465 0.428614
0.437012 2.35102 2.87659	0 5.15223 0.422642
0.437256 2.73522 2.85728	0 7.94736 0.420496
0.4375 2.71052 2.84117	0 8.69015 0.420432
0.437744 2.64066 2.82895	0 5.53912 0.421347
0.437988 3.116 2.82087	0 9.25716 0.423422
0.438232 2.94471 2.81677	0 8.08769 0.428025
0.438477 2.77281 2.81627	0 5.97613 0.436982
0.438721 2.61706 2.81879	0 5.58014 0.451575
0.438965 2.86765 2.82372	0 6.65842 0.471727
0.439209 2.53896 2.83037	0 8.8689 0.49562
0.439453 2.86619 2.83812	0 8.89696 0.519835
0.439697 3.04806 2.84634	0 7.50029 0.539955
0.439941 2.69557 2.8545	0 7.01977 0.551545
0.440186 3.11675 2.86219	0 13.6041 0.551328
0.44043 2.94017 2.86914	0 13.3169 0.538283
0.440674 2.74767 2.8753	0 8.16557 0.514285
0.440918 2.88317 2.88077	0 8.49886 0.483998
0.441162 3.06314 2.88579	0 8.34412 0.45397
0.441406 2.77081 2.89065	0 8.64853 0.431122
0.44165 3.05284 2.8956	0 10.3921 0.421022
0.441895 2.72631 2.90078	0 6.57883 0.426392
0.442139 2.42802 2.90618	0 7.0994 0.446296
0.442383 3.07447 2.91164	0 9.0914 0.476324
0.442627 3.06366 2.9169	0 6.97552 0.509851
0.442871 3.15378 2.92164	0 13.8956 0.540046
0.443115 3.11449 2.92555	0 12.833 0.561919
0.443359 3.00147 2.92838	0 9.57235 0.573592
0.443604 2.63019 2.92991	0 7.1181 0.576281
0.443848 2.55871 2.93	0 6.14461 0.573084
0.444092 3.29044 2.92852	0 8.40894 0.567245
0.444336 2.88517 2.9254	0 7.446 0.560756
0.44458 3.04904 2.92062	0 8.69522 0.553898
0.444824 2.91423 2.91422	0 8.26528 0.545784
0.445068 3.20282 2.90639	0 6.63445 0.535407
0.445312 2.64425 2.8974	0 5.36439 0.522571
0.445557 3.19107 2.88761	0 8.18253 0.508224
0.445801 2.59373 2.8774	0 5.56222 0.494165
0.446045 2.76368 2.86707	0 7.63634 0.482413
0.446289 2.95474 2.85681	0 6.5177 0.474632
0.446533 2.651 2.8466	0 8.32385 0.471827
0.446777 2.95833 2.83628	0 6.02674 0.474254
0.447021 2.71424 2.82562	0 7.84032 0.481379
0.447266 2.87092 2.81441	0 7.11376 0.491771
0.44751 3.23783 2.80263	0 7.75596 0.503009
0.447754 2.47551 2.79054	0 7.53851 0.511855
0.447998 2.90789 2.77881	0 7.2825 0.514855
0.448242 2.79773 2.76841	0 7.81409 0.509361
0.448486 2.99421 2.76063	0 8.30067 0.494641
0.44873 2.33763 2.75677	0 6.65245 0.472604
0.448975 2.7875 2.75798	0 5.44573 0.447727
0.449219 2.47243 2.76501	0 6.37318 0.426013
0.449463 2.5678 2.77797	0 5.65779 0.413272
0.449707 2.52624 2.79629	0 5.74516 0.413276
0.449951 2.68823 2.81868	0 9.55264 0.426528
0.450195 2.69904 2.84336	0 7.12665 0.450162
0.450439 3.13896 2.86823	0 12.595 0.479037
0.450684 3.28464 2.89124	0 7.22434 0.507612
0.450928 2.92672 2.91067	0 7.01632 0.531811
0.451172 3.51448 2.92528	0 13.7076 0.550081
0.451416 2.894 2.9345	0 6.18981 0.563239
0.45166 2.83392 2.93838	0 7.38193 0.573242
0.451904 2.39385 2.93749	0 6.49735 0.581602
0.452148 3.49281 2.93276	0 15.8114 0.588274
0.452393 2.90367 2.92531	0 12.6135 0.591635
0.452637 3.16554 2.91623	0 9.45152 0.589483
0.452881 2.70979 2.9065	0 8.94884 0.580411
0.453125 2.80371 2.89688	0 8.99836 0.564722
0.453369 2.86095 2.88792	0 6.26303 0.544377
0.453613 2.32112 2.87999	0 5.91723 0.522116
0.453857 2.90221 2.87332	0 8.85094 0.500393
0.454102 3.76224 2.86815	0 14.0161 0.48073
0.454346 2.64195 2.8647	0 7.31851 0.463764
0.45459 2.81075 2.86327	0 8.27426 0.449762
0.454834 2.74741 2.86415	0 8.17728 0.439171
0.455078 2.639 2.86753	0 7.01638 0.432914
0.455322 2.8289 2.87342	0 7.81676 0.432326
0.455566 2.64111 2.88154	0 6.13979 0.438805
0.455811 3.01153 2.89126	0 7.42263 0.453285
0.456055 2.8878 2.90165	0 5.98333 0.475642
0.456299 2.883 2.9116	0 8.01807 0.504243
0.456543 2.84946 2.91994	0 13.9232 0.535877
0.456787 3.28311 2.92567	0 11.518 0.566234
0.457031 3.08526 2.92805	0 8.67268 0.590877
0.457275 3.28526 2.92673	0 10.4364 0.606323
0.45752 2.7711 2.92177	0 9.3164 0.610814
0.457764 2.71216 2.91355	0 6.37731 0.604458
0.458008 3.03245 2.9027	0 9.8966 0.588816
0.458252 2.63862 2.88999	0 5.98148 0.566252
0.458496 3.24283 2.87621	0 11.0164 0.539417
0.45874 2.55011 2.86211	0 6.68596 0.511033
0.458984 2.97541 2.84843	0 9.05182 0.483877
0.459229 2.8667 2.83584	0 9.52712 0.460707
0.459473 2.80313 2.82504	0 5.14718 0.44394
0.459717 2.81991 2.81671	0 7.64994 0.435126
0.459961 2.7996 2.81153	0 6.85903 0.43445
0.460205 2.61506 2.81012	0 6.25015 0.440616
0.460449 2.73677 2.81296	0 6.53813 0.451258
0.460693 2.83938 2.82032	0 9.76619 0.463775
0.460938 2.54206 2.83216	0 6.07144 0.476176
0.461182 2.85493 2.84811	0 7.94309 0.487513
0.461426 2.79113 2.86747	0 6.05499 0.497681
0.46167 2.78523 2.88923	0 5.65348 0.50678
0.461914 2.9837 2.91217	0 7.47089 0.514501
0.462158 3.04691 2.93499	0 10.9549 0.51998
0.462402 2.87939 2.95634	0 6.18802 0.522275
0.462646 3.27888 2.975	0 14.2196 0.521145
0.462891 3.03855 2.98991	0 9.15877 0.517606
0.463135 3.06643 3.00024	0 6.26909 0.513822
0.463379 3.02084 3.00545	0 8.08842 0.51229
0.463623 2.85206 3.0053	0 7.878 0.514717
0.463867 2.92562 2.99988	0 7.91375 0.521183
0.464111 3.78409 2.98966	0 13.6376 0.530041
0.464355 2.88539 2.97543	0 7.48153 0.538586
0.4646 3.1493 2.95826	0 11.5689 0.544143
0.464844 2.60799 2.93943	0 3.92085 0.545066
0.465088 2.87376 2.92027	0 10.149 0.54122
0.465332 2.82475 2.90205	0 8.51093 0.53382
0.465576 3.06877 2.88586	0 7.98402 0.524791
0.46582 2.43928 2.8725	0 4.8785 0.515992
0.466064 2.59498 2.86248	0 5.7601 0.50863
0.466309 2.99185 2.85601	0 9.8652 0.503092
0.466553 3.12682 2.85307	0 10.2385 0.499186
0.466797 3.06013 2.85342	0 8.48218 0.496608
0.467041 2.59309 2.85664	0 6.98046 0.495397
0.467285 2.49841 2.86215	0 6.96627 0.496151
0.467529 3.02987 2.8692	0 9.42827 0.499937
0.467773 2.60559 2.87694	0 7.06665 0.507912
0.468018 2.88124 2.88437	0 7.99205 0.520803
0.468262 3.00737 2.89053	0 10.6685 0.538401
0.468506 3.35442 2.89455	0 13.8836 0.55926
0.46875 2.78913 2.89575	0 8.3219 0.580742
0.468994 3.05341 2.89377	0 8.91193 0.599419
0.469238 3.1175 2.88856	0 8.86125 0.611739
0.469482 2.69854 2.88044	0 5.50057 0.614749
0.469727 2.62306 2.86998	0 7.23505 0.606673
0.469971 3.01267 2.85801	0 11.3904 0.587258
0.470215 2.78703 2.8455	0 8.18878 0.557844
0.470459 2.92575 2.83351	0 7.91314 0.521216
0.470703 2.96778 2.82313	0 11.3115 0.481254
0.470947 3.04821 2.81539	0 9.48341 0.442364
0.471191 2.15459 2.81122	0 4.40383 0.40873
0.471436 2.79773 2.81133	0 7.59476 0.38352
0.47168 2.61168 2.81616	0 6.6537 0.368258
0.471924 2.88676 2.8258	0 10.8131 0.362624
0.472168 2.62536 2.84	0 6.30573 0.364777
0.472412 2.98237 2.8581	0 8.52741 0.372109
0.472656 3.05798 2.87917	0 11.6789 0.382133
0.4729 2.70128 2.90204	0 7.55141 0.393134
0.473145 2.72028 2.92545	0 6.08797 0.404373
0.473389 2.7175 2.94824	0 4.63635 0.415834
0.473633 3.22529 2.96946	0 9.32136 0.427766
0.473877 3.46716 2.98849	0 15.488 0.440331
0.474121 3.47735 3.00505	0 7.81474 0.453532
0.474365 2.83421 3.0192	0 5.29682 0.46736
0.474609 2.84365 3.03118	0 7.6718 0.481972
0.474854 2.83122 3.04126	0 7.5832 0.497649
0.475098 2.98828 3.04959	0 8.85224 0.514526
0.475342 2.91467 3.0561	0 8.83293 0.532195
0.475586 3.08172 3.06046	0 9.44228 0.549466
0.47583 2.87086 3.06222	0 10.4909 0.564469
0.476074 3.864 3.06096	0 13.0839 0.575131
0.476318 3.02174 3.0564	0 6.85529 0.579834
0.476562 3.45454 3.0486	0 13.7599 0.577929
0.476807 2.94922 3.03799	0 5.82277 0.569854
0.477051 2.78942 3.0253	0 5.36516 0.556846
0.477295 2.8715 3.01146	0 7.85827 0.540433
0.477539 2.85253 2.99749	0 7.62004 0.522041
0.477783 2.87981 2.98431	0 8.35599 0.502881
0.478027 3.06176 2.97268	0 9.51005 0.48409
0.478271 3.16202 2.96313	0 8.26708 0.466904
0.478516 3.33486 2.95597	0 12.1863 0.452668
0.47876 2.24495 2.9513	0 4.43975 0.442572
0.479004 2.89246 2.94901	0 6.5445 0.437214
0.479248 2.95529 2.94885	0 7.50616 0.436193
0.479492 2.88607 2.9504	0 5.31556 0.437991
0.479736 3.27484 2.95316	0 10.1676 0.440331
0.47998 2.6049 2.95654	0 7.00094 0.440995
0.480225 3.24143 2.95996	0 9.94905 0.438814
0.480469 2.88035 2.96286	0 14.8016 0.434352
0.480713 2.97946 2.96479	0 6.07188 0.429877
0.480957 2.91921 2.9654	0 9.15542 0.428494
0.481201 3.27775 2.96446	0 12.929 0.432784
0.481445 2.93949 2.96183	0 8.18283 0.44356
0.481689 2.60822 2.95743	0 7.2188 0.459299
0.481934 3.44503 2.95117	0 14.1532 0.476491
0.482178 2.56429 2.94296	0 8.42575 0.490711
0.482422 3.07877 2.93274	0 10.3601 0.497979
0.482666 2.64841 2.92043	0 4.61579 0.495935
0.48291 3.49257 2.90608	0 18.2736 0.484473
0.483154 2.78842 2.8899	0 6.46511 0.465694
0.483398 2.81645 2.87229	0 6.30736 0.443194
0.483643 2.87359 2.85391	0 6.90128 0.420917
0.483887 3.22305 2.83562	0 8.75311 0.401977
0.484131 2.45153 2.81843	0 5.66911 0.387881
0.484375 2.45668 2.80342	0 6.42255 0.378452
0.484619 3.04453 2.79156	0 8.84157 0.372426
0.484863 2.89807 2.78362	0 8.40765 0.368387
0.485107 2.34363 2.78006	0 5.02846 0.365626
0.485352 2.67468 2.78098	0 9.65628 0.364605
0.485596 2.62965 2.78607	0 6.4867 0.366916
0.48584 2.78948 2.7947	0 8.24832 0.374807
0.486084 3.21135 2.80597	0 9.13809 0.3904
0.486328 2.34685 2.81887	0 7.0898 0.414791
0.486572 2.89437 2.83234	0 9.10909 0.447253
0.486816 2.90968 2.84545	0 6.25297 0.484839
0.487061 3.29887 2.85745	0 9.89098 0.522621
0.487305 2.9026 2.86784	0 6.87714 0.554632
0.487549 2.55318 2.87635	0 8.30467 0.575334
0.487793 3.02764 2.88296	0 7.14011 0.581185
0.488037 2.79806 2.88784	0 10.6801 0.571783
0.488281 2.79068 2.89133	0 9.57447 0.550171
0.488525 3.0856 2.89388	0 8.41355 0.52212
0.48877 3.26247 2.89604	0 7.59434 0.494584
0.489014 2.69347 2.89835	0 9.03699 0.473812
0.489258 2.5752 2.90134	0 5.96046 0.463764
0.489502 3.2375 2.90536	0 12.5378 0.465361
0.489746 2.66701 2.91055	0 10.8592 0.476765
0.48999 2.66336 2.91677	0 6.45373 0.494436
0.490234 3.01189 2.92355	0 6.18741 0.514442
0.490479 3.03601 2.93015	0 8.18268 0.53347
0.490723 2.7539 2.9356	0 10.4195 0.549271
0.490967 3.34153 2.93889	0 12.8799 0.56062
0.491211 2.6158 2.93908	0 4.61311 0.567084
0.491455 3.10401 2.93549	0 6.40496 0.568878
0.491699 3.5588 2.92778	0 19.1427 0.566844
0.491943 2.8184 2.91603	0 6.53575 0.5624
0.492188 2.99558 2.90069	0 12.3784 0.557275
0.492432 2.55374 2.88256	0 7.61012 0.553063
0.492676 2.9213 2.86266	0 7.68439 0.550807
0.49292 2.87173 2.84214	0 8.08761 0.550881
0.493164 2.87441 2.82211	0 8.87092 0.553189
0.493408 2.53591 2.80363	0 6.69342 0.557521
0.493652 2.94888 2.78756	0 11.2633 0.563736
0.493896 2.98883 2.77456	0 9.95238 0.571643
0.494141 2.38517 2.765	0 5.74249 0.580656
0.494385 2.60933 2.75897	0 9.04971 0.589499
0.494629 2.65478 2.75628	0 8.64852 0.596228
0.494873 2.577 2.75649	0 9.12911 0.598649
0.495117 2.97998 2.75899	0 11.0405 0.594993
0.495361 2.63805 2.76308	0 4.72946 0.584526
0.495605 3.05108 2.76809	0 8.86242 0.567803
0.49585 2.805 2.77342	0 8.40097 0.546423
0.496094 2.58975 2.77858	0 4.75134 0.522419
0.496338 2.97339 2.78311	0 7.78897 0.497587
0.496582 2.84917 2.7864	0 10.882 0.473053
0.496826 2.61821 2.78753	0 6.49715 0.449261
0.49707 2.78551 2.78497	0 7.25859 0.426278
0.497314 2.64209 2.77642	0 6.7337 0.40421
0.497559 2.77925 2.7587	0 9.17956 0.383473
0.497803 2.82851 2.72776	0 6.47892 0.364771
0.498047 3.08206 2.67901	0 7.66442 0.348779
0.498291 2.89469 2.60775	0 6.88291 0.335652
0.498535 2.89139 2.50991	0 6.67286 0.324592
0.498779 2.5959 2.38273	0 6.48217 0.313698
0.499023 3.4035 2.22557	0 7.99443 0.300283
0.499268 2.70847 2.04035	0 8.62368 0.281636
0.499512 3.33827 1.83177	0 10.3586 0.255985
0.499756 3.01379 1.37499	0 11.8825 0.185341
