0 0 1.65565	0 0 0.279911
0.000244141 2.87856 1.99111	0 8.25842 0.360857
0.000488281 3.00943 2.3428	0 10.2242 0.450985
0.000732422 2.88289 2.70309	0 10.3818 0.55295
0.000976562 3.57462 3.06557	0 10.755 0.672317
0.0012207 4.26922 3.42595	0 12.5821 0.816441
0.00146484 4.50604 3.78252	0 20.9847 0.992342
0.00170898 3.78784 4.13615	0 13.4616 1.20453
0.00195312 3.60993 4.48992	0 15.2208 1.45378
0.00219727 5.0255 4.84842	0 20.7741 1.73745
0.00244141 4.95898 5.21696	0 28.0408 2.05103
0.00268555 5.11422 5.60072	0 32.2542 2.39035
0.00292969 5.72578 6.00403	0 34.31 2.7535
0.00317383 5.39825 6.42988	0 31.9424 3.1419
0.00341797 6.82415 6.87958	0 56.1137 3.56043
0.00366211 8.19137 7.35257	0 46.6855 4.01675
0.00390625 6.19482 7.84654	0 34.8231 4.51988
0.00415039 7.80443 8.35756	0 53.3396 5.07835
0.00439453 7.63679 8.88039	0 50.9336 5.6978
0.00463867 10.3931 9.40888	0 124.892 6.37853
0.00488281 11.9873 9.93627	0 175.153 7.11378
0.00512695 9.74564 10.4555	0 110.307 7.89001
0.00537109 11.3333 10.9595	0 85.2002 8.68965
0.00561523 11.0581 11.4409	0 111.326 9.49575
0.00585938 14.2155 11.8928	0 189.737 10.2962
0.00610352 9.17534 12.3083	0 83.0046 11.0849
0.00634766 14.4504 12.6811	0 220.809 11.8586
0.0065918 14.6127 13.0059	0 239.344 12.6097
0.00683594 13.7017 13.279	0 182.012 13.3191
0.00708008 15.7181 13.4985	0 297.451 13.9525
0.00732422 14.939 13.665	0 179.051 14.4649
0.00756836 15.3888 13.7808	0 268.944 14.8118
0.0078125 13.4642 13.8504	0 222.93 14.9662
0.00805664 12.1095 13.8791	0 186.231 14.9321
0.00830078 14.0074 13.8727	0 157.494 14.7499
0.00854492 14.9028 13.8366	0 187.285 14.4886
0.00878906 15.054 13.7754	0 206.534 14.2284
0.0090332 12.8641 13.693	0 153.7 14.0371
0.00927734 14.0254 13.593	0 196.077 13.9511
0.00952148 13.7215 13.4786	0 218.172 13.9659
0.00976562 12.2978 13.3538	0 140.372 14.0393
0.0100098 14.2742 13.2234	0 227.42 14.1081
0.0102539 15.3026 13.0932	0 292.234 14.1091
0.010498 12.9194 12.9696	0 139.984 13.9983
0.0107422 11.2048 12.8591	0 186.601 13.7592
0.0109863 10.8191 12.7676	0 123.429 13.3995
0.0112305 12.4837 12.6997	0 199.315 12.9409
0.0114746 10.9408 12.658	0 123.75 12.41
0.0117188 14.0115 12.643	0 188.746 11.8371
0.0119629 11.8636 12.653	0 201.875 11.2615
0.012207 12.508 12.6851	0 144.07 10.735
0.0124512 12.038 12.7355	0 143.064 10.3182
0.0126953 14.7538 12.8004	0 180.266 10.0661
0.0129395 11.9501 12.8763	0 158.4 10.0112
0.0131836 10.4316 12.961	0 87.9748 10.1509
0.0134277 17.5998 13.0529	0 293.245 10.4483
0.0136719 11.6262 13.1513	0 125.038 10.8426
0.013916 11.8868 13.2557	0 140.232 11.2656
0.0141602 12.993 13.3655	0 251.544 11.6551
0.0144043 13.7539 13.4798	0 146.11 11.9632
0.0146484 13.5806 13.5966	0 164.077 12.1596
0.0148926 13.6132 13.7139	0 126.129 12.2344
0.0151367 13.3811 13.829	0 191.428 12.2004
0.0153809 14.9965 13.9396	0 195.798 12.0952
0.015625 14.0295 14.0444	0 209.346 11.9785
0.0158691 13.7676 14.1428	0 255.286 11.9248
0.0161133 16.9571 14.2351	0 273.463 12.009
0.0163574 13.6094 14.3225	0 138.965 12.2918
0.0166016 14.4416 14.4059	0 238.706 12.8059
0.0168457 13.009 14.4855	0 126.542 13.5482
0.0170898 13.4257 14.5602	0 143.08 14.4767
0.017334 14.1011 14.6277	0 164.277 15.5132
0.0175781 13.7831 14.6847	0 222.371 16.549
0.0178223 18.5693 14.7276	0 486.633 17.4546
0.0180664 15.416 14.7542	0 169.744 18.0955
0.0183105 13.5646 14.7644	0 189.827 18.3558
0.0185547 17.3351 14.7606	0 204.316 18.1688
0.0187988 15.8777 14.7482	0 228.967 17.5456
0.019043 14.0246 14.7344	0 195.841 16.5893
0.0192871 12.8057 14.7271	0 249.913 15.4832
0.0195312 13.5967 14.7328	0 160.864 14.4512
0.0197754 14.7479 14.7558	0 218.191 13.7014
0.0200195 12.611 14.7968	0 188.116 13.3721
0.0202637 13.7819 14.853	0 188.654 13.4983
0.0205078 15.3316 14.919	0 240.915 14.007
0.020752 16.5608 14.9884	0 213.943 14.7437
0.0209961 15.5799 15.0555	0 221.072 15.5192
0.0212402 16.5075 15.1169	0 238.863 16.1641
0.0214844 16.5406 15.1727	0 260.92 16.5743
0.0217285 16.4323 15.2267	0 480.805 16.7319
0.0219727 14.1372 15.2852	0 147.483 16.6941
0.0222168 13.7833 15.3557	0 218.521 16.5549
0.0224609 13.9787 15.4449	0 200.955 16.4001
0.0227051 12.7465 15.5569	0 187.873 16.2758
0.0229492 17.2298 15.6918	0 394.901 16.1845
0.0231934 15.2649 15.8458	0 201.112 16.1024
0.0234375 15.3398 16.0109	0 275.509 16.0039
0.0236816 14.0253 16.1772	0 203.824 15.8762
0.0239258 20.1952 16.3341	0 431.241 15.7202
0.0241699 17.3149 16.4723	0 345.03 15.5438
0.0244141 18.3125 16.5857	0 245.577 15.359
0.0246582 18.004 16.6717	0 307.511 15.1846
0.0249023 16.8567 16.7322	0 285.646 15.0531
0.0251465 15.405 16.7723	0 196.785 15.0106
0.0253906 15.8647 16.8001	0 219.625 15.1055
0.0256348 17.0028 16.8248	0 236.475 15.3716
0.0258789 18.1626 16.8556	0 246.388 15.8139
0.026123 15.9748 16.901	0 249.742 16.4071
0.0263672 17.7581 16.9675	0 338.014 17.1092
0.0266113 13.6464 17.0599	0 178.185 17.8815
0.0268555 15.7626 17.1808	0 305.773 18.7049
0.0270996 16.6413 17.3316	0 213.806 19.5861
0.0273438 21.0084 17.5121	0 405.687 20.5509
0.0275879 17.0534 17.7218	0 515.396 21.6306
0.027832 18.7435 17.9595	0 249.299 22.8453
0.0280762 15.2755 18.2237	0 191.965 24.1926
0.0283203 18.0398 18.5124	0 295.678 25.643
0.0285645 17.446 18.8227	0 544.773 27.1444
0.0288086 19.7594 19.1508	0 339.381 28.632
0.0290527 19.1331 19.492	0 414.793 30.0422
0.0292969 22.3596 19.841	0 486.91 31.3267
0.029541 19.2515 20.1922	0 445.795 32.4641
0.0297852 19.9732 20.5409	0 343.193 33.465
0.0300293 18.1774 20.8835	0 433.73 34.369
0.0302734 22.6393 21.2188	0 464.699 35.2287
0.0305176 26.1815 21.548	0 648.927 36.0849
0.0307617 23.7378 21.8751	0 554.6 36.9395
0.0310059 19.3903 22.206	0 261.676 37.7378
0.03125 18.9982 22.5479	0 429.046 38.3712
0.0314941 24.7636 22.9083	0 690.499 38.7043
0.0317383 23.5461 23.2939	0 566.803 38.6193
0.0319824 20.6589 23.7098	0 418.999 38.0612
0.0322266 22.7402 24.1598	0 412.533 37.0678
0.0324707 24.1201 24.646	0 398.985 35.7777
0.0327148 25.7769 25.1702	0 712.289 34.4182
0.032959 29.8314 25.7337	0 886.385 33.28
0.0332031 25.0648 26.3386	0 788.133 32.6833
0.0334473 25.7011 26.9869	0 601.842 32.9333
0.0336914 23.7024 27.6809	0 643.857 34.2659
0.0339355 25.3713 28.4218	0 497.334 36.7915
0.0341797 33.7669 29.2094	0 1073 40.4513
0.0344238 27.1756 30.0411	0 585.802 45.0041
0.034668 33.2211 30.9117	0 1123.16 50.0583
0.0349121 27.3122 31.8142	0 682.901 55.1526
0.0351562 31.1322 32.7399	0 1151.62 59.8734
0.0354004 37.3579 33.6807	0 1229.96 63.9774
0.0356445 33.7386 34.63	0 1296.93 67.4743
0.0358887 35.6946 35.5846	0 1367.14 70.6275
0.0361328 39.6501 36.5458	0 1123.29 73.8563
0.036377 37.3297 37.5202	0 954.477 77.5739
0.0366211 41.362 38.5196	0 1386.64 82.0375
0.0368652 33.817 39.5599	0 989.607 87.2938
0.0371094 40.0151 40.6603	0 1360.16 93.2607
0.0373535 38.3465 41.8416	0 1192.95 99.9047
0.0375977 45.0205 43.1239	0 2234.06 107.408
0.0378418 40.6251 44.5256	0 1639.68 116.211
0.0380859 50.3105 46.0613	0 2516.63 126.883
0.0383301 39.0688 47.7409	0 1797.91 139.879
0.0385742 42.2954 49.5687	0 2139.04 155.319
0.0388184 54.7708 51.5433	0 2105.4 172.927
0.0390625 50.3224 53.6574	0 2461.92 192.183
0.0393066 59.5834 55.8988	0 5356.88 212.631
0.0395508 52.3588 58.2524	0 2941.92 234.207
0.0397949 60.2316 60.7025	0 3175.92 257.405
0.0400391 59.4636 63.2359	0 3653.94 283.218
0.0402832 60.0661 65.8452	0 2462.83 312.857
0.0405273 83.0749 68.5316	0 9199.43 347.388
0.0407715 70.665 71.3074	0 7187.23 387.47
0.0410156 77.019 74.1964	0 5783.48 433.282
0.0412598 69.7358 77.2331	0 3849.23 484.623
0.0415039 73.5723 80.4607	0 5512.57 541.038
0.041748 78.699 83.9275	0 5633.82 601.8
0.0419922 90.5599 87.6839	0 7920.85 665.718
0.0422363 81.0419 91.778	0 7742.6 730.936
0.0424805 87.8932 96.253	0 7728.32 795.049
0.0427246 89.389 101.144	0 6843.7 855.865
0.0429688 114.647 106.475	0 14632.7 912.845
0.0432129 114.585 112.255	0 13836.2 968.851
0.043457 94.1812 118.477	0 8972.62 1031.35
0.0437012 112.71 125.111	0 15709.1 1112.06
0.0439453 136.115 132.105	0 16037.8 1224.33
0.0441895 129.476 139.385	0 16018.2 1378.47
0.0444336 133.742 146.856	0 16826.3 1576.4
0.0446777 172.301 154.407	0 33060.1 1808.06
0.0449219 147.156 161.921	0 22455.5 2051.76
0.045166 187.758 169.276	0 43457.9 2279.37
0.0454102 189.992 176.36	0 48867.1 2464.64
0.0456543 201.692 183.068	0 43276.8 2591.43
0.0458984 183.775 189.306	0 35785.2 2657.99
0.0461426 188.79 194.994	0 43110 2675.6
0.0463867 211.97 200.056	0 42951.1 2662.47
0.0466309 202.443 204.424	0 38700.8 2636.25
0.046875 239.802 208.03	0 56748.3 2608.41
0.0471191 237.202 210.808	0 53441.3 2582.29
0.0473633 213.314 212.691	0 35528.1 2554.24
0.0476074 208.98 213.618	0 39065.2 2516.38
0.0478516 222.213 213.536	0 52403.8 2459.51
0.0480957 220.614 212.409	0 33194.7 2376.18
0.0483398 243.284 210.225	0 69691 2263.65
0.048584 258.832 207.004	0 88928.2 2126.3
0.0488281 194.105 202.799	0 36813.6 1975.83
0.0490723 223.211 197.7	0 44172.5 1828.16
0.0493164 180.532 191.829	0 32357.7 1697.76
0.0495605 179.169 185.333	0 40138.9 1591.95
0.0498047 180.744 178.371	0 26706.7 1508.3
0.0500488 190.581 171.106	0 49613.7 1436.75
0.050293 180.973 163.689	0 40241.9 1365.17
0.0505371 140.21 156.248	0 15377.3 1285.16
0.0507812 128.528 148.883	0 13339.2 1195.23
0.0510254 116.841 141.66	0 13298.3 1100.03
0.0512695 128.515 134.614	0 21249.9 1006.87
0.0515137 141.677 127.752	0 13533.3 921.902
0.0517578 129.694 121.067	0 15575.5 847.856
0.052002 111.245 114.548	0 11294 784.034
0.0522461 120.608 108.186	0 14678.3 727.76
0.0524902 95.2925 101.987	0 8323.61 676.101
0.0527344 92.9842 95.9694	0 8533.78 626.915
0.0529785 83.039 90.1653	0 5799.14 579.032
0.0532227 73.5342 84.6149	0 6172.68 531.898
0.0534668 80.4636 79.359	0 8559.81 485.181
0.0537109 69.7494 74.4327	0 4448.21 438.628
0.0539551 58.2451 69.8602	0 4009.22 392.186
0.0541992 59.7093 65.6523	0 4577.44 346.198
0.0544434 61.0123 61.8061	0 4539.56 301.477
0.0546875 53.6859 58.3066	0 2559.28 259.197
0.0549316 46.0546 55.1295	0 2177.56 220.635
0.0551758 52.365 52.2446	0 2348.97 186.887
0.0554199 55.193 49.6186	0 2648.96 158.669
0.0556641 41.1143 47.2174	0 1667.91 136.238
0.0559082 37.0898 45.0077	0 1690.69 119.399
0.0561523 44.3989 42.9587	0 1273.81 107.56
0.0563965 37.4229 41.0421	0 1092.92 99.7822
0.0566406 41.2264 39.2343	0 2116.53 94.8511
0.0568848 36.6908 37.516	0 1406.05 91.4087
0.0571289 37.0891 35.8736	0 1109.74 88.1652
0.057373 35.7924 34.2994	0 1435.05 84.1497
0.0576172 34.8672 32.7906	0 1911.35 78.9068
0.0578613 25.0573 31.3491	0 532.514 72.5456
0.0581055 28.0436 29.9799	0 851.354 65.6111
0.0583496 27.6969 28.6893	0 664.999 58.8343
0.0585938 24.6872 27.484	0 568.417 52.8672
0.0588379 27.793 26.3694	0 602.597 48.104
0.059082 25.0987 25.3493	0 694.48 44.6282
0.0593262 22.6791 24.425	0 497.066 42.2647
0.0595703 21.9357 23.5953	0 655.385 40.6833
0.0598145 21.7786 22.8561	0 556.825 39.5026
0.0600586 18.6589 22.2006	0 349.342 38.3754
0.0603027 22.134 21.619	0 687.872 37.0493
0.0605469 17.5441 21.0993	0 426.207 35.4043
0.060791 22.3911 20.6283	0 640.018 33.4608
0.0610352 20.9756 20.1924	0 584.072 31.3531
0.0612793 19.5354 19.7794	0 392.771 29.2707
0.0615234 20.6655 19.3797	0 323.334 27.3877
0.0617676 17.6079 18.9871	0 388.861 25.8041
0.0620117 22.6067 18.5994	0 402.688 24.5224
0.0622559 16.1841 18.2179	0 245.484 23.4613
0.0625 17.5496 17.8465	0 295.526 22.4998
0.0627441 16.4032 17.4902	0 284.236 21.527
0.0629883 16.0596 17.1539	0 333.539 20.4798
0.0632324 18.1395 16.8409	0 349.858 19.356
0.0634766 13.7258 16.5524	0 147.097 18.203
0.0637207 14.3272 16.2873	0 176.703 17.0902
0.0639648 17.4915 16.0426	0 244.326 16.0814
0.064209 15.8823 15.8144	0 264.945 15.2154
0.0644531 17.8381 15.5987	0 256.471 14.4992
0.0646973 14.8241 15.3928	0 183.29 13.9127
0.0649414 16.1241 15.1948	0 201.632 13.4206
0.0651855 14.6407 15.0048	0 226.362 12.9865
0.0654297 12.005 14.8236	0 129.674 12.5862
0.0656738 15.5026 14.6526	0 218.418 12.2162
0.065918 14.1609 14.4933	0 169.814 11.8919
0.0661621 13.5051 14.3467	0 174.595 11.6359
0.0664062 14.9585 14.2132	0 159.834 11.4608
0.0666504 13.7701 14.0926	0 207.04 11.3567
0.0668945 14.9385 13.984	0 201.484 11.2917
0.0671387 14.2186 13.8862	0 195.455 11.226
0.0673828 12.305 13.7977	0 156.602 11.1317
0.067627 13.1279 13.7162	0 124.582 11.0069
0.0678711 12.2158 13.6392	0 200.187 10.8748
0.0681152 15.7457 13.5639	0 221.391 10.7697
0.0683594 13.477 13.4871	0 185.372 10.7166
0.0686035 13.3656 13.4061	0 181.145 10.7173
0.0688477 12.6882 13.3186	0 127.713 10.751
0.0690918 14.1993 13.2236	0 188.307 10.7891
0.0693359 13.9298 13.1214	0 197.505 10.8142
0.0695801 13.6291 13.0137	0 198.7 10.8316
0.0698242 11.8583 12.9036	0 139.28 10.8634
0.0700684 13.5944 12.7951	0 155.79 10.9298
0.0703125 11.6416 12.6925	0 139.775 11.0284
0.0705566 11.6356 12.5999	0 104.977 11.1256
0.0708008 12.1555 12.5204	0 169.32 11.1689
0.0710449 13.3201 12.4558	0 227.262 11.1122
0.0712891 12.3277 12.406	0 169.5 10.9433
0.0715332 11.912 12.3693	0 135.688 10.6955
0.0717773 10.5386 12.3422	0 99.569 10.4379
0.0720215 13.6784 12.3199	0 174.391 10.2458
0.0722656 10.8298 12.2969	0 142.723 10.1648
0.0725098 12.8497 12.2684	0 150.331 10.1881
0.0727539 13.2443 12.231	0 180.241 10.2561
0.072998 12.5991 12.1831	0 199.113 10.2834
0.0732422 14.4602 12.1264	0 208.3 10.1977
0.0734863 13.6527 12.065	0 157.863 9.9737
0.0737305 9.32141 12.0049	0 76.6518 9.64514
0.0739746 11.8517 11.9534	0 149.07 9.29132
0.0742188 10.3774 11.9172	0 88.2776 9.00692
0.0744629 10.9629 11.9014	0 95.6116 8.86958
0.074707 11.0639 11.9088	0 144.181 8.91724
0.0749512 11.1212 11.9391	0 111.546 9.14057
0.0751953 11.9014 11.9897	0 166.9 9.48939
0.0754395 13.9968 12.0562	0 207.829 9.88925
0.0756836 11.5625 12.1333	0 151.518 10.2626
0.0759277 13.4224 12.2161	0 163.575 10.5491
0.0761719 10.6349 12.3009	0 109.962 10.718
0.076416 12.0993 12.3857	0 173.884 10.7726
0.0766602 13.0562 12.4703	0 143.314 10.7442
0.0769043 13.9981 12.5558	0 214.505 10.6825
0.0771484 12.6032 12.6441	0 124.738 10.6439
0.0773926 14.1108 12.7369	0 217.024 10.6779
0.0776367 10.686 12.8345	0 105.002 10.8133
0.0778809 10.5006 12.9358	0 147.572 11.0449
0.078125 10.9234 13.0377	0 127.419 11.3292
0.0783691 15.3866 13.136	0 300.713 11.5943
0.0786133 12.7468 13.2263	0 156.934 11.7635
0.0788574 16.5763 13.3054	0 253.829 11.7849
0.0791016 16.1205 13.3722	0 388.556 11.6551
0.0793457 13.2713 13.4288	0 175.269 11.4237
0.0795898 13.0092 13.4805	0 176.667 11.1808
0.079834 11.806 13.5346	0 155.874 11.032
0.0800781 11.0472 13.6002	0 108.819 11.0733
0.0803223 14.3141 13.6857	0 241.554 11.3756
0.0805664 14.0954 13.7984	0 251.783 11.9783
0.0808105 13.6266 13.9427	0 157.194 12.8893
0.0810547 13.9508 14.1199	0 280.443 14.084
0.0812988 12.4107 14.328	0 138.445 15.5013
0.081543 13.9269 14.5621	0 131.025 17.0422
0.0817871 11.9016 14.8154	0 141.124 18.5792
0.0820312 18.0205 15.0801	0 456.197 19.9829
0.0822754 17.4018 15.3485	0 396.666 21.159
0.0825195 16.0492 15.6139	0 285.256 22.0816
0.0827637 13.8679 15.8717	0 174.788 22.8037
0.0830078 16.9805 16.119	0 322.464 23.4346
0.083252 18.6786 16.3554	0 262.837 24.0907
0.0834961 16.3611 16.582	0 234.999 24.8392
0.0837402 13.9957 16.8009	0 192.669 25.6622
0.0839844 17.7387 17.0149	0 509.079 26.4598
0.0842285 17.2328 17.227	0 272.734 27.0914
0.0844727 17.6881 17.4397	0 331.691 27.4372
0.0847168 18.1482 17.6553	0 488.429 27.4506
0.0849609 18.2977 17.8757	0 379.665 27.1767
0.0852051 17.1978 18.1023	0 285.532 26.735
0.0854492 19.602 18.3363	0 218.681 26.2804
0.0856934 16.1784 18.5784	0 238.615 25.9683
0.0859375 18.9775 18.8289	0 558.384 25.9395
0.0861816 16.5589 19.0876	0 249.601 26.3194
0.0864258 23.7201 19.3538	0 456.596 27.2151
0.0866699 19.8951 19.6262	0 366.221 28.6939
0.0869141 19.0004 19.9034	0 333.82 30.7459
0.0871582 18.5918 20.1832	0 311.525 33.2524
0.0874023 18.4499 20.4639	0 407.804 35.9866
0.0876465 22.6538 20.7432	0 829.877 38.6595
0.0878906 22.1868 21.0196	0 599.549 40.9961
0.0881348 22.6698 21.2919	0 584.159 42.8109
0.0883789 21.4496 21.5598	0 433.149 44.0522
0.088623 19.6968 21.8235	0 341.08 44.8045
0.0888672 20.6451 22.0841	0 366.738 45.2541
0.0891113 25.7645 22.3429	0 502.635 45.6371
0.0893555 23.1884 22.6009	0 583.819 46.1845
0.0895996 23.6639 22.8582	0 485.517 47.0703
0.0898438 17.8208 23.1138	0 339.557 48.3687
0.0900879 24.764 23.3649	0 841.764 50.0253
0.090332 23.4783 23.6076	0 596.352 51.8576
0.0905762 23.7768 23.8367	0 530.195 53.5918
0.0908203 25.5601 24.0467	0 683.341 54.934
0.0910645 28.3204 24.2327	0 1201.04 55.6503
0.0913086 23.3863 24.3912	0 505.554 55.624
0.0915527 21.506 24.5206	0 494.559 54.8657
0.0917969 25.6201 24.6216	0 790.545 53.4804
0.092041 27.8705 24.6971	0 582.504 51.6122
0.0922852 25.9917 24.7522	0 845.803 49.4003
0.0925293 21.1016 24.7933	0 374.962 46.9609
0.0927734 28.3523 24.8275	0 635.36 44.4014
0.0930176 22.7535 24.862	0 444.743 41.8533
0.0932617 23.2994 24.903	0 557.139 39.5081
0.0935059 24.3959 24.9549	0 712.24 37.631
0.09375 27.6131 25.0199	0 1001.23 36.5273
0.0939941 25.6466 25.0971	0 602.216 36.4547
0.0942383 21.7841 25.1828	0 330.799 37.5057
0.0944824 21.9902 25.2707	0 527.96 39.5149
0.0947266 28.0635 25.3522	0 842.597 42.0502
0.0949707 27.0041 25.4175	0 696.353 44.5145
0.0952148 26.7702 25.4568	0 755.222 46.3254
0.095459 26.8806 25.4612	0 969.745 47.1017
0.0957031 25.5001 25.4236	0 637.873 46.7744
0.0959473 24.9482 25.3395	0 677.848 45.5792
0.0961914 26.2247 25.2069	0 744.622 43.9428
0.0964355 26.8418 25.0264	0 485.648 42.3194
0.0966797 25.4095 24.8007	0 573.548 41.046
0.0969238 23.8874 24.534	0 616.428 40.2633
0.097168 26.4285 24.2312	0 501.201 39.9137
0.0974121 22.9543 23.8977	0 675.267 39.7965
0.0976562 21.8744 23.5385	0 374.133 39.6496
0.0979004 24.9426 23.1585	0 458.823 39.2295
0.0981445 22.083 22.7623	0 396.635 38.3722
0.0983887 23.81 22.3539	0 595.287 37.0235
0.0986328 22.1298 21.9373	0 462.943 35.2366
0.098877 20.5886 21.5161	0 438.858 33.1405
0.0991211 23.4656 21.0935	0 483.541 30.893
0.0993652 18.3495 20.6723	0 327.413 28.6357
0.0996094 19.7651 20.2539	0 377.373 26.4687
0.0998535 17.7365 19.8393	0 319.402 24.4503
0.100098 21.4012 19.4278	0 645.61 22.6134
0.100342 19.3263 19.0184	0 347.921 20.9831
0.100586 19.4846 18.6095	0 266.43 19.5821
0.10083 18.1507 18.1997	0 489.498 18.4225
0.101074 16.423 17.7885	0 218.904 17.4909
0.101318 17.6408 17.3764	0 196.696 16.7414
0.101562 18.0165 16.9655	0 363.576 16.1002
0.101807 16.2697 16.5593	0 230.684 15.4841
0.102051 17.2603 16.1626	0 296.068 14.8236
0.102295 15.6173 15.7806	0 161.131 14.0827
0.102539 12.3069 15.4183	0 121.365 13.2728
0.102783 14.9673 15.0794	0 300.543 12.4535
0.103027 17.5207 14.7657	0 302.817 11.7205
0.103271 11.2134 14.4764	0 103.575 11.1787
0.103516 13.1737 14.2078	0 135.23 10.9053
0.10376 12.0015 13.954	0 125.652 10.9158
0.104004 14.6559 13.7073	0 194.025 11.1489
0.104248 15.202 13.4604	0 219.958 11.4804
0.104492 14.8691 13.207	0 225.05 11.7646
0.104736 14.0014 12.9435	0 279.599 11.8836
0.10498 11.7809 12.6695	0 129.279 11.7844
0.105225 13.0686 12.3885	0 147.037 11.4878
0.105469 12.7727 12.1065	0 99.743 11.0684
0.105713 11.5877 11.8317	0 132.759 10.6208
0.105957 9.56552 11.5722	0 105.977 10.227
0.106201 10.5351 11.3352	0 123.699 9.93646
0.106445 10.4702 11.1255	0 67.505 9.7623
0.106689 10.0475 10.9451	0 131.598 9.68755
0.106934 8.93653 10.7931	0 53.9673 9.67697
0.107178 11.4488 10.6663	0 159.141 9.68901
0.107422 11.199 10.5604	0 98.8388 9.68525
0.107666 11.5321 10.4704	0 125.18 9.63555
0.10791 11.5676 10.3919	0 149.472 9.51862
0.108154 9.1891 10.3212	0 83.4909 9.31985
0.108398 8.82224 10.2553	0 111.38 9.02996
0.108643 9.5761 10.192	0 123.285 8.64707
0.108887 11.0066 10.1292	0 154.252 8.18148
0.109131 9.9775 10.0651	0 88.9263 7.65959
0.109375 10.3168 9.99741	0 115.568 7.12232
0.109619 10.5349 9.92394	0 108.346 6.61704
0.109863 8.89299 9.84272	0 99.1468 6.18596
0.110107 10.2957 9.75228	0 67.666 5.85601
0.110352 11.5283 9.65203	0 111.013 5.6343
0.110596 8.81469 9.54247	0 62.2612 5.5094
0.11084 8.53645 9.42529	0 90.6996 5.45684
0.111084 9.56731 9.30331	0 140.487 5.44625
0.111328 9.65818 9.18028	0 106.856 5.44831
0.111572 9.95346 9.06052	0 136.076 5.44039
0.111816 8.63161 8.94849	0 77.0349 5.40977
0.112061 8.0768 8.84831	0 61.4075 5.35381
0.112305 7.32528 8.76323	0 43.8271 5.27798
0.112549 8.3306 8.6953	0 50.7872 5.19352
0.112793 8.48837 8.64507	0 84.9699 5.11638
0.113037 9.07738 8.6115	0 63.2804 5.06659
0.113281 8.48424 8.59209	0 76.4004 5.0658
0.113525 7.83657 8.58312	0 46.6778 5.13092
0.11377 8.61857 8.58009	0 52.6516 5.26488
0.114014 8.68369 8.57816	0 63.027 5.4488
0.114258 8.38509 8.57269	0 69.3457 5.64091
0.114502 9.54988 8.55973	0 99.3943 5.78489
0.114746 9.05091 8.53642	0 68.4025 5.82569
0.11499 8.4076 8.50134	0 82.3463 5.72697
0.115234 8.61495 8.45455	0 112.782 5.4833
0.115479 8.7071 8.39758	0 77.3541 5.12221
0.115723 8.88851 8.33314	0 71.8803 4.69578
0.115967 8.57331 8.26468	0 47.7559 4.26522
0.116211 7.42405 8.19585	0 50.2895 3.88441
0.116455 7.72106 8.12997	0 56.3739 3.58771
0.116699 6.98231 8.06955	0 54.5983 3.38535
0.116943 8.76515 8.01608	0 73.5864 3.26635
0.117188 7.43209 7.96993	0 49.832 3.20668
0.117432 8.25558 7.93051	0 66.9394 3.1794
0.117676 7.19495 7.89663	0 47.6609 3.16337
0.11792 8.90185 7.86687	0 89.3324 3.14793
0.118164 7.54277 7.84002	0 54.3119 3.13273
0.118408 8.36816 7.81538	0 58.1425 3.12347
0.118652 7.03693 7.79301	0 51.5008 3.12622
0.118896 7.86522 7.77373	0 77.581 3.14333
0.119141 7.38651 7.75904	0 41.2416 3.17284
0.119385 8.64816 7.75079	0 84.4667 3.21097
0.119629 7.40079 7.75086	0 55.1886 3.25546
0.119873 7.81779 7.76065	0 43.9644 3.30733
0.120117 7.05331 7.78068	0 55.7646 3.36997
0.120361 6.59328 7.81022	0 47.0159 3.44617
0.120605 8.06324 7.8472	0 58.6767 3.53524
0.12085 7.52406 7.88829	0 59.1916 3.63151
0.121094 8.47519 7.9293	0 87.9097 3.7251
0.121338 7.69052 7.96574	0 48.0861 3.80455
0.121582 8.55781 7.99354	0 59.9119 3.86043
0.121826 9.81434 8.00961	0 92.3447 3.8888
0.12207 7.83904 8.01235	0 62.4009 3.89314
0.122314 7.73578 8.0018	0 53.0437 3.88386
0.122559 8.80596 7.97959	0 85.1857 3.87525
0.122803 7.18375 7.94858	0 54.1184 3.88103
0.123047 8.01766 7.91243	0 67.2588 3.91046
0.123291 7.39003 7.87505	0 56.9499 3.96638
0.123535 8.71502 7.84015	0 53.4885 4.04534
0.123779 7.04202 7.81092	0 51.621 4.1389
0.124023 7.22177 7.78977	0 55.5512 4.23537
0.124268 8.27843 7.77832	0 70.1173 4.32161
0.124512 7.06641 7.77737	0 44.572 4.38563
0.124756 7.92684 7.78702	0 59.9344 4.41983
0.125 7.36286 7.8068	0 53.3159 4.42399
0.125244 8.00976 7.83574	0 77.5423 4.40626
0.125488 7.61883 7.8725	0 49.8012 4.3808
0.125732 8.63649 7.91535	0 67.5414 4.36246
0.125977 7.21376 7.96225	0 56.6631 4.36056
0.126221 7.71558 8.01082	0 65.5808 4.37476
0.126465 8.20175 8.05841	0 62.5284 4.39512
0.126709 8.17237 8.10219	0 66.112 4.40622
0.126953 8.39721 8.13931	0 95.9603 4.39327
0.127197 8.3435 8.16712	0 77.7421 4.3476
0.127441 8.46927 8.18343	0 56.5438 4.26956
0.127686 8.73656 8.18672	0 77.4984 4.16867
0.12793 8.66457 8.17642	0 79.357 4.0615
0.128174 7.3439 8.15298	0 35.9206 3.96795
0.128418 8.97278 8.11795	0 78.1002 3.90661
0.128662 8.40767 8.07386	0 56.8919 3.89027
0.128906 8.28331 8.02407	0 66.911 3.92256
0.12915 7.3771 7.97254	0 63.7192 3.9973
0.129395 8.21554 7.92352	0 84.5473 4.10028
0.129639 7.51169 7.88127	0 51.5755 4.21306
0.129883 6.72463 7.84972	0 62.1239 4.31743
0.130127 8.09808 7.83228	0 58.5465 4.3994
0.130371 8.29288 7.83159	0 80.4012 4.45185
0.130615 7.6089 7.8493	0 65.177 4.47513
0.130859 6.5018 7.88604	0 29.6327 4.47527
0.131104 8.12899 7.9413	0 59.738 4.46078
0.131348 7.23361 8.01343	0 65.9238 4.44001
0.131592 7.90657 8.09981	0 40.4447 4.42065
0.131836 8.07694 8.19695	0 42.3928 4.41169
0.13208 9.31931 8.30084	0 68.1995 4.42567
0.132324 8.2469 8.40721	0 94.727 4.47843
0.132568 8.18086 8.51191	0 63.6484 4.58527
0.132812 7.60981 8.61125	0 48.6808 4.75473
0.133057 10.4669 8.7023	0 99.1216 4.98347
0.133301 9.06087 8.78308	0 71.5116 5.25534
0.133545 9.11306 8.85265	0 73.3739 5.54523
0.133789 9.35261 8.9111	0 77.5159 5.82627
0.134033 8.11117 8.95936	0 58.9755 6.07721
0.134277 9.28948 8.99893	0 85.1826 6.28727
0.134521 9.49651 9.03158	0 74.2063 6.45694
0.134766 9.07986 9.05893	0 76.1735 6.59491
0.13501 9.18376 9.08223	0 85.5329 6.71233
0.135254 7.8688 9.10208	0 65.2946 6.8167
0.135498 9.69608 9.11833	0 91.4394 6.9074
0.135742 8.98176 9.13015	0 70.4628 6.9745
0.135986 9.84393 9.1362	0 120.7 7.00143
0.13623 9.02389 9.13482	0 86.4854 6.97069
0.136475 9.35727 9.12439	0 74.4931 6.87054
0.136719 9.25801 9.10356	0 96.794 6.70031
0.136963 9.24628 9.07156	0 103.564 6.47186
0.137207 8.77782 9.02828	0 81.5951 6.20657
0.137451 9.98472 8.9744	0 134.497 5.92867
0.137695 9.10164 8.91132	0 104.512 5.65805
0.137939 9.62543 8.84104	0 124.343 5.40557
0.138184 6.61848 8.76598	0 27.0184 5.17304
0.138428 9.44755 8.68877	0 100.721 4.95723
0.138672 9.03743 8.61205	0 67.4427 4.75568
0.138916 8.23629 8.53826	0 72.9832 4.57151
0.13916 8.85803 8.46948	0 90.3305 4.41489
0.139404 7.48147 8.40733	0 40.7119 4.30105
0.139648 8.19272 8.35289	0 82.6759 4.24529
0.139893 8.97099 8.30659	0 65.9905 4.25721
0.140137 6.92882 8.2683	0 33.5493 4.33623
0.140381 8.74928 8.23729	0 70.5283 4.4706
0.140625 8.46068 8.21241	0 71.2208 4.63992
0.140869 7.94528 8.19223	0 50.3622 4.81987
0.141113 7.5766 8.17531	0 63.3513 4.98692
0.141357 8.26353 8.16047	0 49.8764 5.12162
0.141602 9.20097 8.147	0 86.5973 5.2112
0.141846 7.39523 8.13477	0 72.062 5.25219
0.14209 8.32845 8.12421	0 69.6616 5.25325
0.142334 8.72569 8.1161	0 90.4003 5.23562
0.142578 8.86759 8.11117	0 74.1416 5.22847
0.142822 6.98426 8.10976	0 42.1474 5.25863
0.143066 6.4626 8.11142	0 48.9943 5.33816
0.143311 8.23663 8.11483	0 72.4766 5.45564
0.143555 7.23335 8.11793	0 49.9178 5.57659
0.143799 9.14042 8.11824	0 121.723 5.65364
0.144043 9.77656 8.11342	0 103.458 5.64253
0.144287 9.41668 8.10178	0 104.203 5.51706
0.144531 7.1312 8.08262	0 39.3023 5.27687
0.144775 7.57486 8.05633	0 50.4657 4.94607
0.14502 8.26641 8.02425	0 77.9222 4.56445
0.145264 7.68953 7.98829	0 66.7446 4.17621
0.145508 7.46922 7.9505	0 57.9706 3.8203
0.145752 8.12024 7.91267	0 57.7474 3.52485
0.145996 8.49863 7.8761	0 64.6497 3.30545
0.14624 7.19405 7.84153	0 47.2938 3.16594
0.146484 7.88963 7.8092	0 57.2845 3.10035
0.146729 7.98641 7.77908	0 67.331 3.09576
0.146973 6.76965 7.75101	0 42.8099 3.13605
0.147217 8.39343 7.72487	0 86.9288 3.20644
0.147461 8.59563 7.70059	0 55.4421 3.29722
0.147705 7.80161 7.6781	0 42.6643 3.40479
0.147949 6.74361 7.65714	0 56.0083 3.52918
0.148193 6.99605 7.63721	0 43.7214 3.66908
0.148438 7.41964 7.61739	0 41.4406 3.81717
0.148682 7.50486 7.59643	0 79.926 3.95905
0.148926 8.59565 7.57287	0 65.8974 4.07676
0.14917 7.84018 7.54527	0 60.8023 4.15516
0.149414 7.14623 7.51243	0 49.5325 4.18761
0.149658 8.24495 7.47369	0 61.2479 4.17767
0.149902 7.4235 7.42897	0 58.4425 4.13616
0.150146 7.23496 7.37889	0 51.6779 4.07547
0.150391 6.88393 7.32466	0 50.0686 4.0046
0.150635 7.00956 7.26799	0 46.5808 3.92697
0.150879 8.33595 7.21097	0 68.8999 3.84172
0.151123 6.76866 7.15587	0 35.9525 3.74693
0.151367 7.20803 7.10504	0 47.1697 3.64302
0.151611 6.57382 7.06064	0 35.5209 3.53515
0.151855 6.53312 7.0245	0 34.8821 3.43393
0.1521 7.21597 6.99779	0 73.5148 3.35418
0.152344 7.22323 6.98081	0 47.6608 3.31134
0.152588 6.22646 6.97279	0 32.5034 3.31604
0.152832 6.65758 6.97185	0 44.247 3.36834
0.153076 6.03482 6.97508	0 40.5128 3.45467
0.15332 7.9991 6.97895	0 65.8927 3.54996
0.153564 6.70836 6.97976	0 70.8538 3.6254
0.153809 7.42675 6.97431	0 60.814 3.65883
0.154053 7.41027 6.96044	0 50.9619 3.64299
0.154297 7.64369 6.93744	0 65.1387 3.58745
0.154541 7.53417 6.90614	0 50.8838 3.51306
0.154785 7.18521 6.86865	0 48.5036 3.44174
0.155029 6.80261 6.82788	0 56.8305 3.38661
0.155273 5.72671 6.78681	0 32.9435 3.34706
0.155518 5.67151 6.74785	0 48.1979 3.31076
0.155762 5.9669 6.71234	0 36.3249 3.26099
0.156006 7.45567 6.68045	0 54.1528 3.1853
0.15625 6.13595 6.65131	0 37.0956 3.08156
0.156494 7.77572 6.62346	0 59.1671 2.95906
0.156738 7.93896 6.59536	0 57.8681 2.83503
0.156982 5.74787 6.56588	0 39.2358 2.72864
0.157227 5.8996 6.53462	0 35.1573 2.65503
0.157471 6.60565 6.50197	0 45.6056 2.62145
0.157715 6.69474 6.46897	0 42.3366 2.62632
0.157959 6.6261 6.43703	0 43.4249 2.661
0.158203 6.07366 6.40756	0 40.6463 2.71318
0.158447 5.88315 6.38167	0 22.556 2.77027
0.158691 6.95551 6.35993	0 48.3525 2.82183
0.158936 5.76645 6.34229	0 30.4828 2.86032
0.15918 6.64842 6.32814	0 42.1895 2.88081
0.159424 5.11591 6.31649	0 25.6963 2.88031
0.159668 6.76469 6.30625	0 47.6164 2.85773
0.159912 6.27221 6.29647	0 48.3981 2.81456
0.160156 7.92058 6.28658	0 57.1483 2.75586
0.1604 6.72164 6.27646	0 55.7306 2.69037
0.160645 5.1218 6.2665	0 21.9072 2.62902
0.160889 5.3826 6.25744	0 32.8537 2.58166
0.161133 6.22165 6.25021	0 45.3475 2.55327
0.161377 6.21194 6.24578	0 39.8358 2.54155
0.161621 6.62152 6.24497	0 47.503 2.53742
0.161865 6.93 6.24841	0 30.1455 2.52864
0.162109 6.25993 6.2564	0 40.3607 2.50515
0.162354 5.33493 6.26883	0 38.4237 2.46369
0.162598 5.63909 6.28519	0 39.8237 2.40957
0.162842 7.2092 6.30438	0 40.8615 2.355
0.163086 6.02339 6.3248	0 29.947 2.31465
0.16333 6.00035 6.34432	0 35.9983 2.30037
0.163574 5.88217 6.36048	0 30.7616 2.31689
0.163818 8.06883 6.37072	0 68.3333 2.35988
0.164062 5.41209 6.37275	0 29.5739 2.41694
0.164307 7.37565 6.3649	0 56.2396 2.47078
0.164551 5.99649 6.34645	0 32.9769 2.50367
0.164795 6.75892 6.31786	0 56.7544 2.50135
0.165039 7.02224 6.28075	0 42.0604 2.45588
0.165283 6.03502 6.23785	0 40.5331 2.36689
0.165527 6.29888 6.19255	0 33.4029 2.24166
0.165771 6.31149 6.14856	0 46.0414 2.09401
0.166016 5.46548 6.10934	0 33.6676 1.94195
0.16626 4.97985 6.07772	0 27.6466 1.80421
0.166504 5.42506 6.05552	0 27.1786 1.69626
0.166748 6.86707 6.04344	0 39.3044 1.6271
0.166992 6.47943 6.04105	0 41.8987 1.59808
0.167236 5.41154 6.04696	0 23.6804 1.60387
0.16748 5.90237 6.05909	0 30.6259 1.63531
0.167725 6.11105 6.07496	0 35.5967 1.68267
0.167969 5.70459 6.09202	0 27.7868 1.73829
0.168213 6.28023 6.10793	0 36.019 1.79773
0.168457 7.00335 6.1208	0 40.3795 1.85941
0.168701 6.15376 6.12941	0 31.9963 1.92314
0.168945 6.1445 6.1333	0 32.0582 1.98856
0.169189 5.51946 6.13281	0 23.0173 2.05426
0.169434 6.45676 6.129	0 36.2407 2.11811
0.169678 7.56451 6.12347	0 54.599 2.17874
0.169922 5.25765 6.1181	0 42.0192 2.23715
0.170166 5.30095 6.11466	0 21.3995 2.29735
0.17041 6.36942 6.11455	0 35.3324 2.36507
0.170654 6.06798 6.11855	0 26.9967 2.44493
0.170898 5.40531 6.12666	0 32.3559 2.53726
0.171143 6.37878 6.1382	0 35.3581 2.63655
0.171387 5.84396 6.15196	0 31.1673 2.73309
0.171631 6.71253 6.16654	0 50.8278 2.81731
0.171875 6.2573 6.18069	0 64.1829 2.88483
0.172119 6.93472 6.19356	0 39.2585 2.93929
0.172363 5.9494 6.2049	0 33.3053 2.99094
0.172607 5.49419 6.21503	0 33.8572 3.05163
0.172852 7.02427 6.22473	0 36.9118 3.12844
0.173096 6.33691 6.23497	0 35.5727 3.21939
0.17334 5.96565 6.24662	0 59.043 3.31306
0.173584 4.60167 6.26019	0 21.2122 3.39205
0.173828 7.35811 6.27564	0 69.0064 3.43851
0.174072 6.75757 6.29234	0 38.2618 3.43956
0.174316 6.04019 6.30911	0 37.2593 3.39086
0.174561 6.04996 6.32439	0 35.2095 3.29798
0.174805 5.99503 6.33649	0 42.4697 3.17517
0.175049 7.22161 6.34384	0 43.306 3.0421
0.175293 6.83685 6.34525	0 57.2877 2.91909
0.175537 5.89992 6.34016	0 28.6276 2.82217
0.175781 6.50127 6.32876	0 36.5271 2.75968
0.176025 6.04511 6.31202	0 30.7338 2.73182
0.17627 6.51291 6.29162	0 50.0992 2.73346
0.176514 7.80857 6.26974	0 59.5153 2.75837
0.176758 5.5741 6.24873	0 29.2957 2.80229
0.177002 5.64025 6.23075	0 32.7818 2.86288
0.177246 5.33525 6.21745	0 26.4107 2.93645
0.17749 5.83607 6.2098	0 36.5947 3.0142
0.177734 6.19781 6.20797	0 35.7647 3.08093
0.177979 6.45994 6.21147	0 47.1033 3.11807
0.178223 6.15352 6.21936	0 49.1043 3.11008
0.178467 7.22311 6.23049	0 63.5485 3.05091
0.178711 7.03228 6.24369	0 48.3811 2.94697
0.178955 4.82303 6.25788	0 24.0012 2.81523
0.179199 5.90502 6.27208	0 26.8161 2.67728
0.179443 5.86693 6.28535	0 28.3343 2.5525
0.179688 7.13363 6.29676	0 40.2267 2.45329
0.179932 5.50972 6.3054	0 22.0656 2.38353
0.180176 8.00478 6.31038	0 57.2173 2.34009
0.18042 6.07769 6.31103	0 25.9076 2.31581
0.180664 5.95318 6.30694	0 27.161 2.30256
0.180908 6.39492 6.29813	0 31.237 2.29372
0.181152 6.26139 6.28506	0 75.3533 2.28544
0.181396 6.16696 6.26859	0 41.8151 2.27685
0.181641 6.44723 6.24997	0 36.8413 2.26911
0.181885 6.6309 6.23065	0 41.4955 2.26386
0.182129 6.39457 6.21218	0 34.0374 2.26194
0.182373 5.49686 6.19607	0 29.603 2.263
0.182617 5.87799 6.18365	0 31.856 2.26583
0.182861 5.96085 6.17597	0 36.5807 2.269
0.183105 6.69318 6.17372	0 34.1055 2.27102
0.18335 5.99223 6.17723	0 20.9602 2.26998
0.183594 6.11711 6.1865	0 31.7874 2.26333
0.183838 5.70654 6.20122	0 27.5176 2.24858
0.184082 6.03956 6.22085	0 39.9234 2.22488
0.184326 6.52517 6.24473	0 44.8206 2.19482
0.18457 6.98586 6.2721	0 51.8696 2.16509
0.184814 5.86537 6.3022	0 26.6745 2.14535
0.185059 5.785 6.33426	0 34.069 2.14555
0.185303 5.99231 6.36755	0 31.5949 2.17291
0.185547 6.87911 6.40136	0 39.8878 2.23012
0.185791 7.3861 6.43504	0 43.8309 2.31511
0.186035 5.77342 6.46791	0 28.4763 2.4221
0.186279 6.21005 6.49928	0 45.524 2.54282
0.186523 7.1872 6.52839	0 30.1371 2.66708
0.186768 5.85021 6.55435	0 33.3414 2.78268
0.187012 7.09567 6.57617	0 53.4147 2.87568
0.187256 6.38512 6.59271	0 38.9272 2.93201
0.1875 6.62468 6.6028	0 35.7684 2.94059
0.187744 6.86854 6.60531	0 49.3903 2.89738
0.187988 7.24109 6.5993	0 70.8394 2.80831
0.188232 6.77279 6.58416	0 54.3672 2.68973
0.188477 6.05017 6.55983	0 29.6142 2.56518
0.188721 6.62926 6.52684	0 41.3578 2.45945
0.188965 6.70272 6.48646	0 44.4195 2.39192
0.189209 6.85346 6.44061	0 52.0481 2.3715
0.189453 6.73968 6.39172	0 32.3812 2.39525
0.189697 6.84975 6.34249	0 51.5905 2.45078
0.189941 5.55646 6.29544	0 29.5388 2.52123
0.190186 5.50793 6.25261	0 34.5562 2.59061
0.19043 6.08134 6.21518	0 37.1565 2.6474
0.190674 5.53235 6.18335	0 30.6153 2.68543
0.190918 6.19288 6.15639	0 41.8098 2.70253
0.191162 6.06468 6.1329	0 36.6257 2.69846
0.191406 6.73224 6.1113	0 37.5046 2.6738
0.19165 6.68645 6.09023	0 39.9797 2.63021
0.191895 6.00116 6.06902	0 29.4088 2.57166
0.192139 6.37785 6.04789	0 62.9185 2.50519
0.192383 5.96284 6.02788	0 28.8154 2.4403
0.192627 5.38648 6.01066	0 31.2074 2.38681
0.192871 5.69239 5.99805	0 33.7323 2.35244
0.193115 6.10468 5.99158	0 49.6638 2.34104
0.193359 5.98032 5.99202	0 25.6123 2.3525
0.193604 5.00958 5.99909	0 24.9082 2.38401
0.193848 6.93449 6.01143	0 55.0454 2.43182
0.194092 5.08334 6.02672	0 18.0657 2.49243
0.194336 5.82074 6.04209	0 27.0011 2.56273
0.19458 6.33453 6.05464	0 38.797 2.63909
0.194824 6.65388 6.06196	0 51.6916 2.71638
0.195068 7.23264 6.06265	0 45.1854 2.78777
0.195312 6.61986 6.05652	0 44.1484 2.84586
0.195557 4.83061 6.04466	0 23.6135 2.88511
0.195801 6.39788 6.02915	0 33.6309 2.90461
0.196045 6.4798 6.01255	0 55.2413 2.90971
0.196289 5.46161 5.99734	0 27.333 2.91123
0.196533 5.63508 5.98537	0 21.0978 2.92179
0.196777 4.54378 5.97746	0 20.5967 2.95053
0.197021 6.90252 5.97331	0 45.431 2.99816
0.197266 5.73776 5.97161	0 44.3585 3.05495
0.19751 5.74604 5.97049	0 36.16 3.10291
0.197754 6.61915 5.96793	0 59.2263 3.12176
0.197998 6.54233 5.96234	0 45.9527 3.09661
0.198242 6.94877 5.95282	0 69.1466 3.02395
0.198486 4.91306 5.93935	0 24.62 2.91351
0.19873 5.91737 5.9227	0 27.8292 2.78493
0.198975 5.91321 5.90418	0 37.3337 2.66069
0.199219 5.73191 5.88538	0 25.4594 2.55811
0.199463 5.1196 5.86781	0 25.468 2.48377
0.199707 6.61032 5.85272	0 44.6382 2.43222
0.199951 5.7902 5.84096	0 31.8458 2.38913
0.200195 5.99235 5.83296	0 24.6015 2.3373
0.200439 5.39158 5.8288	0 22.5532 2.26297
0.200684 5.70853 5.82825	0 32.8117 2.16045
0.200928 5.38944 5.83083	0 27.1206 2.03376
0.201172 6.70635 5.83592	0 54.7659 1.89517
0.201416 5.28267 5.84274	0 35.7606 1.76136
0.20166 6.08321 5.85041	0 30.5633 1.64831
0.201904 5.9153 5.858	0 36.9905 1.5666
0.202148 5.66102 5.86457	0 32.4644 1.51877
0.202393 5.74191 5.86927	0 26.5511 1.49966
0.202637 5.75525 5.87142	0 43.4644 1.49984
0.202881 6.69062 5.8706	0 56.2372 1.5102
0.203125 5.88525 5.86667	0 36.05 1.52558
0.203369 5.98084 5.85982	0 28.6815 1.54529
0.203613 5.45738 5.85049	0 30.1967 1.57089
0.203857 6.11846 5.83931	0 30.4157 1.60285
0.204102 5.56234 5.82699	0 27.0057 1.6388
0.204346 5.51764 5.81425	0 30.3365 1.67463
0.20459 6.17593 5.80176	0 34.0069 1.70737
0.204834 5.57848 5.79009	0 32.6501 1.73764
0.205078 6.2964 5.77974	0 39.3984 1.76966
0.205322 5.82186 5.77112	0 24.0884 1.80896
0.205566 4.76923 5.7646	0 22.361 1.85955
0.205811 5.99441 5.76048	0 37.655 1.92247
0.206055 6.02613 5.75893	0 31.6619 1.99625
0.206299 6.18933 5.75993	0 32.1511 2.07824
0.206543 5.05434 5.76327	0 26.7141 2.16509
0.206787 5.97776 5.76845	0 42.1166 2.2521
0.207031 5.12433 5.77476	0 31.2304 2.33225
0.207275 6.13272 5.78133	0 40.8589 2.39656
0.20752 5.56361 5.78728	0 28.5372 2.4363
0.207764 6.43015 5.79188	0 42.0718 2.44609
0.208008 5.93261 5.79465	0 38.3765 2.42636
0.208252 5.84566 5.79545	0 40.4682 2.38361
0.208496 5.93554 5.79445	0 41.6184 2.32823
0.20874 5.40144 5.79209	0 39.3581 2.27086
0.208984 5.75119 5.78889	0 34.7405 2.21878
0.209229 6.06434 5.78534	0 39.6555 2.17394
0.209473 5.39739 5.78185	0 27.2694 2.13333
0.209717 5.31816 5.77874	0 36.8662 2.0917
0.209961 5.65071 5.77631	0 33.5495 2.04539
0.210205 6.92301 5.77496	0 54.7171 1.99558
0.210449 6.10196 5.77531	0 26.7797 1.94931
0.210693 5.3852 5.77819	0 25.4756 1.91721
0.210938 5.43737 5.78463	0 22.9959 1.90879
0.211182 5.31499 5.79561	0 29.9982 1.92728
0.211426 5.95203 5.81193	0 51.3956 1.96694
0.21167 5.72706 5.83396	0 34.982 2.01442
0.211914 5.99462 5.86151	0 65.2414 2.0538
0.212158 5.15628 5.89386	0 55.2804 2.07288
0.212402 5.64826 5.92977	0 28.6515 2.0675
0.212646 6.43138 5.96773	0 27.6299 2.04222
0.212891 6.64353 6.00612	0 43.6257 2.00767
0.213135 6.02262 6.04334	0 37.8828 1.97667
0.213379 6.20187 6.07799	0 50.5437 1.9608
0.213623 5.80266 6.10878	0 34.1535 1.96829
0.213867 6.78623 6.13461	0 55.5498 2.00246
0.214111 4.6065 6.15445	0 15.8637 2.06082
0.214355 6.78764 6.16744	0 45.313 2.13512
0.2146 6.48458 6.17282	0 37.2388 2.21345
0.214844 7.09781 6.17012	0 77.0191 2.28428
0.215088 6.57677 6.15919	0 51.9175 2.34056
0.215332 5.96139 6.14028	0 25.5594 2.38146
0.215576 5.98784 6.11402	0 40.7813 2.41049
0.21582 5.15009 6.08139	0 33.0286 2.43121
0.216064 6.77447 6.04367	0 51.2656 2.44328
0.216309 6.27066 6.00234	0 38.7366 2.44173
0.216553 5.90297 5.95903	0 39.5109 2.41986
0.216797 6.09394 5.91548	0 42.4797 2.37406
0.217041 5.55735 5.87352	0 30.076 2.30736
0.217285 6.0795 5.835	0 32.7834 2.22965
0.217529 5.80098 5.80168	0 22.4888 2.15447
0.217773 4.92755 5.7751	0 29.2207 2.09436
0.218018 5.86738 5.75636	0 35.8094 2.05706
0.218262 5.74536 5.74602	0 35.6857 2.0443
0.218506 5.39893 5.74387	0 26.9237 2.05265
0.21875 5.91518 5.74894	0 41.1155 2.07537
0.218994 5.57454 5.75957	0 20.2234 2.10385
0.219238 5.25041 5.77356	0 37.3737 2.12838
0.219482 5.46843 5.78848	0 26.8096 2.13896
0.219727 6.25231 5.80207	0 39.2444 2.12676
0.219971 6.25623 5.81252	0 41.6084 2.08656
0.220215 6.91882 5.81877	0 52.0936 2.01908
0.220459 6.09099 5.82061	0 26.9977 1.93194
0.220703 5.14642 5.81861	0 26.5795 1.83823
0.220947 5.63173 5.81395	0 32.4149 1.75291
0.221191 5.32838 5.80812	0 34.4257 1.68863
0.221436 5.45339 5.80269	0 21.7595 1.65261
0.22168 5.90335 5.79906	0 29.7941 1.64583
0.221924 6.89573 5.79831	0 50.494 1.66434
0.222168 5.43127 5.80115	0 28.3812 1.70167
0.222412 5.62985 5.80786	0 27.0277 1.75126
0.222656 5.03406 5.81828	0 18.3953 1.80804
0.2229 6.55233 5.83176	0 30.5476 1.86895
0.223145 5.57531 5.84716	0 34.2224 1.93265
0.223389 5.5367 5.86289	0 28.3808 1.99848
0.223633 5.24131 5.87699	0 27.6319 2.06521
0.223877 6.53788 5.88744	0 45.4524 2.12978
0.224121 6.84183 5.89236	0 51.1577 2.18668
0.224365 5.58849 5.89041	0 31.2769 2.22825
0.224609 6.31633 5.88106	0 38.6395 2.24603
0.224854 5.48227 5.86475	0 29.8501 2.23292
0.225098 6.83478 5.84296	0 73.4372 2.1854
0.225342 5.38009 5.818	0 33.8725 2.10521
0.225586 5.74165 5.79269	0 30.6666 1.9995
0.22583 6.24725 5.76993	0 39.0565 1.8795
0.226074 4.82146 5.75223	0 22.0244 1.75785
0.226318 5.45639 5.7413	0 28.5875 1.6459
0.226562 4.95054 5.7378	0 20.3789 1.55159
0.226807 5.71581 5.74125	0 34.4447 1.47883
0.227051 6.35547 5.75015	0 30.2144 1.42776
0.227295 5.70973 5.76226	0 37.0516 1.39562
0.227539 5.82724 5.775	0 24.9304 1.3778
0.227783 5.81901 5.78586	0 31.2902 1.36904
0.228027 5.81312 5.79273	0 33.7143 1.36487
0.228271 5.73961 5.79426	0 25.6936 1.36309
0.228516 6.94672 5.78989	0 34.5446 1.36449
0.22876 5.68921 5.77993	0 26.0883 1.37227
0.229004 5.541 5.76542	0 27.9466 1.39019
0.229248 5.36602 5.74796	0 39.2756 1.42037
0.229492 5.43899 5.72945	0 28.1214 1.46187
0.229736 6.40297 5.71188	0 34.417 1.51087
0.22998 5.65015 5.69704	0 21.4352 1.56221
0.230225 5.32911 5.68628	0 26.2474 1.61162
0.230469 5.533 5.68035	0 34.9616 1.65725
0.230713 5.48843 5.67917	0 29.3344 1.69983
0.230957 5.87076 5.68185	0 35.1146 1.74129
0.231201 5.14511 5.6867	0 20.2172 1.78283
0.231445 5.3215 5.69146	0 28.7255 1.82345
0.231689 5.509 5.69364	0 35.9749 1.86001
0.231934 7.08197 5.69097	0 52.9666 1.88853
0.232178 5.45669 5.68188	0 31.2671 1.90602
0.232422 6.22772 5.66588	0 27.0497 1.91166
0.232666 6.35234 5.64376	0 34.8164 1.90709
0.23291 5.46904 5.61762	0 29.92 1.89592
0.233154 5.20888 5.59056	0 29.2379 1.88315
0.233398 5.09534 5.56624	0 23.5961 1.87469
0.233643 5.47034 5.54833	0 28.0153 1.87683
0.233887 5.73464 5.53985	0 22.2057 1.89529
0.234131 4.72026 5.54272	0 21.9599 1.93392
0.234375 5.24096 5.5574	0 40.6914 1.99336
0.234619 5.1558 5.58281	0 21.2644 2.07028
0.234863 5.40859 5.61651	0 30.4704 2.15781
0.235107 5.85435 5.65504	0 63.0941 2.24686
0.235352 5.96853 5.69446	0 43.4935 2.32816
0.235596 5.70061 5.73098	0 41.0644 2.39394
0.23584 5.90371 5.76148	0 34.1345 2.43905
0.236084 6.7463 5.78387	0 43.9753 2.46111
0.236328 6.14373 5.7973	0 38.3002 2.46007
0.236572 6.18371 5.802	0 38.1841 2.4375
0.236816 5.54757 5.79901	0 34.2005 2.39594
0.237061 5.38977 5.7897	0 32.2457 2.33835
0.237305 5.65755 5.77538	0 23.0244 2.26764
0.237549 4.86349 5.75693	0 22.9591 2.18651
0.237793 6.03682 5.7347	0 28.0833 2.09756
0.238037 5.99666 5.7086	0 29.2359 2.00382
0.238281 6.63187 5.6783	0 45.7927 1.90938
0.238525 5.73254 5.64362	0 21.9655 1.8194
0.23877 5.33319 5.60473	0 33.0912 1.7393
0.239014 6.10388 5.56241	0 30.6545 1.67309
0.239258 5.27793 5.51808	0 22.2732 1.62171
0.239502 5.16867 5.47374	0 30.6057 1.58234
0.239746 4.87443 5.4318	0 25.3762 1.54962
0.23999 5.43713 5.39494	0 27.9367 1.51838
0.240234 5.6321 5.3658	0 38.5943 1.48695
0.240479 5.94262 5.34677	0 37.3358 1.45932
0.240723 5.25461 5.33971	0 18.0887 1.44479
0.240967 4.16004 5.34567	0 17.4178 1.45516
0.241211 4.61393 5.36469	0 21.1297 1.50027
0.241455 5.12174 5.39566	0 28.3265 1.58388
0.241699 5.33373 5.43637	0 31.0112 1.70154
0.241943 5.20513 5.48373	0 26.0163 1.84119
0.242188 6.25563 5.53413	0 48.827 1.98609
0.242432 6.26846 5.58392	0 33.2011 2.11893
0.242676 5.0795 5.62984	0 23.8192 2.22567
0.24292 5.86175 5.66937	0 28.7926 2.29819
0.243164 6.82333 5.70092	0 47.2986 2.33535
0.243408 5.42089 5.7238	0 27.5238 2.3424
0.243652 5.61913 5.73808	0 35.9147 2.32895
0.243896 5.55786 5.74426	0 24.2979 2.30613
0.244141 5.87053 5.74306	0 30.6576 2.28376
0.244385 5.38085 5.73515	0 25.5029 2.26841
0.244629 6.49162 5.72105	0 40.6558 2.26278
0.244873 6.10265 5.70111	0 37.7404 2.26614
0.245117 5.00086 5.67559	0 18.0027 2.27505
0.245361 5.38986 5.64477	0 28.4944 2.28397
0.245605 5.81863 5.60909	0 27.5155 2.28554
0.24585 6.86039 5.56921	0 57.3991 2.27132
0.246094 5.65027 5.52603	0 28.9581 2.23334
0.246338 4.33502 5.48062	0 17.2182 2.16648
0.246582 5.25356 5.43418	0 29.0598 2.0708
0.246826 6.23095 5.38789	0 49.446 1.95279
0.24707 4.49846 5.3429	0 17.1823 1.82444
0.247314 4.9845 5.30033	0 30.8366 1.70032
0.247559 6.18005 5.26125	0 25.3032 1.59354
0.247803 5.06895 5.22675	0 19.623 1.51228
0.248047 5.34082 5.19799	0 31.5802 1.45815
0.248291 4.71928 5.17607	0 23.8693 1.42693
0.248535 4.97161 5.162	0 40.0414 1.41091
0.248779 5.09973 5.15652	0 19.9259 1.40197
0.249023 4.56664 5.15995	0 18.4118 1.39412
0.249268 5.26315 5.17207	0 23.9001 1.38505
0.249512 4.5661 5.19204	0 19.0974 1.37651
0.249756 5.75387 5.21845	0 29.6573 1.37319
0.25 5.62804 5.24942	0 30.8675 1.38071
0.250244 4.87941 5.28273	0 18.1557 1.40286
0.250488 4.86656 5.31606	0 29.1759 1.43943
0.250732 5.21416 5.34719	0 40.3801 1.48541
0.250977 6.34653 5.37421	0 31.1446 1.53211
0.251221 5.7159 5.39563	0 36.0753 1.56979
0.251465 5.18738 5.41052	0 34.7912 1.5908
0.251709 5.55344 5.41857	0 20.8089 1.5921
0.251953 5.16592 5.42	0 22.4391 1.57642
0.252197 6.32156 5.41553	0 37.1523 1.55194
0.252441 4.85072 5.40623	0 27.1321 1.53045
0.252686 5.60695 5.3934	0 29.0835 1.52462
0.25293 5.11382 5.37843	0 20.9698 1.54483
0.253174 5.15662 5.36272	0 23.3808 1.59633
0.253418 5.81225 5.34758	0 28.8235 1.67771
0.253662 5.50724 5.33418	0 29.3829 1.78085
0.253906 4.67431 5.32352	0 24.538 1.89259
0.25415 5.43537 5.31636	0 28.5007 1.99747
0.254395 5.41993 5.31321	0 25.0088 2.08132
0.254639 5.15233 5.31426	0 29.377 2.13455
0.254883 4.75462 5.31937	0 25.1914 2.1547
0.255127 6.0362 5.32807	0 49.1506 2.14702
0.255371 4.40312 5.33957	0 22.7601 2.1228
0.255615 6.24334 5.35288	0 28.4417 2.09588
0.255859 4.66879 5.36687	0 20.9073 2.0787
0.256104 5.70927 5.38038	0 28.2472 2.07952
0.256348 5.74306 5.39233	0 35.5499 2.10162
0.256592 5.24333 5.40173	0 29.3059 2.14409
0.256836 5.37793 5.40772	0 32.373 2.20284
0.25708 5.54082 5.40957	0 31.3752 2.27125
0.257324 5.81991 5.40659	0 44.0706 2.34007
0.257568 5.33863 5.39818	0 27.094 2.39772
0.257812 4.40438 5.38388	0 17.3981 2.43155
0.258057 5.78682 5.36341	0 38.876 2.43009
0.258301 6.17001 5.33683	0 38.787 2.38574
0.258545 5.57297 5.30464	0 39.0044 2.29684
0.258789 5.32173 5.26785	0 22.3789 2.16863
0.259033 5.04986 5.22793	0 20.7301 2.01279
0.259277 5.55224 5.18667	0 47.6344 1.84578
0.259521 4.54513 5.14598	0 17.4523 1.68607
0.259766 5.25226 5.1076	0 33.8529 1.55062
0.26001 4.18233 5.07287	0 12.672 1.4512
0.260254 5.08817 5.04251	0 27.2246 1.39186
0.260498 5.41488 5.01659	0 21.161 1.3684
0.260742 5.45513 4.99452	0 28.9834 1.3705
0.260986 4.28802 4.97523	0 31.1644 1.3856
0.26123 4.70413 4.95738	0 22.0666 1.40292
0.261475 4.85809 4.93965	0 26.8571 1.41594
0.261719 5.2945 4.92105	0 24.271 1.42289
0.261963 5.30321 4.9011	0 22.3911 1.42544
0.262207 4.90229 4.88002	0 24.5485 1.42688
0.262451 5.18754 4.85869	0 23.6021 1.43066
0.262695 4.93731 4.8385	0 21.8029 1.43969
0.262939 4.61186 4.82109	0 17.2668 1.45605
0.263184 4.25117 4.80802	0 14.4705 1.48083
0.263428 4.41473 4.80041	0 19.3209 1.51354
0.263672 4.34032 4.79874	0 16.0659 1.55154
0.263916 4.61881 4.80277	0 16.8362 1.58988
0.26416 5.46101 4.81157	0 30.9064 1.6221
0.264404 5.06101 4.82376	0 29.4347 1.64205
0.264648 4.52146 4.83776	0 18.0822 1.64596
0.264893 4.99504 4.85206	0 24.534 1.63381
0.265137 4.79121 4.86541	0 24.5166 1.60931
0.265381 5.21555 4.87697	0 32.0691 1.57847
0.265625 4.68031 4.88633	0 23.0236 1.54735
0.265869 5.07556 4.8935	0 24.0164 1.51995
0.266113 4.61617 4.89882	0 19.1855 1.49703
0.266357 5.00373 4.90286	0 24.0124 1.47619
0.266602 5.57152 4.90637	0 46.7347 1.45304
0.266846 4.04378 4.91019	0 15.8403 1.42316
0.26709 5.34125 4.91516	0 32.5561 1.38403
0.267334 4.66125 4.92207	0 19.0252 1.33651
0.267578 4.91034 4.93158	0 20.7862 1.28537
0.267822 5.14344 4.9441	0 25.7499 1.23876
0.268066 4.74178 4.95972	0 30.0407 1.20663
0.268311 4.65257 4.97812	0 20.1421 1.19841
0.268555 4.63202 4.99853	0 17.6416 1.22052
0.268799 5.90752 5.01968	0 28.462 1.27439
0.269043 4.80087 5.03988	0 29.1544 1.35582
0.269287 4.6822 5.05714	0 21.9727 1.45586
0.269531 5.21503 5.06935	0 28.2868 1.563
0.269775 5.12205 5.07463	0 19.3826 1.66575
0.27002 5.53601 5.07158	0 27.5046 1.7544
0.270264 5.1625 5.05968	0 28.4244 1.82151
0.270508 5.51929 5.03946	0 29.1756 1.86111
0.270752 5.43195 5.01263	0 32.095 1.86807
0.270996 5.23805 4.98194	0 33.8576 1.83851
0.27124 5.0352 4.95088	0 22.4141 1.77166
0.271484 4.24211 4.92316	0 17.2965 1.67218
0.271729 4.1644 4.90222	0 14.0566 1.55135
0.271973 4.93188 4.89064	0 18.4606 1.42607
0.272217 4.40261 4.88981	0 14.6751 1.31562
0.272461 4.27697 4.8997	0 21.0583 1.23758
0.272705 5.16446 4.919	0 24.7281 1.20428
0.272949 5.19833 4.94536	0 23.2841 1.2206
0.273193 4.60943 4.97583	0 18.7048 1.28329
0.273438 5.35026 5.00732	0 23.2928 1.38154
0.273682 5.37673 5.03702	0 22.2168 1.49853
0.273926 5.34262 5.06274	0 26.3986 1.61399
0.27417 4.9795 5.08303	0 24.1469 1.70778
0.274414 5.29885 5.09719	0 26.4073 1.76366
0.274658 4.9996 5.1052	0 23.5842 1.77253
0.274902 5.13883 5.10755	0 28.2425 1.734
0.275146 5.60636 5.10503	0 28.0536 1.65585
0.275391 4.67789 5.09859	0 21.4436 1.55187
0.275635 4.28411 5.08921	0 15.0333 1.43868
0.275879 6.34951 5.07778	0 28.3382 1.33251
0.276123 5.03953 5.06505	0 22.0024 1.24643
0.276367 5.27736 5.05156	0 29.5847 1.18844
0.276611 4.37468 5.03763	0 18.8885 1.16067
0.276855 4.45261 5.02327	0 13.9927 1.15979
0.2771 5.20307 5.00831	0 23.61 1.17874
0.277344 5.69367 4.99241	0 27.4346 1.2089
0.277588 4.39908 4.97516	0 20.3762 1.24214
0.277832 5.41236 4.95625	0 28.5534 1.27179
0.278076 5.31774 4.93552	0 23.957 1.29267
0.27832 4.77715 4.91304	0 19.3823 1.30074
0.278564 4.83847 4.88908	0 21.7757 1.29312
0.278809 4.65986 4.86404	0 20.184 1.26865
0.279053 4.55799 4.83842	0 20.1225 1.22885
0.279297 5.18503 4.8127	0 25.1895 1.17821
0.279541 4.41906 4.7874	0 18.0391 1.12363
0.279785 5.02924 4.76305	0 26.5532 1.073
0.280029 4.96384 4.74027	0 21.5783 1.03374
0.280273 4.37288 4.71977	0 15.5469 1.01174
0.280518 5.02315 4.7024	0 24.8162 1.01095
0.280762 4.67996 4.68902	0 24.5018 1.03336
0.281006 4.34888 4.68037	0 22.1206 1.07889
0.28125 4.32877 4.67691	0 15.6255 1.14518
0.281494 4.78933 4.67866	0 13.4919 1.22742
0.281738 4.6525 4.68511	0 27.2776 1.31877
0.281982 3.90157 4.69529	0 17.5987 1.41153
0.282227 4.73256 4.7079	0 15.0152 1.49864
0.282471 5.2355 4.72157	0 33.0927 1.57486
0.282715 5.00406 4.73506	0 33.8692 1.63732
0.282959 5.12649 4.74754	0 23.2355 1.68513
0.283203 4.80581 4.75858	0 22.7389 1.71865
0.283447 4.84049 4.76816	0 28.5049 1.7386
0.283691 4.46036 4.77648	0 24.0247 1.74548
0.283936 4.30704 4.78373	0 17.6752 1.73922
0.28418 4.95871 4.78991	0 22.404 1.71915
0.284424 4.21799 4.79473	0 13.8118 1.6845
0.284668 5.34518 4.79768	0 34.1688 1.63553
0.284912 4.79581 4.79813	0 25.0081 1.57491
0.285156 5.47764 4.7956	0 32.4474 1.50854
0.2854 4.87067 4.78994	0 20.3115 1.4449
0.285645 4.61369 4.78141	0 20.4438 1.39288
0.285889 5.11468 4.77074	0 23.1238 1.35879
0.286133 4.33116 4.75897	0 19.8016 1.34399
0.286377 4.51683 4.74727	0 20.4845 1.34426
0.286621 4.63103 4.73672	0 25.0228 1.35129
0.286865 4.9412 4.72817	0 25.24 1.35553
0.287109 4.85465 4.7221	0 16.5188 1.34942
0.287354 3.81404 4.71864	0 19.4606 1.32955
0.287598 5.31779 4.7176	0 23.405 1.2974
0.287842 4.80816 4.71858	0 17.2249 1.25852
0.288086 4.76959 4.72104	0 28.4207 1.22069
0.28833 4.61861 4.72439	0 16.7244 1.19175
0.288574 4.82772 4.72802	0 23.6132 1.17777
0.288818 4.35225 4.73135	0 17.6176 1.18191
0.289062 4.85609 4.73382	0 23.1038 1.20413
0.289307 4.53561 4.73496	0 17.1174 1.24166
0.289551 4.98308 4.73443	0 17.4543 1.28993
0.289795 5.10633 4.73202	0 21.6567 1.34386
0.290039 5.01808 4.72767	0 29.2106 1.39882
0.290283 4.71827 4.72144	0 20.4663 1.45119
0.290527 4.08365 4.71344	0 12.6498 1.49826
0.290771 4.27527 4.70378	0 21.1631 1.53751
0.291016 5.6783 4.69244	0 31.3134 1.56585
0.29126 4.52281 4.67933	0 22.2947 1.57934
0.291504 4.37439 4.6643	0 17.0747 1.57402
0.291748 4.43518 4.64724	0 20.9105 1.54766
0.291992 4.75523 4.62821	0 24.6098 1.5018
0.292236 5.34024 4.60756	0 25.6345 1.44293
0.29248 4.72623 4.58593	0 27.9685 1.38198
0.292725 4.61401 4.56424	0 14.208 1.33185
0.292969 4.1566 4.54355	0 23.9796 1.30375
0.293213 4.15766 4.52491	0 13.5229 1.30367
0.293457 4.32192 4.50918	0 17.5484 1.33053
0.293701 3.89493 4.49695	0 18.4268 1.37662
0.293945 5.22966 4.48844	0 24.8235 1.43028
0.294189 4.55274 4.48358	0 16.9892 1.47942
0.294434 4.63752 4.48202	0 25.5101 1.51458
0.294678 4.46479 4.48327	0 26.1001 1.53038
0.294922 4.1006 4.48673	0 15.6434 1.52524
0.295166 3.92046 4.49175	0 13.8679 1.50014
0.29541 4.99564 4.49771	0 30.9207 1.45738
0.295654 4.37165 4.50403	0 19.5045 1.40006
0.295898 5.03318 4.51026	0 29.8866 1.33222
0.296143 4.34247 4.5161	0 18.5708 1.25911
0.296387 4.60894 4.52148	0 20.4657 1.187
0.296631 4.07002 4.52655	0 10.5983 1.12242
0.296875 4.93675 4.53168	0 21.7549 1.0713
0.297119 4.63751 4.53737	0 20.4394 1.03838
0.297363 4.64055 4.54412	0 23.8751 1.02711
0.297607 4.0822 4.55231	0 12.6473 1.03974
0.297852 4.3708 4.56209	0 19.3466 1.07719
0.298096 4.81635 4.57326	0 24.9216 1.13839
0.29834 4.52187 4.58531	0 18.6882 1.21938
0.298584 4.13982 4.59743	0 16.1341 1.31274
0.298828 4.98547 4.60871	0 31.9915 1.40811
0.299072 4.59299 4.61821	0 19.9856 1.49379
0.299316 5.1117 4.62515	0 19.1924 1.55911
0.299561 4.96881 4.62899	0 20.9383 1.59669
0.299805 4.61365 4.62951	0 25.6364 1.60363
0.300049 3.74316 4.62679	0 13.2936 1.58132
0.300293 5.08402 4.62119	0 18.9149 1.53417
0.300537 4.57939 4.61331	0 32.5048 1.46823
0.300781 4.54495 4.60398	0 21.7124 1.39038
0.301025 5.04085 4.59413	0 29.1346 1.30846
0.30127 4.42687 4.58478	0 18.4467 1.23166
0.301514 4.9889 4.57691	0 22.2153 1.17019
0.301758 4.3848 4.57133	0 21.3714 1.13379
0.302002 4.0226 4.56857	0 16.7308 1.12921
0.302246 3.95739 4.5688	0 17.8607 1.15784
0.30249 4.44595 4.57178	0 20.3257 1.21483
0.302734 4.90437 4.57697	0 31.1012 1.2903
0.302979 5.2262 4.5836	0 28.019 1.37221
0.303223 4.79435 4.59086	0 20.3775 1.44957
0.303467 4.11437 4.598	0 18.6517 1.51461
0.303711 4.74968 4.60442	0 25.5465 1.56305
0.303955 4.67668 4.60963	0 17.5973 1.59287
0.304199 4.54461 4.61329	0 16.8521 1.60254
0.304443 3.75351 4.61505	0 14.0301 1.59001
0.304688 5.59215 4.61459	0 33.1135 1.55311
0.304932 4.4294 4.61159	0 19.3015 1.49118
0.305176 4.96405 4.60574	0 30.8623 1.40697
0.30542 4.60159 4.5968	0 22.5386 1.30765
0.305664 4.33893 4.58468	0 29.7775 1.20419
0.305908 4.73991 4.56943	0 19.6304 1.10904
0.306152 4.72783 4.55132	0 19.8772 1.03288
0.306396 4.38299 4.5308	0 20.509 0.981637
0.306641 4.47776 4.50851	0 13.4886 0.954899
0.306885 4.44207 4.48526	0 22.9257 0.946453
0.307129 4.67546 4.462	0 25.0925 0.946921
0.307373 4.35417 4.43974	0 15.9177 0.947502
0.307617 4.81352 4.41948	0 22.536 0.943309
0.307861 4.33234 4.40207	0 23.4837 0.93488
0.308105 3.56794 4.38811	0 13.3346 0.927296
0.30835 4.10823 4.37783	0 15.6468 0.927505
0.308594 4.67816 4.37103	0 19.4578 0.941196
0.308838 4.54606 4.36715	0 20.5802 0.97062
0.309082 4.19023 4.36532	0 17.209 1.01402
0.309326 3.85354 4.36457	0 13.5506 1.06653
0.30957 4.99705 4.36393	0 19.9676 1.12181
0.309814 4.88423 4.36263	0 28.5413 1.17366
0.310059 4.07983 4.36013	0 20.7717 1.21707
0.310303 4.12716 4.35612	0 13.3657 1.24861
0.310547 4.59218 4.35048	0 19.9504 1.26644
0.310791 4.21843 4.34313	0 20.0085 1.27003
0.311035 4.24698 4.33404	0 22.0943 1.26005
0.311279 3.77193 4.32311	0 11.6795 1.23823
0.311523 4.99391 4.3103	0 24.1515 1.20713
0.311768 4.50333 4.29564	0 17.7948 1.1696
0.312012 4.106 4.27938	0 22.9241 1.12791
0.312256 4.69723 4.26203	0 23.5309 1.0832
0.3125 3.89555 4.24436	0 11.9861 1.03544
0.312744 4.61631 4.22737	0 20.2549 0.984349
0.312988 3.79064 4.21216	0 12.5729 0.930711
0.313232 3.99332 4.19973	0 13.1587 0.877318
0.313477 3.90217 4.19094	0 11.0003 0.828934
0.313721 4.15848 4.18637	0 20.7235 0.791165
0.313965 4.47626 4.18631	0 16.424 0.768815
0.314209 3.92908 4.19078	0 13.1496 0.764572
0.314453 4.4352 4.19956	0 26.257 0.778541
0.314697 4.20583 4.21227	0 13.0665 0.808655
0.314941 3.61808 4.2283	0 12.6257 0.8516
0.315186 4.6958 4.24684	0 17.8361 0.903775
0.31543 4.355 4.26687	0 25.2452 0.961988
0.315674 3.70466 4.28715	0 13.4272 1.02375
0.315918 4.36617 4.30627	0 17.7664 1.08712
0.316162 4.25567 4.32286	0 14.4943 1.15024
0.316406 4.78613 4.33572	0 30.3206 1.21067
0.31665 4.42646 4.34409	0 22.0746 1.26507
0.316895 4.89401 4.34775	0 24.4904 1.30925
0.317139 4.46634 4.34713	0 24.0661 1.3389
0.317383 4.33551 4.34323	0 22.5205 1.35087
0.317627 4.06793 4.33735	0 23.0685 1.34445
0.317871 4.34124 4.33086	0 19.3309 1.32211
0.318115 4.47407 4.32485	0 13.6658 1.28934
0.318359 3.59596 4.31987	0 12.5099 1.25316
0.318604 3.89011 4.31582	0 12.0034 1.21992
0.318848 4.55051 4.31201	0 21.5993 1.19319
0.319092 4.75074 4.30732	0 21.8253 1.17269
0.319336 4.09764 4.30053	0 15.3589 1.15474
0.31958 5.14511 4.29058	0 27.6926 1.13395
0.319824 4.40816 4.27685	0 18.5767 1.10543
0.320068 4.08202 4.25928	0 16.4152 1.06659
0.320312 4.07484 4.23833	0 22.0084 1.01823
0.320557 4.03419 4.21489	0 13.8277 0.964545
0.320801 4.24288 4.19009	0 16.5714 0.912397
0.321045 4.45155 4.16503	0 20.6337 0.869855
0.321289 3.85458 4.14065	0 13.699 0.844276
0.321533 4.13037 4.11757	0 14.5857 0.840292
0.321777 4.3146 4.09601	0 16.7165 0.858275
0.322021 3.41685 4.07586	0 13.0064 0.893888
0.322266 4.16394 4.05674	0 15.8931 0.939054
0.32251 4.29016 4.03814	0 17.033 0.984151
0.322754 3.89095 4.01965	0 17.4383 1.02076
0.322998 3.67851 4.00104	0 15.276 1.04397
0.323242 5.41281 3.98246	0 24.4458 1.0534
0.323486 3.17528 3.96446	0 8.54016 1.05252
0.32373 4.13891 3.94798	0 17.2358 1.04659
0.323975 3.63705 3.93427	0 12.9978 1.0403
0.324219 3.4774 3.92477	0 11.5331 1.03602
0.324463 3.68601 3.9209	0 16.7234 1.03358
0.324707 4.41152 3.92388	0 20.0343 1.03147
0.324951 4.09429 3.9346	0 14.305 1.0287
0.325195 3.61617 3.95337	0 13.4456 1.0263
0.325439 3.46358 3.97991	0 17.2491 1.02758
0.325684 3.81107 4.0132	0 13.827 1.03715
0.325928 3.65954 4.05156	0 12.6826 1.05906
0.326172 4.38521 4.09276	0 14.8997 1.09521
0.326416 4.00153 4.13426	0 19.2999 1.14442
0.32666 4.61013 4.17349	0 19.5113 1.20247
0.326904 4.35816 4.20816	0 24.595 1.26268
0.327148 4.2664 4.23654	0 15.4103 1.31678
0.327393 5.08606 4.25757	0 28.9094 1.35592
0.327637 4.40701 4.27098	0 17.488 1.37221
0.327881 3.97292 4.27712	0 14.5382 1.36052
0.328125 3.96338 4.27686	0 16.1778 1.32035
0.328369 4.34779 4.2714	0 20.9065 1.25691
0.328613 4.12364 4.26204	0 18.2525 1.1806
0.328857 4.78389 4.25012	0 22.388 1.10493
0.329102 4.40428 4.23689	0 15.3409 1.04322
0.329346 3.90221 4.22352	0 15.3042 1.00521
0.32959 4.01131 4.21101	0 14.0649 0.994719
0.329834 4.62706 4.2002	0 21.0461 1.00915
0.330078 3.88132 4.19163	0 12.9983 1.0407
0.330322 3.7493 4.18555	0 13.811 1.07889
0.330566 4.64213 4.18181	0 19.1654 1.1133
0.330811 3.71515 4.17989	0 11.4511 1.13584
0.331055 4.14228 4.17895	0 19.0045 1.14203
0.331299 4.18006 4.17793	0 13.4301 1.13141
0.331543 4.17543 4.17576	0 15.072 1.10711
0.331787 5.0086 4.17151	0 35.3576 1.07494
0.332031 4.17688 4.16454	0 20.36 1.04197
0.332275 3.76495 4.15463	0 13.3544 1.01467
0.33252 4.17872 4.142	0 15.2057 0.997045
0.332764 4.11293 4.1273	0 14.5469 0.989389
0.333008 3.96643 4.11148	0 12.3002 0.988384
0.333252 4.51142 4.09567	0 22.0985 0.988717
0.333496 4.59317 4.08099	0 24.4005 0.985564
0.33374 3.60047 4.06835	0 11.292 0.976711
0.333984 3.4971 4.05827	0 14.9068 0.963252
0.334229 3.4691 4.05083	0 8.59268 0.948598
0.334473 4.14381 4.04557	0 15.6021 0.936541
0.334717 4.65939 4.04163	0 20.6016 0.929508
0.334961 4.02174 4.03783	0 22.3642 0.927848
0.335205 4.26983 4.03292	0 18.8191 0.930187
0.335449 3.8102 4.0258	0 12.6461 0.934262
0.335693 3.86343 4.01567	0 11.6415 0.937599
0.335938 4.32575 4.00222	0 15.286 0.93783
0.336182 4.37437 3.98563	0 21.402 0.932967
0.336426 3.71833 3.96659	0 10.0906 0.921992
0.33667 3.94088 3.94618	0 18.5961 0.905839
0.336914 4.26703 3.92572	0 29.623 0.888229
0.337158 3.54164 3.90657	0 13.9015 0.875656
0.337402 3.87739 3.88997	0 14.1622 0.876032
0.337646 3.40042 3.87686	0 9.6224 0.896198
0.337891 3.75419 3.8678	0 16.556 0.939169
0.338135 4.29488 3.86293	0 16.0017 1.00226
0.338379 3.60936 3.86203	0 16.1015 1.07702
0.338623 3.49735 3.86455	0 12.8432 1.1512
0.338867 4.19023 3.86979	0 25.8525 1.21214
0.339111 3.81857 3.87694	0 14.5372 1.25041
0.339355 4.27619 3.88521	0 17.644 1.26236
0.3396 3.52497 3.89386	0 13.1203 1.25058
0.339844 3.91725 3.90222	0 15.2093 1.22243
0.340088 3.96903 3.90973	0 15.0767 1.18724
0.340332 3.75287 3.91597	0 16.1987 1.15356
0.340576 3.88388 3.92073	0 13.0188 1.12721
0.34082 4.23511 3.92402	0 18.275 1.11057
0.341064 3.84461 3.9262	0 12.5311 1.10283
0.341309 4.25934 3.92792	0 14.3601 1.10084
0.341553 4.38237 3.93006	0 18.619 1.1004
0.341797 3.24584 3.93358	0 10.7241 1.09781
0.342041 3.79345 3.9393	0 9.54633 1.09134
0.342285 3.94792 3.94766	0 24.5877 1.08216
0.342529 3.76068 3.95855	0 17.2867 1.07405
0.342773 3.53124 3.97118	0 9.13062 1.07167
0.343018 4.04127 3.98417	0 16.0732 1.07785
0.343262 4.30651 3.99575	0 21.9881 1.09131
0.343506 4.05645 4.00402	0 13.4161 1.10613
0.34375 4.39043 4.00736	0 20.6927 1.11363
0.343994 4.27695 4.0047	0 26.837 1.10597
0.344238 3.78805 3.99573	0 14.7334 1.07988
0.344482 4.66228 3.98102	0 22.0459 1.03863
0.344727 4.16346 3.96181	0 14.1261 0.991217
0.344971 3.69081 3.93988	0 11.0083 0.949317
0.345215 3.24056 3.91715	0 9.96338 0.923401
0.345459 3.80179 3.89534	0 11.0754 0.919604
0.345703 4.50282 3.8757	0 19.6782 0.938329
0.345947 3.05138 3.85883	0 6.34933 0.974603
0.346191 4.0132 3.84464	0 13.8661 1.01962
0.346436 3.70103 3.83245	0 10.9507 1.06278
0.34668 3.83666 3.82122	0 22.5245 1.09376
0.346924 3.8398 3.80983	0 11.7391 1.10457
0.347168 4.04919 3.79732	0 23.8083 1.09116
0.347412 3.98472 3.78314	0 12.9152 1.05449
0.347656 3.88207 3.76722	0 15.3879 1.00032
0.3479 4.321 3.74995	0 16.0685 0.93757
0.348145 3.41619 3.73206	0 9.06217 0.875695
0.348389 2.94673 3.7144	0 10.636 0.821917
0.348633 3.43177 3.69784	0 10.4089 0.779521
0.348877 3.74123 3.68302	0 11.9193 0.747859
0.349121 4.0527 3.67036	0 15.5652 0.723866
0.349365 3.96637 3.65999	0 13.428 0.70418
0.349609 3.86757 3.65184	0 15.0365 0.686744
0.349854 2.83508 3.64567	0 5.94612 0.671248
0.350098 3.50844 3.64116	0 9.32764 0.65851
0.350342 3.6857 3.63791	0 10.5845 0.649413
0.350586 4.1771 3.63554	0 13.9171 0.644077
0.35083 3.43942 3.63366	0 12.2915 0.641585
0.351074 3.43813 3.63195	0 8.22321 0.64027
0.351318 3.67579 3.63016	0 11.268 0.638352
0.351562 3.49019 3.62814	0 14.3291 0.634725
0.351807 4.15094 3.62585	0 20.8134 0.629629
0.352051 3.4491 3.62334	0 10.1233 0.624916
0.352295 3.62469 3.6207	0 11.7934 0.62369
0.352539 3.76687 3.61798	0 14.8083 0.629337
0.352783 3.33629 3.61519	0 9.38239 0.644331
0.353027 2.92746 3.61227	0 8.31231 0.669333
0.353271 3.78463 3.6091	0 12.7063 0.70297
0.353516 4.419 3.60559	0 19.549 0.742282
0.35376 3.83529 3.60173	0 11.3964 0.783506
0.354004 3.46002 3.59767	0 13.8964 0.822801
0.354248 3.08316 3.5937	0 11.9404 0.856737
0.354492 3.73931 3.59031	0 14.7076 0.882575
0.354736 3.22432 3.58809	0 12.2904 0.898526
0.35498 3.82023 3.58764	0 14.9871 0.904019
0.355225 4.01046 3.58953	0 13.0813 0.899906
0.355469 3.21655 3.59417	0 13.2614 0.888417
0.355713 3.57387 3.60175	0 17.036 0.872795
0.355957 3.26411 3.61217	0 8.49312 0.856666
0.356201 3.84897 3.62507	0 12.5643 0.843375
0.356445 3.44918 3.63976	0 11.1107 0.835463
0.356689 3.26585 3.65537	0 21.0818 0.834369
0.356934 4.0147 3.67089	0 11.925 0.84034
0.357178 4.31871 3.68527	0 13.2893 0.852478
0.357422 3.58232 3.69754	0 13.6659 0.868962
0.357666 3.0877 3.70689	0 9.21461 0.88748
0.35791 4.31891 3.71272	0 18.5689 0.905815
0.358154 3.42267 3.7146	0 9.8858 0.922339
0.358398 4.44545 3.71229	0 20.4732 0.93612
0.358643 3.25544 3.70574	0 9.53173 0.946583
0.358887 3.89563 3.69504	0 13.052 0.953015
0.359131 3.49443 3.68049	0 11.5291 0.954399
0.359375 3.44573 3.66264	0 11.8909 0.949897
0.359619 3.9001 3.64232	0 18.3116 0.939763
0.359863 3.93639 3.62072	0 18.008 0.92608
0.360107 4.18773 3.59922	0 19.4515 0.912701
0.360352 3.91497 3.57933	0 17.5708 0.904203
0.360596 2.34285 3.56245	0 4.05585 0.904209
0.36084 3.09574 3.54962	0 8.1508 0.913815
0.361084 3.01505 3.54137	0 6.95547 0.93081
0.361328 4.05767 3.53765	0 21.331 0.950056
0.361572 3.98065 3.53785	0 11.6794 0.964931
0.361816 3.09966 3.54105	0 9.23881 0.969391
0.362061 3.39883 3.54619	0 12.335 0.959964
0.362305 3.77528 3.55237	0 14.9456 0.936976
0.362549 4.23979 3.55898	0 15.4502 0.904539
0.362793 3.45171 3.56578	0 9.90911 0.869223
0.363037 3.42467 3.57274	0 13.1734 0.837905
0.363281 3.29693 3.57996	0 9.62002 0.815668
0.363525 3.37571 3.58737	0 11.9234 0.804598
0.36377 3.27958 3.59466	0 9.56233 0.803918
0.364014 4.05056 3.60118	0 13.3648 0.811158
0.364258 3.2312 3.60605	0 11.7803 0.823601
0.364502 4.17357 3.60837	0 15.3638 0.839199
0.364746 3.26398 3.60745	0 9.88193 0.856563
0.36499 4.46399 3.60304	0 21.3147 0.874274
0.365234 3.6897 3.59548	0 19.5435 0.890125
0.365479 3.58903 3.58567	0 20.7928 0.900952
0.365723 3.24703 3.57495	0 11.7517 0.90332
0.365967 3.4796 3.56487	0 13.9785 0.894831
0.366211 3.47311 3.55684	0 10.0866 0.875391
0.366455 3.49504 3.55196	0 14.1793 0.847676
0.366699 2.76744 3.55075	0 6.51043 0.81641
0.366943 4.07457 3.55316	0 14.2381 0.786654
0.367188 3.5338 3.55857	0 12.6632 0.761907
0.367432 3.4061 3.56604	0 7.85316 0.742966
0.367676 3.96012 3.57442	0 13.7277 0.728096
0.36792 3.28639 3.58265	0 12.5955 0.714395
0.368164 3.6524 3.58993	0 12.8642 0.699601
0.368408 3.89443 3.59579	0 10.0893 0.683425
0.368652 3.53622 3.60014	0 9.55597 0.667773
0.368896 4.08108 3.60321	0 13.8628 0.655824
0.369141 3.26875 3.60544	0 11.1918 0.650416
0.369385 3.09847 3.6073	0 10.321 0.652532
0.369629 3.90453 3.60921	0 17.2791 0.660553
0.369873 3.50609 3.61139	0 7.36377 0.670618
0.370117 3.56878 3.61381	0 12.9164 0.677945
0.370361 3.84756 3.61619	0 11.1758 0.678574
0.370605 3.46899 3.61805	0 13.7373 0.670798
0.37085 3.69383 3.61873	0 13.5551 0.655762
0.371094 3.89339 3.61755	0 11.0467 0.637057
0.371338 3.08906 3.61379	0 9.04273 0.619574
0.371582 3.88855 3.60687	0 17.2278 0.608103
0.371826 3.90276 3.59634	0 13.2348 0.606092
0.37207 3.48993 3.58202	0 9.42104 0.614801
0.372314 3.75146 3.56393	0 13.8689 0.632925
0.372559 3.51383 3.5424	0 10.3146 0.656728
0.372803 3.62934 3.51799	0 12.6941 0.680731
0.373047 3.46017 3.49144	0 12.277 0.698918
0.373291 3.57912 3.46361	0 17.3052 0.706202
0.373535 3.08527 3.43538	0 11.1902 0.699725
0.373779 3.88555 3.40754	0 13.5902 0.679549
0.374023 2.96948 3.38073	0 9.08829 0.648534
0.374268 3.09211 3.35546	0 6.52806 0.611492
0.374512 3.44983 3.33204	0 11.8712 0.573973
0.374756 3.54459 3.31071	0 11.4866 0.541061
0.375 2.85513 3.29162	0 9.35278 0.51647
0.375244 3.83876 3.27492	0 13.2629 0.502063
0.375488 3.10463 3.26078	0 10.8395 0.497764
0.375732 3.16409 3.2494	0 11.7456 0.501838
0.375977 3.09064 3.24093	0 8.719 0.511476
0.376221 3.03323 3.2355	0 9.75605 0.523629
0.376465 2.9578 3.23319	0 9.0157 0.535906
0.376709 3.35486 3.23397	0 11.1634 0.547256
0.376953 3.58815 3.23777	0 15.4133 0.558143
0.377197 3.15646 3.24443	0 8.31464 0.570079
0.377441 3.26347 3.25371	0 10.6598 0.584672
0.377686 3.18558 3.26526	0 10.4137 0.602599
0.37793 3.10807 3.27854	0 10.0591 0.623008
0.378174 3.14121 3.29282	0 8.17335 0.643629
0.378418 3.11556 3.3072	0 8.54434 0.66158
0.378662 3.42538 3.32063	0 10.5719 0.674475
0.378906 3.49434 3.3321	0 11.1463 0.681337
0.37915 3.52721 3.3408	0 14.6265 0.682921
0.379395 3.80033 3.34629	0 19.4803 0.68137
0.379639 3.00953 3.3486	0 9.25049 0.679426
0.379883 3.75341 3.3483	0 12.0716 0.679587
0.380127 3.18463 3.34635	0 7.99016 0.683566
0.380371 3.45066 3.34394	0 10.8611 0.692171
0.380615 3.33166 3.34218	0 9.91237 0.705488
0.380859 2.97878 3.34186	0 7.84111 0.723064
0.381104 2.97778 3.34322	0 8.74548 0.743879
0.381348 3.57308 3.34596	0 14.9837 0.766093
0.381592 2.60429 3.34928	0 8.08906 0.786855
0.381836 3.90672 3.35221	0 13.8941 0.802547
0.38208 3.41818 3.35388	0 10.9266 0.80965
0.382324 3.84264 3.35389	0 12.7296 0.805994
0.382568 3.98128 3.35249	0 19.746 0.791818
0.382812 3.44554 3.3507	0 9.71356 0.77
0.383057 2.81077 3.35006	0 7.76167 0.745262
0.383301 3.12389 3.35237	0 11.4882 0.72267
0.383545 2.85759 3.35928	0 7.01369 0.706146
0.383789 3.11246 3.37186	0 12.6415 0.697605
0.384033 3.42121 3.39036	0 7.31903 0.69697
0.384277 3.42414 3.41409	0 8.64409 0.702794
0.384521 3.34923 3.4415	0 9.32057 0.71307
0.384766 3.09834 3.47045	0 10.4908 0.72581
0.38501 3.75911 3.49852	0 13.3518 0.7393
0.385254 4.10553 3.5234	0 15.4211 0.752096
0.385498 3.96618 3.54319	0 19.8966 0.762958
0.385742 3.48862 3.55662	0 10.966 0.770815
0.385986 3.16553 3.5631	0 10.6459 0.774773
0.38623 4.10189 3.56276	0 19.723 0.774105
0.386475 3.72554 3.55631	0 9.95752 0.768252
0.386719 3.27172 3.54487	0 8.81695 0.756885
0.386963 3.60237 3.52983	0 9.93787 0.740091
0.387207 3.51972 3.51266	0 17.3752 0.718611
0.387451 3.62793 3.49477	0 14.154 0.693948
0.387695 3.56428 3.47735	0 10.8088 0.668177
0.387939 3.05802 3.46131	0 10.3929 0.643441
0.388184 3.54863 3.44714	0 13.108 0.621328
0.388428 3.18336 3.43496	0 9.75371 0.602462
0.388672 3.30691 3.42448	0 11.2111 0.58653
0.388916 3.54876 3.41506	0 17.1683 0.57276
0.38916 3.19991 3.4059	0 11.824 0.560572
0.389404 4.03342 3.39613	0 15.8049 0.550023
0.389648 3.16806 3.385	0 8.33185 0.541761
0.389893 3.25224 3.37203	0 9.32887 0.53656
0.390137 3.49269 3.3571	0 9.66394 0.534777
0.390381 3.44486 3.34051	0 9.63526 0.536166
0.390625 3.74375 3.32293	0 15.1852 0.540188
0.390869 3.06891 3.30533	0 7.73229 0.546622
0.391113 3.01871 3.28887	0 6.14375 0.555991
0.391357 3.09034 3.27471	0 7.01035 0.569436
0.391602 3.32662 3.2639	0 11.4116 0.588004
0.391846 3.18054 3.25722	0 11.981 0.611708
0.39209 3.36422 3.25513	0 11.0539 0.638889
0.392334 3.16272 3.2577	0 9.86762 0.666285
0.392578 2.87819 3.26468	0 7.51984 0.689882
0.392822 2.90945 3.2755	0 8.56771 0.706196
0.393066 3.59931 3.28943	0 17.4099 0.713413
0.393311 3.5207 3.30562	0 12.6936 0.711796
0.393555 3.66976 3.3232	0 9.49197 0.703206
0.393799 3.10401 3.34137	0 8.18882 0.690025
0.394043 2.91593 3.35938	0 6.90629 0.674158
0.394287 3.65237 3.37654	0 17.8635 0.656698
0.394531 3.39798 3.39223	0 11.5658 0.638373
0.394775 3.51327 3.40587	0 12.5935 0.620323
0.39502 3.15232 3.4169	0 9.78308 0.604578
0.395264 3.82045 3.42484	0 10.7363 0.593801
0.395508 3.58189 3.42928	0 10.8413 0.590428
0.395752 3.54612 3.43	0 11.3084 0.595674
0.395996 3.01845 3.42697	0 9.90933 0.608919
0.39624 3.66281 3.42044	0 14.0631 0.627708
0.396484 3.46967 3.41095	0 9.78463 0.648296
0.396729 3.72569 3.39932	0 26.8895 0.666492
0.396973 3.06044 3.3866	0 8.32708 0.678582
0.397217 3.60271 3.37389	0 14.1062 0.682163
0.397461 3.66115 3.36223	0 13.8637 0.676739
0.397705 2.80742 3.35231	0 7.60699 0.663864
0.397949 3.26898 3.34434	0 15.2423 0.646689
0.398193 3.12039 3.33791	0 11.7266 0.62891
0.398438 2.85578 3.332	0 7.20551 0.613464
0.398682 3.61206 3.32516	0 10.2653 0.601483
0.398926 3.10779 3.31583	0 7.87451 0.592036
0.39917 4.29087 3.30265	0 15.7034 0.582813
0.399414 3.12265 3.28485	0 11.2297 0.571453
0.399658 3.89829 3.26249	0 14.9433 0.556855
0.399902 3.41617 3.23649	0 9.61824 0.539796
0.400146 3.41598 3.2085	0 11.0422 0.522575
0.400391 2.63291 3.18062	0 4.28689 0.507897
0.400635 2.33588 3.15502	0 5.72306 0.497608
0.400879 2.84122 3.13363	0 7.04511 0.491954
0.401123 3.28162 3.11787	0 13.7475 0.489739
0.401367 3.36935 3.10856	0 7.73942 0.489217
0.401611 3.07036 3.10592	0 12.0613 0.489255
0.401855 3.03919 3.10969	0 8.03376 0.490122
0.4021 3.13869 3.11917	0 9.72331 0.493589
0.402344 2.75937 3.13336	0 5.34829 0.502342
0.402588 3.37936 3.15093	0 10.7503 0.519035
0.402832 2.81197 3.17028	0 7.79217 0.545354
0.403076 3.0556 3.18952	0 9.6398 0.58134
0.40332 3.60793 3.20663	0 13.1587 0.625042
0.403564 2.91973 3.21956	0 6.29027 0.672519
0.403809 3.27791 3.22658	0 10.4631 0.718233
0.404053 3.70861 3.22649	0 15.2354 0.755884
0.404297 3.5985 3.2189	0 11.3535 0.779661
0.404541 3.88797 3.20434	0 21.4869 0.785649
0.404785 3.36549 3.1842	0 9.63921 0.772935
0.405029 2.87258 3.16054	0 9.036 0.743895
0.405273 2.84657 3.13572	0 10.7806 0.703411
0.405518 2.41669 3.11207	0 4.54241 0.657251
0.405762 3.01165 3.09152	0 6.54228 0.610317
0.406006 2.81266 3.07538	0 9.52895 0.565553
0.40625 3.50654 3.06425	0 12.281 0.523991
0.406494 3.34452 3.05808	0 9.3845 0.485769
0.406738 2.77132 3.05627	0 9.37728 0.45144
0.406982 2.76328 3.05782	0 5.57481 0.4228
0.407227 3.20956 3.06153	0 9.65737 0.402821
0.407471 2.84189 3.06607	0 6.90874 0.39476
0.407715 3.1563 3.07015	0 9.89954 0.400863
0.407959 3.17573 3.07259	0 10.3731 0.421179
0.408203 3.30867 3.07239	0 13.9247 0.452901
0.408447 3.11146 3.06892	0 7.42263 0.490523
0.408691 3.00586 3.06195	0 9.27073 0.526864
0.408936 3.03595 3.05178	0 9.56422 0.55476
0.40918 3.35655 3.03922	0 16.4344 0.568904
0.409424 3.31339 3.02556	0 13.6196 0.567205
0.409668 2.99418 3.01243	0 8.19393 0.551165
0.409912 2.64153 3.00156	0 11.0551 0.525202
0.410156 2.95234 2.99456	0 7.75149 0.495234
0.4104 2.60421 2.99273	0 6.72946 0.467111
0.410645 2.43178 2.9968	0 4.56244 0.44542
0.410889 3.32434 3.00696	0 9.08849 0.432953
0.411133 2.99711 3.02277	0 9.34262 0.430804
0.411377 3.05277 3.0433	0 8.38527 0.438825
0.411621 3.26707 3.06722	0 13.6056 0.456116
0.411865 2.8381 3.09297	0 5.78695 0.481318
0.412109 3.09586 3.11891	0 12.3682 0.512627
0.412354 3.09944 3.14341	0 8.23027 0.547613
0.412598 3.47816 3.165	0 12.0173 0.583038
0.412842 2.82122 3.18245	0 5.55366 0.614898
0.413086 3.62183 3.19487	0 10.1624 0.638849
0.41333 3.53424 3.20174	0 13.0065 0.651089
0.413574 3.25923 3.20297	0 12.8734 0.649451
0.413818 3.20969 3.1988	0 8.45107 0.634264
0.414062 3.61302 3.18978	0 9.45047 0.608492
0.414307 2.86565 3.17662	0 7.01409 0.57693
0.414551 2.73183 3.16009	0 6.28085 0.544758
0.414795 3.22988 3.14098	0 10.9043 0.516082
0.415039 3.14045 3.12002	0 8.87681 0.493124
0.415283 3.3994 3.09792	0 11.057 0.476278
0.415527 3.2136 3.07538	0 8.08838 0.464819
0.415771 3.481 3.05313	0 10.7924 0.457693
0.416016 2.4954 3.0319	0 6.50741 0.453963
0.41626 2.65906 3.01241	0 6.80263 0.452776
0.416504 3.12761 2.99528	0 10.3869 0.453105
0.416748 3.02336 2.98099	0 10.3094 0.453615
0.416992 2.43379 2.96982	0 5.74368 0.45293
0.417236 3.36109 2.96187	0 11.3089 0.450209
0.41748 3.07887 2.95707	0 9.64472 0.445704
0.417725 2.789 2.95523	0 7.1673 0.440933
0.417969 2.72581 2.95606	0 6.60313 0.438262
0.418213 3.31934 2.95922	0 10.9398 0.440048
0.418457 2.84448 2.96422	0 7.07661 0.447722
0.418701 2.65958 2.97049	0 7.59188 0.461237
0.418945 2.9295 2.97729	0 7.4405 0.479091
0.419189 3.00598 2.98375	0 10.8831 0.498858
0.419434 3.42677 2.98893	0 10.6529 0.517906
0.419678 2.53582 2.99198	0 5.49471 0.533965
0.419922 2.94562 2.99219	0 9.49035 0.545345
0.420166 3.57748 2.98923	0 13.0733 0.550885
0.42041 3.32419 2.98318	0 9.28929 0.549848
0.420654 2.89935 2.97459	0 7.68318 0.541965
0.420898 2.8651 2.96439	0 10.7728 0.52762
0.421143 2.93277 2.95381	0 9.89437 0.508008
0.421387 2.55388 2.94417	0 4.11621 0.48506
0.421631 3.11716 2.93669	0 6.82731 0.461098
0.421875 2.62526 2.93236	0 6.49056 0.438386
0.422119 3.02274 2.93182	0 9.84264 0.418825
0.422363 2.88433 2.93527	0 8.25003 0.403921
0.422607 2.96452 2.94254	0 6.39719 0.394903
0.422852 2.59222 2.95309	0 6.45393 0.392772
0.423096 3.33811 2.96609	0 9.01093 0.398108
0.42334 2.75014 2.98052	0 6.12249 0.410707
0.423584 2.71761 2.99528	0 5.52196 0.429344
0.423828 3.49834 3.00927	0 10.6723 0.451895
0.424072 2.80926 3.02151	0 8.90361 0.475861
0.424316 3.26655 3.03118	0 9.68176 0.49903
0.424561 3.24485 3.03771	0 11.4699 0.519961
0.424805 3.15595 3.04079	0 8.85398 0.538068
0.425049 2.74572 3.04039	0 6.75025 0.55332
0.425293 3.08724 3.03668	0 9.65894 0.565773
0.425537 3.21314 3.03005	0 8.19828 0.575184
0.425781 3.13849 3.02106	0 9.95135 0.580905
0.426025 2.90765 3.0104	0 7.32685 0.582127
0.42627 2.95409 2.99888	0 7.37818 0.578352
0.426514 2.89652 2.98739	0 6.98606 0.569855
0.426758 3.30676 2.97689	0 12.3632 0.557876
0.427002 2.72304 2.96835	0 10.097 0.544378
0.427246 3.22149 2.96266	0 9.99113 0.531506
0.42749 2.50398 2.96056	0 6.82976 0.521
0.427734 2.82761 2.96251	0 8.29475 0.513902
0.427979 2.82224 2.96866	0 7.79106 0.510656
0.428223 2.92437 2.97872	0 8.2176 0.511483
0.428467 3.25806 2.99202	0 14.219 0.516734
0.428711 2.89117 3.00751	0 8.08435 0.526946
0.428955 2.74127 3.02388	0 6.18007 0.542525
0.429199 3.11653 3.03972	0 10.6379 0.56324
0.429443 3.09797 3.05364	0 10.267 0.587828
0.429688 3.31259 3.06449	0 11.4604 0.613933
0.429932 3.26548 3.07146	0 9.5991 0.638449
0.430176 3.18971 3.07419	0 6.76342 0.6581
0.43042 3.25014 3.07275	0 8.56254 0.670067
0.430664 3.22709 3.06759	0 9.48276 0.672501
0.430908 2.84392 3.0594	0 6.96328 0.664862
0.431152 2.76819 3.04896	0 8.36796 0.648071
0.431396 2.97735 3.03705	0 7.93238 0.624468
0.431641 3.42516 3.02429	0 15.6865 0.597543
0.431885 2.7324 3.0112	0 8.21926 0.571363
0.432129 2.89878 2.99817	0 8.78999 0.549759
0.432373 3.24509 2.98562	0 10.7066 0.535426
0.432617 2.95268 2.97403	0 9.43501 0.529279
0.432861 3.04912 2.96401	0 7.67436 0.530353
0.433105 3.12188 2.9563	0 11.0978 0.536373
0.43335 2.477 2.95167	0 6.04583 0.544779
0.433594 3.15331 2.95084	0 11.7826 0.553739
0.433838 2.71259 2.95422	0 6.99135 0.562687
0.434082 2.7388 2.96186	0 7.92101 0.572223
0.434326 2.76966 2.97328	0 6.4002 0.583551
0.43457 2.92306 2.98752	0 11.5164 0.597815
0.434814 2.8447 3.00312	0 6.78426 0.615602
0.435059 3.58007 3.01837	0 11.6366 0.636644
0.435303 3.18031 3.03147	0 9.73454 0.659633
0.435547 3.03465 3.04077	0 10.2508 0.682159
0.435791 2.66725 3.04507	0 7.1399 0.700929
0.436035 3.14462 3.04372	0 10.9871 0.712427
0.436279 3.7217 3.03681	0 11.5803 0.713955
0.436523 3.20815 3.02514	0 10.3428 0.704673
0.436768 3.63522 3.01009	0 14.1702 0.686095
0.437012 2.35156 2.99345	0 4.80116 0.66172
0.437256 2.70658 2.9771	0 5.79236 0.635909
0.4375 2.58601 2.96276	0 5.74756 0.612526
0.437744 2.87188 2.95175	0 8.3618 0.59397
0.437988 2.98406 2.94481	0 10.4167 0.580912
0.438232 2.67753 2.94214	0 6.1283 0.572642
0.438477 3.48292 2.94343	0 9.86102 0.567656
0.438721 2.6816 2.94805	0 5.77198 0.564155
0.438965 2.60719 2.95526	0 5.74824 0.56037
0.439209 3.20073 2.96435	0 9.58991 0.554861
0.439453 3.30832 2.97471	0 10.1578 0.546914
0.439697 2.8927 2.98588	0 8.61256 0.536917
0.439941 2.9728 2.99744	0 11.1234 0.526463
0.440186 2.93264 3.00892	0 11.0679 0.517894
0.44043 3.03317 3.01968	0 10.1835 0.513332
0.440674 2.4913 3.02885	0 4.77076 0.513599
0.440918 2.91535 3.03538	0 6.8527 0.517594
0.441162 3.52229 3.03814	0 14.17 0.522533
0.441406 3.5391 3.03609	0 16.8407 0.52499
0.44165 3.29544 3.02847	0 8.42902 0.522204
0.441895 2.93656 3.01498	0 9.64488 0.512952
0.442139 2.74911 2.99587	0 6.17114 0.497601
0.442383 3.46416 2.97197	0 9.22266 0.477471
0.442627 2.81335 2.94461	0 8.84253 0.454057
0.442871 3.01824 2.91546	0 7.50154 0.428629
0.443115 2.78059 2.88641	0 6.97244 0.402372
0.443359 2.41786 2.85934	0 4.80462 0.376802
0.443604 2.96274 2.83595	0 10.6557 0.354039
0.443848 3.10749 2.81764	0 8.87234 0.336647
0.444092 2.55427 2.80539	0 5.94126 0.327087
0.444336 2.49252 2.7997	0 5.47159 0.327041
0.44458 2.36616 2.80058	0 4.2376 0.336986
0.444824 2.62894 2.80759	0 6.19703 0.356194
0.445068 3.09102 2.81993	0 9.95559 0.383111
0.445312 2.90734 2.83653	0 7.12171 0.415824
0.445557 2.96715 2.85615	0 9.79546 0.45231
0.445801 2.7967 2.87752	0 7.90704 0.490359
0.446045 2.86517 2.89934	0 8.00793 0.527322
0.446289 2.85435 2.92032	0 8.45805 0.560042
0.446533 3.18936 2.93924	0 7.93531 0.585214
0.446777 2.68339 2.95494	0 7.63895 0.600158
0.447021 2.85464 2.96637	0 6.81535 0.603662
0.447266 3.21704 2.97273	0 11.8081 0.596456
0.44751 3.23397 2.97355	0 8.18277 0.581057
0.447754 3.48667 2.96877	0 11.7826 0.561029
0.447998 3.10247 2.95879	0 8.42917 0.540012
0.448242 2.63617 2.94445	0 4.96044 0.520902
0.448486 3.19129 2.92689	0 8.65815 0.505461
0.44873 2.62347 2.90744	0 5.63805 0.494361
0.448975 2.62601 2.88744	0 6.25355 0.487483
0.449219 2.90145 2.86808	0 8.77583 0.484249
0.449463 2.92571 2.85032	0 7.43656 0.483843
0.449707 2.72338 2.83487	0 8.1795 0.485315
0.449951 3.02427 2.82216	0 9.03751 0.487704
0.450195 2.55508 2.81239	0 5.49919 0.490245
0.450439 3.09826 2.80556	0 8.11383 0.492663
0.450684 2.5498 2.80146	0 5.38599 0.495377
0.450928 2.55953 2.79971	0 5.7304 0.499442
0.451172 2.72302 2.79975	0 6.57055 0.506156
0.451416 2.90649 2.80091	0 8.98491 0.516471
0.45166 2.68437 2.80247	0 8.42838 0.530487
0.451904 2.93795 2.80378	0 8.92713 0.547298
0.452148 3.08343 2.8044	0 7.32116 0.565248
0.452393 2.7901 2.80411	0 8.58781 0.582482
0.452637 2.74766 2.80298	0 7.84768 0.597484
0.452881 3.05013 2.8013	0 7.8173 0.609382
0.453125 2.80004 2.79942	0 6.24759 0.617898
0.453369 2.78167 2.79762	0 6.76579 0.62304
0.453613 2.14002 2.79598	0 5.35405 0.624707
0.453857 2.54855 2.79426	0 7.28631 0.622473
0.454102 3.25047 2.79196	0 7.40139 0.615672
0.454346 2.84866 2.78844	0 8.10518 0.603781
0.45459 2.76822 2.78312	0 7.8342 0.586916
0.454834 3.2226 2.77565	0 9.16661 0.566153
0.455078 2.55152 2.7661	0 5.32338 0.543468
0.455322 3.31874 2.75494	0 10.069 0.521272
0.455566 2.78254 2.74303	0 8.2012 0.501714
0.455811 2.31063 2.7314	0 7.51333 0.486027
0.456055 2.53743 2.72105	0 6.95311 0.474169
0.456299 2.15398 2.7128	0 6.66748 0.464915
0.456543 2.73369 2.70719	0 12.0478 0.456385
0.456787 2.85677 2.70444	0 7.24373 0.446834
0.457031 2.765 2.7046	0 9.22404 0.435407
0.457275 3.19183 2.7076	0 10.7589 0.422545
0.45752 2.66802 2.71338	0 4.47575 0.409918
0.457764 2.66508 2.72185	0 6.85641 0.399925
0.458008 2.38806 2.73292	0 5.1973 0.395009
0.458252 2.51665 2.74628	0 5.41912 0.396981
0.458496 2.63181 2.7614	0 7.57652 0.406484
0.45874 2.644 2.77742	0 6.18323 0.422633
0.458984 2.93938 2.79322	0 6.41634 0.442921
0.459229 2.6804 2.80759	0 5.99732 0.46357
0.459473 3.49128 2.81935	0 12.9698 0.480427
0.459717 3.00214 2.82766	0 8.38778 0.490276
0.459961 2.89387 2.83206	0 13.3521 0.492103
0.460205 2.61189 2.83261	0 5.53683 0.487725
0.460449 2.92447 2.82979	0 8.82917 0.481372
0.460693 2.84047 2.82435	0 5.70131 0.478295
0.460938 3.06108 2.81712	0 6.84025 0.482892
0.461182 2.70933 2.80884	0 5.99093 0.497087
0.461426 2.32588 2.8	0 4.53628 0.519539
0.46167 2.45103 2.7908	0 5.26702 0.545986
0.461914 3.16648 2.78122	0 11.2226 0.570557
0.462158 3.19263 2.77113	0 9.48001 0.587639
0.462402 2.71514 2.76044	0 8.88615 0.593642
0.462646 2.64126 2.74922	0 6.87374 0.588044
0.462891 3.01406 2.73783	0 8.832 0.573334
0.463135 2.72475 2.72689	0 5.70616 0.553916
0.463379 2.23975 2.71724	0 4.61671 0.53446
0.463623 2.98004 2.70981	0 9.21413 0.518442
0.463867 2.56889 2.70545	0 6.05798 0.507435
0.464111 2.47863 2.70484	0 5.87614 0.501303
0.464355 2.6041 2.7083	0 7.40342 0.498983
0.4646 2.76134 2.71581	0 8.53649 0.49928
0.464844 2.49621 2.72693	0 4.96107 0.501249
0.465088 3.23107 2.74091	0 13.092 0.504061
0.465332 2.24333 2.75673	0 4.46727 0.506612
0.465576 2.63369 2.77325	0 7.99 0.5073
0.46582 2.73204 2.78935	0 7.76648 0.504262
0.466064 3.47328 2.80404	0 12.9859 0.496056
0.466309 2.79075 2.8166	0 9.43314 0.482459
0.466553 2.90849 2.8266	0 7.71718 0.46493
0.466797 2.89828 2.8339	0 7.47316 0.44643
0.467041 2.79637 2.83866	0 7.93541 0.430622
0.467285 2.43029 2.84119	0 4.84124 0.420786
0.467529 3.30307 2.84193	0 8.61039 0.418901
0.467773 2.72699 2.84137	0 7.42996 0.42524
0.468018 2.75737 2.83996	0 8.35237 0.438513
0.468262 2.60588 2.83817	0 4.25908 0.456391
0.468506 3.46469 2.83642	0 12.7469 0.476125
0.46875 2.62482 2.83509	0 6.34894 0.495078
0.468994 2.84355 2.83453	0 8.46348 0.511086
0.469238 2.71803 2.83497	0 6.07187 0.522649
0.469482 2.66011 2.83654	0 6.75783 0.528995
0.469727 2.83302 2.8392	0 8.65103 0.530048
0.469971 2.50039 2.84279	0 5.78864 0.526341
0.470215 3.16535 2.84704	0 8.89139 0.518924
0.470459 3.20992 2.85164	0 11.5369 0.509269
0.470703 2.77097 2.85632	0 7.52416 0.49912
0.470947 2.50028 2.86088	0 5.60346 0.490234
0.471191 3.19799 2.8652	0 11.0702 0.484017
0.471436 2.83574 2.86925	0 5.92834 0.481166
0.47168 2.7346 2.87302	0 6.5172 0.481501
0.471924 3.17619 2.87644	0 11.9049 0.484084
0.472168 2.5439 2.87941	0 6.07981 0.487618
0.472412 2.47832 2.88173	0 5.42265 0.490963
0.472656 3.22885 2.88316	0 9.69749 0.49359
0.4729 3.03173 2.88345	0 8.55103 0.495803
0.473145 3.44384 2.88247	0 14.2257 0.498674
0.473389 2.61748 2.88022	0 6.49239 0.503674
0.473633 2.80211 2.87687	0 6.30089 0.512131
0.473877 2.4748 2.87283	0 4.98935 0.524686
0.474121 2.85508 2.86865	0 8.78359 0.540978
0.474365 3.17353 2.86506	0 9.72064 0.559672
0.474609 3.0392 2.86279	0 10.2993 0.578805
0.474854 3.19324 2.86253	0 9.19377 0.596261
0.475098 2.31895 2.86472	0 4.68435 0.610165
0.475342 2.56805 2.8695	0 6.68968 0.619128
0.475586 2.68097 2.87654	0 6.47879 0.6224
0.47583 2.92612 2.88501	0 11.8573 0.620007
0.476074 2.80918 2.89369	0 8.61809 0.612842
0.476318 3.06367 2.90102	0 12.153 0.602554
0.476562 3.04079 2.90541	0 7.22939 0.591112
0.476807 3.15856 2.90541	0 7.82699 0.580112
0.477051 3.13869 2.90002	0 9.65415 0.570135
0.477295 3.0346 2.88883	0 11.0869 0.560515
0.477539 2.91873 2.87216	0 11.3224 0.549704
0.477783 2.66518 2.85101	0 6.33158 0.53609
0.478027 3.08922 2.82698	0 8.29621 0.518847
0.478271 3.01211 2.80207	0 8.74911 0.498412
0.478516 2.82408 2.77845	0 7.25927 0.476408
0.47876 2.12772 2.75818	0 5.49924 0.455153
0.479004 2.4342 2.74299	0 4.42047 0.437037
0.479248 2.77451 2.73406	0 6.84814 0.424051
0.479492 2.82251 2.73192	0 7.68393 0.417508
0.479736 2.59335 2.73637	0 7.29212 0.417879
0.47998 2.4618 2.74656	0 5.30088 0.424658
0.480225 2.4537 2.76114	0 4.69595 0.436312
0.480469 2.78528 2.77838	0 6.13849 0.450458
0.480713 3.10217 2.79645	0 9.16525 0.464406
0.480957 3.27663 2.81361	0 12.8402 0.475916
0.481201 2.79976 2.82839	0 8.11227 0.483917
0.481445 2.67261 2.83972	0 6.36197 0.488811
0.481689 2.88555 2.847	0 6.33715 0.492256
0.481934 3.00515 2.85005	0 11.0074 0.496502
0.482178 3.09442 2.84914	0 11.8948 0.503565
0.482422 2.59745 2.84484	0 4.74936 0.514525
0.482666 2.93993 2.83791	0 7.15846 0.529133
0.48291 3.07557 2.82926	0 7.87141 0.545821
0.483154 2.70391 2.81976	0 7.48704 0.562076
0.483398 2.81776 2.81024	0 12.294 0.575041
0.483643 2.27604 2.80135	0 3.76242 0.582149
0.483887 3.00805 2.7936	0 9.1129 0.581612
0.484131 3.09196 2.78729	0 13.936 0.57269
0.484375 2.20313 2.78255	0 4.44432 0.555771
0.484619 3.26121 2.77932	0 12.1183 0.532321
0.484863 2.71481 2.77742	0 4.99683 0.504708
0.485107 2.86608 2.77653	0 7.16235 0.475868
0.485352 2.38358 2.77626	0 6.35636 0.448791
0.485596 2.62455 2.77613	0 4.60104 0.425941
0.48584 2.9099 2.77573	0 7.38264 0.408763
0.486084 2.85111 2.77469	0 7.26443 0.397461
0.486328 3.24816 2.77282	0 12.643 0.391132
0.486572 2.51915 2.77011	0 4.82416 0.388189
0.486816 2.89316 2.76676	0 8.1108 0.386946
0.487061 2.84062 2.76308	0 10.1211 0.386169
0.487305 2.68478 2.75945	0 8.14809 0.385406
0.487549 2.47955 2.75624	0 6.24312 0.38499
0.487793 2.48457 2.7537	0 6.52335 0.385727
0.488037 2.68921 2.75199	0 6.32637 0.388368
0.488281 3.21439 2.75121	0 8.73697 0.393117
0.488525 2.81631 2.75144	0 6.56705 0.399331
0.48877 2.67965 2.75289	0 6.68263 0.405569
0.489014 2.61937 2.75583	0 6.30431 0.409975
0.489258 3.06554 2.7607	0 10.3963 0.410898
0.489502 2.60822 2.76794	0 8.93801 0.407547
0.489746 2.65284 2.77792	0 7.56911 0.400455
0.48999 2.4205 2.79083	0 5.72675 0.391535
0.490234 2.75268 2.80655	0 10.6391 0.383665
0.490479 2.50258 2.82467	0 4.61256 0.379848
0.490723 3.28515 2.84447	0 10.0061 0.382234
0.490967 3.23664 2.86505	0 14.3884 0.391349
0.491211 2.51771 2.88544	0 4.73102 0.405849
0.491455 3.02023 2.9047	0 7.73345 0.422977
0.491699 2.81207 2.92201	0 9.70614 0.439574
0.491943 3.17975 2.93673	0 13.4298 0.453291
0.492188 2.91754 2.94841	0 10.451 0.46347
0.492432 2.934 2.95679	0 12.0071 0.471342
0.492676 3.27247 2.96177	0 10.7653 0.479449
0.49292 2.86047 2.96333	0 6.08305 0.490549
0.493164 2.85254 2.96159	0 8.75395 0.506483
0.493408 3.1426 2.95669	0 9.591 0.527476
0.493652 3.04037 2.94886	0 11.6067 0.552115
0.493896 2.87466 2.93835	0 6.62123 0.577926
0.494141 2.74217 2.92549	0 8.33477 0.602175
0.494385 3.25162 2.91062	0 10.0441 0.622443
0.494629 3.21575 2.89412	0 10.3281 0.636725
0.494873 2.46301 2.87637	0 5.27795 0.643179
0.495117 2.57539 2.85773	0 7.5034 0.639943
0.495361 2.95913 2.83855	0 9.78332 0.625422
0.495605 3.38593 2.81905	0 25.0379 0.599086
0.49585 2.54068 2.79939	0 7.17309 0.562348
0.496094 2.45466 2.77957	0 5.30963 0.518921
0.496338 2.79522 2.75938	0 7.00106 0.474266
0.496582 2.93014 2.73838	0 6.74171 0.434288
0.496826 2.62525 2.71579	0 7.68867 0.403859
0.49707 2.87988 2.69039	0 7.49731 0.385777
0.497314 2.65674 2.66042	0 6.77133 0.380487
0.497559 2.41478 2.62348	0 6.21561 0.386449
0.497803 2.82897 2.57653	0 7.84041 0.400782
0.498047 2.73295 2.51602	0 3.98835 0.419807
0.498291 2.68549 2.43816	0 8.05812 0.439345
0.498535 2.07397 2.33943	0 3.96481 0.454852
0.498779 2.74852 2.21716	0 5.51726 0.461672
0.499023 2.54868 2.07025	0 7.64946 0.455619
0.499268 2.82822 1.89966	0 6.77575 0.433887
0.499512 3.27807 1.70876	0 9.57547 0.395995
0.499756 3.05708 1.29054	0 15.7106 0.283714
