0 0 0.876161	0 0 0.0843131
0.000244141 1.62641 1.05144	0 2.23923 0.110567
0.000488281 1.62331 1.23567	0 2.36391 0.139042
0.000732422 1.84368 1.42562	0 4.07793 0.168745
0.000976562 1.71332 1.6189	0 3.45941 0.199012
0.0012207 1.95505 1.81436	0 3.41083 0.229749
0.00146484 1.95531 2.0123	0 3.61373 0.261585
0.00170898 2.26586 2.21436	0 4.22739 0.295976
0.00195312 2.22517 2.42343	0 4.41834 0.335315
0.00219727 1.93843 2.64323	0 3.51111 0.38309
0.00244141 3.02688 2.87805	0 7.32145 0.444029
0.00268555 2.83388 3.13238	0 7.81948 0.524156
0.00292969 3.02889 3.41065	0 10.1161 0.630574
0.00317383 3.27807 3.717	0 11.025 0.770898
0.00341797 3.69859 4.05511	0 14.2256 0.952388
0.00366211 3.83513 4.42803	0 14.0375 1.181
0.00390625 3.90052 4.83805	0 14.9906 1.46061
0.00415039 5.00634 5.28656	0 25.542 1.79251
0.00439453 4.94793 5.77387	0 16.586 2.17541
0.00463867 5.96508 6.29906	0 32.6281 2.60596
0.00488281 6.40901 6.85992	0 45.4435 3.08023
0.00512695 7.39533 7.45282	0 43.0865 3.59627
0.00537109 7.20518 8.07276	0 52.8313 4.15752
0.00561523 7.78707 8.71345	0 62.0071 4.77518
0.00585938 9.43545 9.3675	0 88.5301 5.46738
0.00610352 9.81236 10.0267	0 100.304 6.25345
0.00634766 11.8991 10.6821	0 110.23 7.1443
0.0065918 12.5056 11.3246	0 120.15 8.13279
0.00683594 10.7138 11.9449	0 133.031 9.18958
0.00708008 14.034 12.5338	0 203.101 10.2679
0.00732422 13.0863 13.0821	0 196.593 11.3169
0.00756836 13.9475 13.5812	0 199.576 12.2972
0.0078125 14.3389 14.0229	0 168.613 13.1928
0.00805664 16.8649 14.4003	0 241.639 14.0127
0.00830078 14.1935 14.7075	0 144.166 14.7822
0.00854492 18.1729 14.9407	0 321.583 15.528
0.00878906 16.4247 15.0979	0 298 16.2623
0.0090332 16.289 15.1792	0 415.329 16.9741
0.00927734 14.7577 15.1867	0 317.969 17.6265
0.00952148 16.4315 15.124	0 261.943 18.1627
0.00976562 15.3031 14.9965	0 343.638 18.5157
0.0100098 14.9357 14.8109	0 161.437 18.6203
0.0102539 16.118 14.575	0 238.501 18.4244
0.010498 15.327 14.2978	0 265.4 17.9011
0.0107422 14.2825 13.99	0 205.156 17.0572
0.0109863 13.4992 13.6631	0 263.85 15.9381
0.0112305 14.2041 13.3297	0 172.998 14.624
0.0114746 12.0961 13.0028	0 103.783 13.2163
0.0117188 12.1775 12.6955	0 150.441 11.8186
0.0119629 11.1046 12.4194	0 132.075 10.5177
0.012207 11.2676 12.1849	0 113.488 9.3736
0.0124512 10.9314 11.9995	0 82.85 8.4208
0.0126953 10.7077 11.8678	0 95.6325 7.67834
0.0129395 12.0654 11.7912	0 124.663 7.16032
0.0131836 10.8052 11.7677	0 185.586 6.87918
0.0134277 10.0201 11.7919	0 99.7697 6.8389
0.0136719 11.2194 11.856	0 131.136 7.02245
0.013916 11.4561 11.95	0 103.667 7.38217
0.0141602 12.4749 12.0628	0 179.753 7.84153
0.0144043 11.7618 12.183	0 108.926 8.31058
0.0146484 14.4516 12.2999	0 245.528 8.71015
0.0148926 12.5113 12.4043	0 131.797 8.9944
0.0151367 13.8081 12.4892	0 137.563 9.16091
0.0153809 11.2499 12.5499	0 109.2 9.24273
0.015625 14.2918 12.5842	0 169.402 9.28556
0.0158691 11.3243 12.5927	0 141.386 9.32087
0.0161133 14.3632 12.578	0 175.101 9.349
0.0163574 13.4079 12.5445	0 162.009 9.34114
0.0166016 10.8877 12.4985	0 130.226 9.25956
0.0168457 13.8136 12.4471	0 270.834 9.08485
0.0170898 12.1925 12.398	0 135.98 8.83525
0.017334 12.7567 12.3588	0 150.432 8.56763
0.0175781 10.3134 12.3361	0 112.852 8.35957
0.0178223 12.2114 12.3349	0 170.186 8.28222
0.0180664 11.7481 12.358	0 134.76 8.37674
0.0183105 10.8524 12.4059	0 127.374 8.64412
0.0185547 13.0754 12.4764	0 182.464 9.04993
0.0187988 11.9834 12.5654	0 120.971 9.53913
0.019043 11.5931 12.6676	0 129.551 10.0532
0.0192871 14.6132 12.7769	0 177.435 10.5438
0.0195312 13.0998 12.8876	0 143.36 10.9813
0.0197754 13.9491 12.9951	0 210.593 11.3567
0.0200195 12.2125 13.0963	0 164.01 11.6791
0.0202637 13.6986 13.1897	0 243.758 11.9667
0.0205078 13.3152 13.2753	0 190.302 12.236
0.020752 13.1243 13.3544	0 133.648 12.4922
0.0209961 13.5327 13.4289	0 165.443 12.7277
0.0212402 14.494 13.5009	0 225.517 12.9305
0.0214844 12.2074 13.572	0 120.049 13.0975
0.0217285 14.0622 13.6434	0 217.501 13.243
0.0219727 13.856 13.7155	0 228.952 13.3966
0.0222168 12.3819 13.7879	0 136.364 13.5899
0.0224609 14.3526 13.8602	0 252.381 13.8418
0.0227051 13.6336 13.9319	0 159.378 14.1552
0.0229492 14.9983 14.0032	0 270.52 14.5245
0.0231934 14.529 14.0749	0 189.915 14.9499
0.0234375 15.8419 14.1488	0 264.009 15.4417
0.0236816 14.0746 14.2269	0 155.328 16.0122
0.0239258 12.2981 14.3107	0 114.831 16.6544
0.0241699 12.6805 14.4012	0 183.779 17.3259
0.0244141 14.3803 14.4976	0 145.25 17.9474
0.0246582 13.6619 14.5978	0 253.294 18.4232
0.0249023 16.0666 14.6983	0 353.764 18.6745
0.0251465 16.1602 14.7949	0 286.102 18.6696
0.0253906 16.0641 14.8838	0 392.626 18.4343
0.0256348 13.5096 14.9628	0 190.472 18.0392
0.0258789 15.3702 15.0312	0 232.245 17.5689
0.026123 16.1027 15.0911	0 251.93 17.092
0.0263672 14.7817 15.1466	0 199.516 16.6457
0.0266113 17.1081 15.2033	0 229.749 16.2383
0.0268555 14.7229 15.2674	0 194.12 15.8618
0.0270996 12.2074 15.3448	0 140.194 15.5019
0.0273438 15.9208 15.4397	0 233.595 15.1415
0.0275879 13.7199 15.5545	0 191.151 14.7623
0.027832 16.6498 15.6887	0 250.958 14.3538
0.0280762 15.1417 15.8398	0 176.877 13.9321
0.0283203 15.4064 16.0036	0 214.981 13.5568
0.0285645 16.5768 16.1747	0 225.553 13.3306
0.0288086 18.7884 16.3478	0 278.409 13.3699
0.0290527 16.4418 16.5183	0 236.233 13.7565
0.0292969 14.0959 16.683	0 189.429 14.4906
0.029541 18.3922 16.8402	0 358.825 15.4699
0.0297852 18.5606 16.9906	0 398.439 16.5102
0.0300293 15.0462 17.1364	0 151.596 17.4001
0.0302734 17.828 17.2819	0 256.011 17.971
0.0305176 17.844 17.4327	0 400.845 18.1552
0.0307617 20.5498 17.5951	0 332.428 18.0097
0.0310059 13.9825 17.7751	0 137.339 17.6966
0.03125 18.0881 17.9774	0 387.259 17.4258
0.0314941 17.3981 18.2047	0 276.86 17.3805
0.0317383 17.0599 18.4567	0 241.391 17.6512
0.0319824 17.0338 18.7299	0 275.232 18.2042
0.0322266 19.2041 19.0183	0 436.504 18.8986
0.0324707 20.1139 19.3145	0 399.229 19.5459
0.0327148 19.2076 19.6109	0 497.736 19.9911
0.032959 20.8672 19.9012	0 356.845 20.1812
0.0332031 23.6486 20.1818	0 518.663 20.1903
0.0334473 22.5503 20.4526	0 468.045 20.1883
0.0336914 18.645 20.7161	0 401.587 20.3689
0.0339355 18.929 20.9774	0 313.024 20.8696
0.0341797 19.6164 21.242	0 373.775 21.7243
0.0344238 21.7327 21.515	0 543.969 22.8638
0.034668 24.2373 21.7993	0 564.842 24.1586
0.0349121 20.3003 22.0955	0 359.484 25.4749
0.0351562 19.7985 22.4011	0 394.069 26.7178
0.0354004 23.2727 22.7121	0 611.267 27.8468
0.0356445 24.8232 23.0238	0 433.359 28.8675
0.0358887 22.5423 23.3322	0 365.357 29.8122
0.0361328 24.3884 23.636	0 480.781 30.7198
0.036377 25.8387 23.937	0 629.696 31.6241
0.0366211 27.2564 24.241	0 526.051 32.5531
0.0368652 22.4046 24.5572	0 571.996 33.5372
0.0371094 23.0412 24.8973	0 498.088 34.6246
0.0373535 22.4068 25.2741	0 388.019 35.8922
0.0375977 27.3917 25.6999	0 695.172 37.4418
0.0378418 23.4993 26.1849	0 421.291 39.3701
0.0380859 24.5872 26.7366	0 579.647 41.7152
0.0383301 28.0297 27.3587	0 616.009 44.4014
0.0385742 27.1586 28.0514	0 536.92 47.2169
0.0388184 26.5414 28.8112	0 714.464 49.8516
0.0390625 30.6762 29.6315	0 803.817 52.0012
0.0393066 27.7173 30.5026	0 557.594 53.5001
0.0395508 33.0121 31.4126	0 1347.92 54.4287
0.0397949 29.2765 32.3472	0 836.416 55.1364
0.0400391 36.9649 33.2911	0 931.074 56.1596
0.0402832 31.8866 34.2287	0 732.69 58.0568
0.0405273 33.9978 35.1454	0 1279.39 61.2232
0.0407715 39.3092 36.0292	0 1712.48 65.7548
0.0410156 38.897 36.8724	0 1496.23 71.4099
0.0412598 37.1537 37.6725	0 1619.39 77.684
0.0415039 39.9547 38.4329	0 2056.7 83.975
0.041748 49.0789 39.1627	0 2093.86 89.7926
0.0419922 32.4292 39.8754	0 1092.94 94.9386
0.0422363 38.4974 40.5877	0 1431.63 99.5879
0.0424805 37.6255 41.3166	0 1527.53 104.221
0.0427246 41.1054 42.0785	0 2116.5 109.426
0.0429688 46.2403 42.8869	0 2100.69 115.636
0.0432129 45.6599 43.752	0 2437.86 122.932
0.043457 40.2618 44.681	0 1311.52 130.97
0.0437012 45.1512 45.6784	0 2104.77 139.064
0.0439453 39.2215 46.7484	0 1357.55 146.373
0.0441895 48.1305 47.8958	0 2267.92 152.105
0.0444336 55.7131 49.1284	0 3460.88 155.686
0.0446777 51.1228 50.4572	0 2203.08 156.883
0.0449219 48.7309 51.8966	0 2441.85 155.911
0.045166 50.2867 53.4618	0 2689.61 153.518
0.0454102 53.89 55.1658	0 3547.96 151.02
0.0456543 55.4558 57.0149	0 2712.05 150.217
0.0458984 57.1082 59.0043	0 3155.6 153.114
0.0461426 49.2166 61.1148	0 2183.1 161.474
0.0463867 54.7575 63.3128	0 2277.66 176.315
0.0466309 72.9156 65.5519	0 3173.61 197.54
0.046875 67.124 67.7789	0 4102.68 223.846
0.0471191 67.8225 69.9405	0 4484.46 252.975
0.0473633 88.7251 71.9908	0 7029.58 282.211
0.0476074 83.9098 73.8976	0 5260.78 308.942
0.0478516 80.9576 75.645	0 8103.96 331.134
0.0480957 75.278 77.2324	0 5380.36 347.61
0.0483398 76.1648 78.6699	0 5725.81 358.164
0.048584 79.7302 79.9717	0 4827.91 363.554
0.0488281 72.4461 81.1486	0 6354.02 365.405
0.0490723 89.0947 82.2021	0 8449.69 365.979
0.0493164 76.7602 83.122	0 5386.98 367.767
0.0495605 90.3278 83.8864	0 5439.91 372.898
0.0498047 83.6832 84.466	0 6430.76 382.519
0.0500488 99.8373 84.8299	0 7714.78 396.378
0.050293 87.9689 84.9525	0 8273.19 412.83
0.0505371 89.0968 84.8191	0 6434.11 429.323
0.0507812 88.5718 84.4298	0 9064.05 443.184
0.0510254 86.5214 83.8001	0 6004.05 452.396
0.0512695 86.9317 82.9584	0 7332.59 456.055
0.0515137 84.3361 81.9418	0 6978.76 454.393
0.0517578 86.7391 80.7891	0 5644.46 448.486
0.052002 76.7148 79.5341	0 6423.92 439.836
0.0522461 65.6897 78.2003	0 4829.8 430.043
0.0524902 74.6248 76.797	0 4538.05 420.567
0.0527344 71.5567 75.3191	0 5003.65 412.496
0.0529785 83.6579 73.7498	0 8417.77 406.268
0.0532227 80.1145 72.0657	0 4868.39 401.376
0.0534668 67.8809 70.2436	0 5843.6 396.279
0.0537109 76.2464 68.267	0 5927.24 388.67
0.0539551 70.7772 66.131	0 5102.71 376.137
0.0541992 67.5612 63.8452	0 3779.22 356.98
0.0544434 57.5756 61.4334	0 3747.86 330.861
0.0546875 67.6017 58.931	0 5634.32 299.026
0.0549316 50.0895 56.3804	0 3831.71 264.007
0.0551758 50.7805 53.8257	0 1742.52 228.971
0.0554199 56.5765 51.3072	0 3285.02 196.939
0.0556641 38.0398 48.8582	0 1181.26 170.131
0.0559082 41.5249 46.5023	0 1590.78 149.592
0.0561523 40.7704 44.2537	0 1787.88 135.151
0.0563965 51.8312 42.1182	0 4009.5 125.665
0.0566406 36.4485 40.096	0 1359.56 119.453
0.0568848 33.3042 38.1839	0 1185.58 114.755
0.0571289 40.3207 36.3778	0 1834.57 110.11
0.057373 30.1751 34.674	0 1067.71 104.573
0.0576172 35.8824 33.069	0 1256.41 97.7623
0.0578613 25.8216 31.5597	0 694.995 89.782
0.0581055 29.9094 30.1423	0 947.229 81.061
0.0583496 24.3441 28.8115	0 474.892 72.171
0.0585938 25.3406 27.5609	0 770.653 63.6606
0.0588379 29.152 26.3829	0 1173.88 55.9362
0.059082 26.835 25.2702	0 905.524 49.2106
0.0593262 24.3059 24.2162	0 401.114 43.5153
0.0595703 22.7445 23.2159	0 592.954 38.756
0.0598145 21.3068 22.2663	0 454.55 34.7788
0.0600586 18.4683 21.3662	0 248.893 31.4203
0.0603027 18.5827 20.5151	0 276.838 28.5321
0.0605469 21.3279 19.7129	0 575.64 25.9866
0.060791 17.7171 18.959	0 311.565 23.6783
0.0610352 18.9199 18.2519	0 291.602 21.5272
0.0612793 15.1474 17.5891	0 190.673 19.4843
0.0615234 17.4101 16.9675	0 299.004 17.5326
0.0617676 15.7047 16.3839	0 231.399 15.6827
0.0620117 14.4851 15.8355	0 203.21 13.9655
0.0622559 16.1771 15.3204	0 227.446 12.4259
0.0625 17.3708 14.8373	0 218.336 11.1159
0.0627441 12.1974 14.386	0 182.284 10.0834
0.0629883 12.6147 13.9667	0 146.831 9.3552
0.0632324 12.1396 13.5792	0 134.805 8.91911
0.0634766 13.5468 13.223	0 188.094 8.71691
0.0637207 11.386 12.8964	0 148.304 8.65465
0.0639648 14.6746 12.5967	0 171.095 8.62909
0.064209 10.4333 12.3198	0 135.44 8.55819
0.0644531 11.5687 12.0613	0 146.46 8.40159
0.0646973 12.2045 11.8164	0 157.71 8.16255
0.0649414 12.4984 11.5805	0 129.235 7.87329
0.0651855 10.6164 11.3503	0 134.963 7.57351
0.0654297 10.9364 11.1233	0 112.984 7.29255
0.0656738 11.6346 10.8986	0 69.3226 7.04132
0.065918 12.3377 10.6765	0 152.863 6.81405
0.0661621 9.48942 10.4584	0 111.033 6.59608
0.0664062 8.57997 10.2459	0 53.6178 6.37307
0.0666504 9.64224 10.041	0 124.699 6.13839
0.0668945 10.0105 9.84517	0 110.867 5.89696
0.0671387 10.2641 9.65961	0 131.161 5.66526
0.0673828 8.96038 9.48486	0 62.1974 5.46772
0.067627 10.0524 9.32104	0 105.569 5.33046
0.0678711 7.50768 9.16799	0 50.8148 5.27379
0.0681152 9.58089 9.02543	0 69.1944 5.3053
0.0683594 8.70899 8.893	0 79.4594 5.41585
0.0686035 9.92909 8.7703	0 102.936 5.5799
0.0688477 7.75631 8.65678	0 70.0233 5.76033
0.0690918 7.57038 8.55167	0 56.9784 5.91645
0.0693359 9.15037 8.45395	0 87.512 6.01298
0.0695801 6.36686 8.36231	0 43.6162 6.02752
0.0698242 9.14855 8.27534	0 89.1247 5.95489
0.0700684 9.70172 8.19163	0 106.879 5.80721
0.0703125 8.48819 8.11001	0 61.8206 5.6097
0.0705566 7.25886 8.02963	0 40.9353 5.39316
0.0708008 7.18781 7.94996	0 44.4444 5.18539
0.0710449 8.2295 7.87076	0 62.0895 5.00412
0.0712891 7.526 7.7919	0 55.642 4.85385
0.0715332 8.53564 7.71326	0 55.6945 4.727
0.0717773 6.80585 7.63461	0 38.398 4.60838
0.0720215 7.91483 7.55565	0 60.8629 4.48085
0.0722656 6.71379 7.47606	0 58.764 4.33003
0.0725098 8.16028 7.39562	0 61.8399 4.14723
0.0727539 7.44988 7.31434	0 40.9164 3.93059
0.072998 7.98251 7.23246	0 62.9756 3.68521
0.0732422 7.01515 7.15048	0 42.3418 3.42239
0.0734863 6.21458 7.06905	0 45.8515 3.1578
0.0737305 6.53313 6.98884	0 37.5445 2.9084
0.0739746 6.94953 6.9105	0 41.9199 2.6884
0.0742188 7.27863 6.83461	0 52.3818 2.50608
0.0744629 6.56553 6.76169	0 39.6386 2.36287
0.074707 7.33831 6.69226	0 45.2278 2.25527
0.0749512 5.69294 6.62687	0 27.0794 2.17859
0.0751953 7.46796 6.56603	0 47.3139 2.12996
0.0754395 6.16625 6.51009	0 29.5788 2.10893
0.0756836 6.32588 6.45905	0 39.5812 2.11515
0.0759277 5.52828 6.41238	0 31.8106 2.14455
0.0761719 6.4818 6.36899	0 37.8616 2.18651
0.076416 5.79003 6.32726	0 40.5452 2.22387
0.0766602 6.94267 6.28542	0 54.4011 2.23655
0.0769043 6.02263 6.2419	0 26.353 2.20776
0.0771484 6.85394 6.19586	0 34.8368 2.1305
0.0773926 6.40408 6.1475	0 40.0107 2.01199
0.0776367 7.1622 6.09827	0 45.093 1.87366
0.0778809 5.66765 6.05068	0 22.1664 1.74604
0.078125 6.17816 6.00788	0 26.1722 1.65965
0.0783691 4.24154 5.97303	0 18.982 1.63458
0.0786133 5.5641 5.94865	0 27.2369 1.67308
0.0788574 6.05509 5.93607	0 38.326 1.75824
0.0791016 5.27971 5.93518	0 28.1178 1.85973
0.0793457 5.81574 5.94445	0 36.2154 1.94443
0.0795898 5.62528 5.96128	0 41.6735 1.98755
0.079834 6.87492 5.98251	0 37.5147 1.97986
0.0800781 6.4076 6.005	0 38.3817 1.92883
0.0803223 6.4394 6.02605	0 33.4539 1.85391
0.0805664 5.606 6.04372	0 19.5757 1.77891
0.0808105 6.396 6.05688	0 28.3132 1.72449
0.0810547 5.92083 6.06509	0 35.6244 1.70314
0.0812988 5.80009 6.06842	0 32.631 1.71763
0.081543 5.93086 6.06727	0 27.106 1.76235
0.0817871 6.02491 6.06224	0 31.7664 1.82648
0.0820312 6.62506 6.05409	0 48.5595 1.89761
0.0822754 5.99391 6.04372	0 31.7834 1.96457
0.0825195 6.68491 6.03223	0 44.802 2.01881
0.0827637 6.06684 6.02086	0 30.7502 2.05441
0.0830078 5.45716 6.01087	0 26.9761 2.06757
0.083252 5.3923 6.00337	0 29.2736 2.0564
0.0834961 5.83607 5.99912	0 28.8528 2.02135
0.0837402 5.84745 5.99834	0 27.8665 1.96571
0.0839844 7.29147 6.00059	0 54.0983 1.8952
0.0842285 5.24694 6.00481	0 21.5552 1.81633
0.0844727 5.09995 6.00943	0 21.7011 1.73433
0.0847168 6.23033 6.01264	0 38.6836 1.652
0.0849609 7.06249 6.01268	0 48.6978 1.57047
0.0852051 5.47215 6.0082	0 28.5173 1.4913
0.0854492 6.70929 5.99851	0 40.8954 1.41851
0.0856934 6.32142 5.98377	0 32.5706 1.35895
0.0859375 5.95669 5.96511	0 34.3331 1.3207
0.0861816 5.3855 5.94448	0 37.2287 1.31034
0.0864258 6.35968 5.92449	0 31.375 1.33099
0.0866699 5.39914 5.90807	0 31.1654 1.38195
0.0869141 6.35311 5.89811	0 40.4976 1.46027
0.0871582 5.57682 5.89703	0 26.816 1.56251
0.0874023 5.20364 5.90643	0 24.6698 1.68539
0.0876465 5.3027 5.92686	0 22.6059 1.8243
0.0878906 6.39726 5.95764	0 40.1509 1.97092
0.0881348 5.6702 5.99694	0 32.098 2.11203
0.0883789 5.30156 6.04196	0 54.8972 2.23137
0.088623 6.79044 6.08928	0 55.7489 2.31443
0.0888672 6.24787 6.13531	0 54.1503 2.35374
0.0891113 5.9141 6.17674	0 46.9384 2.35148
0.0893555 7.47766 6.21101	0 53.7277 2.31777
0.0895996 6.09834 6.23655	0 27.3901 2.26554
0.0898438 6.04109 6.25298	0 29.7682 2.20507
0.0900879 7.64934 6.26103	0 49.0388 2.14129
0.090332 5.23457 6.26241	0 22.1819 2.07499
0.0905762 6.24941 6.25945	0 47.8589 2.00664
0.0908203 5.89114 6.25487	0 33.2032 1.94012
0.0910645 7.1019 6.25138	0 36.5834 1.88426
0.0913086 5.82508 6.25153	0 24.4993 1.85106
0.0915527 5.45221 6.25744	0 31.6774 1.85189
0.0917969 6.34202 6.27076	0 37.2418 1.89325
0.092041 6.93245 6.29256	0 47.6438 1.97428
0.0922852 5.36845 6.32329	0 30.0703 2.0868
0.0925293 6.94591 6.36273	0 34.3639 2.21804
0.0927734 6.02046 6.40997	0 31.98 2.3548
0.0930176 5.8848 6.46337	0 32.3213 2.48741
0.0932617 6.22362 6.52066	0 33.337 2.61171
0.0935059 6.69965 6.57908	0 42.2391 2.72834
0.09375 7.04799 6.63563	0 46.5653 2.83944
0.0939941 6.94319 6.68738	0 51.0422 2.94457
0.0942383 7.07202 6.73185	0 62.1975 3.03814
0.0944824 6.75916 6.76731	0 41.5999 3.11002
0.0947266 6.98514 6.79297	0 50.1325 3.14925
0.0949707 7.41792 6.80912	0 65.2525 3.14889
0.0952148 6.50258 6.817	0 38.8036 3.10963
0.095459 7.6193 6.81865	0 80.229 3.04029
0.0957031 6.6644 6.81652	0 51.6621 2.95564
0.0959473 6.02175 6.81317	0 31.5977 2.87287
0.0961914 6.23633 6.81095	0 45.244 2.80828
0.0964355 7.47516 6.81169	0 52.0149 2.77478
0.0966797 6.42528 6.81659	0 34.758 2.78017
0.0969238 7.21877 6.82613	0 44.5431 2.82603
0.097168 6.55186 6.84008	0 49.7817 2.90764
0.0974121 6.44303 6.85759	0 42.9629 3.01546
0.0976562 7.30868 6.87733	0 64.7609 3.13787
0.0979004 6.71388 6.89759	0 45.585 3.26385
0.0981445 6.52504 6.91654	0 49.8548 3.38413
0.0983887 7.37845 6.93241	0 52.7486 3.48998
0.0986328 7.04529 6.94373	0 41.1497 3.57106
0.098877 7.21244 6.94954	0 70.0121 3.61427
0.0991211 6.86902 6.94954	0 33.1579 3.60585
0.0993652 7.68038 6.94408	0 61.2843 3.53655
0.0996094 7.18485 6.93405	0 84.9015 3.4077
0.0998535 6.56146 6.92066	0 36.8813 3.23491
0.100098 6.86499 6.90508	0 43.7607 3.04684
0.100342 6.41497 6.88812	0 46.771 2.87863
0.100586 6.59841 6.87007	0 49.2602 2.76217
0.10083 6.68582 6.85061	0 56.2753 2.7166
0.101074 6.64503 6.82894	0 61.8125 2.74277
0.101318 7.04481 6.80405	0 46.696 2.82369
0.101562 8.34087 6.77509	0 92.9324 2.93081
0.101807 7.09313 6.74162	0 40.9361 3.03345
0.102051 6.01755 6.7038	0 34.6739 3.10766
0.102295 5.85745 6.6624	0 35.307 3.14125
0.102539 7.32145 6.61872	0 47.2119 3.13368
0.102783 6.57907 6.57431	0 52.2958 3.09217
0.103027 6.20435 6.53082	0 60.5914 3.02635
0.103271 6.5048 6.48978	0 44.3527 2.94418
0.103516 6.36684 6.45252	0 39.7214 2.85055
0.10376 5.7226 6.42018	0 36.4792 2.74854
0.104004 7.29855 6.39366	0 51.1207 2.64188
0.104248 6.5643 6.37367	0 40.028 2.537
0.104492 5.97535 6.36067	0 41.7194 2.44304
0.104736 5.67567 6.35481	0 33.6248 2.36968
0.10498 5.69567 6.35577	0 23.873 2.32371
0.105225 7.60629 6.3627	0 61.799 2.30613
0.105469 5.69105 6.37415	0 38.6808 2.31142
0.105713 6.06828 6.38813	0 58.6779 2.32931
0.105957 6.34832 6.40233	0 38.6774 2.34823
0.106201 6.09558 6.41436	0 32.9654 2.35877
0.106445 7.64972 6.42202	0 61.5591 2.35565
0.106689 6.08592 6.42363	0 30.7733 2.33793
0.106934 7.64271 6.41814	0 55.62 2.3077
0.107178 6.11327 6.40515	0 33.1517 2.26828
0.107422 6.45872 6.38484	0 51.1996 2.22292
0.107666 5.72332 6.35772	0 37.5386 2.17429
0.10791 6.12604 6.32451	0 25.9292 2.12464
0.108154 6.31688 6.28596	0 45.6988 2.076
0.108398 6.7597 6.24284	0 38.7411 2.03
0.108643 6.15465 6.19601	0 40.7587 1.98734
0.108887 6.87355 6.14657	0 44.7553 1.94741
0.109131 5.92694 6.09599	0 29.5249 1.90895
0.109375 6.01246 6.04616	0 37.0745 1.87163
0.109619 5.63199 5.99929	0 27.3918 1.83806
0.109863 5.68575 5.95779	0 22.9266 1.81453
0.110107 6.03092 5.92388	0 22.3764 1.80949
0.110352 6.13402 5.89926	0 32.9269 1.8299
0.110596 5.36093 5.88483	0 27.5959 1.87704
0.11084 5.23273 5.88044	0 28.9761 1.9439
0.111084 5.12269 5.88482	0 24.9346 2.01605
0.111328 6.44558 5.89575	0 51.9922 2.07575
0.111572 5.50591 5.91034	0 25.6063 2.10783
0.111816 6.03153 5.92542	0 41.7862 2.10474
0.112061 7.04105 5.93794	0 60.1731 2.06888
0.112305 6.62296 5.94533	0 35.983 2.01121
0.112549 5.21082 5.94575	0 30.2381 1.94699
0.112793 6.41348 5.93811	0 51.1252 1.89048
0.113037 5.34769 5.92211	0 22.2364 1.85056
0.113281 6.34289 5.89808	0 41.492 1.82878
0.113525 5.21722 5.86692	0 24.4171 1.82021
0.11377 6.92728 5.82996	0 45.089 1.81628
0.114014 5.90173 5.78897	0 36.7424 1.80826
0.114258 5.34197 5.74605	0 21.3368 1.79005
0.114502 5.92286 5.70351	0 30.0694 1.75976
0.114746 6.17813 5.66368	0 51.9703 1.71983
0.11499 4.86173 5.62867	0 18.0807 1.67617
0.115234 5.52466 5.60006	0 40.2246 1.63645
0.115479 4.7808 5.57866	0 18.2676 1.60764
0.115723 5.12213 5.56439	0 23.2375 1.59349
0.115967 6.10324 5.55634	0 28.9078 1.59275
0.116211 5.02815 5.55298	0 21.8134 1.59918
0.116455 5.89993 5.55252	0 46.09 1.60378
0.116699 5.97627 5.55325	0 33.0847 1.5985
0.116943 5.97425 5.5539	0 30.6435 1.57977
0.117188 5.53635 5.55376	0 23.5798 1.54982
0.117432 5.33472 5.55272	0 20.875 1.51523
0.117676 5.74685 5.55105	0 26.8754 1.48352
0.11792 5.19588 5.54912	0 26.1853 1.45973
0.118164 4.86207 5.54718	0 24.6334 1.44476
0.118408 5.87196 5.54508	0 24.4381 1.43619
0.118652 5.63041 5.54229	0 28.3129 1.43039
0.118896 5.48563 5.53794	0 26.6183 1.42478
0.119141 5.96374 5.53104	0 32.1467 1.41855
0.119385 5.31801 5.52083	0 25.1896 1.4121
0.119629 6.01291 5.50697	0 34.4228 1.40563
0.119873 5.2385 5.48981	0 24.2048 1.39838
0.120117 5.87836 5.47039	0 46.1298 1.38901
0.120361 5.76936 5.45037	0 32.0536 1.37685
0.120605 4.71044 5.43176	0 30.0141 1.36322
0.12085 5.46509 5.41656	0 31.8339 1.35156
0.121094 5.47421 5.40635	0 20.4927 1.34611
0.121338 5.21108 5.402	0 26.8398 1.34943
0.121582 4.87262 5.40336	0 21.0919 1.36039
0.121826 4.63204 5.40936	0 30.5513 1.37367
0.12207 5.46743 5.4181	0 36.9711 1.38166
0.122314 5.89468 5.42731	0 35.5528 1.37808
0.122559 6.08483 5.43481	0 41.1458 1.36164
0.122803 5.22377 5.43897	0 21.1716 1.3381
0.123047 6.46934 5.43904	0 33.1247 1.31952
0.123291 5.23997 5.4353	0 28.5226 1.32054
0.123535 5.82705 5.42885	0 25.7029 1.35325
0.123779 4.45011 5.42136	0 15.7812 1.42232
0.124023 5.5309 5.41451	0 28.0133 1.52247
0.124268 5.26351 5.40965	0 41.8371 1.63905
0.124512 5.0348 5.4074	0 24.0807 1.75161
0.124756 4.43704 5.40759	0 22.0507 1.83923
0.125 5.90459 5.40927	0 28.6999 1.88602
0.125244 6.33927 5.41099	0 32.553 1.88504
0.125488 6.09938 5.41105	0 41.3981 1.8397
0.125732 5.03021 5.40777	0 31.7659 1.76194
0.125977 5.02588 5.39966	0 22.0115 1.6679
0.126221 5.14686 5.38555	0 34.3792 1.57259
0.126465 5.83902 5.36462	0 35.6179 1.48576
0.126709 4.94587 5.33644	0 20.9188 1.41046
0.126953 5.67757 5.30097	0 33.6292 1.34472
0.127197 6.03048 5.25865	0 32.7489 1.2848
0.127441 5.30342 5.21037	0 19.3152 1.22831
0.127686 5.15206 5.15752	0 36.97 1.17554
0.12793 5.05233 5.10188	0 21.1705 1.129
0.128174 4.76398 5.04553	0 25.9744 1.09161
0.128418 4.66457 4.99065	0 25.3542 1.06508
0.128662 5.06616 4.9393	0 25.8634 1.04905
0.128906 4.8739 4.89332	0 21.9309 1.04127
0.12915 4.85344 4.85413	0 22.8861 1.03861
0.129395 4.48622 4.82269	0 21.4676 1.03814
0.129639 4.75022 4.79951	0 16.325 1.03818
0.129883 4.4267 4.78463	0 23.4346 1.03877
0.130127 4.36513 4.77772	0 15.203 1.04188
0.130371 5.63073 4.77809	0 36.1619 1.05098
0.130615 4.42231 4.78483	0 21.3998 1.07019
0.130859 4.28704 4.79681	0 21.6888 1.10312
0.131104 4.71934 4.8128	0 19.0732 1.15152
0.131348 5.34176 4.83148	0 31.6665 1.21449
0.131592 4.8813 4.85156	0 18.0367 1.28832
0.131836 4.71137 4.87183	0 27.1032 1.36718
0.13208 4.76376 4.89129	0 24.0441 1.44446
0.132324 4.72797 4.90918	0 26.8246 1.51423
0.132568 5.04569 4.92508	0 24.5225 1.57234
0.132812 5.55226 4.93895	0 27.8291 1.61658
0.133057 5.46865 4.95105	0 25.8724 1.64599
0.133301 4.74025 4.96182	0 30.8607 1.65955
0.133545 4.11905 4.97179	0 15.8954 1.65518
0.133789 5.06722 4.98134	0 36.378 1.62978
0.134033 4.92553 4.99059	0 19.5671 1.5806
0.134277 5.0966 4.99934	0 27.3198 1.50728
0.134521 4.98152 5.00712	0 21.0879 1.41367
0.134766 5.27408 5.01326	0 20.969 1.30817
0.13501 5.00822 5.01711	0 18.9083 1.20243
0.135254 5.2221 5.01818	0 21.3669 1.10876
0.135498 4.96789 5.01627	0 23.7857 1.03738
0.135742 5.26772 5.01157	0 29.6411 0.994446
0.135986 5.12849 5.00461	0 31.3234 0.981116
0.13623 4.64529 4.99615	0 19.6085 0.993784
0.136475 4.92335 4.98706	0 24.593 1.02503
0.136719 5.03262 4.97812	0 25.0477 1.0652
0.136963 5.15054 4.96993	0 23.9213 1.10441
0.137207 4.81664 4.96274	0 30.9667 1.13451
0.137451 4.75278 4.95649	0 24.5653 1.15051
0.137695 4.58625 4.95085	0 24.5172 1.15091
0.137939 5.20746 4.9453	0 23.1196 1.13702
0.138184 5.18983 4.93933	0 21.8864 1.11202
0.138428 4.86551 4.93256	0 20.4784 1.08016
0.138672 5.56476 4.92485	0 31.8898 1.04628
0.138916 4.78121 4.91638	0 21.2866 1.01554
0.13916 4.23317 4.90764	0 14.0745 0.992855
0.139404 5.32193 4.89935	0 20.5727 0.982383
0.139648 4.30649 4.89237	0 24.7293 0.987208
0.139893 5.63488 4.88758	0 36.1877 1.0094
0.140137 4.78796 4.88568	0 14.9601 1.05005
0.140381 4.07183 4.88715	0 13.192 1.10894
0.140625 5.20942 4.89208	0 23.0026 1.1835
0.140869 5.34068 4.90012	0 36.1819 1.26791
0.141113 4.28283 4.91049	0 19.4569 1.35297
0.141357 4.22136 4.92194	0 23.5723 1.42763
0.141602 5.84388 4.93295	0 45.2118 1.48177
0.141846 5.1819 4.94183	0 27.6789 1.50913
0.14209 4.52092 4.94696	0 16.2579 1.50884
0.142334 5.00523 4.94706	0 23.6602 1.48493
0.142578 5.16222 4.9414	0 21.0702 1.44423
0.142822 5.3733 4.92991	0 24.9501 1.39423
0.143066 5.39922 4.91319	0 49.5512 1.34188
0.143311 5.39697 4.89242	0 27.6671 1.29359
0.143555 4.12185 4.86913	0 16.3601 1.25543
0.143799 4.15013 4.84487	0 14.7096 1.23245
0.144043 4.85335 4.82095	0 25.0298 1.22739
0.144287 4.74104 4.79822	0 23.5991 1.23935
0.144531 4.99956 4.77698	0 21.5161 1.26376
0.144775 4.78876 4.75699	0 15.3276 1.29385
0.14502 4.87501 4.73766	0 24.9915 1.32286
0.145264 4.6228 4.71823	0 19.0568 1.3459
0.145508 4.66563 4.69807	0 22.3024 1.36045
0.145752 4.46317 4.67684	0 22.0531 1.36565
0.145996 4.96003 4.65467	0 24.9417 1.36086
0.14624 4.98574 4.63215	0 31.5491 1.34478
0.146484 5.19551 4.61031	0 26.1906 1.31556
0.146729 3.71603 4.59041	0 13.3831 1.27204
0.146973 4.18453 4.57371	0 17.7143 1.21525
0.147217 4.94385 4.56127	0 14.2111 1.14929
0.147461 3.88464 4.55369	0 11.6384 1.08108
0.147705 4.69695 4.55107	0 22.7919 1.01876
0.147949 4.59881 4.55299	0 26.59 0.969665
0.148193 4.14781 4.55859	0 13.6085 0.938455
0.148438 4.66436 4.56682	0 24.5135 0.926201
0.148682 4.91664 4.57657	0 17.6827 0.930515
0.148926 4.58302 4.58688	0 19.577 0.946629
0.14917 5.14589 4.59695	0 21.588 0.969037
0.149414 4.24184 4.60617	0 17.3501 0.993252
0.149658 4.67996 4.61398	0 23.2736 1.01711
0.149902 4.1102 4.61977	0 14.3045 1.04116
0.150146 4.77775 4.62278	0 23.7466 1.06788
0.150391 4.37564 4.62219	0 19.0949 1.09992
0.150635 4.80075 4.61725	0 19.8953 1.13808
0.150879 4.70012 4.60752	0 21.1395 1.17983
0.151123 5.56978 4.59319	0 16.8189 1.21941
0.151367 4.6685 4.57524	0 16.7458 1.24955
0.151611 4.3661 4.55555	0 22.9668 1.2644
0.151855 4.56975 4.53668	0 23.4157 1.26228
0.1521 4.71669 4.52157	0 19.6735 1.24691
0.152344 4.11645 4.513	0 13.644 1.22631
0.152588 4.03352 4.5131	0 18.2993 1.20971
0.152832 3.6379 4.52292	0 17.5311 1.20384
0.153076 4.15806 4.54218	0 13.1414 1.21036
0.15332 4.23412 4.56934	0 17.0622 1.22557
0.153564 5.14795 4.6018	0 22.8278 1.24259
0.153809 5.1508 4.63637	0 32.2 1.25475
0.154053 5.25853 4.66972	0 23.5523 1.25846
0.154297 4.5685 4.69886	0 16.1657 1.25402
0.154541 4.21739 4.72143	0 24.7939 1.24438
0.154785 5.29695 4.73591	0 20.4975 1.23281
0.155029 4.44199 4.74159	0 16.5277 1.22125
0.155273 5.32325 4.73846	0 23.911 1.20998
0.155518 5.25424 4.72701	0 20.1489 1.19852
0.155762 4.60591 4.70798	0 18.4495 1.18666
0.156006 4.53864 4.6822	0 18.4347 1.17467
0.15625 4.53715 4.65042	0 18.5132 1.1628
0.156494 3.83929 4.6133	0 12.4081 1.15066
0.156738 5.22124 4.57149	0 28.7369 1.13729
0.156982 4.96052 4.52576	0 20.5972 1.12194
0.157227 4.4537 4.47721	0 17.7944 1.10517
0.157471 4.77867 4.4274	0 28.8259 1.08943
0.157715 4.57787 4.37841	0 25.0055 1.07877
0.157959 4.18223 4.33277	0 15.1048 1.07764
0.158203 3.58709 4.29316	0 11.4726 1.08939
0.158447 4.1808 4.26214	0 22.3093 1.11506
0.158691 4.11968 4.24169	0 27.8902 1.15287
0.158936 4.0676 4.23289	0 15.8464 1.19838
0.15918 3.81459 4.23564	0 11.4419 1.24526
0.159424 3.47221 4.2486	0 9.51909 1.2864
0.159668 4.19297 4.26931	0 18.637 1.31513
0.159912 4.94903 4.29451	0 28.505 1.32656
0.160156 4.00779 4.3206	0 12.1403 1.31842
0.1604 4.62496 4.34414	0 18.9025 1.29144
0.160645 4.5785 4.36232	0 18.69 1.24897
0.160889 5.06151 4.37331	0 35.2911 1.19604
0.161133 4.70794 4.37646	0 13.3672 1.13828
0.161377 4.42265 4.37222	0 17.5002 1.08081
0.161621 4.40369 4.36201	0 19.115 1.02747
0.161865 4.07892 4.34784	0 17.211 0.980256
0.162109 3.56795 4.33199	0 11.5964 0.939334
0.162354 4.71618 4.31662	0 21.5301 0.903659
0.162598 4.14921 4.30353	0 13.5788 0.872059
0.162842 4.93009 4.29389	0 20.0195 0.84433
0.163086 3.64189 4.28817	0 11.4663 0.821661
0.16333 4.58929 4.2861	0 16.3404 0.806021
0.163574 3.93366 4.28676	0 13.7721 0.798681
0.163818 3.39644 4.28874	0 10.1506 0.798656
0.164062 4.60217 4.29042	0 14.8009 0.802062
0.164307 4.71291 4.29028	0 17.3757 0.802958
0.164551 4.45165 4.28727	0 25.0626 0.795517
0.164795 5.04334 4.28105	0 25.6033 0.776616
0.165039 4.23679 4.27211	0 17.5685 0.747648
0.165283 4.71908 4.26171	0 15.8544 0.714713
0.165527 4.16495 4.25158	0 16.2817 0.687009
0.165771 3.4783 4.24358	0 10.6076 0.674002
0.166016 3.38555 4.23929	0 9.24747 0.682381
0.16626 4.10582 4.2397	0 13.772 0.71388
0.166504 3.9198 4.24504	0 17.7395 0.764698
0.166748 4.9744 4.25477	0 19.6911 0.826709
0.166992 4.98711 4.2678	0 27.1099 0.889988
0.167236 3.91907 4.28262	0 12.9727 0.945713
0.16748 4.27322 4.29759	0 13.4005 0.988374
0.167725 4.18011 4.31111	0 16.6338 1.01658
0.167969 3.8403 4.32182	0 11.4233 1.03235
0.168213 4.35178 4.32868	0 13.652 1.03944
0.168457 4.7984 4.33113	0 25.7064 1.04149
0.168701 4.83365 4.32918	0 24.2504 1.04092
0.168945 4.17578 4.32345	0 11.4312 1.03869
0.169189 5.05345 4.31515	0 20.5422 1.03486
0.169434 4.10423 4.30592	0 14.837 1.02941
0.169678 4.09812 4.2976	0 16.5258 1.02295
0.169922 3.8237 4.29187	0 17.9099 1.01702
0.170166 3.45005 4.28995	0 13.7997 1.01406
0.17041 4.72547 4.29229	0 22.2765 1.01705
0.170654 4.49585 4.29852	0 23.9653 1.02852
0.170898 4.06672 4.30743	0 13.3777 1.04935
0.171143 3.85214 4.31725	0 16.5588 1.07748
0.171387 4.57017 4.32589	0 15.7287 1.10751
0.171631 4.92759 4.33136	0 24.1313 1.13182
0.171875 4.86124 4.33203	0 21.583 1.14304
0.172119 4.09059 4.32685	0 19.5007 1.13697
0.172363 4.37697 4.31547	0 18.0872 1.11437
0.172607 4.30762 4.29816	0 22.2911 1.08073
0.172852 4.46519 4.27572	0 15.3169 1.04401
0.173096 4.22817 4.24937	0 16.1203 1.01137
0.17334 3.99316 4.22062	0 13.9437 0.986654
0.173584 4.17786 4.19114	0 13.7038 0.969407
0.173828 4.26069 4.16278	0 17.6688 0.955905
0.174072 4.36438 4.13747	0 17.3435 0.941499
0.174316 3.71289 4.11721	0 15.3933 0.923254
0.174561 4.27754 4.10391	0 14.903 0.901808
0.174805 4.35528 4.09925	0 17.6569 0.881702
0.175049 3.53999 4.10441	0 10.2673 0.870061
0.175293 3.26424 4.11985	0 9.25636 0.874079
0.175537 3.95184 4.14513	0 16.6617 0.898249
0.175781 4.20578 4.17885	0 17.9181 0.942292
0.176025 4.12981 4.21868	0 14.8236 1.00052
0.17627 4.02607 4.26166	0 13.4823 1.06279
0.176514 4.74308 4.30444	0 24.8752 1.11681
0.176758 4.79953 4.34375	0 25.5565 1.15105
0.177002 4.40008 4.37677	0 24.4125 1.15746
0.177246 4.56023 4.4014	0 25.9911 1.13334
0.17749 4.63394 4.41652	0 20.6192 1.08179
0.177734 4.38167 4.42195	0 14.5865 1.01079
0.177979 5.10169 4.41846	0 20.6941 0.93119
0.178223 4.44542 4.40749	0 18.3735 0.854226
0.178467 4.33352 4.39094	0 13.9534 0.789061
0.178711 3.87351 4.3709	0 14.4991 0.741128
0.178955 4.69997 4.34932	0 22.0066 0.711634
0.179199 4.17615 4.32784	0 16.5216 0.698379
0.179443 3.44774 4.30769	0 13.4914 0.697477
0.179688 5.09201 4.28958	0 18.047 0.70518
0.179932 4.33679 4.27373	0 15.8221 0.718911
0.180176 4.30578 4.25998	0 11.2876 0.737115
0.18042 3.7522 4.24784	0 12.8169 0.758185
0.180664 4.2993 4.23668	0 19.9782 0.779329
0.180908 3.82263 4.2258	0 13.5602 0.796232
0.181152 4.81011 4.21459	0 26.0295 0.803894
0.181396 4.72348 4.20266	0 17.69 0.79835
0.181641 3.36043 4.18989	0 9.41804 0.778419
0.181885 4.57172 4.17648	0 19.0683 0.746605
0.182129 4.47702 4.1629	0 14.3885 0.708642
0.182373 3.63656 4.14981	0 12.2971 0.671778
0.182617 4.63844 4.13784	0 20.2088 0.642505
0.182861 3.96486 4.12747	0 14.316 0.624672
0.183105 3.66602 4.11888	0 18.072 0.618783
0.18335 3.72028 4.11182	0 12.9704 0.622684
0.183594 3.95582 4.10568	0 23.8997 0.633185
0.183838 4.31508 4.09962	0 13.5213 0.647693
0.184082 5.07555 4.0927	0 23.3858 0.66501
0.184326 3.91278 4.08411	0 11.4545 0.68501
0.18457 3.84057 4.07341	0 13.3293 0.707575
0.184814 4.17669 4.06057	0 15.3004 0.731631
0.185059 3.95404 4.04607	0 16.606 0.755004
0.185303 3.9662 4.03081	0 12.5792 0.775258
0.185547 4.41741 4.01599	0 18.1676 0.791049
0.185791 3.61503 4.00291	0 9.67409 0.803201
0.186035 3.97994 3.99269	0 14.7196 0.814821
0.186279 4.31251 3.98614	0 19.6508 0.830253
0.186523 3.65 3.98344	0 11.3121 0.853272
0.186768 3.47788 3.98417	0 9.56784 0.885289
0.187012 3.45631 3.98718	0 9.69035 0.924395
0.187256 4.09511 3.99084	0 14.2435 0.965751
0.1875 4.44897 3.99322	0 26.0495 1.00323
0.187744 4.5519 3.9924	0 22.5922 1.03161
0.187988 4.1754 3.98685	0 17.9546 1.04844
0.188232 3.76578 3.97562	0 10.0407 1.05461
0.188477 4.5099 3.95856	0 18.1558 1.05354
0.188721 3.64555 3.93628	0 10.2185 1.04926
0.188965 3.97627 3.91009	0 13.3221 1.04441
0.189209 3.92616 3.8818	0 14.7904 1.039
0.189453 3.94361 3.85342	0 11.145 1.03045
0.189697 3.69397 3.827	0 16.1117 1.01495
0.189941 3.24291 3.80433	0 17.2441 0.989425
0.190186 3.72601 3.78679	0 14.5478 0.953222
0.19043 4.28612 3.77525	0 14.0045 0.908833
0.190674 3.50234 3.77	0 9.08645 0.861169
0.190918 3.40539 3.77076	0 15.8519 0.815754
0.191162 3.41889 3.77678	0 8.84196 0.776674
0.191406 3.7574 3.78694	0 11.5744 0.745336
0.19165 3.93105 3.79998	0 16.5274 0.720669
0.191895 3.90126 3.81465	0 13.7895 0.700627
0.192139 4.09969 3.82992	0 16.1076 0.6841
0.192383 4.19173 3.84507	0 22.2536 0.672146
0.192627 3.7592 3.85973	0 9.9607 0.667867
0.192871 3.58561 3.87386	0 8.39033 0.675069
0.193115 3.93037 3.88757	0 8.99719 0.696482
0.193359 3.82858 3.901	0 13.565 0.732418
0.193604 3.59383 3.9142	0 9.27009 0.780376
0.193848 3.93507 3.92704	0 18.9385 0.835519
0.194092 4.36334 3.93916	0 18.0021 0.891661
0.194336 4.14906 3.95008	0 24.4733 0.942384
0.19458 3.51568 3.95927	0 13.396 0.982122
0.194824 4.16546 3.96622	0 21.9126 1.00717
0.195068 3.87965 3.97054	0 12.849 1.01648
0.195312 4.41656 3.97199	0 18.0701 1.01193
0.195557 3.93866 3.97042	0 19.1868 0.997852
0.195801 4.19875 3.96574	0 15.13 0.979678
0.196045 3.55767 3.95787	0 10.5387 0.962216
0.196289 3.69965 3.94664	0 13.6824 0.948057
0.196533 4.06354 3.9319	0 22.4096 0.936771
0.196777 4.41737 3.9135	0 19.9398 0.925218
0.197021 3.84742 3.89149	0 15.7219 0.908867
0.197266 3.43352 3.86623	0 10.9234 0.883683
0.19751 4.62567 3.83852	0 23.4105 0.8479
0.197754 3.86686 3.80963	0 16.0732 0.802995
0.197998 3.83848 3.78126	0 12.134 0.753462
0.198242 3.60756 3.75532	0 9.76511 0.705466
0.198486 3.55228 3.73374	0 8.98528 0.664972
0.19873 3.0181 3.71808	0 9.02071 0.636205
0.198975 3.62211 3.70931	0 11.8241 0.621092
0.199219 3.77 3.70759	0 11.5121 0.619745
0.199463 3.56204 3.71215	0 11.9727 0.631507
0.199707 3.79784 3.72142	0 13.402 0.655803
0.199951 3.45541 3.73322	0 11.3571 0.692248
0.200195 3.45922 3.74505	0 10.0897 0.739951
0.200439 3.98337 3.75455	0 17.7254 0.796425
0.200684 4.18856 3.75979	0 14.5453 0.856803
0.200928 4.74824 3.7596	0 16.5541 0.913987
0.201172 3.80891 3.75373	0 14.8015 0.959997
0.201416 3.27671 3.74283	0 9.82244 0.988182
0.20166 3.60804 3.72827	0 16.157 0.99546
0.201904 3.63526 3.71191	0 10.782 0.983571
0.202148 4.18048 3.69571	0 15.6811 0.958697
0.202393 3.37077 3.68143	0 11.5748 0.929571
0.202637 3.46005 3.67034	0 10.4441 0.904805
0.202881 2.88298 3.66308	0 8.68467 0.890472
0.203125 3.87443 3.65969	0 14.2611 0.888646
0.203369 3.92275 3.65967	0 14.9561 0.897203
0.203613 3.53361 3.66218	0 10.9686 0.910763
0.203857 4.15901 3.66628	0 25.5763 0.922479
0.204102 3.40231 3.67112	0 10.0776 0.926236
0.204346 3.55222 3.67611	0 12.7632 0.918656
0.20459 4.04887 3.68098	0 18.9225 0.900219
0.204834 3.2742 3.68582	0 8.36612 0.875038
0.205078 4.15462 3.691	0 15.3206 0.849305
0.205322 3.32601 3.6971	0 9.87954 0.829049
0.205566 3.49442 3.70476	0 11.7212 0.818166
0.205811 4.06491 3.71462	0 20.2075 0.817495
0.206055 3.69759 3.72709	0 15.865 0.825174
0.206299 3.70471 3.74236	0 12.3108 0.837927
0.206543 3.6782 3.76026	0 14.9702 0.852597
0.206787 3.09516 3.78028	0 6.30141 0.867314
0.207031 3.78132 3.8016	0 12.7909 0.881965
0.207275 4.06151 3.8232	0 22.1463 0.897928
0.20752 4.11679 3.84397	0 12.5949 0.917222
0.207764 4.49339 3.86286	0 19.9078 0.941331
0.208008 3.72997 3.87893	0 10.5924 0.970033
0.208252 3.51143 3.89149	0 11.8389 1.00064
0.208496 3.92677 3.90004	0 16.3835 1.02803
0.20874 3.61908 3.90432	0 11.1793 1.04565
0.208984 4.50176 3.90422	0 19.6078 1.04738
0.209229 4.12341 3.89979	0 17.5714 1.02965
0.209473 3.94349 3.89119	0 17.9312 0.993087
0.209717 3.70476 3.8787	0 18.1379 0.942985
0.209961 3.75766 3.86271	0 10.7123 0.888168
0.210205 4.10242 3.8437	0 12.3426 0.838607
0.210449 3.83825 3.82226	0 12.7109 0.802546
0.210693 3.57124 3.79905	0 8.7597 0.784219
0.210938 3.83073 3.77478	0 13.1535 0.782923
0.211182 4.31232 3.75019	0 13.2806 0.793713
0.211426 3.64607 3.72597	0 13.6715 0.809327
0.21167 2.98962 3.70275	0 7.61409 0.822617
0.211914 3.71838 3.68107	0 20.992 0.828694
0.212158 3.7571 3.66134	0 19.2576 0.826152
0.212402 3.69082 3.64388	0 16.3339 0.817093
0.212646 3.89581 3.62887	0 14.3713 0.805971
0.212891 3.36374 3.61643	0 7.36829 0.797707
0.213135 3.38875 3.60661	0 10.4611 0.795752
0.213379 3.74359 3.59939	0 11.3672 0.800828
0.213623 3.54166 3.59471	0 12.1875 0.810795
0.213867 3.14416 3.59245	0 7.27239 0.821639
0.214111 3.99836 3.59243	0 23.1579 0.829114
0.214355 4.0094 3.59436	0 15.2893 0.830322
0.2146 3.0341 3.59788	0 9.79114 0.824637
0.214844 3.28821 3.60247	0 9.76815 0.813679
0.215088 3.66202 3.60758	0 10.5332 0.800463
0.215332 4.17301 3.61252	0 14.7731 0.788165
0.215576 3.53412 3.61664	0 14.0325 0.778948
0.21582 3.39331 3.61929	0 12.0982 0.773262
0.216064 3.54182 3.62001	0 12.5596 0.76978
0.216309 3.74878 3.61854	0 13.4517 0.765966
0.216553 4.10345 3.61497	0 14.7231 0.759088
0.216797 3.36585 3.60974	0 12.6444 0.747374
0.217041 3.38176 3.60363	0 12.569 0.730923
0.217285 4.18751 3.59767	0 14.0558 0.712055
0.217529 3.68862 3.59293	0 12.3341 0.694863
0.217773 3.18586 3.59032	0 8.5204 0.684048
0.218018 3.0036 3.59037	0 8.80964 0.683302
0.218262 3.67689 3.59304	0 16.3391 0.69376
0.218506 3.33478 3.59765	0 12.1343 0.713066
0.21875 4.01044 3.60294	0 14.9559 0.735486
0.218994 3.16149 3.60732	0 8.35352 0.753155
0.219238 3.68024 3.60917	0 9.56016 0.758225
0.219482 4.36233 3.60719	0 32.7245 0.745253
0.219727 3.78183 3.60074	0 15.1079 0.713048
0.219971 3.74994 3.59	0 16.2916 0.665308
0.220215 3.55139 3.57602	0 11.7275 0.609779
0.220459 3.71844 3.5605	0 16.2458 0.556245
0.220703 3.65648 3.54549	0 15.5671 0.514082
0.220947 3.25106 3.53296	0 10.7418 0.490154
0.221191 2.66029 3.52439	0 7.95329 0.487654
0.221436 3.13765 3.52056	0 9.18976 0.505998
0.22168 3.63242 3.5214	0 15.1048 0.541588
0.221924 3.69487 3.52608	0 8.97162 0.589024
0.222168 3.7526 3.53329	0 11.4673 0.642393
0.222412 3.40954 3.54154	0 14.5421 0.696382
0.222656 3.97839 3.54944	0 11.5536 0.747076
0.2229 3.82557 3.55601	0 15.0665 0.792388
0.223145 3.57583 3.56071	0 11.7642 0.832042
0.223389 3.12994 3.56347	0 13.9883 0.867088
0.223633 3.57975 3.5646	0 11.4087 0.899005
0.223877 3.23654 3.56461	0 6.96134 0.928654
0.224121 3.88597 3.56408	0 15.3377 0.955493
0.224365 3.6676 3.56347	0 15.8127 0.977451
0.224609 4.03437 3.56305	0 11.6763 0.991589
0.224854 3.32992 3.56278	0 11.1039 0.995271
0.225098 3.31379 3.56229	0 11.8879 0.987269
0.225342 2.82531 3.56095	0 6.89356 0.968287
0.225586 3.40658 3.55792	0 15.2942 0.940693
0.22583 4.67176 3.55232	0 22.5504 0.90773
0.226074 3.60708 3.54345	0 18.5894 0.872675
0.226318 3.55177 3.53098	0 12.0701 0.838382
0.226562 3.41763 3.51507	0 11.696 0.80729
0.226807 3.90755 3.49642	0 19.9444 0.781673
0.227051 3.48342 3.47621	0 10.3411 0.763743
0.227295 3.52762 3.4559	0 12.1553 0.755355
0.227539 2.78251 3.43703	0 7.3868 0.757375
0.227783 3.47061 3.42098	0 14.0284 0.769099
0.228027 3.13787 3.40877	0 9.61023 0.788181
0.228271 3.01643 3.40103	0 9.61637 0.811285
0.228516 4.02837 3.39795	0 15.6703 0.835275
0.22876 3.31033 3.39936	0 12.2413 0.858358
0.229004 2.96695 3.40479	0 7.26704 0.880581
0.229248 4.05364 3.41354	0 15.2574 0.903365
0.229492 3.09708 3.42465	0 8.52398 0.928233
0.229736 3.46764 3.43694	0 12.5483 0.955312
0.22998 3.27312 3.44901	0 12.8123 0.982309
0.230225 2.70278 3.45928	0 8.15244 1.00449
0.230469 3.48899 3.46615	0 10.0034 1.01582
0.230713 4.61614 3.46821	0 27.1981 1.01088
0.230957 3.77673 3.46449	0 13.1919 0.986981
0.231201 3.45513 3.45467	0 12.2955 0.945585
0.231445 3.56785 3.43919	0 11.0347 0.892423
0.231689 3.53723 3.4192	0 13.4293 0.836188
0.231934 3.31843 3.39645	0 9.0684 0.786141
0.232178 3.32781 3.37294	0 7.94522 0.749509
0.232422 3.08309 3.35066	0 8.15817 0.729639
0.232666 2.71301 3.33125	0 5.4193 0.725573
0.23291 3.7229 3.31581	0 23.0199 0.733061
0.233154 3.33041 3.30484	0 11.2391 0.746412
0.233398 3.06048 3.29827	0 10.0941 0.7603
0.233643 2.78816 3.29562	0 10.5321 0.77087
0.233887 3.53001 3.29623	0 10.8639 0.775972
0.234131 3.67412 3.2994	0 10.897 0.774876
0.234375 3.85972 3.30457	0 9.42346 0.767908
0.234619 2.84499 3.31135	0 7.73285 0.756257
0.234863 3.07757 3.31949	0 10.5762 0.741842
0.235107 3.12872 3.32883	0 11.2757 0.726988
0.235352 3.30632 3.33914	0 9.01507 0.713763
0.235596 3.34055 3.35012	0 8.33499 0.703198
0.23584 3.56426 3.36135	0 11.1466 0.694779
0.236084 3.41844 3.37236	0 13.8756 0.686637
0.236328 3.39887 3.38271	0 11.202 0.676429
0.236572 3.38391 3.3921	0 11.7312 0.662568
0.236816 3.17902 3.40048	0 10.5465 0.6452
0.237061 4.01508 3.40802	0 15.863 0.626458
0.237305 3.28342 3.41511	0 10.0061 0.609841
0.237549 3.58886 3.42223	0 10.5826 0.59895
0.237793 2.9628 3.4298	0 8.73448 0.596052
0.238037 3.48696 3.43803	0 9.16942 0.601029
0.238281 2.86373 3.44679	0 6.67386 0.611181
0.238525 3.86592 3.45555	0 19.1891 0.62203
0.23877 3.5928 3.46345	0 11.6948 0.62889
0.239014 3.66932 3.46936	0 11.3584 0.628628
0.239258 3.22992 3.47212	0 11.2445 0.620929
0.239502 3.44105 3.4707	0 11.4841 0.6086
0.239746 3.81969 3.46441	0 14.5196 0.59677
0.23999 3.7263 3.45308	0 10.2018 0.591271
0.240234 3.49613 3.43709	0 10.3984 0.596746
0.240479 3.49482 3.41737	0 11.1514 0.615076
0.240723 3.53867 3.39528	0 10.3135 0.644654
0.240967 3.49688 3.37238	0 9.49646 0.680742
0.241211 3.00018 3.3503	0 9.02507 0.716791
0.241455 2.70416 3.33045	0 5.24101 0.746324
0.241699 3.13457 3.31394	0 9.07114 0.76478
0.241943 3.70975 3.30149	0 12.4292 0.77073
0.242188 3.56694 3.29343	0 15.0189 0.766083
0.242432 3.13837 3.28975	0 9.19227 0.755228
0.242676 2.97115 3.29017	0 7.80117 0.743436
0.24292 2.94066 3.29422	0 8.84321 0.735125
0.243164 3.81836 3.30132	0 19.3429 0.732621
0.243408 3.26873 3.31071	0 12.4296 0.73583
0.243652 2.92248 3.32155	0 9.50664 0.742776
0.243896 3.53594 3.33289	0 14.3644 0.750641
0.244141 3.45275 3.3437	0 10.3592 0.756797
0.244385 2.85823 3.35292	0 7.3917 0.759457
0.244629 3.95261 3.35958	0 16.5589 0.757858
0.244873 3.39292 3.36286	0 9.85436 0.752077
0.245117 3.46086 3.36224	0 12.0812 0.742685
0.245361 3.46394 3.35753	0 12.8077 0.730441
0.245605 3.12002 3.34895	0 11.0003 0.716115
0.24585 3.80423 3.33707	0 15.0632 0.700508
0.246094 3.46515 3.32277	0 12.9976 0.684607
0.246338 3.08622 3.30712	0 7.5811 0.669752
0.246582 3.00772 3.29124	0 9.52236 0.657619
0.246826 3.36139 3.27617	0 7.64138 0.649951
0.24707 3.10071 3.2628	0 7.49167 0.648102
0.247314 3.39673 3.25174	0 8.33263 0.652603
0.247559 3.03683 3.24336	0 9.8458 0.662985
0.247803 3.33741 3.23774	0 11.0224 0.677901
0.248047 3.25198 3.23475	0 11.2274 0.695406
0.248291 3.00058 3.2341	0 8.51127 0.713208
0.248535 3.31691 3.23538	0 11.4275 0.728817
0.248779 3.08169 3.23814	0 9.71462 0.739688
0.249023 3.35024 3.24195	0 11.196 0.743462
0.249268 3.24521 3.24642	0 14.7472 0.738368
0.249512 3.46763 3.25126	0 10.9013 0.72365
0.249756 3.16333 3.25624	0 9.45432 0.69988
0.25 3.422 3.26122	0 11.5356 0.669041
0.250244 2.80386 3.26609	0 5.36724 0.634374
0.250488 3.34454 3.27076	0 15.9823 0.59998
0.250732 3.44584 3.27511	0 10.064 0.570176
0.250977 3.35775 3.27901	0 13.2414 0.548664
0.251221 3.28439 3.2823	0 8.84701 0.537702
0.251465 3.02613 3.28483	0 7.8987 0.537572
0.251709 3.66593 3.28644	0 14.5403 0.546623
0.251953 3.12964 3.28701	0 11.3829 0.561935
0.252197 3.35202 3.28648	0 11.3466 0.580344
0.252441 3.03516 3.28483	0 7.719 0.59943
0.252686 3.73322 3.28213	0 10.2613 0.618003
0.25293 3.13576 3.27847	0 12.085 0.635936
0.253174 3.10994 3.27403	0 8.66204 0.653422
0.253418 3.511 3.269	0 11.0634 0.670097
0.253662 3.09468 3.26356	0 10.4634 0.684484
0.253906 3.37971 3.25788	0 12.1675 0.694137
0.25415 3.07215 3.25204	0 8.24917 0.696456
0.254395 3.56045 3.24604	0 13.8788 0.68982
0.254639 3.09101 3.23976	0 8.54309 0.674439
0.254883 2.89803 3.23296	0 8.45463 0.652478
0.255127 3.13096 3.22538	0 12.0929 0.627334
0.255371 3.94117 3.21674	0 11.4072 0.602413
0.255615 3.00828 3.20688	0 7.78421 0.579972
0.255859 2.98101 3.19583	0 9.83468 0.560594
0.256104 3.2956 3.18385	0 13.8031 0.543463
0.256348 3.29065 3.17147	0 11.2009 0.527216
0.256592 3.43877 3.15941	0 8.2832 0.510873
0.256836 3.37988 3.14852	0 10.8265 0.494358
0.25708 2.29587 3.13967	0 4.91299 0.478449
0.257324 2.98499 3.1336	0 7.00224 0.464322
0.257568 2.94951 3.13089	0 7.89826 0.453039
0.257812 3.52919 3.13184	0 10.5511 0.445295
0.258057 3.29824 3.13654	0 8.68473 0.441455
0.258301 2.84853 3.14484	0 8.46858 0.441782
0.258545 3.01885 3.15638	0 7.61944 0.446631
0.258789 3.26759 3.17063	0 9.48872 0.456491
0.259033 3.17059 3.18693	0 9.6888 0.471857
0.259277 3.21364 3.20448	0 9.79755 0.492995
0.259521 2.87923 3.22245	0 6.37326 0.519727
0.259766 3.22275 3.23998	0 9.35458 0.551343
0.26001 3.50341 3.25634	0 11.4682 0.586747
0.260254 3.42506 3.27098	0 10.8259 0.624769
0.260498 3.46914 3.28361	0 9.66645 0.664471
0.260742 3.5159 3.29418	0 9.83391 0.705177
0.260986 3.37032 3.30285	0 9.6842 0.746121
0.26123 3.00346 3.30982	0 9.04531 0.785862
0.261475 3.23713 3.31523	0 10.5134 0.821828
0.261719 3.00322 3.31905	0 9.21465 0.85035
0.261963 3.11313 3.32102	0 17.4038 0.867299
0.262207 3.77722 3.32073	0 11.1589 0.86914
0.262451 3.735 3.31769	0 19.2476 0.854002
0.262695 3.09945 3.31152	0 8.58021 0.822327
0.262939 3.64126 3.30211	0 16.9516 0.77685
0.263184 3.45635 3.28968	0 14.4126 0.721898
0.263428 2.99561 3.27483	0 7.65935 0.662321
0.263672 3.27882 3.25846	0 12.3101 0.602503
0.263916 3.08765 3.24169	0 9.53691 0.545889
0.26416 3.04732 3.22567	0 9.63202 0.495187
0.264404 3.88006 3.21146	0 12.4839 0.452964
0.264648 2.88287 3.19987	0 7.66531 0.422129
0.264893 2.75593 3.19141	0 5.00532 0.4058
0.265137 3.04768 3.18623	0 7.56197 0.406488
0.265381 3.19378 3.18415	0 8.24421 0.424934
0.265625 3.43316 3.18475	0 11.0869 0.459228
0.265869 2.81631 3.18743	0 6.27144 0.504669
0.266113 3.33548 3.19153	0 12.3955 0.55452
0.266357 3.59219 3.19641	0 11.4094 0.60139
0.266602 3.01667 3.20152	0 9.50372 0.638788
0.266846 3.52521 3.2064	0 15.7523 0.662362
0.26709 2.76214 3.21068	0 7.05782 0.670528
0.267334 2.99373 3.21414	0 10.353 0.664387
0.267578 3.21907 3.2167	0 7.57736 0.647036
0.267822 3.32336 3.21846	0 9.36201 0.622574
0.268066 3.62521 3.21973	0 12.7583 0.595131
0.268311 3.49849 3.22106	0 12.9367 0.568234
0.268555 3.02225 3.22307	0 11.8565 0.544653
0.268799 3.42288 3.2264	0 12.2507 0.526565
0.269043 3.0039 3.23145	0 9.20086 0.515757
0.269287 2.68912 3.23826	0 4.82295 0.513544
0.269531 2.58786 3.24639	0 4.80736 0.5204
0.269775 3.37824 3.25492	0 13.3259 0.535522
0.27002 3.57739 3.26264	0 11.3062 0.556635
0.270264 4.27547 3.26825	0 15.0086 0.580235
0.270508 3.21716 3.27063	0 9.75756 0.602208
0.270752 3.02778 3.26904	0 9.94231 0.618665
0.270996 3.13317 3.26326	0 7.7585 0.626759
0.27124 3.83768 3.25351	0 16.009 0.625317
0.271484 3.29059 3.24038	0 11.7983 0.615052
0.271729 2.6945 3.22464	0 7.12038 0.598282
0.271973 3.03615 3.20709	0 7.95775 0.578224
0.272217 3.08176 3.18845	0 7.29427 0.558152
0.272461 3.46881 3.1694	0 13.5145 0.540695
0.272705 3.4629 3.15056	0 8.85844 0.527428
0.272949 3.12738 3.13261	0 8.48448 0.518706
0.273193 3.10875 3.11634	0 8.48046 0.513689
0.273438 2.96423 3.10257	0 10.6716 0.510605
0.273682 2.93747 3.09209	0 15.2838 0.507318
0.273926 3.20757 3.08547	0 10.273 0.502138
0.27417 2.74448 3.08293	0 6.36639 0.494555
0.274414 2.82334 3.0842	0 5.38106 0.485533
0.274658 2.84811 3.08848	0 5.35096 0.477135
0.274902 3.01622 3.09458	0 9.57339 0.471621
0.275146 3.37351 3.1011	0 9.53896 0.470446
0.275391 3.61428 3.10667	0 12.6711 0.473621
0.275635 2.87826 3.11025	0 7.6818 0.47975
0.275879 3.67964 3.11136	0 12.7555 0.486743
0.276123 2.90153 3.11008	0 8.95654 0.49294
0.276367 2.98032 3.10714	0 8.03272 0.49817
0.276611 3.23412 3.10366	0 9.51367 0.504269
0.276855 3.10808 3.10094	0 6.93941 0.514713
0.2771 2.93555 3.10016	0 7.33066 0.533367
0.277344 2.97302 3.10218	0 8.34175 0.562715
0.277588 2.95509 3.10728	0 6.1323 0.602265
0.277832 2.57464 3.11519	0 4.92529 0.647863
0.278076 3.19983 3.12512	0 10.5993 0.692383
0.27832 3.29372 3.13595	0 7.90394 0.727718
0.278564 3.62505 3.14642	0 14.0087 0.747387
0.278809 3.36192 3.15545	0 13.4331 0.748717
0.279053 2.95182 3.16225	0 8.37371 0.73369
0.279297 3.34135 3.16648	0 10.5393 0.708124
0.279541 3.05866 3.16822	0 7.96878 0.679599
0.279785 2.99496 3.16791	0 9.46948 0.65505
0.280029 3.42256 3.16615	0 10.5652 0.638943
0.280273 3.31558 3.16355	0 10.9419 0.632554
0.280518 3.18247 3.16052	0 6.59028 0.634327
0.280762 2.7723 3.15718	0 9.27178 0.640935
0.281006 2.99938 3.15327	0 9.12389 0.648539
0.28125 3.04432 3.14828	0 5.65398 0.653891
0.281494 3.01006 3.14159	0 9.48194 0.655063
0.281738 3.62563 3.13265	0 13.4832 0.651727
0.281982 3.39288 3.12121	0 9.15077 0.64499
0.282227 3.63947 3.10739	0 14.4755 0.636918
0.282471 3.14273 3.0918	0 9.00123 0.629908
0.282715 2.52143 3.07533	0 7.79378 0.626125
0.282959 2.94013 3.05901	0 6.58895 0.627089
0.283203 3.03578 3.0438	0 10.2324 0.633412
0.283447 2.52424 3.03035	0 4.74902 0.64461
0.283691 3.08775 3.01893	0 11.317 0.65898
0.283936 3.21142 3.00941	0 10.6524 0.673611
0.28418 2.99813 3.00139	0 10.6836 0.684702
0.284424 3.19175 2.99434	0 10.3985 0.688249
0.284668 2.90667 2.98779	0 9.9434 0.681043
0.284912 3.21067 2.9814	0 9.69277 0.661668
0.285156 2.99831 2.97505	0 12.1605 0.631099
0.2854 2.73904 2.96884	0 6.10549 0.592604
0.285645 2.73549 2.96297	0 6.72193 0.550916
0.285889 3.04865 2.95776	0 8.75902 0.51103
0.286133 2.87781 2.95349	0 6.86597 0.477112
0.286377 2.85901 2.95043	0 6.30007 0.451952
0.286621 3.46618 2.94875	0 12.0796 0.437027
0.286865 2.96796 2.94849	0 6.26488 0.432887
0.287109 2.5709 2.94952	0 5.88392 0.439427
0.287354 2.97743 2.9515	0 7.24987 0.455771
0.287598 2.6528 2.95383	0 5.42604 0.479869
0.287842 2.7828 2.95573	0 7.26126 0.508226
0.288086 3.16063 2.95632	0 7.94411 0.536202
0.28833 2.95306 2.9547	0 9.94675 0.558982
0.288574 3.60935 2.9502	0 10.737 0.572849
0.288818 2.90984 2.94245	0 7.40537 0.57616
0.289062 3.22242 2.93151	0 10.385 0.569511
0.289307 2.65523 2.91785	0 5.92099 0.555081
0.289551 2.69749 2.90233	0 4.92906 0.535568
0.289795 3.06546 2.88606	0 8.4096 0.513331
0.290039 2.60237 2.8703	0 6.75125 0.490106
0.290283 2.77321 2.85628	0 7.61914 0.467294
0.290527 3.1732 2.84514	0 9.79969 0.446435
0.290771 2.70841 2.83781	0 5.77027 0.429435
0.291016 2.81267 2.83495	0 9.03298 0.418316
0.29126 2.60806 2.83686	0 6.2423 0.414589
0.291504 2.56318 2.84346	0 3.38542 0.418627
0.291748 2.83155 2.85425	0 8.35028 0.429463
0.291992 2.7497 2.86835	0 7.0769 0.445194
0.292236 2.98196 2.88456	0 8.23254 0.4638
0.29248 2.83679 2.90154	0 8.43723 0.483893
0.292725 2.7421 2.91797	0 6.57941 0.504952
0.292969 3.29339 2.93275	0 10.333 0.526908
0.293213 3.5863 2.94514	0 9.5534 0.549402
0.293457 2.76848 2.95486	0 9.28697 0.571216
0.293701 2.83385 2.96206	0 8.08244 0.590311
0.293945 2.81539 2.96725	0 8.51153 0.604467
0.294189 3.00836 2.9711	0 9.01952 0.61217
0.294434 3.30772 2.97434	0 13.1098 0.613227
0.294678 2.63763 2.9775	0 4.45678 0.608773
0.294922 2.80316 2.98086	0 7.43587 0.600701
0.295166 2.744 2.98441	0 6.71986 0.590795
0.29541 3.41554 2.98786	0 9.13325 0.580001
0.295654 2.99864 2.99075	0 8.39414 0.568142
0.295898 3.0934 2.99257	0 10.0594 0.554165
0.296143 2.70005 2.99288	0 9.02528 0.536799
0.296387 3.30043 2.99142	0 10.7746 0.515329
0.296631 3.37706 2.9881	0 12.0874 0.49015
0.296875 2.6636 2.98307	0 12.3138 0.462879
0.297119 2.85991 2.97657	0 6.89103 0.435996
0.297363 3.05356 2.96897	0 9.25024 0.412226
0.297607 2.90806 2.96062	0 9.24511 0.393894
0.297852 2.96716 2.95184	0 7.89887 0.382468
0.298096 2.91251 2.94291	0 7.48181 0.378329
0.29834 3.14434 2.93406	0 8.60559 0.380753
0.298584 2.47125 2.9255	0 5.97288 0.38808
0.298828 3.40483 2.91746	0 8.81764 0.398034
0.299072 2.87747 2.91018	0 8.48176 0.408172
0.299316 2.86209 2.9039	0 11.1266 0.416358
0.299561 2.70397 2.89885	0 9.80818 0.42115
0.299805 2.74142 2.89519	0 5.96065 0.422044
0.300049 2.79242 2.89302	0 9.69497 0.41955
0.300293 2.99964 2.89232	0 10.466 0.415105
0.300537 3.32341 2.89297	0 10.0544 0.41076
0.300781 2.69766 2.89475	0 7.02844 0.408602
0.301025 2.66529 2.89744	0 6.1508 0.409996
0.30127 2.66802 2.90079	0 8.74942 0.414935
0.301514 2.93711 2.90464	0 5.61984 0.421891
0.301758 3.14171 2.90887	0 14.2685 0.428372
0.302002 2.97933 2.91347	0 6.36025 0.432026
0.302246 3.60227 2.91842	0 10.5066 0.431763
0.30249 2.43899 2.92366	0 6.04349 0.428327
0.302734 2.56646 2.92893	0 5.72951 0.424019
0.302979 2.53982 2.9338	0 5.50027 0.42177
0.303223 2.94329 2.93758	0 8.49303 0.424033
0.303467 3.42982 2.93949	0 11.1141 0.431981
0.303711 2.81693 2.93877	0 7.49484 0.445216
0.303955 3.25356 2.93488	0 10.9187 0.46196
0.304199 3.24713 2.92772	0 9.88719 0.479582
0.304443 3.13444 2.9177	0 10.9028 0.495342
0.304688 2.87725 2.90575	0 10.8104 0.507244
0.304932 2.56485 2.89328	0 9.20325 0.514821
0.305176 2.64114 2.88198	0 9.06773 0.51951
0.30542 2.92018 2.87357	0 9.6077 0.524386
0.305664 2.73971 2.86968	0 5.50459 0.533161
0.305908 2.82105 2.87157	0 7.90438 0.548747
0.306152 2.86399 2.88004	0 8.1543 0.571899
0.306396 2.85253 2.89533	0 5.23663 0.60052
0.306641 2.5423 2.91705	0 5.95534 0.630006
0.306885 2.72495 2.94415	0 7.13316 0.654586
0.307129 3.12036 2.97497	0 8.9368 0.669213
0.307373 2.98517 3.0073	0 14.052 0.671266
0.307617 2.71452 3.03858	0 5.41668 0.661342
0.307861 3.25229 3.06606	0 9.11337 0.642793
0.308105 3.58082 3.08715	0 11.4047 0.620207
0.30835 3.11201 3.0997	0 9.81887 0.597558
0.308594 3.43475 3.10228	0 9.48176 0.576873
0.308838 3.58948 3.09445	0 15.5645 0.557989
0.309082 3.14493 3.07678	0 8.69532 0.53938
0.309326 3.13026 3.05091	0 8.71098 0.519486
0.30957 3.35345 3.01925	0 9.07462 0.49782
0.309814 2.82221 2.98477	0 7.42678 0.475329
0.310059 2.83216 2.95054	0 4.7865 0.453977
0.310303 2.65738 2.91937	0 6.48434 0.435886
0.310547 2.3295 2.89344	0 3.99344 0.422523
0.310791 2.86087 2.87407	0 6.06095 0.414297
0.311035 2.73182 2.86161	0 7.21876 0.410657
0.311279 2.86913 2.85554	0 9.0409 0.410532
0.311523 2.49178 2.85463	0 5.60517 0.412843
0.311768 3.25029 2.85728	0 11.7972 0.416881
0.312012 2.74616 2.86179	0 8.02346 0.422453
0.312256 2.70263 2.86675	0 5.9267 0.429823
0.3125 3.54443 2.87118	0 9.61158 0.439529
0.312744 2.90247 2.8747	0 10.1221 0.452084
0.312988 2.96296 2.87741	0 6.53272 0.467591
0.313232 2.6774 2.87978	0 6.55477 0.48535
0.313477 2.97047 2.88241	0 8.74258 0.503638
0.313721 2.42588 2.88578	0 6.13737 0.519846
0.313965 2.59002 2.89006	0 5.43535 0.531067
0.314209 3.10695 2.89506	0 8.67695 0.534927
0.314453 2.70139 2.90024	0 7.24885 0.530344
0.314697 3.0693 2.90482	0 9.63596 0.517905
0.314941 3.46613 2.90802	0 11.9986 0.499743
0.315186 3.02892 2.90919	0 6.37762 0.479022
0.31543 2.73051 2.90792	0 7.11116 0.459251
0.315674 2.98718 2.90411	0 6.58105 0.443583
0.315918 2.67151 2.8979	0 5.57798 0.434166
0.316162 3.04085 2.88966	0 7.74738 0.431607
0.316406 2.74631 2.87982	0 7.6792 0.434647
0.31665 2.8206 2.86887	0 5.14377 0.44024
0.316895 2.79034 2.85729	0 6.27985 0.444226
0.317139 3.41264 2.8456	0 12.3651 0.442527
0.317383 2.70787 2.8343	0 11.3049 0.432552
0.317627 2.85974 2.82395	0 7.89696 0.414226
0.317871 2.30012 2.81509	0 3.94257 0.390201
0.318115 2.84675 2.80829	0 8.03897 0.365074
0.318359 2.79401 2.80403	0 8.19326 0.343919
0.318604 2.99227 2.80267	0 8.48522 0.330695
0.318848 2.77456 2.80439	0 8.41824 0.327128
0.319092 2.83308 2.80921	0 6.42006 0.332424
0.319336 2.37314 2.81692	0 5.62313 0.34381
0.31958 2.68952 2.82715	0 5.55626 0.35765
0.319824 2.74386 2.8394	0 7.38317 0.37069
0.320068 3.42571 2.85313	0 8.12075 0.38102
0.320312 2.78761 2.86774	0 7.60789 0.38846
0.320557 2.81073 2.88269	0 6.67853 0.394272
0.320801 3.01271 2.89745	0 8.40983 0.400355
0.321045 2.74466 2.91151	0 6.52675 0.408221
0.321289 2.89955 2.92436	0 8.46059 0.418175
0.321533 2.79348 2.93549	0 6.88553 0.429015
0.321777 3.12414 2.94441	0 9.39941 0.438403
0.322021 2.90396 2.95066	0 9.87467 0.443766
0.322266 3.11271 2.95395	0 10.9726 0.44336
0.32251 3.39427 2.95413	0 11.4918 0.43703
0.322754 2.97307 2.95131	0 7.99528 0.426349
0.322998 2.82526 2.94583	0 6.63378 0.414098
0.323242 2.56075 2.93825	0 5.79404 0.403361
0.323486 3.10667 2.9293	0 8.65042 0.396648
0.32373 3.13539 2.91976	0 12.2166 0.395347
0.323975 2.93168 2.91043	0 7.18682 0.399601
0.324219 2.57128 2.902	0 6.83612 0.408508
0.324463 3.30333 2.89502	0 13.9411 0.420488
0.324707 2.49899 2.88985	0 4.98325 0.433709
0.324951 2.94401 2.88669	0 8.42876 0.44649
0.325195 2.51268 2.88557	0 6.05557 0.457637
0.325439 2.86069 2.88647	0 9.62796 0.466672
0.325684 3.08225 2.88936	0 9.12719 0.47389
0.325928 3.27393 2.89424	0 8.70981 0.480264
0.326172 2.84443 2.90116	0 7.90737 0.487195
0.326416 2.89889 2.91016	0 7.36703 0.496116
0.32666 2.83467 2.9212	0 7.37862 0.508018
0.326904 2.46961 2.93404	0 7.89688 0.523026
0.327148 2.76365 2.9482	0 4.73786 0.540264
0.327393 2.76083 2.96296	0 6.97956 0.558175
0.327637 3.186 2.9774	0 8.92088 0.575289
0.327881 3.7138 2.99059	0 14.2555 0.591086
0.328125 2.79537 3.00169	0 5.90806 0.606432
0.328369 3.42719 3.01014	0 12.191 0.623144
0.328613 2.7307 3.01569	0 7.47211 0.642737
0.328857 3.01066 3.01841	0 9.88385 0.664891
0.329102 2.96844 3.01867	0 10.2745 0.686513
0.329346 2.90858 3.01702	0 9.98519 0.702074
0.32959 3.09891 3.01413	0 9.89215 0.705318
0.329834 3.12383 3.01069	0 10.2769 0.691738
0.330078 2.98314 3.00734	0 10.2439 0.660761
0.330322 3.21701 3.00465	0 11.653 0.616608
0.330566 2.99226 3.00304	0 11.091 0.567348
0.330811 2.669 3.00278	0 7.36578 0.522497
0.331055 2.83019 3.00393	0 6.51068 0.490142
0.331299 2.97083 3.00634	0 6.78786 0.474771
0.331543 2.73305 3.0097	0 7.35466 0.476593
0.331787 3.73452 3.01361	0 12.8475 0.492362
0.332031 2.93024 3.01764	0 7.26292 0.517073
0.332275 2.91206 3.02145	0 8.1296 0.545664
0.33252 3.04239 3.02485	0 7.08458 0.574067
0.332764 2.79616 3.02785	0 8.91518 0.599517
0.333008 3.46194 3.03058	0 13.8865 0.620384
0.333252 3.00126 3.03331	0 8.41095 0.635914
0.333496 2.78414 3.03627	0 6.83454 0.646067
0.33374 3.17379 3.03963	0 11.3503 0.651428
0.333984 2.78614 3.0434	0 7.45608 0.653084
0.334229 3.1474 3.04743	0 11.1315 0.652403
0.334473 2.88579 3.05143	0 9.37981 0.650788
0.334717 3.05238 3.05508	0 7.68679 0.649463
0.334961 3.13911 3.05812	0 10.0061 0.649327
0.335205 3.2918 3.0604	0 13.1772 0.650796
0.335449 3.5891 3.06191	0 10.2429 0.653629
0.335693 2.89704 3.06274	0 8.26207 0.656803
0.335938 2.66454 3.06294	0 7.31927 0.658597
0.336182 3.01349 3.06245	0 9.49055 0.656985
0.336426 2.69908 3.06097	0 6.73676 0.650288
0.33667 3.34212 3.05801	0 10.4379 0.637849
0.336914 2.4625 3.05294	0 6.27966 0.620402
0.337158 3.81666 3.04517	0 11.2913 0.599942
0.337402 3.55412 3.03434	0 12.1526 0.57909
0.337646 3.32443 3.02047	0 9.2246 0.560161
0.337891 2.71508 3.00403	0 5.00081 0.544325
0.338135 2.66124 2.98589	0 5.98501 0.531253
0.338379 2.72723 2.96722	0 8.34651 0.519446
0.338623 3.49663 2.9492	0 11.0333 0.507131
0.338867 2.5774 2.93288	0 6.12999 0.493225
0.339111 2.64716 2.91902	0 7.0546 0.477848
0.339355 3.08699 2.90796	0 10.6865 0.462104
0.3396 2.58204 2.89969	0 6.6341 0.447346
0.339844 2.76455 2.89396	0 7.67879 0.434429
0.340088 3.171 2.89036	0 15.601 0.423429
0.340332 3.12858 2.88853	0 7.79557 0.413917
0.340576 2.91703 2.88817	0 10.2772 0.405518
0.34082 2.87402 2.88915	0 7.55499 0.398379
0.341064 2.65815 2.89138	0 7.79093 0.393274
0.341309 2.73215 2.89479	0 6.97795 0.391339
0.341553 2.95572 2.89914	0 6.1836 0.393608
0.341797 2.87027 2.90401	0 8.30877 0.400528
0.342041 2.71443 2.90873	0 6.44015 0.411649
0.342285 3.01213 2.91242	0 6.26607 0.425596
0.342529 3.04053 2.91414	0 8.07187 0.440399
0.342773 3.27318 2.91299	0 13.9265 0.454104
0.343018 2.731 2.9083	0 6.43043 0.465437
0.343262 2.91097 2.89976	0 8.68847 0.474209
0.343506 3.11448 2.88751	0 7.65183 0.481206
0.34375 3.17445 2.8722	0 12.4479 0.487619
0.343994 2.6948 2.85486	0 6.08208 0.494281
0.344238 2.90313 2.83688	0 10.5724 0.501147
0.344482 2.56994 2.81975	0 6.71506 0.507288
0.344727 2.73991 2.80496	0 7.18974 0.511407
0.344971 2.8206 2.79376	0 10.9342 0.512573
0.345215 2.71586 2.78701	0 6.58114 0.510811
0.345459 2.46913 2.78506	0 6.96236 0.507243
0.345703 2.64307 2.78778	0 8.10172 0.50375
0.345947 2.69684 2.79448	0 7.90452 0.502333
0.346191 2.83552 2.80414	0 6.96443 0.504452
0.346436 3.00726 2.81544	0 9.07085 0.510583
0.34668 2.77979 2.82705	0 8.62531 0.520078
0.346924 2.78362 2.83776	0 7.1712 0.531322
0.347168 3.15717 2.84663	0 8.16293 0.542132
0.347412 2.74565 2.85314	0 7.5244 0.550295
0.347656 3.03877 2.85716	0 10.0886 0.554153
0.3479 3.17256 2.85899	0 10.6496 0.553035
0.348145 2.80176 2.8592	0 7.25297 0.547408
0.348389 2.25721 2.85858	0 4.13679 0.538645
0.348633 3.04806 2.85792	0 11.3393 0.528541
0.348877 3.11116 2.85797	0 7.04549 0.518811
0.349121 2.47207 2.85925	0 6.75197 0.51077
0.349365 3.1293 2.86207	0 10.0053 0.505246
0.349609 2.69559 2.86639	0 8.73879 0.502586
0.349854 2.73462 2.87193	0 8.59188 0.502607
0.350098 2.92668 2.87815	0 8.60535 0.504468
0.350342 3.29556 2.88433	0 8.53537 0.506623
0.350586 2.13825 2.88968	0 4.86723 0.50704
0.35083 3.00669 2.89351	0 7.84805 0.503731
0.351074 3.16187 2.89528	0 10.8086 0.495435
0.351318 3.51962 2.89474	0 12.0553 0.482137
0.351562 2.89141 2.89198	0 8.53339 0.465169
0.351807 2.78268 2.88743	0 6.3819 0.446842
0.352051 2.50586 2.88173	0 5.49482 0.42978
0.352295 2.97875 2.87569	0 7.7927 0.41626
0.352539 2.64789 2.87006	0 7.37345 0.407821
0.352783 3.18089 2.86547	0 9.09606 0.405196
0.353027 2.85814 2.8623	0 8.34772 0.408436
0.353271 2.40564 2.86063	0 6.42935 0.416994
0.353516 3.14078 2.86027	0 7.41805 0.429653
0.35376 2.72188 2.86083	0 6.30877 0.444407
0.354004 2.68282 2.86183	0 6.58402 0.458529
0.354248 3.07404 2.86279	0 8.89824 0.469018
0.354492 3.12595 2.86338	0 14.746 0.473395
0.354736 2.97259 2.86347	0 9.56232 0.470503
0.35498 2.68086 2.86318	0 6.94854 0.460925
0.355225 2.61099 2.86288	0 6.38741 0.446761
0.355469 2.99431 2.86308	0 9.01906 0.430837
0.355713 3.30872 2.86433	0 7.24371 0.41571
0.355957 2.48203 2.86709	0 4.20378 0.402928
0.356201 2.77775 2.87158	0 9.11012 0.392845
0.356445 2.62804 2.8777	0 5.30104 0.385023
0.356689 2.82341 2.88497	0 7.40317 0.378961
0.356934 2.85001 2.89261	0 8.21566 0.374729
0.357178 3.09794 2.89963	0 8.8148 0.373153
0.357422 2.93447 2.90502	0 7.05927 0.375417
0.357666 3.15328 2.90787	0 8.74354 0.382255
0.35791 3.01642 2.90764	0 10.3154 0.39316
0.358154 3.01194 2.90418	0 8.54364 0.406035
0.358398 2.86962 2.8978	0 6.95408 0.417573
0.358643 3.0076 2.88923	0 11.4178 0.42429
0.358887 2.61398 2.87949	0 6.09343 0.423826
0.359131 3.11919 2.86974	0 11.4079 0.415973
0.359375 2.64311 2.8611	0 8.14445 0.402949
0.359619 3.15356 2.85445	0 9.53956 0.388712
0.359863 2.11409 2.85035	0 3.45015 0.377564
0.360107 2.92431 2.84898	0 5.88536 0.372584
0.360352 2.85502 2.85013	0 7.66951 0.374582
0.360596 3.01549 2.85329	0 10.2829 0.382017
0.36084 2.5714 2.85776	0 7.80148 0.391896
0.361084 3.34244 2.8628	0 11.7736 0.40118
0.361328 2.33255 2.86774	0 6.21358 0.408039
0.361572 3.4967 2.87199	0 9.00271 0.412396
0.361816 2.78553 2.87513	0 4.38725 0.415601
0.362061 2.9512 2.87679	0 6.89655 0.419472
0.362305 2.85116 2.87666	0 6.24415 0.425198
0.362549 2.52396 2.87435	0 6.44921 0.432597
0.362793 2.65408 2.86947	0 5.98484 0.440036
0.363037 2.98943 2.86166	0 9.89706 0.44501
0.363281 3.11032 2.85068	0 10.1372 0.445145
0.363525 3.56321 2.83656	0 16.5797 0.439171
0.36377 2.79457 2.81967	0 10.2687 0.427473
0.364014 2.54349 2.8008	0 6.54491 0.412002
0.364258 2.96426 2.78104	0 10.0072 0.395614
0.364502 2.35028 2.76172	0 4.81701 0.381164
0.364746 2.55365 2.74422	0 5.67144 0.370736
0.36499 2.91313 2.72975	0 8.39078 0.365294
0.365234 2.63677 2.71925	0 6.47719 0.364771
0.365479 2.63297 2.71323	0 9.97196 0.368444
0.365723 2.50325 2.71176	0 5.95397 0.37536
0.365967 2.82462 2.71449	0 9.68578 0.384643
0.366211 2.44497 2.72072	0 6.60254 0.39563
0.366455 2.64831 2.72952	0 7.27712 0.407846
0.366699 2.66812 2.73985	0 6.54934 0.420835
0.366943 3.07027 2.75075	0 11.3195 0.433901
0.367188 3.25571 2.76139	0 7.51869 0.445859
0.367432 2.16137 2.77119	0 4.19801 0.455003
0.367676 3.15778 2.77987	0 11.3331 0.459427
0.36792 2.44176 2.78739	0 4.62828 0.457701
0.368164 3.15744 2.79394	0 13.2781 0.449603
0.368408 2.65027 2.79983	0 5.65535 0.436498
0.368652 2.84189 2.80542	0 9.15721 0.42109
0.368896 2.72083 2.81099	0 5.59194 0.406583
0.369141 2.76512 2.81673	0 10.9357 0.395631
0.369385 2.71583 2.82264	0 6.65135 0.389535
0.369629 3.28408 2.82853	0 10.308 0.388022
0.369873 2.49474 2.83406	0 6.87111 0.389633
0.370117 2.53281 2.83873	0 4.79305 0.392486
0.370361 3.16017 2.84203	0 8.26321 0.395075
0.370605 2.86094 2.84345	0 7.68688 0.396804
0.37085 3.20658 2.84264	0 9.75114 0.398082
0.371094 2.72493 2.83943	0 5.86801 0.40003
0.371338 2.9657 2.83397	0 5.81133 0.403956
0.371582 2.51178 2.82671	0 4.69609 0.41084
0.371826 3.09245 2.81847	0 8.86709 0.420996
0.37207 2.76817 2.81032	0 8.28687 0.433998
0.372314 2.54851 2.80358	0 4.74264 0.448849
0.372559 3.39779 2.79958	0 9.89062 0.464322
0.372803 2.59663 2.79951	0 4.56221 0.479321
0.373047 2.64016 2.80419	0 7.3881 0.493104
0.373291 2.19581 2.81385	0 3.89028 0.505245
0.373535 2.61527 2.82807	0 6.26139 0.515335
0.373779 2.65079 2.84568	0 7.9744 0.522608
0.374023 2.90702 2.865	0 7.73843 0.525781
0.374268 3.22352 2.88398	0 10.4836 0.523289
0.374512 3.05945 2.90058	0 9.60562 0.513904
0.374756 3.12552 2.91304	0 10.6147 0.497444
0.375 3.46792 2.92019	0 9.74861 0.475154
0.375244 2.89682 2.92153	0 8.08349 0.449517
0.375488 2.58425 2.9173	0 7.46111 0.423515
0.375732 3.33952 2.90833	0 8.57332 0.399696
0.375977 2.60155 2.89594	0 6.0037 0.379484
0.376221 2.70355 2.88165	0 8.90923 0.363058
0.376465 2.94388 2.86705	0 6.91349 0.349768
0.376709 3.29412 2.85358	0 9.88242 0.338844
0.376953 2.52754 2.8424	0 5.08207 0.330022
0.377197 2.69938 2.83426	0 5.21609 0.323831
0.377441 2.73143 2.82945	0 6.09986 0.321483
0.377686 2.50444 2.82774	0 7.94249 0.324439
0.37793 2.91952 2.82844	0 7.95047 0.333858
0.378174 2.68059 2.83053	0 6.81165 0.350075
0.378418 2.8594 2.8328	0 6.21516 0.37226
0.378662 3.0165 2.83415	0 11.9327 0.398391
0.378906 2.8759 2.83376	0 7.82086 0.425594
0.37915 3.20131 2.83127	0 7.86404 0.45084
0.379395 3.11238 2.82689	0 10.6257 0.471815
0.379639 2.9712 2.82135	0 10.9962 0.48761
0.379883 2.51446 2.81569	0 6.66185 0.498927
0.380127 2.44284 2.81105	0 4.72045 0.507656
0.380371 2.62027 2.80841	0 10.8048 0.515996
0.380615 2.33229 2.80838	0 5.82688 0.525525
0.380859 3.44636 2.81107	0 18.9472 0.536612
0.381104 2.51028 2.81607	0 5.42718 0.548332
0.381348 3.0918 2.82251	0 17.3116 0.558769
0.381592 2.83052 2.82927	0 8.05451 0.565491
0.381836 2.54104 2.83514	0 7.40457 0.566068
0.38208 2.86166 2.83898	0 7.4989 0.55867
0.382324 3.15205 2.8399	0 10.4375 0.542704
0.382568 3.08703 2.83735	0 10.2682 0.519333
0.382812 3.00323 2.83113	0 7.14239 0.491512
0.383057 2.73263 2.82143	0 5.48992 0.463324
0.383301 2.6973 2.80876	0 5.53142 0.438797
0.383545 2.61922 2.79385	0 5.41665 0.420696
0.383789 2.88493 2.77763	0 10.5413 0.409891
0.384033 3.18549 2.76111	0 12.0116 0.405521
0.384277 2.55487 2.74527	0 5.87098 0.405736
0.384521 2.4894 2.73106	0 6.33659 0.408533
0.384766 2.58222 2.71929	0 5.02979 0.412298
0.38501 2.84689 2.71057	0 8.97826 0.415986
0.385254 2.58789 2.70528	0 6.60571 0.419076
0.385498 2.41788 2.70354	0 6.68581 0.42151
0.385742 3.19469 2.70519	0 13.3195 0.423605
0.385986 2.22817 2.70978	0 5.63849 0.425875
0.38623 2.66278 2.71664	0 8.68216 0.428697
0.386475 2.6143 2.72495	0 7.07111 0.43198
0.386719 2.93902 2.73383	0 6.70399 0.435029
0.386963 2.88016 2.74242	0 7.94245 0.436753
0.387207 2.68756 2.75003	0 7.11756 0.436116
0.387451 2.93003 2.75619	0 7.40118 0.432586
0.387695 2.68454 2.76065	0 5.74428 0.426342
0.387939 2.93 2.76339	0 10.938 0.418198
0.388184 2.84523 2.76453	0 8.14013 0.409364
0.388428 2.65471 2.76426	0 5.90097 0.40122
0.388672 2.6018 2.7627	0 7.67485 0.395183
0.388916 2.71823 2.75991	0 5.70677 0.392597
0.38916 2.73666 2.75587	0 6.17407 0.394517
0.389404 2.87031 2.75053	0 8.29466 0.401349
0.389648 2.65378 2.74391	0 5.40693 0.412483
0.389893 2.90231 2.7362	0 7.33074 0.426179
0.390137 3.29655 2.72786	0 8.44617 0.439916
0.390381 2.50446 2.71952	0 6.6886 0.451165
0.390625 2.56664 2.71202	0 6.37637 0.458252
0.390869 2.47559 2.70615	0 5.32511 0.460854
0.391113 2.72038 2.70257	0 7.01663 0.459808
0.391357 2.38753 2.70161	0 4.8189 0.45635
0.391602 2.59743 2.70321	0 7.2276 0.451232
0.391846 2.70139 2.70695	0 5.97364 0.444279
0.39209 2.89789 2.71211	0 6.86202 0.434653
0.392334 2.82253 2.71785	0 9.85368 0.421656
0.392578 2.51266 2.72339	0 4.26225 0.405573
0.392822 3.02121 2.72816	0 9.87983 0.388033
0.393066 3.19011 2.73191	0 10.6072 0.371692
0.393311 2.20092 2.73472	0 3.68303 0.359399
0.393555 2.80331 2.73694	0 8.47976 0.353267
0.393799 2.70362 2.73908	0 7.24521 0.354052
0.394043 2.89212 2.74172	0 7.16908 0.361032
0.394287 2.65631 2.74537	0 5.25644 0.372349
0.394531 2.44148 2.7504	0 5.12587 0.385619
0.394775 2.58625 2.757	0 6.93898 0.398608
0.39502 3.13765 2.76518	0 7.52135 0.409793
0.395264 2.77379 2.77479	0 7.82378 0.418669
0.395508 2.89689 2.78551	0 6.29561 0.4257
0.395752 2.81963 2.79694	0 9.9502 0.431912
0.395996 2.2351 2.80852	0 4.01844 0.438295
0.39624 3.01285 2.81961	0 7.15218 0.445304
0.396484 2.75062 2.82947	0 5.60945 0.452732
0.396729 3.36048 2.83735	0 10.1167 0.460003
0.396973 2.62159 2.84253	0 9.47654 0.466671
0.397217 3.00053 2.8444	0 6.6064 0.47276
0.397461 2.5131 2.84261	0 7.04201 0.478709
0.397705 3.35551 2.83709	0 11.7546 0.484912
0.397949 3.05097 2.82817	0 7.78488 0.491127
0.398193 2.73161 2.81653	0 7.01804 0.496112
0.398438 2.66945 2.80318	0 7.16537 0.49777
0.398682 2.63232 2.78941	0 7.69667 0.493852
0.398926 3.1515 2.77656	0 9.33209 0.48299
0.39917 2.59216 2.76595	0 7.6798 0.465562
0.399414 2.70633 2.75861	0 5.20777 0.443878
0.399658 2.45606 2.75522	0 3.96506 0.421471
0.399902 2.43772 2.75592	0 5.73705 0.40173
0.400146 2.82698 2.76036	0 9.07902 0.386545
0.400391 2.6257 2.76767	0 9.33374 0.375664
0.400635 2.99757 2.77667	0 8.75655 0.367054
0.400879 2.58909 2.78601	0 6.80923 0.358018
0.401123 3.09627 2.79437	0 11.0746 0.346434
0.401367 2.95636 2.80065	0 6.96359 0.331548
0.401611 2.8585 2.80412	0 7.46003 0.314125
0.401855 2.95339 2.80446	0 11.012 0.296108
0.4021 2.78531 2.80173	0 7.07035 0.280096
0.402344 2.59473 2.79632	0 5.45059 0.26883
0.402588 2.93261 2.78883	0 7.71955 0.264669
0.402832 3.14407 2.77995	0 11.5805 0.26908
0.403076 2.30935 2.77034	0 4.52044 0.282207
0.40332 2.30883 2.76062	0 6.5513 0.302764
0.403564 3.13771 2.75126	0 10.0421 0.32838
0.403809 3.18647 2.74265	0 9.04544 0.35628
0.404053 2.64461 2.73499	0 5.73199 0.383937
0.404297 2.60428 2.72839	0 6.21767 0.409324
0.404541 2.38466 2.72281	0 4.46821 0.430686
0.404785 2.5711 2.71814	0 5.12742 0.446125
0.405029 2.90803 2.71424	0 8.0022 0.453481
0.405273 2.60712 2.71103	0 7.25903 0.450789
0.405518 2.83228 2.7086	0 7.88909 0.437237
0.405762 2.84612 2.70729	0 8.75608 0.414139
0.406006 2.92035 2.70764	0 6.49508 0.38538
0.40625 2.81938 2.71037	0 9.83125 0.356974
0.406494 2.61736 2.71612	0 5.41697 0.335761
0.406738 2.33216 2.72526	0 6.3127 0.32759
0.406982 2.29474 2.73766	0 4.28496 0.335561
0.407227 2.34964 2.75258	0 5.13501 0.358901
0.407471 3.0406 2.76864	0 7.96505 0.3929
0.407715 2.61938 2.78406	0 5.5858 0.43003
0.407959 3.20473 2.79688	0 15.7506 0.461977
0.408203 3.16806 2.8054	0 11.1023 0.48197
0.408447 3.25765 2.80845	0 14.5902 0.486607
0.408691 3.21807 2.80565	0 10.7517 0.476528
0.408936 2.45896 2.79744	0 4.24089 0.45573
0.40918 2.52572 2.78503	0 5.9629 0.429869
0.409424 2.86984 2.77014	0 9.30668 0.404296
0.409668 2.67774 2.75473	0 4.54358 0.3826
0.409912 2.73011 2.74071	0 8.0473 0.366143
0.410156 2.83295 2.72964	0 7.81099 0.354538
0.4104 2.49546 2.72263	0 5.25088 0.346648
0.410645 2.57395 2.72018	0 5.8822 0.341516
0.410889 2.10169 2.72222	0 3.59966 0.338865
0.411133 2.95015 2.7282	0 10.5682 0.339082
0.411377 3.00414 2.73723	0 8.6312 0.342884
0.411621 2.78913 2.74823	0 7.89835 0.350915
0.411865 2.73014 2.7601	0 5.76475 0.363451
0.412109 2.56251 2.77188	0 6.71961 0.38022
0.412354 3.28442 2.78283	0 7.77906 0.400288
0.412598 2.59535 2.79249	0 6.45125 0.421983
0.412842 2.5433 2.80062	0 6.69401 0.442934
0.413086 3.14253 2.8072	0 9.48032 0.460351
0.41333 3.08743 2.81235	0 7.84351 0.471621
0.413574 2.61582 2.81623	0 10.0534 0.475102
0.413818 2.47785 2.81902	0 5.50756 0.470804
0.414062 2.7805 2.82088	0 9.35309 0.460603
0.414307 3.00415 2.822	0 6.94894 0.44777
0.414551 3.15052 2.8226	0 8.64427 0.435917
0.414795 2.69087 2.82298	0 5.65593 0.42778
0.415039 2.71792 2.82352	0 7.08134 0.424356
0.415283 3.00829 2.82464	0 8.75786 0.424771
0.415527 2.70897 2.82672	0 7.51518 0.426881
0.415771 3.07738 2.83001	0 10.8624 0.428293
0.416016 2.37653 2.8345	0 7.32079 0.427293
0.41626 2.4974 2.83987	0 6.21902 0.423321
0.416504 2.81893 2.84553	0 8.42712 0.416869
0.416748 3.01092 2.85067	0 8.61174 0.408993
0.416992 3.48385 2.85445	0 8.36411 0.400723
0.417236 2.40957 2.85616	0 4.84369 0.392664
0.41748 3.13751 2.85537	0 8.05427 0.384892
0.417725 3.10003 2.85209	0 8.6876 0.37712
0.417969 3.04114 2.84667	0 8.24576 0.368997
0.418213 2.52641 2.83979	0 8.05926 0.360394
0.418457 2.96659 2.8323	0 9.3953 0.351573
0.418701 2.15207 2.82502	0 3.12469 0.343187
0.418945 3.14347 2.8186	0 9.59008 0.336121
0.419189 2.90238 2.81343	0 8.72276 0.331211
0.419434 2.52057 2.80959	0 4.63899 0.32892
0.419678 2.79919 2.80688	0 6.58014 0.329108
0.419922 3.25701 2.80487	0 9.63626 0.331034
0.420166 2.82304 2.80301	0 6.71904 0.333665
0.42041 2.28287 2.8007	0 5.6491 0.336224
0.420654 2.75948 2.79736	0 8.24289 0.338715
0.420898 3.17098 2.79253	0 6.4068 0.342133
0.421143 3.02583 2.78588	0 7.0643 0.348156
0.421387 2.57647 2.7773	0 5.43985 0.358424
0.421631 2.66105 2.7669	0 5.45042 0.373722
0.421875 2.80464 2.75503	0 8.94211 0.393459
0.422119 3.20151 2.74223	0 11.4535 0.41562
0.422363 2.75243 2.7292	0 6.31267 0.437155
0.422607 2.30305 2.71671	0 4.37465 0.454593
0.422852 2.5524 2.7055	0 7.79599 0.464723
0.423096 2.65771 2.69622	0 5.48959 0.465256
0.42334 2.67146 2.68933	0 7.93232 0.455439
0.423584 2.8621 2.68515	0 8.81166 0.436459
0.423828 2.65881 2.68374	0 8.91736 0.411437
0.424072 2.57455 2.68501	0 5.60198 0.384842
0.424316 2.39836 2.68871	0 4.76404 0.36142
0.424561 2.8237 2.69443	0 7.0664 0.34497
0.424805 2.82616 2.70167	0 9.63154 0.337417
0.425049 2.69057 2.70986	0 9.73665 0.338508
0.425293 2.70376 2.71838	0 7.37423 0.346169
0.425537 2.31615 2.72663	0 5.61052 0.357327
0.425781 2.98745 2.73411	0 7.44117 0.368848
0.426025 3.1628 2.74041	0 8.88309 0.378344
0.42627 2.42994 2.74534	0 6.67718 0.384671
0.426514 3.1778 2.74883	0 10.48 0.388056
0.426758 2.69065 2.751	0 6.22786 0.38986
0.427002 2.33446 2.75209	0 4.37255 0.392021
0.427246 2.89316 2.75239	0 7.74843 0.39632
0.42749 2.81426 2.75222	0 5.74842 0.40371
0.427734 2.76235 2.75189	0 5.63324 0.413939
0.427979 2.60552 2.75168	0 5.52138 0.425609
0.428223 2.76538 2.75187	0 8.58082 0.436646
0.428467 3.07667 2.75269	0 7.49322 0.444971
0.428711 2.73383 2.75437	0 7.47092 0.449118
0.428955 2.45267 2.75707	0 5.50043 0.448593
0.429199 2.94034 2.76085	0 9.65081 0.443886
0.429443 2.58196 2.76565	0 6.04282 0.436204
0.429688 2.39584 2.77126	0 5.09545 0.42705
0.429932 2.91566 2.77736	0 7.65742 0.417837
0.430176 3.21476 2.78352	0 9.89707 0.409663
0.43042 2.66422 2.78928	0 5.76062 0.403307
0.430664 2.73178 2.79418	0 9.02395 0.399373
0.430908 2.94347 2.79777	0 7.83839 0.398421
0.431152 3.19815 2.79966	0 8.88393 0.400889
0.431396 2.3039 2.79951	0 5.16555 0.406773
0.431641 2.56651 2.79704	0 6.87998 0.415228
0.431885 2.70172 2.79211	0 8.45659 0.424411
0.432129 3.18102 2.78479	0 8.64478 0.431845
0.432373 3.14047 2.7754	0 9.02607 0.435269
0.432617 2.94989 2.76463	0 8.94469 0.433634
0.432861 2.69772 2.75345	0 7.51165 0.427716
0.433105 2.7015 2.74301	0 8.19639 0.419998
0.43335 2.56281 2.73448	0 6.65995 0.413828
0.433594 2.33094 2.72883	0 5.2424 0.412274
0.433838 2.60638 2.7266	0 6.23616 0.417209
0.434082 2.69292 2.7278	0 9.48175 0.429029
0.434326 2.43006 2.73191	0 9.38663 0.446971
0.43457 2.98666 2.73797	0 12.2849 0.469683
0.434814 2.65301 2.74482	0 5.98096 0.495576
0.435059 3.2038 2.75135	0 10.6703 0.522781
0.435303 2.7733 2.75672	0 7.36368 0.548872
0.435547 2.93696 2.76053	0 8.10998 0.570857
0.435791 2.63008 2.7629	0 7.14997 0.585748
0.436035 2.71189 2.76434	0 10.9301 0.591647
0.436279 2.93569 2.76566	0 14.1723 0.588772
0.436523 2.68225 2.76769	0 6.69919 0.579701
0.436768 2.60099 2.77106	0 5.05335 0.568513
0.437012 2.59035 2.77606	0 7.10266 0.559107
0.437256 2.69394 2.78249	0 6.27361 0.553559
0.4375 2.55891 2.78976	0 7.76066 0.551368
0.437744 2.81692 2.79691	0 14.4479 0.549956
0.437988 3.05381 2.80289	0 8.95255 0.546086
0.438232 3.32611 2.80668	0 9.80341 0.537394
0.438477 2.95334 2.80752	0 7.39385 0.523327
0.438721 2.38711 2.80499	0 5.01502 0.505161
0.438965 2.98819 2.79903	0 6.50443 0.485334
0.439209 2.98755 2.78988	0 10.0527 0.466512
0.439453 2.64696 2.77802	0 6.36572 0.450799
0.439697 2.7936 2.76408	0 5.88622 0.439257
0.439941 2.53081 2.74875	0 6.47333 0.431758
0.440186 2.51451 2.73278	0 4.41768 0.427145
0.44043 3.14045 2.71701	0 8.2401 0.423648
0.440674 2.91074 2.70238	0 8.97051 0.41949
0.440918 2.58717 2.68986	0 6.88096 0.41352
0.441162 2.83035 2.68044	0 7.37036 0.405638
0.441406 2.40114 2.67494	0 5.59441 0.3968
0.44165 2.38154 2.67386	0 6.82766 0.388579
0.441895 2.30485 2.67721	0 4.20835 0.382442
0.442139 2.59124 2.68444	0 5.38465 0.379114
0.442383 2.57051 2.69446	0 6.86125 0.378337
0.442627 2.90655 2.70575	0 10.2759 0.379147
0.442871 2.61648 2.71662	0 5.6373 0.380506
0.443115 3.34503 2.72543	0 8.5464 0.381917
0.443359 2.98624 2.73089	0 9.76971 0.383666
0.443604 2.68451 2.73223	0 6.1195 0.38659
0.443848 2.39144 2.7293	0 4.43078 0.391495
0.444092 2.85433 2.72253	0 5.84032 0.398562
0.444336 3.11707 2.71289	0 11.9082 0.407018
0.44458 2.66721 2.7017	0 6.96049 0.415201
0.444824 2.42143 2.69045	0 4.29448 0.420975
0.445068 2.79004 2.68065	0 6.94453 0.422385
0.445312 2.48699 2.67362	0 5.27505 0.418381
0.445557 2.41762 2.67042	0 5.20657 0.409427
0.445801 2.59341 2.67166	0 8.43095 0.397736
0.446045 2.88779 2.67752	0 7.82207 0.386894
0.446289 2.64623 2.6877	0 5.17645 0.380834
0.446533 2.31883 2.70143	0 3.71889 0.382445
0.446777 2.56605 2.71759	0 6.633 0.39241
0.447021 2.69912 2.73479	0 8.41718 0.408849
0.447266 3.042 2.75153	0 11.7118 0.428037
0.44751 2.89423 2.76634	0 10.2274 0.445889
0.447754 2.9422 2.77797	0 7.89345 0.459513
0.447998 3.03059 2.78543	0 9.85015 0.468061
0.448242 2.66546 2.78814	0 6.84287 0.472526
0.448486 2.8084 2.78591	0 8.24376 0.474647
0.44873 2.82728 2.77896	0 5.68001 0.475609
0.448975 2.49159 2.76788	0 6.60001 0.475249
0.449219 3.29746 2.7536	0 11.4534 0.472223
0.449463 2.9358 2.73728	0 8.72515 0.464987
0.449707 2.69568 2.72026	0 8.69794 0.452984
0.449951 2.58232 2.70394	0 5.72139 0.437343
0.450195 2.35564 2.68967	0 4.56711 0.420706
0.450439 2.24108 2.67867	0 3.94802 0.406341
0.450684 3.03535 2.67189	0 11.9494 0.39705
0.450928 2.49445 2.67001	0 4.71547 0.39439
0.451172 2.85653 2.67335	0 7.68638 0.398431
0.451416 2.626 2.68185	0 7.20034 0.407954
0.45166 2.38678 2.69512	0 3.85664 0.42086
0.451904 2.59564 2.71238	0 9.06959 0.434637
0.452148 2.35278 2.73257	0 4.93571 0.446796
0.452393 2.95488 2.75437	0 8.08424 0.455304
0.452637 3.18752 2.77627	0 11.2518 0.458938
0.452881 2.66508 2.79671	0 6.15237 0.457499
0.453125 2.99109 2.81416	0 9.39904 0.45182
0.453369 2.66282 2.82727	0 8.33525 0.443548
0.453613 3.01368 2.83493	0 8.55022 0.434746
0.453857 2.94126 2.83641	0 7.77144 0.427394
0.454102 3.02814 2.83142	0 9.93917 0.422876
0.454346 3.09394 2.82014	0 6.55399 0.421535
0.45459 2.60676 2.80323	0 5.89984 0.422445
0.454834 3.03136 2.7818	0 8.59068 0.423499
0.455078 3.17082 2.75733	0 8.34157 0.421926
0.455322 2.2978 2.73156	0 4.36758 0.415134
0.455566 2.542 2.70633	0 9.73525 0.401631
0.455811 2.41685 2.68342	0 9.01506 0.381675
0.456055 2.83975 2.66435	0 7.65944 0.357342
0.456299 2.89847 2.6503	0 6.78142 0.33197
0.456543 2.47802 2.64194	0 4.59271 0.309175
0.456787 2.16362 2.63939	0 4.61888 0.29187
0.457031 2.14697 2.64227	0 4.76891 0.281656
0.457275 2.62412 2.64974	0 5.49004 0.278788
0.45752 2.76772 2.66072	0 9.23092 0.282615
0.457764 3.21984 2.674	0 10.6293 0.292166
0.458008 2.90307 2.68847	0 6.73993 0.30655
0.458252 2.26295 2.70319	0 4.79241 0.324982
0.458496 3.0307 2.71747	0 6.41596 0.346526
0.45874 2.37597 2.73082	0 5.61635 0.36981
0.458984 2.94735 2.74289	0 7.17957 0.392958
0.459229 2.83346 2.75338	0 9.01028 0.413811
0.459473 2.52981 2.76197	0 5.54733 0.430371
0.459717 2.46173 2.76835	0 4.07038 0.441283
0.459961 2.97834 2.7722	0 12.0449 0.446241
0.460205 3.48636 2.7733	0 13.9892 0.44615
0.460449 2.83402 2.77165	0 8.99414 0.442944
0.460693 2.65665 2.76746	0 5.53475 0.43901
0.460938 2.36449 2.76122	0 6.52454 0.436331
0.461182 3.09606 2.7536	0 9.32448 0.435667
0.461426 2.57696 2.74543	0 7.16155 0.436196
0.46167 2.85066 2.73749	0 9.09876 0.435845
0.461914 2.65106 2.73047	0 6.61131 0.43222
0.462158 2.54931 2.72483	0 5.31946 0.423739
0.462402 2.81172 2.72075	0 8.03299 0.410441
0.462646 2.54121 2.71809	0 6.22657 0.394128
0.462891 2.99323 2.71645	0 8.26597 0.377785
0.463135 2.24815 2.71523	0 4.56171 0.364548
0.463379 2.85978 2.71375	0 6.51139 0.356632
0.463623 2.72265 2.71139	0 8.1132 0.354631
0.463867 3.00494 2.7077	0 6.8221 0.357455
0.464111 2.68352 2.70253	0 5.87964 0.362876
0.464355 3.05565 2.69604	0 8.51158 0.368458
0.4646 2.73855 2.68868	0 6.03864 0.372456
0.464844 2.26997 2.6811	0 4.70404 0.374336
0.465088 2.50964 2.67403	0 5.77939 0.374764
0.465332 2.67622 2.66815	0 6.03902 0.375157
0.465576 2.74262 2.66396	0 6.29017 0.377085
0.46582 2.55245 2.66172	0 5.37547 0.381785
0.466064 2.54169 2.66149	0 4.45555 0.389935
0.466309 2.94127 2.6631	0 7.37537 0.401643
0.466553 2.50704 2.66626	0 5.20648 0.416473
0.466797 2.53029 2.67065	0 6.64306 0.433402
0.467041 2.70665 2.67594	0 8.37087 0.450737
0.467285 2.99685 2.68187	0 7.62459 0.466186
0.467529 2.52651 2.68821	0 5.39501 0.477225
0.467773 2.47567 2.69476	0 7.34509 0.481771
0.468018 2.97452 2.70127	0 12.7667 0.478914
0.468262 2.63664 2.70738	0 7.46458 0.46937
0.468506 2.59421 2.7126	0 7.1845 0.455405
0.46875 2.62706 2.71628	0 5.99416 0.440259
0.468994 3.0813 2.71769	0 8.14905 0.427256
0.469238 2.39093 2.71604	0 3.90487 0.418923
0.469482 2.6863 2.71073	0 6.92356 0.416342
0.469727 3.19495 2.70142	0 7.59871 0.418884
0.469971 2.75002 2.68821	0 6.49155 0.424383
0.470215 2.74389 2.67172	0 8.32569 0.429739
0.470459 3.28864 2.65311	0 13.7108 0.431837
0.470703 2.16495 2.634	0 5.08671 0.428496
0.470947 2.30407 2.61627	0 6.17967 0.419154
0.471191 2.30597 2.60188	0 5.19743 0.405021
0.471436 2.90049 2.59258	0 4.45545 0.388684
0.47168 2.42067 2.58973	0 6.3871 0.373333
0.471924 2.42003 2.59405	0 7.64039 0.361882
0.472168 2.23618 2.60557	0 3.41203 0.356246
0.472412 2.54202 2.62358	0 6.68078 0.356913
0.472656 2.42515 2.64668	0 4.77307 0.362926
0.4729 2.69324 2.67297	0 5.38799 0.372241
0.473145 2.84999 2.70025	0 10.3845 0.382401
0.473389 3.08105 2.72627	0 6.84615 0.391289
0.473633 2.52089 2.74902	0 4.53062 0.397694
0.473877 2.91694 2.76697	0 6.12582 0.401483
0.474121 2.94232 2.77927	0 6.24537 0.403349
0.474365 3.18786 2.78581	0 8.96156 0.404327
0.474609 3.03704 2.78723	0 8.45393 0.405399
0.474854 3.0098 2.78476	0 8.44479 0.407378
0.475098 2.19147 2.78001	0 5.87506 0.411067
0.475342 2.80101 2.77467	0 6.66071 0.417472
0.475586 2.6184 2.77025	0 6.40818 0.427775
0.47583 2.59169 2.76786	0 6.13898 0.442926
0.476074 2.93539 2.76806	0 10.2466 0.463003
0.476318 2.25727 2.77082	0 3.27151 0.486679
0.476562 3.04446 2.7756	0 10.0067 0.511178
0.476807 2.77211 2.78149	0 8.59249 0.532861
0.477051 3.06575 2.78739	0 9.65296 0.548243
0.477295 2.70909 2.79219	0 7.63991 0.55496
0.477539 2.85494 2.79492	0 10.2451 0.552259
0.477783 2.6019 2.79491	0 5.10034 0.540822
0.478027 3.06253 2.79185	0 8.53618 0.522165
0.478271 2.98079 2.78578	0 9.13985 0.498
0.478516 2.87702 2.77716	0 6.06786 0.469907
0.47876 2.68665 2.76672	0 7.21553 0.439353
0.479004 2.68969 2.75544	0 5.32545 0.407883
0.479248 2.67612 2.74439	0 7.14985 0.377251
0.479492 2.76459 2.73462	0 6.90176 0.349397
0.479736 2.66216 2.72694	0 5.20332 0.326263
0.47998 2.74183 2.72187	0 8.86698 0.309543
0.480225 2.66833 2.71945	0 4.96619 0.300434
0.480469 2.35407 2.71928	0 6.4569 0.299415
0.480713 2.52088 2.7205	0 5.95083 0.306121
0.480957 2.72395 2.72194	0 5.48092 0.319378
0.481201 2.88346 2.72233	0 6.80341 0.337424
0.481445 3.24852 2.72047	0 9.15873 0.358279
0.481689 2.81133 2.71554	0 9.69645 0.380088
0.481934 2.72658 2.70718	0 7.05883 0.401309
0.482178 2.63735 2.69562	0 6.05537 0.420688
0.482422 2.68141 2.68168	0 9.43871 0.437136
0.482666 2.84059 2.66658	0 8.09326 0.449671
0.48291 2.81762 2.65183	0 8.48998 0.45751
0.483154 2.34467 2.63897	0 6.14638 0.460248
0.483398 2.24722 2.62939	0 8.0866 0.457978
0.483643 2.58712 2.62413	0 7.0907 0.451267
0.483887 2.35087 2.6238	0 5.2295 0.441018
0.484131 2.74306 2.62853	0 8.34131 0.428332
0.484375 2.70339 2.63798	0 7.6973 0.414453
0.484619 2.65663 2.65135	0 7.59675 0.400755
0.484863 3.02976 2.66754	0 10.62 0.388665
0.485107 1.87215 2.68519	0 4.41641 0.379445
0.485352 2.54615 2.70285	0 5.23388 0.373832
0.485596 2.8667 2.71915	0 8.8626 0.371725
0.48584 3.23111 2.73298	0 10.3474 0.372115
0.486084 2.93113 2.74366	0 11.6049 0.373376
0.486328 2.8121 2.751	0 7.62262 0.373867
0.486572 3.23882 2.75529	0 7.79833 0.372596
0.486816 2.45238 2.75724	0 6.14707 0.369676
0.487061 2.88469 2.75773	0 9.69058 0.366332
0.487305 2.21634 2.75755	0 5.5337 0.364433
0.487549 2.68607 2.75725	0 6.76984 0.365696
0.487793 2.40168 2.75694	0 4.63884 0.370874
0.488037 3.20824 2.75637	0 8.43859 0.379254
0.488281 2.55341 2.75499	0 4.25493 0.388708
0.488525 2.82395 2.75224	0 6.48695 0.396334
0.48877 3.45175 2.74774	0 12.635 0.399487
0.489014 2.56925 2.74147	0 8.00981 0.396814
0.489258 3.19723 2.73388	0 10.9476 0.388886
0.489502 2.28388 2.72574	0 6.75238 0.378175
0.489746 2.6261 2.71806	0 5.8174 0.368383
0.48999 2.35693 2.71183	0 5.21574 0.363368
0.490234 2.73493 2.70777	0 8.29945 0.366038
0.490479 2.61438 2.70626	0 6.71382 0.377539
0.490723 2.59836 2.70726	0 8.50848 0.396948
0.490967 2.69489 2.71031	0 5.95156 0.421496
0.491211 3.12347 2.71472	0 12.963 0.447259
0.491455 2.51071 2.71964	0 7.64677 0.470129
0.491699 3.05997 2.72425	0 9.62847 0.486789
0.491943 2.21389 2.72778	0 3.73514 0.49543
0.492188 2.94314 2.72964	0 9.56364 0.495981
0.492432 2.90049 2.72941	0 5.74633 0.48981
0.492676 2.71506 2.72684	0 6.30808 0.479072
0.49292 2.74722 2.72188	0 7.76583 0.465959
0.493164 2.60944 2.7147	0 7.54899 0.452161
0.493408 2.829 2.70569	0 7.76214 0.438684
0.493652 3.05139 2.69548	0 10.2013 0.425996
0.493896 2.49497 2.68489	0 5.8499 0.414338
0.494141 2.48536 2.67492	0 4.986 0.403967
0.494385 2.84148 2.6666	0 10.1322 0.395229
0.494629 2.59836 2.6609	0 7.49426 0.388481
0.494873 2.60417 2.65853	0 5.7848 0.383986
0.495117 2.29732 2.65991	0 5.23186 0.381927
0.495361 2.51462 2.66498	0 6.97237 0.382509
0.495605 2.61367 2.67327	0 8.22745 0.386029
0.49585 2.80037 2.68386	0 7.18019 0.392716
0.496094 2.57768 2.6955	0 6.82293 0.402344
0.496338 2.90687 2.70669	0 5.84282 0.413812
0.496582 2.8987 2.71572	0 8.00929 0.425038
0.496826 2.78397 2.72074	0 9.04541 0.433398
0.49707 2.59805 2.71963	0 9.08939 0.436571
0.497314 2.77729 2.70997	0 8.55282 0.433415
0.497559 3.03477 2.68892	0 8.78106 0.424388
0.497803 2.76278 2.6532	0 7.71455 0.41134
0.498047 2.77907 2.5992	0 7.20989 0.396792
0.498291 2.38057 2.52328	0 4.55243 0.383007
0.498535 2.58763 2.42229	0 5.80798 0.371155
0.498779 3.12654 2.29415	0 7.63144 0.360773
0.499023 3.0575 2.13857	0 8.2245 0.349715
0.499268 2.63389 1.95749	0 6.41553 0.334705
0.499512 2.87732 1.75529	0 9.2943 0.312484
0.499756 3.08811 1.31583	0 18.038 0.241277
