0 0 0.98938	0 0 0.108396
0.000244141 1.88309 1.18625	0 3.66742 0.139946
0.000488281 2.16693 1.39439	0 3.97797 0.173337
0.000732422 1.91549 1.61115	0 4.3538 0.207647
0.000976562 1.93622 1.83498	0 6.05613 0.242687
0.0012207 1.86285 2.06575	0 3.03271 0.279036
0.00146484 2.28002 2.30485	0 6.14727 0.317804
0.00170898 2.25454 2.55506	0 5.68731 0.360375
0.00195312 1.98031 2.82027	0 2.51977 0.408469
0.00219727 3.09633 3.10506	0 12.0793 0.464695
0.00244141 3.49906 3.41437	0 14.571 0.533375
0.00268555 3.29205 3.75305	0 12.8447 0.621125
0.00292969 3.32373 4.12558	0 10.1678 0.736754
0.00317383 4.32155 4.53573	0 14.039 0.890531
0.00341797 3.69437 4.98633	0 13.4662 1.09337
0.00366211 4.56757 5.47898	0 15.3934 1.35662
0.00390625 5.90173 6.01393	0 41.6827 1.69231
0.00415039 6.25654 6.58985	0 53.2939 2.11298
0.00439453 6.3398 7.20374	0 35.0636 2.62959
0.00463867 7.6 7.85085	0 42.3196 3.24719
0.00488281 7.14725 8.52463	0 34.2732 3.96017
0.00512695 8.82841 9.2167	0 80.1851 4.7502
0.00537109 11.4838 9.91693	0 122.108 5.58959
0.00561523 11.643 10.6135	0 157.572 6.44971
0.00585938 9.26904 11.2932	0 89.4646 7.31049
0.00610352 11.7829 11.9418	0 109.607 8.16569
0.00634766 14.0947 12.5448	0 211.762 9.02061
0.0065918 13.3465 13.0881	0 237.25 9.8831
0.00683594 16.8359 13.5592	0 288.145 10.7522
0.00708008 16.0544 13.9477	0 224.953 11.6098
0.00732422 14.6576 14.2466	0 232.332 12.418
0.00756836 16.0898 14.4528	0 273.386 13.1249
0.0078125 16.3574 14.5672	0 247.219 13.6757
0.00805664 15.3104 14.5947	0 177.224 14.027
0.00830078 14.656 14.5435	0 192.262 14.1599
0.00854492 16.7845 14.4247	0 218.206 14.0859
0.00878906 16.1635 14.251	0 267 13.8426
0.0090332 12.5788 14.0355	0 212.438 13.4796
0.00927734 13.6875 13.7909	0 168.426 13.0394
0.00952148 12.1155 13.5284	0 110.567 12.5432
0.00976562 11.9961 13.2577	0 144.436 11.9873
0.0100098 13.6344 12.9867	0 219.424 11.3548
0.0102539 14.8073 12.7217	0 212.205 10.6356
0.010498 12.4702 12.468	0 178.866 9.84592
0.0107422 10.7549 12.2304	0 117.106 9.03667
0.0109863 11.173 12.0134	0 139.418 8.2868
0.0112305 12.2511 11.8215	0 125.936 7.68341
0.0114746 12.8683 11.6587	0 111.982 7.29735
0.0117188 9.05864 11.5283	0 119.268 7.16346
0.0119629 9.66474 11.4325	0 89.9268 7.27142
0.012207 11.2539 11.3718	0 148.324 7.56901
0.0124512 11.8222 11.3449	0 113.815 7.97506
0.0126953 10.1044 11.349	0 81.6874 8.39752
0.0129395 10.9938 11.3798	0 114.923 8.75201
0.0131836 11.7567 11.4324	0 158.13 8.97712
0.0134277 11.1095 11.5019	0 120.651 9.04427
0.0136719 12.2594 11.5835	0 159.403 8.96084
0.013916 12.6325 11.6732	0 153.594 8.76621
0.0141602 11.1473 11.7675	0 124.332 8.52117
0.0144043 10.5782 11.8634	0 119.862 8.29294
0.0146484 12.4577 11.9581	0 133.903 8.13875
0.0148926 12.7782 12.0486	0 147.191 8.09199
0.0151367 11.9552 12.1313	0 171.326 8.15447
0.0153809 10.8762 12.2025	0 86.1964 8.29659
0.015625 13.2399 12.2581	0 158.755 8.46575
0.0158691 12.3528 12.2943	0 81.7715 8.60104
0.0161133 13.5854 12.3082	0 211.29 8.65046
0.0163574 14.2953 12.2981	0 252.537 8.58516
0.0166016 12.2048 12.2642	0 113.264 8.40564
0.0168457 12.2416 12.2081	0 152.317 8.13758
0.0170898 10.7863 12.1336	0 80.3036 7.82041
0.017334 12.3657 12.0459	0 110.306 7.49524
0.0175781 12.3508 11.9512	0 156.155 7.19832
0.0178223 13.1615 11.8566	0 179.631 6.96122
0.0180664 11.7935 11.7689	0 139.405 6.81303
0.0183105 10.2825 11.6941	0 99.9838 6.77858
0.0185547 11.6515 11.6372	0 150.308 6.87034
0.0187988 10.4029 11.6007	0 93.0472 7.07822
0.019043 9.70634 11.5851	0 91.9275 7.36456
0.0192871 11.4275 11.5885	0 152.96 7.66993
0.0195312 12.3978 11.6071	0 221.913 7.92985
0.0197754 10.7569 11.636	0 103.409 8.0967
0.0200195 13.4666 11.67	0 209.442 8.15849
0.0202637 12.1316 11.7043	0 165.883 8.14587
0.0205078 11.582 11.7355	0 110.268 8.12314
0.020752 12.0516 11.7616	0 119.422 8.16427
0.0209961 12.5118 11.7824	0 119.697 8.32213
0.0212402 10.4657 11.799	0 118.99 8.60386
0.0214844 11.5215 11.8137	0 164.611 8.96472
0.0217285 12.6075 11.8296	0 149.375 9.32559
0.0219727 9.98776 11.8505	0 90.4379 9.60799
0.0222168 12.982 11.8803	0 140.816 9.7707
0.0224609 13.9056 11.9232	0 267.133 9.82968
0.0227051 11.4548 11.9829	0 113.24 9.85022
0.0229492 10.2807 12.0622	0 110.306 9.91485
0.0231934 11.6717 12.1626	0 113.274 10.083
0.0234375 11.1792 12.2836	0 113.085 10.363
0.0236816 10.2354 12.4226	0 130.724 10.7102
0.0239258 13.8748 12.575	0 206.548 11.0493
0.0241699 12.3408 12.7347	0 154.752 11.3079
0.0244141 14.7326 12.895	0 168.818 11.4423
0.0246582 13.7984 13.0494	0 185.402 11.4469
0.0249023 12.9915 13.193	0 194.75 11.3456
0.0251465 14.2112 13.3225	0 247.488 11.1754
0.0253906 11.2318 13.4367	0 104.773 10.9725
0.0256348 15.9761 13.5365	0 211.011 10.7655
0.0258789 15.4176 13.6241	0 277.586 10.5749
0.026123 11.7048 13.7029	0 182.971 10.4156
0.0263672 13.1713 13.7765	0 169.831 10.3003
0.0266113 13.1116 13.8483	0 176.471 10.2426
0.0268555 13.5256 13.9216	0 193.719 10.2598
0.0270996 15.1364 13.999	0 274.942 10.3738
0.0273438 15.7233 14.0823	0 217.836 10.6071
0.0275879 13.7129 14.1731	0 127.713 10.9731
0.027832 12.3052 14.272	0 148.095 11.4668
0.0280762 14.7932 14.3787	0 265.683 12.0597
0.0283203 13.2823 14.4925	0 169.487 12.7054
0.0285645 15.8321 14.6117	0 215.6 13.3525
0.0288086 13.9932 14.7343	0 174.76 13.9585
0.0290527 13.0502 14.8585	0 162.039 14.4973
0.0292969 16.9588 14.9829	0 233.017 14.9595
0.029541 17.3292 15.1074	0 353.413 15.3479
0.0297852 15.5588 15.2329	0 204.556 15.6752
0.0300293 14.7347 15.3612	0 352.429 15.9643
0.0302734 14.1487 15.4944	0 269.583 16.2496
0.0305176 15.2542 15.634	0 179.176 16.5749
0.0307617 13.9002 15.7801	0 232.238 16.9831
0.0310059 16.588 15.9312	0 220.175 17.5023
0.03125 16.4315 16.0843	0 211.515 18.1329
0.0314941 15.0289 16.2353	0 196.943 18.8426
0.0317383 17.77 16.3801	0 293.569 19.5719
0.0319824 18.7755 16.5159	0 283.487 20.2505
0.0322266 15.0037 16.6421	0 210.456 20.8155
0.0324707 18.8434 16.7612	0 393.593 21.2272
0.0327148 18.5877 16.878	0 396.807 21.4755
0.032959 14.4397 16.9995	0 358.966 21.5783
0.0332031 17.2435 17.1337	0 272.332 21.5763
0.0334473 15.574 17.2874	0 195.114 21.5278
0.0336914 16.1585 17.4656	0 216.907 21.5046
0.0339355 17.0009 17.6698	0 219.692 21.5848
0.0341797 18.416 17.8975	0 332.544 21.8374
0.0344238 17.2275 18.1427	0 273.442 22.2989
0.034668 18.5877 18.3964	0 282.021 22.951
0.0349121 17.8868 18.6482	0 472.595 23.712
0.0351562 19.5823 18.8877	0 389.293 24.4551
0.0354004 20.3785 19.1068	0 539.972 25.0489
0.0356445 21.1499 19.3009	0 337.377 25.4051
0.0358887 21.0397 19.4706	0 472.508 25.5118
0.0361328 19.573 19.6212	0 409.366 25.4357
0.036377 19.5146 19.7628	0 365.96 25.295
0.0366211 22.7373 19.9086	0 453.281 25.214
0.0368652 17.2246 20.0732	0 279.455 25.2813
0.0371094 17.7347 20.27	0 306.854 25.5261
0.0373535 19.0779 20.509	0 377.218 25.9227
0.0375977 18.5135 20.7958	0 402.597 26.4205
0.0378418 21.4806 21.1309	0 441.668 26.9879
0.0380859 19.0636 21.51	0 315.038 27.6515
0.0383301 21.6596 21.9258	0 378.58 28.5054
0.0385742 26.1194 22.37	0 761.774 29.6785
0.0388184 20.9683 22.8354	0 316.663 31.2642
0.0390625 24.8102 23.3178	0 386.885 33.2453
0.0393066 25.1422 23.8168	0 720.669 35.4601
0.0395508 24.5722 24.3362	0 443.395 37.6443
0.0397949 23.2666 24.8822	0 813.414 39.5448
0.0400391 23.0237 25.4623	0 711.306 41.0546
0.0402832 26.562 26.0828	0 569.416 42.2956
0.0405273 26.3179 26.7468	0 773.269 43.5987
0.0407715 25.1902 27.4534	0 449.138 45.3848
0.0410156 22.9953 28.197	0 472.156 48.0051
0.0412598 29.2097 28.9692	0 875.641 51.6186
0.0415039 32.9013 29.7599	0 1319.76 56.1555
0.041748 32.5425 30.5608	0 855.953 61.3618
0.0419922 33.7532 31.3672	0 1288.41 66.8792
0.0422363 31.1492 32.1796	0 826.674 72.3151
0.0424805 34.8557 33.0045	0 1098.14 77.2855
0.0427246 35.2464 33.8536	0 1223.08 81.4483
0.0429688 32.3653 34.7419	0 920.086 84.5509
0.0432129 26.1416 35.6851	0 727.164 86.4954
0.043457 40.0054 36.698	0 1181.96 87.3931
0.0437012 38.0152 37.7923	0 1960.69 87.5712
0.0439453 34.02 38.9753	0 1315.12 87.5153
0.0441895 40.8998 40.2507	0 1592.6 87.7691
0.0444336 44.7347 41.6183	0 1802.66 88.8465
0.0446777 37.8268 43.0754	0 1397.6 91.2007
0.0449219 41.2629 44.6179	0 2148.7 95.2495
0.045166 47.0042 46.2412	0 2815 101.396
0.0454102 50.6668 47.9408	0 1754.75 109.962
0.0456543 47.5012 49.7134	0 1806.66 121.004
0.0458984 50.0845 51.557	0 2150.57 134.088
0.0461426 52.1096 53.4711	0 2438.08 148.18
0.0463867 50.7154 55.4571	0 2774.53 161.816
0.0466309 63.389 57.5188	0 4779.65 173.565
0.046875 58.699 59.662	0 3217.95 182.616
0.0471191 59.5266 61.8952	0 3327.03 189.192
0.0473633 60.5413 64.2285	0 4123.12 194.58
0.0476074 66.3854 66.6735	0 4695.74 200.744
0.0478516 68.9825 69.2417	0 5800.8 209.747
0.0480957 65.3781 71.9439	0 4489.08 223.281
0.0483398 79.3378 74.7874	0 5800.5 242.498
0.048584 78.6698 77.7755	0 4792.98 268.115
0.0488281 68.6905 80.905	0 4843.11 300.613
0.0490723 75.7429 84.1662	0 6907.34 340.339
0.0493164 97.0639 87.542	0 7571.46 387.438
0.0495605 83.5561 91.0092	0 7552.09 441.688
0.0498047 102.628 94.5391	0 8979.87 502.38
0.0500488 96.1384 98.0998	0 10420.6 568.327
0.050293 102.289 101.658	0 7549.59 637.985
0.0505371 98.903 105.178	0 8846.81 709.563
0.0507812 105.279 108.629	0 13422.1 781.005
0.0510254 126.362 111.977	0 16449.3 849.827
0.0512695 132.949 115.188	0 16852.3 913.007
0.0515137 103.834 118.229	0 10748.9 967.168
0.0517578 105.269 121.059	0 10315.9 1009.17
0.052002 147.65 123.638	0 21187.3 1036.91
0.0522461 126.097 125.916	0 16243.9 1049.98
0.0524902 126.507 127.845	0 18312.9 1049.7
0.0527344 136.307 129.373	0 28424.3 1038.66
0.0529785 139.729 130.454	0 18303.2 1019.93
0.0532227 142.662 131.048	0 22211.5 996.378
0.0534668 141.645 131.124	0 17893.3 970.349
0.0537109 148.841 130.665	0 24583.9 943.614
0.0539551 123.434 129.666	0 17209.3 917.376
0.0541992 128.632 128.133	0 18650.9 892.239
0.0544434 128.464 126.084	0 20069.6 868.155
0.0546875 137.378 123.551	0 18790.9 844.43
0.0549316 136.192 120.574	0 17750.5 819.903
0.0551758 124.185 117.202	0 10328.3 793.25
0.0554199 106.929 113.496	0 8207.03 763.311
0.0556641 111.813 109.524	0 8376.4 729.343
0.0559082 117.995 105.36	0 16308.3 691.083
0.0561523 90.101 101.08	0 8561.45 648.673
0.0563965 93.043 96.7626	0 8091.68 602.53
0.0566406 99.5944 92.4781	0 9917.66 553.295
0.0568848 84.0875 88.2901	0 5684.29 501.951
0.0571289 68.2739 84.2503	0 4505.92 450.037
0.057373 96.286 80.3958	0 10573.8 399.757
0.0576172 62.9856 76.7478	0 4216.42 353.752
0.0578613 64.4556 73.3114	0 4089.05 314.497
0.0581055 71.6953 70.0778	0 5206.82 283.521
0.0583496 51.7226 67.0268	0 2568.87 260.826
0.0585938 69.8595 64.1328	0 4309.56 244.84
0.0588379 67.337 61.3694	0 5543.27 232.945
0.059082 63.2584 58.7151	0 4760.24 222.335
0.0593262 55.7695 56.1566	0 4054.62 210.812
0.0595703 53.0837 53.6901	0 2568.62 197.229
0.0598145 48.8566 51.3208	0 2459.74 181.493
0.0600586 44.9634 49.0588	0 2556.46 164.264
0.0603027 42.6409 46.9153	0 2255.69 146.582
0.0605469 40.2727 44.898	0 1399.24 129.544
0.060791 40.2487 43.0077	0 1542.4 114.112
0.0610352 40.7938 41.2374	0 964.205 100.991
0.0612793 38.9787 39.5723	0 1230.79 90.539
0.0615234 36.3621 37.9927	0 754.324 82.6908
0.0617676 35.6448 36.4772	0 1099.88 76.9528
0.0620117 41.2985 35.0067	0 1670.24 72.502
0.0622559 33.1319 33.5666	0 928.324 68.4021
0.0625 32.1601 32.1494	0 1278.36 63.8764
0.0627441 28.4703 30.7547	0 954.501 58.5312
0.0629883 29.5381 29.3885	0 734.92 52.4373
0.0632324 27.4091 28.0614	0 701.782 46.041
0.0634766 30.1385 26.7862	0 731.31 39.9572
0.0637207 20.1233 25.5757	0 341.504 34.7392
0.0639648 20.0504 24.4408	0 422.9 30.7168
0.064209 24.2541 23.3895	0 645.83 27.9406
0.0644531 18.5602 22.4258	0 317.957 26.2219
0.0646973 22.7615 21.5502	0 381.348 25.2293
0.0649414 22.6356 20.7596	0 605.442 24.5991
0.0651855 19.1036 20.0484	0 864.159 24.0285
0.0654297 15.5545 19.4084	0 201.498 23.3329
0.0656738 17.7614 18.8299	0 358.032 22.4554
0.065918 16.7611 18.3019	0 203.998 21.433
0.0661621 17.8848 17.813	0 397.938 20.3365
0.0664062 17.8612 17.3522	0 266.846 19.2147
0.0666504 18.2673 16.9099	0 333.714 18.0694
0.0668945 17.4116 16.4785	0 274.417 16.87
0.0671387 15.6765 16.0537	0 272.414 15.5913
0.0673828 15.8637 15.6344	0 253.226 14.2496
0.067627 16.1951 15.2224	0 216.046 12.9104
0.0678711 13.2739 14.822	0 174.326 11.667
0.0681152 13.7563 14.4387	0 214.87 10.6037
0.0683594 14.0676 14.0779	0 166.968 9.76585
0.0686035 12.66 13.7439	0 142.772 9.15298
0.0688477 12.8744 13.439	0 229.929 8.73169
0.0690918 12.2494 13.163	0 165.399 8.45708
0.0693359 12.7695 12.9131	0 155.564 8.28753
0.0695801 10.876 12.6849	0 117.64 8.18753
0.0698242 14.238 12.4727	0 205.824 8.12283
0.0700684 12.2082 12.2708	0 153.692 8.05686
0.0703125 13.099 12.0743	0 196.296 7.9545
0.0705566 10.5052 11.8796	0 135.369 7.79221
0.0708008 13.8575 11.6851	0 228.816 7.56804
0.0710449 12.1529 11.4904	0 142.825 7.30434
0.0712891 9.31195 11.2966	0 64.512 7.04007
0.0715332 10.3026 11.1051	0 99.7489 6.81557
0.0717773 11.9983 10.9174	0 114.222 6.65698
0.0720215 8.71078 10.7346	0 59.0163 6.56753
0.0722656 10.9824 10.5574	0 144.335 6.52905
0.0725098 11.0461 10.3857	0 146.847 6.51162
0.0727539 11.7467 10.2191	0 183.903 6.48515
0.072998 8.7114 10.0571	0 77.9963 6.42708
0.0732422 10.7603 9.89912	0 156.677 6.32397
0.0734863 9.2093 9.7447	0 77.7726 6.1692
0.0737305 7.92788 9.59322	0 57.2014 5.96077
0.0739746 9.71595 9.44409	0 101.133 5.70191
0.0742188 9.9964 9.29672	0 113.104 5.4037
0.0744629 9.27716 9.15078	0 81.4717 5.08691
0.074707 8.79984 9.00639	0 82.4318 4.78018
0.0749512 9.63593 8.86446	0 86.0139 4.51417
0.0751953 9.11813 8.72681	0 84.3549 4.31357
0.0754395 8.16232 8.59623	0 74.1073 4.19009
0.0756836 8.05477 8.47622	0 65.3399 4.13919
0.0759277 7.66509 8.37066	0 62.3085 4.14183
0.0761719 8.00974 8.2832	0 54.013 4.17038
0.076416 7.79368 8.2167	0 46.3139 4.19672
0.0766602 8.36399 8.17266	0 127.62 4.19973
0.0769043 7.33939 8.15081	0 55.0609 4.17011
0.0771484 7.97319 8.14883	0 64.1223 4.11128
0.0773926 6.65916 8.16242	0 37.86 4.03696
0.0776367 8.6235 8.18559	0 61.824 3.96614
0.0778809 8.04685 8.21119	0 73.3088 3.91742
0.078125 8.12368 8.23172	0 43.2335 3.90379
0.0783691 9.41784 8.24017	0 75.2949 3.92926
0.0786133 9.60633 8.23083	0 96.8754 3.98759
0.0788574 9.12823 8.19994	0 74.5679 4.06351
0.0791016 8.01704 8.14607	0 71.8969 4.13589
0.0793457 7.47578 8.07014	0 56.1776 4.18229
0.0795898 8.80405 7.97528	0 60.5314 4.18374
0.079834 8.46389 7.86631	0 61.3312 4.1287
0.0800781 7.63878 7.74924	0 76.4315 4.01484
0.0803223 7.21613 7.63061	0 44.5752 3.8486
0.0805664 6.52856 7.51695	0 34.7823 3.64294
0.0808105 7.53418 7.41425	0 91.5552 3.41487
0.0810547 8.42967 7.32743	0 55.6122 3.1834
0.0812988 6.10546 7.26001	0 30.2777 2.96821
0.081543 6.40581 7.21375	0 33.036 2.78774
0.0817871 5.45974 7.18848	0 33.4424 2.65626
0.0820312 8.10986 7.18207	0 76.9316 2.5805
0.0822754 6.84121 7.19063	0 41.4284 2.5575
0.0825195 6.98822 7.20898	0 41.0133 2.57535
0.0827637 7.02378 7.23119	0 45.2707 2.61687
0.0830078 7.4166 7.25146	0 45.6825 2.66457
0.083252 8.7144 7.26481	0 63.3722 2.70473
0.0834961 6.80023 7.26782	0 37.0086 2.72906
0.0837402 8.03107 7.25902	0 48.9995 2.73444
0.0839844 8.13326 7.239	0 55.4421 2.72181
0.0842285 7.51597 7.21021	0 50.4982 2.69543
0.0844727 6.82555 7.17638	0 40.225 2.66271
0.0847168 6.1008 7.1418	0 37.3274 2.63389
0.0849609 7.25792 7.11056	0 57.252 2.62082
0.0852051 6.39055 7.08586	0 31.5991 2.63466
0.0854492 6.84074 7.06958	0 58.2123 2.68287
0.0856934 6.74358 7.06212	0 41.975 2.76648
0.0859375 7.14973 7.06258	0 60.1957 2.87836
0.0861816 7.27387 7.06911	0 64.8181 3.00344
0.0864258 7.08696 7.07939	0 52.6673 3.1212
0.0866699 7.64495 7.09118	0 65.6977 3.21015
0.0869141 6.88652 7.10275	0 56.6254 3.25319
0.0871582 6.94173 7.11315	0 42.0128 3.24226
0.0874023 7.13496 7.12229	0 45.3873 3.18054
0.0876465 7.1696 7.13089	0 49.6067 3.08157
0.0878906 8.45195 7.14013	0 61.701 2.96562
0.0881348 6.30091 7.15129	0 43.6489 2.85481
0.0883789 6.60346 7.16527	0 41.19 2.76865
0.088623 7.37778 7.18231	0 52.0237 2.72101
0.0888672 6.11813 7.20168	0 38.2148 2.71822
0.0891113 7.03489 7.2218	0 52.5085 2.75787
0.0893555 7.66276 7.24048	0 59.917 2.82831
0.0895996 7.30635 7.25541	0 36.7085 2.90971
0.0898438 8.24815 7.26474	0 60.3879 2.97841
0.0900879 7.98369 7.26757	0 67.8212 3.01429
0.090332 7.23756 7.26428	0 91.8913 3.00882
0.0905762 7.84701 7.2566	0 61.4157 2.96939
0.0908203 6.61944 7.2473	0 35.7176 2.91676
0.0910645 6.33893 7.23979	0 22.4285 2.87577
0.0913086 7.26461 7.23743	0 43.5647 2.86415
0.0915527 6.79165 7.243	0 36.9236 2.88509
0.0917969 8.28429 7.25822	0 99.0992 2.92734
0.092041 6.29632 7.2835	0 27.7494 2.9719
0.0922852 6.08668 7.31795	0 29.7561 3.00123
0.0925293 8.37502 7.35969	0 63.1776 3.00635
0.0927734 6.11507 7.40625	0 29.903 2.98936
0.0930176 8.599 7.45508	0 53.8259 2.96177
0.0932617 8.50222 7.5041	0 83.2147 2.94022
0.0935059 7.14433 7.552	0 46.1526 2.94157
0.09375 7.54986 7.59835	0 49.4785 2.97886
0.0939941 8.20397 7.64358	0 80.5332 3.05865
0.0942383 7.56524 7.6886	0 49.8129 3.17986
0.0944824 6.87986 7.73447	0 39.3515 3.3337
0.0947266 7.72623 7.78202	0 69.7827 3.50432
0.0949707 7.79206 7.83163	0 64.2257 3.6704
0.0952148 6.61862 7.88319	0 33.7403 3.8085
0.095459 8.83187 7.93624	0 72.3124 3.89834
0.0957031 8.77648 7.99017	0 77.327 3.92888
0.0959473 8.74632 8.04451	0 75.6066 3.90254
0.0961914 8.18091 8.09901	0 78.1623 3.83503
0.0964355 7.36814 8.15366	0 43.5969 3.75029
0.0966797 7.31753 8.20857	0 57.7604 3.67261
0.0969238 9.01099 8.26376	0 72.4836 3.61985
0.097168 7.58374 8.31902	0 41.8908 3.6006
0.0974121 8.06662 8.37386	0 84.292 3.61597
0.0976562 9.47285 8.42763	0 95.5799 3.66359
0.0979004 8.66318 8.47964	0 56.1955 3.7404
0.0981445 9.14156 8.52948	0 98.7611 3.84238
0.0983887 7.41784 8.5771	0 39.7527 3.96197
0.0986328 9.17748 8.62292	0 114.088 4.08683
0.098877 8.49164 8.66771	0 93.5495 4.20241
0.0991211 8.75876 8.71229	0 76.7755 4.29808
0.0993652 10.3336 8.75729	0 92.6302 4.37338
0.0996094 6.97702 8.80282	0 62.9501 4.43971
0.0998535 8.23998 8.84837	0 65.9965 4.51582
0.100098 8.05964 8.89283	0 93.1778 4.61902
0.100342 9.94195 8.93477	0 84.7056 4.75677
0.100586 9.58193 8.97274	0 66.9094 4.92322
0.10083 9.8369 9.00574	0 147.897 5.10219
0.101074 9.21273 9.03347	0 80.7817 5.27507
0.101318 10.0008 9.05647	0 78.5263 5.42909
0.101562 8.3336 9.07605	0 69.9778 5.56195
0.101807 7.83287 9.09413	0 55.9166 5.68077
0.102051 8.38882 9.11298	0 59.5174 5.79678
0.102295 9.07565 9.13494	0 82.7613 5.91935
0.102539 10.4211 9.16223	0 113.614 6.05279
0.102783 10.1187 9.19673	0 90.8505 6.19714
0.103027 8.95334 9.23972	0 71.0219 6.35115
0.103271 8.27381 9.29161	0 71.0523 6.51484
0.103516 9.28583 9.3516	0 64.5583 6.68931
0.10376 8.70979 9.41751	0 117.315 6.87407
0.104004 8.00299 9.4858	0 59.118 7.06388
0.104248 9.64638 9.55186	0 108.73 7.24724
0.104492 9.9707 9.61068	0 135.102 7.40796
0.104736 11.3925 9.65776	0 123.728 7.52897
0.10498 11.6193 9.68992	0 170.387 7.59675
0.105225 9.37867 9.70609	0 78.4323 7.6046
0.105469 10.2564 9.70748	0 88.2936 7.55384
0.105713 9.16649 9.69743	0 108.632 7.45336
0.105957 10.0502 9.6807	0 112.857 7.3185
0.106201 8.80545 9.66247	0 84.8061 7.16983
0.106445 9.55192 9.64731	0 72.0416 7.03189
0.106689 8.68496 9.63832	0 65.9995 6.93091
0.106934 8.66095 9.63654	0 138.154 6.89078
0.107178 10.543 9.64097	0 105.338 6.92673
0.107422 9.61941 9.64885	0 112.77 7.03829
0.107666 9.73355 9.65637	0 104.892 7.20424
0.10791 9.30783 9.65951	0 100.958 7.38332
0.108154 10.7469 9.65488	0 93.0789 7.52268
0.108398 9.64059 9.64029	0 84.4548 7.57257
0.108643 11.4777 9.6151	0 151.66 7.50238
0.108887 9.39865 9.58012	0 86.9843 7.31179
0.109131 8.03772 9.53728	0 61.5125 7.03235
0.109375 10.222 9.48906	0 91.6986 6.719
0.109619 9.22181 9.43779	0 76.0989 6.43466
0.109863 8.8794 9.38515	0 76.5687 6.23315
0.110107 8.69173 9.33179	0 71.8762 6.14538
0.110352 10.0853 9.27727	0 86.3348 6.17181
0.110596 8.57863 9.22026	0 89.9186 6.2827
0.11084 9.93536 9.15887	0 108.341 6.42564
0.111084 9.28739 9.09118	0 99.3078 6.53874
0.111328 9.52889 9.01565	0 110.611 6.56642
0.111572 9.39489 8.93151	0 76.3313 6.47342
0.111816 8.28991 8.8389	0 71.8414 6.25319
0.112061 8.55967 8.73897	0 78.8225 5.92787
0.112305 9.03555 8.63373	0 71.3106 5.54035
0.112549 8.93087 8.52578	0 62.4907 5.14117
0.112793 8.44813 8.41805	0 79.6624 4.7747
0.113037 8.29002 8.31338	0 84.1233 4.46886
0.113281 6.73554 8.21424	0 41.2309 4.23082
0.113525 9.13864 8.12235	0 82.2933 4.04913
0.11377 7.52145 8.03853	0 45.3426 3.90088
0.114014 7.32861 7.96261	0 55.822 3.76118
0.114258 8.0486 7.89355	0 75.2528 3.61169
0.114502 7.2243 7.82968	0 55.0921 3.44563
0.114746 8.23265 7.76906	0 76.7779 3.26786
0.11499 7.74706 7.70983	0 59.7979 3.091
0.115234 8.23002 7.65053	0 55.1409 2.92997
0.115479 8.73001 7.59025	0 67.4888 2.79768
0.115723 6.78977 7.52859	0 41.0516 2.70293
0.115967 6.64639 7.46559	0 52.0878 2.64972
0.116211 7.72431 7.40149	0 50.0146 2.63652
0.116455 7.03597 7.3366	0 38.5498 2.65516
0.116699 6.45506 7.27126	0 43.3664 2.69043
0.116943 7.62639 7.2059	0 70.2544 2.7222
0.117188 8.08306 7.14118	0 118.935 2.73029
0.117432 7.68728 7.07808	0 58.6628 2.70031
0.117676 7.26784 7.0179	0 44.5175 2.62765
0.11792 6.29579 6.96209	0 32.7443 2.51787
0.118164 6.23514 6.91198	0 41.4233 2.38365
0.118408 5.92605 6.86837	0 41.1436 2.24051
0.118652 7.1656 6.83131	0 57.8279 2.10318
0.118896 6.31095 6.79994	0 38.8444 1.98354
0.119141 6.60973 6.77268	0 45.5363 1.88975
0.119385 7.79202 6.74748	0 48.9634 1.82601
0.119629 6.35689 6.72232	0 38.9161 1.79268
0.119873 7.38148 6.69562	0 45.4207 1.78688
0.120117 7.07441 6.66657	0 57.3926 1.80363
0.120361 6.4367 6.63525	0 32.6519 1.83702
0.120605 6.25622 6.60255	0 24.2227 1.88108
0.12085 6.00739 6.56992	0 36.97 1.93043
0.121094 6.98366 6.53903	0 45.6598 1.98076
0.121338 6.71739 6.51138	0 41.086 2.02944
0.121582 6.29311 6.48803	0 31.0547 2.07579
0.121826 6.05641 6.4694	0 38.0266 2.1205
0.12207 6.09072 6.45523	0 30.508 2.16428
0.122314 5.81839 6.4446	0 26.1064 2.20636
0.122559 7.29324 6.43612	0 50.582 2.24404
0.122803 6.92273 6.4281	0 46.2665 2.27369
0.123047 6.38071 6.41878	0 48.7606 2.29289
0.123291 6.09587 6.40651	0 25.7881 2.30225
0.123535 6.4526 6.38995	0 40.7894 2.3055
0.123779 6.24121 6.36818	0 37.4906 2.30763
0.124023 6.70554 6.34078	0 48.6353 2.31195
0.124268 6.55524 6.30794	0 43.0039 2.31806
0.124512 5.97804 6.27037	0 32.4184 2.32216
0.124756 6.72017 6.22925	0 37.5454 2.31975
0.125 7.13841 6.18603	0 68.6892 2.30894
0.125244 5.68596 6.14219	0 26.071 2.29215
0.125488 4.73194 6.099	0 15.8877 2.27466
0.125732 6.38555 6.0573	0 50.2222 2.26096
0.125977 5.11226 6.01741	0 27.8645 2.25122
0.126221 6.53396 5.97912	0 41.7327 2.2404
0.126465 7.12533 5.9419	0 44.512 2.22088
0.126709 5.18686 5.90508	0 30.276 2.18695
0.126953 6.00243 5.86815	0 44.5301 2.13845
0.127197 5.96371 5.83089	0 26.7088 2.08138
0.127441 6.09616 5.79352	0 29.4797 2.0251
0.127686 5.25933 5.7567	0 29.5361 1.97816
0.12793 5.31037 5.72143	0 30.6836 1.94514
0.128174 5.967 5.68888	0 28.9339 1.92628
0.128418 5.94897 5.66027	0 40.9804 1.91945
0.128662 5.95294 5.6367	0 24.3908 1.92287
0.128906 4.50935 5.61898	0 17.391 1.93648
0.12915 5.62425 5.60752	0 35.989 1.96143
0.129395 5.4722 5.60231	0 33.803 1.99801
0.129639 5.91118 5.60285	0 33.5847 2.04374
0.129883 5.07051 5.60818	0 27.6862 2.09255
0.130127 6.05896 5.61699	0 32.6214 2.13541
0.130371 5.44684 5.62776	0 33.6313 2.16198
0.130615 5.52275 5.63893	0 32.2147 2.16259
0.130859 5.31244 5.64915	0 28.7047 2.13036
0.131104 6.03534 5.65744	0 38.3261 2.06297
0.131348 6.53351 5.66335	0 38.9373 1.96398
0.131592 5.18149 5.66695	0 22.1319 1.84309
0.131836 6.08647 5.66878	0 27.4288 1.71501
0.13208 6.30401 5.66956	0 46.6826 1.59688
0.132324 4.23091 5.66997	0 15.4389 1.50466
0.132568 5.27122 5.67033	0 22.7364 1.4493
0.132812 5.94269 5.67045	0 26.9584 1.43409
0.133057 6.37581 5.66954	0 51.4939 1.45379
0.133301 4.9089 5.66633	0 25.064 1.49614
0.133545 5.72191 5.6594	0 30.7985 1.54512
0.133789 6.0775 5.64749	0 20.4639 1.58495
0.134033 6.49204 5.62992	0 40.4331 1.60376
0.134277 5.64991 5.60685	0 21.0429 1.59605
0.134521 5.22639 5.57939	0 22.418 1.5635
0.134766 5.5369 5.5495	0 30.6297 1.51397
0.13501 6.16993 5.51969	0 39.3838 1.45914
0.135254 5.29545 5.49261	0 30.2596 1.41147
0.135498 5.0502 5.47049	0 22.6319 1.38118
0.135742 4.66003 5.45482	0 17.3041 1.37432
0.135986 4.94831 5.44601	0 21.9221 1.3919
0.13623 5.2555 5.44338	0 37.2468 1.43022
0.136475 5.82182 5.44538	0 33.4633 1.48191
0.136719 5.37751 5.44992	0 31.6815 1.53715
0.136963 6.2671 5.45488	0 32.9472 1.58516
0.137207 5.62383 5.45849	0 32.7712 1.61601
0.137451 5.30462 5.45965	0 27.4183 1.62263
0.137695 5.58989 5.45806	0 24.7273 1.60276
0.137939 5.53877 5.45411	0 22.7976 1.56008
0.138184 5.3492 5.44868	0 30.6393 1.50377
0.138428 5.29439 5.44279	0 32.7141 1.4466
0.138672 4.98972 5.43735	0 18.4819 1.40157
0.138916 5.36602 5.43292	0 22.1798 1.3784
0.13916 5.92448 5.42956	0 40.5467 1.38076
0.139404 4.95541 5.42693	0 20.9732 1.40537
0.139648 5.56177 5.42429	0 24.2714 1.44341
0.139893 6.496 5.42075	0 36.8355 1.48361
0.140137 4.1984 5.41543	0 16.7636 1.51616
0.140381 5.10006 5.40763	0 19.6737 1.53592
0.140625 6.01167 5.39698	0 32.9476 1.54394
0.140869 6.1378 5.38348	0 31.2802 1.54651
0.141113 5.46058 5.3675	0 25.6444 1.55231
0.141357 4.94998 5.34961	0 26.9521 1.56845
0.141602 5.60301 5.33048	0 32.9933 1.59713
0.141846 4.8451 5.31076	0 19.471 1.63447
0.14209 4.56326 5.2909	0 20.4758 1.67212
0.142334 5.33163 5.27117	0 29.1248 1.70126
0.142578 5.7249 5.25169	0 34.7509 1.71704
0.142822 5.66378 5.2325	0 26.4067 1.72137
0.143066 5.7972 5.21361	0 34.9665 1.7225
0.143311 4.6252 5.19504	0 20.7577 1.73144
0.143555 5.11326 5.17671	0 20.7282 1.75685
0.143799 4.52019 5.15842	0 18.7763 1.80082
0.144043 5.61779 5.13969	0 25.3094 1.85747
0.144287 4.63851 5.11982	0 29.1605 1.9147
0.144531 4.89557 5.09791	0 21.9924 1.95828
0.144775 5.27073 5.07309	0 31.0117 1.97642
0.14502 6.01026 5.04475	0 29.8386 1.96336
0.145264 5.38532 5.01279	0 23.0648 1.9208
0.145508 4.93552 4.97777	0 21.3843 1.85729
0.145752 4.80566 4.94091	0 17.6424 1.78554
0.145996 4.46809 4.90402	0 19.5077 1.71866
0.14624 4.55167 4.86919	0 20.2838 1.66628
0.146484 4.90292 4.83858	0 22.5126 1.63185
0.146729 5.33351 4.81404	0 31.6578 1.61206
0.146973 4.12762 4.79694	0 22.5603 1.5985
0.147217 4.54147 4.78786	0 24.934 1.58081
0.147461 4.83466 4.7866	0 23.2952 1.5502
0.147705 4.24449 4.79209	0 30.3197 1.50184
0.147949 5.17316 4.80252	0 24.836 1.43567
0.148193 4.50722 4.81552	0 16.8962 1.3556
0.148438 4.4923 4.82846	0 19.6054 1.26789
0.148682 5.36225 4.83875	0 34.9661 1.17948
0.148926 5.26772 4.84429	0 31.4509 1.09695
0.14917 5.14125 4.84371	0 18.7084 1.02604
0.149414 4.79974 4.83661	0 19.845 0.971759
0.149658 4.96492 4.82362	0 23.146 0.938334
0.149902 5.42461 4.80627	0 27.8577 0.929018
0.150146 4.89328 4.78669	0 18.5961 0.945457
0.150391 3.91856 4.7672	0 14.9351 0.986978
0.150635 4.509 4.74991	0 19.5714 1.05022
0.150879 4.20386 4.73637	0 17.8367 1.12944
0.151123 5.23791 4.72729	0 35.787 1.21744
0.151367 4.67848 4.72257	0 22.4133 1.30672
0.151611 4.1581 4.72143	0 14.1828 1.39032
0.151855 4.53773 4.72266	0 20.589 1.46205
0.1521 5.31658 4.72497	0 26.4549 1.51664
0.152344 5.31066 4.72729	0 25.2389 1.55001
0.152588 4.49374 4.729	0 21.2149 1.55995
0.152832 5.16187 4.72995	0 26.191 1.54691
0.153076 4.41057 4.73043	0 18.3359 1.51439
0.15332 4.21237 4.73098	0 13.3033 1.46849
0.153564 4.71951 4.73223	0 21.5068 1.41686
0.153809 4.45133 4.73467	0 21.468 1.36736
0.154053 5.42868 4.7386	0 30.4387 1.32676
0.154297 4.32587 4.74406	0 13.2222 1.29994
0.154541 4.56544 4.75087	0 17.6686 1.2893
0.154785 5.54023 4.7587	0 25.7031 1.29442
0.155029 4.58573 4.76711	0 18.3119 1.31202
0.155273 4.23028 4.7756	0 19.214 1.33627
0.155518 4.98041 4.78358	0 21.8251 1.35983
0.155762 4.39644 4.79045	0 32.0424 1.37552
0.156006 5.36197 4.79556	0 27.3808 1.3785
0.15625 4.74316 4.79833	0 22.4788 1.3679
0.156494 5.24608 4.79827	0 25.6895 1.34738
0.156738 4.31946 4.79512	0 14.8524 1.32387
0.156982 4.80669 4.78893	0 18.2665 1.30511
0.157227 4.73397 4.7801	0 19.4054 1.29695
0.157471 5.18215 4.76931	0 26.5893 1.30184
0.157715 5.71532 4.75741	0 27.278 1.31871
0.157959 4.10065 4.74523	0 22.0811 1.34425
0.158203 4.18272 4.73339	0 15.4859 1.37423
0.158447 4.0717 4.72213	0 13.7926 1.40453
0.158691 5.07299 4.71125	0 21.5143 1.43149
0.158936 4.27489 4.70019	0 20.0193 1.45227
0.15918 5.57787 4.68814	0 34.3863 1.46541
0.159424 4.59729 4.67432	0 18.5163 1.47114
0.159668 4.92064 4.65818	0 19.0498 1.47117
0.159912 5.26123 4.63949	0 22.085 1.46752
0.160156 4.26463 4.61843	0 21.0886 1.46096
0.1604 4.15833 4.59548	0 16.999 1.45017
0.160645 4.48481 4.57134	0 24.9922 1.43198
0.160889 4.32457 4.54677	0 18.9353 1.4029
0.161133 4.49563 4.52255	0 22.3302 1.36095
0.161377 4.69381 4.49943	0 26.798 1.30694
0.161621 4.96071 4.47811	0 26.2866 1.24468
0.161865 4.69267 4.45924	0 23.4653 1.18008
0.162109 4.41293 4.4433	0 29.8241 1.11976
0.162354 3.61274 4.43052	0 10.1642 1.06961
0.162598 4.23889 4.42074	0 12.9045 1.03382
0.162842 4.02888 4.41329	0 12.6023 1.01456
0.163086 4.67975 4.40697	0 26.7889 1.01209
0.16333 4.39474 4.40026	0 21.9423 1.02485
0.163574 4.63615 4.39147	0 14.3352 1.04955
0.163818 4.58447 4.37914	0 17.7261 1.08104
0.164062 4.5114 4.36234	0 15.1904 1.11265
0.164307 4.95323 4.34091	0 18.95 1.13731
0.164551 4.32733 4.31559	0 15.477 1.14929
0.164795 3.93903 4.28795	0 30.5217 1.14616
0.165039 3.95024 4.26015	0 17.6031 1.12973
0.165283 4.96504 4.23462	0 19.8652 1.10568
0.165527 3.94643 4.21365	0 15.7262 1.08172
0.165771 3.38343 4.19905	0 13.7106 1.06508
0.166016 3.82369 4.19185	0 18.7081 1.06034
0.16626 4.31468 4.19221	0 13.8951 1.06842
0.166504 4.2055 4.19941	0 16.4362 1.08676
0.166748 3.81703 4.21202	0 12.7086 1.11079
0.166992 4.11312 4.22817	0 21.9752 1.13566
0.167236 4.9889 4.24577	0 23.6154 1.1579
0.16748 4.26265 4.26284	0 14.8622 1.17617
0.167725 4.73263 4.27764	0 24.29 1.19104
0.167969 3.80959 4.28874	0 12.6614 1.20408
0.168213 4.19281 4.29513	0 23.3851 1.21654
0.168457 4.26497 4.29613	0 13.6266 1.22846
0.168701 4.90082 4.29142	0 19.0796 1.23841
0.168945 3.77501 4.28107	0 13.4795 1.24396
0.169189 4.66732 4.26553	0 24.2317 1.24263
0.169434 4.76969 4.2457	0 24.7696 1.23286
0.169678 4.02551 4.22285	0 17.7215 1.21454
0.169922 4.2922 4.19856	0 23.0497 1.18884
0.170166 4.21453 4.17451	0 19.4843 1.15747
0.17041 4.20975 4.15221	0 14.2379 1.12188
0.170654 3.50736 4.1328	0 13.7429 1.08296
0.170898 3.26333 4.11681	0 14.2515 1.04141
0.171143 4.82165 4.10409	0 26.7797 0.998521
0.171387 3.63247 4.0939	0 10.3152 0.956723
0.171631 4.4276 4.08505	0 23.2896 0.91927
0.171875 4.64516 4.07625	0 22.7331 0.889073
0.172119 3.90619 4.06638	0 14.2535 0.867228
0.172363 3.46305 4.05475	0 14.3501 0.852106
0.172607 4.63478 4.04125	0 14.0791 0.839756
0.172852 4.51565 4.02637	0 23.2185 0.825643
0.173096 3.89002 4.01105	0 14.1027 0.806977
0.17334 3.90586 3.99644	0 15.0378 0.784465
0.173584 3.71209 3.98366	0 13.1656 0.762486
0.173828 3.4899 3.97352	0 11.0285 0.747532
0.174072 3.58429 3.96639	0 10.7763 0.745633
0.174316 4.23095 3.9622	0 17.1137 0.760023
0.174561 3.92991 3.96052	0 12.725 0.789993
0.174805 4.30778 3.96072	0 16.2721 0.831209
0.175049 4.06134 3.96216	0 28.9967 0.877021
0.175293 4.41954 3.96427	0 17.0419 0.920049
0.175537 3.50228 3.96662	0 16.2473 0.953581
0.175781 3.8985 3.96883	0 16.6104 0.972669
0.176025 3.89842 3.97048	0 16.6826 0.974969
0.17627 3.33592 3.97105	0 18.8165 0.961172
0.176514 4.42204 3.9699	0 23.8538 0.934759
0.176758 4.12227 3.96641	0 13.3305 0.900916
0.177002 4.02295 3.96011	0 15.2857 0.86496
0.177246 3.94484 3.95089	0 12.5105 0.830949
0.17749 4.85539 3.93919	0 16.8335 0.801081
0.177734 3.49271 3.92602	0 11.0358 0.775996
0.177979 3.87641 3.91279	0 9.46052 0.75558
0.178223 4.33851 3.90114	0 20.728 0.739689
0.178467 3.42114 3.8925	0 9.83132 0.728424
0.178711 3.13792 3.8878	0 7.41135 0.722011
0.178955 3.47661 3.88722	0 11.2105 0.720563
0.179199 3.80213 3.89012	0 19.7115 0.723974
0.179443 4.37935 3.8951	0 17.5781 0.73193
0.179688 4.12595 3.90032	0 11.0658 0.743889
0.179932 3.53584 3.90386	0 10.2638 0.75889
0.180176 5.23618 3.90405	0 25.4684 0.775335
0.18042 3.28509 3.89981	0 9.183 0.79103
0.180664 3.68896 3.89077	0 11.6772 0.803689
0.180908 4.30755 3.87737	0 20.5594 0.811821
0.181152 3.75191 3.86066	0 16.9792 0.815566
0.181396 4.19071 3.84214	0 22.2113 0.817005
0.181641 3.90184 3.82347	0 14.1866 0.81965
0.181885 3.14679 3.80616	0 13.5495 0.827203
0.182129 3.67571 3.7914	0 12.6959 0.841989
0.182373 3.91084 3.77984	0 12.2976 0.863616
0.182617 3.18733 3.77159	0 11.3548 0.888427
0.182861 4.24931 3.7663	0 20.9556 0.910071
0.183105 3.69641 3.76326	0 14.9769 0.921199
0.18335 3.4296 3.76167	0 16.0139 0.915854
0.183594 4.18943 3.76083	0 22.3009 0.891731
0.183838 3.76897 3.76031	0 9.71634 0.851396
0.184082 3.80718 3.75996	0 12.4863 0.80188
0.184326 4.36974 3.75993	0 13.4576 0.752712
0.18457 3.40477 3.76048	0 8.16427 0.713174
0.184814 3.28283 3.76182	0 10.0804 0.689889
0.185059 3.36746 3.76391	0 9.16442 0.685664
0.185303 3.75059 3.76637	0 12.8325 0.699813
0.185547 4.00802 3.7685	0 11.275 0.729477
0.185791 3.96175 3.76935	0 15.4303 0.771048
0.186035 3.63127 3.76794	0 18.0028 0.820911
0.186279 4.43737 3.76341	0 12.4374 0.875299
0.186523 4.01061 3.75519	0 11.4534 0.92965
0.186768 3.3922 3.74306	0 10.1608 0.978237
0.187012 3.4409 3.72717	0 14.4904 1.01467
0.187256 4.07307 3.70799	0 20.0261 1.03331
0.1875 3.26341 3.68622	0 16.6114 1.031
0.187744 4.16538 3.6627	0 15.1471 1.00823
0.187988 3.54005 3.63838	0 12.4077 0.969118
0.188232 3.47937 3.61427	0 12.2858 0.920263
0.188477 3.78867 3.59133	0 14.4204 0.868976
0.188721 3.51683 3.57042	0 11.9889 0.82163
0.188965 3.83497 3.55217	0 16.2731 0.78258
0.189209 3.02869 3.53685	0 10.7956 0.753732
0.189453 3.18671 3.52429	0 11.6583 0.734599
0.189697 3.31283 3.51392	0 10.8099 0.722719
0.189941 3.31897 3.50485	0 8.34424 0.714402
0.190186 3.82057 3.49613	0 16.3288 0.705809
0.19043 3.81013 3.48704	0 14.2684 0.694213
0.190674 3.75807 3.47732	0 17.9664 0.679106
0.190918 3.40903 3.46733	0 13.1611 0.662706
0.191162 4.3561 3.45804	0 27.2203 0.649518
0.191406 2.90668 3.45084	0 9.703 0.644963
0.19165 2.92105 3.44716	0 6.35302 0.653486
0.191895 2.88921 3.44813	0 7.71729 0.676811
0.192139 3.17221 3.45426	0 15.1162 0.712985
0.192383 3.45569 3.46523	0 12.3576 0.756555
0.192627 3.1743 3.47993	0 10.825 0.799832
0.192871 4.21638 3.49662	0 15.0133 0.834853
0.193115 3.65577 3.51322	0 15.7956 0.855492
0.193359 3.68626 3.5277	0 14.4909 0.85907
0.193604 3.34231 3.53829	0 8.85967 0.846895
0.193848 3.95874 3.54378	0 13.0005 0.823502
0.194092 3.34704 3.54356	0 8.54541 0.794862
0.194336 3.37574 3.53762	0 9.88319 0.766314
0.19458 4.13615 3.52654	0 15.5337 0.741142
0.194824 3.48348 3.51133	0 11.3205 0.720308
0.195068 3.40925 3.49334	0 11.2512 0.703215
0.195312 3.69677 3.47411	0 16.0783 0.688802
0.195557 3.22486 3.45523	0 9.03381 0.676268
0.195801 3.36648 3.43824	0 13.7267 0.665118
0.196045 3.17838 3.42446	0 12.9689 0.654828
0.196289 3.31356 3.41492	0 10.0811 0.644633
0.196533 3.20635 3.41019	0 8.21445 0.633737
0.196777 3.88816 3.41039	0 14.9368 0.621783
0.197021 3.41611 3.4151	0 11.5629 0.609147
0.197266 2.86218 3.42343	0 6.78569 0.596755
0.19751 2.95376 3.43414	0 8.14357 0.585517
0.197754 3.549 3.44578	0 11.7676 0.575835
0.197998 3.59892 3.45698	0 11.268 0.567576
0.198242 4.13177 3.46663	0 15.351 0.560607
0.198486 3.5899 3.47408	0 10.2625 0.555531
0.19873 3.74557 3.47923	0 12.5914 0.554141
0.198975 3.46482 3.48248	0 7.8563 0.559212
0.199219 3.44621 3.48455	0 14.0754 0.573592
0.199463 2.74073 3.48628	0 9.40211 0.598928
0.199707 3.72885 3.48833	0 16.5407 0.634523
0.199951 3.08511 3.49106	0 9.49476 0.676861
0.200195 3.46966 3.49437	0 12.7664 0.720064
0.200439 3.82933 3.49779	0 17.012 0.757233
0.200684 4.04192 3.50056	0 18.5552 0.782254
0.200928 3.07707 3.50181	0 12.5025 0.791429
0.201172 3.74093 3.50075	0 9.40402 0.784347
0.201416 3.3184 3.49682	0 9.23574 0.763738
0.20166 3.50246 3.48976	0 12.3572 0.734448
0.201904 3.59297 3.4797	0 12.0459 0.702033
0.202148 3.54513 3.46711	0 10.1482 0.671546
0.202393 3.78514 3.45276	0 10.1196 0.64684
0.202637 3.47336 3.43764	0 11.7756 0.630435
0.202881 3.32872 3.42278	0 10.2325 0.623656
0.203125 2.87798 3.40919	0 7.92551 0.62677
0.203369 3.59226 3.39766	0 9.83923 0.63895
0.203613 3.15919 3.3887	0 10.8962 0.658109
0.203857 3.42 3.38245	0 12.3832 0.680847
0.204102 3.41229 3.37877	0 14.0402 0.702709
0.204346 3.38501 3.37722	0 13.2186 0.718931
0.20459 3.08529 3.37727	0 9.68264 0.725601
0.204834 3.51012 3.3784	0 12.9719 0.720917
0.205078 3.59137 3.38019	0 13.7336 0.706093
0.205322 3.49919 3.38246	0 12.2507 0.685438
0.205566 3.46126 3.38522	0 10.441 0.665422
0.205811 3.37365 3.38863	0 12.7884 0.652931
0.206055 2.87442 3.39289	0 6.27542 0.653295
0.206299 3.63021 3.39808	0 12.4417 0.668785
0.206543 3.39621 3.4041	0 21.4051 0.69804
0.206787 3.17352 3.41056	0 8.08593 0.736528
0.207031 3.40987 3.41682	0 10.7448 0.777729
0.207275 3.64904 3.42207	0 16.4932 0.814624
0.20752 3.19691 3.42546	0 14.6855 0.841085
0.207764 3.83132 3.42629	0 17.15 0.852955
0.208008 3.43977 3.42417	0 9.21269 0.848678
0.208252 3.70339 3.41909	0 17.5224 0.829397
0.208496 3.19689 3.41149	0 9.35767 0.798552
0.20874 3.67627 3.40213	0 18.1925 0.761055
0.208984 3.55671 3.39199	0 10.1873 0.722293
0.209229 2.9016 3.38204	0 9.17625 0.687169
0.209473 3.06014 3.37306	0 10.3851 0.659368
0.209717 3.66845 3.36554	0 12.3734 0.640942
0.209961 3.05502 3.35955	0 8.20565 0.632218
0.210205 3.44132 3.35483	0 11.0637 0.632002
0.210449 3.10592 3.35091	0 8.21853 0.637971
0.210693 3.77746 3.34726	0 12.1059 0.647126
0.210938 3.37674 3.34349	0 11.5196 0.656186
0.211182 3.55842 3.33942	0 15.0018 0.661917
0.211426 3.34946 3.33522	0 12.3651 0.661481
0.21167 3.06096 3.33131	0 10.3952 0.652912
0.211914 3.44288 3.32827	0 11.28 0.635682
0.212158 3.21944 3.32675	0 9.64893 0.611122
0.212402 2.93564 3.3273	0 8.2133 0.582435
0.212646 3.59747 3.33032	0 10.9017 0.554118
0.212891 3.10871 3.33598	0 10.3696 0.530959
0.213135 3.18978 3.34426	0 9.68262 0.516941
0.213379 3.76358 3.35491	0 18.7795 0.514435
0.213623 3.46637 3.36752	0 15.2171 0.523872
0.213867 3.18018 3.3815	0 9.62771 0.543855
0.214111 3.10749 3.39602	0 11.0106 0.571513
0.214355 3.70818 3.41004	0 12.421 0.602962
0.2146 3.08674 3.42227	0 9.60666 0.633808
0.214844 3.50257 3.4313	0 11.4056 0.65978
0.215088 3.39319 3.43574	0 8.2078 0.677501
0.215332 3.38285 3.43441	0 11.8826 0.685311
0.215576 4.29613 3.42658	0 16.7077 0.683852
0.21582 4.00392 3.41214	0 12.1818 0.676054
0.216064 3.02855 3.39171	0 8.18066 0.666303
0.216309 3.61104 3.36658	0 12.048 0.658913
0.216553 2.79678 3.33856	0 8.11889 0.656458
0.216797 3.59573 3.30973	0 10.0263 0.658726
0.217041 3.17811 3.2821	0 15.5955 0.662799
0.217285 3.0737 3.25742	0 12.3482 0.664306
0.217529 2.81299 3.2369	0 7.98946 0.659238
0.217773 3.20177 3.22115	0 11.1747 0.645512
0.218018 3.48694 3.21018	0 15.5941 0.623626
0.218262 2.80181 3.20351	0 6.91677 0.596255
0.218506 3.33832 3.20033	0 9.92183 0.567155
0.21875 3.11792 3.19967	0 10.4827 0.539981
0.218994 3.32722 3.20065	0 7.74116 0.517513
0.219238 3.25929 3.20255	0 8.37118 0.501422
0.219482 3.13394 3.20493	0 8.77162 0.492416
0.219727 3.52158 3.20767	0 11.2339 0.490447
0.219971 2.98695 3.21086	0 6.68829 0.494768
0.220215 3.11117 3.21475	0 11.4929 0.503834
0.220459 3.41512 3.21957	0 10.0512 0.515226
0.220703 3.06635 3.22543	0 9.64169 0.525834
0.220947 3.05317 3.23222	0 10.5153 0.532402
0.221191 2.97865 3.23951	0 10.9232 0.532385
0.221436 3.31436 3.24666	0 7.11207 0.524832
0.22168 3.70144 3.25281	0 14.6237 0.51091
0.221924 3.30714 3.25711	0 11.2209 0.493734
0.222168 3.02843 3.25882	0 7.79789 0.477403
0.222412 3.34449 3.25746	0 9.91746 0.465523
0.222656 3.29709 3.25296	0 9.40378 0.459831
0.2229 3.91362 3.24566	0 15.953 0.459566
0.223145 3.07147 3.23629	0 8.31893 0.461939
0.223389 2.67657 3.22586	0 6.25945 0.463549
0.223633 3.78855 3.21545	0 14.0482 0.462082
0.223877 3.00065 3.20604	0 7.70158 0.457507
0.224121 2.90328 3.19833	0 7.31946 0.452211
0.224365 2.97673 3.19256	0 9.73759 0.449984
0.224609 3.0682 3.18847	0 7.05683 0.454297
0.224854 3.30457 3.18539	0 9.65547 0.466624
0.225098 3.33152 3.18232	0 11.8016 0.485541
0.225342 3.28131 3.17819	0 7.58037 0.507003
0.225586 3.01079 3.17205	0 6.85013 0.525716
0.22583 3.50476 3.16331	0 13.6142 0.537026
0.226074 3.22864 3.15188	0 8.88181 0.538526
0.226318 3.23442 3.13822	0 6.9744 0.53077
0.226562 3.13307 3.12324	0 9.92556 0.516826
0.226807 3.5092 3.10815	0 12.5428 0.50097
0.227051 2.81959 3.09426	0 7.37619 0.487077
0.227295 2.43016 3.08271	0 4.78087 0.477361
0.227539 2.89769 3.0743	0 7.30803 0.471902
0.227783 2.92217 3.0694	0 8.93236 0.469044
0.228027 3.26171 3.06788	0 9.7586 0.466436
0.228271 3.49224 3.06925	0 13.1164 0.462257
0.228516 2.73245 3.07271	0 5.41918 0.456124
0.22876 3.20385 3.07734	0 7.49227 0.449371
0.229004 3.26699 3.08214	0 11.1613 0.444644
0.229248 2.97205 3.08619	0 8.80546 0.445009
0.229492 2.61331 3.08868	0 5.18507 0.452934
0.229736 3.11512 3.08899	0 8.28675 0.46949
0.22998 3.58021 3.08677	0 11.389 0.493986
0.230225 3.52698 3.08197	0 11.7951 0.524109
0.230469 2.66929 3.07493	0 5.7048 0.556483
0.230713 3.12503 3.06638	0 8.1854 0.587444
0.230957 3.47306 3.05733	0 18.5358 0.613779
0.231201 2.77585 3.04899	0 7.64832 0.633201
0.231445 2.9085 3.04255	0 8.28516 0.644451
0.231689 3.05067 3.039	0 8.37702 0.647149
0.231934 2.65883 3.03895	0 8.06437 0.641612
0.232178 2.40271 3.04255	0 5.1116 0.628877
0.232422 3.60488 3.04945	0 15.2006 0.610927
0.232666 3.13149 3.05889	0 10.5881 0.59091
0.23291 3.24036 3.06983	0 8.66658 0.573018
0.233154 3.04133 3.08115	0 8.66119 0.561837
0.233398 2.73602 3.09176	0 6.80435 0.561258
0.233643 3.17378 3.10077	0 6.95101 0.573312
0.233887 3.52589 3.10757	0 11.9065 0.597361
0.234131 3.38759 3.11181	0 14.9896 0.629942
0.234375 3.07302 3.11341	0 8.70304 0.665318
0.234619 2.56707 3.11251	0 6.81475 0.696642
0.234863 3.24018 3.10942	0 11.5463 0.717502
0.235107 3.20443 3.10458	0 10.0592 0.72351
0.235352 3.39388 3.09849	0 12.0696 0.713529
0.235596 3.23193 3.09174	0 9.15128 0.690045
0.23584 2.86366 3.0849	0 6.16877 0.658456
0.236084 2.73262 3.07854	0 6.77776 0.62545
0.236328 3.20165 3.07317	0 11.9805 0.59707
0.236572 3.34302 3.06918	0 14.2821 0.577216
0.236816 2.69947 3.06677	0 8.15122 0.567033
0.237061 3.23379 3.06594	0 8.18934 0.565162
0.237305 2.92653 3.06641	0 5.91339 0.568511
0.237549 3.01455 3.06764	0 6.80385 0.573155
0.237793 2.93639 3.06892	0 6.07896 0.575202
0.238037 3.24086 3.06936	0 11.7063 0.571593
0.238281 3.04109 3.0681	0 9.8309 0.560784
0.238525 3.2211 3.0644	0 13.516 0.543105
0.23877 3.03722 3.05777	0 6.74157 0.520591
0.239014 3.41855 3.04813	0 8.56666 0.49627
0.239258 3.00034 3.03577	0 7.23855 0.473175
0.239502 3.18378 3.02139	0 8.82581 0.453541
0.239746 2.77564 3.00601	0 7.4154 0.438507
0.23999 3.18416 2.99077	0 7.1385 0.428397
0.240234 2.68255 2.97678	0 6.86571 0.423297
0.240479 2.64497 2.96492	0 6.3811 0.423572
0.240723 3.16949 2.95567	0 10.6749 0.429947
0.240967 3.14394 2.94907	0 6.38133 0.443035
0.241211 2.56606 2.94466	0 7.08439 0.462489
0.241455 2.66729 2.94163	0 7.0961 0.486202
0.241699 2.76175 2.93893	0 9.15249 0.510087
0.241943 3.36208 2.93551	0 10.8182 0.528755
0.242188 3.40272 2.93047	0 9.20207 0.536991
0.242432 2.84938 2.92327	0 7.48379 0.531452
0.242676 3.18702 2.91373	0 13.3745 0.511846
0.24292 2.88305 2.90205	0 9.06618 0.48105
0.243164 2.72122 2.88869	0 8.3602 0.444116
0.243408 2.5319 2.87424	0 7.73052 0.406647
0.243652 2.80941 2.85932	0 9.14439 0.373226
0.243896 2.57961 2.8445	0 6.48766 0.346479
0.244141 3.47275 2.83027	0 10.2405 0.326971
0.244385 2.84402 2.81708	0 8.17309 0.313803
0.244629 2.65892 2.80537	0 5.10718 0.305523
0.244873 3.14555 2.79556	0 6.88804 0.300961
0.245117 2.36619 2.78808	0 4.93764 0.299706
0.245361 2.45139 2.78324	0 6.32136 0.302092
0.245605 2.86059 2.7812	0 8.84271 0.308767
0.24585 2.55516 2.7819	0 5.94678 0.320075
0.246094 3.278 2.78506	0 11.4986 0.335521
0.246338 2.17228 2.79027	0 4.09326 0.353617
0.246582 2.95964 2.79699	0 9.45611 0.372206
0.246826 2.98737 2.80478	0 7.24264 0.389206
0.24707 2.95064 2.8133	0 9.01069 0.403501
0.247314 3.00447 2.82238	0 9.59824 0.415605
0.247559 2.65778 2.83204	0 7.55829 0.427761
0.247803 2.73862 2.84235	0 7.74765 0.443337
0.248047 2.61446 2.85339	0 6.64652 0.465609
0.248291 2.78401 2.86509	0 5.87689 0.496358
0.248535 2.96045 2.87723	0 7.51178 0.534778
0.248779 3.20128 2.88935	0 15.3381 0.577208
0.249023 2.62925 2.90085	0 8.30338 0.61788
0.249268 2.72924 2.91102	0 8.50186 0.650532
0.249512 3.1617 2.91918	0 11.9187 0.67032
0.249756 3.45979 2.92474	0 14.9178 0.675325
0.25 2.82298 2.92731	0 9.21509 0.667
0.250244 2.59405 2.92674	0 5.94164 0.649365
0.250488 3.02668 2.92316	0 12.3761 0.627269
0.250732 2.85925 2.917	0 6.0975 0.604485
0.250977 3.36207 2.9089	0 10.9141 0.582482
0.251221 2.745 2.89972	0 8.18651 0.560355
0.251465 3.16125 2.89042	0 9.58268 0.535878
0.251709 2.71857 2.88192	0 7.6115 0.507111
0.251953 2.5404 2.87505	0 8.3041 0.473826
0.252197 2.69109 2.87038	0 7.96384 0.438168
0.252441 2.88096 2.86822	0 4.89328 0.404331
0.252686 2.82423 2.86857	0 9.58233 0.377457
0.25293 2.91629 2.87119	0 8.77375 0.362208
0.253174 2.96506 2.87572	0 12.1453 0.361531
0.253418 2.71371 2.88173	0 6.0744 0.376007
0.253662 3.06679 2.88882	0 8.42604 0.403925
0.253906 3.0957 2.89664	0 9.13481 0.441956
0.25415 2.62818 2.90489	0 6.55387 0.48609
0.254395 3.51386 2.91324	0 13.6527 0.532419
0.254639 2.08607 2.9213	0 4.48884 0.577511
0.254883 2.58672 2.92859	0 6.77416 0.618345
0.255127 3.09409 2.9346	0 9.22774 0.652089
0.255371 3.41233 2.93885	0 10.7251 0.676037
0.255615 3.35529 2.94103	0 15.4103 0.687884
0.255859 2.94771 2.94105	0 10.154 0.686238
0.256104 2.92965 2.93915	0 8.03653 0.671084
0.256348 2.91921 2.93576	0 13.409 0.643948
0.256592 2.54741 2.93147	0 4.54562 0.607694
0.256836 2.93836 2.92683	0 9.60134 0.566044
0.25708 3.10249 2.92222	0 9.08462 0.522964
0.257324 2.80301 2.91771	0 7.24858 0.48203
0.257568 2.85953 2.9131	0 7.83071 0.445852
0.257812 2.53948 2.90791	0 5.22835 0.415693
0.258057 3.14291 2.90158	0 11.479 0.391412
0.258301 3.43047 2.89361	0 10.5914 0.371831
0.258545 2.89883 2.88367	0 8.3861 0.355413
0.258789 2.67594 2.87177	0 5.44891 0.341012
0.259033 3.17751 2.85823	0 9.08682 0.328391
0.259277 2.59871 2.84368	0 7.04974 0.318347
0.259521 2.85299 2.8289	0 8.43099 0.312399
0.259766 2.82391 2.81479	0 9.15381 0.312174
0.26001 2.55907 2.80219	0 5.33254 0.318689
0.260254 2.75022 2.79183	0 7.56143 0.331781
0.260498 2.58965 2.78429	0 6.59085 0.349929
0.260742 3.1176 2.77998	0 12.3444 0.370554
0.260986 2.69082 2.77915	0 5.70362 0.390729
0.26123 2.89631 2.78182	0 9.0785 0.407983
0.261475 2.49494 2.78778	0 5.2427 0.420896
0.261719 2.72495 2.79653	0 6.71259 0.429257
0.261963 2.56273 2.80722	0 7.82148 0.433782
0.262207 2.87612 2.81865	0 7.57635 0.435573
0.262451 2.81602 2.8294	0 6.99899 0.435536
0.262695 2.7469 2.83792	0 7.40664 0.434018
0.262939 3.01592 2.84279	0 10.389 0.430803
0.263184 3.43384 2.84298	0 12.9232 0.42544
0.263428 2.78324 2.83799	0 6.56118 0.417749
0.263672 2.9522 2.82804	0 7.26322 0.408213
0.263916 3.11595 2.81405	0 9.03453 0.398043
0.26416 2.90141 2.79747	0 8.03102 0.388878
0.264404 2.54836 2.78008	0 6.22999 0.382236
0.264648 2.5761 2.76366	0 6.78026 0.378953
0.264893 2.44612 2.74969	0 5.3862 0.378824
0.265137 2.43717 2.73914	0 5.45316 0.380573
0.265381 3.01653 2.73233	0 7.68071 0.38216
0.265625 2.11205 2.729	0 3.17229 0.381372
0.265869 2.97766 2.72838	0 12.3714 0.376513
0.266113 3.24994 2.72943	0 12.283 0.367013
0.266357 2.75117 2.73099	0 4.65755 0.353756
0.266602 2.54851 2.73201	0 7.20503 0.339054
0.266846 2.60404 2.73163	0 5.59917 0.326241
0.26709 3.1002 2.72926	0 7.5975 0.318973
0.267334 2.47886 2.72462	0 5.38271 0.320352
0.267578 2.50881 2.71771	0 5.1046 0.33205
0.267822 3.12489 2.70882	0 7.79263 0.353685
0.268066 2.72176 2.6985	0 6.55615 0.382741
0.268311 2.87842 2.68755	0 9.21791 0.415172
0.268555 2.72785 2.67691	0 8.49615 0.446553
0.268799 2.48305 2.66759	0 4.9641 0.473371
0.269043 2.34063 2.66055	0 4.85727 0.493913
0.269287 2.66899 2.65656	0 7.3558 0.50844
0.269531 2.58573 2.65607	0 8.12282 0.518664
0.269775 2.51488 2.65914	0 6.47807 0.526899
0.27002 2.37863 2.66545	0 4.23444 0.535274
0.270264 3.18437 2.67431	0 8.96647 0.545271
0.270508 2.58541 2.68482	0 6.01702 0.557522
0.270752 2.33692 2.69596	0 6.58112 0.571699
0.270996 2.87274 2.70683	0 5.23954 0.586389
0.27124 2.9124 2.71674	0 8.92129 0.599139
0.271484 2.8796 2.72533	0 7.1285 0.606881
0.271729 2.44683 2.73263	0 5.12126 0.606855
0.271973 3.28464 2.73896	0 10.9961 0.59772
0.272217 2.76212 2.74484	0 9.38147 0.580281
0.272461 2.66188 2.75078	0 5.6635 0.557354
0.272705 2.39015 2.75711	0 5.31454 0.532735
0.272949 2.40655 2.76383	0 8.77296 0.509811
0.273193 2.78627 2.77055	0 10.2629 0.490556
0.273438 2.66927 2.77654	0 6.6165 0.475417
0.273682 2.94233 2.78092	0 7.04437 0.463986
0.273926 3.5903 2.78283	0 16.7066 0.455871
0.27417 2.5415 2.78165	0 7.7072 0.451111
0.274414 3.10455 2.77717	0 8.42146 0.449871
0.274658 2.6578 2.76966	0 6.99975 0.451695
0.274902 2.69206 2.75978	0 5.53871 0.454939
0.275146 2.5924 2.74851	0 5.81607 0.456902
0.275391 2.71475 2.73689	0 7.57911 0.454683
0.275635 2.6802 2.72593	0 6.98637 0.446363
0.275879 2.79044 2.71636	0 9.67934 0.431855
0.276123 2.76942 2.70857	0 9.57426 0.413016
0.276367 2.37647 2.70259	0 4.31588 0.39298
0.276611 2.72809 2.69808	0 6.99364 0.375106
0.276855 2.81454 2.69445	0 5.59686 0.362021
0.2771 2.34505 2.69096	0 7.8839 0.355126
0.277344 2.90578 2.68691	0 6.0388 0.35459
0.277588 2.68311 2.68178	0 10.6448 0.359656
0.277832 3.11402 2.67537	0 11.6246 0.36899
0.278076 2.7491 2.66787	0 5.73899 0.380926
0.27832 2.26476 2.65985	0 3.5264 0.393626
0.278564 3.29364 2.65221	0 9.34541 0.40527
0.278809 2.47248 2.64596	0 6.19515 0.414394
0.279053 1.80872 2.64211	0 2.97097 0.420313
0.279297 2.59809 2.64146	0 7.2854 0.423486
0.279541 2.685 2.64443	0 6.98892 0.425551
0.279785 3.05595 2.65103	0 9.89221 0.428886
0.280029 2.55877 2.66081	0 7.04723 0.435756
0.280273 2.24626 2.67294	0 4.51485 0.447375
0.280518 2.9917 2.68626	0 7.99235 0.463373
0.280762 2.13873 2.69945	0 5.33389 0.48197
0.281006 3.13957 2.71117	0 10.3043 0.500836
0.28125 3.0166 2.72023	0 9.3267 0.518141
0.281494 2.62632 2.72566	0 5.0122 0.533198
0.281738 2.95964 2.72688	0 7.13726 0.546312
0.281982 2.66466 2.72374	0 6.21646 0.557961
0.282227 3.18505 2.71649	0 11.0411 0.567876
0.282471 2.44859 2.7058	0 8.13972 0.574602
0.282715 2.58416 2.69265	0 6.78327 0.575853
0.282959 2.67129 2.67821	0 6.09804 0.569471
0.283203 2.79996 2.66375	0 7.51289 0.554499
0.283447 2.48039 2.65055	0 10.3115 0.531832
0.283691 2.85374 2.6397	0 7.61741 0.504134
0.283936 2.44509 2.63208	0 6.08704 0.475098
0.28418 2.41243 2.62827	0 4.37924 0.448369
0.284424 2.38018 2.62842	0 4.64874 0.42665
0.284668 2.86974 2.63231	0 5.48278 0.411305
0.284912 2.44162 2.63932	0 4.45525 0.402544
0.285156 2.43311 2.64851	0 5.59134 0.399903
0.2854 2.75782 2.65877	0 8.16088 0.402651
0.285645 2.65968 2.66892	0 10.9042 0.409881
0.285889 3.00677 2.67792	0 7.23806 0.420319
0.286133 2.74158 2.68497	0 8.50986 0.432119
0.286377 3.12883 2.68963	0 7.02341 0.442905
0.286621 2.26696 2.69183	0 6.15215 0.450155
0.286865 2.5332 2.69185	0 5.42766 0.451796
0.287109 2.67 2.69027	0 6.26096 0.446754
0.287354 3.14837 2.68787	0 8.63383 0.435261
0.287598 2.72715 2.68545	0 8.36149 0.418782
0.287842 2.34661 2.6838	0 5.88064 0.399613
0.288086 2.86472 2.68352	0 8.73917 0.380264
0.28833 2.41846 2.68494	0 5.70742 0.362846
0.288574 2.19828 2.68816	0 4.84014 0.348699
0.288818 3.00884 2.69297	0 11.1699 0.338392
0.289062 2.80814 2.69897	0 9.02214 0.332048
0.289307 2.81744 2.70562	0 6.0741 0.329737
0.289551 2.81027 2.71233	0 7.05207 0.331658
0.289795 2.53902 2.71858	0 4.99164 0.337982
0.290039 2.72999 2.72395	0 5.64653 0.348495
0.290283 2.58951 2.72815	0 5.49799 0.362316
0.290527 2.94602 2.73103	0 8.91184 0.377924
0.290771 3.06029 2.7325	0 9.75046 0.393496
0.291016 2.56131 2.73248	0 5.1333 0.407368
0.29126 2.62807 2.7309	0 9.8459 0.418391
0.291504 2.54612 2.72764	0 4.56907 0.426084
0.291748 2.92432 2.72257	0 10.0695 0.430611
0.291992 2.47815 2.71563	0 5.11019 0.432661
0.292236 2.90366 2.70692	0 9.15212 0.433295
0.29248 3.05743 2.69677	0 8.80457 0.433745
0.292725 2.63279 2.68581	0 7.12518 0.435141
0.292969 2.94759 2.6749	0 8.08966 0.438198
0.293213 2.48849 2.66505	0 7.47458 0.442962
0.293457 2.53501 2.65722	0 5.77947 0.448766
0.293701 2.42974 2.65216	0 6.35756 0.454432
0.293945 2.2105 2.65021	0 5.37643 0.458671
0.294189 2.5628 2.6513	0 7.61653 0.460473
0.294434 2.47 2.65489	0 5.81927 0.459328
0.294678 3.10442 2.66018	0 8.97342 0.455227
0.294922 3.03525 2.66628	0 7.47375 0.448538
0.295166 2.5842 2.67237	0 7.30696 0.439898
0.29541 2.75336 2.67789	0 6.03882 0.430176
0.295654 2.40399 2.68256	0 4.3973 0.420458
0.295898 2.90801 2.68636	0 6.40955 0.411939
0.296143 2.63368 2.68942	0 5.31421 0.405718
0.296387 2.68251 2.69188	0 6.57709 0.402511
0.296631 2.56626 2.69383	0 7.45297 0.402413
0.296875 2.53823 2.69518	0 6.03126 0.404769
0.297119 2.7002 2.69575	0 6.33984 0.408268
0.297363 2.99861 2.69536	0 10.5328 0.411268
0.297607 2.62092 2.69392	0 6.89453 0.412346
0.297852 2.6125 2.69157	0 5.91087 0.410847
0.298096 3.25466 2.68874	0 7.93129 0.40717
0.29834 2.64347 2.68614	0 6.05613 0.402555
0.298584 2.57345 2.68461	0 5.62256 0.398431
0.298828 2.42701 2.68498	0 7.89165 0.395692
0.299072 2.36546 2.68785	0 6.18994 0.394331
0.299316 2.58722 2.6934	0 7.3105 0.393654
0.299561 2.7142 2.70126	0 5.10491 0.392894
0.299805 2.8445 2.71057	0 8.98177 0.391777
0.300049 2.71555 2.72	0 6.32676 0.390666
0.300293 2.18184 2.72805	0 3.89449 0.390235
0.300537 3.37006 2.73321	0 11.4164 0.390956
0.300781 3.22929 2.73433	0 11.8467 0.392793
0.301025 2.58676 2.73074	0 6.47774 0.395243
0.30127 2.81029 2.72248	0 5.02007 0.397599
0.301514 2.74651 2.71024	0 5.93209 0.399176
0.301758 2.75289 2.69531	0 6.63696 0.399352
0.302002 3.12567 2.67934	0 11.044 0.397519
0.302246 2.30335 2.66407	0 6.07893 0.393138
0.30249 2.12635 2.65106	0 4.18768 0.385994
0.302734 2.74138 2.64135	0 6.12914 0.376503
0.302979 2.60086 2.63539	0 6.6988 0.365818
0.303223 2.13643 2.63291	0 4.3595 0.355555
0.303467 2.69657 2.63304	0 6.00738 0.347233
0.303711 2.59738 2.6345	0 4.94244 0.341744
0.303955 2.73234 2.6359	0 7.51848 0.339139
0.304199 3.09393 2.63595	0 9.27463 0.338817
0.304443 3.16033 2.63374	0 9.51652 0.339922
0.304688 2.62523 2.62882	0 6.29849 0.341664
0.304932 2.15122 2.6213	0 5.33366 0.343422
0.305176 2.43305 2.61174	0 5.75933 0.34469
0.30542 2.25944 2.60107	0 5.05181 0.345083
0.305664 3.18042 2.59046	0 14.1975 0.344452
0.305908 3.04452 2.58115	0 9.45935 0.343037
0.306152 2.31398 2.5743	0 4.66028 0.341433
0.306396 2.1868 2.57085	0 3.36876 0.340272
0.306641 2.42854 2.57137	0 6.62757 0.339745
0.306885 2.26404 2.57599	0 4.30812 0.339263
0.307129 2.67742 2.58428	0 7.17761 0.337496
0.307373 2.54209 2.59529	0 9.6932 0.33286
0.307617 2.30386 2.60763	0 5.3904 0.324233
0.307861 2.97232 2.61961	0 8.04841 0.311567
0.308105 3.00621 2.62948	0 9.28865 0.296072
0.30835 2.49692 2.63564	0 6.15768 0.279892
0.308594 2.42902 2.63692	0 5.42264 0.265436
0.308838 3.09957 2.63276	0 6.83339 0.254693
0.309082 2.86779 2.62331	0 7.17279 0.248837
0.309326 2.6461 2.60942	0 8.60622 0.248237
0.30957 2.81069 2.59261	0 9.43074 0.252724
0.309814 2.62949 2.57481	0 6.35631 0.2619
0.310059 2.39823 2.5581	0 5.81579 0.275302
0.310303 1.96139 2.54441	0 3.54266 0.292411
0.310547 2.40788 2.53528	0 4.94081 0.312617
0.310791 2.6809 2.53157	0 8.11531 0.335221
0.311035 2.15074 2.53343	0 4.38862 0.359471
0.311279 2.53701 2.54024	0 4.57488 0.384596
0.311523 2.47918 2.55078	0 6.82162 0.409761
0.311768 2.51065 2.56346	0 6.99142 0.433992
0.312012 2.74554 2.57651	0 9.45479 0.456105
0.312256 2.7302 2.58832	0 9.01006 0.474704
0.3125 2.73823 2.5976	0 5.94535 0.48828
0.312744 2.74406 2.60355	0 8.68028 0.495394
0.312988 2.89937 2.60591	0 7.88958 0.494939
0.313232 2.17633 2.60492	0 6.01009 0.486421
0.313477 2.94541 2.60122	0 10.0212 0.47021
0.313721 2.61732 2.59568	0 6.92502 0.447689
0.313965 2.23152 2.58925	0 3.80435 0.421213
0.314209 2.59734 2.58282	0 4.45187 0.393841
0.314453 2.89234 2.57704	0 8.35622 0.368862
0.314697 2.35647 2.57237	0 5.37806 0.349187
0.314941 2.25259 2.56894	0 5.54813 0.336809
0.315186 2.66949 2.5667	0 6.39766 0.332489
0.31543 2.57732 2.5654	0 8.19612 0.335764
0.315674 2.79934 2.56471	0 6.86831 0.345217
0.315918 2.47908 2.56428	0 7.1878 0.358874
0.316162 2.65782 2.5638	0 6.69802 0.37456
0.316406 2.43594 2.56301	0 5.74195 0.390139
0.31665 2.43206 2.56168	0 6.71616 0.403673
0.316895 2.84143 2.55968	0 11.7581 0.413539
0.317139 2.4007 2.55687	0 6.45134 0.418562
0.317383 2.68444 2.55315	0 8.27825 0.418173
0.317627 2.25327 2.54847	0 4.11078 0.412541
0.317871 3.00717 2.54285	0 7.91914 0.40264
0.318115 2.2187 2.53639	0 5.73869 0.390161
0.318359 2.57375 2.52934	0 5.61081 0.37723
0.318604 2.79106 2.52208	0 7.52672 0.365941
0.318848 2.65171 2.51512	0 5.03556 0.357829
0.319092 2.05784 2.509	0 3.13059 0.353463
0.319336 2.78688 2.50429	0 8.01411 0.352323
0.31958 2.17782 2.5015	0 3.03508 0.353018
0.319824 2.38626 2.50101	0 6.05459 0.353776
0.320068 2.58036 2.50303	0 6.49173 0.353023
0.320312 2.24988 2.5076	0 5.84808 0.349855
0.320557 2.97364 2.51459	0 10.7901 0.344277
0.320801 2.44299 2.5237	0 5.34126 0.337155
0.321045 2.36204 2.5345	0 4.123 0.329972
0.321289 2.51317 2.54641	0 5.49398 0.324455
0.321533 2.38503 2.55878	0 7.92396 0.322194
0.321777 2.47338 2.5709	0 4.42478 0.324312
0.322021 2.68985 2.58209	0 5.40991 0.331251
0.322266 3.01666 2.59174	0 6.80142 0.342758
0.32251 2.50357 2.59944	0 4.14663 0.358068
0.322754 2.73042 2.60497	0 7.44113 0.37623
0.322998 2.63824 2.60833	0 8.37627 0.396372
0.323242 2.69387 2.60976	0 8.09864 0.417739
0.323486 2.28458 2.60962	0 4.19699 0.439468
0.32373 2.65887 2.60832	0 7.65106 0.460248
0.323975 2.70072 2.60627	0 8.83286 0.478153
0.324219 2.49746 2.60375	0 5.4173 0.490823
0.324463 2.99699 2.60091	0 11.2848 0.495984
0.324707 2.52435 2.59773	0 5.63555 0.492107
0.324951 2.09454 2.59401	0 3.60862 0.478962
0.325195 2.59732 2.58949	0 5.68545 0.457895
0.325439 2.75987 2.58385	0 6.55587 0.431769
0.325684 2.70256 2.57685	0 7.9429 0.404559
0.325928 2.8505 2.56838	0 8.14693 0.380616
0.326172 2.59724 2.55855	0 6.77687 0.363735
0.326416 2.53242 2.54765	0 4.46108 0.356276
0.32666 2.21413 2.53618	0 4.26617 0.358652
0.326904 2.68843 2.52478	0 6.44342 0.369393
0.327148 2.40487 2.51415	0 5.44161 0.385765
0.327393 2.71453 2.50501	0 8.20708 0.404635
0.327637 2.04868 2.498	0 4.44892 0.42325
0.327881 2.55207 2.49362	0 6.02279 0.439689
0.328125 2.67322 2.49223	0 8.0841 0.452959
0.328369 2.65009 2.49395	0 6.60366 0.462862
0.328613 2.16435 2.49865	0 6.14315 0.469734
0.328857 2.11503 2.50592	0 5.3816 0.474131
0.329102 2.85012 2.51507	0 6.50586 0.476501
0.329346 2.24182 2.52515	0 4.70704 0.47689
0.32959 2.49257 2.53508	0 7.77266 0.47479
0.329834 2.8437 2.5438	0 7.72253 0.469219
0.330078 2.6939 2.55037	0 8.36789 0.459044
0.330322 2.61911 2.55418	0 4.58993 0.44347
0.330566 2.46692 2.55505	0 4.84649 0.422525
0.330811 2.87024 2.55323	0 7.19565 0.397368
0.331055 2.78196 2.54937	0 7.73854 0.370256
0.331299 2.53827 2.54438	0 5.48132 0.344159
0.331543 2.11909 2.53925	0 4.67919 0.322091
0.331787 2.2586 2.53486	0 3.79124 0.306418
0.332031 2.5339 2.53184	0 4.78089 0.298401
0.332275 2.61399 2.53053	0 6.20863 0.298144
0.33252 2.40726 2.53096	0 5.79977 0.304873
0.332764 2.6826 2.53291	0 4.88276 0.317318
0.333008 2.64793 2.53602	0 5.35454 0.333937
0.333252 2.75511 2.53986	0 7.46605 0.352908
0.333496 2.14964 2.54404	0 3.65259 0.372032
0.33374 2.60181 2.54817	0 6.70515 0.388778
0.333984 2.50011 2.55195	0 6.28131 0.400633
0.334229 2.70218 2.55506	0 7.45254 0.405703
0.334473 2.21919 2.55722	0 4.50254 0.403319
0.334717 3.07276 2.55818	0 8.5902 0.394361
0.334961 2.57289 2.55772	0 7.47634 0.381107
0.335205 2.35944 2.55572	0 4.9546 0.366601
0.335449 2.31569 2.55219	0 6.76409 0.35377
0.335693 3.01701 2.54733	0 8.81608 0.344638
0.335938 2.69754 2.5415	0 8.91462 0.339944
0.336182 2.24045 2.53521	0 4.58101 0.339306
0.336426 2.54867 2.52909	0 6.75361 0.34178
0.33667 2.64109 2.52379	0 8.47393 0.346525
0.336914 2.3712 2.51985	0 5.4832 0.353205
0.337158 2.46317 2.51767	0 5.19706 0.361955
0.337402 2.40946 2.51737	0 3.88031 0.372983
0.337646 2.34847 2.51877	0 5.3226 0.386082
0.337891 2.61326 2.52142	0 8.9134 0.400373
0.338135 2.45589 2.52462	0 4.99049 0.414459
0.338379 2.69183 2.52752	0 6.86694 0.426899
0.338623 2.63975 2.52928	0 10.0082 0.436776
0.338867 2.38532 2.52913	0 5.67012 0.444013
0.339111 2.54085 2.52653	0 4.3737 0.449275
0.339355 2.90659 2.52121	0 6.82059 0.45351
0.3396 2.43394 2.51321	0 5.64613 0.457365
0.339844 2.61509 2.50287	0 5.50815 0.460841
0.340088 2.53087 2.49072	0 5.63892 0.463347
0.340332 2.28892 2.47744	0 4.66511 0.464082
0.340576 2.53402 2.46371	0 9.20665 0.462465
0.34082 2.16529 2.45012	0 4.78251 0.458318
0.341064 2.69309 2.43716	0 7.05202 0.451727
0.341309 2.45052 2.42516	0 7.50053 0.442753
0.341553 2.06567 2.41432	0 5.08505 0.431262
0.341797 2.67766 2.40482	0 7.31098 0.417
0.342041 2.13424 2.39686	0 3.64128 0.39985
0.342285 2.48512 2.39075	0 5.64228 0.380077
0.342529 2.62946 2.38697	0 5.60877 0.358428
0.342773 2.54666 2.38608	0 6.28572 0.336071
0.343018 2.07992 2.38875	0 3.37922 0.314475
0.343262 2.01059 2.39553	0 3.20105 0.295262
0.343506 2.36042 2.40679	0 5.13163 0.280047
0.34375 2.71924 2.42257	0 8.06932 0.270215
0.343994 1.90536 2.44249	0 2.83048 0.266661
0.344238 2.41213 2.46574	0 3.91854 0.269575
0.344482 2.34018 2.49112	0 6.01933 0.278377
0.344727 2.71565 2.51718	0 6.2366 0.29182
0.344971 3.12055 2.54235	0 7.72143 0.308198
0.345215 2.36353 2.5651	0 5.45146 0.32558
0.345459 2.41826 2.58407	0 4.7528 0.342025
0.345703 2.61352 2.5982	0 5.45303 0.355828
0.345947 2.94341 2.6068	0 8.36189 0.365809
0.346191 2.79438 2.60956	0 7.13285 0.371603
0.346436 2.68112 2.60662	0 5.84488 0.373786
0.34668 2.60542 2.59847	0 7.0632 0.373692
0.346924 2.65552 2.58591	0 5.55621 0.372935
0.347168 2.78579 2.57	0 6.35791 0.372828
0.347412 2.2849 2.55195	0 4.83836 0.373993
0.347656 2.62363 2.533	0 8.83516 0.376341
0.3479 2.34301 2.51434	0 5.73368 0.379368
0.348145 2.57629 2.49702	0 6.7835 0.382525
0.348389 2.45515 2.48188	0 4.59747 0.385407
0.348633 2.19042 2.46946	0 3.85434 0.38771
0.348877 2.67585 2.46	0 8.76277 0.389074
0.349121 2.47749 2.45338	0 5.39864 0.389024
0.349365 2.10817 2.44919	0 3.86996 0.387096
0.349609 2.22475 2.44676	0 5.18349 0.383062
0.349854 2.62923 2.44525	0 6.08855 0.377096
0.350098 2.55067 2.44381	0 7.60225 0.369764
0.350342 2.5393 2.44172	0 4.70442 0.361863
0.350586 2.52154 2.43853	0 6.06408 0.354207
0.35083 2.39791 2.43417	0 7.26602 0.347485
0.351074 2.55664 2.42898	0 5.17705 0.34223
0.351318 2.70446 2.42369	0 6.4444 0.338837
0.351562 2.35842 2.41926	0 4.64404 0.337569
0.351807 2.12801 2.41671	0 3.3236 0.338498
0.352051 2.08597 2.41695	0 3.91498 0.341399
0.352295 2.34306 2.42056	0 4.06581 0.345688
0.352539 2.35186 2.42774	0 6.06184 0.350464
0.352783 2.49758 2.4382	0 4.63819 0.354704
0.353027 2.50431 2.45127	0 6.75584 0.357548
0.353271 2.35336 2.46598	0 4.96358 0.358581
0.353516 2.36872 2.4812	0 4.67382 0.357989
0.35376 3.01919 2.49578	0 9.36269 0.356539
0.354004 2.24699 2.50867	0 4.52694 0.355396
0.354248 2.42155 2.51904	0 7.58125 0.355876
0.354492 2.75467 2.52626	0 8.58805 0.359204
0.354736 2.80145 2.52997	0 8.83362 0.366328
0.35498 2.42553 2.52998	0 4.89653 0.377753
0.355225 2.72025 2.52628	0 6.3042 0.393387
0.355469 2.2453 2.51902	0 3.85139 0.412414
0.355713 2.49162 2.50842	0 6.57139 0.433284
0.355957 2.72106 2.49484	0 8.48085 0.453884
0.356201 2.47247 2.47878	0 7.20061 0.471903
0.356445 2.55978 2.46089	0 7.81685 0.485266
0.356689 2.55738 2.44197	0 6.466 0.492525
0.356934 2.66575 2.423	0 8.09297 0.493093
0.357178 2.01853 2.40505	0 5.1429 0.487272
0.357422 2.24524 2.38926	0 4.60554 0.476131
0.357666 2.20476 2.37667	0 5.45042 0.461276
0.35791 2.44258 2.36817	0 6.14363 0.444584
0.358154 2.50299 2.36434	0 8.69857 0.427932
0.358398 1.98463 2.36536	0 3.6595 0.412943
0.358643 2.66832 2.37093	0 5.30706 0.400764
0.358887 1.98055 2.38025	0 2.94838 0.391919
0.359131 2.30097 2.39209	0 4.1506 0.386251
0.359375 1.93158 2.40491	0 3.18178 0.382996
0.359619 2.71129 2.41709	0 6.00837 0.381013
0.359863 2.70916 2.42726	0 6.93782 0.379137
0.360107 2.66051 2.43451	0 6.92771 0.376561
0.360352 2.95329 2.43863	0 8.86107 0.373106
0.360596 2.54601 2.44017	0 4.73564 0.369228
0.36084 2.44652 2.44035	0 6.68357 0.365707
0.361084 2.17456 2.44079	0 5.24793 0.363123
0.361328 2.37799 2.44318	0 6.41763 0.36135
0.361572 1.96386 2.44883	0 2.95149 0.359358
0.361816 2.19509 2.45844	0 3.68524 0.355516
0.362061 2.17502 2.4719	0 5.57103 0.348334
0.362305 2.70476 2.48832	0 6.7748 0.337331
0.362549 2.44622 2.50627	0 5.84078 0.323576
0.362793 2.87002 2.52408	0 6.05137 0.309591
0.363037 2.67726 2.54018	0 5.90968 0.298578
0.363281 2.63853 2.55344	0 6.2979 0.293355
0.363525 2.92139 2.56333	0 6.9252 0.295461
0.36377 2.82661 2.56994	0 7.31645 0.304829
0.364014 2.12738 2.57383	0 5.51895 0.320055
0.364258 2.6583 2.57586	0 7.36931 0.339011
0.364502 2.19937 2.57688	0 2.91842 0.35945
0.364746 2.72321 2.57753	0 9.17733 0.379363
0.36499 2.32244 2.57808	0 4.16525 0.397051
0.365234 2.71374 2.5784	0 9.00034 0.411046
0.365479 2.84959 2.578	0 10.8804 0.420043
0.365723 2.56354 2.57621	0 4.4739 0.42294
0.365967 2.43814 2.57232	0 6.64144 0.41902
0.366211 2.48303 2.5658	0 4.6808 0.408236
0.366455 2.79673 2.5564	0 6.69621 0.391518
0.366699 3.13651 2.5443	0 12.0895 0.370927
0.366943 2.14193 2.53002	0 2.42908 0.34948
0.367188 2.7003 2.51443	0 6.75079 0.330572
0.367432 2.36284 2.49853	0 6.19323 0.317112
0.367676 2.50611 2.48335	0 6.14469 0.310689
0.36792 2.02913 2.46975	0 4.61038 0.311116
0.368164 2.62175 2.45831	0 5.05756 0.316552
0.368408 2.11429 2.44927	0 4.06312 0.324153
0.368652 2.68068 2.44254	0 5.54653 0.330999
0.368896 2.45793 2.43777	0 5.74392 0.334977
0.369141 2.3879 2.43447	0 4.7238 0.335363
0.369385 2.51757 2.4321	0 7.09969 0.332929
0.369629 2.24626 2.43016	0 4.3372 0.329585
0.369873 2.72127 2.42822	0 4.6565 0.327669
0.370117 2.42436 2.42599	0 4.76247 0.329106
0.370361 2.38729 2.42321	0 5.09612 0.334716
0.370605 2.25866 2.41968	0 3.74847 0.343913
0.37085 2.13153 2.41522	0 5.52802 0.354888
0.371094 2.84131 2.40969	0 9.21296 0.365231
0.371338 2.45023 2.403	0 4.40293 0.372735
0.371582 2.3923 2.39519	0 7.17493 0.376082
0.371826 2.42322 2.38649	0 9.83341 0.375165
0.37207 2.24397 2.37734	0 4.43106 0.37095
0.372314 2.53764 2.36838	0 7.53248 0.364999
0.372559 2.47174 2.36043	0 5.26894 0.358873
0.372803 2.30149 2.35435	0 4.66531 0.353677
0.373047 2.16379 2.35093	0 4.5225 0.349897
0.373291 2.2384 2.35077	0 4.88545 0.34751
0.373535 1.99773 2.35418	0 4.7915 0.346249
0.373779 2.51147 2.36115	0 4.99955 0.345792
0.374023 1.99978 2.37141	0 4.04328 0.345798
0.374268 2.56215 2.38446	0 5.99181 0.345829
0.374512 2.84103 2.39975	0 8.89559 0.345322
0.374756 2.16005 2.41674	0 4.02941 0.343706
0.375 2.6299 2.43493	0 7.30611 0.340661
0.375244 2.373 2.45392	0 4.72841 0.336334
0.375488 2.41465 2.47331	0 5.05125 0.331401
0.375732 2.13091 2.49264	0 4.87197 0.326892
0.375977 2.51008 2.51135	0 5.87189 0.323863
0.376221 2.8367 2.52869	0 6.40123 0.32302
0.376465 2.38476 2.5438	0 5.82411 0.324416
0.376709 2.7506 2.55577	0 7.47476 0.327311
0.376953 2.82757 2.56376	0 5.83513 0.330262
0.377197 2.40914 2.56712	0 5.70917 0.331479
0.377441 2.7353 2.56551	0 5.79814 0.329345
0.377686 2.75441 2.55898	0 6.08777 0.322974
0.37793 2.56709 2.54801	0 6.45495 0.312566
0.378174 2.56847 2.53351	0 5.72736 0.29944
0.378418 2.66648 2.51674	0 7.77087 0.285709
0.378662 2.24844 2.49919	0 3.55102 0.273735
0.378906 2.78191 2.48249	0 5.68846 0.265549
0.37915 2.33296 2.4682	0 6.27189 0.262423
0.379395 2.06332 2.45772	0 3.0888 0.264703
0.379639 2.47748 2.45205	0 4.28349 0.271925
0.379883 2.21239 2.45179	0 4.56485 0.28312
0.380127 2.35926 2.45699	0 4.8412 0.297203
0.380371 2.50351 2.46718	0 6.1639 0.313299
0.380615 2.40895 2.48138	0 5.07597 0.330891
0.380859 2.42686 2.49825	0 5.13073 0.349722
0.381104 2.36795 2.51615	0 3.95674 0.369518
0.381348 2.84052 2.53334	0 8.30683 0.38969
0.381592 2.40433 2.54818	0 4.96479 0.409172
0.381836 2.84572 2.55923	0 7.95489 0.426492
0.38208 2.63158 2.56548	0 5.12596 0.440036
0.382324 2.69351 2.56642	0 6.11136 0.448366
0.382568 2.86604 2.56209	0 8.53698 0.450482
0.382812 2.39299 2.5531	0 5.65621 0.445991
0.383057 2.80357 2.54053	0 7.20659 0.435208
0.383301 2.70423 2.52576	0 9.726 0.419185
0.383545 2.0375 2.51036	0 3.44897 0.399608
0.383789 2.49486 2.49582	0 7.25835 0.378523
0.384033 2.41582 2.48346	0 4.6772 0.357924
0.384277 2.49711 2.47428	0 5.47794 0.339378
0.384521 1.94601 2.46886	0 5.41334 0.323861
0.384766 2.84279 2.46737	0 6.15315 0.311837
0.38501 2.50248 2.46959	0 8.78586 0.303475
0.385254 2.05322 2.47495	0 3.05116 0.298788
0.385498 2.96183 2.48257	0 8.2693 0.297594
0.385742 2.0799 2.49135	0 3.7784 0.29934
0.385986 2.55804 2.50008	0 4.62436 0.302962
0.38623 2.53129 2.50751	0 7.07509 0.306952
0.386475 2.41922 2.51251	0 5.1056 0.309648
0.386719 2.57914 2.51424	0 6.04682 0.309648
0.386963 3.0368 2.51225	0 9.76871 0.306192
0.387207 2.71171 2.50658	0 7.38025 0.299357
0.387451 2.32291 2.49776	0 5.67904 0.290014
0.387695 2.8856 2.48677	0 8.0352 0.279567
0.387939 2.21124 2.47481	0 3.47829 0.26955
0.388184 2.23617 2.46315	0 4.53055 0.261217
0.388428 2.18374 2.45287	0 3.3103 0.25526
0.388672 2.48504 2.44476	0 4.43733 0.251742
0.388916 2.16905 2.43917	0 3.85891 0.250244
0.38916 2.67565 2.43607	0 6.46023 0.250147
0.389404 2.31619 2.4351	0 7.34614 0.250906
0.389648 2.35758 2.43568	0 5.38774 0.252206
0.389893 3.15651 2.43718	0 6.90477 0.253968
0.390137 2.37942 2.43895	0 4.4115 0.25625
0.390381 1.85801 2.44046	0 3.49831 0.259142
0.390625 1.90832 2.44128	0 2.5115 0.262739
0.390869 3.00332 2.44117	0 8.09381 0.267182
0.391113 2.8385 2.44006	0 7.31554 0.272659
0.391357 2.54737 2.4381	0 6.35912 0.279259
0.391602 2.20232 2.43564	0 4.74468 0.286685
0.391846 2.463 2.43323	0 4.65621 0.294008
0.39209 2.39623 2.43153	0 4.73846 0.299701
0.392334 2.37712 2.43122	0 5.18578 0.302084
0.392578 2.29065 2.43287	0 4.74089 0.300012
0.392822 2.54369 2.43683	0 6.7039 0.293482
0.393066 2.13598 2.44314	0 3.44755 0.283835
0.393311 2.35722 2.45153	0 4.69805 0.273458
0.393555 2.53663 2.46141	0 6.34386 0.265127
0.393799 2.62505 2.47198	0 5.48352 0.261287
0.394043 2.26152 2.48236	0 7.26609 0.26349
0.394287 2.66803 2.49165	0 6.70286 0.272122
0.394531 2.76455 2.49911	0 7.50974 0.286441
0.394775 2.55065 2.50417	0 6.76394 0.304857
0.39502 2.45266 2.50644	0 5.63395 0.325379
0.395264 2.54267 2.50577	0 4.94155 0.346053
0.395508 2.41791 2.50216	0 7.42071 0.365245
0.395752 2.52196 2.49578	0 6.03231 0.381679
0.395996 2.34097 2.48699	0 5.44637 0.394311
0.39624 2.75326 2.4763	0 5.23862 0.402245
0.396484 2.62424 2.4644	0 6.11413 0.404889
0.396729 2.64123 2.45208	0 8.86041 0.402295
0.396973 2.46166 2.4402	0 7.81333 0.395443
0.397217 2.05833 2.42954	0 3.60184 0.386131
0.397461 2.33403 2.4207	0 5.54781 0.376416
0.397705 2.06639 2.41402	0 3.35582 0.36783
0.397949 2.3546 2.40952	0 4.93856 0.36084
0.398193 2.38439 2.40695	0 6.39798 0.354862
0.398438 2.76814 2.40584	0 7.80588 0.348826
0.398682 2.46847 2.40567	0 5.47624 0.341931
0.398926 2.49691 2.4059	0 6.17613 0.334143
0.39917 2.4875 2.4061	0 5.77818 0.326169
0.399414 2.31035 2.40597	0 4.40231 0.319004
0.399658 2.0343 2.4053	0 2.7962 0.31336
0.399902 2.11938 2.40403	0 4.51858 0.309342
0.400146 2.80212 2.40217	0 10.4539 0.306535
0.400391 2.82199 2.39988	0 6.82573 0.304368
0.400635 2.31626 2.39742	0 5.66041 0.302507
0.400879 2.21171 2.39519	0 8.03862 0.301029
0.401123 2.40166 2.39366	0 5.24262 0.300327
0.401367 2.43645 2.39332	0 7.5959 0.300871
0.401611 2.50694 2.39454	0 6.06484 0.303004
0.401855 1.99316 2.39749	0 3.13948 0.306858
0.4021 2.33289 2.40204	0 3.18092 0.31238
0.402344 2.06525 2.40777	0 3.60953 0.319342
0.402588 2.95963 2.41405	0 6.85294 0.327297
0.402832 2.01597 2.42017	0 3.97643 0.335489
0.403076 2.63283 2.42553	0 7.13996 0.34288
0.40332 2.98021 2.42982	0 11.4676 0.34835
0.403564 2.4811 2.43309	0 7.28497 0.351097
0.403809 2.26411 2.43576	0 4.17255 0.351081
0.404053 2.23827 2.43854	0 4.79978 0.349329
0.404297 2.58293 2.44219	0 6.01158 0.347904
0.404541 2.38086 2.44735	0 4.79889 0.349459
0.404785 2.32311 2.4543	0 6.11678 0.356424
0.405029 2.01812 2.46289	0 3.53322 0.370043
0.405273 2.17326 2.47253	0 5.24854 0.389617
0.405518 2.83577 2.48228	0 12.5105 0.412299
0.405762 2.74762 2.49106	0 6.36947 0.433647
0.406006 2.94625 2.49788	0 9.38158 0.448825
0.40625 2.41029 2.50195	0 5.47144 0.454044
0.406494 2.6996 2.50284	0 8.18404 0.447718
0.406738 2.50885 2.50046	0 4.916 0.430873
0.406982 1.9501 2.49502	0 3.73005 0.406709
0.407227 2.67117 2.48689	0 7.30597 0.379474
0.407471 2.60365 2.47657	0 7.9082 0.353115
0.407715 2.56555 2.4646	0 6.36638 0.330211
0.407959 2.30123 2.45157	0 5.82374 0.311559
0.408203 2.56166 2.43813	0 6.13617 0.296495
0.408447 2.64589 2.42501	0 5.97418 0.283744
0.408691 2.25844 2.41297	0 5.22746 0.272322
0.408936 2.62098 2.40279	0 6.20883 0.262108
0.40918 2.01458 2.39511	0 3.72209 0.253876
0.409424 2.07236 2.39037	0 3.23653 0.248891
0.409668 2.47672 2.38867	0 5.18936 0.248335
0.409912 2.387 2.38979	0 4.08005 0.252788
0.410156 2.15561 2.3932	0 3.2444 0.261928
0.4104 2.36156 2.39816	0 5.88648 0.274485
0.410645 2.61278 2.4039	0 7.53501 0.288443
0.410889 2.59521 2.40975	0 7.24029 0.301465
0.411133 2.68563 2.41523	0 7.81737 0.311471
0.411377 2.34315 2.42011	0 6.03607 0.317207
0.411621 2.47885 2.42432	0 7.66849 0.318631
0.411865 1.95722 2.42789	0 4.24833 0.316949
0.412109 2.40624 2.43083	0 6.01323 0.314283
0.412354 2.48713 2.43303	0 5.397 0.313034
0.412598 2.47157 2.43424	0 5.54803 0.31515
0.412842 2.61825 2.43412	0 8.05707 0.32149
0.413086 2.57958 2.43235	0 5.32506 0.331482
0.41333 2.20728 2.42877	0 5.95168 0.343204
0.413574 2.52729 2.4235	0 6.60089 0.353914
0.413818 2.48883 2.41705	0 5.64367 0.36091
0.414062 2.61009 2.4103	0 7.02605 0.362474
0.414307 2.56415 2.40442	0 4.93249 0.358578
0.414551 2.54426 2.4007	0 5.93 0.351041
0.414795 1.82144 2.4003	0 2.9649 0.343061
0.415039 2.05483 2.40405	0 2.94058 0.338244
0.415283 2.07619 2.41225	0 3.65503 0.339481
0.415527 2.27822 2.42464	0 4.48423 0.348072
0.415771 3.19242 2.44041	0 7.01772 0.363365
0.416016 2.03967 2.45831	0 4.78877 0.382988
0.41626 2.50879 2.47689	0 4.92911 0.403517
0.416504 2.54586 2.49471	0 3.8881 0.421342
0.416748 2.70589 2.51055	0 11.158 0.433454
0.416992 2.71764 2.52349	0 6.65949 0.437991
0.417236 2.60157 2.53303	0 5.13646 0.434472
0.41748 2.53924 2.53901	0 7.03395 0.423738
0.417725 2.65434 2.54157	0 5.18506 0.407674
0.417969 2.20595 2.54101	0 4.87602 0.388789
0.418213 2.52465 2.53776	0 6.97224 0.369749
0.418457 2.91428 2.53228	0 8.23226 0.352927
0.418701 2.48155 2.52505	0 6.25179 0.34006
0.418945 2.54155 2.51657	0 4.20102 0.332078
0.419189 2.25466 2.50738	0 4.36622 0.32915
0.419434 2.64877 2.49802	0 5.89151 0.3309
0.419678 2.80894 2.48907	0 11.9141 0.336653
0.419922 2.37185 2.48107	0 6.51923 0.34557
0.420166 2.17257 2.47443	0 4.54586 0.356592
0.42041 2.46822 2.46938	0 7.27434 0.368302
0.420654 2.11568 2.46596	0 3.03205 0.378923
0.420898 2.59376 2.46396	0 5.29541 0.386567
0.421143 2.70068 2.46299	0 7.46607 0.389684
0.421387 2.49429 2.46256	0 5.51549 0.387478
0.421631 2.29363 2.46222	0 3.61652 0.380063
0.421875 2.35279 2.46162	0 4.31583 0.368342
0.422119 2.93369 2.46063	0 10.7091 0.35376
0.422363 2.29278 2.45932	0 4.10482 0.33811
0.422607 2.56493 2.458	0 6.60827 0.323419
0.422852 2.20269 2.45705	0 3.16975 0.31179
0.423096 2.76749 2.45691	0 4.78309 0.305056
0.42334 2.308 2.4579	0 4.53048 0.30428
0.423584 1.91739 2.46018	0 3.1965 0.309338
0.423828 2.6016 2.46367	0 7.0306 0.318841
0.424072 2.51338 2.4681	0 5.56976 0.330519
0.424316 2.50871 2.47306	0 6.04196 0.341894
0.424561 2.96448 2.47807	0 8.21777 0.350933
0.424805 2.25318 2.48264	0 5.3943 0.35642
0.425049 2.3034 2.48638	0 3.48826 0.357974
0.425293 2.43489 2.48896	0 5.37713 0.355874
0.425537 2.77429 2.49019	0 6.6243 0.350894
0.425781 2.57816 2.48994	0 6.00378 0.344214
0.426025 2.24097 2.48817	0 4.27783 0.337362
0.42627 2.39035 2.48491	0 6.8818 0.332026
0.426514 2.66534 2.48024	0 5.08218 0.32967
0.426758 2.79227 2.4743	0 9.33767 0.331023
0.427002 2.2651 2.46727	0 5.24441 0.335683
0.427246 2.68922 2.45937	0 5.64345 0.342066
0.42749 1.94764 2.45082	0 5.2245 0.347825
0.427734 2.82891 2.44181	0 5.1716 0.350619
0.427979 2.15813 2.43248	0 3.96249 0.348921
0.428223 2.47665 2.42294	0 7.69919 0.342513
0.428467 2.35191 2.41329	0 5.96547 0.332429
0.428711 2.73478 2.40369	0 8.66602 0.320426
0.428955 2.16646 2.39433	0 4.78564 0.308259
0.429199 2.54795 2.38553	0 7.95089 0.297111
0.429443 2.41968 2.37767	0 5.21885 0.287391
0.429688 2.15059 2.37118	0 3.39034 0.278924
0.429932 2.49242 2.36642	0 5.7814 0.271352
0.430176 2.06069 2.36367	0 3.59749 0.264551
0.43042 2.37853 2.36301	0 4.799 0.258878
0.430664 2.32837 2.36428	0 5.05495 0.255173
0.430908 2.28859 2.36716	0 4.39308 0.25453
0.431152 2.47537 2.37111	0 5.5864 0.257912
0.431396 2.22992 2.37555	0 3.3083 0.265755
0.431641 2.70346 2.37987	0 6.90466 0.277659
0.431885 2.37913 2.38357	0 5.15996 0.29228
0.432129 2.29817 2.38628	0 4.67174 0.307479
0.432373 2.25573 2.38779	0 4.06913 0.320765
0.432617 2.63021 2.38809	0 7.74317 0.329983
0.432861 2.42349 2.3873	0 9.39414 0.33405
0.433105 2.49115 2.38564	0 5.75019 0.333479
0.43335 2.13536 2.38342	0 5.35118 0.330377
0.433594 2.26209 2.38094	0 7.73151 0.327801
0.433838 2.61439 2.3785	0 6.04931 0.328647
0.434082 2.39659 2.37638	0 4.30592 0.334481
0.434326 2.29872 2.37484	0 7.45547 0.344827
0.43457 2.32861 2.37414	0 3.16257 0.357243
0.434814 2.3838 2.37457	0 6.06628 0.368186
0.435059 2.18874 2.37647	0 3.53703 0.374351
0.435303 2.31256 2.38017	0 6.03242 0.373918
0.435547 2.80689 2.38604	0 7.80721 0.36723
0.435791 2.57024 2.39432	0 8.41261 0.356608
0.436035 2.07654 2.40508	0 3.27251 0.345388
0.436279 2.01044 2.41812	0 3.82966 0.336573
0.436523 2.11689 2.43292	0 5.20037 0.331688
0.436768 2.49102 2.44863	0 7.83095 0.330323
0.437012 2.80328 2.46421	0 8.08972 0.330542
0.437256 2.41322 2.47851	0 6.01824 0.329942
0.4375 3.07813 2.49046	0 10.045 0.326824
0.437744 2.31143 2.49926	0 5.85493 0.320944
0.437988 2.65568 2.50442	0 6.79185 0.313564
0.438232 2.34205 2.50585	0 4.44334 0.306879
0.438477 2.58446 2.50381	0 5.93194 0.303183
0.438721 2.73569 2.49879	0 7.46562 0.304168
0.438965 2.29806 2.49138	0 3.91433 0.310565
0.439209 2.60312 2.48219	0 5.89552 0.322127
0.439453 2.33853 2.47172	0 7.15614 0.337773
0.439697 2.43274 2.46036	0 6.81201 0.355736
0.439941 2.43034 2.44839	0 7.01701 0.373682
0.440186 2.44238 2.43606	0 7.40084 0.3889
0.44043 2.45219 2.42369	0 6.34195 0.398714
0.440674 2.56361 2.41177	0 7.56171 0.401133
0.440918 2.36956 2.40097	0 5.86266 0.395549
0.441162 2.67048 2.39218	0 10.2515 0.383153
0.441406 2.14914 2.38641	0 4.25708 0.366784
0.44165 2.20209 2.38464	0 4.26811 0.350213
0.441895 2.27245 2.38763	0 4.51373 0.337095
0.442139 2.07356 2.39579	0 4.05184 0.329997
0.442383 2.44382 2.409	0 6.01815 0.329803
0.442627 2.20654 2.4266	0 5.49289 0.335625
0.442871 2.2404 2.44743	0 6.13436 0.345194
0.443115 2.64465 2.46994	0 5.57985 0.355544
0.443359 2.83255 2.49239	0 9.37702 0.363846
0.443604 2.56592 2.51309	0 7.6031 0.368124
0.443848 2.41759 2.53059	0 6.79813 0.36768
0.444092 2.62997 2.54382	0 7.91345 0.363074
0.444336 2.60699 2.55222	0 6.11267 0.355697
0.44458 3.14836 2.55573	0 8.94542 0.347136
0.444824 2.40395 2.55469	0 4.01474 0.338599
0.445068 2.54339 2.54979	0 6.11284 0.330632
0.445312 2.66921 2.54188	0 6.15613 0.323214
0.445557 2.14895 2.53186	0 5.11817 0.316104
0.445801 2.28454 2.52054	0 4.52371 0.309216
0.446045 2.83632 2.5086	0 6.35606 0.302792
0.446289 2.71726 2.49659	0 5.95322 0.297273
0.446533 2.33634 2.48488	0 4.70043 0.292965
0.446777 2.44764 2.47376	0 4.30903 0.289758
0.447021 2.51728 2.46338	0 5.84978 0.28713
0.447266 2.49081 2.45383	0 5.76275 0.284499
0.44751 2.23866 2.4451	0 4.8456 0.281747
0.447754 2.12902 2.43709	0 4.9504 0.279577
0.447998 2.74317 2.42967	0 6.88917 0.279437
0.448242 2.58762 2.42268	0 5.87799 0.282994
0.448486 2.20858 2.41609	0 4.48832 0.291415
0.44873 2.23698 2.40996	0 4.46116 0.304841
0.448975 2.8306 2.40459	0 6.98851 0.322324
0.449219 2.32884 2.40044	0 5.50311 0.342226
0.449463 2.7524 2.39808	0 7.82856 0.362817
0.449707 2.05298 2.3981	0 3.53032 0.38275
0.449951 1.90172 2.40093	0 3.65687 0.401184
0.450195 2.12911 2.40668	0 4.3906 0.417577
0.450439 2.85944 2.41509	0 9.15655 0.431314
0.450684 2.23812 2.42548	0 4.94167 0.441392
0.450928 2.61205 2.43683	0 6.41074 0.446343
0.451172 2.18494 2.44792	0 4.65273 0.444448
0.451416 2.37724 2.45753	0 4.06514 0.434249
0.45166 2.75923 2.46462	0 10.5087 0.41518
0.451904 2.92723 2.46851	0 6.3276 0.388096
0.452148 2.72171 2.46896	0 7.16364 0.35542
0.452393 2.13067 2.46622	0 4.68864 0.320772
0.452637 2.46649 2.46091	0 4.62835 0.288204
0.452881 2.39512 2.45396	0 5.53048 0.261311
0.453125 2.54642 2.44645	0 6.50617 0.242593
0.453369 2.22215 2.43947	0 4.88272 0.233217
0.453613 2.48462 2.434	0 6.54455 0.233171
0.453857 2.40681 2.43083	0 4.01698 0.241602
0.454102 2.37823 2.43051	0 5.87411 0.257145
0.454346 2.3137 2.43329	0 5.61152 0.278094
0.45459 2.69127 2.43907	0 5.16585 0.302425
0.454834 2.18058 2.44744	0 5.06291 0.327725
0.455078 2.17034 2.45761	0 4.58261 0.351189
0.455322 2.51833 2.46853	0 5.14293 0.369801
0.455566 2.53323 2.47896	0 4.94477 0.380768
0.455811 2.32383 2.48766	0 5.22723 0.382156
0.456055 2.91466 2.49358	0 7.35395 0.37353
0.456299 2.58334 2.49603	0 4.87823 0.356322
0.456543 2.98623 2.49483	0 9.45391 0.333678
0.456787 2.04563 2.49033	0 3.39739 0.309752
0.457031 3.1295 2.48332	0 9.78946 0.288615
0.457275 2.30031 2.47486	0 4.29477 0.273172
0.45752 2.22671 2.46607	0 5.75097 0.26449
0.457764 2.1221 2.45788	0 4.57558 0.261751
0.458008 1.87636 2.45089	0 3.98659 0.262809
0.458252 2.90464 2.44533	0 7.82445 0.265109
0.458496 2.46342 2.44111	0 6.61789 0.266606
0.45874 2.47798 2.43795	0 5.47761 0.266384
0.458984 3.01225 2.43555	0 9.70759 0.264813
0.459229 2.10814 2.43371	0 4.30256 0.263229
0.459473 2.65481 2.43235	0 6.34946 0.263292
0.459717 2.07841 2.43156	0 4.72678 0.266305
0.459961 2.04582 2.43149	0 2.64772 0.272777
0.460205 2.77369 2.43227	0 7.8938 0.282408
0.460449 2.2165 2.43393	0 4.80331 0.294464
0.460693 2.57029 2.43637	0 5.61335 0.308273
0.460938 2.5245 2.4394	0 4.29162 0.323518
0.461182 2.74453 2.44275	0 4.87633 0.34013
0.461426 1.87228 2.44613	0 3.38445 0.357882
0.46167 2.60709 2.44929	0 5.35623 0.375964
0.461914 2.57237 2.45204	0 6.06898 0.392885
0.462158 2.5955 2.45421	0 7.03185 0.406815
0.462402 2.32565 2.45564	0 3.95028 0.416228
0.462646 2.49952 2.45613	0 6.75559 0.420504
0.462891 2.41972 2.45545	0 5.713 0.420187
0.463135 2.29797 2.45327	0 6.7008 0.416761
0.463379 2.52516 2.44926	0 6.65283 0.412051
0.463623 2.48388 2.44314	0 8.95055 0.407511
0.463867 2.72207 2.43475	0 6.61434 0.40369
0.464111 2.36848 2.42414	0 5.40682 0.400087
0.464355 2.43577 2.41165	0 4.70214 0.395424
0.4646 2.62361 2.39788	0 7.31363 0.388228
0.464844 2.49307 2.3837	0 4.26224 0.377476
0.465088 1.94246 2.37008	0 4.19434 0.363034
0.465332 2.28197 2.35804	0 4.45168 0.345761
0.465576 2.52866 2.3484	0 4.52273 0.327255
0.46582 2.21922 2.34176	0 4.77523 0.309431
0.466064 2.15344 2.33833	0 3.7519 0.294098
0.466309 2.04543 2.33795	0 5.28089 0.282685
0.466553 2.53635 2.34012	0 5.48354 0.276113
0.466797 2.42038 2.34413	0 4.44628 0.274775
0.467041 2.15675 2.34918	0 3.18992 0.278567
0.467285 2.2682 2.35452	0 5.75361 0.286958
0.467529 2.94955 2.35964	0 6.0267 0.299075
0.467773 2.34892 2.3643	0 5.00941 0.313781
0.468018 2.35271 2.36855	0 7.43221 0.329718
0.468262 2.19086 2.37273	0 4.81376 0.345347
0.468506 2.11846 2.37729	0 3.74316 0.359058
0.46875 2.48149 2.38269	0 6.53306 0.369429
0.468994 2.82652 2.38923	0 10.0972 0.375608
0.469238 1.98844 2.39698	0 4.15643 0.377647
0.469482 2.4162 2.40563	0 6.27096 0.376583
0.469727 1.89878 2.41457	0 3.07624 0.374133
0.469971 2.51734 2.42292	0 5.28542 0.372079
0.470215 2.6892 2.4297	0 4.29474 0.371619
0.470459 2.9582 2.43396	0 9.65616 0.372936
0.470703 2.52922 2.43497	0 8.11185 0.375178
0.470947 2.20766 2.43234	0 4.46055 0.376793
0.471191 2.21409 2.42613	0 4.38282 0.376077
0.471436 2.714 2.41685	0 6.58281 0.371723
0.47168 2.62589 2.40539	0 8.60943 0.363232
0.471924 2.48347 2.39292	0 8.17311 0.351093
0.472168 2.45695 2.38075	0 6.53316 0.336675
0.472412 1.68429 2.3701	0 2.47526 0.321898
0.472656 2.37043 2.36198	0 5.29847 0.308752
0.4729 2.54377 2.35704	0 6.3436 0.298865
0.473145 2.30937 2.35544	0 4.14154 0.29324
0.473389 2.00927 2.35689	0 2.49756 0.292182
0.473633 2.09046 2.36065	0 5.36526 0.295345
0.473877 2.88681 2.36565	0 5.79673 0.301822
0.474121 2.4708 2.37068	0 5.01027 0.31025
0.474365 1.80599 2.37453	0 3.51728 0.319002
0.474609 2.87175 2.37618	0 9.49008 0.326467
0.474854 2.62845 2.37501	0 5.03071 0.331386
0.475098 2.41597 2.37081	0 5.79695 0.333106
0.475342 2.33918 2.36391	0 6.1097 0.331686
0.475586 2.14284 2.35509	0 5.10442 0.327844
0.47583 2.67695 2.34545	0 7.76048 0.322776
0.476074 2.46086 2.33624	0 6.06142 0.317895
0.476318 2.25694 2.32864	0 4.35679 0.31448
0.476562 1.95013 2.32352	0 3.79711 0.313268
0.476807 1.99065 2.32134	0 3.79163 0.314093
0.477051 1.99914 2.32203	0 3.89832 0.315755
0.477295 2.65514 2.32503	0 6.38399 0.316279
0.477539 2.31606 2.32945	0 5.88426 0.313558
0.477783 2.26547 2.33427	0 5.83954 0.30618
0.478027 2.94706 2.33851	0 10.0427 0.294093
0.478271 2.23888 2.34149	0 4.07141 0.278806
0.478516 2.28732 2.34285	0 4.32677 0.263013
0.47876 2.49803 2.3426	0 7.68605 0.249816
0.479004 2.10171 2.34105	0 4.78292 0.241873
0.479248 2.47872 2.33865	0 4.40193 0.240762
0.479492 2.29571 2.3359	0 4.2358 0.246723
0.479736 2.04978 2.33322	0 3.30122 0.258727
0.47998 2.31317 2.33094	0 4.12044 0.274797
0.480225 2.41491 2.32928	0 5.76055 0.292501
0.480469 2.43007 2.32844	0 8.88582 0.309545
0.480713 2.57486 2.32861	0 5.99409 0.324348
0.480957 2.30115 2.33007	0 4.30741 0.336392
0.481201 2.05479 2.33311	0 4.63207 0.346157
0.481445 2.32235 2.33805	0 6.10223 0.354637
0.481689 2.48243 2.34511	0 5.69929 0.362664
0.481934 1.89737 2.35436	0 3.92142 0.370375
0.482178 2.41079 2.36567	0 3.77032 0.377107
0.482422 2.37432 2.37864	0 6.47166 0.381746
0.482666 2.56056 2.39267	0 5.99804 0.38329
0.48291 2.30775 2.40698	0 5.4026 0.381324
0.483154 2.68201 2.4207	0 7.20035 0.376159
0.483398 2.30382 2.43296	0 6.29108 0.368631
0.483643 2.27679 2.44299	0 5.89955 0.359728
0.483887 2.50103 2.4502	0 6.78071 0.35027
0.484131 2.75081 2.45427	0 6.8217 0.340765
0.484375 2.64319 2.45521	0 9.22167 0.33147
0.484619 2.43764 2.45336	0 5.16003 0.322538
0.484863 2.44581 2.44941	0 6.69775 0.314183
0.485107 2.42289 2.44427	0 4.1163 0.30682
0.485352 2.46842 2.43902	0 9.9387 0.30116
0.485596 2.69541 2.43469	0 8.07972 0.2982
0.48584 2.02061 2.43212	0 3.44915 0.299039
0.486084 2.0873 2.43184	0 5.67161 0.304468
0.486328 2.41979 2.43394	0 4.85801 0.314465
0.486572 2.50517 2.43813	0 5.20286 0.327854
0.486816 2.2928 2.44378	0 6.10526 0.342405
0.487061 2.7879 2.45006	0 9.29895 0.355459
0.487305 2.32487 2.45611	0 5.44558 0.364829
0.487549 2.52383 2.46116	0 5.06213 0.369571
0.487793 2.7903 2.46465	0 7.12196 0.370209
0.488037 2.47808 2.46628	0 6.79243 0.368308
0.488281 2.42101 2.46593	0 4.1461 0.365588
0.488525 2.49948 2.46368	0 5.99382 0.363075
0.48877 1.92578 2.45968	0 3.09205 0.360732
0.489014 2.50355 2.45417	0 7.91045 0.357759
0.489258 2.94123 2.44743	0 9.60408 0.353377
0.489502 2.50852 2.43981	0 7.15217 0.347587
0.489746 2.38928 2.43176	0 5.13716 0.341426
0.48999 2.57754 2.4238	0 5.02895 0.336525
0.490234 2.1287 2.41658	0 4.87359 0.334241
0.490479 2.53761 2.41075	0 6.61074 0.334906
0.490723 1.88992 2.4069	0 2.8386 0.33769
0.490967 2.55839 2.40553	0 4.48133 0.341196
0.491211 2.59873 2.40694	0 6.97478 0.344417
0.491455 2.42256 2.41119	0 6.47223 0.347434
0.491699 2.13625 2.41815	0 4.64404 0.351363
0.491943 2.36026 2.42747	0 4.31045 0.357539
0.492188 2.26761 2.43873	0 5.4346 0.366421
0.492432 2.61411 2.45143	0 5.46355 0.376892
0.492676 2.68885 2.46516	0 7.45785 0.386428
0.49292 2.37809 2.47956	0 6.48176 0.392099
0.493164 2.47965 2.49439	0 9.22892 0.391863
0.493408 2.70904 2.50949	0 7.02433 0.38551
0.493652 2.35509 2.52472	0 4.78995 0.374785
0.493896 2.46093 2.53986	0 6.03275 0.36271
0.494141 2.52936 2.55461	0 5.40453 0.352483
0.494385 2.39168 2.56852	0 7.69024 0.346475
0.494629 2.70331 2.58105	0 7.33922 0.345686
0.494873 2.63212 2.59165	0 6.45701 0.349741
0.495117 2.46947 2.59981	0 5.27642 0.357287
0.495361 3.31361 2.60523	0 10.6532 0.366539
0.495605 2.68084 2.60776	0 8.74285 0.375766
0.49585 2.35273 2.60737	0 4.99861 0.383549
0.496094 2.7645 2.60406	0 6.8263 0.388834
0.496338 2.466 2.59764	0 5.93169 0.390827
0.496582 2.13694 2.58757	0 3.77836 0.388915
0.496826 2.77465 2.57279	0 6.06495 0.382704
0.49707 2.79409 2.55163	0 9.92624 0.372224
0.497314 2.41903 2.52188	0 4.92663 0.358193
0.497559 2.66633 2.48084	0 6.54193 0.342139
0.497803 3.14423 2.42558	0 10.154 0.326222
0.498047 2.47989 2.3532	0 4.58414 0.312665
0.498291 2.1944 2.26121	0 4.64679 0.302943
0.498535 2.60771 2.1479	0 5.71083 0.297029
0.498779 2.39318 2.01276	0 6.83131 0.293065
0.499023 2.15484 1.8568	0 4.19244 0.287718
0.499268 2.15889 1.68275	0 8.01187 0.277188
0.499512 2.41006 1.49505	0 6.28316 0.258549
0.499756 2.49772 1.10316	0 12.0065 0.195625
