0 0 0.988299	0 0 0.087984
0.000244141 1.72558 1.18814	0 3.93613 0.118668
0.000488281 1.94882 1.39948	0 2.94829 0.156796
0.000732422 2.04625 1.61931	0 4.29827 0.204198
0.000976562 1.87465 1.8457	0 2.68789 0.262804
0.0012207 2.41651 2.07832	0 4.74565 0.334144
0.00146484 2.02203 2.31858	0 3.56579 0.418977
0.00170898 2.48419 2.56958	0 4.44182 0.517412
0.00195312 2.256 2.83573	0 4.46371 0.629578
0.00219727 2.78466 3.12229	0 7.78216 0.756588
0.00244141 3.25532 3.43477	0 9.69279 0.901294
0.00268555 3.30273 3.77841	0 7.46377 1.06845
0.00292969 3.33827 4.15759	0 8.25445 1.2643
0.00317383 4.05923 4.57553	0 18.03 1.49583
0.00341797 3.76038 5.03396	0 14.7942 1.77013
0.00366211 4.79943 5.53304	0 19.9774 2.09383
0.00390625 6.49447 6.07135	0 49.1338 2.47242
0.00415039 5.39032 6.64602	0 29.6221 2.9095
0.00439453 7.57243 7.25286	0 43.5362 3.40679
0.00463867 6.33031 7.88663	0 36.8465 3.96536
0.00488281 9.70596 8.54112	0 79.0895 4.58815
0.00512695 8.92288 9.20925	0 79.71 5.28177
0.00537109 8.34665 9.88305	0 119.357 6.05443
0.00561523 12.5837 10.5534	0 131.12 6.90859
0.00585938 10.9005 11.2101	0 191.879 7.82991
0.00610352 12.7927 11.8413	0 160.252 8.77843
0.00634766 11.7207 12.4341	0 114.922 9.68883
0.0065918 13.0628 12.9747	0 203.321 10.4835
0.00683594 12.8194 13.4493	0 164.935 11.0951
0.00708008 17.1376 13.845	0 297.655 11.4888
0.00732422 17.5418 14.1513	0 336.304 11.6732
0.00756836 16.1382 14.3615	0 166.381 11.6931
0.0078125 15.4435 14.4733	0 187.896 11.608
0.00805664 17.4826 14.4892	0 308.514 11.4676
0.00830078 15.3477 14.4168	0 228.153 11.2976
0.00854492 12.6798 14.2676	0 184.184 11.1017
0.00878906 15.4166 14.0562	0 196.075 10.8765
0.0090332 15.7079 13.7987	0 229.287 10.6276
0.00927734 13.1197 13.5115	0 177.644 10.3767
0.00952148 11.007 13.21	0 109.805 10.155
0.00976562 12.4811 12.9079	0 162.391 9.98862
0.0100098 14.56 12.6164	0 228.837 9.88548
0.0102539 10.6764 12.3443	0 106.698 9.83125
0.010498 10.905 12.0978	0 110.937 9.79548
0.0107422 11.5767 11.8809	0 122.483 9.74391
0.0109863 10.6345 11.6959	0 140.006 9.65066
0.0112305 11.996 11.5437	0 148.391 9.50551
0.0114746 11.624 11.4246	0 132.011 9.31513
0.0117188 11.0649 11.3379	0 127.49 9.09906
0.0119629 10.7195 11.2828	0 142.73 8.88225
0.012207 10.3213 11.2579	0 85.1574 8.68673
0.0124512 10.1563 11.2612	0 95.0186 8.52487
0.0126953 11.6946 11.29	0 158.02 8.39702
0.0129395 10.5277 11.3407	0 136.67 8.29438
0.0131836 11.8612 11.4091	0 119.09 8.20565
0.0134277 11.0037 11.4905	0 145.127 8.1242
0.0136719 11.3031 11.5799	0 99.7428 8.05255
0.013916 12.2405 11.6727	0 136.542 8.00284
0.0141602 12.0558 11.7647	0 135.166 7.99379
0.0144043 12.4845 11.8524	0 166.635 8.04541
0.0146484 11.8607 11.9333	0 115.37 8.17222
0.0148926 11.921 12.0057	0 125.413 8.37613
0.0151367 11.6309 12.0685	0 174.627 8.64105
0.0153809 12.6195 12.1208	0 176.476 8.93201
0.015625 12.2784 12.1624	0 147.493 9.20073
0.0158691 13.2113 12.1927	0 177.684 9.39638
0.0161133 12.1468 12.2116	0 135.193 9.47761
0.0163574 10.1393 12.2189	0 142.703 9.42163
0.0166016 14.3346 12.2151	0 168.949 9.22783
0.0168457 10.4458 12.2008	0 89.5354 8.91697
0.0170898 15.7872 12.178	0 209.117 8.52774
0.017334 12.7558 12.149	0 135.801 8.11247
0.0175781 9.33914 12.117	0 75.8453 7.73147
0.0178223 12.5369 12.0856	0 140.779 7.44506
0.0180664 10.6956 12.0586	0 112.359 7.30266
0.0183105 12.3652 12.0393	0 141.232 7.33046
0.0185547 13.5503 12.0299	0 148.332 7.52142
0.0187988 11.933 12.0315	0 131.116 7.83242
0.019043 11.0718 12.0432	0 105.553 8.19209
0.0192871 10.8012 12.0628	0 115.714 8.51889
0.0195312 11.4881 12.0863	0 204.458 8.74379
0.0197754 11.4094 12.1091	0 172.029 8.82905
0.0200195 12.4009 12.127	0 124.989 8.77524
0.0202637 15.3412 12.1366	0 223.293 8.61509
0.0205078 12.5966 12.1372	0 157.462 8.39866
0.020752 12.0568 12.1306	0 128.428 8.17782
0.0209961 13.2555 12.1215	0 220.922 7.99622
0.0212402 11.8081 12.1165	0 96.1847 7.88597
0.0214844 10.9168 12.1234	0 132.56 7.86839
0.0217285 11.2198 12.1491	0 141.108 7.95585
0.0219727 9.96795 12.1987	0 95.5435 8.15354
0.0222168 11.8685 12.2741	0 181.281 8.46094
0.0224609 11.0964 12.3739	0 76.778 8.87289
0.0227051 12.8786 12.4931	0 137.761 9.37856
0.0229492 14.8942 12.6245	0 160.89 9.95792
0.0231934 12.4907 12.7593	0 138.499 10.5777
0.0234375 11.1094 12.8891	0 94.1603 11.191
0.0236816 14.2243 13.0064	0 258.571 11.7441
0.0239258 14.4016 13.1059	0 210.653 12.1898
0.0241699 14.0334 13.1851	0 157.919 12.5012
0.0244141 13.8448 13.244	0 203.243 12.6796
0.0246582 13.3648 13.2853	0 122.192 12.7527
0.0249023 13.6798 13.3133	0 163.285 12.7626
0.0251465 12.1928 13.3334	0 173.42 12.7525
0.0253906 13.8425 13.3514	0 189.914 12.7538
0.0256348 11.4829 13.3727	0 110.586 12.7812
0.0258789 13.807 13.4018	0 192.523 12.8325
0.026123 14.5524 13.4426	0 285.312 12.8932
0.0263672 13.2085 13.4976	0 146.708 12.9418
0.0266113 12.3679 13.5684	0 152.259 12.9549
0.0268555 13.7299 13.656	0 236.151 12.9124
0.0270996 14.3123 13.7602	0 210.069 12.8007
0.0273438 11.9821 13.8803	0 144.897 12.6179
0.0275879 13.9271 14.0146	0 142.892 12.3778
0.027832 14.9974 14.161	0 243.105 12.1133
0.0280762 14.7376 14.3164	0 272.351 11.8762
0.0283203 13.6498 14.4774	0 208.217 11.731
0.0285645 13.608 14.6404	0 183.441 11.742
0.0288086 15.3096 14.8018	0 294.473 11.9573
0.0290527 15.8227 14.9589	0 240.1 12.3975
0.0292969 16.523 15.1097	0 255.062 13.0551
0.029541 12.94 15.2535	0 125.418 13.9066
0.0297852 17.8272 15.3908	0 304.857 14.9321
0.0300293 14.9343 15.5229	0 206.996 16.1295
0.0302734 16.0715 15.6517	0 220.399 17.5139
0.0305176 16.6796 15.7791	0 369.104 19.0962
0.0307617 13.1906 15.9067	0 199.588 20.851
0.0310059 14.7435 16.0353	0 223.141 22.6894
0.03125 17.6208 16.1652	0 275.641 24.4544
0.0314941 15.0047 16.2967	0 254.195 25.9462
0.0317383 18.4358 16.4306	0 346.031 26.971
0.0319824 18.3071 16.5682	0 477.106 27.3969
0.0322266 17.5173 16.7121	0 339.819 27.1962
0.0324707 15.5648 16.8656	0 301.69 26.4587
0.0327148 15.1334 17.0322	0 379.217 25.3719
0.032959 15.4631 17.2147	0 219.694 24.1725
0.0332031 17.8526 17.4147	0 236.506 23.0839
0.0334473 17.3081 17.6321	0 331.234 22.2577
0.0336914 16.8452 17.8648	0 283.237 21.7387
0.0339355 20.1523 18.1092	0 348.251 21.4654
0.0341797 18.6377 18.3611	0 290.725 21.3099
0.0344238 16.5571 18.6161	0 355.484 21.1419
0.034668 21.6591 18.8711	0 670.785 20.8944
0.0349121 16.7018 19.1242	0 250.374 20.601
0.0351562 20.2776 19.3757	0 384.292 20.3913
0.0354004 20.037 19.6275	0 286.845 20.4436
0.0356445 21.2366 19.8827	0 296.011 20.9172
0.0358887 21.8099 20.1448	0 621.695 21.8917
0.0361328 17.6916 20.4169	0 348.483 23.3337
0.036377 19.1782 20.7005	0 343.753 25.0995
0.0366211 17.2941 20.9952	0 228.536 26.9651
0.0368652 22.3217 21.2991	0 417.765 28.6728
0.0371094 25.8074 21.6094	0 816.984 29.9823
0.0373535 18.7535 21.9236	0 426.253 30.7191
0.0375977 23.2876 22.2411	0 610.414 30.8143
0.0378418 26.1097 22.564	0 519.151 30.3289
0.0380859 23.7597 22.8975	0 565.889 29.4556
0.0383301 21.2027 23.2496	0 391.04 28.4963
0.0385742 22.9153 23.63	0 640.108 27.817
0.0388184 20.4347 24.048	0 365.238 27.7856
0.0390625 25.9731 24.5108	0 497.331 28.6999
0.0393066 20.0615 25.0224	0 349.153 30.7185
0.0395508 29.1982 25.5825	0 894.013 33.808
0.0397949 20.2934 26.187	0 316.547 37.7281
0.0400391 27.508 26.8289	0 733.293 42.0686
0.0402832 31.4139 27.4994	0 1369.26 46.3393
0.0405273 28.0128 28.1898	0 698.839 50.0923
0.0407715 30.5382 28.8929	0 1145.53 53.0344
0.0410156 27.7821 29.6037	0 628.857 55.0938
0.0412598 27.7768 30.3202	0 941.842 56.4188
0.0415039 31.838 31.0429	0 964.49 57.3197
0.041748 33.0407 31.7745	0 1123.51 58.1805
0.0419922 32.2544 32.5193	0 1094.48 59.3702
0.0422363 35.9707 33.2818	0 1194.89 61.1673
0.0424805 33.6168 34.0666	0 1294.94 63.7043
0.0427246 29.3388 34.8772	0 733.601 66.938
0.0429688 35.0999 35.7164	0 1547.17 70.6595
0.0432129 34.41 36.5863	0 1676.16 74.5559
0.043457 40.2698 37.4899	0 1015.32 78.3201
0.0437012 39.7767 38.4315	0 1298.11 81.7776
0.0439453 39.2212 39.4181	0 1517.72 84.9859
0.0441895 42.0912 40.4596	0 2610.82 88.2625
0.0444336 38.9771 41.5682	0 1409.15 92.1259
0.0446777 42.9451 42.7571	0 2103.06 97.1686
0.0449219 39.6842 44.0388	0 1471.83 103.91
0.045166 44.2241 45.4227	0 2050.77 112.689
0.0454102 38.9688 46.9139	0 1331.67 123.625
0.0456543 48.613 48.5126	0 2425.63 136.654
0.0458984 52.4231 50.2153	0 2730.04 151.589
0.0461426 50.7093 52.0164	0 3151.63 168.148
0.0463867 48.3435 53.9114	0 2100.74 185.931
0.0466309 64.804 55.8996	0 3748.09 204.38
0.046875 56.687 57.9869	0 3002.15 222.8
0.0471191 54.0697 60.1861	0 3388.41 240.515
0.0473633 61.864 62.5175	0 4556.9 257.131
0.0476074 69.9168 65.0059	0 4569.28 272.82
0.0478516 61.792 67.678	0 3168.12 288.51
0.0480957 63.5435 70.5576	0 3204.83 305.866
0.0483398 61.0255 73.662	0 3390.67 327.086
0.048584 83.4008 76.9977	0 6990.77 354.533
0.0488281 75.6603 80.558	0 6614.44 390.258
0.0490723 80.2203 84.3222	0 5472.72 435.435
0.0493164 83.4818 88.2566	0 7822.72 489.817
0.0495605 90.4824 92.3168	0 8710.79 551.38
0.0498047 91.9171 96.4516	0 7268.45 616.404
0.0500488 96.44 100.607	0 10097.1 680.098
0.050293 124.664 104.728	0 14118.1 737.691
0.0505371 121.5 108.762	0 14753.3 785.641
0.0507812 102.786 112.658	0 8262.05 822.54
0.0510254 113.608 116.364	0 10016 849.367
0.0512695 122.262 119.826	0 14420.9 868.98
0.0515137 120.134 122.986	0 16279.3 885.011
0.0517578 133.316 125.786	0 17335.2 900.58
0.052002 123.624 128.166	0 12569.9 917.259
0.0522461 151.398 130.074	0 26600.7 934.616
0.0524902 161.725 131.469	0 23408.8 950.421
0.0527344 129.413 132.328	0 18179.9 961.376
0.0529785 129.811 132.645	0 14789.3 964.126
0.0532227 152.222 132.438	0 23631.5 956.342
0.0534668 137.408 131.739	0 20426.7 937.667
0.0537109 125.485 130.589	0 13371.3 910.287
0.0539551 128.949 129.036	0 17288.2 878.8
0.0541992 137.528 127.124	0 19258.3 849.154
0.0544434 128.797 124.891	0 13124.9 826.771
0.0546875 128.302 122.367	0 13733 814.426
0.0549316 105.272 119.573	0 9197.8 810.809
0.0551758 121.282 116.523	0 12997.8 810.535
0.0554199 135.475 113.229	0 24721.3 805.765
0.0556641 103.246 109.708	0 12792.2 788.847
0.0559082 109.089 105.979	0 13059 754.864
0.0561523 113.059 102.071	0 10307.8 703.098
0.0563965 88.609 98.0235	0 6573.41 636.951
0.0566406 100.297 93.8845	0 8920.7 562.614
0.0568848 94.7187 89.708	0 12181.4 487.177
0.0571289 78.3946 85.5509	0 5767.44 416.928
0.057373 78.0306 81.4683	0 5897.41 356.297
0.0576172 72.4929 77.5093	0 6603.91 307.527
0.0578613 73.7728 73.7136	0 4700.01 270.886
0.0581055 60.0999 70.1084	0 4100.99 245.159
0.0583496 68.8965 66.7081	0 3729.89 228.21
0.0585938 57.5891 63.5143	0 4122.13 217.486
0.0588379 58.8014 60.5178	0 3887.45 210.409
0.059082 55.9686 57.7015	0 3183.31 204.663
0.0593262 47.5957 55.0441	0 2591.47 198.385
0.0595703 59.2723 52.5238	0 4290.15 190.276
0.0598145 48.3758 50.1214	0 2290.85 179.664
0.0600586 45.2061 47.8227	0 2024.9 166.496
0.0603027 50.4519 45.6199	0 3210.26 151.262
0.0605469 44.8409 43.5109	0 2019.31 134.831
0.060791 35.7397 41.4982	0 1017.7 118.232
0.0610352 34.5339 39.5869	0 1019.14 102.436
0.0612793 34.531 37.7821	0 1280.97 88.193
0.0615234 38.3951 36.0874	0 958.451 75.9427
0.0617676 28.3127 34.5035	0 705.826 65.8201
0.0620117 36.7547 33.0283	0 1504.66 57.713
0.0622559 30.2805 31.6568	0 811.277 51.3534
0.0625 28.6409 30.3824	0 1062.19 46.4099
0.0627441 27.5737 29.1971	0 806.436 42.5615
0.0629883 29.6407 28.0925	0 755.797 39.5359
0.0632324 23.8006 27.0605	0 472.952 37.1135
0.0634766 22.5972 26.093	0 485.504 35.111
0.0637207 27.3869 25.1825	0 498.745 33.368
0.0639648 24.646 24.3222	0 630.897 31.7532
0.064209 21.8355 23.5063	0 618.101 30.1849
0.0644531 22.9393 22.7306	0 379.847 28.6467
0.0646973 24.25 21.9919	0 600.648 27.1763
0.0649414 20.6648 21.2887	0 465.192 25.8258
0.0651855 17.1784 20.6203	0 301.653 24.6167
0.0654297 19.8575 19.9866	0 387.092 23.5155
0.0656738 18.8464 19.3873	0 399.253 22.4489
0.065918 17.7103 18.8217	0 348.367 21.3456
0.0661621 19.3363 18.288	0 338.215 20.1777
0.0664062 17.3764 17.7838	0 250.942 18.9765
0.0666504 18.7577 17.3056	0 261.361 17.815
0.0668945 14.7372 16.8496	0 195.112 16.7699
0.0671387 14.4121 16.4115	0 184.088 15.8867
0.0673828 15.5472 15.9873	0 235.679 15.1634
0.067627 18.1212 15.5738	0 231.85 14.5554
0.0678711 16.4262 15.1686	0 380.985 13.9938
0.0681152 13.9804 14.7707	0 179.078 13.4065
0.0683594 12.8479 14.3804	0 168.814 12.7375
0.0686035 14.6337 13.9992	0 316.48 11.9604
0.0688477 14.3555 13.6298	0 233.719 11.0874
0.0690918 12.0128 13.2753	0 183.636 10.1674
0.0693359 12.7779 12.9387	0 146.591 9.27475
0.0695801 12.6555 12.6226	0 172.631 8.48758
0.0698242 11.0617 12.3288	0 90.7064 7.86356
0.0700684 10.664 12.0578	0 105.19 7.42303
0.0703125 12.1746 11.8092	0 152.043 7.14631
0.0705566 13.8364 11.5816	0 178.53 6.98616
0.0708008 9.4925 11.3728	0 62.6337 6.88872
0.0710449 10.8451 11.1797	0 97.2443 6.81279
0.0712891 10.4616 10.9995	0 107.898 6.73932
0.0715332 10.1709 10.8288	0 78.1695 6.66899
0.0717773 11.6736 10.6651	0 110.2 6.61172
0.0720215 10.3382 10.5062	0 101.339 6.5749
0.0722656 11.458 10.3507	0 151.471 6.55598
0.0725098 10.014 10.1982	0 80.6706 6.54197
0.0727539 9.07075 10.0489	0 77.5921 6.51468
0.072998 11.1964 9.90376	0 207.231 6.45824
0.0732422 9.12051 9.76363	0 82.3846 6.36493
0.0734863 7.88762 9.62935	0 62.9739 6.23633
0.0737305 10.7753 9.50122	0 87.4622 6.07975
0.0739746 7.7625 9.37896	0 63.1624 5.90241
0.0742188 10.5035 9.26179	0 71.1244 5.70758
0.0744629 8.38577 9.14855	0 73.1776 5.49472
0.074707 10.5272 9.03809	0 156.152 5.26316
0.0749512 9.38803 8.92947	0 77.1834 5.0158
0.0751953 7.30627 8.82225	0 53.5879 4.75992
0.0754395 8.68097 8.71659	0 97.4268 4.50475
0.0756836 8.00618 8.61324	0 69.1988 4.25815
0.0759277 9.48512 8.51346	0 99.304 4.02494
0.0761719 9.09736 8.41878	0 86.8303 3.80793
0.076416 8.28391 8.33066	0 67.0898 3.60984
0.0766602 7.12873 8.25016	0 36.1487 3.43433
0.0769043 7.98883 8.17759	0 66.175 3.28494
0.0771484 7.93824 8.11228	0 66.1124 3.16319
0.0773926 7.36583 8.05253	0 55.8597 3.06712
0.0776367 7.78544 7.9958	0 55.2216 2.99141
0.0778809 7.85959 7.9392	0 53.5878 2.9288
0.078125 8.81831 7.88008	0 100.784 2.87196
0.0783691 8.24578 7.81669	0 76.5957 2.81525
0.0786133 9.06198 7.74871	0 74.2166 2.75592
0.0788574 7.14554 7.67747	0 54.9341 2.69495
0.0791016 7.83833 7.60578	0 60.2174 2.63738
0.0793457 7.44831 7.53749	0 44.6855 2.59169
0.0795898 6.5264 7.47667	0 45.4512 2.56793
0.079834 7.30126 7.42687	0 52.5304 2.57465
0.0800781 6.40693 7.3904	0 37.096 2.61551
0.0803223 6.3272 7.36794	0 37.8698 2.68679
0.0805664 7.67071 7.35851	0 55.8857 2.77705
0.0808105 7.30856 7.35971	0 53.7152 2.86932
0.0810547 8.46028 7.3683	0 64.1215 2.94513
0.0812988 7.43624 7.38075	0 47.6111 2.98915
0.081543 6.71174 7.39387	0 52.5685 2.99285
0.0817871 8.17662 7.40513	0 67.2968 2.95663
0.0820312 6.90418 7.41293	0 41.4413 2.88971
0.0822754 8.22316 7.41654	0 58.994 2.80849
0.0825195 6.65335 7.41597	0 49.0019 2.73362
0.0827637 7.92145 7.4117	0 50.0345 2.68624
0.0830078 7.61101 7.40441	0 42.6729 2.68374
0.083252 6.88751 7.39472	0 44.1079 2.73533
0.0834961 7.72502 7.38304	0 75.4003 2.83867
0.0837402 7.13986 7.36944	0 42.0461 2.97886
0.0839844 7.03375 7.35369	0 44.9622 3.13131
0.0842285 7.38742 7.33531	0 45.4944 3.2685
0.0844727 8.00447 7.31377	0 64.4858 3.36855
0.0847168 7.11759 7.28858	0 63.6047 3.42211
0.0849609 7.83565 7.25955	0 54.2082 3.43424
0.0852051 5.98799 7.22685	0 39.9824 3.42012
0.0854492 8.84887 7.19108	0 77.2477 3.39655
0.0856934 6.40985 7.15326	0 40.4427 3.37328
0.0859375 6.984 7.11478	0 47.8088 3.34853
0.0861816 7.3473 7.07725	0 54.4569 3.31071
0.0864258 7.5289 7.0424	0 53.5385 3.24536
0.0866699 5.54712 7.01204	0 32.1011 3.14368
0.0869141 6.9778 6.98791	0 43.6122 3.00847
0.0871582 6.93906 6.97164	0 42.1828 2.85492
0.0874023 7.85803 6.96464	0 49.9709 2.70639
0.0876465 7.38671 6.96792	0 60.0855 2.58781
0.0878906 5.92818 6.98191	0 37.463 2.51955
0.0881348 6.08468 7.00621	0 39.7958 2.5139
0.0883789 7.10167 7.03944	0 40.1647 2.57398
0.088623 6.209 7.07927	0 37.5358 2.69417
0.0888672 7.49188 7.12251	0 63.612 2.86094
0.0891113 7.49609 7.16549	0 51.4273 3.05418
0.0893555 7.3554 7.2046	0 75.8509 3.24957
0.0895996 7.85888 7.23671	0 48.787 3.42256
0.0898438 8.00808 7.25973	0 63.6607 3.55345
0.0900879 7.52767 7.27278	0 61.0453 3.63189
0.090332 7.02685 7.27633	0 44.7523 3.65874
0.0905762 6.96729 7.27194	0 35.9024 3.64436
0.0908203 7.74058 7.26202	0 54.9772 3.6038
0.0910645 6.77403 7.2494	0 42.8488 3.55098
0.0913086 7.35154 7.23694	0 58.193 3.49453
0.0915527 7.09791 7.22726	0 54.3525 3.43687
0.0917969 7.3367 7.22255	0 48.036 3.3768
0.092041 6.74681 7.22451	0 43.7156 3.31432
0.0922852 6.87996 7.23441	0 48.3947 3.25494
0.0925293 7.24491 7.25312	0 38.5657 3.21111
0.0927734 7.76195 7.28122	0 65.5432 3.19893
0.0930176 7.20708 7.31905	0 54.1594 3.23123
0.0932617 6.85173 7.36668	0 42.3361 3.31017
0.0935059 7.14989 7.4239	0 51.9787 3.42352
0.09375 7.18343 7.49008	0 56.7878 3.54742
0.0939941 7.78177 7.56409	0 66.4947 3.65509
0.0942383 7.43867 7.64421	0 43.551 3.72753
0.0944824 7.51537 7.72813	0 48.0712 3.76121
0.0947266 8.35653 7.81301	0 78.9991 3.76895
0.0949707 7.83588 7.89572	0 76.5232 3.77385
0.0952148 6.96583 7.97321	0 50.972 3.7992
0.095459 8.48967 8.0429	0 69.6101 3.85933
0.0957031 8.30695 8.10316	0 72.5163 3.95539
0.0959473 10.2101 8.1536	0 108.103 4.07721
0.0961914 7.76628 8.19528	0 55.1929 4.20936
0.0964355 9.28121 8.23055	0 101.05 4.33763
0.0966797 7.5574 8.26264	0 42.5195 4.45311
0.0969238 7.62652 8.29506	0 53.1801 4.55312
0.097168 6.82544 8.33091	0 53.8248 4.64047
0.0974121 9.18553 8.37224	0 86.1003 4.72275
0.0976562 8.42524 8.41967	0 58.1284 4.81168
0.0979004 7.54173 8.47226	0 53.9781 4.92095
0.0981445 9.2388 8.52776	0 80.913 5.06143
0.0983887 8.0918 8.58307	0 55.7048 5.23452
0.0986328 9.15665 8.63488	0 85.2332 5.42683
0.098877 8.34392 8.6802	0 78.3491 5.60984
0.0991211 10.455 8.7169	0 74.6011 5.74628
0.0993652 9.31082 8.74388	0 106.107 5.80181
0.0996094 7.67418 8.76106	0 56.7329 5.75727
0.0998535 9.59806 8.76926	0 97.9767 5.61646
0.100098 8.75019 8.7698	0 86.5745 5.40618
0.100342 6.12454 8.76434	0 41.0231 5.16854
0.100586 10.7231 8.75464	0 104.722 4.94909
0.10083 8.87998 8.74256	0 81.6437 4.78523
0.101074 9.41747 8.73005	0 65.4722 4.69909
0.101318 8.72469 8.71929	0 78.5383 4.69598
0.101562 8.23138 8.71261	0 96.4153 4.76771
0.101807 7.95893 8.7124	0 70.1825 4.89832
0.102051 9.59857 8.72086	0 97.6205 5.06966
0.102295 8.04811 8.73965	0 48.6603 5.26534
0.102539 7.76345 8.76956	0 57.3159 5.4725
0.102783 9.55283 8.81034	0 113.908 5.68207
0.103027 7.12482 8.86065	0 45.4428 5.88842
0.103271 9.91547 8.91831	0 100.16 6.08891
0.103516 8.98699 8.98063	0 127.386 6.28329
0.10376 8.48998 9.04493	0 52.0336 6.4722
0.104004 9.83542 9.1089	0 133.541 6.65477
0.104248 10.2078 9.17093	0 104.479 6.82643
0.104492 9.7936 9.23009	0 94.7251 6.97871
0.104736 8.91039 9.28598	0 67.8065 7.1021
0.10498 8.15924 9.33844	0 64.3572 7.191
0.105225 8.38492 9.38721	0 67.9671 7.2473
0.105469 10.6028 9.43179	0 164.583 7.27926
0.105713 8.55331 9.47141	0 58.7219 7.29544
0.105957 10.7207 9.50523	0 95.5756 7.297
0.106201 9.92331 9.53265	0 100.739 7.2744
0.106445 10.5835 9.55357	0 135.429 7.21198
0.106689 9.2183 9.56847	0 116.981 7.09897
0.106934 8.95012 9.57836	0 80.4549 6.94079
0.107178 9.70908 9.58439	0 82.5234 6.76409
0.107422 9.94075 9.58751	0 80.6067 6.61228
0.107666 9.33652 9.588	0 119.922 6.53331
0.10791 8.418 9.58534	0 61.6808 6.56428
0.108154 9.41295 9.57822	0 121.516 6.71799
0.108398 9.8963 9.56487	0 81.1311 6.97522
0.108643 9.16592 9.54347	0 82.1825 7.28532
0.108887 13.0091 9.51263	0 161.888 7.5757
0.109131 10.1972 9.47165	0 111.483 7.76896
0.109375 7.38573 9.42064	0 65.1027 7.80271
0.109619 9.53409 9.36033	0 104.894 7.64565
0.109863 8.4249 9.29184	0 54.8167 7.30372
0.110107 8.73182 9.21642	0 63.7135 6.81468
0.110352 9.02834 9.13528	0 82.896 6.23417
0.110596 11.2457 9.0496	0 100.26 5.6201
0.11084 8.80984 8.96063	0 123.645 5.02161
0.111084 8.89985 8.86977	0 89.2882 4.47526
0.111328 8.86028 8.77859	0 76.3995 4.00679
0.111572 8.43348 8.68873	0 79.0012 3.63438
0.111816 8.6314 8.6016	0 64.7425 3.3701
0.112061 6.43089 8.51813	0 38.2822 3.21892
0.112305 8.98428 8.43855	0 90.7213 3.17688
0.112549 8.93382 8.36228	0 59.0046 3.23086
0.112793 8.29244 8.28807	0 72.4533 3.36075
0.113037 8.25142 8.21429	0 57.307 3.54304
0.113281 8.84757 8.13925	0 86.25 3.75379
0.113525 7.49448 8.0616	0 39.4449 3.96964
0.11377 8.13373 7.98066	0 47.6689 4.16756
0.114014 7.96173 7.89655	0 58.4154 4.32515
0.114258 8.36129 7.81031	0 83.3539 4.42298
0.114502 7.42204 7.72377	0 50.6126 4.44868
0.114746 6.72215 7.63938	0 38.868 4.40064
0.11499 8.82417 7.55984	0 114.532 4.28866
0.115234 7.64418 7.48771	0 58.7972 4.13079
0.115479 7.30157 7.42504	0 59.7844 3.94729
0.115723 5.15596 7.37294	0 25.5229 3.75468
0.115967 7.83955 7.33146	0 61.8444 3.56221
0.116211 6.36942 7.29961	0 36.4104 3.37204
0.116455 7.20125 7.27559	0 40.03 3.1824
0.116699 8.12005 7.25726	0 61.5353 2.99215
0.116943 7.67412 7.24257	0 53.2337 2.80434
0.117188 7.51325 7.23	0 61.3233 2.62765
0.117432 7.75765 7.21866	0 58.847 2.47484
0.117676 7.16766 7.20818	0 36.0514 2.35919
0.11792 6.6901 7.19844	0 44.727 2.29014
0.118164 6.23162 7.18906	0 31.0992 2.27006
0.118408 6.18874 7.17909	0 32.8993 2.29318
0.118652 7.90168 7.16687	0 54.8081 2.34712
0.118896 7.6383 7.15015	0 52.1986 2.4164
0.119141 6.61716 7.12654	0 36.101 2.48644
0.119385 8.65224 7.09397	0 56.1141 2.54675
0.119629 7.13961 7.05125	0 40.8204 2.59192
0.119873 8.46903 6.99838	0 52.3953 2.62052
0.120117 5.75895 6.93657	0 27.9834 2.63266
0.120361 7.03137 6.86804	0 36.1259 2.628
0.120605 6.41986 6.7956	0 52.4548 2.60527
0.12085 6.11669 6.72215	0 40.7955 2.56339
0.121094 6.90784 6.65032	0 39.8765 2.5032
0.121338 6.2317 6.58209	0 32.3201 2.42859
0.121582 7.19672 6.51875	0 64.2136 2.34616
0.121826 5.89465 6.46089	0 35.5585 2.26362
0.12207 7.15299 6.40851	0 46.6846 2.18744
0.122314 5.62378 6.36122	0 32.4452 2.1207
0.122559 5.81146 6.31838	0 25.0762 2.06172
0.122803 6.17132 6.27927	0 51.3986 2.00444
0.123047 6.45835 6.2432	0 29.9173 1.94074
0.123291 6.93403 6.20961	0 41.0335 1.8642
0.123535 5.88675 6.17808	0 38.3699 1.77387
0.123779 6.27671 6.14836	0 35.6172 1.67624
0.124023 5.94132 6.12028	0 34.0812 1.58425
0.124268 6.20954 6.09371	0 28.6007 1.51341
0.124512 5.11077 6.06843	0 23.3908 1.47663
0.124756 6.38686 6.04416	0 32.1194 1.47968
0.125 5.91262 6.02056	0 31.012 1.51931
0.125244 6.68373 5.99732	0 35.9083 1.58461
0.125488 5.69399 5.9743	0 31.2747 1.66088
0.125732 6.46372 5.95163	0 34.3075 1.73432
0.125977 5.64594 5.92978	0 25.7114 1.79553
0.126221 5.19076 5.90956	0 36.3439 1.84077
0.126465 6.55754 5.89196	0 31.182 1.871
0.126709 6.09768 5.87797	0 31.938 1.88984
0.126953 5.22698 5.86835	0 43.7132 1.90154
0.127197 5.91028 5.86339	0 31.0377 1.90968
0.127441 5.59791 5.86276	0 27.5009 1.91645
0.127686 5.43387 5.86551	0 20.2778 1.92226
0.12793 5.94286 5.87019	0 31.1108 1.92538
0.128174 5.53386 5.87506	0 22.7826 1.92213
0.128418 6.40888 5.87836	0 39.5629 1.90779
0.128662 6.38463 5.87861	0 37.2527 1.8783
0.128906 6.69405 5.87467	0 32.7224 1.83209
0.12915 6.38811 5.86581	0 36.4022 1.7713
0.129395 4.71862 5.85163	0 19.8562 1.70182
0.129639 4.86247 5.83186	0 29.4638 1.63228
0.129883 5.8921 5.80629	0 29.735 1.57233
0.130127 6.02273 5.77473	0 41.0277 1.53068
0.130371 6.93905 5.73707	0 29.9163 1.51304
0.130615 5.54207 5.6935	0 21.793 1.5203
0.130859 6.41311 5.6446	0 29.8956 1.54764
0.131104 5.35333 5.59153	0 32.3161 1.58517
0.131348 4.98995 5.53603	0 18.8279 1.62047
0.131592 5.52404 5.48027	0 25.5499 1.64231
0.131836 5.42771 5.4267	0 25.6927 1.64397
0.13208 5.08463 5.37784	0 24.6033 1.62489
0.132324 5.21957 5.33602	0 22.3389 1.59012
0.132568 5.38472 5.30321	0 32.5394 1.54808
0.132812 5.17778 5.28092	0 21.9689 1.50778
0.133057 4.85073 5.27004	0 30.4097 1.4763
0.133301 5.28912 5.27081	0 17.4295 1.4573
0.133545 4.86445 5.28271	0 25.5105 1.45058
0.133789 4.80667 5.30446	0 21.3407 1.45297
0.134033 5.99649 5.33407	0 37.6781 1.46001
0.134277 4.37472 5.36891	0 15.1105 1.46802
0.134521 5.52581 5.40593	0 26.1928 1.47558
0.134766 6.2307 5.44197	0 33.4166 1.48391
0.13501 4.41808 5.47403	0 22.8904 1.49603
0.135254 7.29192 5.49957	0 52.5916 1.51501
0.135498 5.4723 5.51671	0 34.4065 1.54219
0.135742 5.42517 5.52438	0 23.1721 1.57612
0.135986 5.83117 5.52226	0 32.116 1.61274
0.13623 4.84775 5.51072	0 20.9186 1.64686
0.136475 5.98566 5.49069	0 37.9405 1.67436
0.136719 5.62757 5.46347	0 39.508 1.69375
0.136963 5.50181 5.43065	0 17.5323 1.70603
0.137207 5.89785 5.39402	0 38.201 1.71279
0.137451 4.59004 5.35555	0 28.0258 1.71379
0.137695 5.46485 5.31733	0 36.8709 1.70587
0.137939 5.46503 5.28154	0 29.8283 1.68452
0.138184 4.94523 5.25037	0 23.7067 1.64765
0.138428 5.56938 5.22587	0 37.8136 1.59938
0.138672 4.9886 5.20971	0 25.5393 1.5515
0.138916 4.85244 5.20298	0 24.0479 1.52092
0.13916 4.54594 5.20595	0 17.825 1.52394
0.139404 4.86721 5.21794	0 20.8917 1.56968
0.139648 5.57714 5.23729	0 24.0543 1.65566
0.139893 4.96375 5.26149	0 27.3418 1.76761
0.140137 5.11413 5.28744	0 35.4714 1.8835
0.140381 5.56574 5.31186	0 36.4595 1.98016
0.140625 5.52342 5.3317	0 27.6754 2.0397
0.140869 6.3265 5.34455	0 41.0902 2.05363
0.141113 5.28907 5.34892	0 28.6043 2.02337
0.141357 5.06567 5.34444	0 26.4388 1.95762
0.141602 6.30834 5.33178	0 29.2641 1.86809
0.141846 4.85941 5.31247	0 24.2801 1.76544
0.14209 4.92071 5.2886	0 26.1508 1.65724
0.142334 5.86808 5.26244	0 23.7295 1.54823
0.142578 4.63258 5.23603	0 20.8326 1.44232
0.142822 5.4549 5.21085	0 32.8993 1.34479
0.143066 4.7614 5.18765	0 17.3297 1.26319
0.143311 5.40411 5.16634	0 26.516 1.20645
0.143555 4.43751 5.14613	0 13.2748 1.18232
0.143799 5.11244 5.12574	0 20.8856 1.19453
0.144043 5.38569 5.10381	0 24.0366 1.24066
0.144287 5.92072 5.07919	0 33.1712 1.31152
0.144531 4.91022 5.05135	0 24.4259 1.3926
0.144775 4.79843 5.02048	0 22.6729 1.46697
0.14502 6.16182 4.98751	0 41.7743 1.51927
0.145264 4.72185 4.95392	0 29.092 1.53946
0.145508 4.51261 4.92137	0 19.4025 1.52542
0.145752 3.64611 4.89132	0 13.0037 1.48339
0.145996 4.79973 4.86471	0 26.0692 1.42611
0.14624 5.19878 4.84173	0 35.1577 1.36899
0.146484 5.25461 4.82185	0 24.6673 1.32535
0.146729 4.33423 4.80397	0 18.9227 1.3023
0.146973 4.82278 4.78667	0 24.8829 1.29872
0.147217 5.18784 4.76865	0 21.426 1.30603
0.147461 4.46539 4.74893	0 15.986 1.31199
0.147705 5.08393 4.72711	0 23.4727 1.30588
0.147949 5.3177 4.70343	0 24.0473 1.28289
0.148193 4.54591 4.67862	0 25.7829 1.24586
0.148438 4.03647 4.6538	0 13.7843 1.20346
0.148682 4.44452 4.63013	0 22.7752 1.16608
0.148926 4.53912 4.60868	0 19.0737 1.1415
0.14917 5.13201 4.59016	0 25.5897 1.13249
0.149414 3.7792 4.57494	0 16.2336 1.13697
0.149658 4.89982 4.56304	0 24.9109 1.15012
0.149902 4.0069 4.55426	0 23.1912 1.16707
0.150146 5.08894 4.54832	0 21.6422 1.1847
0.150391 4.61344 4.545	0 22.7324 1.20215
0.150635 4.63371 4.54424	0 18.197 1.22014
0.150879 4.7878 4.54608	0 19.4472 1.23982
0.151123 3.61885 4.55062	0 11.8241 1.26162
0.151367 4.92088 4.55789	0 20.2628 1.28447
0.151611 4.64917 4.56774	0 16.8113 1.30563
0.151855 3.87748 4.57974	0 13.0913 1.32087
0.1521 4.73789 4.59322	0 28.2775 1.32538
0.152344 4.69882 4.6073	0 24.0166 1.31496
0.152588 4.81649 4.62103	0 18.5923 1.28749
0.152832 4.72307 4.63348	0 24.4405 1.24401
0.153076 5.62728 4.64385	0 22.079 1.18889
0.15332 4.10947 4.65146	0 10.7532 1.12876
0.153564 3.8759 4.65581	0 14.0574 1.07058
0.153809 4.42857 4.65654	0 19.1122 1.01966
0.154053 5.53743 4.65343	0 25.4804 0.978303
0.154297 4.95969 4.64643	0 16.5125 0.945694
0.154541 3.69457 4.63569	0 14.7501 0.918948
0.154785 5.98039 4.62162	0 28.4415 0.894791
0.155029 4.85845 4.60483	0 22.1818 0.871247
0.155273 3.85508 4.58614	0 13.7401 0.84868
0.155518 3.77083 4.56647	0 11.4213 0.829861
0.155762 5.19859 4.54674	0 22.9031 0.819096
0.156006 4.7174 4.5278	0 14.0586 0.820871
0.15625 4.33321 4.51035	0 23.8887 0.838575
0.156494 4.02578 4.49503	0 11.7908 0.873679
0.156738 4.56517 4.48234	0 19.3133 0.925438
0.156982 5.10555 4.47276	0 20.461 0.990899
0.157227 4.28866 4.46669	0 19.2013 1.06509
0.157471 4.71151 4.46443	0 20.4026 1.1414
0.157715 3.44679 4.4661	0 9.51127 1.21232
0.157959 4.53752 4.47152	0 19.365 1.27046
0.158203 4.16759 4.48018	0 18.0044 1.30968
0.158447 4.87448 4.49123	0 24.2295 1.32599
0.158691 4.72565 4.50353	0 20.2819 1.31796
0.158936 4.33223 4.51583	0 17.7998 1.28662
0.15918 4.22942 4.5269	0 14.7113 1.23523
0.159424 5.35648 4.53577	0 27.9536 1.16878
0.159668 4.53866 4.5418	0 28.0012 1.0935
0.159912 3.83736 4.54485	0 13.9799 1.01632
0.160156 5.2467 4.54522	0 31.4676 0.944364
0.1604 4.50499 4.54358	0 15.2368 0.884656
0.160645 4.64136 4.54081	0 20.035 0.843753
0.160889 4.75547 4.53778	0 20.7532 0.827179
0.161133 4.25379 4.53515	0 13.6829 0.838385
0.161377 3.92807 4.53323	0 12.988 0.87742
0.161621 4.48326 4.53188	0 14.8634 0.939851
0.161865 4.37357 4.53063	0 22.0269 1.01658
0.162109 4.5701 4.5288	0 20.0139 1.095
0.162354 5.26019 4.52573	0 24.4029 1.1614
0.162598 4.91447 4.5211	0 27.9269 1.20424
0.162842 4.43238 4.51502	0 24.5426 1.21732
0.163086 4.57584 4.50813	0 21.6494 1.20185
0.16333 3.68474 4.50152	0 10.2345 1.16642
0.163574 4.92952 4.49652	0 18.279 1.12474
0.163818 4.46226 4.49435	0 15.9836 1.09154
0.164062 4.25357 4.49587	0 22.6672 1.0783
0.164307 4.55325 4.50127	0 21.272 1.08999
0.164551 4.28814 4.50992	0 17.5419 1.12421
0.164795 4.14103 4.5204	0 21.8031 1.17247
0.165039 4.19015 4.53069	0 20.3935 1.22298
0.165283 4.86088 4.53852	0 19.2542 1.26393
0.165527 4.37811 4.54178	0 20.8211 1.28638
0.165771 6.0281 4.53903	0 27.6338 1.2861
0.166016 4.62575 4.52975	0 22.9971 1.26413
0.16626 5.05566 4.5146	0 24.9715 1.22591
0.166504 3.70963 4.49529	0 11.5245 1.17936
0.166748 4.5778 4.47436	0 21.7808 1.13254
0.166992 3.98086 4.45471	0 16.6371 1.09195
0.167236 4.67258 4.4391	0 18.933 1.06209
0.16748 4.4787 4.42964	0 21.4873 1.04618
0.167725 3.25463 4.42743	0 9.12128 1.04701
0.167969 4.83857 4.43232	0 23.5743 1.06692
0.168213 4.1403 4.44299	0 11.3706 1.10646
0.168457 4.36774 4.45708	0 14.5947 1.16248
0.168701 4.21497 4.47166	0 22.1057 1.22703
0.168945 4.83089 4.48367	0 21.7222 1.2882
0.169189 5.24683 4.49045	0 29.1339 1.33281
0.169434 4.37593 4.49016	0 20.8191 1.35023
0.169678 4.97305 4.48206	0 14.3789 1.33546
0.169922 5.0658 4.46653	0 35.9021 1.29041
0.170166 4.48574 4.44496	0 22.9088 1.22303
0.17041 3.7776 4.41939	0 13.5195 1.1446
0.170654 4.47625 4.3921	0 15.8426 1.06659
0.170898 3.80766 4.36522	0 13.406 0.997952
0.171143 4.13257 4.34035	0 14.7946 0.94373
0.171387 4.30853 4.31846	0 19.5291 0.905017
0.171631 5.02494 4.29982	0 22.7453 0.879878
0.171875 3.90336 4.28415	0 14.1792 0.864638
0.172119 3.76945 4.2708	0 10.0196 0.855091
0.172363 4.65722 4.25901	0 16.7827 0.847453
0.172607 4.43663 4.24809	0 20.6959 0.839077
0.172852 4.42165 4.23755	0 16.597 0.828944
0.173096 3.91709 4.22723	0 17.445 0.817796
0.17334 3.92049 4.21721	0 16.1288 0.807796
0.173584 4.42445 4.20779	0 16.4109 0.80171
0.173828 4.82939 4.19935	0 21.1741 0.801875
0.174072 3.55661 4.19222	0 9.98705 0.809275
0.174316 4.19723 4.18655	0 18.3642 0.823057
0.174561 4.24912 4.18224	0 15.6512 0.840579
0.174805 3.79184 4.17887	0 15.5174 0.857989
0.175049 4.00115 4.17584	0 15.8815 0.87117
0.175293 4.36274 4.17242	0 15.8621 0.876828
0.175537 4.18959 4.16796	0 14.5733 0.873435
0.175781 4.75695 4.16204	0 15.7952 0.861757
0.176025 4.16338 4.15448	0 22.191 0.844805
0.17627 4.75347 4.1454	0 24.5218 0.827138
0.176514 3.68124 4.13505	0 16.5998 0.813597
0.176758 3.48933 4.12369	0 10.5709 0.8077
0.177002 3.90912 4.11142	0 16.2487 0.810196
0.177246 3.83002 4.09814	0 13.1594 0.818423
0.17749 4.54195 4.08353	0 16.9431 0.827057
0.177734 4.5536 4.06723	0 22.7241 0.830251
0.177979 4.22445 4.04902	0 24.3715 0.824335
0.178223 4.15897 4.02894	0 19.1205 0.809686
0.178467 3.78894 4.00744	0 14.2417 0.790616
0.178711 4.01469 3.9854	0 12.8195 0.773162
0.178955 3.99506 3.96395	0 17.8626 0.761939
0.179199 3.50455 3.94439	0 12.1031 0.757848
0.179443 3.90167 3.92791	0 15.0946 0.757913
0.179688 4.00631 3.91545	0 19.6933 0.757239
0.179932 3.94256 3.90756	0 13.4859 0.751833
0.180176 3.76881 3.90437	0 19.8841 0.740655
0.18042 3.37434 3.90555	0 9.85647 0.725939
0.180664 4.07556 3.9104	0 13.6106 0.711925
0.180908 4.20855 3.918	0 18.7331 0.702992
0.181152 3.39189 3.92729	0 10.6553 0.702253
0.181396 4.46112 3.93723	0 28.4878 0.711073
0.181641 4.08002 3.94686	0 13.5594 0.729251
0.181885 3.59216 3.95544	0 11.3711 0.755272
0.182129 4.02664 3.96243	0 12.0962 0.786269
0.182373 4.62669 3.9675	0 18.4222 0.817886
0.182617 3.40522 3.97052	0 10.8858 0.844608
0.182861 4.07622 3.97151	0 16.293 0.860919
0.183105 3.78544 3.97066	0 14.143 0.863079
0.18335 4.2787 3.96826	0 27.6532 0.850698
0.183594 3.95045 3.9648	0 12.037 0.827221
0.183838 3.95271 3.96091	0 14.9669 0.798973
0.184082 3.96666 3.95734	0 16.7787 0.773125
0.184326 4.32932 3.9549	0 23.8407 0.755467
0.18457 3.60282 3.95431	0 25.2829 0.748821
0.184814 3.64635 3.95602	0 11.6716 0.752527
0.185059 4.31524 3.96001	0 11.1342 0.76299
0.185303 3.48962 3.9657	0 13.7024 0.774985
0.185547 3.66866 3.97186	0 19.076 0.783308
0.185791 4.07156 3.9768	0 11.3528 0.784274
0.186035 4.02827 3.97854	0 17.6014 0.776614
0.186279 4.11533 3.97526	0 17.5425 0.7615
0.186523 4.49408 3.96564	0 18.7367 0.741786
0.186768 4.30275 3.94919	0 21.8779 0.72093
0.187012 4.41854 3.92651	0 16.939 0.702099
0.187256 4.08118 3.89922	0 16.0348 0.687755
0.1875 3.5749 3.86976	0 14.517 0.679598
0.187744 3.75009 3.84106	0 12.0463 0.678572
0.187988 3.11762 3.816	0 10.3792 0.684705
0.188232 3.58271 3.79704	0 11.5828 0.696867
0.188477 3.31807 3.78583	0 11.1032 0.712739
0.188721 4.16184 3.78297	0 19.8083 0.729227
0.188965 4.07515 3.788	0 16.0261 0.743244
0.189209 3.38691 3.79947	0 11.8073 0.752463
0.189453 2.89126 3.81518	0 6.34176 0.755657
0.189697 4.64777 3.83244	0 13.0492 0.752525
0.189941 3.45707 3.84847	0 16.4092 0.743341
0.190186 4.70372 3.86066	0 20.2906 0.728835
0.19043 3.77353 3.86695	0 13.7555 0.710449
0.190674 3.98394 3.86603	0 19.7548 0.69065
0.190918 4.12515 3.85748	0 13.7575 0.672787
0.191162 3.97045 3.8418	0 12.3715 0.660276
0.191406 4.30372 3.82034	0 15.595 0.655389
0.19165 3.62983 3.79502	0 10.8053 0.658341
0.191895 3.47149 3.76809	0 10.1743 0.667231
0.192139 3.73363 3.74181	0 11.239 0.678893
0.192383 3.47502 3.71811	0 9.1848 0.690213
0.192627 3.54676 3.69843	0 12.1139 0.699209
0.192871 3.40709 3.68359	0 9.10587 0.705437
0.193115 3.70998 3.67385	0 14.6941 0.709666
0.193359 3.57099 3.669	0 16.4668 0.713201
0.193604 3.77053 3.66853	0 17.6849 0.717243
0.193848 3.751 3.67182	0 14.7923 0.722572
0.194092 3.95826 3.67822	0 17.2949 0.729481
0.194336 3.1609 3.68711	0 6.48974 0.737791
0.19458 4.26703 3.69781	0 16.8228 0.746787
0.194824 3.27454 3.70954	0 11.2633 0.755168
0.195068 3.36283 3.72127	0 10.9713 0.761194
0.195312 3.66364 3.7317	0 16.9243 0.763177
0.195557 3.88849 3.73933	0 13.6323 0.760154
0.195801 3.99697 3.74262	0 12.1074 0.752363
0.196045 4.00218 3.74021	0 14.1312 0.741203
0.196289 3.82341 3.73123	0 12.3414 0.728641
0.196533 3.84312 3.71546	0 12.9991 0.71645
0.196777 4.43557 3.6935	0 15.5323 0.705681
0.197021 3.46851 3.6667	0 8.61645 0.696623
0.197266 3.66888 3.63699	0 14.825 0.689142
0.19751 3.26772 3.60661	0 9.42411 0.683123
0.197754 3.55583 3.57775	0 14.6088 0.678811
0.197998 3.35945 3.55223	0 12.4606 0.677002
0.198242 2.95969 3.53126	0 8.08233 0.679056
0.198486 3.8803 3.51532	0 14.3277 0.686649
0.19873 3.29663 3.50421	0 11.4764 0.70113
0.198975 3.0821 3.49716	0 9.39935 0.722549
0.199219 3.78863 3.49308	0 11.0361 0.748763
0.199463 4.04674 3.49079	0 18.2778 0.775178
0.199707 3.45437 3.48924	0 21.4628 0.795554
0.199951 3.18916 3.48765	0 7.78919 0.803763
0.200195 3.3399 3.48561	0 12.9132 0.795871
0.200439 3.4544 3.48306	0 10.88 0.771703
0.200684 3.90903 3.48021	0 13.1761 0.735263
0.200928 3.44976 3.47747	0 8.74189 0.693855
0.201172 3.66039 3.47524	0 12.8081 0.656232
0.201416 3.27522 3.47385	0 8.98002 0.630341
0.20166 2.8328 3.47345	0 7.50573 0.62138
0.201904 3.45667 3.47398	0 13.3307 0.630684
0.202148 3.59209 3.47523	0 15.1132 0.655776
0.202393 3.77646 3.47684	0 15.9742 0.691423
0.202637 3.65805 3.47847	0 11.1618 0.731207
0.202881 3.59664 3.47985	0 12.797 0.768931
0.203125 3.47554 3.48079	0 12.1259 0.799397
0.203369 3.24179 3.48124	0 8.63085 0.818576
0.203613 3.19347 3.48124	0 12.6786 0.823644
0.203857 3.64372 3.48088	0 11.4911 0.813379
0.204102 3.39257 3.48025	0 8.9938 0.788963
0.204346 3.69 3.47946	0 18.4164 0.754603
0.20459 3.71051 3.47864	0 14.6141 0.717148
0.204834 3.41218 3.47794	0 9.54112 0.684304
0.205078 3.33572 3.47756	0 10.8387 0.661968
0.205322 3.21521 3.47775	0 9.76839 0.651968
0.205566 3.57454 3.47871	0 15.9331 0.651461
0.205811 3.77674 3.48057	0 13.1152 0.654377
0.206055 3.28076 3.48328	0 11.7582 0.65421
0.206299 3.68662 3.4865	0 11.586 0.64674
0.206543 3.19699 3.48963	0 10.1342 0.631437
0.206787 3.23457 3.49178	0 11.4645 0.611096
0.207031 3.24583 3.49195	0 10.9584 0.590136
0.207275 3.86048 3.48912	0 14.3277 0.572533
0.20752 3.74234 3.48251	0 11.0909 0.560333
0.207764 4.27566 3.47171	0 17.3433 0.553253
0.208008 3.29405 3.45677	0 15.5969 0.549347
0.208252 3.64693 3.43822	0 14.0771 0.546256
0.208496 2.70763 3.41697	0 9.36611 0.542411
0.20874 3.23866 3.39414	0 8.24481 0.537691
0.208984 3.99745 3.37089	0 17.0309 0.533364
0.209229 2.97078 3.34828	0 6.67066 0.531499
0.209473 3.04181 3.32712	0 8.7381 0.534197
0.209717 3.43693 3.308	0 11.1153 0.542964
0.209961 3.53415 3.2913	0 14.9208 0.55833
0.210205 3.49712 3.27723	0 10.203 0.579671
0.210449 2.63614 3.26593	0 9.87706 0.605156
0.210693 3.3484 3.25746	0 9.18179 0.63189
0.210938 3.19293 3.25183	0 16.696 0.656392
0.211182 3.08486 3.24901	0 7.59159 0.675473
0.211426 3.67253 3.24884	0 12.2669 0.687239
0.21167 3.40603 3.25106	0 11.2254 0.691702
0.211914 2.61022 3.25527	0 7.07834 0.69057
0.212158 2.94667 3.26097	0 7.7964 0.686236
0.212402 3.37638 3.26761	0 9.32681 0.680537
0.212646 3.68197 3.27468	0 11.1978 0.674025
0.212891 3.58346 3.28179	0 14.1098 0.666162
0.213135 3.0555 3.28869	0 9.14497 0.656243
0.213379 3.42265 3.29529	0 12.2666 0.644396
0.213623 3.34828 3.30158	0 8.3486 0.632016
0.213867 2.9334 3.3076	0 7.34594 0.621352
0.214111 3.44944 3.31328	0 12.1642 0.614495
0.214355 3.07274 3.3184	0 8.47357 0.612323
0.2146 3.27318 3.32259	0 8.50455 0.613938
0.214844 3.34 3.32533	0 13.6861 0.616874
0.215088 3.87198 3.32607	0 17.1937 0.617959
0.215332 3.74852 3.32435	0 13.8466 0.61442
0.215576 2.70194 3.31987	0 6.68134 0.604778
0.21582 3.21675 3.31259	0 10.518 0.589208
0.216064 3.37103 3.30277	0 12.0465 0.569382
0.216309 3.72027 3.29095	0 14.74 0.547953
0.216553 3.39753 3.27791	0 12.4908 0.527918
0.216797 3.10409 3.26459	0 8.65259 0.511954
0.217041 3.24441 3.252	0 9.17744 0.501787
0.217285 2.75534 3.24118	0 6.92357 0.497679
0.217529 3.60474 3.23308	0 11.0191 0.498283
0.217773 2.62529 3.22856	0 6.53723 0.501088
0.218018 3.55983 3.2283	0 14.6382 0.503455
0.218262 3.31355 3.23273	0 11.3584 0.503861
0.218506 3.37131 3.24201	0 12.6161 0.502732
0.21875 3.08166 3.25585	0 7.76955 0.502383
0.218994 2.88647 3.27351	0 6.29125 0.506071
0.219238 2.86111 3.29373	0 7.29757 0.516655
0.219482 3.0999 3.31476	0 7.54126 0.535582
0.219727 3.65166 3.33452	0 11.6724 0.562589
0.219971 3.97965 3.35078	0 11.4785 0.596027
0.220215 3.35727 3.36147	0 14.0544 0.633344
0.220459 3.62811 3.36495	0 15.1768 0.671365
0.220703 3.36946 3.36029	0 7.98699 0.706356
0.220947 3.49847 3.34745	0 11.432 0.734215
0.221191 3.61514 3.32733	0 14.1854 0.751153
0.221436 3.39716 3.30171	0 11.1544 0.754847
0.22168 3.34541 3.27308	0 11.5585 0.745623
0.221924 3.17431 3.24433	0 23.3406 0.726973
0.222168 3.17519 3.21835	0 11.5986 0.704915
0.222412 3.26232 3.19772	0 7.39675 0.686267
0.222656 2.30978 3.1843	0 5.76187 0.676481
0.2229 3.19878 3.17904	0 13.6205 0.67794
0.223145 2.33254 3.18188	0 6.25911 0.68942
0.223389 3.29987 3.19187	0 12.8016 0.706798
0.223633 3.21442 3.20737	0 10.0984 0.724559
0.223877 3.99975 3.22637	0 11.2463 0.737382
0.224121 3.37991 3.24686	0 10.3083 0.741298
0.224365 2.991 3.26707	0 9.78357 0.73424
0.224609 3.13721 3.28564	0 8.96179 0.716097
0.224854 3.87989 3.30169	0 13.2269 0.68842
0.225098 3.04399 3.3147	0 10.8389 0.653886
0.225342 3.17815 3.32449	0 10.492 0.615653
0.225586 3.14525 3.33097	0 11.0643 0.576798
0.22583 3.68967 3.33416	0 10.673 0.540063
0.226074 3.44869 3.33401	0 17.2047 0.507938
0.226318 3.58057 3.33051	0 14.6772 0.482836
0.226562 3.16748 3.32363	0 9.67607 0.466976
0.226807 3.22333 3.31342	0 9.27332 0.461779
0.227051 3.40731 3.30003	0 9.71651 0.467043
0.227295 3.11125 3.28373	0 7.35916 0.480432
0.227539 3.70574 3.26494	0 11.8565 0.497786
0.227783 3.32279 3.24422	0 9.76043 0.514296
0.228027 3.06829 3.22219	0 12.3292 0.526039
0.228271 3.2406 3.1995	0 11.3863 0.53116
0.228516 2.98587 3.17676	0 6.97424 0.530154
0.22876 3.1777 3.15452	0 15.7312 0.525193
0.229004 3.11785 3.13316	0 8.36749 0.518921
0.229248 2.94304 3.11299	0 6.34917 0.513325
0.229492 3.19926 3.0942	0 11.4383 0.509139
0.229736 3.10689 3.07695	0 10.3866 0.505916
0.22998 3.10514 3.06141	0 8.81736 0.50258
0.230225 3.04051 3.04785	0 8.4797 0.498144
0.230469 3.05352 3.0366	0 9.34641 0.492288
0.230713 2.87665 3.02804	0 8.22712 0.485634
0.230957 2.82587 3.02252	0 8.13927 0.479667
0.231201 3.3277 3.02029	0 9.68165 0.476354
0.231445 2.50869 3.02136	0 6.81285 0.477543
0.231689 3.5499 3.02543	0 11.6367 0.484335
0.231934 2.62041 3.0319	0 5.42991 0.496585
0.232178 2.49499 3.03988	0 7.22291 0.512753
0.232422 3.11077 3.04831	0 10.0433 0.530218
0.232666 3.59342 3.05612	0 14.4586 0.545976
0.23291 3.22259 3.06239	0 11.4182 0.557481
0.233154 3.27585 3.06653	0 10.0798 0.563254
0.233398 3.33656 3.0683	0 11.7772 0.563034
0.233643 2.68825 3.0679	0 5.42768 0.557462
0.233887 2.94386 3.06581	0 7.99234 0.547625
0.234131 2.95642 3.06275	0 7.81665 0.534757
0.234375 2.90958 3.0595	0 7.2534 0.520246
0.234619 3.47622 3.05676	0 15.197 0.505788
0.234863 3.41182 3.05502	0 9.61965 0.493364
0.235107 2.67416 3.05448	0 7.54563 0.484846
0.235352 2.60392 3.05504	0 8.09406 0.481323
0.235596 2.94786 3.0563	0 7.45018 0.48253
0.23584 3.03949 3.05766	0 7.72544 0.486796
0.236084 3.41041 3.05848	0 11.7926 0.491668
0.236328 3.2637 3.05818	0 9.00147 0.494993
0.236572 3.00958 3.05641	0 10.7155 0.495927
0.236816 3.10552 3.05314	0 8.7456 0.495349
0.237061 3.51753 3.04865	0 12.9834 0.495474
0.237305 2.60025 3.04349	0 5.09723 0.49884
0.237549 3.16515 3.03837	0 10.0142 0.507175
0.237793 2.67296 3.03395	0 7.9931 0.520676
0.238037 2.8293 3.03076	0 6.83079 0.538007
0.238281 3.20766 3.02908	0 8.35237 0.55695
0.238525 2.7455 3.02887	0 6.98041 0.575338
0.23877 3.62123 3.02982	0 12.4774 0.591807
0.239014 2.97504 3.03137	0 8.74964 0.606012
0.239258 3.04131 3.03277	0 9.20715 0.618257
0.239502 2.57901 3.03323	0 7.60237 0.6288
0.239746 2.92198 3.03197	0 9.60412 0.637253
0.23999 3.34463 3.02839	0 14.3523 0.642425
0.240234 3.3384 3.02213	0 9.63653 0.642686
0.240479 2.86628 3.01325	0 8.54126 0.636616
0.240723 3.28088 3.00217	0 11.1816 0.623582
0.240967 3.31306 2.98974	0 10.6059 0.603944
0.241211 2.91533 2.97704	0 7.35529 0.578872
0.241455 2.52494 2.96525	0 5.72977 0.549944
0.241699 2.89135 2.9554	0 8.36204 0.518785
0.241943 2.77824 2.9482	0 6.20449 0.486882
0.242188 2.66098 2.94391	0 6.7403 0.455571
0.242432 2.92832 2.94236	0 7.39332 0.426084
0.242676 2.91024 2.94306	0 8.59879 0.399584
0.24292 3.27174 2.94537	0 11.64 0.377196
0.243164 2.96998 2.94872	0 8.65084 0.360077
0.243408 2.9746 2.95274	0 8.52529 0.349536
0.243652 3.53291 2.95727	0 9.31882 0.347053
0.243896 2.64683 2.96236	0 6.29257 0.354006
0.244141 2.67102 2.96804	0 4.65848 0.371046
0.244385 2.78465 2.97423	0 6.71532 0.397298
0.244629 2.85758 2.98056	0 6.27991 0.429817
0.244873 2.70281 2.98642	0 6.8584 0.463751
0.245117 2.83351 2.99105	0 7.45208 0.493399
0.245361 3.74202 2.99376	0 13.5318 0.5139
0.245605 3.50108 2.99412	0 11.6727 0.522912
0.24585 3.25044 2.99217	0 9.22587 0.521524
0.246094 2.93587 2.98844	0 12.0757 0.513911
0.246338 2.49899 2.98386	0 6.09446 0.505794
0.246582 2.76241 2.97955	0 4.91697 0.502333
0.246826 2.89522 2.97654	0 7.05997 0.506351
0.24707 3.25991 2.97551	0 7.26161 0.51762
0.247314 2.49942 2.97666	0 5.60708 0.533439
0.247559 2.67362 2.97969	0 6.34851 0.550094
0.247803 3.36557 2.98387	0 15.0277 0.564448
0.248047 2.87739 2.98828	0 6.47323 0.574934
0.248291 3.49561 2.992	0 14.6181 0.581589
0.248535 3.26568 2.99433	0 9.23964 0.585264
0.248779 2.64629 2.99494	0 6.07368 0.586519
0.249023 3.02026 2.99387	0 8.38906 0.584855
0.249268 2.87463 2.99154	0 7.26598 0.578703
0.249512 3.05954 2.98862	0 11.6313 0.566238
0.249756 3.2375 2.98587	0 9.65554 0.546625
0.25 2.55795 2.98406	0 9.88664 0.521045
0.250244 3.24725 2.98385	0 8.44809 0.492914
0.250488 2.87918 2.98569	0 8.93303 0.467097
0.250732 2.68196 2.98981	0 5.99974 0.448424
0.250977 2.82692 2.99622	0 6.25765 0.440181
0.251221 3.30431 3.00468	0 7.51806 0.443276
0.251465 3.15943 3.01478	0 11.3912 0.456406
0.251709 2.94116 3.0259	0 7.74329 0.477015
0.251953 3.02257 3.03729	0 12.4501 0.502444
0.252197 2.78789 3.04806	0 7.42179 0.530615
0.252441 3.0661 3.05728	0 9.4661 0.559952
0.252686 3.09082 3.06405	0 10.5726 0.588784
0.25293 3.1922 3.06763	0 11.6737 0.614802
0.253174 3.41669 3.06759	0 10.4243 0.6351
0.253418 3.19828 3.06384	0 11.2259 0.646905
0.253662 3.28052 3.05676	0 14.3422 0.64863
0.253906 2.74795 3.0471	0 7.72489 0.64062
0.25415 3.21823 3.03591	0 8.61827 0.625186
0.254395 2.97762 3.02437	0 8.1471 0.605868
0.254639 2.85625 3.01354	0 6.28817 0.586302
0.254883 2.81339 3.00423	0 8.03342 0.569191
0.255127 2.85466 2.99683	0 8.01263 0.555737
0.255371 3.09915 2.99124	0 11.1842 0.545644
0.255615 2.81382 2.98697	0 6.79079 0.537573
0.255859 2.94115 2.98324	0 6.38227 0.529774
0.256104 3.22381 2.97918	0 8.78993 0.520737
0.256348 3.11258 2.97404	0 7.01088 0.509698
0.256592 2.89774 2.96738	0 8.55603 0.496948
0.256836 2.96141 2.95915	0 6.38635 0.483821
0.25708 3.57409 2.94971	0 12.5856 0.472289
0.257324 2.73425 2.93975	0 6.94373 0.464232
0.257568 2.79441 2.9301	0 7.92756 0.460661
0.257812 2.34962 2.92152	0 7.47616 0.461315
0.258057 3.19303 2.91453	0 10.5022 0.46485
0.258301 2.83152 2.90925	0 7.9974 0.469494
0.258545 2.53751 2.90539	0 6.14856 0.473731
0.258789 3.03965 2.90225	0 9.22865 0.476566
0.259033 3.01223 2.89891	0 9.24156 0.477254
0.259277 3.40528 2.89439	0 10.5872 0.474792
0.259521 2.76205 2.88784	0 6.88033 0.467668
0.259766 2.55211 2.87879	0 5.70435 0.454185
0.26001 2.91763 2.86718	0 10.8488 0.433292
0.260254 3.16388 2.85347	0 10.8461 0.405524
0.260498 3.30548 2.83856	0 10.9997 0.373527
0.260742 2.78318 2.82366	0 7.82961 0.341836
0.260986 2.40727 2.81014	0 5.14217 0.3159
0.26123 2.55558 2.79927	0 6.68152 0.300699
0.261475 2.59205 2.79204	0 7.05785 0.299456
0.261719 2.70777 2.78902	0 7.61002 0.312841
0.261963 2.79961 2.79026	0 8.07799 0.33884
0.262207 2.77798 2.79531	0 8.32907 0.373209
0.262451 2.69439 2.80329	0 7.53469 0.410316
0.262695 2.9407 2.81303	0 7.88406 0.444144
0.262939 2.9232 2.82321	0 9.09326 0.469342
0.263184 2.61202 2.83257	0 6.97911 0.48217
0.263428 3.10221 2.84003	0 7.94247 0.48119
0.263672 2.79301 2.8448	0 6.1139 0.467524
0.263916 2.99966 2.84645	0 7.68674 0.444545
0.26416 2.86584 2.84495	0 6.61968 0.417057
0.264404 3.18273 2.84065	0 9.83121 0.390169
0.264648 2.8205 2.83415	0 7.81934 0.368189
0.264893 2.7592 2.82627	0 6.58303 0.353873
0.265137 2.50904 2.81784	0 5.85299 0.348189
0.265381 2.98817 2.80968	0 10.3276 0.350565
0.265625 2.29358 2.80241	0 4.31785 0.359431
0.265869 3.26942 2.79647	0 10.3482 0.372816
0.266113 2.79775 2.79208	0 8.55181 0.388801
0.266357 2.41335 2.78922	0 4.82858 0.405774
0.266602 3.08288 2.78765	0 10.9421 0.422499
0.266846 2.95394 2.78694	0 6.249 0.438032
0.26709 2.41921 2.7865	0 5.1807 0.451544
0.267334 2.80987 2.78562	0 8.38426 0.462087
0.267578 2.74562 2.78355	0 6.41517 0.468439
0.267822 2.66083 2.77964	0 5.85504 0.469181
0.268066 2.84853 2.77352	0 8.09993 0.463127
0.268311 3.1198 2.76519	0 9.06282 0.450009
0.268555 3.04399 2.75519	0 11.1048 0.431097
0.268799 3.0884 2.74451	0 7.53617 0.409348
0.269043 2.61013 2.73455	0 6.25939 0.388872
0.269287 2.30368 2.72679	0 5.04964 0.373844
0.269531 2.47971 2.72256	0 5.91307 0.3673
0.269775 2.57684 2.72272	0 5.30651 0.370295
0.27002 2.31229 2.72742	0 5.0841 0.381679
0.270264 2.63744 2.73608	0 6.47358 0.398478
0.270508 2.51968 2.74747	0 5.44767 0.416632
0.270752 3.3906 2.75992	0 11.9093 0.431891
0.270996 2.8025 2.77165	0 11.326 0.440692
0.27124 3.12178 2.78108	0 8.63618 0.440889
0.271484 3.00504 2.78706	0 8.99114 0.432209
0.271729 2.52853 2.78902	0 5.16047 0.416278
0.271973 2.72878 2.78699	0 6.6991 0.396166
0.272217 2.88749 2.78156	0 8.97025 0.375572
0.272461 2.97879 2.77367	0 6.72078 0.357883
0.272705 2.36056 2.76449	0 4.4963 0.34544
0.272949 3.49431 2.75519	0 9.06782 0.339185
0.273193 2.3789 2.74681	0 4.42567 0.338751
0.273438 2.27509 2.74006	0 5.03059 0.342882
0.273682 2.77118 2.73532	0 11.0996 0.349949
0.273926 2.82137 2.73251	0 8.29208 0.358388
0.27417 2.49813 2.73124	0 5.97703 0.366948
0.274414 2.71176 2.7308	0 7.12048 0.374729
0.274658 2.92357 2.73036	0 10.3268 0.3811
0.274902 2.74139 2.7291	0 6.04351 0.385589
0.275146 3.21767 2.72639	0 10.2581 0.387826
0.275391 2.57409 2.72187	0 6.52283 0.387587
0.275635 2.49635 2.71558	0 5.46786 0.384919
0.275879 2.72588 2.70796	0 6.85611 0.380287
0.276123 2.68811 2.69981	0 6.74947 0.374597
0.276367 2.66628 2.69222	0 6.20405 0.369012
0.276611 3.3708 2.68644	0 8.54979 0.364568
0.276855 2.21196 2.68363	0 3.38897 0.361748
0.2771 2.64272 2.68468	0 6.47063 0.360271
0.277344 2.44994 2.69001	0 4.71743 0.359236
0.277588 2.12716 2.69943	0 5.62757 0.357602
0.277832 2.55364 2.7121	0 6.56985 0.35478
0.278076 2.48748 2.72663	0 4.71439 0.351032
0.27832 3.44883 2.74131	0 12.3199 0.347472
0.278564 3.13684 2.75434	0 7.72408 0.345647
0.278809 2.63316 2.76418	0 6.09141 0.346862
0.279053 2.79735 2.76978	0 7.09678 0.351551
0.279297 3.22739 2.77069	0 13.1859 0.358973
0.279541 2.54459 2.76706	0 5.58761 0.367381
0.279785 2.98447 2.75961	0 6.65716 0.37459
0.280029 2.60299 2.74937	0 6.28789 0.378731
0.280273 2.87189 2.73759	0 8.87551 0.378892
0.280518 2.31123 2.72552	0 3.95659 0.375412
0.280762 2.3539 2.71439	0 4.53804 0.369779
0.281006 3.01744 2.70533	0 7.81783 0.364205
0.28125 2.92406 2.69936	0 7.40286 0.361055
0.281494 3.09247 2.69734	0 7.79821 0.362273
0.281738 2.51695 2.69995	0 6.32346 0.36895
0.281982 2.52874 2.70753	0 5.98041 0.381097
0.282227 1.8337 2.72	0 3.40307 0.397701
0.282471 2.37895 2.7368	0 4.19714 0.417026
0.282715 2.84825 2.75687	0 7.03148 0.437083
0.282959 3.18843 2.77879	0 13.1082 0.456052
0.283203 3.09987 2.80095	0 7.62639 0.472501
0.283447 3.10679 2.82174	0 10.7459 0.485342
0.283691 2.69416 2.8398	0 10.48 0.493668
0.283936 2.76989 2.85413	0 5.87028 0.496684
0.28418 3.1133 2.86413	0 17.5667 0.493876
0.284424 2.66473 2.86959	0 9.02767 0.485306
0.284668 3.0507 2.8706	0 9.46014 0.471788
0.284912 2.95048 2.86745	0 9.23033 0.45472
0.285156 3.11299 2.86055	0 7.38519 0.435647
0.2854 2.40179 2.85038	0 5.26112 0.415847
0.285645 2.95557 2.83744	0 8.52483 0.396257
0.285889 3.10306 2.82226	0 11.7512 0.377794
0.286133 3.11602 2.80542	0 10.824 0.361793
0.286377 2.32054 2.78752	0 4.958 0.350128
0.286621 2.84888 2.76915	0 8.15193 0.34478
0.286865 2.65786 2.7509	0 5.12119 0.346951
0.287109 2.71645 2.73328	0 8.45373 0.356223
0.287354 2.93528 2.7167	0 10.7687 0.370214
0.287598 2.60609 2.70148	0 7.97642 0.385024
0.287842 2.33231 2.68783	0 4.31001 0.396296
0.288086 2.88088 2.67588	0 9.70878 0.400496
0.28833 2.56524 2.66573	0 6.20836 0.39592
0.288574 2.81385 2.65747	0 6.67151 0.383118
0.288818 2.51745 2.65123	0 5.9997 0.364646
0.289062 2.8193 2.6472	0 7.77636 0.344315
0.289307 2.35136 2.6456	0 6.26323 0.326209
0.289551 2.73063 2.64667	0 7.30587 0.313767
0.289795 2.53376 2.65063	0 5.97714 0.309171
0.290039 2.77934 2.65763	0 5.53299 0.313133
0.290283 2.48629 2.66768	0 7.12502 0.325024
0.290527 2.45284 2.68067	0 5.25045 0.343253
0.290771 2.67804 2.69629	0 7.21167 0.365708
0.291016 2.72143 2.71404	0 6.34727 0.390171
0.29126 3.07744 2.73324	0 9.36044 0.414617
0.291504 2.68274 2.75303	0 5.55192 0.437345
0.291748 2.60006 2.77236	0 6.2167 0.456936
0.291992 2.65958 2.79009	0 6.58174 0.472106
0.292236 2.91559 2.8051	0 11.2897 0.481595
0.29248 2.6017 2.81635	0 7.0177 0.484238
0.292725 3.03646 2.82314	0 9.55662 0.47932
0.292969 3.41092 2.82516	0 11.9019 0.467106
0.293213 2.93172 2.82264	0 6.42048 0.449279
0.293457 3.2197 2.81629	0 6.91362 0.428962
0.293701 2.76582 2.80722	0 6.48291 0.410124
0.293945 2.41536 2.7967	0 5.82315 0.396525
0.294189 2.27641 2.78597	0 4.51406 0.390599
0.294434 2.64186 2.77596	0 6.23725 0.392809
0.294678 3.10621 2.76723	0 15.4784 0.401752
0.294922 2.42886 2.75991	0 4.7985 0.414904
0.295166 3.05334 2.75377	0 10.0279 0.429581
0.29541 2.9438 2.74843	0 8.80844 0.443603
0.295654 2.69632 2.74346	0 6.69342 0.455417
0.295898 2.58609 2.7386	0 8.37511 0.463806
0.296143 2.95294 2.73376	0 7.77032 0.467549
0.296387 2.64516 2.72908	0 7.64622 0.465378
0.296631 2.6748 2.72482	0 7.58511 0.456355
0.296875 2.82955 2.72124	0 6.87832 0.44046
0.297119 2.42289 2.71852	0 5.43484 0.419036
0.297363 2.83398 2.71668	0 8.49011 0.394743
0.297607 2.31516 2.71555	0 5.24116 0.370956
0.297852 2.98417 2.71483	0 10.6918 0.350825
0.298096 2.75797 2.71414	0 5.47966 0.336435
0.29834 2.98845 2.71316	0 10.0745 0.328469
0.298584 2.50576 2.71168	0 8.842 0.326461
0.298828 2.87745 2.70967	0 8.5358 0.329455
0.299072 2.51646 2.70725	0 4.68507 0.336651
0.299316 3.07539 2.70461	0 8.71223 0.347736
0.299561 2.41233 2.70191	0 5.95033 0.362818
0.299805 2.66947 2.69915	0 6.97701 0.382058
0.300049 2.57395 2.69612	0 4.63128 0.405202
0.300293 2.62102 2.69239	0 7.67071 0.431156
0.300537 2.57678 2.68741	0 5.62821 0.457743
0.300781 2.61444 2.68065	0 8.18424 0.481817
0.301025 3.40676 2.67184	0 10.874 0.499824
0.30127 2.60955 2.66112	0 9.95773 0.508753
0.301514 2.63989 2.64914	0 5.34542 0.507166
0.301758 3.02945 2.63706	0 8.03877 0.495868
0.302002 2.53996 2.62636	0 7.02933 0.477866
0.302246 2.25738 2.61863	0 5.23067 0.457605
0.30249 2.21046 2.61521	0 4.35913 0.439775
0.302734 2.44369 2.61693	0 5.11 0.428136
0.302979 2.49298 2.62397	0 5.57884 0.424726
0.303223 2.41711 2.63573	0 5.21747 0.42956
0.303467 2.50884 2.65102	0 5.76639 0.44079
0.303711 3.09668 2.66826	0 6.59044 0.455204
0.303955 2.964 2.68572	0 8.27766 0.468988
0.304199 2.60194 2.70188	0 9.84524 0.47864
0.304443 3.03746 2.7156	0 9.39836 0.481845
0.304688 2.23964 2.72624	0 4.54835 0.478038
0.304932 3.08646 2.73368	0 11.1332 0.468464
0.305176 3.07202 2.73818	0 8.01482 0.455696
0.30542 2.68605 2.74024	0 4.77237 0.44282
0.305664 2.5336 2.74033	0 4.78841 0.432555
0.305908 2.55546 2.73876	0 7.82006 0.426534
0.306152 2.87836 2.73552	0 7.27924 0.424874
0.306396 2.40286 2.73029	0 5.88759 0.4261
0.306641 2.68444 2.72255	0 7.67777 0.427487
0.306885 3.05015 2.71175	0 7.64023 0.42583
0.307129 3.06233 2.69754	0 11.5487 0.418526
0.307373 2.70522 2.67998	0 9.90823 0.404636
0.307617 2.92687 2.65969	0 6.34066 0.385468
0.307861 2.37204 2.63782	0 4.46793 0.364364
0.308105 3.19115 2.61593	0 7.72018 0.345663
0.30835 2.32244 2.59576	0 4.35264 0.333255
0.308594 1.92452 2.57887	0 3.61804 0.329296
0.308838 2.34067 2.5664	0 5.65899 0.333627
0.309082 2.53227 2.55885	0 8.52514 0.344035
0.309326 2.36603 2.55601	0 5.23428 0.35717
0.30957 2.61535 2.55705	0 6.99297 0.369692
0.309814 2.48875 2.56075	0 5.86296 0.379187
0.310059 2.56105 2.56577	0 7.10769 0.3846
0.310303 3.25414 2.57089	0 11.0899 0.386094
0.310547 2.48976 2.57527	0 7.06605 0.384488
0.310791 2.80643 2.57854	0 6.61014 0.380566
0.311035 2.12384 2.58074	0 3.25306 0.374581
0.311279 2.68258 2.58225	0 6.29262 0.36621
0.311523 2.35603 2.58364	0 5.74627 0.354937
0.311768 2.74284 2.58544	0 6.22066 0.340637
0.312012 2.52715 2.58807	0 5.72001 0.324018
0.312256 2.53091 2.59167	0 4.80616 0.306706
0.3125 2.75643 2.5961	0 8.3529 0.290985
0.312744 2.42129 2.60098	0 5.37849 0.279334
0.312988 2.41486 2.60564	0 5.77566 0.273925
0.313232 3.0167 2.60931	0 9.10255 0.276162
0.313477 2.40848 2.61114	0 4.86914 0.286289
0.313721 2.64518 2.61034	0 8.43367 0.303142
0.313965 2.84081 2.60631	0 6.2502 0.324173
0.314209 2.42392 2.59872	0 8.3286 0.345862
0.314453 2.89179 2.58767	0 6.35935 0.364499
0.314697 2.74193 2.57365	0 8.94479 0.37713
0.314941 2.61736 2.55758	0 7.56631 0.382354
0.315186 2.66092 2.54067	0 6.35626 0.380638
0.31543 2.23274 2.52428	0 5.60917 0.374043
0.315674 2.70465 2.5097	0 7.43245 0.365454
0.315918 1.87564 2.498	0 4.1213 0.35763
0.316162 2.34232 2.48981	0 5.55119 0.352405
0.316406 2.70554 2.48531	0 7.17827 0.350309
0.31665 2.04737 2.4842	0 3.91732 0.35065
0.316895 3.05416 2.4858	0 8.51995 0.351965
0.317139 2.26313 2.48925	0 6.0472 0.352619
0.317383 2.44174 2.49361	0 4.78401 0.351346
0.317627 2.64356 2.49814	0 7.90797 0.347567
0.317871 2.41305 2.50232	0 5.69859 0.341464
0.318115 2.52765 2.50601	0 6.61665 0.333841
0.318359 2.88883 2.50937	0 9.32382 0.32588
0.318604 2.58472 2.51283	0 4.78366 0.318884
0.318848 2.30986 2.51697	0 5.7088 0.314071
0.319092 2.28787 2.52238	0 4.97245 0.312446
0.319336 2.02242 2.52957	0 3.17214 0.314753
0.31958 2.84451 2.53885	0 8.76984 0.32148
0.319824 2.71008 2.55026	0 8.28914 0.332893
0.320068 2.65892 2.56363	0 7.5413 0.349016
0.320312 2.61091 2.57849	0 6.49539 0.369514
0.320557 2.2998 2.5942	0 4.3936 0.393483
0.320801 2.49328 2.60995	0 6.80226 0.4193
0.321045 2.66442 2.62485	0 7.60748 0.444697
0.321289 2.45578 2.63806	0 5.58931 0.467187
0.321533 3.24337 2.64885	0 15.3623 0.484718
0.321777 2.60165 2.65675	0 9.65976 0.496258
0.322021 2.80998 2.66158	0 8.78833 0.501962
0.322266 2.77904 2.66354	0 7.58973 0.50279
0.32251 2.67943 2.66313	0 5.71201 0.499811
0.322754 2.50838 2.66108	0 8.70003 0.493586
0.322998 2.75688 2.6582	0 8.96512 0.484034
0.323242 2.35009 2.65524	0 4.87268 0.470831
0.323486 2.79251 2.65277	0 6.54871 0.454052
0.32373 2.60455 2.65109	0 4.67646 0.434655
0.323975 2.46437 2.65015	0 6.37648 0.414473
0.324219 2.96002 2.64966	0 9.50531 0.395739
0.324463 2.1868 2.64911	0 3.2799 0.380406
0.324707 2.72632 2.64789	0 11.0837 0.369604
0.324951 3.21192 2.6454	0 10.0648 0.363446
0.325195 2.65467 2.64116	0 6.45643 0.36116
0.325439 2.41491 2.63484	0 4.7047 0.361393
0.325684 2.84665 2.62632	0 7.49311 0.362523
0.325928 2.08755 2.61571	0 4.89009 0.362947
0.326172 2.87868 2.60332	0 7.44835 0.361381
0.326416 3.10502 2.58964	0 7.0411 0.357184
0.32666 2.23733 2.5753	0 4.82892 0.350643
0.326904 2.7216 2.56102	0 7.71116 0.343015
0.327148 2.44082 2.54755	0 6.01225 0.336257
0.327393 2.26533 2.53562	0 4.86455 0.33245
0.327637 2.63397 2.52585	0 6.71215 0.333155
0.327881 2.42104 2.51873	0 7.22518 0.338946
0.328125 2.37187 2.51457	0 3.45757 0.349314
0.328369 2.55591 2.51351	0 6.68937 0.362917
0.328613 2.54088 2.51551	0 6.24865 0.378025
0.328857 2.71998 2.52037	0 6.89433 0.392927
0.329102 2.04409 2.52775	0 5.36675 0.406171
0.329346 2.64666 2.53721	0 7.57046 0.416628
0.32959 2.43611 2.54821	0 6.11548 0.423524
0.329834 2.65326 2.56012	0 8.7338 0.426562
0.330078 2.80702 2.57226	0 7.3754 0.426122
0.330322 2.34939 2.58394	0 4.34893 0.423387
0.330566 2.6341 2.59444	0 6.9567 0.420177
0.330811 2.62098 2.6031	0 8.34875 0.418392
0.331055 2.67422 2.60937	0 7.03541 0.419228
0.331299 2.7563 2.61281	0 8.5743 0.422509
0.331543 2.70715 2.61324	0 7.01128 0.426513
0.331787 2.53823 2.61069	0 8.97911 0.428414
0.332031 2.60663 2.60548	0 5.93689 0.425205
0.332275 2.64053 2.59822	0 5.95551 0.414713
0.33252 2.98215 2.58971	0 10.6287 0.396358
0.332764 2.55884 2.5809	0 5.69816 0.371434
0.333008 2.27938 2.57273	0 4.87489 0.342877
0.333252 2.67137 2.566	0 6.98486 0.314625
0.333496 2.13714 2.56127	0 4.13816 0.290772
0.33374 2.27464 2.55882	0 3.53763 0.274757
0.333984 2.4847 2.55862	0 5.34253 0.268832
0.334229 3.21218 2.56038	0 10.0626 0.273898
0.334473 2.73882 2.56365	0 6.70461 0.289661
0.334717 2.03142 2.56789	0 3.89078 0.31489
0.334961 2.79117 2.57255	0 8.72308 0.347575
0.335205 2.6848 2.57715	0 7.88804 0.384932
0.335449 1.98603 2.58125	0 3.90088 0.423376
0.335693 2.95909 2.58453	0 8.98716 0.458689
0.335938 2.83707 2.58675	0 6.8214 0.486504
0.336182 2.34573 2.58781	0 3.66537 0.503094
0.336426 2.80771 2.58778	0 11.7518 0.506219
0.33667 2.6111 2.58687	0 6.83007 0.495759
0.336914 2.43469 2.58543	0 4.95639 0.473875
0.337158 2.81234 2.58392	0 10.1657 0.444564
0.337402 2.55685 2.58283	0 5.17458 0.412703
0.337646 2.4756 2.58257	0 5.84001 0.382831
0.337891 2.32944 2.58342	0 7.45811 0.358063
0.338135 2.49938 2.58551	0 5.52572 0.339565
0.338379 2.45121 2.58875	0 7.30381 0.326776
0.338623 3.0572 2.59293	0 7.47239 0.318267
0.338867 2.55225 2.59772	0 5.34816 0.312792
0.339111 2.45769 2.60278	0 5.45249 0.309989
0.339355 2.76582 2.60778	0 5.44303 0.310438
0.3396 2.60975 2.61244	0 5.49772 0.315114
0.339844 2.43903 2.61656	0 6.0696 0.324632
0.340088 2.726 2.61999	0 8.43623 0.338696
0.340332 2.37027 2.62263	0 4.32048 0.355972
0.340576 2.897 2.62442	0 9.29244 0.374359
0.34082 2.73871 2.62533	0 8.09956 0.39145
0.341064 2.75976 2.62536	0 8.67678 0.404999
0.341309 2.51732 2.62451	0 6.47199 0.413324
0.341553 2.54097 2.62282	0 7.76345 0.415599
0.341797 2.30726 2.62032	0 4.16044 0.411978
0.342041 2.75186 2.6171	0 8.52062 0.40349
0.342285 2.90542 2.61325	0 8.60735 0.39169
0.342529 2.71616 2.60893	0 5.64251 0.378251
0.342773 2.35553 2.60433	0 5.73416 0.364708
0.343018 2.76294 2.59963	0 6.61171 0.352502
0.343262 2.66328 2.59494	0 7.3612 0.343211
0.343506 2.48839 2.59029	0 6.46179 0.338676
0.34375 2.34724 2.58553	0 4.65906 0.340686
0.343994 2.52019 2.5804	0 5.96855 0.350229
0.344238 2.40568 2.57455	0 5.49357 0.366633
0.344482 2.6812 2.56771	0 6.45647 0.387138
0.344727 2.96123 2.55978	0 8.57209 0.4073
0.344971 3.10648 2.55099	0 10.9953 0.422203
0.345215 2.20419 2.54193	0 3.7673 0.428022
0.345459 2.29579 2.53352	0 4.31004 0.423293
0.345703 2.73268 2.52689	0 9.78406 0.409384
0.345947 2.13991 2.52312	0 4.82341 0.390033
0.346191 2.35986 2.52307	0 4.79444 0.370166
0.346436 2.57489 2.52714	0 8.58494 0.354429
0.34668 2.50815 2.53519	0 5.92439 0.345886
0.346924 2.13418 2.54646	0 3.15576 0.345251
0.347168 2.40641 2.55973	0 6.367 0.350843
0.347412 2.67877 2.57351	0 6.63386 0.359258
0.347656 3.199 2.58621	0 12.1492 0.366524
0.3479 2.73997 2.59647	0 7.98077 0.369372
0.348145 2.36818 2.60328	0 5.12951 0.366243
0.348389 2.62868 2.60613	0 5.61608 0.357772
0.348633 2.97333 2.60501	0 7.4515 0.346654
0.348877 2.80086 2.60031	0 7.51763 0.336902
0.349121 2.27669 2.59278	0 4.73464 0.332675
0.349365 2.59471 2.58327	0 5.71663 0.33697
0.349609 2.30435 2.57268	0 5.03076 0.35062
0.349854 2.5619 2.5618	0 7.20157 0.372021
0.350098 2.97965 2.55128	0 12.0124 0.397729
0.350342 2.48726 2.54162	0 6.13902 0.423677
0.350586 2.23873 2.53322	0 4.84983 0.44647
0.35083 2.49773 2.52638	0 6.04367 0.464225
0.351074 2.53748 2.52141	0 6.12761 0.476716
0.351318 2.45783 2.51859	0 4.36367 0.484944
0.351562 2.51987 2.5182	0 5.39785 0.4905
0.351807 2.95171 2.52041	0 8.5528 0.494999
0.352051 2.284 2.52522	0 4.12558 0.499721
0.352295 2.19389 2.53239	0 5.07759 0.505404
0.352539 2.40683 2.54137	0 5.46199 0.512076
0.352783 2.36117 2.55135	0 4.43824 0.518937
0.353027 2.4083 2.56138	0 5.65737 0.524385
0.353271 2.8655 2.5705	0 8.82319 0.526338
0.353516 2.86341 2.57798	0 10.419 0.522861
0.35376 3.20318 2.58343	0 10.2594 0.512924
0.354004 2.64592 2.58687	0 8.96636 0.496957
0.354248 2.2607 2.58869	0 3.84442 0.476901
0.354492 2.39606 2.58948	0 6.04745 0.455679
0.354736 2.49935 2.58978	0 4.90464 0.436257
0.35498 2.42239 2.58992	0 6.78983 0.42066
0.355225 2.55769 2.58985	0 5.00597 0.40934
0.355469 2.41626 2.58915	0 6.43937 0.401143
0.355713 2.75018 2.58715	0 10.9972 0.393886
0.355957 2.84091 2.58313	0 6.21815 0.385318
0.356201 2.88775 2.57657	0 9.3063 0.374078
0.356445 2.60994 2.56736	0 5.62548 0.360247
0.356689 2.50918 2.5559	0 4.66176 0.345275
0.356934 2.76556 2.54306	0 6.43833 0.331349
0.357178 2.66099 2.53009	0 6.27329 0.320499
0.357422 2.11215 2.51833	0 4.17727 0.313843
0.357666 2.09431 2.50898	0 3.62045 0.311279
0.35791 2.54097 2.50289	0 5.48541 0.3117
0.358154 2.42799 2.50042	0 6.57953 0.313591
0.358398 2.34718 2.50136	0 4.82254 0.315736
0.358643 2.63068 2.505	0 7.38373 0.317731
0.358887 2.64674 2.51031	0 6.16008 0.320103
0.359131 2.45754 2.51605	0 5.42566 0.323977
0.359375 2.54275 2.52101	0 5.31059 0.330434
0.359619 2.52935 2.52416	0 5.55341 0.339834
0.359863 2.37281 2.52481	0 7.12294 0.351411
0.360107 2.86748 2.52266	0 7.28496 0.363319
0.360352 2.98288 2.51786	0 10.9989 0.373135
0.360596 2.44022 2.51089	0 6.62434 0.378601
0.36084 2.23635 2.50254	0 6.05882 0.378348
0.361084 2.33056 2.4937	0 4.68561 0.372327
0.361328 2.60649 2.4853	0 6.04824 0.361814
0.361572 2.24776 2.4781	0 4.10313 0.348979
0.361816 2.60341 2.47265	0 6.36858 0.336185
0.362061 2.28175 2.46921	0 3.90581 0.325222
0.362305 2.55171 2.46777	0 5.97655 0.316753
0.362549 2.52618 2.46807	0 6.96988 0.310164
0.362793 2.44687 2.46966	0 5.88884 0.303871
0.363037 2.28424 2.47198	0 6.97162 0.296013
0.363281 2.31575 2.47444	0 5.32224 0.285282
0.363525 2.80894 2.47649	0 7.37512 0.271586
0.36377 2.48652 2.47765	0 3.86786 0.256259
0.364014 2.77463 2.47759	0 6.21999 0.24171
0.364258 2.20939 2.47612	0 3.38053 0.230625
0.364502 2.46577 2.47318	0 5.55482 0.225075
0.364746 2.45072 2.46884	0 4.67041 0.225895
0.36499 2.72194 2.46328	0 5.90353 0.232591
0.365234 2.22465 2.45677	0 5.09982 0.24375
0.365479 2.33367 2.44967	0 4.6005 0.257686
0.365723 2.61907 2.44242	0 8.51948 0.272976
0.365967 2.77404 2.4355	0 8.56665 0.288608
0.366211 2.20179 2.42946	0 5.68361 0.30374
0.366455 2.37345 2.42484	0 5.02309 0.317246
0.366699 2.16496 2.42214	0 3.73485 0.32744
0.366943 2.42394 2.42181	0 5.66733 0.332235
0.367188 2.53663 2.42413	0 6.38287 0.329813
0.367432 2.05629 2.42924	0 3.70287 0.319553
0.367676 2.70527 2.43706	0 9.05266 0.302755
0.36792 2.55849 2.44732	0 6.73054 0.282731
0.368164 2.42406 2.45948	0 4.65039 0.264099
0.368408 2.07999 2.47281	0 3.42301 0.251468
0.368652 2.61893 2.48641	0 5.75735 0.248018
0.368896 2.27948 2.49927	0 3.91762 0.254525
0.369141 2.41644 2.5104	0 6.0035 0.269193
0.369385 3.04501 2.51895	0 9.19817 0.28831
0.369629 2.84701 2.52432	0 7.72744 0.307435
0.369873 2.73575 2.52621	0 7.16348 0.322695
0.370117 2.03699 2.52463	0 4.1388 0.331759
0.370361 2.9972 2.51987	0 8.09549 0.334273
0.370605 2.26541 2.51239	0 5.08069 0.331683
0.37085 2.20225 2.50276	0 4.28476 0.326553
0.371094 2.49708 2.49156	0 4.22912 0.321638
0.371338 2.55518 2.47941	0 5.15269 0.318999
0.371582 2.98703 2.46699	0 7.33484 0.319494
0.371826 2.09232 2.45507	0 4.97772 0.322796
0.37207 2.51649 2.44454	0 6.89897 0.327935
0.372314 2.66762 2.43638	0 8.38318 0.334055
0.372559 2.22125 2.43153	0 5.58099 0.340992
0.372803 2.49144 2.43077	0 6.03606 0.349335
0.373047 1.87914 2.43456	0 2.49363 0.359893
0.373291 2.26495 2.44286	0 7.9553 0.372879
0.373535 2.13119 2.45513	0 4.35856 0.387266
0.373779 2.59553 2.47035	0 7.91861 0.400763
0.374023 2.55112 2.48718	0 4.67396 0.41051
0.374268 3.25925 2.50411	0 10.4557 0.414249
0.374512 2.20622 2.51966	0 5.49103 0.41145
0.374756 2.53079 2.53257	0 7.63011 0.403841
0.375 2.69998 2.54187	0 9.37501 0.395061
0.375244 2.45641 2.54694	0 6.22333 0.389474
0.375488 2.59661 2.54751	0 6.28027 0.390608
0.375732 2.48548 2.54366	0 5.00184 0.399839
0.375977 2.73951 2.53576	0 6.58721 0.41588
0.376221 2.89283 2.52447	0 7.8816 0.435254
0.376465 2.35585 2.51069	0 6.36144 0.453511
0.376709 2.55002 2.49546	0 7.37415 0.466632
0.376953 2.59644 2.47988	0 7.27857 0.472019
0.377197 2.20085 2.46497	0 4.52343 0.468799
0.377441 2.24949 2.45155	0 5.16721 0.457469
0.377686 2.39746 2.44015	0 4.84527 0.439236
0.37793 2.32921 2.43097	0 5.14469 0.415449
0.378174 2.42888 2.42389	0 5.97033 0.387386
0.378418 2.24546 2.41857	0 5.84808 0.356431
0.378662 2.87499 2.41462	0 9.121 0.324427
0.378906 2.35697 2.41168	0 4.58389 0.293892
0.37915 2.3117 2.40957	0 5.49178 0.267834
0.379395 2.36599 2.40832	0 6.25037 0.24912
0.379639 2.66983 2.40818	0 5.84442 0.239621
0.379883 2.09806 2.40952	0 4.01557 0.239512
0.380127 2.50965 2.4127	0 5.30021 0.247079
0.380371 2.43402 2.41794	0 6.64945 0.259156
0.380615 2.03811 2.42524	0 3.32447 0.272043
0.380859 2.25359 2.43428	0 5.05222 0.282542
0.381104 2.7624 2.44446	0 7.22942 0.28873
0.381348 2.35521 2.45497	0 4.5721 0.290243
0.381592 2.52525 2.46497	0 6.20204 0.28804
0.381836 2.40404 2.47371	0 6.35261 0.283819
0.38208 2.81601 2.48069	0 6.37648 0.279353
0.382324 2.70518 2.48576	0 6.61158 0.275947
0.382568 2.22789 2.48913	0 6.71139 0.274189
0.382812 2.72801 2.49126	0 5.90994 0.274019
0.383057 2.41443 2.49274	0 7.37487 0.275053
0.383301 2.49809 2.49408	0 7.06797 0.276998
0.383545 2.37294 2.49553	0 5.82549 0.279943
0.383789 2.13951 2.49696	0 5.22099 0.28435
0.384033 2.2737 2.49786	0 4.63763 0.290718
0.384277 2.72616 2.49744	0 6.56233 0.299094
0.384521 2.67524 2.49486	0 5.64591 0.308716
0.384766 2.54272 2.4894	0 8.31463 0.318064
0.38501 3.23067 2.48079	0 11.5457 0.325343
0.385254 2.34364 2.46925	0 5.12988 0.329215
0.385498 2.53051 2.45557	0 5.90565 0.329389
0.385742 2.35115 2.441	0 5.16137 0.326763
0.385986 2.0937 2.42704	0 4.57549 0.323055
0.38623 2.16439 2.41522	0 4.76614 0.320091
0.386475 2.35306 2.40684	0 4.82409 0.319114
0.386719 2.54774 2.40283	0 5.30955 0.320414
0.386963 2.37246 2.40359	0 4.24402 0.323386
0.387207 2.17261 2.40896	0 3.55949 0.326939
0.387451 2.50439 2.4183	0 8.54177 0.330025
0.387695 2.11109 2.43055	0 4.02821 0.332046
0.387939 2.41666 2.44436	0 6.55513 0.333004
0.388184 2.43018 2.45825	0 5.8012 0.333398
0.388428 2.8981 2.47082	0 7.19279 0.333985
0.388672 2.40415 2.48086	0 4.34172 0.335552
0.388916 2.67273 2.48755	0 5.94712 0.338786
0.38916 2.68905 2.49052	0 6.62976 0.3442
0.389404 2.51557 2.48985	0 6.84943 0.352047
0.389648 2.32247 2.48612	0 4.41827 0.362158
0.389893 2.6756 2.48023	0 5.87316 0.373784
0.390137 2.45063 2.47328	0 6.76548 0.385571
0.390381 2.61505 2.46639	0 6.64224 0.395772
0.390625 2.10524 2.46056	0 5.66373 0.402677
0.390869 2.40695 2.45652	0 7.33391 0.405094
0.391113 2.1364 2.45463	0 6.06887 0.402672
0.391357 2.57937 2.45489	0 6.72414 0.39593
0.391602 2.63292 2.45699	0 6.6501 0.386009
0.391846 2.33347 2.46033	0 5.05739 0.374271
0.39209 2.5105 2.46421	0 6.72239 0.361936
0.392334 2.56056 2.46786	0 6.15152 0.349879
0.392578 2.5813 2.47064	0 6.39793 0.338632
0.392822 2.18568 2.47204	0 3.56653 0.328528
0.393066 2.53275 2.4718	0 6.54723 0.319873
0.393311 2.52827 2.46996	0 5.62178 0.313041
0.393555 2.81457 2.46678	0 6.82646 0.308425
0.393799 2.72385 2.46275	0 5.63553 0.306272
0.394043 2.21035 2.45847	0 5.968 0.306461
0.394287 2.23098 2.45455	0 3.78793 0.308373
0.394531 2.13945 2.4515	0 5.56438 0.310912
0.394775 2.49652 2.44962	0 5.04641 0.312752
0.39502 2.54687 2.44903	0 7.11775 0.312718
0.395264 2.56587 2.44962	0 6.52361 0.310188
0.395508 2.3443 2.45111	0 3.6531 0.305352
0.395752 2.57728 2.45321	0 9.57611 0.299221
0.395996 2.23548 2.45564	0 5.51513 0.293397
0.39624 2.66692 2.45819	0 6.60867 0.289711
0.396484 2.42288 2.4608	0 6.18253 0.289874
0.396729 2.71785 2.46345	0 7.88489 0.295214
0.396973 2.32084 2.46611	0 6.34961 0.306468
0.397217 2.19604 2.46868	0 3.4018 0.323576
0.397461 2.41434 2.4709	0 4.66003 0.345459
0.397705 2.70005 2.47233	0 5.93716 0.369888
0.397949 2.32353 2.47242	0 4.6313 0.393628
0.398193 2.50477 2.47056	0 5.35339 0.412936
0.398438 2.40396 2.46627	0 5.98115 0.424369
0.398682 2.63336 2.45934	0 6.52509 0.425639
0.398926 3.09473 2.44992	0 8.22376 0.416199
0.39917 2.35452 2.43855	0 4.56323 0.39734
0.399414 2.37292 2.42609	0 6.33737 0.371784
0.399658 2.24877 2.41358	0 5.37346 0.342967
0.399902 2.26359 2.40205	0 7.53582 0.314287
0.400146 2.05875 2.39229	0 3.277 0.288528
0.400391 2.42861 2.38479	0 4.2674 0.267541
0.400635 2.26918 2.37964	0 5.78568 0.252203
0.400879 2.28142 2.37656	0 6.35035 0.242569
0.401123 2.58346 2.37506	0 6.6885 0.238147
0.401367 2.87014 2.37458	0 5.60172 0.238189
0.401611 1.97068 2.37463	0 4.49322 0.241871
0.401855 2.35052 2.37492	0 5.70458 0.248341
0.4021 2.50892 2.37541	0 5.35912 0.256671
0.402344 2.0476 2.37634	0 5.53202 0.265841
0.402588 2.62779 2.3781	0 5.6816 0.274866
0.402832 2.42874 2.3812	0 5.0095 0.283037
0.403076 2.55468 2.38611	0 6.47432 0.290169
0.40332 2.27218 2.39314	0 3.54237 0.296612
0.403564 1.87765 2.40235	0 3.1268 0.302965
0.403809 2.33855 2.4135	0 5.08476 0.309555
0.404053 2.43243 2.42607	0 6.60544 0.315997
0.404297 2.58273 2.43935	0 7.31858 0.321129
0.404541 2.44235 2.45253	0 5.51366 0.32346
0.404785 2.6477 2.46488	0 7.39798 0.321922
0.405029 2.91237 2.47584	0 5.5252 0.316543
0.405273 2.21801 2.48513	0 4.50039 0.308678
0.405518 2.42913 2.49272	0 5.4781 0.300631
0.405762 2.55337 2.49886	0 6.73219 0.294872
0.406006 2.39757 2.50391	0 3.76177 0.293188
0.40625 2.47853 2.50829	0 4.34927 0.29616
0.406494 2.66519 2.51238	0 7.21344 0.303152
0.406738 2.45599 2.51641	0 5.34484 0.312744
0.406982 2.59262 2.52046	0 5.9503 0.323337
0.407227 2.40305 2.52442	0 4.52207 0.333613
0.407471 2.39405 2.52801	0 3.77307 0.342708
0.407715 2.63159 2.53088	0 5.88238 0.35013
0.407959 2.32233 2.53265	0 5.68154 0.355635
0.408203 3.20778 2.53298	0 8.51929 0.359205
0.408447 2.25428 2.53169	0 7.16164 0.361118
0.408691 2.50831 2.52882	0 5.26146 0.361968
0.408936 2.58738 2.52467	0 12.2797 0.362539
0.40918 2.53005 2.5198	0 5.39281 0.363564
0.409424 2.49472 2.51503	0 7.47051 0.365533
0.409668 2.68727 2.51127	0 5.87178 0.368677
0.409912 2.49911 2.50946	0 7.22573 0.373118
0.410156 2.33695 2.51035	0 4.50225 0.37903
0.4104 2.27494 2.51436	0 4.67583 0.386662
0.410645 2.47976 2.52147	0 4.19231 0.396166
0.410889 2.32094 2.53117	0 4.20463 0.407313
0.411133 2.12148 2.5425	0 3.2651 0.419256
0.411377 2.90132 2.5542	0 8.24539 0.430472
0.411621 2.9395 2.56492	0 9.94841 0.438987
0.411865 2.63297 2.57338	0 8.71592 0.442847
0.412109 2.82248 2.57861	0 7.38321 0.440704
0.412354 2.6745 2.58001	0 7.5227 0.432312
0.412598 2.29305 2.57742	0 5.49022 0.418736
0.412842 2.72847 2.57107	0 8.56617 0.402166
0.413086 2.82373 2.5615	0 6.05294 0.385376
0.41333 2.20376 2.54943	0 4.06538 0.370992
0.413574 2.48508 2.53573	0 5.35809 0.360823
0.413818 2.76774 2.52133	0 7.12037 0.35546
0.414062 2.37576 2.50724	0 6.28045 0.354309
0.414307 2.65314 2.49447	0 7.17072 0.356004
0.414551 2.46081 2.48401	0 6.24034 0.359067
0.414795 2.34879 2.47672	0 5.71407 0.362537
0.415039 2.70386 2.47323	0 6.74492 0.366348
0.415283 2.16765 2.47379	0 5.84642 0.371301
0.415527 1.91051 2.47821	0 3.10683 0.378659
0.415771 2.26541 2.48577	0 3.24183 0.389545
0.416016 2.4284 2.49537	0 5.27078 0.404374
0.41626 3.00835 2.50567	0 9.9069 0.42253
0.416504 2.74051 2.51528	0 6.10616 0.442394
0.416748 2.74392 2.52306	0 9.36594 0.461621
0.416992 2.48499 2.52826	0 5.01985 0.477583
0.417236 2.54954 2.53065	0 6.82953 0.48784
0.41748 2.35814 2.53049	0 5.37921 0.490629
0.417725 2.82343 2.52843	0 8.15415 0.485304
0.417969 2.55612 2.52535	0 7.85681 0.472608
0.418213 2.3487 2.52217	0 4.36773 0.454594
0.418457 2.21889 2.51964	0 3.79191 0.434126
0.418701 2.52947 2.51826	0 6.2184 0.414045
0.418945 2.69634 2.51821	0 5.98643 0.39634
0.419189 2.43512 2.51936	0 4.99446 0.381677
0.419434 2.2825 2.52133	0 6.42874 0.369478
0.419678 2.65399 2.52362	0 5.54865 0.35852
0.419922 2.65262 2.52569	0 10.6329 0.347716
0.420166 2.73149 2.52705	0 6.63697 0.336721
0.42041 2.54233 2.52729	0 7.11097 0.326059
0.420654 2.44632 2.52615	0 4.1908 0.316752
0.420898 2.3859 2.52347	0 5.45089 0.309697
0.421143 2.46237 2.51923	0 4.71583 0.305142
0.421387 2.68723 2.51355	0 8.72402 0.302521
0.421631 2.45503 2.50672	0 9.1196 0.300679
0.421875 2.55915 2.49922	0 8.28881 0.298295
0.422119 2.81845 2.49172	0 9.97446 0.294327
0.422363 2.37191 2.48509	0 4.51559 0.288336
0.422607 2.5121 2.48023	0 6.07577 0.280693
0.422852 2.11822 2.47802	0 5.03014 0.272667
0.423096 2.48601 2.4791	0 7.93387 0.266311
0.42334 2.41546 2.48371	0 4.67318 0.264075
0.423584 2.25179 2.4916	0 4.38539 0.268141
0.423828 2.51064 2.50197	0 4.13623 0.279678
0.424072 2.00106 2.51355	0 4.10966 0.298294
0.424316 2.93807 2.52478	0 12.8872 0.321954
0.424561 2.87434 2.53401	0 6.14581 0.347396
0.424805 2.57328 2.53981	0 5.93874 0.370897
0.425049 2.74442 2.54115	0 8.67236 0.389123
0.425293 2.76228 2.53764	0 6.98292 0.399778
0.425537 2.38763 2.52954	0 4.89159 0.401936
0.425781 2.55939 2.51776	0 8.516 0.396027
0.426025 2.64109 2.50372	0 8.51044 0.383593
0.42627 2.69492 2.48913	0 6.78979 0.366927
0.426514 2.22048 2.47573	0 6.1491 0.348697
0.426758 2.39343 2.46502	0 5.94708 0.331587
0.427002 2.16812 2.45806	0 3.98647 0.317952
0.427246 2.02354 2.45533	0 4.03664 0.30953
0.42749 2.37929 2.45669	0 5.13689 0.307216
0.427734 2.57341 2.46144	0 5.54911 0.31096
0.427979 2.77595 2.46851	0 7.27696 0.319796
0.428223 2.44671 2.47661	0 5.61773 0.332011
0.428467 2.47691 2.48451	0 5.65012 0.345439
0.428711 2.37332 2.49114	0 6.92867 0.357856
0.428955 2.79176 2.49577	0 6.76437 0.367407
0.429199 2.60088 2.49798	0 6.69084 0.372931
0.429443 2.62443 2.49772	0 6.40212 0.374062
0.429688 2.25652 2.49518	0 4.48718 0.371076
0.429932 2.46253 2.49075	0 6.55412 0.364596
0.430176 2.53155 2.48492	0 6.28 0.355347
0.43042 2.40377 2.47827	0 5.52931 0.3441
0.430664 2.49352 2.47137	0 6.38995 0.331774
0.430908 2.74229 2.46478	0 7.37588 0.319536
0.431152 2.62058 2.45899	0 6.86424 0.308729
0.431396 2.05541 2.45438	0 3.25543 0.300635
0.431641 2.41284 2.45114	0 3.61927 0.29616
0.431885 2.26299 2.44927	0 4.97585 0.295603
0.432129 2.37144 2.44859	0 4.97879 0.298573
0.432373 2.30422 2.44874	0 4.16651 0.30404
0.432617 2.7673 2.44929	0 5.70389 0.310482
0.432861 2.71936 2.44985	0 7.58765 0.316108
0.433105 2.479 2.45009	0 4.79345 0.319185
0.43335 2.49143 2.44984	0 6.7521 0.318427
0.433594 2.10056 2.44909	0 4.00396 0.313388
0.433838 2.52549 2.44793	0 6.28799 0.304725
0.434082 2.30251 2.44656	0 4.87106 0.294238
0.434326 2.49482 2.44524	0 5.2346 0.284616
0.43457 2.69994 2.4442	0 8.19894 0.278894
0.434814 2.43637 2.44368	0 6.00318 0.279697
0.435059 2.21139 2.44391	0 4.42543 0.288435
0.435303 2.55076 2.44505	0 7.00779 0.304694
0.435547 2.42752 2.44722	0 4.89007 0.326074
0.435791 2.46449 2.45046	0 8.14174 0.348623
0.436035 2.29942 2.45466	0 5.75139 0.367812
0.436279 2.35488 2.45957	0 5.10445 0.379746
0.436523 2.72687 2.46481	0 9.5741 0.382176
0.436768 2.16682 2.46989	0 5.51757 0.374987
0.437012 2.49024 2.47429	0 7.5218 0.360045
0.437256 2.72932 2.47755	0 5.89561 0.340561
0.4375 2.62939 2.47934	0 5.58718 0.320267
0.437744 2.4008 2.47953	0 4.1886 0.302673
0.437988 2.61256 2.47819	0 9.08857 0.290549
0.438232 2.43194 2.47558	0 4.90148 0.28562
0.438477 2.41221 2.47202	0 7.18705 0.288408
0.438721 2.42339 2.46781	0 5.07616 0.298163
0.438965 2.81766 2.46312	0 8.55236 0.312893
0.439209 1.78881 2.45789	0 2.82534 0.329586
0.439453 2.57641 2.45187	0 7.11757 0.344689
0.439697 2.6467 2.44463	0 5.96808 0.354854
0.439941 2.30155 2.43573	0 6.47211 0.357772
0.440186 2.43137 2.42483	0 5.12846 0.352861
0.44043 2.76394 2.41189	0 7.17795 0.341518
0.440674 2.63465 2.3972	0 5.2345 0.326788
0.440918 2.59761 2.38145	0 6.67138 0.312502
0.441162 2.28075 2.36559	0 4.56697 0.302144
0.441406 1.91466 2.3507	0 4.16578 0.297856
0.44165 2.12264 2.33779	0 4.79908 0.299898
0.441895 1.99721 2.32761	0 3.67806 0.306741
0.442139 2.64434 2.32054	0 6.47065 0.315715
0.442383 2.36851 2.31657	0 4.83521 0.323952
0.442627 2.17952 2.31535	0 5.17785 0.329298
0.442871 2.24592 2.31628	0 4.61375 0.330896
0.443115 2.25465 2.31869	0 5.57678 0.3293
0.443359 2.53871 2.32194	0 6.00365 0.326149
0.443604 2.38663 2.32554	0 5.54983 0.323545
0.443848 2.46432 2.32913	0 7.05571 0.323383
0.444092 2.21924 2.33253	0 4.25442 0.326838
0.444336 1.96644 2.33567	0 3.49124 0.334147
0.44458 2.57819 2.33849	0 6.72717 0.344694
0.444824 2.34105 2.34097	0 5.33418 0.357333
0.445068 2.46122 2.343	0 4.33351 0.37078
0.445312 2.26012 2.34446	0 5.81509 0.383922
0.445557 2.25818 2.3452	0 5.36881 0.395951
0.445801 2.44135 2.3451	0 5.59091 0.406305
0.446045 2.33763 2.34411	0 5.00374 0.414528
0.446289 2.49594 2.34231	0 7.88715 0.420124
0.446533 2.32612 2.33993	0 5.18653 0.422531
0.446777 2.33593 2.33731	0 4.25436 0.421235
0.447021 2.29304 2.33487	0 7.61831 0.415991
0.447266 2.4566 2.33305	0 6.73362 0.407044
0.44751 2.03961 2.33219	0 5.75372 0.395216
0.447754 2.53401 2.33249	0 6.28189 0.381757
0.447998 2.18684 2.33391	0 3.53815 0.367979
0.448242 1.98509 2.33617	0 3.23471 0.35486
0.448486 2.3472 2.33878	0 5.2403 0.342811
0.44873 2.76815 2.34108	0 6.47189 0.331755
0.448975 2.39056 2.34238	0 7.8263 0.321445
0.449219 2.40359 2.34202	0 4.27933 0.3118
0.449463 1.98346 2.33954	0 2.63502 0.303058
0.449707 2.66065 2.33471	0 7.55446 0.295667
0.449951 2.54776 2.32763	0 4.74007 0.29003
0.450195 2.01006 2.31869	0 3.61368 0.286313
0.450439 2.42475 2.30859	0 7.63157 0.284427
0.450684 2.57769 2.29823	0 7.09117 0.284174
0.450928 2.38929 2.28856	0 4.6155 0.285411
0.451172 1.92996 2.28051	0 4.08793 0.288085
0.451416 2.00496 2.27479	0 3.64909 0.292112
0.45166 2.14979 2.27184	0 4.73792 0.29722
0.451904 2.23122 2.2717	0 3.61185 0.302881
0.452148 2.35032 2.27406	0 5.86113 0.308416
0.452393 2.35263 2.2783	0 5.72755 0.313196
0.452637 2.26138 2.28362	0 5.19552 0.316825
0.452881 2.18186 2.2892	0 4.7301 0.319207
0.453125 2.50131 2.29427	0 5.70497 0.320495
0.453369 2.18347 2.29835	0 3.81217 0.320975
0.453613 2.53851 2.3012	0 7.78577 0.320944
0.453857 2.30058 2.30295	0 5.90384 0.320597
0.454102 2.27083 2.30398	0 3.24515 0.319941
0.454346 2.42442 2.30484	0 5.66138 0.318765
0.45459 2.42807 2.30614	0 6.83594 0.316698
0.454834 2.01564 2.3084	0 3.5358 0.31336
0.455078 1.97723 2.31192	0 5.69773 0.308545
0.455322 2.35499 2.31677	0 6.22386 0.302355
0.455566 2.20967 2.32275	0 4.68752 0.295232
0.455811 2.51458 2.32953	0 5.7118 0.287862
0.456055 2.60161 2.3367	0 6.30772 0.281026
0.456299 2.2076 2.34396	0 3.09457 0.275468
0.456543 2.39083 2.35116	0 6.02944 0.271855
0.456787 2.5499 2.35835	0 5.23272 0.270833
0.457031 2.33815 2.36576	0 6.08771 0.273096
0.457275 2.3644 2.37371	0 4.30269 0.279341
0.45752 1.80872 2.38248	0 3.16841 0.290021
0.457764 2.5182 2.39224	0 4.9382 0.304989
0.458008 2.58402 2.40293	0 6.30724 0.323219
0.458252 2.4645 2.41427	0 6.82663 0.342842
0.458496 2.19478 2.42575	0 5.59805 0.361514
0.45874 2.73819 2.43669	0 9.03787 0.376961
0.458984 2.37793 2.44634	0 4.92389 0.38742
0.459229 2.22031 2.45398	0 3.30513 0.391836
0.459473 2.6159 2.45904	0 6.37685 0.389843
0.459717 2.65396 2.46118	0 6.45198 0.381701
0.459961 2.50154 2.46035	0 6.78268 0.368299
0.460205 2.90776 2.4568	0 9.05168 0.35115
0.460449 2.30327 2.45107	0 4.5694 0.332266
0.460693 2.23757 2.44387	0 4.95898 0.313834
0.460938 2.20318 2.43601	0 4.53201 0.297773
0.461182 2.86619 2.42824	0 6.45264 0.285345
0.461426 2.15222 2.42117	0 4.58818 0.276968
0.46167 2.16633 2.41519	0 5.59211 0.272266
0.461914 2.6086 2.41045	0 5.13502 0.270308
0.462158 2.34888 2.40694	0 9.07293 0.269921
0.462402 2.21338 2.4045	0 4.16448 0.270021
0.462646 2.46539 2.40296	0 4.75374 0.269883
0.462891 2.84304 2.40214	0 10.5413 0.2693
0.463135 2.39966 2.40196	0 5.75042 0.268568
0.463379 2.34403 2.40235	0 4.81609 0.268262
0.463623 1.94983 2.40332	0 3.18524 0.268875
0.463867 2.19468 2.40485	0 3.92382 0.270476
0.464111 2.87511 2.40692	0 11.6153 0.272573
0.464355 2.25475 2.40953	0 4.69427 0.274301
0.4646 2.45299 2.41269	0 5.82754 0.274857
0.464844 2.47544 2.41648	0 4.50454 0.273973
0.465088 2.74586 2.42106	0 7.0679 0.272202
0.465332 2.22002 2.42661	0 3.88333 0.270886
0.465576 2.16246 2.43336	0 4.20374 0.271816
0.46582 2.30729 2.44139	0 5.557 0.276735
0.466064 2.57257 2.45063	0 7.67043 0.286853
0.466309 2.52632 2.46074	0 5.84257 0.302477
0.466553 2.43159 2.47112	0 5.37489 0.322868
0.466797 2.3166 2.48089	0 6.73754 0.346325
0.467041 2.44684 2.48904	0 6.56567 0.370493
0.467285 2.61922 2.49454	0 7.38791 0.392803
0.467529 2.698 2.49653	0 6.92872 0.410946
0.467773 2.73259 2.49443	0 8.42659 0.423242
0.468018 2.70166 2.48813	0 10.7328 0.428858
0.468262 2.26672 2.47795	0 4.93584 0.427892
0.468506 2.6688 2.46471	0 7.98382 0.421324
0.46875 2.50699 2.44953	0 5.74909 0.410861
0.468994 2.43771 2.43375	0 4.60373 0.398603
0.469238 2.12539 2.41869	0 2.90348 0.386534
0.469482 2.54096 2.40547	0 7.73464 0.375939
0.469727 2.15111 2.39491	0 3.80448 0.366988
0.469971 2.00925 2.38747	0 4.05463 0.358711
0.470215 2.49848 2.38323	0 4.77632 0.349463
0.470459 2.47903 2.38202	0 4.91766 0.337714
0.470703 2.38023 2.3835	0 5.65065 0.322833
0.470947 2.45305 2.38731	0 4.94926 0.305555
0.471191 2.62527 2.39314	0 5.20853 0.287937
0.471436 2.18217 2.40073	0 4.8471 0.272899
0.47168 2.40985 2.40985	0 4.94568 0.263539
0.471924 2.30507 2.42026	0 5.86506 0.26247
0.472168 2.11293 2.43163	0 4.0709 0.271332
0.472412 2.51009 2.44349	0 5.0265 0.290513
0.472656 2.2923 2.45527	0 5.29763 0.319038
0.4729 3.12246 2.4663	0 8.18467 0.354579
0.473145 2.50685 2.4759	0 6.13008 0.393565
0.473389 2.23826 2.48347	0 6.9533 0.431436
0.473633 2.64116 2.48856	0 7.40439 0.463131
0.473877 2.30569 2.49089	0 4.74957 0.483849
0.474121 2.55869 2.49045	0 8.02418 0.490026
0.474365 2.66153 2.4874	0 8.21186 0.480278
0.474609 2.57156 2.48216	0 7.7838 0.455971
0.474854 2.64295 2.47527	0 6.24457 0.4211
0.475098 2.50509 2.46741	0 7.35478 0.381416
0.475342 2.26317 2.45925	0 6.53844 0.343029
0.475586 2.18287 2.45145	0 4.9883 0.310957
0.47583 2.51674 2.44451	0 6.17488 0.288112
0.476074 2.34908 2.43881	0 5.16464 0.274993
0.476318 2.67231 2.4345	0 7.65603 0.270107
0.476562 2.2375 2.43157	0 5.8986 0.270833
0.476807 2.5769 2.42989	0 6.36714 0.274366
0.477051 2.32713 2.42919	0 6.58677 0.278427
0.477295 2.27225 2.42916	0 4.36777 0.281603
0.477539 2.42761 2.42949	0 6.62181 0.28336
0.477783 2.68794 2.42988	0 7.17079 0.2839
0.478027 2.26615 2.43006	0 5.52887 0.283936
0.478271 2.6816 2.42978	0 7.22142 0.284423
0.478516 2.34339 2.42883	0 4.67613 0.286192
0.47876 2.32958 2.42705	0 5.39054 0.289539
0.479004 2.30039 2.42429	0 3.9082 0.293919
0.479248 2.40534 2.4205	0 4.76509 0.29797
0.479492 2.48754 2.41569	0 8.34254 0.299968
0.479736 2.84947 2.41003	0 7.65209 0.298567
0.47998 2.50631 2.40379	0 6.14584 0.293503
0.480225 1.93243 2.3974	0 3.55507 0.28593
0.480469 2.47004 2.39137	0 7.52052 0.278213
0.480713 2.36512 2.38623	0 5.52392 0.273252
0.480957 2.28835 2.38249	0 4.94995 0.273604
0.481201 2.42125 2.38052	0 3.64122 0.280685
0.481445 2.39742 2.38052	0 3.9665 0.294318
0.481689 2.31992 2.38247	0 5.26302 0.312744
0.481934 2.26548 2.38614	0 5.94157 0.333077
0.482178 2.46948 2.39112	0 5.25777 0.352067
0.482422 1.98257 2.39687	0 4.56751 0.366933
0.482666 2.69841 2.40284	0 6.14245 0.376044
0.48291 2.57972 2.40849	0 8.43792 0.379243
0.483154 2.46212 2.4134	0 6.51592 0.377728
0.483398 2.63262 2.41728	0 5.97765 0.373542
0.483643 2.24362 2.41995	0 4.60257 0.368837
0.483887 2.39446 2.42135	0 4.59088 0.365189
0.484131 1.99353 2.42147	0 3.66692 0.363205
0.484375 2.90264 2.4203	0 7.46151 0.362553
0.484619 2.47531 2.41784	0 7.45488 0.362336
0.484863 2.16365 2.41408	0 4.70135 0.361569
0.485107 2.70405 2.40909	0 8.8386 0.359509
0.485352 2.33557 2.40303	0 3.90914 0.355723
0.485596 2.25211 2.3962	0 4.28068 0.349961
0.48584 2.46885 2.38908	0 5.30891 0.342065
0.486084 2.73407 2.38228	0 6.04624 0.332052
0.486328 2.29573 2.37644	0 5.77644 0.320361
0.486572 2.13294 2.37216	0 3.75161 0.308077
0.486816 2.3386 2.36981	0 6.03112 0.296926
0.487061 2.21357 2.3695	0 3.11905 0.288948
0.487305 2.06791 2.37102	0 3.79334 0.285967
0.487549 2.31003 2.37391	0 4.76562 0.289051
0.487793 2.52707 2.37758	0 5.53612 0.298188
0.488037 2.68991 2.38148	0 6.21963 0.312276
0.488281 2.49591 2.38525	0 5.34262 0.329411
0.488525 2.39735 2.38886	0 5.17666 0.347356
0.48877 2.64071 2.39255	0 8.06018 0.364044
0.489014 2.29585 2.3968	0 5.34034 0.377938
0.489258 2.31451 2.40209	0 6.52277 0.388163
0.489502 1.83016 2.40874	0 3.0874 0.394396
0.489746 2.22535 2.41674	0 3.9928 0.396635
0.48999 2.53577 2.42566	0 4.94807 0.395018
0.490234 2.72203 2.43468	0 7.8736 0.389802
0.490479 2.43112 2.44277	0 4.41417 0.38148
0.490723 2.55348 2.44885	0 4.86548 0.370897
0.490967 2.67025 2.452	0 5.23343 0.359223
0.491211 2.18197 2.45168	0 4.54273 0.347725
0.491455 2.92286 2.44782	0 7.08382 0.337442
0.491699 2.6784 2.44081	0 9.60464 0.328916
0.491943 2.15493 2.4314	0 4.52077 0.322134
0.492188 2.52857 2.4206	0 5.9065 0.31672
0.492432 2.01499 2.40945	0 4.83031 0.312309
0.492676 2.38584 2.39892	0 6.65735 0.3089
0.49292 2.61752 2.3897	0 4.78357 0.306983
0.493164 2.28685 2.38222	0 4.91009 0.307316
0.493408 2.09459 2.37664	0 4.45979 0.310442
0.493652 2.35608 2.37287	0 5.108 0.316208
0.493896 2.56243 2.37069	0 6.37933 0.323576
0.494141 2.53879 2.36983	0 8.74274 0.330841
0.494385 1.95247 2.37006	0 2.90786 0.336149
0.494629 2.86878 2.37119	0 9.04201 0.338038
0.494873 2.1271 2.37309	0 4.34953 0.335812
0.495117 2.26675 2.37565	0 4.44945 0.329675
0.495361 2.45505 2.37868	0 9.52822 0.320649
0.495605 2.28284 2.38188	0 5.81632 0.31036
0.49585 2.24276 2.38478	0 4.31892 0.30068
0.496094 2.59056 2.38673	0 5.92972 0.293318
0.496338 2.41586 2.38686	0 5.91902 0.289417
0.496582 2.38241 2.38415	0 5.37859 0.289306
0.496826 2.2975 2.37737	0 3.81795 0.292455
0.49707 2.70394 2.36509	0 6.1503 0.297623
0.497314 2.29103 2.34561	0 4.40315 0.303141
0.497559 2.74177 2.31691	0 5.95994 0.307256
0.497803 2.23741 2.27663	0 4.10484 0.308485
0.498047 2.36184 2.22212	0 6.4243 0.305896
0.498291 1.90207 2.15065	0 4.497 0.299229
0.498535 2.28618 2.05976	0 5.3647 0.288759
0.498779 2.38305 1.94775	0 4.90049 0.274935
0.499023 2.43225 1.81419	0 4.82883 0.257991
0.499268 2.40866 1.6604	0 4.56076 0.237768
0.499512 2.48607 1.48967	0 5.04164 0.213906
0.499756 2.73239 1.11949	0 13.7464 0.155848
