0 0 1.89282	0 0 0.438093
0.000244141 3.62756 2.27062	0 18.4197 0.582901
0.000488281 3.33103 2.66408	0 8.32453 0.748836
0.000732422 3.59949 3.06346	0 12.2266 0.932904
0.000976562 3.55541 3.46017	0 9.29159 1.13093
0.0012207 4.24953 3.84778	0 12.8778 1.33781
0.00146484 5.23722 4.22269	0 29.9829 1.54863
0.00170898 5.15118 4.58429	0 23.7081 1.76079
0.00195312 4.79278 4.93463	0 29.1077 1.97646
0.00219727 5.27697 5.27781	0 31.9831 2.20408
0.00244141 5.52772 5.61919	0 26.3338 2.45769
0.00268555 5.59785 5.96457	0 32.1946 2.7539
0.00292969 5.10731 6.31957	0 30.7607 3.10825
0.00317383 5.64091 6.68924	0 34.3562 3.53307
0.00341797 8.27635 7.07795	0 70.3778 4.0388
0.00366211 7.28846 7.48937	0 41.6544 4.63842
0.00390625 8.07587 7.92657	0 56.8194 5.35233
0.00415039 8.30744 8.39211	0 62.9886 6.21033
0.00439453 7.39314 8.88794	0 53.2918 7.24834
0.00463867 8.56542 9.41524	0 70.8063 8.50103
0.00488281 9.5202 9.9743	0 77.1384 9.99315
0.00512695 10.0487 10.5644	0 148.365 11.7329
0.00537109 10.8858 11.1837	0 178.844 13.7085
0.00561523 11.1798 11.8299	0 138.583 15.8866
0.00585938 13.4683 12.5003	0 203.3 18.2116
0.00610352 11.4786 13.1925	0 125.87 20.6078
0.00634766 15.9518 13.9054	0 293.99 22.9873
0.0065918 13.1909 14.6394	0 255.516 25.2667
0.00683594 14.8972 15.3969	0 280.22 27.3914
0.00708008 15.4674 16.1823	0 202.219 29.3585
0.00732422 20.4337 17.0013	0 521.058 31.2252
0.00756836 15.4316 17.8598	0 356.867 33.097
0.0078125 17.7693 18.7629	0 297.404 35.096
0.00805664 18.2801 19.7131	0 301.148 37.3241
0.00830078 16.7125 20.7089	0 328.526 39.8393
0.00854492 22.2174 21.7436	0 667.258 42.6586
0.00878906 23.8469 22.8048	0 860.426 45.7878
0.0090332 20.7542 23.8747	0 487.11 49.2646
0.00927734 27.1958 24.9309	0 784.39 53.1945
0.00952148 27.9639 25.948	0 639.233 57.7548
0.00976562 26.1322 26.8993	0 531.237 63.152
0.0100098 28.8672 27.7596	0 576.126 69.5319
0.0102539 33.5777 28.5064	0 966.833 76.8647
0.010498 31.5935 29.1225	0 840.785 84.8511
0.0107422 31.1459 29.5967	0 1315.01 92.9035
0.0109863 33.0656 29.9248	0 1297.97 100.236
0.0112305 34.1141 30.1098	0 1430.96 106.053
0.0114746 26.221 30.1611	0 782.843 109.78
0.0117188 34.5184 30.0935	0 1174.19 111.237
0.0119629 36.0515 29.9257	0 1070.6 110.681
0.012207 24.8088 29.6786	0 577.455 108.698
0.0124512 31.9557 29.3729	0 1009.72 105.985
0.0126953 26.654 29.0285	0 1018.5 103.124
0.0129395 27.905 28.6624	0 812.806 100.436
0.0131836 26.1491 28.2888	0 646.827 97.9587
0.0134277 28.5698 27.9194	0 620.544 95.5293
0.0136719 31.9243 27.5634	0 1561.11 92.917
0.013916 24.6298 27.229	0 585.359 89.9277
0.0141602 26.4653 26.9241	0 790.637 86.4576
0.0144043 26.5431 26.6565	0 709.231 82.4982
0.0146484 24.9777 26.434	0 828.079 78.1306
0.0148926 25.8546 26.2637	0 863.571 73.533
0.0151367 26.4899 26.1508	0 645.407 68.9986
0.0153809 23.96 26.0973	0 572.459 64.932
0.015625 23.8168 26.1012	0 495.934 61.7937
0.0158691 23.6656 26.1556	0 563.933 59.9903
0.0161133 25.0885 26.2492	0 638.315 59.7484
0.0163574 26.9573 26.3675	0 611.737 61.0305
0.0166016 28.5613 26.4949	0 793.083 63.5328
0.0168457 26.8552 26.6166	0 598.253 66.7667
0.0170898 28.3239 26.7216	0 677.139 70.1865
0.017334 29.0439 26.8046	0 744.43 73.3107
0.0175781 25.7385 26.8665	0 788.049 75.8006
0.0178223 29.7685 26.915	0 745.163 77.4847
0.0180664 27.633 26.9634	0 878.201 78.3427
0.0183105 24.5208 27.0282	0 537.856 78.4673
0.0185547 27.9068 27.1269	0 1309.06 78.0219
0.0187988 22.3167 27.2755	0 550.488 77.2037
0.019043 24.7086 27.4861	0 579.722 76.2173
0.0192871 25.4868 27.7663	0 695.32 75.2563
0.0195312 30.1229 28.1178	0 1166.7 74.4895
0.0197754 29.0961 28.5371	0 795.297 74.0475
0.0200195 27.3708 29.0161	0 734.741 74.0073
0.0202637 29.9944 29.5428	0 1408.99 74.3831
0.0205078 28.2203 30.1023	0 872.233 75.1232
0.020752 29.7117 30.6774	0 894.861 76.1148
0.0209961 30.4411 31.2499	0 923.03 77.1915
0.0212402 33.9011 31.8015	0 1599.69 78.1464
0.0214844 31.2703 32.3152	0 943.13 78.7623
0.0217285 37.282 32.7764	0 1612.57 78.8687
0.0219727 34.4474 33.1745	0 1051.78 78.4225
0.0222168 35.4399 33.5033	0 946.65 77.5808
0.0224609 34.8721 33.7618	0 1198.13 76.7249
0.0227051 35.3097 33.9534	0 1243.43 76.3999
0.0229492 33.9734 34.0852	0 1062.17 77.1733
0.0231934 32.6429 34.1671	0 801.635 79.4548
0.0234375 35.9894 34.2106	0 1136.64 83.3438
0.0236816 33.6894 34.2283	0 1138.48 88.5667
0.0239258 32.7267 34.2339	0 1060.45 94.5283
0.0241699 35.7963 34.2424	0 1293.24 100.461
0.0244141 32.2197 34.2702	0 1139.76 105.623
0.0246582 38.1344 34.3355	0 1877.63 109.473
0.0249023 37.5345 34.457	0 1380.47 111.789
0.0251465 29.7102 34.6529	0 1391.89 112.692
0.0253906 29.7488 34.9384	0 790.846 112.607
0.0256348 32.3742 35.3231	0 999.084 112.167
0.0258789 32.8581 35.8088	0 1079.3 112.105
0.026123 35.622 36.3882	0 1334.48 113.11
0.0263672 38.6224 37.0446	0 1472.16 115.673
0.0266113 32.5 37.7537	0 1176.55 119.926
0.0268555 38.5232 38.4865	0 1847.67 125.524
0.0270996 40.3642 39.2126	0 1796.62 131.647
0.0273438 41.5524 39.9049	0 2044.87 137.163
0.0275879 49.4259 40.542	0 1864.87 140.916
0.027832 43.7361 41.1112	0 2321.15 142.079
0.0280762 44.0504 41.6086	0 2791.35 140.41
0.0283203 39.2779 42.0385	0 1272.34 136.351
0.0285645 37.1102 42.4116	0 1563.58 130.919
0.0288086 38.7767 42.7432	0 1558.55 125.446
0.0290527 53.719 43.0501	0 2275.26 121.264
0.0292969 42.6483 43.3495	0 1713.66 119.414
0.029541 43.0137 43.6577	0 1574.18 120.444
0.0297852 42.2158 43.9884	0 1696.49 124.333
0.0300293 42.8775 44.3533	0 2027.23 130.535
0.0302734 42.0624 44.7612	0 1777.41 138.151
0.0305176 44.6961 45.2182	0 1387.99 146.196
0.0307617 42.4321 45.7282	0 3213.29 153.905
0.0310059 52.9598 46.2929	0 2849.66 160.985
0.03125 40.2529 46.913	0 1827.79 167.699
0.0314941 53.2697 47.5882	0 2317.91 174.748
0.0317383 43.1319 48.3181	0 1937.21 182.95
0.0319824 47.2998 49.1019	0 2605.35 192.868
0.0322266 50.5544 49.9389	0 3032.93 204.523
0.0324707 51.6441 50.8275	0 2085.8 217.335
0.0327148 50.6313 51.7647	0 3004.24 230.293
0.032959 48.9064 52.7459	0 1796.26 242.257
0.0332031 58.3404 53.7641	0 3830.16 252.25
0.0334473 56.0603 54.8103	0 5337.23 259.625
0.0336914 42.7323 55.8741	0 1919.26 264.145
0.0339355 61.4096 56.9444	0 3948.9 266.053
0.0341797 63.4887 58.011	0 4079.18 266.172
0.0344238 60.1476 59.0656	0 3629.07 265.975
0.034668 66.1229 60.1021	0 3105.91 267.419
0.0349121 56.6937 61.1169	0 3013.57 272.48
0.0351562 61.3895 62.1082	0 2748.12 282.476
0.0354004 60.7734 63.0748	0 3254.79 297.501
0.0356445 60.021 64.0156	0 3955.07 316.257
0.0358887 68.9515 64.9288	0 5136.88 336.428
0.0361328 71.3978 65.8125	0 3721.65 355.398
0.036377 63.2625 66.6654	0 4062.6 370.984
0.0366211 72.4209 67.4885	0 5338.92 381.892
0.0368652 62.8608 68.2871	0 4316.85 387.803
0.0371094 70.0921 69.0725	0 4364.26 389.212
0.0373535 75.2554 69.8625	0 6431.69 387.203
0.0375977 68.7347 70.6814	0 5017.88 383.293
0.0378418 70.8463 71.5583	0 5188.97 379.304
0.0380859 74.8703 72.5238	0 5702.96 377.214
0.0383301 66.132 73.6059	0 4635.86 378.911
0.0385742 75.035 74.8252	0 4676.12 385.883
0.0388184 69.6395 76.1896	0 5667.59 398.936
0.0390625 69.6051 77.6913	0 5212.47 418.029
0.0393066 74.002 79.3046	0 5451.27 442.224
0.0395508 83.381 80.9867	0 7289.51 469.749
0.0397949 84.7038 82.6818	0 8520.96 498.158
0.0400391 90.0538 84.326	0 9133.65 524.627
0.0402832 82.4923 85.8557	0 5473.7 546.468
0.0405273 84.6232 87.2146	0 7160.38 561.794
0.0407715 116.646 88.3616	0 15431.9 570.132
0.0410156 84.6559 89.2759	0 8621.25 572.587
0.0412598 98.8236 89.9587	0 10660.8 571.344
0.0415039 82.8067 90.4327	0 4873.63 568.624
0.041748 101.291 90.7371	0 7795.7 565.642
0.0419922 94.2015 90.9196	0 9452.22 562.211
0.0422363 94.9064 91.0276	0 8490.35 557.277
0.0424805 76.8388 91.0977	0 7516.29 550.105
0.0427246 86.0742 91.1484	0 8934.56 541.349
0.0429688 80.5222 91.1748	0 7299.63 533.326
0.0432129 97.143 91.1483	0 11065.3 529.258
0.043457 86.1054 91.0209	0 5635.62 531.844
0.0437012 106.409 90.7336	0 11160.4 541.893
0.0439453 97.9083 90.2263	0 9490.15 557.668
0.0441895 89.5866 89.4494	0 6876.39 575.227
0.0444336 100.368 88.3719	0 14434.8 589.577
0.0446777 101.744 86.9874	0 13990.2 596.111
0.0449219 84.08 85.3154	0 7308.93 591.795
0.045166 87.6559 83.3976	0 7633.18 575.75
0.0454102 71.2307 81.292	0 5218.33 549.183
0.0456543 87.8971 79.0635	0 7912.9 514.869
0.0458984 77.3957 76.7759	0 5579.92 476.409
0.0461426 69.0362 74.4837	0 3672.94 437.471
0.0463867 66.1003 72.2274	0 6187.7 401.109
0.0466309 58.3473 70.0317	0 3358.28 369.28
0.046875 65.905 67.9064	0 3089.2 342.643
0.0471191 80.2233 65.8501	0 6198.86 320.677
0.0473633 62.3981 63.8549	0 5650.42 302.082
0.0476074 65.5723 61.9109	0 4579.96 285.296
0.0478516 57.074 60.0094	0 3802.92 268.979
0.0480957 58.9069 58.1448	0 3246.91 252.332
0.0483398 51.4731 56.3146	0 2215.81 235.184
0.048584 54.6823 54.5188	0 2393.61 217.897
0.0488281 42.0453 52.7584	0 2435.15 201.145
0.0490723 59.6119 51.0347	0 3226.91 185.671
0.0493164 50.4982 49.349	0 2366.51 172.077
0.0495605 51.7516 47.7028	0 3043.18 160.705
0.0498047 46.2224 46.0986	0 1959.58 151.6
0.0500488 35.6697 44.5398	0 1435.54 144.532
0.050293 39.1964 43.0313	0 1680.27 139.073
0.0505371 48.9442 41.5781	0 1905.36 134.701
0.0507812 40.0528 40.1848	0 1448.99 130.903
0.0510254 36.3377 38.8539	0 1367.62 127.26
0.0512695 33.5524 37.585	0 1496.15 123.488
0.0515137 35.6307 36.3742	0 2098.35 119.435
0.0517578 34.5582 35.2137	0 1113.47 115.039
0.052002 31.6568 34.0932	0 1183.7 110.279
0.0522461 33.3894 33.0013	0 1183.9 105.135
0.0524902 34.1355 31.927	0 1083.75 99.571
0.0527344 35.9062 30.8624	0 1512.76 93.5372
0.0529785 27.6471 29.8037	0 970.719 86.9939
0.0532227 26.9093 28.7523	0 623.258 79.9418
0.0534668 25.9962 27.7148	0 1241.35 72.4541
0.0537109 32.7894 26.7019	0 1076.6 64.6987
0.0539551 24.0654 25.7269	0 472.063 56.9441
0.0541992 20.2281 24.803	0 522.938 49.5381
0.0544434 22.1144 23.9417	0 615.535 42.8601
0.0546875 20.2369 23.1506	0 417.729 37.2541
0.0549316 23.1384 22.4326	0 663.974 32.9588
0.0551758 19.7486 21.7852	0 376.731 30.0549
0.0554199 21.4447 21.2016	0 352.559 28.4434
0.0556641 19.4446 20.6715	0 308.809 27.864
0.0559082 18.8637 20.1832	0 310.334 27.9505
0.0561523 20.8351 19.725	0 373.851 28.3121
0.0563965 22.6568 19.2866	0 537.386 28.6184
0.0566406 17.8116 18.8603	0 385.232 28.6594
0.0568848 17.8671 18.4411	0 296.653 28.3611
0.0571289 17.2092 18.0271	0 262.032 27.7525
0.057373 16.2109 17.6188	0 208.64 26.9057
0.0576172 18.8741 17.2185	0 398.856 25.8812
0.0578613 18.2656 16.8295	0 374.048 24.7036
0.0581055 14.3859 16.4554	0 215.996 23.3758
0.0583496 16.0339 16.0997	0 250.395 21.9142
0.0585938 15.6806 15.7646	0 270.541 20.378
0.0588379 14.0294 15.4515	0 161.677 18.874
0.059082 14.3165 15.1597	0 190.031 17.5321
0.0593262 15.7601 14.8875	0 223.55 16.466
0.0595703 13.4992 14.6317	0 158.488 15.7375
0.0598145 14.8878 14.3881	0 153.462 15.3417
0.0600586 13.938 14.1522	0 214.23 15.2154
0.0603027 14.4373 13.92	0 212.2 15.2613
0.0605469 13.9855 13.6879	0 183.072 15.3765
0.060791 13.8825 13.4535	0 169.36 15.4751
0.0610352 12.7414 13.2159	0 174.266 15.4987
0.0612793 14.3559 12.9755	0 241.249 15.4166
0.0615234 11.3161 12.7342	0 128.851 15.2202
0.0617676 10.7582 12.4949	0 133.62 14.9155
0.0620117 15.1396 12.2616	0 223.941 14.5157
0.0622559 11.4129 12.039	0 117.655 14.0373
0.0625 11.7106 11.8317	0 142.83 13.4977
0.0627441 11.8783 11.6437	0 178.661 12.9158
0.0629883 9.68882 11.478	0 94.9907 12.3133
0.0632324 10.9425 11.3357	0 135.088 11.7157
0.0634766 9.33595 11.2162	0 88.2391 11.1505
0.0637207 11.1489 11.1169	0 99.5063 10.6419
0.0639648 11.2748 11.0338	0 122.974 10.204
0.064209 9.73242 10.9622	0 74.5336 9.83835
0.0644531 12.5772 10.8977	0 169.437 9.53604
0.0646973 14.2315 10.8367	0 202.817 9.28461
0.0649414 9.57152 10.7771	0 65.2396 9.07471
0.0651855 9.45485 10.7177	0 77.5599 8.90192
0.0654297 9.76696 10.6583	0 73.0483 8.76266
0.0656738 10.4755 10.599	0 117.315 8.64785
0.065918 10.5443 10.5394	0 139.665 8.53976
0.0661621 10.643 10.4788	0 134.628 8.41508
0.0664062 9.26337 10.4156	0 72.3759 8.25315
0.0666504 11.6151 10.348	0 157.856 8.04424
0.0668945 11.8655 10.2747	0 127.389 7.79289
0.0671387 9.74813 10.1947	0 94.7048 7.51442
0.0673828 10.3545 10.1084	0 119.747 7.2274
0.067627 9.92588 10.0174	0 92.1587 6.94758
0.0678711 9.5518 9.92388	0 72.8366 6.68748
0.0681152 10.0916 9.83093	0 134.393 6.46157
0.0683594 9.4669 9.74141	0 84.5439 6.29189
0.0686035 9.04449 9.65768	0 64.5518 6.20767
0.0688477 9.30597 9.5812	0 78.7629 6.23581
0.0690918 9.71566 9.5123	0 70.2355 6.38604
0.0693359 8.53259 9.45028	0 70.5051 6.63893
0.0695801 10.3546 9.39354	0 142.886 6.94485
0.0698242 9.4475 9.33999	0 86.7561 7.23582
0.0700684 8.70142 9.28746	0 141.245 7.44538
0.0703125 9.3549 9.23416	0 75.0535 7.52723
0.0705566 8.99133 9.17901	0 82.0868 7.46523
0.0708008 10.3807 9.122	0 84.9138 7.2727
0.0710449 8.40655 9.06416	0 64.6626 6.98393
0.0712891 10.216 9.00759	0 143.926 6.64329
0.0715332 8.4041 8.95501	0 81.3058 6.29595
0.0717773 8.24397 8.90943	0 62.7428 5.98142
0.0720215 8.20364 8.8735	0 70.6868 5.72957
0.0722656 9.00162 8.84907	0 75.3251 5.55776
0.0725098 7.83638 8.83678	0 59.6197 5.46893
0.0727539 8.93702 8.83588	0 82.8134 5.45076
0.072998 9.39129 8.84433	0 95.4585 5.47691
0.0732422 8.04371 8.85915	0 54.333 5.51122
0.0734863 7.80451 8.87685	0 82.9964 5.51536
0.0737305 10.9701 8.89402	0 159.53 5.4588
0.0739746 8.61052 8.90779	0 63.0545 5.32811
0.0742188 10.258 8.91621	0 79.7819 5.13185
0.0744629 8.34967 8.9184	0 61.7625 4.89862
0.074707 9.0166 8.91455	0 61.914 4.66859
0.0749512 7.78879 8.90574	0 55.6957 4.48194
0.0751953 9.69048 8.89376	0 71.6763 4.36856
0.0754395 8.2605 8.88082	0 50.5115 4.34252
0.0756836 9.0697 8.86933	0 73.1112 4.40234
0.0759277 10.2022 8.8617	0 99.3906 4.53579
0.0761719 8.45103 8.86006	0 71.0975 4.72612
0.076416 7.73393 8.86598	0 71.334 4.95664
0.0766602 8.90671 8.88025	0 86.0545 5.21196
0.0769043 7.98288 8.90259	0 55.4735 5.47594
0.0771484 9.24863 8.93162	0 102.457 5.72869
0.0773926 9.18362 8.96491	0 86.013 5.94507
0.0776367 8.35645 8.99929	0 76.9692 6.09693
0.0778809 8.74524 9.03131	0 93.8061 6.15879
0.078125 9.48324 9.05783	0 92.8511 6.11573
0.0783691 11.2009 9.07648	0 139.798 5.97017
0.0786133 8.85475 9.08603	0 84.465 5.74478
0.0788574 9.59704 9.08646	0 78.0174 5.47956
0.0791016 8.59653 9.07877	0 69.5397 5.22346
0.0793457 8.36602 9.06462	0 76.6387 5.023
0.0795898 8.78142 9.04586	0 60.2101 4.9117
0.079834 8.80713 9.02406	0 84.5846 4.90349
0.0800781 10.2272 9.00028	0 102.56 4.99182
0.0803223 8.86661 8.97493	0 67.4049 5.15391
0.0805664 7.84474 8.94792	0 63.2246 5.35831
0.0808105 9.1802 8.91887	0 85.8401 5.57325
0.0810547 8.92059 8.88743	0 62.6833 5.77313
0.0812988 10.5997 8.85355	0 148.535 5.94151
0.081543 7.83689 8.81757	0 49.8467 6.06996
0.0817871 9.15079 8.78028	0 102.248 6.15398
0.0820312 7.80955 8.74277	0 63.2846 6.18855
0.0822754 9.47559 8.70622	0 94.2033 6.16603
0.0825195 8.19129 8.67166	0 85.3412 6.07767
0.0827637 8.63317 8.63982	0 95.5495 5.91776
0.0830078 7.77422 8.61097	0 73.1793 5.6878
0.083252 8.99195 8.58499	0 78.5567 5.39861
0.0834961 8.52451 8.56138	0 74.0908 5.07002
0.0837402 9.40305 8.53939	0 73.9157 4.72876
0.0839844 8.42491 8.51806	0 81.057 4.40536
0.0842285 8.50234 8.49633	0 91.2757 4.12992
0.0844727 7.62338 8.47307	0 46.0588 3.92636
0.0847168 8.06513 8.44712	0 56.1948 3.80636
0.0849609 8.98972 8.41746	0 70.1778 3.7655
0.0852051 8.8718 8.38329	0 65.0411 3.78456
0.0854492 8.08498 8.34426	0 65.3705 3.83624
0.0856934 9.13226 8.30058	0 84.717 3.89464
0.0859375 8.54075 8.25307	0 70.3032 3.94271
0.0861816 7.7811 8.20306	0 67.0974 3.9742
0.0864258 8.5064 8.15219	0 53.5323 3.98975
0.0866699 7.61538 8.1021	0 55.1855 3.99066
0.0869141 7.21335 8.05415	0 45.5921 3.97464
0.0871582 8.22171 8.00917	0 71.8612 3.93674
0.0874023 7.79175 7.96743	0 57.8257 3.87467
0.0876465 7.43153 7.92863	0 57.5198 3.79479
0.0878906 8.72076 7.89209	0 61.9752 3.71426
0.0881348 9.29613 7.85695	0 88.2013 3.65654
0.0883789 6.79729 7.82231	0 57.2406 3.64187
0.088623 7.28449 7.78743	0 58.752 3.67733
0.0888672 7.61212 7.75177	0 60.0303 3.75199
0.0891113 6.688 7.71505	0 36.9412 3.84024
0.0893555 9.12981 7.67729	0 111.156 3.9119
0.0895996 8.32225 7.63876	0 63.1454 3.94426
0.0898438 7.21097 7.60003	0 57.0784 3.93049
0.0900879 8.0643 7.56187	0 53.5894 3.88108
0.090332 6.28165 7.52513	0 28.9759 3.81868
0.0905762 7.92198 7.49071	0 59.7651 3.76947
0.0908203 6.99002 7.45936	0 50.8592 3.75483
0.0910645 7.06448 7.43165	0 59.4384 3.78581
0.0913086 7.15912 7.40793	0 55.9788 3.86143
0.0915527 8.49467 7.38829	0 66.6459 3.97022
0.0917969 8.24244 7.37251	0 89.3143 4.09454
0.092041 6.43239 7.36007	0 41.8448 4.21602
0.0922852 6.59383 7.35004	0 44.7579 4.3207
0.0925293 6.73586 7.34102	0 44.9049 4.40196
0.0927734 7.6367 7.33112	0 49.4872 4.46009
0.0930176 7.61808 7.31811	0 49.5506 4.49883
0.0932617 7.64035 7.29954	0 68.2803 4.52029
0.0935059 7.74252 7.27313	0 70.7292 4.52099
0.09375 7.51092 7.23707	0 41.4158 4.49085
0.0939941 7.307 7.19042	0 72.2916 4.41599
0.0942383 6.38266 7.13327	0 42.1502 4.28439
0.0944824 7.53638 7.06692	0 54.4042 4.09221
0.0947266 8.88902 6.99367	0 85.0453 3.84835
0.0949707 6.60363 6.9166	0 54.576 3.57519
0.0952148 5.88243 6.83909	0 35.7865 3.3046
0.095459 6.43903 6.76433	0 43.7083 3.07012
0.0957031 6.09099 6.69493	0 39.9895 2.89792
0.0959473 6.66229 6.63261	0 45.0364 2.79978
0.0961914 5.72793 6.57809	0 29.515 2.77081
0.0964355 7.62253 6.5312	0 59.7263 2.79279
0.0966797 6.0427 6.49115	0 45.0938 2.84119
0.0969238 6.53617 6.45679	0 41.956 2.89268
0.097168 6.37023 6.42695	0 46.3083 2.93007
0.0974121 7.32031 6.40053	0 44.3612 2.94333
0.0976562 5.91112 6.37657	0 33.0314 2.92762
0.0979004 5.71638 6.35419	0 29.3132 2.88057
0.0981445 5.60973 6.33246	0 29.1127 2.80085
0.0983887 7.33757 6.31029	0 70.4862 2.68887
0.0986328 6.23012 6.28655	0 45.2796 2.5485
0.098877 5.64733 6.26007	0 37.2339 2.38833
0.0991211 6.48155 6.22995	0 34.8796 2.22105
0.0993652 7.69689 6.19568	0 51.3253 2.06092
0.0996094 5.34148 6.15734	0 30.6224 1.92064
0.0998535 6.67136 6.11561	0 39.4967 1.8089
0.100098 5.87939 6.07166	0 31.2098 1.72967
0.100342 5.70917 6.02699	0 32.8748 1.68288
0.100586 6.3225 5.98313	0 30.1535 1.66581
0.10083 4.76437 5.94149	0 29.852 1.67428
0.101074 5.82576 5.90318	0 29.6788 1.70354
0.101318 6.44752 5.86895	0 35.8168 1.74887
0.101562 6.33279 5.83921	0 43.1875 1.80603
0.101807 5.53287 5.81403	0 38.6519 1.87132
0.102051 5.78534 5.79313	0 37.6566 1.9411
0.102295 5.49917 5.77587	0 35.1425 2.0108
0.102539 5.26323 5.76119	0 40.8214 2.07405
0.102783 5.39193 5.74761	0 29.6586 2.12301
0.103027 6.65662 5.73334	0 40.3723 2.15005
0.103271 5.05717 5.7164	0 20.5344 2.15031
0.103516 5.60966 5.69497	0 31.1348 2.12395
0.10376 6.51592 5.66763	0 57.7784 2.07677
0.104004 6.10711 5.63368	0 30.0097 2.01885
0.104248 6.53728 5.59321	0 34.3463 1.9615
0.104492 4.68394 5.54713	0 26.9792 1.91391
0.104736 5.18358 5.49693	0 23.5272 1.88047
0.10498 5.62911 5.44441	0 28.146 1.85982
0.105225 5.50398 5.39136	0 32.3552 1.84581
0.105469 4.7675 5.33932	0 23.1176 1.82995
0.105713 4.76322 5.28945	0 19.3061 1.80451
0.105957 5.7653 5.24254	0 28.3209 1.7655
0.106201 5.34091 5.19909	0 25.9883 1.71443
0.106445 5.37191 5.15943	0 32.2454 1.65846
0.106689 5.25309 5.12378	0 34.3296 1.60855
0.106934 5.31346 5.09226	0 27.6993 1.57589
0.107178 4.08511 5.06477	0 15.9628 1.56786
0.107422 4.70317 5.0409	0 29.3981 1.58503
0.107666 4.87509 5.01984	0 24.6086 1.62073
0.10791 5.21237 5.00043	0 36.4039 1.6634
0.108154 5.42318 4.98127	0 30.0096 1.70059
0.108398 4.53415 4.96104	0 15.4 1.72272
0.108643 4.98166 4.93875	0 26.4621 1.72516
0.108887 6.03088 4.91405	0 51.0777 1.70809
0.109131 4.82528 4.88735	0 20.699 1.67497
0.109375 4.67576 4.85979	0 19.9714 1.63073
0.109619 5.04209 4.83309	0 19.3106 1.58041
0.109863 4.28031 4.80921	0 14.5281 1.52867
0.110107 4.06595 4.78999	0 14.1693 1.47977
0.110352 4.82614 4.77683	0 23.3543 1.43768
0.110596 5.25579 4.77043	0 25.1956 1.40604
0.11084 4.06658 4.77068	0 14.147 1.3879
0.111084 4.90924 4.7767	0 26.468 1.38536
0.111328 4.46164 4.78693	0 18.7281 1.39909
0.111572 5.41065 4.7994	0 24.3152 1.42791
0.111816 4.60274 4.81196	0 19.1903 1.46845
0.112061 4.52377 4.82254	0 19.6442 1.51518
0.112305 4.85852 4.82941	0 20.3466 1.56112
0.112549 5.2279 4.83132	0 25.0749 1.59943
0.112793 5.46039 4.82754	0 25.4217 1.62553
0.113037 5.24405 4.81786	0 29.722 1.63869
0.113281 4.82899 4.80243	0 29.7358 1.64199
0.113525 4.24465 4.78165	0 15.7012 1.64046
0.11377 3.65186 4.75594	0 11.7411 1.63807
0.114014 5.40781 4.72576	0 27.7361 1.63522
0.114258 5.00515 4.69154	0 31.5034 1.6284
0.114502 4.92789 4.65384	0 21.9346 1.61208
0.114746 4.9501 4.61341	0 31.2778 1.58195
0.11499 4.72303 4.57128	0 26.1859 1.53773
0.115234 4.38555 4.52882	0 18.9868 1.48397
0.115479 4.31234 4.48757	0 17.1952 1.42867
0.115723 4.21068 4.44908	0 15.0839 1.38049
0.115967 4.29417 4.41469	0 19.3488 1.34577
0.116211 3.74545 4.38532	0 15.5288 1.32663
0.116455 4.423 4.36139	0 14.0947 1.32058
0.116699 4.82618 4.34279	0 20.8527 1.32165
0.116943 4.20617 4.32895	0 17.1386 1.32251
0.117188 4.02909 4.31906	0 21.3326 1.31675
0.117432 3.9693 4.31221	0 13.5172 1.30063
0.117676 5.13421 4.30749	0 23.3572 1.27353
0.11792 4.06164 4.30416	0 13.4705 1.23725
0.118164 4.21879 4.30159	0 20.3998 1.19472
0.118408 4.21854 4.29923	0 14.976 1.14877
0.118652 4.42458 4.2966	0 23.6639 1.10177
0.118896 4.03148 4.2932	0 16.8469 1.05597
0.119141 4.47237 4.28856	0 26.0637 1.01416
0.119385 4.11997 4.28226	0 18.0246 0.980077
0.119629 4.04118 4.27405	0 17.7943 0.958084
0.119873 4.99175 4.26393	0 27.309 0.952136
0.120117 4.23337 4.25224	0 13.8017 0.964377
0.120361 4.93773 4.23958	0 18.7344 0.993889
0.120605 3.66865 4.22672	0 15.1335 1.03615
0.12085 3.90092 4.21446	0 18.7131 1.08357
0.121094 3.61273 4.20334	0 14.3832 1.12704
0.121338 4.59559 4.19355	0 19.6559 1.15817
0.121582 4.13991 4.18479	0 14.4938 1.17152
0.121826 4.14845 4.17634	0 16.671 1.166
0.12207 3.97913 4.16721	0 17.9064 1.14506
0.122314 4.40233 4.15639	0 18.3022 1.11556
0.122559 4.66476 4.14315	0 18.1302 1.08563
0.122803 3.881 4.12723	0 10.077 1.06244
0.123047 4.39317 4.10908	0 17.157 1.05059
0.123291 4.00674 4.08985	0 18.0966 1.05163
0.123535 4.29978 4.0713	0 16.7983 1.0647
0.123779 4.13206 4.0556	0 14.9769 1.08791
0.124023 3.32012 4.04503	0 11.6151 1.11952
0.124268 4.12847 4.04165	0 11.8857 1.15867
0.124512 3.83698 4.04697	0 12.3317 1.20511
0.124756 3.53347 4.06175	0 12.3161 1.25853
0.125 4.02451 4.08583	0 24.4973 1.3178
0.125244 3.95183 4.11813	0 16.862 1.38061
0.125488 4.23739 4.15672	0 21.1043 1.44387
0.125732 3.85637 4.19904	0 19.0311 1.50442
0.125977 4.66121 4.24211	0 26.1497 1.55954
0.126221 4.57145 4.28287	0 20.396 1.60698
0.126465 4.02725 4.31846	0 15.8189 1.6443
0.126709 4.3665 4.34654	0 24.3952 1.66838
0.126953 4.77986 4.36549	0 35.3446 1.67542
0.127197 4.89351 4.37462	0 26.3121 1.66204
0.127441 4.43325 4.37415	0 18.0797 1.62659
0.127686 5.18014 4.36517	0 19.245 1.57014
0.12793 4.04935 4.34942	0 15.2015 1.49637
0.128174 3.80564 4.32894	0 15.7832 1.41049
0.128418 4.40452 4.30582	0 13.8692 1.31796
0.128662 4.20189 4.28184	0 17.9043 1.22373
0.128906 4.09504 4.25826	0 18.4172 1.13214
0.12915 3.78357 4.23574	0 15.497 1.04741
0.129395 4.4189 4.21439	0 20.6182 0.973908
0.129639 4.33806 4.19388	0 18.3799 0.916039
0.129883 4.98283 4.1736	0 25.0189 0.877514
0.130127 4.00704 4.1529	0 16.9254 0.860372
0.130371 3.42921 4.13117	0 11.9588 0.864109
0.130615 3.66869 4.10803	0 14.082 0.885271
0.130859 5.10964 4.08336	0 24.2402 0.917718
0.131104 3.86215 4.05735	0 11.8072 0.953569
0.131348 3.94967 4.03055	0 17.1961 0.984632
0.131592 4.48286 4.00385	0 14.801 1.004
0.131836 3.45801 3.97838	0 13.9397 1.00746
0.13208 4.03926 3.95544	0 17.7596 0.994346
0.132324 4.17317 3.93626	0 13.125 0.967775
0.132568 3.58099 3.9218	0 14.5697 0.934094
0.132812 3.82931 3.91255	0 14.5194 0.901595
0.133057 3.40501 3.90832	0 9.39688 0.878602
0.133301 3.57766 3.90822	0 11.7701 0.871236
0.133545 3.92752 3.91074	0 15.6773 0.881417
0.133789 4.11496 3.91399	0 19.6702 0.905862
0.134033 4.22835 3.91603	0 12.1067 0.936668
0.134277 4.0505 3.91519	0 16.3282 0.963554
0.134521 4.29796 3.91045	0 18.4351 0.977078
0.134766 3.75132 3.90157	0 15.7574 0.971612
0.13501 4.32451 3.8891	0 17.7693 0.946877
0.135254 4.00023 3.87426	0 11.0716 0.907519
0.135498 3.36494 3.85861	0 10.073 0.861117
0.135742 4.1051 3.84369	0 18.0354 0.815633
0.135986 3.24821 3.83074	0 11.4914 0.777363
0.13623 3.53902 3.82048	0 12.8269 0.749955
0.136475 3.43618 3.8131	0 9.67838 0.734448
0.136719 3.90044 3.80835	0 11.251 0.729926
0.136963 4.21864 3.80582	0 11.4316 0.734345
0.137207 4.71173 3.80518	0 22.835 0.745271
0.137451 3.44126 3.80635	0 10.7715 0.760432
0.137695 3.7498 3.80958	0 9.46573 0.778055
0.137939 3.54674 3.81532	0 11.7578 0.797041
0.138184 3.39785 3.82406	0 12.4345 0.816988
0.138428 4.06442 3.83601	0 14.549 0.838085
0.138672 3.47358 3.85089	0 11.2319 0.860806
0.138916 3.8759 3.86785	0 12.6497 0.885342
0.13916 3.74004 3.8855	0 13.6473 0.910817
0.139404 3.90333 3.9021	0 13.367 0.934622
0.139648 4.12667 3.91596	0 11.7878 0.952392
0.139893 3.97447 3.9257	0 18.2992 0.959025
0.140137 5.01182 3.93059	0 23.0508 0.950633
0.140381 3.89693 3.93069	0 11.5014 0.926612
0.140625 3.78137 3.92679	0 15.1679 0.890775
0.140869 3.67332 3.92028	0 11.1144 0.850812
0.141113 3.9125 3.91272	0 18.2317 0.816184
0.141357 3.85958 3.90552	0 15.0228 0.795347
0.141602 3.49815 3.89954	0 17.6234 0.793435
0.141846 4.18957 3.89491	0 13.9005 0.811119
0.14209 3.4773 3.89097	0 12.4986 0.844759
0.142334 3.36762 3.88648	0 13.9154 0.887486
0.142578 4.12097 3.8799	0 12.9693 0.9308
0.142822 4.49809 3.86985	0 23.4733 0.966385
0.143066 4.48271 3.85547	0 22.3286 0.987907
0.143311 3.94754 3.83671	0 15.624 0.992418
0.143555 4.2689 3.81436	0 12.6529 0.980963
0.143799 3.50072 3.78994	0 14.1876 0.958096
0.144043 3.14522 3.76536	0 8.33409 0.930421
0.144287 3.50854 3.74251	0 16.8816 0.904605
0.144531 3.7402 3.72291	0 7.28469 0.885494
0.144775 3.59268 3.7074	0 12.2647 0.874884
0.14502 2.95034 3.69611	0 10.503 0.871244
0.145264 4.62562 3.68851	0 16.7015 0.870483
0.145508 3.21308 3.68366	0 11.5715 0.867515
0.145752 3.80796 3.6805	0 11.9792 0.858117
0.145996 4.18744 3.67815	0 18.01 0.840434
0.14624 3.43086 3.67605	0 10.6235 0.815594
0.146484 4.01319 3.67406	0 14.6956 0.787286
0.146729 3.26214 3.67239	0 10.7719 0.760585
0.146973 3.77789 3.67143	0 10.267 0.740552
0.147217 3.4908 3.67158	0 10.0439 0.73101
0.147461 3.52008 3.67309	0 11.1378 0.73366
0.147705 3.51188 3.67598	0 12.548 0.747556
0.147949 3.78219 3.67999	0 12.4693 0.76898
0.148193 3.78836 3.68463	0 10.8357 0.791961
0.148438 3.55259 3.68932	0 9.88806 0.80956
0.148682 4.35355 3.69347	0 27.8783 0.815795
0.148926 3.49763 3.69657	0 11.6803 0.807562
0.14917 3.48284 3.69823	0 14.239 0.785803
0.149414 3.52505 3.69824	0 14.2937 0.755364
0.149658 3.89038 3.69654	0 15.2191 0.723603
0.149902 3.67975 3.69322	0 8.46985 0.698277
0.150146 3.70627 3.68851	0 15.0738 0.685433
0.150391 4.09645 3.68277	0 10.7221 0.687948
0.150635 3.64048 3.67643	0 11.7675 0.705035
0.150879 3.36928 3.66998	0 10.1629 0.732802
0.151123 3.90568 3.66385	0 15.276 0.765644
0.151367 3.11386 3.65843	0 10.3179 0.797992
0.151611 3.8742 3.65398	0 18.2677 0.825762
0.151855 3.63593 3.65064	0 18.87 0.846906
0.1521 3.6174 3.64847	0 10.7313 0.860898
0.152344 3.58365 3.64751	0 10.1941 0.867541
0.152588 3.74959 3.6478	0 16.323 0.865934
0.152832 3.77296 3.64946	0 14.531 0.854356
0.153076 3.89042 3.65261	0 14.489 0.831283
0.15332 3.61426 3.65734	0 14.8582 0.796972
0.153564 3.06167 3.66357	0 8.45292 0.754635
0.153809 3.28902 3.67103	0 13.0325 0.710433
0.154053 4.24296 3.67919	0 15.0275 0.672175
0.154297 3.57203 3.68732	0 9.11282 0.647347
0.154541 3.59653 3.69464	0 13.6744 0.641279
0.154785 3.75282 3.70043	0 13.5168 0.656064
0.155029 4.13775 3.7043	0 13.1994 0.690343
0.155273 3.79023 3.70621	0 15.9912 0.739755
0.155518 3.93702 3.7066	0 16.0449 0.797778
0.155762 3.61796 3.70624	0 13.8316 0.856788
0.156006 3.26698 3.70607	0 8.03258 0.909231
0.15625 3.73588 3.70695	0 20.5048 0.948791
0.156494 4.00274 3.70948	0 21.4966 0.971391
0.156738 3.29547 3.71379	0 10.1603 0.975792
0.156982 3.20351 3.71954	0 9.45424 0.963661
0.157227 3.47487 3.726	0 11.6357 0.939008
0.157471 4.40203 3.73225	0 17.6986 0.907123
0.157715 4.33726 3.73741	0 19.7829 0.873298
0.157959 3.58937 3.74082	0 10.3456 0.841729
0.158203 3.99594 3.74222	0 23.0432 0.814962
0.158447 3.61999 3.74169	0 14.5127 0.793997
0.158691 3.53862 3.73962	0 12.7921 0.778843
0.158936 3.69025 3.73651	0 13.6207 0.76913
0.15918 3.24791 3.73288	0 8.78842 0.764446
0.159424 4.06906 3.72909	0 16.2639 0.764289
0.159668 3.74328 3.72538	0 15.1307 0.767816
0.159912 3.62415 3.72186	0 9.82888 0.773616
0.160156 4.40624 3.71861	0 25.1517 0.779717
0.1604 3.39382 3.71577	0 12.9005 0.783832
0.160645 3.56053 3.71354	0 13.0309 0.783802
0.160889 3.60224 3.71225	0 17.6035 0.778115
0.161133 3.55689 3.71223	0 14.3427 0.766448
0.161377 3.89509 3.71379	0 17.5281 0.750042
0.161621 3.85702 3.71702	0 9.31581 0.731726
0.161865 3.87845 3.72173	0 15.2101 0.715394
0.162109 2.80959 3.7274	0 7.67071 0.704978
0.162354 4.46927 3.73319	0 17.1882 0.703249
0.162598 3.19918 3.73799	0 9.21153 0.710975
0.162842 3.66769 3.74061	0 13.2505 0.726857
0.163086 3.87348 3.73997	0 14.2371 0.748287
0.16333 4.29867 3.73529	0 16.4991 0.772517
0.163574 4.35951 3.72627	0 27.4901 0.797592
0.163818 3.95652 3.71313	0 13.4215 0.82252
0.164062 2.94261 3.69657	0 7.15037 0.846647
0.164307 3.55082 3.67767	0 11.4217 0.868706
0.164551 3.35241 3.65773	0 12.8815 0.886254
0.164795 3.98992 3.638	0 16.3788 0.896016
0.165039 4.20084 3.6196	0 20.4049 0.895035
0.165283 3.02736 3.60335	0 11.1576 0.882021
0.165527 3.28877 3.58975	0 11.1996 0.858142
0.165771 3.6331 3.579	0 10.2569 0.826864
0.166016 3.36949 3.57102	0 10.6424 0.793006
0.16626 3.7697 3.56555	0 16.9819 0.761608
0.166504 3.63207 3.56219	0 12.5996 0.73708
0.166748 3.83897 3.5605	0 16.7651 0.722783
0.166992 3.36782 3.55997	0 10.6154 0.72077
0.167236 3.07682 3.56014	0 6.80135 0.731425
0.16748 3.82245 3.56057	0 9.64836 0.753
0.167725 3.45719 3.56093	0 10.9664 0.78144
0.167969 3.52704 3.56105	0 12.5004 0.810928
0.168213 3.70721 3.56099	0 15.9616 0.83527
0.168457 4.33924 3.56104	0 21.845 0.849718
0.168701 3.12831 3.5617	0 10.9779 0.852391
0.168945 3.22796 3.56366	0 9.71125 0.844639
0.169189 3.51005 3.5676	0 9.70765 0.830149
0.169434 3.77286 3.57408	0 13.4763 0.813291
0.169678 3.15982 3.58342	0 10.0231 0.797516
0.169922 3.34921 3.59554	0 12.2055 0.784444
0.170166 4.2693 3.60997	0 16.4318 0.773811
0.17041 3.1883 3.62592	0 8.09644 0.764023
0.170654 3.41268 3.64237	0 11.4568 0.752912
0.170898 4.00571 3.65827	0 14.8153 0.738464
0.171143 3.34048 3.67273	0 11.2285 0.719426
0.171387 4.31181 3.68515	0 20.9526 0.695747
0.171631 4.07368 3.69531	0 15.0896 0.668707
0.171875 3.57478 3.70339	0 12.9792 0.64057
0.172119 3.46261 3.70988	0 14.7621 0.613846
0.172363 3.63251 3.71545	0 13.1368 0.590489
0.172607 3.46247 3.72076	0 11.1295 0.5715
0.172852 3.98571 3.72639	0 16.5863 0.557118
0.173096 3.67297 3.73268	0 10.2184 0.547427
0.17334 3.50791 3.73973	0 13.1414 0.542899
0.173584 3.82117 3.74744	0 12.7648 0.544493
0.173828 4.16864 3.75558	0 19.3038 0.553239
0.174072 3.47336 3.76383	0 15.3495 0.569599
0.174316 3.82886 3.77189	0 15.6008 0.593007
0.174561 3.76285 3.77949	0 17.1612 0.621828
0.174805 3.77975 3.78642	0 11.6195 0.653706
0.175049 3.83783 3.79252	0 13.7615 0.686064
0.175293 3.79747 3.79767	0 12.5436 0.716524
0.175537 3.69391 3.8018	0 13.3858 0.743177
0.175781 3.8324 3.80484	0 11.8108 0.764761
0.176025 4.04629 3.80671	0 21.2633 0.780842
0.17627 3.91063 3.80729	0 13.6648 0.791927
0.176514 3.79154 3.80641	0 16.6053 0.799334
0.176758 3.68672 3.80385	0 10.1041 0.804774
0.177002 3.5799 3.79937	0 13.9779 0.809798
0.177246 3.53515 3.79279	0 11.8023 0.815477
0.17749 3.99099 3.78409	0 17.806 0.822522
0.177734 4.45324 3.77353	0 14.553 0.831754
0.177979 3.91356 3.76171	0 13.9385 0.844453
0.178223 3.7711 3.74962	0 13.3527 0.862175
0.178467 3.34212 3.73848	0 10.8448 0.885987
0.178711 3.88535 3.72968	0 12.4538 0.915544
0.178955 3.18775 3.72451	0 8.11304 0.948636
0.179199 3.66272 3.72399	0 13.1913 0.981598
0.179443 3.74643 3.72872	0 18.1241 1.01047
0.179688 3.31929 3.73886	0 11.1278 1.03226
0.179932 3.78655 3.75408	0 19.1299 1.04574
0.180176 4.1126 3.77373	0 13.8923 1.05121
0.18042 3.79009 3.79693	0 9.83415 1.04981
0.180664 3.73519 3.82269	0 9.17282 1.04272
0.180908 3.75245 3.85002	0 10.9997 1.03102
0.181152 3.94885 3.87791	0 26.2087 1.01619
0.181396 3.46335 3.90535	0 9.91203 1.00073
0.181641 4.35337 3.93133	0 21.433 0.988235
0.181885 4.19863 3.95477	0 17.7832 0.982517
0.182129 4.05032 3.97453	0 15.6957 0.986023
0.182373 3.53373 3.98952	0 9.89704 0.998281
0.182617 3.94117 3.99873	0 14.7216 1.01531
0.182861 4.56764 4.00142	0 23.5405 1.03045
0.183105 4.37683 3.99729	0 14.0304 1.0364
0.18335 3.90017 3.98657	0 13.6794 1.02772
0.183594 4.02157 3.97014	0 14.1434 1.00272
0.183838 4.33681 3.9495	0 23.2427 0.964217
0.184082 4.14734 3.92665	0 14.5297 0.918769
0.184326 3.39017 3.90387	0 11.0602 0.87492
0.18457 3.53726 3.8834	0 10.5847 0.840831
0.184814 4.14826 3.86713	0 12.8789 0.822012
0.185059 3.73438 3.85625	0 14.5014 0.819749
0.185303 3.56459 3.85112	0 12.9808 0.830756
0.185547 3.2416 3.85113	0 9.66198 0.848275
0.185791 3.60661 3.85486	0 11.2735 0.864403
0.186035 3.89731 3.86031	0 20.5391 0.872819
0.186279 4.42698 3.86528	0 20.7332 0.870854
0.186523 4.62014 3.86776	0 19.0024 0.860071
0.186768 3.55857 3.86633	0 9.97356 0.845227
0.187012 4.09954 3.86038	0 18.3773 0.832243
0.187256 3.88491 3.85019	0 12.9099 0.826165
0.1875 4.04737 3.83693	0 16.5903 0.829938
0.187744 3.38092 3.82241	0 9.08428 0.844301
0.187988 3.98849 3.80881	0 12.7541 0.868523
0.188232 3.65911 3.7983	0 15.2097 0.901471
0.188477 3.6989 3.79275	0 14.8444 0.942427
0.188721 3.58528 3.79339	0 19.7572 0.991288
0.188965 3.57894 3.80064	0 11.5805 1.04804
0.189209 3.94348 3.81402	0 15.0407 1.11177
0.189453 2.9887 3.83219	0 10.2236 1.17966
0.189697 3.8294 3.85316	0 15.8942 1.24667
0.189941 4.03084 3.87461	0 19.4283 1.30615
0.190186 4.43298 3.89424	0 18.0856 1.35138
0.19043 4.07404 3.91013	0 14.7677 1.37724
0.190674 4.52398 3.92103	0 21.5899 1.38143
0.190918 3.94613 3.92646	0 17.8845 1.36443
0.191162 3.70198 3.92671	0 14.7058 1.32862
0.191406 4.06892 3.92264	0 27.034 1.27711
0.19165 3.89024 3.91547	0 21.1719 1.21303
0.191895 3.66783 3.90645	0 15.7241 1.13966
0.192139 3.27525 3.89671	0 14.5318 1.06097
0.192383 4.26038 3.88711	0 20.1808 0.982226
0.192627 4.30239 3.87826	0 13.5595 0.90983
0.192871 3.81715 3.87059	0 12.5348 0.850435
0.193115 3.57588 3.86442	0 10.6043 0.809457
0.193359 4.37657 3.86009	0 16.2998 0.78961
0.193604 3.4311 3.85795	0 10.1661 0.790094
0.193848 3.42596 3.85831	0 14.5971 0.806841
0.194092 4.5639 3.86139	0 19.552 0.83375
0.194336 3.37243 3.86721	0 12.3565 0.864419
0.19458 3.78822 3.87545	0 17.1811 0.893634
0.194824 3.71534 3.88549	0 22.0345 0.918046
0.195068 3.70138 3.89638	0 13.871 0.935917
0.195312 4.4688 3.90692	0 18.1379 0.946303
0.195557 3.87791 3.9158	0 14.5599 0.948332
0.195801 3.96882 3.92178	0 15.1319 0.941076
0.196045 4.01302 3.9238	0 16.269 0.924092
0.196289 3.83549 3.92119	0 16.7283 0.89826
0.196533 3.98098 3.91376	0 15.9527 0.866312
0.196777 4.2622 3.90187	0 15.8018 0.832641
0.197021 4.02378 3.88644	0 16.4198 0.802369
0.197266 3.95661 3.86891	0 12.0902 0.779992
0.19751 3.57433 3.851	0 24.2679 0.768164
0.197754 4.24276 3.83457	0 19.1723 0.767082
0.197998 3.53055 3.82127	0 10.6731 0.774747
0.198242 3.41675 3.81237	0 12.1344 0.788011
0.198486 3.38849 3.80853	0 13.2153 0.803976
0.19873 3.36204 3.80973	0 9.96293 0.821101
0.198975 4.23616 3.81536	0 20.6135 0.83939
0.199219 4.15258 3.82438	0 17.1987 0.859568
0.199463 3.54244 3.83555	0 12.4494 0.881685
0.199707 3.99247 3.84774	0 17.05 0.904026
0.199951 3.98184 3.86007	0 14.4115 0.923051
0.200195 4.24848 3.87206	0 13.6271 0.934449
0.200439 3.62005 3.88361	0 12.1354 0.934721
0.200684 4.0601 3.89487	0 17.4888 0.922448
0.200928 3.53479 3.90609	0 12.8196 0.898637
0.201172 3.69001 3.91743	0 10.4246 0.866164
0.201416 3.45826 3.92887	0 14.5473 0.828727
0.20166 4.93729 3.94007	0 25.2864 0.789827
0.201904 4.26478 3.9505	0 16.5848 0.75211
0.202148 3.19057 3.95951	0 9.77546 0.71714
0.202393 3.70999 3.96645	0 16.59 0.685583
0.202637 4.49374 3.97095	0 16.1836 0.657708
0.202881 4.01423 3.97291	0 15.6092 0.634045
0.203125 4.31219 3.97266	0 23.577 0.615935
0.203369 4.00938 3.97081	0 17.5107 0.605627
0.203613 4.30384 3.96811	0 14.0142 0.605689
0.203857 3.93697 3.96518	0 14.1002 0.617789
0.204102 3.23427 3.96229	0 7.09862 0.641328
0.204346 3.20086 3.9592	0 9.21701 0.672666
0.20459 4.26105 3.9551	0 19.7709 0.705545
0.204834 3.7729 3.94885	0 13.8737 0.732803
0.205078 4.40007 3.93926	0 19.148 0.748711
0.205322 4.97235 3.92543	0 27.8017 0.750805
0.205566 3.73155 3.90716	0 13.682 0.740352
0.205811 4.37936 3.88506	0 17.6281 0.721358
0.206055 3.86171 3.86066	0 13.5089 0.698867
0.206299 3.26116 3.83612	0 10.2034 0.677542
0.206543 3.46413 3.81396	0 13.9344 0.661046
0.206787 3.72958 3.79663	0 14.956 0.652045
0.207031 3.27512 3.78616	0 10.4982 0.652245
0.207275 4.02247 3.78381	0 13.2429 0.662089
0.20752 3.94586 3.78995	0 16.0942 0.680273
0.207764 3.69557 3.80394	0 11.7642 0.703576
0.208008 3.29517 3.82421	0 9.58267 0.727445
0.208252 3.96489 3.84841	0 20.8328 0.747333
0.208496 3.14085 3.87368	0 10.9505 0.760332
0.20874 3.86763 3.89701	0 16.5064 0.766408
0.208984 4.65184 3.91558	0 17.3227 0.768652
0.209229 4.91632 3.92724	0 18.394 0.772321
0.209473 4.19732 3.93078	0 13.0594 0.782893
0.209717 3.5143 3.92612	0 10.5046 0.803821
0.209961 4.23536 3.91436	0 15.5817 0.834917
0.210205 3.91004 3.89756	0 13.407 0.872154
0.210449 3.84817 3.8784	0 18.3621 0.909126
0.210693 4.01745 3.85975	0 19.5242 0.939557
0.210938 3.38742 3.84418	0 8.97759 0.959646
0.211182 3.59667 3.8336	0 22.687 0.969069
0.211426 3.15518 3.829	0 9.8871 0.970232
0.21167 3.83538 3.83041	0 11.4236 0.966374
0.211914 3.91206 3.837	0 13.9317 0.95974
0.212158 4.06756 3.84734	0 11.7433 0.950902
0.212402 3.68401 3.85976	0 19.7379 0.939496
0.212646 4.11606 3.87265	0 17.5665 0.925706
0.212891 4.23436 3.88474	0 16.294 0.911367
0.213135 4.4709 3.89527	0 16.1987 0.899817
0.213379 3.02523 3.90401	0 8.28977 0.894475
0.213623 3.65853 3.91119	0 13.4238 0.896956
0.213867 4.04714 3.91738	0 15.6333 0.905935
0.214111 4.54028 3.92328	0 17.3633 0.917544
0.214355 4.00543 3.92957	0 14.8287 0.927173
0.2146 3.34272 3.93675	0 8.52344 0.931704
0.214844 4.02881 3.94498	0 13.1617 0.930936
0.215088 3.52256 3.95409	0 9.51003 0.927468
0.215332 4.30858 3.9635	0 18.1844 0.925184
0.215576 4.06429 3.97234	0 12.8709 0.927244
0.21582 3.83313 3.97952	0 10.7556 0.934607
0.216064 3.7758 3.98389	0 10.8326 0.945722
0.216309 4.66765 3.98446	0 19.8198 0.957361
0.216553 3.98086 3.98053	0 13.4883 0.966056
0.216797 4.10937 3.97187	0 12.8887 0.969432
0.217041 3.95817 3.95884	0 24.1784 0.966886
0.217285 3.73002 3.94237	0 15.845 0.959425
0.217529 4.16062 3.92392	0 19.6709 0.948896
0.217773 4.36319 3.90531	0 20.2057 0.937114
0.218018 3.81941 3.88853	0 17.0324 0.925431
0.218262 3.34571 3.87546	0 18.6848 0.914936
0.218506 3.66576 3.86758	0 15.2724 0.907024
0.21875 3.54822 3.86581	0 13.3945 0.90372
0.218994 3.53767 3.87034	0 12.3714 0.907251
0.219238 4.12287 3.88063	0 14.7549 0.918866
0.219482 3.74055 3.89549	0 13.9727 0.937492
0.219727 4.00935 3.91328	0 12.8098 0.959101
0.219971 4.01239 3.93212	0 19.9303 0.977398
0.220215 4.16108 3.95012	0 23.8363 0.985786
0.220459 3.80482 3.96563	0 10.3039 0.979792
0.220703 4.05156 3.97739	0 10.8174 0.958869
0.220947 4.51436 3.98463	0 18.2002 0.926657
0.221191 3.65827 3.98717	0 10.0103 0.889544
0.221436 4.3727 3.98542	0 18.3226 0.854212
0.22168 3.2964 3.98037	0 14.677 0.825365
0.221924 4.63049 3.97349	0 20.3865 0.804733
0.222168 4.39838 3.9666	0 13.6522 0.791708
0.222412 3.7725 3.96165	0 14.1986 0.785052
0.222656 3.64576 3.96043	0 13.92 0.784466
0.2229 3.49831 3.96428	0 12.8767 0.790988
0.223145 3.77814 3.97384	0 12.6264 0.805869
0.223389 3.99973 3.98892	0 14.4622 0.828646
0.223633 3.32991 4.00848	0 10.5222 0.855646
0.223877 4.37459 4.0308	0 17.885 0.880098
0.224121 3.83275 4.05376	0 12.6074 0.894165
0.224365 4.81777 4.07521	0 22.3121 0.892158
0.224609 4.4419 4.0933	0 19.5571 0.873446
0.224854 3.81887 4.10677	0 12.0784 0.843547
0.225098 4.96992 4.11497	0 15.3489 0.812661
0.225342 3.72778 4.11793	0 10.8511 0.792074
0.225586 4.06567 4.11609	0 12.7889 0.78989
0.22583 3.36758 4.11019	0 9.79166 0.807916
0.226074 4.80186 4.10101	0 20.6906 0.841072
0.226318 3.75899 4.08932	0 14.6967 0.879583
0.226562 4.65134 4.07579	0 20.5347 0.912932
0.226807 3.78483 4.06106	0 15.5463 0.933769
0.227051 4.1324 4.04584	0 19.2108 0.940055
0.227295 3.80592 4.03096	0 15.413 0.934738
0.227539 4.56489 4.01738	0 15.4502 0.923537
0.227783 4.14844 4.00616	0 17.8573 0.912313
0.228027 3.13214 3.99833	0 13.1241 0.905434
0.228271 3.81828 3.99476	0 17.0749 0.905631
0.228516 4.17244 3.99605	0 15.4638 0.914746
0.22876 4.09979 4.00234	0 15.9593 0.934219
0.229004 3.68034 4.01338	0 13.9519 0.964602
0.229248 4.08476 4.02848	0 11.3103 1.00434
0.229492 3.6105 4.04664	0 11.0136 1.04887
0.229736 4.16465 4.06665	0 24.528 1.09104
0.22998 4.774 4.08721	0 21.225 1.12302
0.230225 3.90132 4.10705	0 18.0868 1.13887
0.230469 4.00241 4.12495	0 17.7453 1.13654
0.230713 4.32666 4.13982	0 19.1869 1.11829
0.230957 4.26967 4.15062	0 16.266 1.08969
0.231201 3.76824 4.15648	0 11.2684 1.05766
0.231445 4.15782 4.15664	0 17.8174 1.02853
0.231689 4.82582 4.1506	0 21.2682 1.00664
0.231934 4.08911 4.13816	0 16.7715 0.993551
0.232178 3.92817 4.11958	0 11.0755 0.988059
0.232422 5.07016 4.09562	0 21.1315 0.986743
0.232666 3.81164 4.06751	0 16.7847 0.985029
0.23291 3.7424 4.03693	0 14.7168 0.978427
0.233154 4.07512 4.00578	0 17.097 0.963636
0.233398 3.96531 3.97599	0 15.9361 0.939238
0.233643 3.89237 3.94925	0 17.2847 0.905924
0.233887 3.65666 3.92683	0 14.1507 0.866369
0.234131 3.67945 3.9094	0 11.7427 0.824841
0.234375 3.6409 3.89706	0 17.1597 0.786554
0.234619 3.9058 3.88936	0 15.093 0.756712
0.234863 3.84515 3.88549	0 12.6121 0.739348
0.235107 4.04165 3.88453	0 15.186 0.73628
0.235352 3.91425 3.88561	0 15.2863 0.746624
0.235596 4.26565 3.88813	0 15.4266 0.767158
0.23584 3.85642 3.89182	0 15.0028 0.793482
0.236084 3.90652 3.89674	0 13.7742 0.821508
0.236328 3.52401 3.90324	0 10.9198 0.848685
0.236572 3.48857 3.91179	0 11.2634 0.874462
0.236816 4.18737 3.9229	0 22.9025 0.8999
0.237061 4.29746 3.93701	0 24.1762 0.926655
0.237305 3.67758 3.95442	0 14.3674 0.95575
0.237549 3.51526 3.97518	0 9.97374 0.986544
0.237793 4.42056 3.99911	0 15.5198 1.01622
0.238037 4.34818 4.02576	0 20.5122 1.04001
0.238281 3.41686 4.05432	0 12.364 1.05224
0.238525 3.97072 4.0837	0 15.2974 1.04812
0.23877 3.98194 4.11249	0 14.8007 1.02585
0.239014 4.03899 4.13913	0 12.9789 0.988243
0.239258 4.93638 4.16197	0 29.4082 0.943055
0.239502 4.20816 4.17946	0 11.9878 0.901526
0.239746 4.21256 4.19033	0 17.31 0.875281
0.23999 4.50006 4.1937	0 17.6981 0.872654
0.240234 3.90958 4.1892	0 11.7024 0.895825
0.240479 4.91623 4.17695	0 23.6462 0.93991
0.240723 4.19346 4.15762	0 20.7873 0.994344
0.240967 3.36298 4.13233	0 9.54861 1.04598
0.241211 4.36899 4.10261	0 17.8934 1.0828
0.241455 4.67518 4.07026	0 26.0986 1.09697
0.241699 4.13303 4.03726	0 23.4519 1.08659
0.241943 3.81213 4.00555	0 13.8076 1.05563
0.242188 4.00788 3.97691	0 15.5517 1.01233
0.242432 3.32241 3.95271	0 12.0249 0.96664
0.242676 3.49797 3.93379	0 20.8397 0.927425
0.24292 4.16417 3.9204	0 15.5717 0.900326
0.243164 3.54579 3.91221	0 9.67603 0.886754
0.243408 4.14482 3.90844	0 16.7983 0.884137
0.243652 4.0723 3.90807	0 13.5667 0.887168
0.243896 3.98343 3.91001	0 16.5329 0.889624
0.244141 3.76028 3.91339	0 12.5434 0.886332
0.244385 3.76405 3.9176	0 9.10102 0.874843
0.244629 4.68794 3.92239	0 20.339 0.856388
0.244873 3.42638 3.92779	0 9.23341 0.8357
0.245117 3.76788 3.93403	0 12.727 0.819577
0.245361 4.08836 3.94138	0 15.315 0.814594
0.245605 3.7785 3.95004	0 12.5451 0.824881
0.24585 3.53007 3.96009	0 8.2719 0.851027
0.246094 4.41158 3.97139	0 14.6131 0.890664
0.246338 4.35596 3.98369	0 20.1496 0.940382
0.246582 3.33655 3.9966	0 16.1296 0.997846
0.246826 4.22447 4.00974	0 18.7533 1.06289
0.24707 4.08517 4.02269	0 13.2193 1.13695
0.247314 4.33652 4.03511	0 18.924 1.22113
0.247559 3.88712 4.04671	0 14.9945 1.31393
0.247803 3.73008 4.05726	0 9.98858 1.40977
0.248047 4.28737 4.06661	0 17.1415 1.49894
0.248291 3.81323 4.07471	0 15.9871 1.56922
0.248535 4.82324 4.08159	0 23.8206 1.60861
0.248779 3.58613 4.08743	0 12.7316 1.6085
0.249023 4.5108 4.09253	0 19.8349 1.56658
0.249268 3.27294 4.09721	0 11.9072 1.48839
0.249512 5.13875 4.10181	0 26.3534 1.38694
0.249756 4.17906 4.10649	0 11.4116 1.27992
0.25 3.256 4.11116	0 11.4698 1.18523
0.250244 4.04934 4.11544	0 13.8152 1.11616
0.250488 3.87332 4.11865	0 18.653 1.07797
0.250732 4.44956 4.11993	0 18.4022 1.06725
0.250977 4.22405 4.11847	0 20.4394 1.07414
0.251221 4.7222 4.11368	0 21.0075 1.08642
0.251465 4.16522 4.10546	0 13.8302 1.0939
0.251709 4.06145 4.09427	0 13.016 1.09136
0.251953 4.1429 4.08117	0 16.783 1.07923
0.252197 4.07241 4.06766	0 17.3727 1.06216
0.252441 3.90289 4.05556	0 14.2217 1.04625
0.252686 3.85818 4.04665	0 18.6747 1.03646
0.25293 3.72073 4.04249	0 14.7145 1.03508
0.253174 3.75166 4.04417	0 13.253 1.04188
0.253418 4.23581 4.05214	0 20.3383 1.05525
0.253662 4.3526 4.06617	0 20.1051 1.07333
0.253906 3.89037 4.08536	0 14.1908 1.09435
0.25415 3.57236 4.10817	0 12.2796 1.11615
0.254395 4.01834 4.13266	0 17.5587 1.13553
0.254639 4.13597 4.15663	0 20.6343 1.14833
0.254883 4.28547 4.17796	0 14.3789 1.15057
0.255127 4.92771 4.19485	0 21.3689 1.14005
0.255371 4.30454 4.20606	0 23.4924 1.11758
0.255615 4.65973 4.21107	0 18.8407 1.08701
0.255859 4.1627 4.2101	0 16.6433 1.05408
0.256104 3.85369 4.20406	0 17.8883 1.02459
0.256348 4.32574 4.19428	0 15.8259 1.00277
0.256592 4.32577 4.18232	0 17.0599 0.990406
0.256836 4.22422 4.16969	0 17.2549 0.986828
0.25708 3.36987 4.15763	0 11.6875 0.98949
0.257324 4.60787 4.147	0 23.2713 0.994837
0.257568 3.99597 4.13829	0 11.978 0.999286
0.257812 4.10178 4.13167	0 12.983 1.00026
0.258057 3.62543 4.12709	0 13.5134 0.997176
0.258301 4.90288 4.12443	0 28.6581 0.992055
0.258545 4.16602 4.12353	0 17.3555 0.98937
0.258789 4.33144 4.1242	0 16.9722 0.994858
0.259033 3.4572 4.12614	0 11.101 1.01358
0.259277 4.28835 4.12888	0 21.4 1.04796
0.259521 3.72167 4.13168	0 16.3065 1.09657
0.259766 3.88243 4.13359	0 21.4977 1.15433
0.26001 4.62631 4.1335	0 16.4627 1.21395
0.260254 3.98499 4.1303	0 18.6036 1.26798
0.260498 4.83974 4.12312	0 24.6257 1.31059
0.260742 4.38987 4.11151	0 16.3378 1.33861
0.260986 3.90762 4.09549	0 23.5643 1.35148
0.26123 4.28987 4.0756	0 22.091 1.35044
0.261475 3.79498 4.05279	0 17.1916 1.3374
0.261719 3.79512 4.02828	0 15.2676 1.31391
0.261963 4.11759 4.00333	0 18.4152 1.28078
0.262207 3.81561 3.97917	0 16.3776 1.23849
0.262451 3.92398 3.95684	0 12.6327 1.18831
0.262695 4.18209 3.93714	0 13.6606 1.13348
0.262939 3.92273 3.9206	0 12.4781 1.07966
0.263184 3.85037 3.90749	0 13.3826 1.03404
0.263428 3.6055 3.8978	0 16.0116 1.00333
0.263672 3.84619 3.89124	0 14.2946 0.991338
0.263916 3.62319 3.88729	0 12.5827 0.997318
0.26416 3.80912 3.88527	0 17.7607 1.01598
0.264404 3.90298 3.88441	0 16.9969 1.03906
0.264648 4.30309 3.88402	0 15.5019 1.05775
0.264893 4.14916 3.88355	0 13.8264 1.06486
0.265137 3.89345 3.8827	0 14.4305 1.05599
0.265381 3.47365 3.88142	0 12.6217 1.02958
0.265625 3.92041 3.87985	0 13.2974 0.986478
0.265869 4.10054 3.87821	0 16.0853 0.92956
0.266113 3.66958 3.87668	0 9.76555 0.863618
0.266357 3.6561 3.87531	0 9.34873 0.795284
0.266602 4.12238 3.87395	0 14.1497 0.732443
0.266846 3.65382 3.87225	0 11.2787 0.68291
0.26709 3.90042 3.86974	0 12.9094 0.652597
0.267334 4.15368 3.86595	0 16.3312 0.643809
0.267578 3.8818 3.86053	0 11.6775 0.654396
0.267822 3.67528 3.85334	0 13.7507 0.678202
0.268066 4.4019 3.84458	0 18.4923 0.706752
0.268311 3.35229 3.83478	0 9.35701 0.731622
0.268555 4.23705 3.82478	0 23.2953 0.746666
0.268799 3.47626 3.8156	0 9.99914 0.749358
0.269043 3.90604 3.80837	0 13.3098 0.740873
0.269287 3.47325 3.80408	0 9.4844 0.725088
0.269531 4.29297 3.80349	0 18.3037 0.707037
0.269775 3.13295 3.80693	0 8.65875 0.691461
0.27002 3.8187 3.81428	0 13.1858 0.681898
0.270264 3.99211 3.82491	0 17.1326 0.680407
0.270508 3.29662 3.83783	0 11.005 0.687727
0.270752 3.93888 3.85185	0 10.7223 0.703568
0.270996 3.7745 3.86582	0 13.5787 0.726828
0.27124 4.33446 3.87883	0 11.7301 0.755696
0.271484 4.71966 3.8904	0 17.2157 0.787731
0.271729 3.52019 3.90053	0 14.0336 0.819987
0.271973 4.10207 3.90958	0 14.3228 0.849213
0.272217 3.48772 3.91814	0 12.5651 0.872118
0.272461 3.8139 3.92677	0 11.053 0.885715
0.272705 3.43458 3.93579	0 11.1714 0.887802
0.272949 3.95716 3.94515	0 18.267 0.877598
0.273193 4.16621 3.95443	0 16.1215 0.856415
0.273438 4.14123 3.96292	0 17.3228 0.828059
0.273682 4.49273 3.96982	0 18.8754 0.798582
0.273926 3.59465 3.9744	0 8.02648 0.775149
0.27417 4.25258 3.97625	0 22.5596 0.764164
0.274414 3.86089 3.97528	0 10.993 0.769228
0.274658 3.86124 3.97184	0 16.5744 0.789772
0.274902 4.26474 3.96655	0 16.9553 0.821069
0.275146 3.90751 3.9603	0 19.4518 0.855791
0.275391 3.93107 3.95399	0 19.9878 0.886573
0.275635 3.95069 3.94847	0 21.3053 0.908536
0.275879 3.85974 3.94435	0 12.1493 0.920693
0.276123 3.45336 3.94193	0 14.6343 0.925653
0.276367 4.49741 3.94118	0 15.4906 0.927843
0.276611 3.55678 3.94176	0 10.1873 0.931212
0.276855 3.76025 3.94312	0 11.8391 0.937544
0.2771 3.91834 3.94465	0 13.9708 0.946187
0.277344 4.50595 3.94583	0 23.4633 0.955138
0.277588 4.02945 3.94635	0 17.4472 0.962711
0.277832 4.04433 3.94622	0 16.0755 0.968789
0.278076 3.69547 3.94574	0 13.1713 0.975036
0.27832 3.87462 3.94544	0 14.3125 0.984172
0.278564 4.10027 3.94591	0 16.7889 0.99892
0.278809 3.98859 3.94772	0 11.4047 1.02122
0.279053 3.33567 3.95122	0 10.9815 1.05187
0.279297 3.85157 3.95651	0 13.2889 1.09033
0.279541 4.47326 3.96341	0 20.8086 1.13444
0.279785 4.02593 3.97156	0 14.5876 1.18008
0.280029 3.41069 3.98051	0 9.54636 1.22129
0.280273 4.15509 3.9899	0 20.0378 1.25139
0.280518 4.46449 3.99954	0 35.2747 1.26474
0.280762 4.27035 4.00945	0 13.8583 1.25875
0.281006 3.60966 4.01988	0 14.1687 1.2348
0.28125 3.75028 4.03112	0 9.9442 1.1979
0.281494 4.31979 4.04336	0 20.6013 1.15505
0.281738 3.93967 4.05651	0 11.0321 1.11313
0.281982 4.2261 4.07004	0 17.5129 1.07719
0.282227 3.39317 4.08292	0 12.2861 1.04944
0.282471 4.14621 4.09369	0 13.1302 1.02893
0.282715 4.40404 4.10069	0 21.2416 1.01215
0.282959 4.29192 4.10234	0 17.7074 0.994097
0.283203 3.9518 4.09753	0 15.2938 0.969931
0.283447 4.87871 4.08593	0 16.0023 0.936651
0.283691 4.52886 4.06817	0 19.7771 0.89429
0.283936 4.12335 4.04586	0 15.062 0.846198
0.28418 3.87523 4.02139	0 12.9827 0.798288
0.284424 4.19062 3.99758	0 15.4316 0.757504
0.284668 3.29154 3.97715	0 10.3723 0.730036
0.284912 2.94807 3.96235	0 6.96204 0.719821
0.285156 4.37152 3.95455	0 16.8074 0.72775
0.2854 3.74279 3.95414	0 15.0559 0.751707
0.285645 3.57968 3.96048	0 16.7623 0.787308
0.285889 4.40447 3.97218	0 18.9999 0.829088
0.286133 4.03356 3.9873	0 15.5332 0.871828
0.286377 4.32942 4.00377	0 20.1626 0.911759
0.286621 3.76968 4.0196	0 15.7225 0.947322
0.286865 3.97632 4.03308	0 15.9742 0.9792
0.287109 4.13582 4.04298	0 17.2551 1.0095
0.287354 4.17461 4.04849	0 13.493 1.04036
0.287598 4.23103 4.04929	0 19.008 1.0726
0.287842 4.24362 4.04547	0 14.3667 1.10509
0.288086 3.89711 4.03744	0 17.5277 1.13503
0.28833 4.29267 4.02589	0 22.1247 1.15891
0.288574 3.94483 4.01168	0 15.7567 1.17349
0.288818 3.90497 3.99571	0 16.6035 1.17648
0.289062 3.88937 3.97883	0 13.8853 1.1667
0.289307 4.11822 3.96177	0 15.4881 1.14428
0.289551 3.56914 3.94507	0 15.1016 1.1108
0.289795 4.19525 3.92909	0 17.5743 1.0694
0.290039 3.68947 3.91401	0 16.3945 1.02453
0.290283 4.02722 3.89988	0 15.1847 0.981183
0.290527 4.08088 3.88669	0 17.9588 0.943788
0.290771 3.88904 3.87446	0 14.0177 0.915366
0.291016 3.65606 3.86326	0 11.0286 0.897157
0.29126 3.5212 3.85329	0 10.2794 0.888788
0.291504 3.91068 3.84488	0 15.5176 0.888697
0.291748 4.18334 3.83847	0 14.0806 0.894494
0.291992 3.98897 3.83453	0 13.7867 0.90323
0.292236 4.00419 3.83344	0 14.7351 0.911698
0.29248 3.14355 3.83541	0 13.3873 0.917027
0.292725 3.59257 3.84031	0 13.4124 0.917578
0.292969 4.00591 3.84764	0 12.0703 0.91389
0.293213 3.25786 3.85652	0 10.838 0.909171
0.293457 4.31401 3.8658	0 19.2698 0.908824
0.293701 4.21085 3.87421	0 10.4114 0.918795
0.293945 4.0497 3.8806	0 13.4122 0.943165
0.294189 3.67681 3.8841	0 13.4042 0.981978
0.294434 4.04787 3.88432	0 17.9448 1.03045
0.294678 4.34035 3.8813	0 23.6614 1.08024
0.294922 3.62183 3.87553	0 21.8516 1.12227
0.295166 3.81154 3.86778	0 10.356 1.14999
0.29541 3.65685 3.8589	0 13.4203 1.16128
0.295654 4.18928 3.84962	0 18.9035 1.15841
0.295898 3.63583 3.84047	0 13.3814 1.146
0.296143 3.53594 3.8317	0 9.48939 1.12851
0.296387 3.60842 3.82333	0 14.9189 1.10831
0.296631 4.10519 3.81528	0 16.3713 1.08546
0.296875 3.84647 3.80751	0 16.882 1.05889
0.297119 4.30058 3.80018	0 17.6832 1.02832
0.297363 3.83893 3.79369	0 13.12 0.995565
0.297607 3.72383 3.78871	0 31.7576 0.964489
0.297852 3.4972 3.78598	0 9.89452 0.939689
0.298096 3.40753 3.78625	0 9.85183 0.924526
0.29834 3.55385 3.78997	0 11.6579 0.919599
0.298584 3.91576 3.79716	0 14.8784 0.922405
0.298828 3.90401 3.80733	0 14.3194 0.928349
0.299072 4.11895 3.81937	0 22.6363 0.932617
0.299316 3.34673 3.83169	0 11.8957 0.932049
0.299561 3.73298 3.8424	0 22.1492 0.926226
0.299805 3.95688 3.8495	0 14.9263 0.917324
0.300049 3.7768 3.85119	0 7.61309 0.908857
0.300293 4.75009 3.8462	0 22.84 0.903862
0.300537 3.68331 3.83399	0 11.7551 0.903324
0.300781 4.48752 3.81487	0 19.1922 0.905498
0.301025 3.5867 3.79006	0 12.9705 0.906422
0.30127 3.91479 3.76155	0 13.5767 0.901426
0.301514 3.66877 3.73178	0 14.626 0.88702
0.301758 3.59096 3.70337	0 18.6969 0.862385
0.302002 3.05515 3.67872	0 10.2006 0.829842
0.302246 3.54441 3.65976	0 10.389 0.794111
0.30249 3.58549 3.64766	0 8.76477 0.760699
0.302734 3.55146 3.64286	0 14.657 0.734078
0.302979 3.60343 3.64507	0 9.03588 0.716325
0.303223 3.61783 3.65342	0 16.1671 0.706643
0.303467 3.50663 3.66674	0 14.2635 0.7018
0.303711 3.63975 3.68373	0 10.8242 0.697306
0.303955 3.75491 3.70321	0 19.7942 0.68898
0.304199 3.80551 3.72424	0 11.9085 0.674513
0.304443 4.02413 3.74612	0 17.4856 0.65455
0.304688 4.12515 3.76838	0 16.8518 0.632891
0.304932 3.29852 3.79063	0 11.0474 0.615579
0.305176 3.39436 3.81243	0 9.83339 0.609067
0.30542 4.18483 3.83314	0 12.5784 0.618016
0.305664 3.35953 3.85192	0 8.86087 0.643536
0.305908 4.24272 3.86774	0 16.4581 0.682556
0.306152 3.88332 3.87955	0 15.6331 0.728626
0.306396 4.05162 3.88649	0 16.7313 0.773932
0.306641 4.49697 3.88811	0 18.1755 0.811765
0.306885 3.73748 3.88449	0 13.785 0.838532
0.307129 4.37709 3.87627	0 17.1533 0.854529
0.307373 3.76988 3.8646	0 14.5406 0.863195
0.307617 3.51163 3.85086	0 8.99986 0.869195
0.307861 3.53638 3.83648	0 9.67104 0.876159
0.308105 3.93403 3.82263	0 16.5927 0.885107
0.30835 3.57146 3.81007	0 12.999 0.894245
0.308594 4.05015 3.79902	0 14.6068 0.900155
0.308838 3.51332 3.78929	0 15.0171 0.899667
0.309082 3.86444 3.78035	0 15.5147 0.891397
0.309326 3.61387 3.77163	0 10.9123 0.876208
0.30957 4.37634 3.7627	0 17.6844 0.856567
0.309814 3.40541 3.7535	0 11.3588 0.835403
0.310059 3.81121 3.74441	0 10.7323 0.815235
0.310303 4.31958 3.7362	0 16.1575 0.797978
0.310547 3.41814 3.7299	0 13.3113 0.785264
0.310791 3.72763 3.72655	0 18.6411 0.77875
0.311035 3.04303 3.72691	0 7.36642 0.780025
0.311279 3.87741 3.73126	0 14.0851 0.790105
0.311523 3.26469 3.73921	0 10.4041 0.808859
0.311768 3.43906 3.74979	0 8.7532 0.834787
0.312012 4.26406 3.76154	0 25.5631 0.865318
0.312256 3.83031 3.77281	0 16.7679 0.897512
0.3125 4.26841 3.78208	0 16.4857 0.928798
0.312744 3.82654 3.7882	0 12.9833 0.957409
0.312988 4.03404 3.79059	0 16.929 0.982346
0.313232 3.37443 3.78929	0 11.341 1.00295
0.313477 4.13959 3.78489	0 14.6357 1.0184
0.313721 3.86022 3.77836	0 16.2193 1.02744
0.313965 3.50341 3.77087	0 10.3345 1.02849
0.314209 3.71102 3.76356	0 15.5796 1.02016
0.314453 3.1374 3.75739	0 10.0076 1.00174
0.314697 4.43324 3.75304	0 16.1047 0.973684
0.314941 3.94353 3.75087	0 20.9486 0.93779
0.315186 3.43745 3.75094	0 13.5087 0.897166
0.31543 3.47312 3.75304	0 11.9755 0.855963
0.315674 3.79596 3.75675	0 12.0226 0.818854
0.315918 3.54619 3.76154	0 15.0443 0.790293
0.316162 3.89916 3.76681	0 18.0366 0.773657
0.316406 4.11931 3.77197	0 10.5365 0.770455
0.31665 4.08146 3.77652	0 15.2968 0.779866
0.316895 3.36118 3.78004	0 9.93402 0.798806
0.317139 3.84111 3.78225	0 12.2992 0.822588
0.317383 3.41942 3.78304	0 11.2781 0.846038
0.317627 4.02596 3.78244	0 14.1291 0.864696
0.317871 3.95341 3.78069	0 10.5429 0.875645
0.318115 4.17978 3.77816	0 18.0097 0.877705
0.318359 3.49065 3.77536	0 12.3695 0.871057
0.318604 3.43 3.77285	0 8.97936 0.856629
0.318848 4.11018 3.77116	0 20.5459 0.83567
0.319092 3.97314 3.77061	0 16.0331 0.809668
0.319336 3.27554 3.77129	0 19.0897 0.78048
0.31958 3.67306 3.77292	0 20.2699 0.750359
0.319824 3.2662 3.77491	0 7.86215 0.721709
0.320068 4.21444 3.77647	0 10.3417 0.696634
0.320312 4.22738 3.77673	0 20.483 0.676545
0.320557 3.5525 3.77498	0 14.7288 0.662078
0.320801 3.91913 3.77083	0 14.4695 0.653301
0.321045 4.1486 3.76427	0 16.6876 0.650008
0.321289 4.02772 3.75573	0 13.2798 0.651817
0.321533 3.18219 3.74593	0 11.8378 0.657984
0.321777 3.67575 3.73575	0 12.0237 0.667109
0.322021 3.59135 3.72602	0 10.9728 0.677056
0.322266 3.80341 3.71736	0 13.7919 0.685311
0.32251 3.37184 3.71006	0 9.81111 0.689712
0.322754 4.03998 3.70411	0 14.7126 0.689187
0.322998 3.45191 3.69918	0 11.0197 0.68407
0.323242 4.09708 3.69471	0 11.1265 0.675833
0.323486 3.70951 3.6901	0 10.5614 0.666402
0.32373 3.34241 3.68472	0 11.16 0.657514
0.323975 3.74929 3.67809	0 15.28 0.650474
0.324219 3.59482 3.66993	0 18.0673 0.646336
0.324463 4.03364 3.6602	0 15.6221 0.646234
0.324707 3.56806 3.64913	0 11.4142 0.651453
0.324951 3.74278 3.63719	0 11.222 0.66306
0.325195 3.88594 3.62498	0 13.5391 0.681251
0.325439 3.43963 3.61314	0 11.4277 0.704787
0.325684 3.38765 3.6022	0 15.0709 0.730903
0.325928 3.2518 3.5925	0 11.1087 0.755826
0.326172 3.54712 3.58408	0 12.1609 0.775749
0.326416 3.61414 3.57675	0 8.57696 0.787889
0.32666 3.80435 3.57014	0 12.6382 0.791222
0.326904 3.52311 3.5639	0 17.3146 0.786601
0.327148 3.42383 3.55778	0 10.6978 0.776228
0.327393 3.92137 3.55184	0 14.8741 0.76272
0.327637 3.76112 3.5464	0 12.9287 0.748202
0.327881 3.74886 3.54204	0 15.0151 0.733869
0.328125 2.89266 3.53944	0 7.50074 0.720205
0.328369 3.08806 3.53921	0 11.0278 0.707699
0.328613 3.73166 3.54175	0 10.6244 0.697552
0.328857 3.64066 3.5471	0 19.593 0.691864
0.329102 3.34361 3.55494	0 7.973 0.693079
0.329346 3.39072 3.56468	0 7.84336 0.702937
0.32959 3.86899 3.57551	0 16.9869 0.721537
0.329834 4.06459 3.58656	0 16.5617 0.747056
0.330078 3.41888 3.59707	0 10.0869 0.776306
0.330322 3.09833 3.6064	0 10.8871 0.805772
0.330566 3.84893 3.6142	0 14.119 0.832567
0.330811 3.85503 3.62034	0 11.7026 0.854849
0.331055 3.62413 3.62496	0 12.2781 0.871679
0.331299 3.44233 3.62842	0 11.7523 0.882669
0.331543 4.28872 3.63125	0 24.7284 0.887807
0.331787 2.83558 3.63408	0 6.90518 0.887563
0.332031 4.03411 3.63758	0 27.8108 0.883054
0.332275 3.66137 3.64227	0 12.5426 0.875891
0.33252 3.48197 3.64849	0 14.1069 0.867663
0.332764 3.3953 3.65629	0 8.92156 0.859283
0.333008 3.76339 3.66539	0 9.67273 0.8507
0.333252 3.40569 3.6752	0 10.518 0.841177
0.333496 3.89372 3.68496	0 13.3602 0.830002
0.33374 3.34807 3.69384	0 8.90741 0.817146
0.333984 4.68053 3.70112	0 25.3344 0.803493
0.334229 3.44738 3.70632	0 10.4732 0.790556
0.334473 3.67919 3.70927	0 13.2243 0.779935
0.334717 3.67323 3.71016	0 10.4644 0.772859
0.334961 3.93991 3.70939	0 14.7904 0.769988
0.335205 3.61534 3.70749	0 11.7555 0.771399
0.335449 3.69755 3.70493	0 18.7556 0.776623
0.335693 3.33059 3.70202	0 10.3021 0.784656
0.335938 3.66163 3.6988	0 12.6923 0.794053
0.336182 3.82011 3.69507	0 10.729 0.803247
0.336426 3.91029 3.69044	0 14.7383 0.811143
0.33667 3.61289 3.68449	0 12.3848 0.817725
0.336914 3.60857 3.67696	0 13.6717 0.824308
0.337158 3.92406 3.66783	0 11.8808 0.833084
0.337402 3.53578 3.65745	0 11.3208 0.84597
0.337646 4.27084 3.64654	0 15.179 0.86321
0.337891 3.49609 3.63603	0 11.6437 0.882443
0.338135 2.99566 3.62696	0 7.95349 0.898852
0.338379 3.67537 3.62018	0 19.1135 0.906514
0.338623 3.89179 3.61622	0 14.6197 0.900438
0.338867 2.93807 3.61513	0 6.62584 0.87842
0.339111 3.68728 3.61645	0 10.7932 0.84192
0.339355 3.29973 3.61932	0 11.6695 0.795672
0.3396 3.83366 3.62266	0 16.3443 0.746258
0.339844 4.2578 3.6254	0 13.6486 0.700271
0.340088 3.82763 3.62669	0 17.9594 0.662681
0.340332 3.24843 3.62607	0 7.75275 0.63591
0.340576 3.63736 3.62348	0 14.0988 0.619837
0.34082 4.10086 3.61923	0 14.1793 0.612687
0.341064 3.42511 3.61383	0 16.1102 0.612402
0.341309 3.46149 3.60785	0 12.6866 0.617847
0.341553 3.19473 3.60176	0 10.4902 0.629244
0.341797 3.18354 3.59584	0 8.85427 0.647621
0.342041 4.07737 3.59023	0 12.0247 0.673682
0.342285 4.28638 3.58495	0 20.2728 0.706859
0.342529 3.23892 3.58	0 10.9111 0.745124
0.342773 3.35335 3.57545	0 10.5225 0.785625
0.343018 3.86878 3.5714	0 15.4616 0.825635
0.343262 3.52968 3.56801	0 10.8582 0.863196
0.343506 3.21914 3.56539	0 10.7752 0.897162
0.34375 3.64619 3.56355	0 14.796 0.926811
0.343994 3.16704 3.56238	0 8.51925 0.95144
0.344238 3.82728 3.56166	0 18.4295 0.970241
0.344482 3.29855 3.56118	0 10.7264 0.982489
0.344727 4.18106 3.56077	0 21.2744 0.987834
0.344971 3.87987 3.56043	0 14.2544 0.986467
0.345215 3.2248 3.56029	0 9.50073 0.979059
0.345459 3.58816 3.56055	0 10.6616 0.966574
0.345703 3.05154 3.5614	0 7.13409 0.950091
0.345947 3.89358 3.5628	0 17.626 0.930771
0.346191 3.21743 3.56449	0 8.00114 0.909929
0.346436 3.74173 3.56588	0 13.9462 0.88906
0.34668 3.2196 3.56625	0 10.5521 0.869646
0.346924 3.60553 3.56483	0 14.381 0.852751
0.347168 4.02648 3.56111	0 10.6679 0.838581
0.347412 4.30429 3.55494	0 15.0864 0.826302
0.347656 3.20463 3.54671	0 10.2608 0.814291
0.3479 3.67933 3.53725	0 10.9817 0.800773
0.348145 3.42912 3.52774	0 10.9598 0.784543
0.348389 2.99217 3.51948	0 8.4674 0.765458
0.348633 3.437 3.51367	0 12.3486 0.744499
0.348877 3.3652 3.51121	0 11.1765 0.723437
0.349121 3.5206 3.51265	0 12.8358 0.704332
0.349365 3.47728 3.51816	0 11.3562 0.689099
0.349609 3.75485 3.52757	0 17.0352 0.679252
0.349854 3.41841 3.54052	0 12.3353 0.675803
0.350098 3.72301 3.55647	0 13.6484 0.679144
0.350342 3.41649 3.5748	0 7.82068 0.688787
0.350586 3.52204 3.59477	0 13.2993 0.703053
0.35083 3.3186 3.61552	0 11.7395 0.718946
0.351074 3.58257 3.63608	0 14.2378 0.732571
0.351318 3.57234 3.65538	0 12.8831 0.740149
0.351562 4.3732 3.67234	0 25.163 0.739354
0.351807 3.57104 3.68593	0 11.9082 0.730349
0.352051 3.82696 3.6953	0 12.7008 0.715951
0.352295 3.55344 3.69982	0 11.4834 0.700779
0.352539 4.02986 3.69917	0 15.8039 0.689742
0.352783 3.85706 3.69329	0 17.0283 0.686519
0.353027 3.55253 3.68244	0 14.1658 0.692627
0.353271 3.52417 3.6671	0 11.0249 0.707264
0.353516 3.60094 3.64805	0 11.365 0.72779
0.35376 3.79606 3.62628	0 11.8445 0.750537
0.354004 4.08851 3.60299	0 12.4109 0.771684
0.354248 3.69411 3.57952	0 15.2763 0.788073
0.354492 3.19855 3.55724	0 10.7636 0.797813
0.354736 3.59809 3.53744	0 11.9851 0.800544
0.35498 2.94277 3.52116	0 9.0826 0.797207
0.355225 3.30845 3.50907	0 9.13122 0.789426
0.355469 3.57879 3.50143	0 12.4617 0.778775
0.355713 3.44611 3.4981	0 11.8466 0.766355
0.355957 3.68974 3.49861	0 14.1924 0.752858
0.356201 3.36955 3.50225	0 8.90138 0.738999
0.356445 3.55551 3.50823	0 11.7047 0.726005
0.356689 3.58134 3.51571	0 9.61869 0.715798
0.356934 3.78846 3.52388	0 12.459 0.710732
0.357178 3.10803 3.53192	0 12.3768 0.712936
0.357422 3.45136 3.539	0 8.99645 0.723393
0.357666 3.48654 3.54433	0 9.09667 0.741038
0.35791 3.85131 3.54719	0 17.8138 0.762202
0.358154 3.39412 3.54704	0 8.55943 0.780872
0.358398 3.52654 3.54359	0 10.5604 0.790019
0.358643 4.05284 3.53695	0 19.4313 0.783826
0.358887 4.43625 3.52755	0 21.6701 0.76006
0.359131 2.82248 3.51609	0 8.21924 0.72151
0.359375 3.2782 3.50341	0 12.0215 0.675649
0.359619 3.15233 3.49031	0 12.6906 0.632467
0.359863 3.38874 3.4774	0 9.67353 0.601293
0.360107 3.34227 3.46507	0 8.78912 0.587927
0.360352 3.48637 3.45357	0 11.9078 0.593238
0.360596 3.75189 3.44308	0 12.6692 0.613604
0.36084 3.77932 3.43386	0 19.1421 0.642729
0.361084 3.6625 3.42637	0 10.0793 0.673812
0.361328 3.49561 3.42118	0 11.1248 0.701191
0.361572 2.66206 3.41892	0 11.3033 0.721051
0.361816 3.03909 3.42005	0 11.3152 0.731432
0.362061 3.48146 3.4247	0 11.0612 0.731931
0.362305 3.4822 3.4325	0 10.8616 0.723451
0.362549 3.11905 3.44261	0 10.6781 0.70801
0.362793 3.65456 3.45379	0 11.5304 0.6885
0.363037 3.71376 3.46461	0 10.0646 0.668274
0.363281 3.48157 3.47375	0 8.93776 0.650568
0.363525 3.48746 3.48016	0 10.3324 0.637915
0.36377 3.94401 3.48328	0 14.7374 0.631763
0.364014 3.93991 3.48311	0 11.8137 0.632469
0.364258 2.6632 3.4801	0 13.1466 0.639694
0.364502 3.39419 3.4751	0 10.068 0.652951
0.364746 3.95056 3.46913	0 13.6563 0.671925
0.36499 3.41742 3.46326	0 10.5315 0.69626
0.365234 3.00933 3.45841	0 9.91716 0.724936
0.365479 3.58295 3.4553	0 13.7953 0.755684
0.365723 3.38566 3.45434	0 10.4105 0.785
0.365967 3.70256 3.4557	0 15.8046 0.808913
0.366211 3.25607 3.45929	0 12.3269 0.824169
0.366455 3.21678 3.46488	0 11.4964 0.829204
0.366699 3.47131 3.47214	0 13.8185 0.824489
0.366943 3.1206 3.48071	0 9.94845 0.812228
0.367188 4.50284 3.49029	0 20.3377 0.795732
0.367432 3.37256 3.5006	0 11.3251 0.778734
0.367676 3.28218 3.51139	0 9.75367 0.764708
0.36792 3.30929 3.52234	0 9.88459 0.756123
0.368164 3.16975 3.53305	0 8.90282 0.753742
0.368408 4.04379 3.54295	0 24.4204 0.756279
0.368652 3.1285 3.55132	0 10.3987 0.760789
0.368896 4.15995 3.55736	0 13.262 0.76377
0.369141 3.5527 3.56026	0 11.7355 0.762572
0.369385 3.37924 3.55935	0 13.6709 0.756391
0.369629 3.30074 3.55426	0 13.5104 0.746399
0.369873 4.16833 3.545	0 17.449 0.734974
0.370117 4.03271 3.53206	0 25.4763 0.724505
0.370361 3.53747 3.51632	0 12.4982 0.716379
0.370605 3.07731 3.49903	0 9.71973 0.710647
0.37085 3.17917 3.48168	0 10.8388 0.706424
0.371094 3.22325 3.46579	0 11.7298 0.702768
0.371338 3.90719 3.45284	0 14.3149 0.699499
0.371582 3.51922 3.44406	0 8.16441 0.697497
0.371826 3.05572 3.44035	0 7.64413 0.698338
0.37207 3.51226 3.44214	0 12.6567 0.703471
0.372314 3.25283 3.44933	0 9.06517 0.713426
0.372559 3.0629 3.46129	0 9.95371 0.727439
0.372803 3.50398 3.47683	0 13.2002 0.743636
0.373047 3.40522 3.49435	0 10.8291 0.759644
0.373291 3.65264 3.51202	0 15.7812 0.773385
0.373535 3.41372 3.52802	0 12.3201 0.783797
0.373779 3.92084 3.54083	0 10.4165 0.791285
0.374023 3.83826 3.54945	0 17.0472 0.797682
0.374268 3.72266 3.55357	0 11.0351 0.805594
0.374512 3.71937 3.55354	0 12.8893 0.817232
0.374756 3.63905 3.55031	0 12.9428 0.833113
0.375 3.61842 3.5451	0 14.3286 0.851294
0.375244 2.88209 3.53913	0 8.16565 0.867601
0.375488 3.70799 3.53328	0 14.6096 0.876957
0.375732 3.12457 3.52791	0 8.30005 0.875267
0.375977 3.45806 3.52278	0 14.5168 0.861028
0.376221 3.50359 3.51716	0 13.7846 0.835917
0.376465 3.53716 3.51006	0 10.4668 0.804108
0.376709 4.12662 3.50057	0 17.9979 0.770692
0.376953 3.73684 3.48811	0 14.9733 0.739942
0.377197 3.59477 3.47265	0 14.3131 0.714148
0.377441 3.29254 3.45473	0 8.71408 0.693426
0.377686 3.54825 3.43538	0 10.5502 0.676431
0.37793 3.31263 3.41586	0 10.4075 0.661539
0.378174 3.39567 3.39734	0 9.98151 0.647914
0.378418 2.69197 3.38071	0 7.91162 0.635954
0.378662 3.19142 3.36635	0 7.47427 0.626971
0.378906 3.69579 3.35412	0 10.1249 0.622277
0.37915 3.17711 3.34346	0 10.3494 0.622182
0.379395 3.36145 3.3336	0 10.0589 0.625418
0.379639 3.86355 3.32376	0 11.585 0.629345
0.379883 3.50232 3.31339	0 12.0539 0.630891
0.380127 3.19878 3.3023	0 9.54928 0.627811
0.380371 2.74899 3.29071	0 7.58324 0.619669
0.380615 3.57107 3.27925	0 13.9167 0.608084
0.380859 3.09663 3.26885	0 9.25079 0.596162
0.381104 3.50619 3.26065	0 11.8703 0.587445
0.381348 3.05765 3.25583	0 8.84824 0.584887
0.381592 3.3647 3.25544	0 12.4521 0.590263
0.381836 3.11492 3.26026	0 7.76681 0.604125
0.38208 2.97663 3.27061	0 11.0321 0.626079
0.382324 3.31184 3.28628	0 10.9601 0.655043
0.382568 2.95599 3.30639	0 6.84329 0.689221
0.382812 3.02009 3.3295	0 9.64158 0.725867
0.383057 3.41618 3.35373	0 8.65019 0.761103
0.383301 3.41467 3.37702	0 12.5443 0.790208
0.383545 4.01116 3.39738	0 14.2172 0.808522
0.383789 3.42714 3.41327	0 18.2566 0.812746
0.384033 3.95575 3.42374	0 13.669 0.802097
0.384277 3.08231 3.42854	0 10.1405 0.778719
0.384521 4.06381 3.4281	0 18.1409 0.747072
0.384766 3.24581 3.42327	0 9.77217 0.712494
0.38501 3.11955 3.41514	0 9.6292 0.679568
0.385254 3.25931 3.40473	0 12.4726 0.650987
0.385498 3.23785 3.39285	0 10.1575 0.627323
0.385742 3.19465 3.38005	0 10.4722 0.607646
0.385986 3.64414 3.36666	0 14.3183 0.59054
0.38623 3.40256 3.35294	0 12.0681 0.574982
0.386475 3.87446 3.33923	0 13.9258 0.560758
0.386719 3.46253 3.32609	0 7.22974 0.548391
0.386963 2.97782 3.31422	0 8.55234 0.538805
0.387207 3.36473 3.30444	0 10.8688 0.532952
0.387451 2.79199 3.29745	0 11.9892 0.531517
0.387695 3.28049 3.29368	0 10.3135 0.534685
0.387939 2.91955 3.29315	0 8.39042 0.541931
0.388184 3.43244 3.29544	0 10.8697 0.551895
0.388428 2.97771 3.29978	0 9.31878 0.562465
0.388672 3.89283 3.30524	0 13.2217 0.571169
0.388916 3.23072 3.31095	0 12.4893 0.575842
0.38916 3.97134 3.31627	0 15.1334 0.575333
0.389404 3.05533 3.32094	0 9.19991 0.569991
0.389648 3.14188 3.32506	0 9.6293 0.561718
0.389893 2.98353 3.329	0 9.14086 0.553526
0.390137 3.44734 3.33332	0 14.5688 0.548752
0.390381 3.54058 3.33855	0 9.11846 0.550221
0.390625 3.26666 3.34505	0 9.09213 0.559694
0.390869 3.14725 3.3529	0 13.9402 0.577809
0.391113 3.5954 3.36184	0 12.263 0.604438
0.391357 3.19841 3.37127	0 7.93777 0.639108
0.391602 3.28535 3.38032	0 10.3733 0.681061
0.391846 3.06391 3.38797	0 10.3981 0.728811
0.39209 3.83447 3.39319	0 16.6717 0.779441
0.392334 3.43734 3.39514	0 10.6056 0.828221
0.392578 3.7165 3.39333	0 11.8037 0.869069
0.392822 3.6645 3.38771	0 14.5106 0.895961
0.393066 3.29345 3.37874	0 12.6066 0.904849
0.393311 3.65175 3.3673	0 14.5482 0.895282
0.393555 2.57321 3.35458	0 7.96381 0.870968
0.393799 3.71857 3.34188	0 12.5344 0.8389
0.394043 3.19475 3.33039	0 9.75499 0.807333
0.394287 3.33108 3.32098	0 7.97261 0.783333
0.394531 3.40316 3.31407	0 12.1962 0.770842
0.394775 3.06941 3.30954	0 7.72323 0.769913
0.39502 2.8393 3.30674	0 11.3595 0.777329
0.395264 3.39284 3.30464	0 13.1031 0.788219
0.395508 3.30683 3.30203	0 14.931 0.797952
0.395752 3.60324 3.29775	0 12.2984 0.803538
0.395996 3.75902 3.29093	0 16.6501 0.804041
0.39624 3.4943 3.28117	0 11.0754 0.800052
0.396484 3.05954 3.26865	0 9.90318 0.792674
0.396729 2.99434 3.25407	0 6.70986 0.782684
0.396973 3.5408 3.23858	0 13.6065 0.770288
0.397217 3.12678 3.2235	0 7.608 0.755516
0.397461 3.42658 3.21015	0 11.3142 0.73888
0.397705 2.52157 3.19963	0 4.78475 0.721864
0.397949 3.27037 3.19266	0 10.3008 0.706905
0.398193 2.99957 3.18956	0 9.03831 0.696818
0.398438 3.13456 3.19031	0 10.1288 0.6939
0.398682 2.96329 3.19469	0 6.88145 0.699057
0.398926 3.40452 3.20241	0 10.004 0.711403
0.39917 3.86422 3.21324	0 17.9934 0.728571
0.399414 3.04088 3.22701	0 8.76803 0.747702
0.399658 3.24191 3.24358	0 10.3914 0.766702
0.399902 2.89342 3.2627	0 8.03296 0.785104
0.400146 2.99208 3.28389	0 8.75841 0.804026
0.400391 2.99336 3.30629	0 8.08735 0.825128
0.400635 3.24019 3.32875	0 8.30808 0.849086
0.400879 3.32735 3.3499	0 8.97733 0.874377
0.401123 4.19619 3.36835	0 14.2959 0.897122
0.401367 3.78912 3.38295	0 14.4311 0.912124
0.401611 3.33275 3.39295	0 16.1076 0.914665
0.401855 3.76316 3.39811	0 14.4294 0.902222
0.4021 2.71041 3.39862	0 9.05913 0.875347
0.402344 3.28342 3.39504	0 11.3476 0.837416
0.402588 3.9933 3.38806	0 14.1852 0.793461
0.402832 3.18603 3.37837	0 10.8085 0.748629
0.403076 3.14845 3.36657	0 8.71692 0.706877
0.40332 3.31215 3.35312	0 12.3973 0.670318
0.403564 3.14479 3.33843	0 11.7997 0.639334
0.403809 4.12615 3.32294	0 12.3269 0.613237
0.404053 3.54155 3.30722	0 12.5387 0.591081
0.404297 2.6805 3.29202	0 6.99197 0.572258
0.404541 3.2895 3.27821	0 8.36189 0.556701
0.404785 3.34881 3.26677	0 9.97524 0.544765
0.405029 3.06286 3.25857	0 8.148 0.53698
0.405273 2.98679 3.25428	0 8.28511 0.533827
0.405518 3.34364 3.25423	0 9.32688 0.535582
0.405762 3.45893 3.25832	0 9.79852 0.542159
0.406006 2.69149 3.26599	0 8.59342 0.552912
0.40625 3.14872 3.27629	0 9.11949 0.566423
0.406494 3.638 3.28794	0 15.1439 0.580421
0.406738 3.35898 3.29949	0 10.0262 0.591999
0.406982 3.19902 3.30951	0 9.18955 0.598169
0.407227 3.70729 3.31676	0 14.1389 0.596683
0.407471 3.03323 3.32033	0 9.0766 0.586857
0.407715 3.34461 3.31986	0 14.814 0.570103
0.407959 3.81568 3.31553	0 10.9344 0.549915
0.408203 3.26137 3.30812	0 11.5386 0.53126
0.408447 3.66164 3.29888	0 13.1316 0.519466
0.408691 3.25366 3.28931	0 10.4043 0.518888
0.408936 3.06648 3.28098	0 8.16748 0.531658
0.40918 2.81512 3.27516	0 8.31064 0.5569
0.409424 3.03974 3.2727	0 5.58421 0.590683
0.409668 2.98503 3.27381	0 10.3662 0.626875
0.409912 3.48623 3.27809	0 15.4969 0.658714
0.410156 3.44912 3.28467	0 14.453 0.680634
0.4104 3.28167 3.29236	0 8.15399 0.689698
0.410645 3.45608 3.29997	0 11.7825 0.686128
0.410889 3.12632 3.30649	0 7.533 0.672787
0.411133 3.51048 3.31127	0 9.08667 0.653945
0.411377 3.76057 3.31408	0 17.8323 0.633837
0.411621 3.28188 3.31504	0 10.5661 0.615525
0.411865 3.08967 3.31451	0 8.75167 0.600335
0.412109 3.04789 3.31292	0 8.63195 0.587914
0.412354 3.45103 3.31061	0 13.1494 0.576822
0.412598 3.01701 3.30779	0 8.63086 0.565401
0.412842 3.25539 3.30444	0 9.45817 0.552636
0.413086 3.68247 3.30042	0 14.9561 0.538667
0.41333 3.47317 3.29551	0 13.8883 0.524789
0.413574 3.4546 3.2895	0 10.0267 0.512987
0.413818 2.95697 3.28228	0 11.9142 0.505262
0.414062 3.42007 3.2738	0 13.9134 0.503016
0.414307 3.02807 3.26415	0 8.52717 0.506669
0.414551 3.44511 3.25348	0 12.3518 0.515567
0.414795 2.9577 3.24198	0 6.76379 0.528163
0.415039 3.35342 3.2299	0 10.3667 0.542434
0.415283 3.53429 3.21752	0 9.78591 0.556388
0.415527 3.5116 3.20514	0 11.1683 0.5685
0.415771 2.77895 3.19309	0 6.7893 0.577876
0.416016 2.72578 3.18175	0 6.87155 0.584142
0.41626 3.648 3.17146	0 12.9714 0.587176
0.416504 2.84701 3.1626	0 6.94376 0.586953
0.416748 3.07991 3.15553	0 6.68218 0.583586
0.416992 3.64699 3.15059	0 13.9671 0.577564
0.417236 2.9901 3.14811	0 8.0326 0.569934
0.41748 2.96841 3.14841	0 8.15425 0.562225
0.417725 2.83553 3.15169	0 7.43018 0.556014
0.417969 3.2587 3.15807	0 7.67614 0.552274
0.418213 3.4675 3.16749	0 10.296 0.550835
0.418457 2.94256 3.17967	0 7.60112 0.550298
0.418701 2.66774 3.19413	0 4.69256 0.548543
0.418945 3.61994 3.21018	0 11.055 0.543644
0.419189 2.99416 3.22698	0 9.4079 0.534744
0.419434 3.42003 3.24364	0 12.8041 0.52246
0.419678 3.46225 3.25928	0 15.0947 0.508634
0.419922 3.06245 3.27309	0 6.21175 0.495615
0.420166 3.81376 3.28436	0 15.5045 0.485448
0.42041 3.20298 3.29251	0 10.449 0.479333
0.420654 3.26871 3.29709	0 7.92679 0.477536
0.420898 2.76944 3.29779	0 6.81436 0.479669
0.421143 3.23098 3.29452	0 12.8271 0.485098
0.421387 3.92026 3.28738	0 15.0296 0.493232
0.421631 3.74321 3.27679	0 14.0715 0.503505
0.421875 3.32581 3.26347	0 8.16478 0.515112
0.422119 3.19239 3.24835	0 12.1569 0.526706
0.422363 3.00847 3.23251	0 7.95669 0.536367
0.422607 2.86505 3.21698	0 7.32569 0.542003
0.422852 3.46612 3.20261	0 16.6773 0.542038
0.423096 2.69559 3.18991	0 7.39058 0.536024
0.42334 3.12268 3.17908	0 7.00608 0.524848
0.423584 3.14681 3.17003	0 9.71193 0.510433
0.423828 3.73373 3.1625	0 10.9721 0.495152
0.424072 3.15166 3.15626	0 11.4443 0.48126
0.424316 3.03286 3.15123	0 9.87418 0.47055
0.424561 2.9922 3.1476	0 9.90423 0.46421
0.424805 3.42252 3.14583	0 7.76839 0.462746
0.425049 2.63293 3.14658	0 8.89668 0.465908
0.425293 3.48231 3.15061	0 11.3389 0.472704
0.425537 3.06642 3.15854	0 8.168 0.481616
0.425781 2.84602 3.17074	0 9.13488 0.491053
0.426025 3.20935 3.18713	0 10.1547 0.499836
0.42627 3.05551 3.2071	0 8.0906 0.507461
0.426514 3.20468 3.22954	0 8.35382 0.513974
0.426758 3.0271 3.25286	0 12.8026 0.519561
0.427002 3.14183 3.27523	0 11.1111 0.524157
0.427246 3.44932 3.29478	0 9.74971 0.527319
0.42749 4.04993 3.30985	0 16.8298 0.528449
0.427734 3.389 3.31921	0 8.42543 0.527222
0.427979 3.57245 3.32222	0 18.7259 0.523988
0.428223 3.24366 3.31888	0 8.92114 0.519952
0.428467 3.25832 3.30972	0 12.819 0.517002
0.428711 3.31878 3.29575	0 10.2129 0.517147
0.428955 3.42343 3.27819	0 8.87606 0.521684
0.429199 3.33277 3.25836	0 9.74702 0.530411
0.429443 2.72082 3.23748	0 6.44647 0.541267
0.429688 3.46536 3.21663	0 14.2123 0.550717
0.429932 3.16409 3.19666	0 10.034 0.554877
0.430176 3.26274 3.17826	0 13.3524 0.55096
0.43042 3.17026 3.16192	0 11.3094 0.538422
0.430664 2.93285 3.14799	0 8.49869 0.519259
0.430908 3.284 3.13669	0 9.5837 0.497292
0.431152 2.94367 3.12809	0 8.46111 0.476748
0.431396 3.09478 3.12214	0 9.36959 0.460779
0.431641 3.05181 3.11868	0 9.21165 0.450562
0.431885 2.96129 3.11746	0 6.91627 0.445378
0.432129 2.7923 3.11819	0 6.6061 0.443549
0.432373 3.75895 3.12056	0 13.1137 0.443754
0.432617 3.2021 3.12428	0 9.49896 0.446013
0.432861 3.22993 3.12904	0 12.1672 0.451818
0.433105 2.74098 3.13448	0 7.43974 0.463291
0.43335 3.27748 3.1401	0 9.95879 0.481805
0.433594 2.72478 3.14528	0 6.54933 0.506827
0.433838 2.83082 3.14928	0 7.52682 0.535655
0.434082 3.46124 3.15137	0 16.003 0.564277
0.434326 3.58082 3.15097	0 8.99309 0.588922
0.43457 3.57432 3.14784	0 13.5183 0.607519
0.434814 3.14903 3.14217	0 12.4146 0.620358
0.435059 3.08123 3.13468	0 10.7544 0.629699
0.435303 3.21758 3.12651	0 9.7079 0.638639
0.435547 2.71534 3.11909	0 6.6795 0.649825
0.435791 3.05684 3.11387	0 11.2551 0.664579
0.436035 2.9456 3.11207	0 6.8359 0.682683
0.436279 3.19287 3.1145	0 8.38525 0.702746
0.436523 2.945 3.12139	0 7.65483 0.722845
0.436768 2.86732 3.13237	0 8.40775 0.74108
0.437012 3.17475 3.14656	0 9.15482 0.755822
0.437256 3.20303 3.16269	0 12.1031 0.765613
0.4375 3.3652 3.17936	0 10.1766 0.768928
0.437744 2.9358 3.19522	0 10.1309 0.764092
0.437988 3.24472 3.20924	0 8.54819 0.749608
0.438232 3.85615 3.22079	0 18.212 0.724855
0.438477 3.22349 3.2297	0 8.51814 0.690798
0.438721 3.42387 3.23623	0 12.9398 0.65026
0.438965 3.2944 3.24088	0 8.11895 0.60745
0.439209 2.69847 3.24424	0 6.89805 0.566906
0.439453 3.01342 3.24681	0 9.64358 0.532341
0.439697 3.34825 3.24886	0 8.44565 0.505951
0.439941 3.23971 3.25039	0 11.6477 0.488386
0.440186 3.34434 3.25123	0 10.6654 0.479158
0.44043 3.46258 3.25107	0 10.6133 0.477045
0.440674 3.49329 3.24968	0 11.4046 0.480238
0.440918 3.22887 3.24694	0 8.51317 0.486332
0.441162 3.13819 3.24293	0 7.74276 0.492538
0.441406 3.30274 3.2379	0 13.5816 0.496334
0.44165 3.03662 3.23216	0 8.62596 0.496363
0.441895 3.31382 3.22603	0 7.13516 0.493036
0.442139 2.95588 3.21974	0 9.48889 0.488362
0.442383 3.31151 3.21339	0 11.1178 0.484949
0.442627 3.38536 3.20699	0 13.762 0.484685
0.442871 3.17264 3.20047	0 8.13105 0.487865
0.443115 3.17069 3.1938	0 8.31938 0.493305
0.443359 3.0553 3.18701	0 9.97822 0.499388
0.443604 3.54402 3.18022	0 10.8975 0.505405
0.443848 3.44961 3.17366	0 10.3555 0.512319
0.444092 2.39074 3.16758	0 4.71895 0.522419
0.444336 3.43462 3.16223	0 12.4762 0.538004
0.44458 2.94023 3.15777	0 7.46264 0.55986
0.444824 3.1273 3.15426	0 11.2776 0.586447
0.445068 3.45712 3.15164	0 11.6507 0.614268
0.445312 3.17256 3.14976	0 9.04127 0.639202
0.445557 2.84315 3.14845	0 7.22322 0.658049
0.445801 3.07183 3.1475	0 13.4221 0.669522
0.446045 3.57683 3.1467	0 9.48586 0.674311
0.446289 3.16481 3.14583	0 8.08512 0.674364
0.446533 2.88076 3.14465	0 6.77182 0.671849
0.446777 3.14372 3.14286	0 7.87928 0.668241
0.447021 3.1043 3.14008	0 10.2373 0.66382
0.447266 3.17089 3.13595	0 10.4602 0.657653
0.44751 2.93033 3.13012	0 5.97076 0.647984
0.447754 3.47153 3.12243	0 11.1234 0.632908
0.447998 3.24821 3.11296	0 11.5036 0.611145
0.448242 3.01318 3.1021	0 9.18507 0.582707
0.448486 3.61064 3.09053	0 13.2214 0.549234
0.44873 2.95083 3.07909	0 11.6635 0.513865
0.448975 2.87514 3.06863	0 10.3705 0.480626
0.449219 2.66394 3.05977	0 8.6951 0.453463
0.449463 2.75369 3.05281	0 8.43142 0.435164
0.449707 2.99642 3.04758	0 6.48288 0.426535
0.449951 3.54219 3.04353	0 15.7286 0.426127
0.450195 2.5409 3.03987	0 5.51083 0.430695
0.450439 3.21696 3.03585	0 9.40758 0.436286
0.450684 3.31293 3.03095	0 13.6376 0.439593
0.450928 3.40009 3.02512	0 10.9715 0.439047
0.451172 3.1775 3.0188	0 7.88368 0.435211
0.451416 2.98986 3.01286	0 6.37251 0.430365
0.45166 2.71879 3.00838	0 6.93701 0.427492
0.451904 2.70352 3.00638	0 6.45076 0.429153
0.452148 2.68392 3.00757	0 6.17642 0.436652
0.452393 2.77478 3.01218	0 5.46426 0.449726
0.452637 3.07038 3.01991	0 9.62872 0.466743
0.452881 2.86769 3.03007	0 7.16081 0.485243
0.453125 3.59327 3.04173	0 8.76114 0.502618
0.453369 3.61612 3.05399	0 10.5483 0.516785
0.453613 2.73731 3.06617	0 8.43218 0.526678
0.453857 2.63652 3.07792	0 11.1354 0.532483
0.454102 3.18326 3.08926	0 10.1435 0.535565
0.454346 3.18508 3.10047	0 8.85858 0.53812
0.45459 3.48843 3.11194	0 12.4558 0.542666
0.454834 2.89433 3.12398	0 7.20467 0.551484
0.455078 3.03421 3.13667	0 10.6204 0.566096
0.455322 3.08342 3.14977	0 11.2346 0.58682
0.455566 2.44658 3.16268	0 4.83964 0.612452
0.455811 3.3271 3.17453	0 11.0655 0.640208
0.456055 3.77018 3.18428	0 10.6744 0.666058
0.456299 3.73341 3.19094	0 13.0196 0.685502
0.456543 3.22114 3.19366	0 11.5448 0.694657
0.456787 2.88208 3.19194	0 6.54239 0.691319
0.457031 3.07369 3.18566	0 7.00567 0.675661
0.457275 2.99206 3.17514	0 11.014 0.650305
0.45752 3.60329 3.1611	0 13.3706 0.619746
0.457764 3.59524 3.14462	0 14.4238 0.589266
0.458008 3.10322 3.12697	0 9.54025 0.563613
0.458252 2.97638 3.10958	0 7.69301 0.545822
0.458496 2.7559 3.09381	0 6.87849 0.536574
0.45874 2.62638 3.08084	0 11.7608 0.534331
0.458984 3.22193 3.07158	0 10.4081 0.53625
0.459229 3.42912 3.06651	0 10.1146 0.539522
0.459473 2.63938 3.06574	0 4.99598 0.542547
0.459717 3.05754 3.06893	0 9.03844 0.545411
0.459961 3.16533 3.07542	0 9.28181 0.549439
0.460205 2.81369 3.08431	0 6.56522 0.556055
0.460449 2.89681 3.09458	0 7.81353 0.565617
0.460693 3.09931 3.10522	0 12.1566 0.576871
0.460938 4.00439 3.11533	0 12.7212 0.587344
0.461182 2.99686 3.1242	0 8.34066 0.594426
0.461426 3.05349 3.1313	0 9.77567 0.596532
0.46167 2.66086 3.13628	0 9.16022 0.593775
0.461914 3.27793 3.1389	0 9.133 0.587914
0.462158 3.27773 3.13899	0 12.5629 0.58174
0.462402 3.59031 3.13638	0 17.2375 0.578149
0.462646 3.16305 3.13092	0 9.86848 0.579155
0.462891 2.50475 3.12255	0 5.12187 0.58504
0.463135 2.95703 3.11135	0 6.14236 0.593951
0.463379 3.55475 3.09771	0 10.4993 0.602274
0.463623 3.38508 3.08238	0 11.4746 0.605878
0.463867 3.58467 3.06648	0 10.9231 0.601866
0.464111 2.85159 3.05147	0 8.45256 0.590038
0.464355 2.91917 3.03895	0 8.33811 0.573311
0.4646 2.22353 3.03043	0 4.49479 0.556832
0.464844 2.93178 3.02711	0 8.2037 0.54617
0.465088 3.25071 3.02961	0 10.8763 0.545399
0.465332 2.52197 3.03787	0 7.19345 0.555805
0.465576 3.30688 3.0512	0 11.3474 0.575608
0.46582 3.11353 3.06833	0 7.97843 0.600619
0.466064 2.6086 3.0877	0 5.25268 0.625483
0.466309 3.25924 3.10773	0 8.7141 0.645112
0.466553 3.46406 3.12706	0 12.7291 0.655939
0.466797 3.43998 3.1447	0 15.9439 0.656737
0.467041 3.39632 3.16013	0 13.2136 0.648821
0.467285 3.40958 3.1732	0 10.7904 0.635513
0.467529 2.84176 3.184	0 6.17786 0.620959
0.467773 2.60343 3.19269	0 6.92554 0.608679
0.468018 3.18073 3.19935	0 10.8056 0.60042
0.468262 2.91873 3.20395	0 9.50857 0.595904
0.468506 3.81929 3.20633	0 15.6811 0.593564
0.46875 3.81531 3.20634	0 18.193 0.59184
0.468994 3.17728 3.2039	0 8.63751 0.590187
0.469238 3.09105 3.19919	0 8.61748 0.589167
0.469482 2.94562 3.19254	0 8.5518 0.589609
0.469727 3.15464 3.18451	0 7.61446 0.591485
0.469971 3.52325 3.17567	0 13.1548 0.593361
0.470215 2.63397 3.16656	0 10.5717 0.592883
0.470459 3.42219 3.15755	0 13.9813 0.588065
0.470703 3.03624 3.14881	0 9.67949 0.578589
0.470947 2.9168 3.14033	0 6.05081 0.566319
0.471191 3.18658 3.13202	0 9.90978 0.554658
0.471436 3.8134 3.12373	0 13.346 0.547046
0.47168 2.7404 3.1154	0 6.4635 0.545346
0.471924 3.23866 3.10709	0 11.5592 0.548916
0.472168 2.93824 3.09901	0 6.30061 0.554791
0.472412 2.69626 3.09151	0 6.51608 0.558879
0.472656 3.53514 3.08505	0 12.5491 0.557627
0.4729 2.95847 3.08015	0 8.25996 0.54943
0.473145 3.07328 3.07739	0 11.3992 0.535246
0.473389 2.98811 3.07729	0 10.6521 0.518235
0.473633 3.29669 3.08026	0 9.4308 0.502644
0.473877 2.94097 3.08655	0 7.47693 0.49243
0.474121 2.79968 3.09619	0 6.66608 0.490139
0.474365 2.78536 3.10891	0 9.44441 0.496386
0.474609 3.1242 3.1242	0 9.43854 0.509979
0.474854 3.36354 3.14128	0 13.0081 0.528483
0.475098 3.36963 3.15922	0 9.54099 0.548913
0.475342 3.00311 3.177	0 7.51988 0.568373
0.475586 3.39892 3.1936	0 9.41908 0.584572
0.47583 3.12288 3.20811	0 11.3939 0.596201
0.476074 3.21804 3.21978	0 10.6928 0.603104
0.476318 3.45522 3.2281	0 15.1298 0.606142
0.476562 2.70261 3.2328	0 7.42062 0.606765
0.476807 3.85295 3.23393	0 10.145 0.606465
0.477051 3.60347 3.23184	0 15.2044 0.606407
0.477295 2.88254 3.2272	0 5.86426 0.607385
0.477539 3.42867 3.22089	0 10.3692 0.61004
0.477783 3.00468 3.21401	0 7.74602 0.615076
0.478027 3.10327 3.20767	0 10.4181 0.623257
0.478271 3.37293 3.20286	0 11.5459 0.635164
0.478516 3.04944 3.20034	0 10.3643 0.650851
0.47876 3.05291 3.20046	0 10.3975 0.6696
0.479004 3.0015 3.20312	0 7.81788 0.689905
0.479248 3.34145 3.20773	0 11.8637 0.709684
0.479492 3.00133 3.21329	0 11.647 0.726634
0.479736 3.31825 3.21854	0 10.7403 0.738584
0.47998 3.21822 3.22212	0 11.8444 0.743752
0.480225 3.06805 3.22277	0 10.4147 0.740852
0.480469 4.04742 3.21955	0 11.4158 0.729149
0.480713 3.22174 3.21195	0 11.089 0.708552
0.480957 3.4562 3.19993	0 10.4288 0.679763
0.481201 2.9866 3.184	0 8.71366 0.64438
0.481445 2.68385 3.16505	0 9.17339 0.604797
0.481689 3.16125 3.14433	0 8.80721 0.563851
0.481934 3.58855 3.12329	0 10.1511 0.524328
0.482178 3.40169 3.10347	0 9.11122 0.488545
0.482422 2.72975 3.08638	0 11.1873 0.458119
0.482666 2.80712 3.07342	0 8.38625 0.433924
0.48291 2.71018 3.06575	0 6.60852 0.416139
0.483154 3.1621 3.06427	0 9.58882 0.404379
0.483398 3.00273 3.06946	0 7.13267 0.397978
0.483643 3.0585 3.08138	0 8.64697 0.396484
0.483887 3.23371 3.09957	0 11.453 0.400231
0.484131 2.47709 3.12309	0 7.13996 0.410618
0.484375 3.15236 3.1505	0 10.1978 0.429749
0.484619 3.28925 3.18002	0 9.23703 0.459385
0.484863 2.91887 3.20964	0 6.78549 0.499618
0.485107 3.55713 3.23735	0 12.157 0.547977
0.485352 3.47744 3.26133	0 11.3028 0.599523
0.485596 3.61131 3.28013	0 13.1376 0.64799
0.48584 3.62974 3.29285	0 10.3513 0.687462
0.486084 3.14219 3.29917	0 8.99094 0.713836
0.486328 3.16938 3.29935	0 10.0446 0.725524
0.486572 3.36937 3.29414	0 10.1437 0.72333
0.486816 3.5313 3.28462	0 16.6485 0.70978
0.487061 3.38627 3.27207	0 13.4214 0.688299
0.487305 3.17522 3.25777	0 14.9446 0.66246
0.487549 3.04153 3.24284	0 5.76014 0.635417
0.487793 3.0734 3.22815	0 8.76659 0.609539
0.488037 3.40228 3.21424	0 15.1287 0.586334
0.488281 2.9117 3.2013	0 8.64902 0.566645
0.488525 3.57042 3.18918	0 9.82449 0.550997
0.48877 2.7715 3.17748	0 5.88695 0.53983
0.489014 3.30298 3.16566	0 10.0096 0.533426
0.489258 3.17092 3.15317	0 8.49318 0.531537
0.489502 3.20201 3.1396	0 11.2974 0.532952
0.489746 3.06719 3.12476	0 8.69613 0.535352
0.48999 3.62369 3.10875	0 21.0564 0.535639
0.490234 3.13871 3.092	0 9.60859 0.530714
0.490479 2.78588 3.07519	0 8.36305 0.518428
0.490723 2.9391 3.05919	0 8.98427 0.49836
0.490967 2.84894 3.04488	0 7.9727 0.472138
0.491211 2.8016 3.03311	0 10.0864 0.443149
0.491455 3.76248 3.02457	0 17.2379 0.415724
0.491699 2.82504 3.01972	0 6.5223 0.394023
0.491943 2.37838 3.0188	0 4.94088 0.380974
0.492188 2.75581 3.02182	0 6.57856 0.377587
0.492432 3.43025 3.02862	0 14.111 0.382808
0.492676 3.09883 3.03888	0 6.68344 0.393867
0.49292 3.2348 3.05212	0 9.52138 0.406919
0.493164 2.97977 3.06774	0 8.39992 0.417794
0.493408 2.7666 3.08497	0 7.62304 0.422771
0.493652 2.61603 3.10293	0 8.4045 0.419346
0.493896 3.62741 3.12058	0 9.89994 0.406877
0.494141 3.37798 3.13686	0 11.5063 0.386887
0.494385 2.83576 3.15081	0 8.41589 0.362774
0.494629 3.22715 3.16168	0 10.0647 0.338916
0.494873 3.30604 3.16908	0 6.42794 0.31948
0.495117 3.7321 3.17305	0 10.9601 0.307447
0.495361 3.41264 3.17409	0 8.2283 0.304292
0.495605 2.90621 3.17298	0 11.0564 0.310387
0.49585 3.04722 3.17064	0 7.78989 0.325739
0.496094 2.73767 3.16781	0 4.90994 0.350531
0.496338 3.29349 3.16477	0 8.66954 0.385067
0.496582 3.22684 3.16107	0 8.06908 0.42917
0.496826 3.05206 3.15536	0 8.55592 0.481449
0.49707 2.74558 3.14522	0 6.10862 0.538951
0.497314 3.64437 3.12724	0 12.7435 0.597428
0.497559 3.25265 3.09712	0 13.248 0.65206
0.497803 3.49981 3.04996	0 13.2544 0.698194
0.498047 2.96531 2.9807	0 8.04839 0.731752
0.498291 3.19107 2.88467	0 7.31991 0.74927
0.498535 3.28842 2.7583	0 16.2713 0.747855
0.498779 3.09625 2.59983	0 18.7301 0.725393
0.499023 3.24909 2.40986	0 10.5428 0.681132
0.499268 3.61409 2.1918	0 12.8748 0.61643
0.499512 3.01803 1.95179	0 9.26986 0.53522
0.499756 2.5993 1.44121	0 12.2688 0.350004
