0 0 1.20708	0 0 0.144045
0.000244141 2.69515 1.4429	0 6.88203 0.186135
0.000488281 2.02906 1.69009	0 4.54113 0.231974
0.000732422 2.65371 1.94475	0 5.22108 0.280943
0.000976562 2.34042 2.20422	0 4.81545 0.333178
0.0012207 2.39477 2.46753	0 5.28641 0.389745
0.00146484 2.37504 2.73545	0 5.61221 0.452737
0.00170898 3.02149 3.0103	0 9.5623 0.525337
0.00195312 3.17034 3.29554	0 8.13644 0.611812
0.00219727 3.43213 3.59528	0 9.76471 0.717269
0.00244141 2.95256 3.91376	0 7.89578 0.847046
0.00268555 4.0581 4.25494	0 19.6954 1.00584
0.00292969 4.3488 4.62222	0 13.7618 1.19699
0.00317383 4.46374 5.01834	0 18.5877 1.42246
0.00341797 4.43575 5.44522	0 15.8746 1.68392
0.00366211 6.90768 5.90398	0 52.9879 1.98447
0.00390625 5.45071 6.39482	0 31.7804 2.33029
0.00415039 6.45791 6.91695	0 44.8664 2.73089
0.00439453 6.17289 7.46847	0 34.5947 3.19728
0.00463867 8.61423 8.04627	0 61.2861 3.73834
0.00488281 6.9868 8.64603	0 36.0552 4.35696
0.00512695 9.17932 9.26222	0 66.3854 5.04821
0.00537109 10.7099 9.88827	0 76.176 5.80151
0.00561523 10.644 10.5167	0 120.91 6.60674
0.00585938 12.0962 11.1392	0 164.524 7.46157
0.00610352 11.2266 11.7469	0 111.362 8.37576
0.00634766 12.6008 12.3303	0 116.299 9.36848
0.0065918 12.2615 12.8797	0 138.27 10.4577
0.00683594 13.8186 13.385	0 163.286 11.645
0.00708008 16.2651 13.8364	0 203.455 12.9014
0.00732422 15.9204 14.2246	0 221.392 14.1614
0.00756836 14.7474 14.5415	0 273.457 15.3298
0.0078125 15.578 14.7807	0 251.393 16.3002
0.00805664 15.8933 14.9384	0 294.538 16.9803
0.00830078 17.221 15.0136	0 285.504 17.3138
0.00854492 16.7716 15.009	0 283.62 17.2911
0.00878906 15.9115 14.9304	0 181.58 16.9466
0.0090332 14.6986 14.7875	0 200.378 16.3456
0.00927734 16.7365 14.5924	0 227.743 15.5696
0.00952148 14.1576 14.3595	0 186.251 14.704
0.00976562 14.8028 14.1042	0 224.584 13.8294
0.0100098 12.7236 13.8418	0 149.019 13.012
0.0102539 11.2007 13.5866	0 131.711 12.2946
0.010498 13.4429 13.3506	0 137.593 11.6891
0.0107422 12.954 13.1432	0 169.735 11.1789
0.0109863 11.5265 12.9708	0 167.714 10.7305
0.0112305 15.048 12.8366	0 258.609 10.3125
0.0114746 10.5441 12.741	0 113.507 9.91194
0.0117188 11.8146 12.6818	0 150.964 9.53938
0.0119629 10.0957 12.655	0 105.7 9.22341
0.012207 12.5256 12.6554	0 168.501 8.99755
0.0124512 14.2543 12.6773	0 271.629 8.8882
0.0126953 14.3075 12.7154	0 111.943 8.908
0.0129395 13.1107 12.7648	0 138.91 9.05484
0.0131836 12.1979 12.822	0 173.474 9.31376
0.0134277 11.393 12.8843	0 109.501 9.65902
0.0136719 13.2047 12.9504	0 160.453 10.0556
0.013916 11.1689 13.0195	0 124.921 10.4613
0.0141602 13.6722 13.0913	0 129.682 10.8291
0.0144043 17.6115 13.1658	0 234.137 11.1125
0.0146484 11.4984 13.2424	0 141.131 11.2703
0.0148926 12.1036 13.3204	0 147.388 11.2747
0.0151367 11.9023 13.3978	0 117.066 11.1185
0.0153809 13.8513 13.472	0 194.56 10.8205
0.015625 13.956 13.5393	0 168.561 10.4247
0.0158691 13.8519 13.5955	0 184.434 9.99245
0.0161133 13.8917 13.6366	0 159.035 9.58781
0.0163574 14.521 13.6591	0 208.861 9.26184
0.0166016 14.5034 13.6613	0 177.049 9.04161
0.0168457 14.8728 13.6436	0 181.616 8.92701
0.0170898 12.9249 13.6087	0 135.758 8.89588
0.017334 13.2672 13.5618	0 172.295 8.91528
0.0175781 15.1543 13.5096	0 248.09 8.95562
0.0178223 12.7859 13.4599	0 171.257 9.00333
0.0180664 14.0365 13.4196	0 192.727 9.06709
0.0183105 10.4606 13.3944	0 89.5671 9.17422
0.0185547 11.803 13.3872	0 124.538 9.3573
0.0187988 14.1933 13.398	0 236.349 9.63665
0.019043 13.7795 13.4238	0 192.889 10.0065
0.0192871 12.1086 13.4593	0 139.64 10.4314
0.0195312 13.517 13.498	0 139.163 10.8545
0.0197754 14.4384 13.5337	0 213.475 11.2148
0.0200195 13.7568 13.5618	0 179.441 11.4663
0.0202637 17.5124 13.5803	0 310.776 11.593
0.0205078 12.4882 13.5904	0 189.615 11.6146
0.020752 12.699 13.5963	0 133.539 11.5805
0.0209961 14.9955 13.6047	0 230.247 11.5536
0.0212402 11.4918 13.6232	0 158.079 11.5912
0.0214844 12.9975 13.6593	0 154.048 11.7294
0.0217285 11.9763 13.7188	0 127.575 11.9778
0.0219727 14.0423 13.8052	0 285.149 12.3251
0.0222168 14.6942 13.9187	0 207.175 12.7484
0.0224609 12.8875 14.0559	0 190.235 13.2205
0.0227051 12.7251 14.2107	0 137.172 13.7117
0.0229492 15.1756 14.3739	0 234.942 14.1871
0.0231934 14.7421 14.535	0 212.266 14.6072
0.0234375 15.1862 14.6827	0 180.475 14.9326
0.0236816 14.2718 14.8069	0 130.791 15.1336
0.0239258 16.1585 14.8994	0 256.589 15.1971
0.0241699 16.0443 14.9557	0 266.047 15.1266
0.0244141 16.8441 14.9756	0 270.574 14.9364
0.0246582 16.8366 14.9637	0 286.443 14.6448
0.0249023 15.6198 14.9287	0 173.095 14.2722
0.0251465 15.4061 14.8825	0 186.49 13.8451
0.0253906 12.211 14.8383	0 118.93 13.4027
0.0256348 14.0796 14.8083	0 205.603 12.9998
0.0258789 12.6109 14.8026	0 123.564 12.7014
0.026123 13.8068 14.827	0 189.493 12.5695
0.0263672 12.8567 14.883	0 150.601 12.646
0.0266113 17.0681 14.9678	0 283.039 12.938
0.0268555 16.0928 15.0754	0 191.595 13.4098
0.0270996 13.8012 15.198	0 252.456 13.9859
0.0273438 14.2621 15.3275	0 210.532 14.5666
0.0275879 17.4768 15.457	0 319.288 15.0536
0.027832 17.0254 15.5822	0 366.62 15.3787
0.0280762 15.7224 15.7013	0 244.285 15.527
0.0283203 14.8337 15.8157	0 192.164 15.5443
0.0285645 16.9368 15.9291	0 261.423 15.5256
0.0288086 14.5491 16.0472	0 157.016 15.5877
0.0290527 16.4421 16.1767	0 285.628 15.8367
0.0292969 17.3808 16.3241	0 212.473 16.3415
0.029541 15.0925 16.495	0 303.604 17.1214
0.0297852 13.8048 16.693	0 162.793 18.1488
0.0300293 18.44 16.9195	0 313.324 19.3607
0.0302734 17.2196 17.1731	0 293.06 20.6707
0.0305176 14.6991 17.45	0 218.023 21.9766
0.0307617 18.2026 17.7439	0 368.386 23.1655
0.0310059 18.6987 18.0471	0 322.601 24.1215
0.03125 17.2246 18.3514	0 304.31 24.7427
0.0314941 21.4819 18.649	0 625.609 24.9647
0.0317383 19.1685 18.9334	0 386.786 24.7825
0.0319824 18.2322 19.2004	0 318.398 24.2594
0.0322266 19.6986 19.4479	0 397.41 23.5172
0.0324707 21.6227 19.6761	0 421.687 22.7109
0.0327148 21.645 19.8869	0 469.184 21.995
0.032959 19.1891 20.083	0 337.833 21.4926
0.0332031 18.5058 20.2678	0 410.386 21.2738
0.0334473 18.9299 20.4442	0 417.307 21.3449
0.0336914 20.6361 20.6151	0 306.937 21.653
0.0339355 21.892 20.7835	0 477.761 22.1042
0.0341797 20.8357 20.9533	0 530.828 22.5979
0.0344238 24.3193 21.1299	0 686.702 23.0657
0.034668 20.0524 21.3202	0 340.512 23.5017
0.0349121 22.4038 21.5324	0 473.542 23.9678
0.0351562 21.7855 21.7752	0 461.891 24.57
0.0354004 19.3721 22.0562	0 319.774 25.4148
0.0356445 19.2901 22.3809	0 438.333 26.5687
0.0358887 19.2759 22.7515	0 343.268 28.0385
0.0361328 24.5585 23.1672	0 431.069 29.7834
0.036377 22.6972 23.6245	0 536.875 31.7483
0.0366211 25.9905 24.119	0 741.477 33.9002
0.0368652 24.733 24.6464	0 468.371 36.2459
0.0371094 27.8453 25.204	0 809.74 38.8224
0.0373535 23.7132 25.7908	0 597.766 41.6639
0.0375977 28.9266 26.407	0 734.828 44.7639
0.0378418 22.5628 27.0524	0 498.431 48.0495
0.0380859 25.8241 27.7255	0 598.88 51.3818
0.0383301 27.387 28.4217	0 1122.44 54.5802
0.0385742 27.0426 29.1336	0 603.055 57.4636
0.0388184 30.4656 29.8514	0 836.396 59.8979
0.0390625 31.7389 30.5652	0 984.493 61.8398
0.0393066 32.6587 31.2673	0 982.725 63.3667
0.0395508 38.2044 31.9536	0 1100.82 64.6821
0.0397949 32.3789 32.6259	0 994.258 66.0911
0.0400391 36.2804 33.2907	0 1055.09 67.9478
0.0402832 26.5446 33.9587	0 835.228 70.5868
0.0405273 35.9016 34.6424	0 1911.01 74.2564
0.0407715 32.8972 35.3534	0 899.72 79.068
0.0410156 32.5174 36.1014	0 1091.04 84.9755
0.0412598 38.5214 36.8927	0 1287.68 91.7948
0.0415039 36.2319 37.7308	0 1233.35 99.26
0.041748 40.1279 38.6175	0 1784.27 107.101
0.0419922 38.8963 39.5547	0 1695.6 115.105
0.0422363 44.5262 40.5456	0 1953.45 123.135
0.0424805 36.5261 41.5953	0 1351.78 131.094
0.0427246 42.4368 42.7107	0 2165.09 138.848
0.0429688 48.6792 43.8996	0 2724.44 146.185
0.0432129 37.4613 45.1693	0 1885.59 152.831
0.043457 40.0335 46.5254	0 1559.71 158.544
0.0437012 43.9793 47.9708	0 1793.72 163.235
0.0439453 57.9189 49.5059	0 3430.51 167.036
0.0441895 52.9994 51.1292	0 2780.76 170.256
0.0444336 49.8095 52.8386	0 1880.48 173.239
0.0446777 47.9131 54.633	0 1955.62 176.222
0.0449219 59.1072 56.5141	0 3870.75 179.32
0.045166 53.1112 58.4875	0 2706.66 182.71
0.0454102 65.1904 60.5644	0 3607.36 186.945
0.0456543 67.2411 62.7613	0 3947.06 193.173
0.0458984 50.8854 65.0999	0 2607.79 203.079
0.0461426 71.8766 67.6054	0 5501.54 218.459
0.0463867 72.4462 70.3038	0 5408.25 240.555
0.0466309 68.6655 73.2181	0 5262.51 269.487
0.046875 64.9095 76.3644	0 3749.27 304.069
0.0471191 76.0136 79.7478	0 6120.89 342.153
0.0473633 78.948 83.3588	0 5074.98 381.378
0.0476074 75.4869 87.1712	0 5930.53 419.99
0.0478516 103.052 91.142	0 8776 457.378
0.0480957 92.2065 95.2126	0 7963.58 494.134
0.0483398 92.5358 99.3117	0 8724.78 531.667
0.048584 102.525 103.359	0 9315.81 571.601
0.0488281 117.104 107.273	0 9762.39 615.194
0.0490723 113.624 110.969	0 16589.6 662.964
0.0493164 128.017 114.375	0 14015.5 714.575
0.0495605 120.066 117.424	0 18077.3 768.917
0.0498047 121.41 120.067	0 13356 824.267
0.0500488 121.279 122.273	0 16195.3 878.42
0.050293 152.324 124.028	0 24249.2 928.791
0.0505371 131.251 125.337	0 20031.1 972.578
0.0507812 119.752 126.224	0 12911.9 1007.07
0.0510254 134.456 126.725	0 23106.9 1030.06
0.0512695 137.875 126.887	0 19627.4 1040.24
0.0515137 129.517 126.756	0 18367.9 1037.28
0.0517578 121.48 126.377	0 16110.3 1021.65
0.052002 113.829 125.782	0 16684 994.281
0.0522461 140.108 124.991	0 19524.9 956.422
0.0524902 125.078 124.001	0 14009.1 909.861
0.0527344 123.719 122.796	0 17760.9 857.288
0.0529785 101.853 121.344	0 10291 802.43
0.0532227 147.704 119.606	0 23480.3 749.585
0.0534668 119.809 117.544	0 15032.5 702.557
0.0537109 125.063 115.127	0 10879.9 663.476
0.0539551 113.069 112.341	0 10636.8 632.133
0.0541992 114.104 109.195	0 13686.9 606.253
0.0544434 134.328 105.717	0 12312.7 582.538
0.0546875 101.1 101.957	0 8696.98 557.922
0.0549316 89.391 97.9809	0 8293.66 530.432
0.0551758 77.7356 93.8624	0 7600.97 499.4
0.0554199 100.94 89.6761	0 8198.71 465.164
0.0556641 78.0559 85.4921	0 6708.21 428.625
0.0559082 91.6054 81.3705	0 6582.43 390.901
0.0561523 70.23 77.3594	0 3703.6 353.14
0.0563965 65.7559 73.4943	0 3622.39 316.428
0.0566406 65.0365 69.7991	0 5577.42 281.707
0.0568848 67.8945 66.2876	0 5438.11 249.696
0.0571289 63.3835 62.9656	0 2447.97 220.838
0.057373 53.516 59.8332	0 2449.51 195.305
0.0576172 51.2274 56.8859	0 2479.92 173.049
0.0578613 57.7786 54.1162	0 3668.81 153.874
0.0581055 49.1528 51.5146	0 2804.97 137.49
0.0583496 44.1947 49.0703	0 1703.36 123.545
0.0585938 45.5221 46.7721	0 1717.24 111.634
0.0588379 45.0923 44.6084	0 1486.23 101.322
0.059082 41.1061 42.5678	0 1803.07 92.1808
0.0593262 37.8425 40.6393	0 1351.67 83.8545
0.0595703 40.1241 38.8128	0 1420.38 76.1104
0.0598145 31.2372 37.0792	0 711.459 68.8579
0.0600586 36.9986 35.431	0 1472.24 62.1204
0.0603027 36.407 33.8626	0 1031.42 55.9811
0.0605469 27.778 32.3705	0 704.334 50.5335
0.060791 34.6389 30.953	0 1749.18 45.8552
0.0610352 25.4758 29.6104	0 651.592 42.0006
0.0612793 28.9715 28.3436	0 648.895 38.9938
0.0615234 23.4775 27.1544	0 556.41 36.8108
0.0617676 24.1013 26.0437	0 459.443 35.3583
0.0620117 26.3267 25.0114	0 794.143 34.4647
0.0622559 23.6279 24.056	0 512.72 33.8974
0.0625 20.0195 23.1738	0 306.179 33.403
0.0627441 24.0159 22.3592	0 688.163 32.7513
0.0629883 19.5069 21.6052	0 371.452 31.7702
0.0632324 17.7238 20.9033	0 364.136 30.3626
0.0634766 23.2214 20.2448	0 661.15 28.5115
0.0637207 17.0737 19.6213	0 269.272 26.2805
0.0639648 18.7043 19.0254	0 353.815 23.8076
0.064209 21.7991 18.4521	0 458.009 21.2861
0.0644531 18.1614 17.8985	0 317.468 18.9301
0.0646973 16.3719 17.3637	0 203.695 16.9263
0.0649414 15.9874 16.8488	0 182.056 15.3894
0.0651855 17.1776 16.3555	0 243.544 14.3371
0.0654297 12.5955 15.8853	0 161.35 13.6948
0.0656738 15.4295 15.439	0 202.983 13.3271
0.065918 12.9507 15.0158	0 268.165 13.0823
0.0661621 16.8875 14.6142	0 262.613 12.8321
0.0664062 13.3904 14.2317	0 235.628 12.4947
0.0666504 15.0358 13.8664	0 220.327 12.0355
0.0668945 13.7748 13.5174	0 190.848 11.455
0.0671387 13.1773 13.1849	0 226.753 10.7734
0.0673828 11.9144 12.8708	0 146.008 10.0219
0.067627 12.8497 12.578	0 190.833 9.24256
0.0678711 11.9813 12.3094	0 152.314 8.48922
0.0681152 9.82108 12.0674	0 90.0513 7.82372
0.0683594 11.2114 11.8532	0 80.1914 7.30267
0.0686035 11.9218 11.6663	0 124.908 6.96054
0.0688477 10.6442 11.505	0 151.832 6.79768
0.0690918 10.8493 11.3664	0 91.202 6.77987
0.0693359 11.4858 11.2474	0 99.9054 6.84996
0.0695801 12.1435 11.145	0 127.194 6.94576
0.0698242 13.1239 11.0566	0 184.136 7.01667
0.0700684 10.1086 10.98	0 116.739 7.03379
0.0703125 9.46521 10.913	0 101.424 6.99183
0.0705566 8.92398 10.8524	0 87.7313 6.90484
0.0708008 9.44645 10.7943	0 144.754 6.79821
0.0710449 12.0343 10.7337	0 123.595 6.69929
0.0712891 11.3646 10.6647	0 119.827 6.6283
0.0715332 12.204 10.5817	0 253.254 6.59168
0.0717773 11.0562 10.4799	0 99.6343 6.57983
0.0720215 11.0603 10.3563	0 122.907 6.57061
0.0722656 10.044 10.2105	0 106.539 6.53773
0.0725098 10.5134 10.0445	0 80.6153 6.461
0.0727539 9.76929 9.86242	0 78.6249 6.33424
0.072998 11.0552 9.67026	0 151.456 6.16723
0.0732422 8.5308 9.47453	0 61.7254 5.98103
0.0734863 8.31486 9.28166	0 61.3989 5.799
0.0737305 8.48817 9.09724	0 76.5432 5.6381
0.0739746 7.91699 8.92565	0 62.7537 5.50466
0.0742188 9.70879 8.76987	0 86.981 5.39647
0.0744629 8.61608 8.63166	0 82.4873 5.30892
0.074707 8.47103 8.51182	0 79.9 5.24075
0.0749512 7.61543 8.41045	0 54.1094 5.19541
0.0751953 8.34769 8.32727	0 49.5209 5.17699
0.0754395 8.15354 8.2617	0 83.94 5.18376
0.0756836 7.86835 8.21294	0 59.1294 5.204
0.0759277 7.05613 8.1799	0 33.4664 5.21738
0.0761719 8.58823 8.16109	0 61.9196 5.20202
0.076416 8.60826 8.15455	0 70.5257 5.14345
0.0766602 8.16191 8.1578	0 80.4982 5.04082
0.0769043 7.15337 8.16789	0 40.1549 4.90705
0.0771484 7.81912 8.1815	0 68.6817 4.76297
0.0773926 8.69048 8.1952	0 76.3004 4.62886
0.0776367 8.46211 8.20569	0 65.4594 4.51751
0.0778809 8.69086 8.21014	0 63.0481 4.43173
0.078125 8.24688 8.20649	0 61.9873 4.36621
0.0783691 9.06356 8.19363	0 69.4805 4.31173
0.0786133 7.90761 8.17159	0 58.1911 4.25902
0.0788574 7.71497 8.1415	0 39.5205 4.2012
0.0791016 8.42948 8.10546	0 56.6718 4.13484
0.0793457 8.65728 8.06625	0 73.2361 4.06053
0.0795898 8.03114 8.02701	0 61.3417 3.98367
0.079834 7.37413 7.99072	0 56.1177 3.91462
0.0800781 7.73296 7.95985	0 55.2369 3.86746
0.0803223 8.08011 7.93594	0 63.2193 3.8562
0.0805664 7.04384 7.91939	0 61.2265 3.88901
0.0808105 8.16026 7.90945	0 54.1674 3.96233
0.0810547 6.76897 7.90441	0 36.8518 4.05785
0.0812988 7.57852 7.90199	0 47.5508 4.14477
0.081543 10.0061 7.89981	0 87.1129 4.18787
0.0817871 8.22541 7.8959	0 64.899 4.15871
0.0820312 7.26792 7.8891	0 56.8817 4.04515
0.0822754 8.54052 7.87924	0 93.3182 3.85521
0.0825195 7.85658 7.86708	0 60.156 3.61381
0.0827637 6.32716 7.85408	0 31.6426 3.3546
0.0830078 8.87928 7.84204	0 74.8413 3.11114
0.083252 8.43228 7.83264	0 66.0339 2.91059
0.0834961 6.44339 7.82708	0 33.38 2.77112
0.0837402 7.96531 7.8259	0 60.0397 2.70178
0.0839844 7.2838 7.82887	0 38.3016 2.70354
0.0842285 8.09473 7.83513	0 63.9829 2.77022
0.0844727 8.09879 7.84338	0 75.9285 2.88973
0.0847168 8.00508 7.85216	0 72.7269 3.04575
0.0849609 8.33608 7.86017	0 40.9921 3.21975
0.0852051 7.52332 7.86649	0 71.7992 3.39325
0.0854492 7.71242 7.87072	0 60.6748 3.54976
0.0856934 7.98939 7.8731	0 62.0635 3.67657
0.0859375 7.98493 7.87449	0 51.4701 3.76648
0.0861816 8.06632 7.87627	0 71.0246 3.81919
0.0864258 7.54598 7.88015	0 55.0999 3.84144
0.0866699 8.46204 7.88796	0 85.4526 3.84511
0.0869141 7.56662 7.9014	0 38.451 3.84316
0.0871582 7.60891 7.92169	0 52.5385 3.84506
0.0874023 7.14503 7.94939	0 42.8194 3.85417
0.0876465 8.23611 7.98429	0 67.8069 3.86875
0.0878906 7.49341 8.02536	0 69.8073 3.88656
0.0881348 7.49471 8.07096	0 65.0279 3.90995
0.0883789 9.49279 8.1191	0 101.608 3.94788
0.088623 8.52869 8.16786	0 67.971 4.01274
0.0888672 7.8276 8.21572	0 69.9686 4.11298
0.0891113 7.47537 8.26192	0 62.5815 4.24573
0.0893555 9.29434 8.30659	0 96.188 4.39387
0.0895996 8.57245 8.35074	0 50.2133 4.53014
0.0898438 8.58899 8.3961	0 93.3256 4.62702
0.0900879 8.0818 8.44469	0 56.9041 4.66804
0.090332 7.81854 8.4984	0 67.9914 4.65529
0.0905762 9.28471 8.55852	0 83.3454 4.60944
0.0908203 6.96077 8.62531	0 44.616 4.56168
0.0910645 9.1997 8.69785	0 63.8649 4.54089
0.0913086 9.00466 8.77406	0 67.8146 4.56129
0.0915527 7.44636 8.85102	0 58.9757 4.61645
0.0917969 9.63865 8.92546	0 92.2941 4.68233
0.092041 9.46008 8.99439	0 63.4651 4.72837
0.0922852 10.3338 9.05554	0 113.327 4.73124
0.0925293 9.54728 9.10783	0 92.9611 4.68467
0.0927734 9.83404 9.15136	0 67.4157 4.6012
0.0930176 8.4581 9.18729	0 74.1157 4.50591
0.0932617 8.07873 9.21754	0 44.8088 4.42625
0.0935059 8.89675 9.24434	0 89.2563 4.38325
0.09375 9.53564 9.26992	0 91.9321 4.38748
0.0939941 9.77088 9.29631	0 102.82 4.43984
0.0942383 10.7168 9.32526	0 101.83 4.53515
0.0944824 7.73167 9.35828	0 57.9622 4.66604
0.0947266 8.79891 9.39665	0 89.3753 4.82579
0.0949707 10.4979 9.44144	0 108.679 5.00957
0.0952148 10.0126 9.49327	0 88.7872 5.21408
0.095459 7.71648 9.55219	0 63.906 5.43551
0.0957031 10.2449 9.61734	0 114.644 5.66649
0.0959473 9.77235 9.68687	0 84.5152 5.89392
0.0961914 8.39784 9.75792	0 75.2656 6.10029
0.0964355 9.65933 9.82692	0 108.081 6.26956
0.0966797 10.4958 9.8901	0 106.15 6.39599
0.0969238 10.558 9.94408	0 118.541 6.49043
0.097168 12.041 9.98654	0 135.878 6.579
0.0974121 10.0437 10.0167	0 100.076 6.69239
0.0976562 8.24001 10.0356	0 66.5508 6.85025
0.0979004 12.4845 10.0459	0 151.708 7.04906
0.0981445 8.94166 10.0519	0 92.6558 7.261
0.0983887 10.1691 10.0585	0 130.501 7.44556
0.0986328 8.84033 10.0706	0 70.645 7.56852
0.098877 9.68689 10.0927	0 116.07 7.61876
0.0991211 10.8225 10.1278	0 149.649 7.61459
0.0993652 10.8532 10.1773	0 91.5867 7.59679
0.0996094 8.84741 10.2403	0 90.3029 7.61193
0.0998535 9.23675 10.3141	0 97.7557 7.69453
0.100098 9.61527 10.3942	0 74.9678 7.85639
0.100342 10.0228 10.4749	0 111.11 8.08757
0.100586 11.6506 10.5504	0 91.5948 8.36668
0.10083 13.548 10.6154	0 176.645 8.67327
0.101074 11.1075 10.6659	0 108.707 8.99442
0.101318 9.06428 10.6999	0 74.8836 9.32268
0.101562 10.731 10.7174	0 133.2 9.64843
0.101807 13.5663 10.7201	0 210.957 9.95387
0.102051 9.31805 10.711	0 143.751 10.2134
0.102295 9.45705 10.6939	0 70.4222 10.4001
0.102539 11.459 10.6722	0 116.686 10.4939
0.102783 9.68643 10.6491	0 72.0265 10.4868
0.103027 10.8658 10.6268	0 147.211 10.3823
0.103271 11.5726 10.6064	0 128.051 10.1923
0.103516 10.0214 10.5881	0 95.3882 9.93264
0.10376 10.6718 10.5717	0 118.276 9.62111
0.104004 10.6069 10.556	0 101.801 9.27555
0.104248 8.99795 10.5398	0 124.743 8.91386
0.104492 12.0093 10.5217	0 133.364 8.55403
0.104736 10.3702 10.5005	0 100.449 8.21397
0.10498 11.5008 10.475	0 153.055 7.91071
0.105225 9.53483 10.4442	0 82.5071 7.65854
0.105469 10.243 10.4075	0 83.4506 7.46642
0.105713 10.9037 10.3645	0 144.183 7.33554
0.105957 10.703 10.3149	0 96.8749 7.25818
0.106201 9.89392 10.2587	0 79.1246 7.21876
0.106445 10.2217 10.1963	0 136.53 7.19688
0.106689 9.6814 10.1282	0 99.6097 7.17168
0.106934 11.7232 10.0552	0 166.659 7.12637
0.107178 8.83535 9.9783	0 71.7464 7.05176
0.107422 10.5978 9.89884	0 104.957 6.94776
0.107666 9.68218 9.81801	0 96.6659 6.82211
0.10791 9.68769 9.73688	0 96.2517 6.68622
0.108154 9.12641 9.65613	0 58.8827 6.54928
0.108398 9.51326 9.5759	0 83.2524 6.41321
0.108643 8.98608 9.49571	0 64.1781 6.27105
0.108887 10.498 9.4145	0 112.747 6.1106
0.109131 8.64905 9.33078	0 69.3508 5.92146
0.109375 9.6766 9.2429	0 85.6046 5.70192
0.109619 8.99288 9.14928	0 84.0931 5.46155
0.109863 9.83702 9.04871	0 94.4409 5.21775
0.110107 8.69669 8.94055	0 71.9137 4.98817
0.110352 9.20803 8.82482	0 80.8515 4.78285
0.110596 8.79018 8.70217	0 97.7794 4.60008
0.11084 8.85607 8.57384	0 50.7994 4.42776
0.111084 7.66868 8.44149	0 59.4129 4.24954
0.111328 8.91449 8.30711	0 79.8113 4.05279
0.111572 8.14415 8.17283	0 71.8659 3.83525
0.111816 7.18297 8.04094	0 31.737 3.60785
0.112061 8.20706 7.91376	0 51.7789 3.39296
0.112305 8.31653 7.79364	0 57.5603 3.21878
0.112549 7.70779 7.68283	0 64.5142 3.11155
0.112793 6.77898 7.58337	0 39.3378 3.08747
0.113037 7.99352 7.4969	0 62.6985 3.14628
0.113281 6.16707 7.42448	0 36.5671 3.2684
0.113525 6.17747 7.36647	0 34.1286 3.41733
0.11377 8.8018 7.32244	0 72.0803 3.54768
0.114014 6.54671 7.29125	0 50.4343 3.61743
0.114258 7.09652 7.27118	0 100.927 3.60056
0.114502 7.62809 7.26022	0 57.845 3.49544
0.114746 6.387 7.25623	0 43.2125 3.32529
0.11499 7.64759 7.25715	0 52.1338 3.13046
0.115234 7.73048 7.26113	0 60.2455 2.95539
0.115479 8.0723 7.26642	0 62.6802 2.83528
0.115723 6.29541 7.27138	0 41.6273 2.78692
0.115967 6.55863 7.27433	0 36.2919 2.80591
0.116211 7.85939 7.27354	0 54.7684 2.87021
0.116455 6.46767 7.2673	0 31.4191 2.94791
0.116699 7.81136 7.25407	0 54.0325 3.00672
0.116943 8.36339 7.23279	0 79.36 3.02268
0.117188 7.95061 7.20305	0 64.9023 2.98579
0.117432 6.5268 7.16529	0 36.9163 2.90129
0.117676 7.58047 7.12084	0 56.8762 2.78617
0.11792 6.52722 7.0717	0 37.403 2.66237
0.118164 7.05691 7.02026	0 45.5132 2.54945
0.118408 6.76718 6.96891	0 46.0859 2.45965
0.118652 7.11583 6.91963	0 36.0879 2.39684
0.118896 6.80309 6.87368	0 38.7829 2.35891
0.119141 6.79392 6.83142	0 26.0486 2.34097
0.119385 5.92445 6.79237	0 34.0838 2.33754
0.119629 6.25498 6.75538	0 36.0082 2.34254
0.119873 7.55775 6.71899	0 58.6888 2.34862
0.120117 6.35049 6.68178	0 42.3671 2.34732
0.120361 8.14208 6.64272	0 62.9968 2.33111
0.120605 6.77743 6.60134	0 48.6794 2.29641
0.12085 6.24668 6.55777	0 34.8997 2.24586
0.121094 6.26091 6.51249	0 29.3695 2.18802
0.121338 5.79006 6.46613	0 29.3539 2.13437
0.121582 6.28594 6.41918	0 38.8692 2.09501
0.121826 6.31197 6.37176	0 36.8548 2.07479
0.12207 6.54069 6.32367	0 36.5509 2.07177
0.122314 6.86337 6.27449	0 46.291 2.07804
0.122559 5.84563 6.22393	0 27.81 2.08272
0.122803 5.92567 6.17211	0 27.9528 2.07601
0.123047 6.991 6.11984	0 47.5151 2.05285
0.123291 6.71673 6.06877	0 66.2248 2.0153
0.123535 5.53733 6.02126	0 24.7294 1.97247
0.123779 5.36397 5.98015	0 43.9123 1.9379
0.124023 5.59646 5.94842	0 37.3556 1.92484
0.124268 5.7423 5.92867	0 28.2871 1.94125
0.124512 5.01106 5.92278	0 25.3228 1.98652
0.124756 6.45525 5.93151	0 34.7604 2.0512
0.125 6.06858 5.95433	0 45.0734 2.12007
0.125244 5.44501 5.98931	0 23.0841 2.17701
0.125488 5.57928 6.0333	0 38.1671 2.20973
0.125732 5.6163 6.08211	0 29.3365 2.21245
0.125977 5.82814 6.131	0 27.3569 2.18591
0.126221 6.64988 6.17514	0 51.59 2.1353
0.126465 7.6556 6.21017	0 44.6962 2.06779
0.126709 6.71617 6.23272	0 50.1087 1.99082
0.126953 6.12032 6.2408	0 32.1378 1.91179
0.127197 6.59366 6.23394	0 46.2505 1.83856
0.127441 6.12968 6.21324	0 34.8867 1.77965
0.127686 6.29065 6.18108	0 36.1472 1.74343
0.12793 6.58196 6.14082	0 38.4361 1.73627
0.128174 6.0849 6.09627	0 37.2536 1.76044
0.128418 5.58007 6.05125	0 42.8845 1.81295
0.128662 6.23623 6.00912	0 35.0283 1.8859
0.128906 5.3578 5.97247	0 27.5821 1.9683
0.12915 5.30527 5.94285	0 20.5127 2.04853
0.129395 6.12873 5.9207	0 38.8687 2.11665
0.129639 5.77403 5.90544	0 45.0333 2.16587
0.129883 6.49461 5.89559	0 45.7104 2.19334
0.130127 5.28765 5.88907	0 22.8189 2.19991
0.130371 5.55593 5.88354	0 31.4104 2.18932
0.130615 5.87373 5.87677	0 33.1938 2.16652
0.130859 6.84209 5.86698	0 31.5608 2.13578
0.131104 6.07154 5.85313	0 37.0285 2.09904
0.131348 5.74618 5.83511	0 42.9519 2.05538
0.131592 5.9108 5.81382	0 30.4307 2.00207
0.131836 5.49384 5.79103	0 26.9612 1.93707
0.13208 6.00318 5.76914	0 27.8091 1.86193
0.132324 6.06186 5.75081	0 36.0056 1.78334
0.132568 5.82068 5.73854	0 38.177 1.71222
0.132812 4.84932 5.73426	0 18.511 1.65991
0.133057 4.54355 5.73905	0 18.0764 1.63349
0.133301 5.73093 5.75296	0 35.1079 1.6327
0.133545 6.10336 5.77504	0 42.1946 1.65064
0.133789 5.74133 5.80358	0 33.698 1.67811
0.134033 6.38049 5.8363	0 52.0672 1.70903
0.134277 6.24265 5.87068	0 37.4118 1.74363
0.134521 5.28516 5.9042	0 23.6783 1.78717
0.134766 5.87738 5.9345	0 33.0138 1.84509
0.13501 6.64661 5.95946	0 32.751 1.91719
0.135254 5.56497 5.97737	0 25.9683 1.99469
0.135498 5.65067 5.98691	0 22.8323 2.0618
0.135742 6.54924 5.98736	0 53.036 2.10131
0.135986 5.73789 5.97861	0 27.796 2.10152
0.13623 7.57877 5.9613	0 46.8766 2.06113
0.136475 6.27043 5.93676	0 30.5995 1.9899
0.136719 5.83525 5.90684	0 34.8887 1.90493
0.136963 4.88274 5.8737	0 17.3933 1.82444
0.137207 5.02166 5.83951	0 23.6669 1.7619
0.137451 6.28894 5.80616	0 43.3354 1.72285
0.137695 5.34745 5.77513	0 29.7303 1.70518
0.137939 6.56802 5.74739	0 32.352 1.70184
0.138184 5.68169 5.72352	0 31.9321 1.70428
0.138428 5.1194 5.70376	0 23.5012 1.70521
0.138672 6.61519 5.68818	0 36.498 1.70018
0.138916 5.00461 5.67678	0 20.8452 1.68809
0.13916 5.20029 5.66951	0 30.3102 1.67101
0.139404 5.57175 5.66631	0 39.6682 1.65343
0.139648 5.63377 5.66705	0 26.163 1.64107
0.139893 6.1242 5.67154	0 32.3618 1.63962
0.140137 5.66829 5.67938	0 25.8279 1.6539
0.140381 5.84279 5.69	0 28.9287 1.68742
0.140625 4.99646 5.70253	0 32.8177 1.74222
0.140869 6.27548 5.71575	0 44.0714 1.81829
0.141113 5.12579 5.72809	0 25.7895 1.91236
0.141357 5.72907 5.7377	0 42.2001 2.01652
0.141602 5.80174 5.74266	0 24.676 2.11755
0.141846 5.97915 5.74121	0 52.0688 2.19824
0.14209 6.08847 5.73212	0 47.084 2.24098
0.142334 5.97972 5.71499	0 28.1535 2.23299
0.142578 6.09241 5.69041	0 35.5774 2.17124
0.142822 6.76725 5.65999	0 63.1511 2.06496
0.143066 4.95298 5.62616	0 27.7613 1.93435
0.143311 5.04286 5.59176	0 24.478 1.80537
0.143555 5.28755 5.55957	0 30.3146 1.70252
0.143799 5.3186 5.53186	0 35.0754 1.64195
0.144043 5.00329 5.51004	0 17.7257 1.62765
0.144287 5.46723 5.49447	0 25.1466 1.65157
0.144531 5.54725 5.48453	0 30.271 1.69763
0.144775 5.97863 5.47884	0 38.4217 1.74745
0.14502 5.22272 5.47563	0 21.6821 1.78576
0.145264 5.27702 5.47309	0 20.5499 1.80341
0.145508 5.20836 5.46972	0 22.0532 1.79759
0.145752 6.57546 5.46455	0 43.6811 1.76975
0.145996 5.36994 5.45724	0 22.2451 1.72303
0.14624 5.63505 5.448	0 23.3251 1.66085
0.146484 4.85015 5.43748	0 19.6966 1.58719
0.146729 5.4529 5.4265	0 22.827 1.50828
0.146973 5.1792 5.41589	0 26.0552 1.43397
0.147217 5.94602 5.40626	0 30.6031 1.37729
0.147461 5.04084 5.39799	0 19.0851 1.35135
0.147705 4.67802 5.39113	0 19.2427 1.36478
0.147949 5.99102 5.3856	0 34.7233 1.41753
0.148193 5.46833 5.38119	0 21.9709 1.4994
0.148438 5.80894 5.37777	0 24.2904 1.59224
0.148682 4.97066 5.37528	0 22.7515 1.67519
0.148926 5.39859 5.37374	0 43.2658 1.73095
0.14917 5.31931 5.37317	0 30.4093 1.75079
0.149414 5.315 5.37344	0 23.3822 1.73646
0.149658 5.48544 5.37421	0 25.3968 1.69858
0.149902 5.09472 5.37485	0 24.4255 1.65217
0.150146 4.79038 5.37451	0 27.3422 1.61121
0.150391 5.76374 5.37229	0 33.1688 1.5842
0.150635 5.45624 5.3674	0 25.5458 1.57214
0.150879 6.75671 5.35945	0 42.9355 1.56938
0.151123 4.51366 5.34857	0 15.1679 1.5667
0.151367 5.62068 5.33544	0 22.5706 1.55524
0.151611 5.4203 5.32126	0 36.4577 1.53007
0.151855 4.82688 5.3075	0 24.1811 1.49194
0.1521 5.40333 5.29563	0 22.2309 1.44709
0.152344 5.05471 5.28689	0 22.0712 1.40521
0.152588 4.22037 5.28202	0 20.3803 1.37635
0.152832 7.03782 5.28115	0 41.763 1.36796
0.153076 4.01353 5.28375	0 14.7369 1.38269
0.15332 5.39263 5.2887	0 24.7784 1.4174
0.153564 5.87935 5.29445	0 26.8467 1.4638
0.153809 4.68517 5.29925	0 16.701 1.51036
0.154053 5.16422 5.30134	0 33.5606 1.54538
0.154297 5.98249 5.29927	0 29.2667 1.56021
0.154541 5.36749 5.2921	0 33.8608 1.55166
0.154785 5.61966 5.27959	0 24.0038 1.52271
0.155029 4.98452 5.26232	0 22.5883 1.4813
0.155273 6.01654 5.24163	0 38.611 1.43778
0.155518 4.80204 5.21953	0 20.9908 1.402
0.155762 5.1357 5.19842	0 21.8839 1.38083
0.156006 5.10919 5.18074	0 26.0147 1.37669
0.15625 4.89496 5.16858	0 29.2661 1.38726
0.156494 5.11785 5.16341	0 21.7866 1.40655
0.156738 4.66858 5.16575	0 16.0836 1.42696
0.156982 4.37506 5.17515	0 17.4721 1.44187
0.157227 6.04383 5.19021	0 35.1576 1.448
0.157471 4.57989 5.20885	0 13.1027 1.44667
0.157715 5.72021 5.22862	0 30.0325 1.44342
0.157959 5.18347 5.24709	0 24.7398 1.44613
0.158203 5.84393 5.26216	0 27.804 1.46205
0.158447 5.0885 5.27234	0 22.4041 1.49493
0.158691 5.90388 5.27682	0 29.3318 1.54329
0.158936 5.0956 5.27543	0 31.9672 1.60073
0.15918 5.05324 5.26849	0 20.4987 1.65786
0.159424 5.56965 5.25664	0 31.429 1.70532
0.159668 4.94989 5.24058	0 20.6998 1.73631
0.159912 5.26664 5.22102	0 32.8394 1.74783
0.160156 4.88526 5.19862	0 26.5575 1.74052
0.1604 5.52016 5.17407	0 30.2861 1.71742
0.160645 5.57714 5.14821	0 34.9682 1.68274
0.160889 4.81388 5.12219	0 24.5716 1.64109
0.161133 5.35148 5.09744	0 24.0002 1.59717
0.161377 5.21931 5.07564	0 33.4492 1.55566
0.161621 4.88698 5.05853	0 23.4125 1.52079
0.161865 5.28887 5.04755	0 26.4379 1.4956
0.162109 3.68692 5.04362	0 13.5932 1.48115
0.162354 4.73758 5.04684	0 26.1241 1.47633
0.162598 5.16527 5.05638	0 20.8229 1.47846
0.162842 5.27575 5.07061	0 33.3166 1.48455
0.163086 4.74696 5.0873	0 17.9013 1.49256
0.16333 5.70453 5.10401	0 19.8916 1.50218
0.163574 5.15089 5.11845	0 37.4461 1.51454
0.163818 5.62845 5.12886	0 34.2333 1.53113
0.164062 5.23235 5.13417	0 25.2429 1.55246
0.164307 4.84228 5.13408	0 26.0209 1.57699
0.164551 5.17928 5.12892	0 26.0843 1.60081
0.164795 5.80342 5.11943	0 32.0265 1.61841
0.165039 4.61612 5.10653	0 26.5301 1.62404
0.165283 4.94432 5.091	0 22.0335 1.6135
0.165527 4.68907 5.07344	0 20.047 1.58535
0.165771 5.2261 5.05416	0 32.5964 1.54141
0.166016 5.12546 5.03334	0 23.629 1.4861
0.16626 5.7109 5.01115	0 21.5362 1.42532
0.166504 4.4658 4.98803	0 19.0764 1.36518
0.166748 5.0784 4.96476	0 21.1708 1.31129
0.166992 5.17955 4.94254	0 23.9084 1.26861
0.167236 5.14562 4.9229	0 19.5983 1.2413
0.16748 4.73574 4.90744	0 24.3244 1.23246
0.167725 4.3959 4.8975	0 16.3111 1.24342
0.167969 4.7722 4.89382	0 31.2316 1.27317
0.168213 4.51593 4.89629	0 22.1052 1.31812
0.168457 4.2692 4.90373	0 16.9764 1.37266
0.168701 5.03572 4.91407	0 35.8521 1.43027
0.168945 5.26098 4.92452	0 22.0452 1.48482
0.169189 5.32928 4.93204	0 22.4211 1.53157
0.169434 4.87179 4.93384	0 34.2844 1.56768
0.169678 5.45202 4.92785	0 26.597 1.59206
0.169922 5.10561 4.9131	0 23.6388 1.60486
0.170166 4.93107 4.88987	0 25.187 1.60685
0.17041 5.53887 4.85967	0 28.0749 1.59909
0.170654 4.99663 4.82491	0 30.3437 1.58284
0.170898 4.16117 4.78849	0 12.9638 1.55965
0.171143 4.92731 4.75332	0 23.0577 1.5314
0.171387 3.90218 4.7218	0 17.0562 1.50012
0.171631 4.39828 4.69552	0 13.9053 1.46785
0.171875 4.18779 4.67514	0 22.268 1.43656
0.172119 5.29986 4.66047	0 29.9041 1.40814
0.172363 4.60483 4.65076	0 19.5679 1.38417
0.172607 4.52699 4.64503	0 19.4588 1.36538
0.172852 4.97157 4.64241	0 18.9648 1.35079
0.173096 4.82677 4.64241	0 19.3803 1.33728
0.17334 4.77054 4.64492	0 22.9997 1.32006
0.173584 4.4608 4.6502	0 16.2547 1.2944
0.173828 4.41617 4.65859	0 20.2321 1.2582
0.174072 4.15562 4.67029	0 28.5564 1.21401
0.174316 4.42014 4.68518	0 27.1504 1.16915
0.174561 5.01611 4.70266	0 22.6802 1.1333
0.174805 4.4342 4.72176	0 19.4935 1.11422
0.175049 5.06947 4.74122	0 22.3772 1.11365
0.175293 4.86809 4.75971	0 19.5202 1.12579
0.175537 5.42276 4.77601	0 28.1195 1.13939
0.175781 4.62287 4.78911	0 21.5187 1.14285
0.176025 4.2172 4.79825	0 14.6805 1.12957
0.17627 5.51961 4.80288	0 38.7692 1.10082
0.176514 4.49941 4.80262	0 21.954 1.06451
0.176758 4.48127 4.79722	0 14.7267 1.03063
0.177002 5.05236 4.78657	0 16.7261 1.00602
0.177246 4.99868 4.77083	0 20.5523 0.99163
0.17749 4.60355 4.7505	0 21.0931 0.983587
0.177734 5.8376 4.72655	0 35.5091 0.977345
0.177979 4.59753 4.70033	0 26.1098 0.972128
0.178223 4.18483 4.67352	0 16.3652 0.972778
0.178467 4.44827 4.64779	0 19.2062 0.987827
0.178711 4.76082 4.62455	0 22.8617 1.02488
0.178955 4.43539 4.60462	0 24.2067 1.08597
0.179199 4.13662 4.58808	0 16.1715 1.1654
0.179443 3.93055 4.57422	0 20.5057 1.25105
0.179688 4.745 4.56181	0 25.4702 1.32827
0.179932 4.96692 4.54944	0 21.8464 1.38463
0.180176 4.91102 4.53596	0 28.4511 1.41331
0.18042 4.63486 4.52089	0 20.934 1.41435
0.180664 5.2439 4.50462	0 28.8818 1.39358
0.180908 4.67964 4.48839	0 25.9065 1.36009
0.181152 4.19631 4.47399	0 12.2852 1.32326
0.181396 3.31906 4.46333	0 8.64933 1.2904
0.181641 4.67374 4.45793	0 19.9605 1.26562
0.181885 3.83069 4.45852	0 21.0501 1.24979
0.182129 4.20056 4.46482	0 18.1396 1.24142
0.182373 4.13829 4.47562	0 22.2673 1.23777
0.182617 4.85949 4.48902	0 17.5736 1.23574
0.182861 5.34554 4.50284	0 23.7863 1.23235
0.183105 4.72994 4.51504	0 24.4265 1.22523
0.18335 5.00507 4.52401	0 26.7246 1.21312
0.183594 3.96505 4.52873	0 19.2308 1.19656
0.183838 4.36836 4.52875	0 18.2602 1.1782
0.184082 4.43387 4.52405	0 17.135 1.16251
0.184326 4.04791 4.5149	0 15.168 1.15444
0.18457 5.58595 4.50166	0 33.0611 1.15727
0.184814 4.68734 4.48478	0 18.1569 1.17055
0.185059 4.03724 4.46478	0 15.3118 1.18912
0.185303 3.92468 4.44231	0 13.5366 1.20411
0.185547 5.0092 4.41821	0 29.8789 1.20588
0.185791 4.69183 4.39351	0 25.7851 1.18797
0.186035 4.68629 4.36935	0 22.994 1.15017
0.186279 3.84955 4.34686	0 12.7953 1.09907
0.186523 4.42919 4.32696	0 16.4834 1.04589
0.186768 3.08092 4.31022	0 8.73236 1.00249
0.187012 4.70272 4.29672	0 14.2639 0.977399
0.187256 4.12139 4.28609	0 20.0686 0.973598
0.1875 4.91094 4.27758	0 19.4394 0.988449
0.187744 4.17033 4.27025	0 13.0361 1.01541
0.187988 4.05522 4.26317	0 12.287 1.04653
0.188232 4.59253 4.2556	0 23.3283 1.07482
0.188477 4.09063 4.24715	0 16.6283 1.096
0.188721 4.1882 4.23777	0 13.1576 1.10935
0.188965 4.82427 4.22774	0 22.6507 1.11744
0.189209 3.87878 4.2176	0 11.8086 1.12468
0.189453 3.85446 4.20803	0 12.0755 1.13517
0.189697 3.88328 4.19974	0 18.6701 1.15034
0.189941 4.87217 4.19346	0 18.7434 1.16782
0.190186 3.76003 4.18984	0 9.58619 1.18199
0.19043 4.27063 4.18945	0 24.8548 1.18645
0.190674 4.52699 4.19276	0 26.8041 1.17731
0.190918 3.69251 4.20005	0 14.5058 1.15567
0.191162 4.32925 4.2114	0 20.2522 1.12815
0.191406 4.16319 4.22661	0 19.7634 1.10477
0.19165 3.75801 4.24518	0 13.8518 1.09521
0.191895 4.19187 4.26636	0 19.5618 1.10482
0.192139 4.23862 4.28925	0 13.4946 1.1323
0.192383 4.46461 4.31293	0 17.3887 1.16991
0.192627 4.85894 4.33654	0 21.6345 1.20641
0.192871 4.76604 4.35941	0 20.1415 1.23114
0.193115 4.0798 4.38101	0 16.3757 1.23764
0.193359 4.37024 4.40085	0 12.8319 1.22533
0.193604 3.88621 4.41836	0 18.8445 1.1987
0.193848 4.32459 4.43271	0 19.9625 1.16487
0.194092 4.63278 4.44279	0 17.2392 1.13081
0.194336 4.77147 4.44714	0 26.1517 1.10143
0.19458 4.40658 4.44419	0 12.9234 1.079
0.194824 4.91976 4.43248	0 17.0435 1.06357
0.195068 4.54678 4.41093	0 21.479 1.05378
0.195312 4.10531 4.37921	0 18.2062 1.04755
0.195557 5.04195 4.33796	0 22.3213 1.04239
0.195801 4.74433 4.28886	0 19.0286 1.03562
0.196045 4.28668 4.23465	0 16.687 1.02471
0.196289 3.79377 4.17885	0 18.0993 1.0079
0.196533 4.63504 4.12545	0 20.4015 0.98487
0.196777 3.10426 4.07837	0 11.1191 0.957249
0.197021 4.0952 4.04099	0 14.7337 0.928482
0.197266 3.66955 4.01569	0 12.8924 0.903176
0.19751 3.73031 4.00346	0 11.7772 0.886021
0.197754 2.93838 4.00379	0 6.52058 0.880663
0.197998 3.91111 4.01471	0 14.9761 0.888778
0.198242 4.41022 4.03308	0 17.3874 0.909494
0.198486 4.08608 4.05507	0 13.4388 0.939292
0.19873 4.5258 4.07668	0 25.2342 0.972498
0.198975 3.96248 4.0943	0 12.1491 1.00249
0.199219 4.34473 4.10516	0 15.5285 1.02342
0.199463 4.82663 4.1076	0 19.8449 1.03196
0.199707 4.4064 4.10122	0 15.475 1.02829
0.199951 4.14282 4.08672	0 15.9326 1.01586
0.200195 3.78132 4.06571	0 10.3888 0.999965
0.200439 3.60569 4.04033	0 12.0817 0.985809
0.200684 4.40891 4.01292	0 20.9134 0.976913
0.200928 3.79601 3.98568	0 13.1458 0.974499
0.201172 4.29643 3.96044	0 22.6088 0.977783
0.201416 3.65504 3.93851	0 13.806 0.984734
0.20166 3.34184 3.92068	0 10.819 0.992783
0.201904 3.65886 3.90723	0 11.0796 0.999292
0.202148 4.24178 3.89805	0 14.8793 1.00191
0.202393 4.03436 3.89281	0 12.3007 0.999011
0.202637 4.15531 3.89103	0 19.4811 0.990031
0.202881 3.77422 3.89221	0 14.1514 0.975601
0.203125 3.5735 3.89586	0 12.6477 0.957122
0.203369 3.67233 3.90152	0 15.8227 0.936047
0.203613 3.65309 3.90875	0 11.8193 0.913294
0.203857 4.69589 3.91711	0 17.3081 0.889232
0.204102 3.48319 3.9261	0 12.5202 0.864251
0.204346 4.38579 3.93521	0 16.8933 0.839465
0.20459 3.59146 3.94387	0 11.714 0.816942
0.204834 3.89249 3.95149	0 15.0948 0.799206
0.205078 3.86908 3.95747	0 13.101 0.788256
0.205322 4.19923 3.96124	0 13.485 0.784724
0.205566 4.39753 3.96233	0 19.5225 0.787667
0.205811 3.56903 3.9604	0 11.8733 0.795095
0.206055 3.71136 3.95539	0 15.4581 0.804858
0.206299 4.40168 3.94749	0 14.584 0.815382
0.206543 4.04155 3.93723	0 16.6703 0.82592
0.206787 4.4667 3.92543	0 17.2683 0.836314
0.207031 3.50928 3.9131	0 10.1836 0.846529
0.207275 3.51711 3.90129	0 15.2634 0.856317
0.20752 4.14379 3.89095	0 14.6329 0.865226
0.207764 3.49191 3.88277	0 9.22876 0.872949
0.208008 3.8925 3.87704	0 15.7346 0.879779
0.208252 3.77295 3.87361	0 9.99271 0.886839
0.208496 3.84309 3.87198	0 15.1747 0.895827
0.20874 3.79467 3.87131	0 11.6723 0.908269
0.208984 4.28621 3.87061	0 19.9821 0.924554
0.209229 4.02339 3.86888	0 13.1518 0.943184
0.209473 3.68719 3.86525	0 13.541 0.960667
0.209717 3.53588 3.85909	0 14.224 0.972225
0.209961 4.2223 3.85014	0 21.4075 0.973176
0.210205 3.97981 3.83849	0 19.4927 0.960503
0.210449 3.72558 3.82466	0 19.884 0.933962
0.210693 3.86354 3.80954	0 14.5955 0.896221
0.210938 4.33402 3.79426	0 15.6718 0.851958
0.211182 3.6194 3.78012	0 11.8007 0.806336
0.211426 3.2944 3.76835	0 10.3197 0.763581
0.21167 3.67829 3.75997	0 20.5897 0.726221
0.211914 3.20289 3.75566	0 9.35046 0.695123
0.212158 3.95889 3.75566	0 13.1237 0.670074
0.212402 3.77926 3.75978	0 13.3628 0.650516
0.212646 4.03353 3.76741	0 13.9093 0.63618
0.212891 3.56386 3.77765	0 9.80449 0.627469
0.213135 3.84512 3.78941	0 18.1245 0.62549
0.213379 3.58401 3.80145	0 12.1064 0.631602
0.213623 4.11018 3.81256	0 19.5338 0.646544
0.213867 3.77205 3.8216	0 15.6795 0.66941
0.214111 3.86141 3.82758	0 12.848 0.697046
0.214355 3.47613 3.82982	0 9.94757 0.724357
0.2146 3.88512 3.82804	0 12.7392 0.745604
0.214844 4.9059 3.82241	0 26.7863 0.756214
0.215088 3.89144 3.81359	0 16.6283 0.754261
0.215332 3.53293 3.80266	0 11.2624 0.740898
0.215576 3.7918 3.79097	0 16.8924 0.719612
0.21582 3.26966 3.77992	0 8.61643 0.694785
0.216064 3.95541 3.77076	0 12.9918 0.670304
0.216309 3.42545 3.7644	0 10.1653 0.648777
0.216553 3.51243 3.76135	0 11.9301 0.631442
0.216797 3.99726 3.76168	0 13.4265 0.618526
0.217041 3.859 3.76517	0 13.7216 0.609767
0.217285 3.67989 3.77135	0 14.5932 0.604895
0.217529 3.76232 3.77972	0 19.3916 0.604055
0.217773 4.31286 3.78972	0 13.7041 0.608092
0.218018 3.44757 3.80086	0 11.1632 0.618554
0.218262 3.67564 3.81263	0 13.3685 0.637259
0.218506 3.29247 3.82448	0 10.5188 0.665383
0.21875 3.95585 3.83577	0 16.1866 0.702378
0.218994 4.56434 3.84584	0 18.6618 0.745238
0.219238 3.57986 3.85397	0 13.3673 0.788692
0.219482 3.97209 3.85951	0 19.6174 0.826491
0.219727 3.68818 3.86191	0 13.923 0.853415
0.219971 4.36328 3.86077	0 15.6896 0.8671
0.220215 3.76907 3.85588	0 16.7965 0.868756
0.220459 3.70856 3.84714	0 9.77351 0.862302
0.220703 4.03236 3.83461	0 18.3496 0.852288
0.220947 4.04677 3.81842	0 13.4314 0.841684
0.221191 2.95788 3.7988	0 9.23088 0.830768
0.221436 4.27534 3.77613	0 15.2787 0.817766
0.22168 3.80406 3.75093	0 8.34389 0.800845
0.221924 4.55242 3.72394	0 29.472 0.78016
0.222168 3.56388 3.69612	0 10.9996 0.758599
0.222412 3.08848 3.66857	0 12.1343 0.740654
0.222656 3.54572 3.64248	0 13.0997 0.730102
0.2229 3.49956 3.619	0 10.3203 0.727923
0.223145 3.42073 3.59914	0 13.3907 0.731741
0.223389 4.11284 3.58362	0 17.1491 0.737029
0.223633 3.22016 3.57288	0 12.8589 0.739262
0.223877 3.33364 3.56699	0 11.7681 0.735771
0.224121 3.73329 3.56571	0 13.3913 0.726461
0.224365 3.19183 3.56852	0 8.44744 0.713402
0.224609 3.43115 3.57473	0 20.6484 0.699885
0.224854 3.82338 3.58352	0 12.579 0.689582
0.225098 3.38747 3.59409	0 12.3969 0.686049
0.225342 4.10437 3.60571	0 16.6439 0.692402
0.225586 3.94885 3.61774	0 12.6211 0.710905
0.22583 2.87734 3.62965	0 7.87399 0.742392
0.226074 3.50376 3.64099	0 10.8334 0.78575
0.226318 4.13519 3.65137	0 12.7354 0.837789
0.226562 3.49309 3.66038	0 9.05753 0.893687
0.226807 3.77149 3.66759	0 13.5063 0.94793
0.227051 3.52022 3.67256	0 16.8466 0.995383
0.227295 3.78661 3.6749	0 19.6442 1.03205
0.227539 3.9354 3.67427	0 17.5834 1.05529
0.227783 3.44184 3.6705	0 15.4857 1.06354
0.228027 4.47316 3.66364	0 24.1027 1.05602
0.228271 3.02974 3.65393	0 8.98754 1.03276
0.228516 3.10357 3.64188	0 15.0952 0.994917
0.22876 4.39805 3.62819	0 22.1926 0.945423
0.229004 3.95277 3.61369	0 13.4627 0.889151
0.229248 3.79478 3.5993	0 18.5328 0.832573
0.229492 2.58903 3.58593	0 5.76801 0.782805
0.229736 3.36724 3.57438	0 11.8777 0.746311
0.22998 3.94898 3.56532	0 14.4333 0.727619
0.230225 3.51178 3.55921	0 11.014 0.728323
0.230469 3.60968 3.55626	0 8.26193 0.746629
0.230713 3.55467 3.55642	0 9.03487 0.777584
0.230957 3.81926 3.55933	0 20.692 0.814032
0.231201 3.21212 3.56434	0 10.914 0.848126
0.231445 2.92732 3.57051	0 8.17758 0.872997
0.231689 3.3336 3.57676	0 9.54691 0.884105
0.231934 4.22902 3.5819	0 15.6507 0.879905
0.232178 4.11265 3.58484	0 13.1809 0.861705
0.232422 3.89523 3.5847	0 19.1397 0.832886
0.232666 3.07522 3.58097	0 9.85377 0.79781
0.23291 3.66965 3.57351	0 10.3955 0.760812
0.233154 3.51067 3.56255	0 14.3194 0.725562
0.233398 3.91331 3.54861	0 17.1205 0.694851
0.233643 3.45597 3.53238	0 12.1526 0.670623
0.233887 3.32867 3.51461	0 10.6531 0.653997
0.234131 3.37043 3.49597	0 9.70477 0.645124
0.234375 3.6558 3.47705	0 12.3062 0.643015
0.234619 3.62962 3.45829	0 10.695 0.645589
0.234863 2.9176 3.44006	0 9.24729 0.650133
0.235107 3.78659 3.42269	0 12.7174 0.654037
0.235352 3.4071 3.4065	0 11.0925 0.655433
0.235596 3.35156 3.39187	0 10.1354 0.653387
0.23584 3.28675 3.37922	0 9.18383 0.647608
0.236084 3.61667 3.36898	0 14.1676 0.637967
0.236328 3.16147 3.36157	0 12.4822 0.624244
0.236572 2.94626 3.35733	0 7.0959 0.606354
0.236816 3.51004 3.35649	0 11.1561 0.584915
0.237061 3.13091 3.3591	0 9.01389 0.561744
0.237305 3.25166 3.36506	0 11.1977 0.539871
0.237549 3.94045 3.37408	0 11.8763 0.522868
0.237793 3.43449 3.38564	0 12.7029 0.513718
0.238037 3.10629 3.39907	0 9.3162 0.513713
0.238281 2.67788 3.41347	0 6.10836 0.521978
0.238525 3.72689 3.42777	0 7.7187 0.535918
0.23877 3.61847 3.44084	0 14.4333 0.552433
0.239014 3.71945 3.45152	0 11.4859 0.569259
0.239258 3.62822 3.4588	0 10.8211 0.585676
0.239502 3.28662 3.46195	0 7.8337 0.602178
0.239746 3.4812 3.46062	0 13.7218 0.619375
0.23999 4.03794 3.45496	0 13.5012 0.636907
0.240234 3.26959 3.44559	0 9.24363 0.653151
0.240479 3.3492 3.43354	0 10.683 0.665949
0.240723 3.23927 3.42017	0 10.9019 0.673858
0.240967 4.13351 3.40692	0 16.0746 0.677038
0.241211 2.91154 3.39517	0 4.76034 0.67715
0.241455 2.98204 3.38598	0 7.0885 0.676291
0.241699 3.44575 3.37997	0 13.4724 0.675622
0.241943 3.18911 3.37723	0 13.1819 0.674537
0.242188 3.25261 3.37728	0 10.7174 0.670864
0.242432 3.25219 3.37917	0 8.07546 0.661945
0.242676 3.85527 3.38163	0 13.6991 0.646016
0.24292 3.20197 3.3833	0 8.32089 0.623172
0.243164 3.31343 3.38287	0 13.7296 0.595543
0.243408 4.17691 3.37934	0 13.6046 0.566714
0.243652 2.90039 3.37211	0 6.17671 0.540742
0.243896 3.11524 3.36103	0 7.83206 0.521173
0.244141 4.21788 3.34646	0 14.5737 0.510326
0.244385 3.22427 3.32917	0 7.49946 0.508917
0.244629 2.81592 3.31022	0 5.03747 0.516032
0.244873 3.37271 3.29089	0 11.017 0.529432
0.245117 3.45616 3.27248	0 8.51116 0.546184
0.245361 3.42662 3.2562	0 13.206 0.563539
0.245605 2.92244 3.24304	0 9.43247 0.579769
0.24585 2.80676 3.23363	0 8.76401 0.594617
0.246094 3.31704 3.22826	0 9.98756 0.609084
0.246338 3.03784 3.22678	0 8.0974 0.624647
0.246582 3.50922 3.22868	0 8.8936 0.642311
0.246826 3.04225 3.23315	0 8.67435 0.662035
0.24707 3.1181 3.23918	0 11.3496 0.682808
0.247314 3.68535 3.24565	0 15.4149 0.703181
0.247559 2.78219 3.25147	0 9.0447 0.721742
0.247803 3.55009 3.25569	0 11.8352 0.737132
0.248047 3.16473 3.25757	0 8.97701 0.747644
0.248291 3.50777 3.25671	0 10.2716 0.750864
0.248535 3.45586 3.25306	0 13.4141 0.74393
0.248779 3.2823 3.24697	0 15.267 0.724551
0.249023 3.02616 3.23921	0 9.31974 0.692372
0.249268 3.19797 3.23089	0 9.25058 0.649932
0.249512 3.27896 3.22338	0 11.8828 0.602601
0.249756 3.26248 3.21815	0 6.43963 0.557365
0.25 3.46812 3.21662	0 16.8585 0.520914
0.250244 3.1687 3.21988	0 9.78486 0.497787
0.250488 2.72261 3.22855	0 7.44622 0.489306
0.250732 2.60246 3.24265	0 4.69499 0.493656
0.250977 2.7031 3.2615	0 7.73399 0.507021
0.251221 4.00233 3.28388	0 13.9915 0.525262
0.251465 3.52999 3.30811	0 13.0737 0.545437
0.251709 3.30124 3.33229	0 8.6594 0.566572
0.251953 3.82212 3.35454	0 12.9981 0.589428
0.252197 3.3822 3.37319	0 9.12123 0.615452
0.252441 2.95622 3.38691	0 7.61343 0.645407
0.252686 3.45068 3.39483	0 12.9894 0.678272
0.25293 3.62436 3.39654	0 13.0942 0.710879
0.253174 3.78686 3.39217	0 15.5858 0.738471
0.253418 3.27167 3.38231	0 12.3173 0.756012
0.253662 3.45003 3.368	0 15.5685 0.759839
0.253906 3.98852 3.35058	0 15.3381 0.749038
0.25415 3.11675 3.33158	0 11.8736 0.725976
0.254395 2.97415 3.31251	0 7.71975 0.695678
0.254639 2.97854 3.29466	0 8.56792 0.664222
0.254883 3.02866 3.27895	0 7.93492 0.636767
0.255127 3.56148 3.26582	0 11.5378 0.616076
0.255371 2.66189 3.25524	0 8.20692 0.602174
0.255615 4.08724 3.24683	0 16.4364 0.593183
0.255859 2.89616 3.23996	0 9.94376 0.586785
0.256104 3.29448 3.23396	0 9.66818 0.581504
0.256348 3.12533 3.22829	0 8.89335 0.577217
0.256592 3.32225 3.22261	0 7.29942 0.57482
0.256836 3.38468 3.21679	0 9.74073 0.575461
0.25708 3.33388 3.21088	0 13.9458 0.579868
0.257324 2.92109 3.20501	0 10.6299 0.588041
0.257568 3.33519 3.19925	0 13.3558 0.599285
0.257812 2.90673 3.19356	0 8.65132 0.61236
0.258057 2.98253 3.18772	0 6.50976 0.62562
0.258301 3.25222 3.18137	0 11.7755 0.637171
0.258545 3.43853 3.17415	0 11.7871 0.645158
0.258789 3.19545 3.16579	0 7.63117 0.648188
0.259033 3.44286 3.15623	0 10.208 0.64575
0.259277 3.30793 3.14569	0 11.98 0.638416
0.259521 2.98159 3.1347	0 12.4099 0.627734
0.259766 2.8445 3.12396	0 8.02958 0.61588
0.26001 2.97182 3.11422	0 7.29496 0.60528
0.260254 3.39266 3.1061	0 10.0654 0.598258
0.260498 3.15425 3.09991	0 11.9056 0.596668
0.260742 2.78189 3.09555	0 4.93468 0.601379
0.260986 2.48681 3.09253	0 5.78671 0.611687
0.26123 3.54498 3.09002	0 14.2672 0.62494
0.261475 2.77458 3.08703	0 7.23213 0.636791
0.261719 3.69183 3.08265	0 20.5658 0.642229
0.261963 3.39334 3.07619	0 11.3167 0.637106
0.262207 3.1856 3.06736	0 12.8587 0.619529
0.262451 2.72541 3.0563	0 6.59498 0.590507
0.262695 3.06722 3.04355	0 9.25848 0.553576
0.262939 2.91639 3.02992	0 9.04692 0.513626
0.263184 3.25927 3.01633	0 8.76806 0.475454
0.263428 3.01073 3.00364	0 6.482 0.44261
0.263672 2.27366 2.99253	0 5.42268 0.416873
0.263916 3.37628 2.98345	0 10.6726 0.398413
0.26416 2.93125 2.97659	0 7.44576 0.386392
0.264404 2.86694 2.97199	0 8.98804 0.379687
0.264648 3.06038 2.96957	0 7.84855 0.37742
0.264893 3.17857 2.96923	0 7.69167 0.379195
0.265137 2.53468 2.97087	0 4.6225 0.385052
0.265381 3.14608 2.97443	0 10.4238 0.395252
0.265625 3.18667 2.9798	0 8.53607 0.409959
0.265869 2.80901 2.98674	0 9.17533 0.428855
0.266113 2.69833 2.99488	0 5.48343 0.450775
0.266357 2.98026 3.00361	0 8.05183 0.473522
0.266602 3.01026 3.01212	0 11.1598 0.494062
0.266846 3.1781 3.01948	0 9.92059 0.509178
0.26709 2.9143 3.02477	0 9.29932 0.516399
0.267334 3.2143 3.02722	0 10.9674 0.514869
0.267578 3.38943 3.02632	0 13.4532 0.505738
0.267822 3.10598 3.02196	0 7.79264 0.491883
0.268066 3.03526 3.01438	0 8.06385 0.477043
0.268311 3.10285 3.00422	0 10.2832 0.464726
0.268555 2.65751 2.99233	0 4.8659 0.457308
0.268799 2.86455 2.97971	0 5.74745 0.455603
0.269043 3.13108 2.96736	0 11.3237 0.458975
0.269287 2.96339 2.9562	0 8.46184 0.465837
0.269531 2.85496 2.94695	0 7.6875 0.474278
0.269775 2.93924 2.94011	0 11.5288 0.48259
0.27002 2.98695 2.93592	0 8.39701 0.489559
0.270264 2.97892 2.93431	0 7.29687 0.494487
0.270508 2.44813 2.93497	0 5.59773 0.497017
0.270752 3.03645 2.93736	0 8.06725 0.49691
0.270996 2.66469 2.94082	0 10.993 0.493909
0.27124 3.15826 2.94468	0 9.01537 0.487765
0.271484 3.21864 2.94844	0 10.6272 0.478428
0.271729 2.90742 2.95184	0 7.25627 0.466291
0.271973 3.52829 2.95493	0 10.6439 0.452345
0.272217 2.59814 2.95805	0 6.53827 0.438161
0.272461 2.8844 2.96168	0 7.75388 0.42564
0.272705 3.05921 2.9663	0 8.4396 0.416612
0.272949 2.4906 2.9722	0 5.40314 0.412367
0.273193 2.57836 2.97938	0 6.72705 0.413257
0.273438 3.12766 2.98747	0 13.905 0.41849
0.273682 3.7374 2.99583	0 14.0773 0.426213
0.273926 2.49545 3.00366	0 5.37554 0.433941
0.27417 3.22078 3.01021	0 7.3426 0.439239
0.274414 3.20199 3.01491	0 10.7 0.440487
0.274658 3.08259 3.01754	0 9.56441 0.437463
0.274902 2.98376 3.01822	0 7.2485 0.431543
0.275146 3.17549 3.01739	0 10.4865 0.425432
0.275391 2.85386 3.01566	0 7.6427 0.422469
0.275635 2.98195 3.01366	0 8.04597 0.425645
0.275879 3.01242 3.0119	0 7.89965 0.436586
0.276123 2.88941 3.01063	0 9.80016 0.454864
0.276367 2.78715 3.00981	0 5.93735 0.477965
0.276611 3.02375 3.0091	0 8.13169 0.502043
0.276855 3.16286 3.00793	0 12.2166 0.523186
0.2771 3.15137 3.00569	0 8.37594 0.538567
0.277344 3.09597 3.00178	0 7.07314 0.546892
0.277588 3.11773 2.9958	0 10.2558 0.548022
0.277832 2.91571 2.9876	0 6.50964 0.542165
0.278076 2.80051 2.97731	0 10.4569 0.529335
0.27832 3.09445 2.96533	0 11.1193 0.509486
0.278564 3.23467 2.95225	0 9.30761 0.483191
0.278809 3.0985 2.93877	0 10.9762 0.452283
0.279053 2.56331 2.92554	0 4.76182 0.419909
0.279297 2.62522 2.91309	0 6.39095 0.389851
0.279541 2.81006 2.90173	0 7.78244 0.365438
0.279785 3.15112 2.89152	0 8.16691 0.348595
0.280029 3.02307 2.8823	0 7.64954 0.339407
0.280273 2.5806 2.87376	0 5.15769 0.336331
0.280518 2.80707 2.86549	0 6.2481 0.33689
0.280762 3.02842 2.85715	0 8.39381 0.338587
0.281006 3.12515 2.84854	0 8.72117 0.339786
0.28125 2.508 2.83969	0 6.77194 0.340271
0.281494 3.11187 2.83086	0 9.07772 0.341303
0.281738 2.85961 2.82257	0 6.16402 0.34509
0.281982 2.45385 2.81546	0 5.97047 0.353839
0.282227 3.17941 2.81027	0 8.48517 0.368784
0.282471 2.53024 2.80762	0 7.96588 0.389587
0.282715 2.62363 2.80797	0 6.00944 0.414392
0.282959 2.76317 2.81152	0 5.40989 0.440466
0.283203 2.66885 2.81817	0 8.8348 0.465134
0.283447 2.97283 2.82753	0 9.64239 0.486591
0.283691 2.85473 2.83901	0 11.0492 0.504297
0.283936 2.482 2.85194	0 6.33818 0.518827
0.28418 3.04705 2.86564	0 7.70507 0.531289
0.284424 3.21519 2.8795	0 8.21956 0.542558
0.284668 3.01346 2.89308	0 9.15395 0.552609
0.284912 2.84687 2.90603	0 9.54026 0.560192
0.285156 2.91011 2.9181	0 8.01164 0.562945
0.2854 2.44111 2.92905	0 7.0309 0.557934
0.285645 3.04596 2.93861	0 9.67549 0.542515
0.285889 2.86459 2.94648	0 7.91346 0.515386
0.286133 3.38718 2.95227	0 8.46763 0.477522
0.286377 2.98054 2.9556	0 8.14326 0.432667
0.286621 3.21186 2.95605	0 8.60739 0.386969
0.286865 3.10101 2.95327	0 6.85694 0.347687
0.287109 2.71257 2.94696	0 7.46776 0.321298
0.287354 2.31614 2.93695	0 4.33513 0.311705
0.287598 2.97929 2.92325	0 8.2522 0.319304
0.287842 3.85547 2.90618	0 17.3414 0.341262
0.288086 2.71172 2.88642	0 8.79506 0.372803
0.28833 2.98317 2.86509	0 8.0877 0.408853
0.288574 3.10106 2.84372	0 9.56372 0.44533
0.288818 2.9192 2.82418	0 11.2999 0.479676
0.289062 2.11318 2.80841	0 4.89857 0.510671
0.289307 2.56363 2.79822	0 5.96017 0.53785
0.289551 2.77029 2.79499	0 7.35082 0.560915
0.289795 2.69725 2.79942	0 5.39551 0.579373
0.290039 2.48737 2.81138	0 6.55095 0.592446
0.290283 2.66981 2.8299	0 8.19196 0.599188
0.290527 2.73325 2.85325	0 8.75013 0.598707
0.290771 3.0388 2.87915	0 7.68132 0.590449
0.291016 2.93337 2.90504	0 7.76954 0.574509
0.29126 3.19648 2.92838	0 9.85107 0.551891
0.291504 2.86705 2.94695	0 6.88322 0.524612
0.291748 3.38162 2.95907	0 11.5254 0.495558
0.291992 2.96602 2.96375	0 7.97337 0.46806
0.292236 3.36467 2.96071	0 10.4214 0.445247
0.29248 3.06437 2.95036	0 9.53371 0.429304
0.292725 2.88357 2.93366	0 6.03594 0.420819
0.292969 2.89234 2.91188	0 5.53117 0.418427
0.293213 2.88232 2.88639	0 6.59892 0.419
0.293457 2.9695 2.8585	0 7.31968 0.418479
0.293701 2.44324 2.82931	0 6.16412 0.413206
0.293945 2.82197 2.79965	0 10.5816 0.401274
0.294189 2.72314 2.77015	0 6.17128 0.383298
0.294434 2.87352 2.74132	0 5.99644 0.362219
0.294678 2.73786 2.71367	0 6.04133 0.342207
0.294922 3.04324 2.68786	0 9.18196 0.327202
0.295166 2.5129 2.66471	0 5.09514 0.319742
0.29541 2.40941 2.64517	0 6.0517 0.320549
0.295654 2.76216 2.63021	0 7.28237 0.328873
0.295898 2.36733 2.62065	0 4.83715 0.343258
0.296143 2.10613 2.61701	0 4.48097 0.36225
0.296387 2.81269 2.61934	0 5.41503 0.384694
0.296631 2.44921 2.62723	0 5.83467 0.409613
0.296875 2.33043 2.63984	0 4.58147 0.435863
0.297119 2.54454 2.65602	0 7.08274 0.461917
0.297363 3.22824 2.67453	0 9.83783 0.485967
0.297607 2.64416 2.69421	0 6.8871 0.506348
0.297852 2.95196 2.71407	0 9.50821 0.522002
0.298096 2.998 2.73335	0 10.5911 0.532725
0.29834 2.25521 2.7515	0 5.13646 0.53901
0.298584 2.45453 2.76806	0 5.67638 0.541585
0.298828 3.07247 2.7826	0 10.2699 0.540921
0.299072 2.75609 2.79467	0 6.07318 0.536962
0.299316 2.87066 2.80376	0 9.66958 0.529188
0.299561 2.96284 2.80939	0 7.73074 0.516928
0.299805 2.92571 2.81122	0 7.56661 0.499769
0.300049 2.78951 2.80912	0 6.83088 0.477909
0.300293 3.19148 2.80328	0 9.99383 0.452412
0.300537 2.98628 2.79418	0 8.65863 0.425279
0.300781 2.57465 2.78261	0 5.54965 0.399263
0.301025 2.27739 2.76947	0 4.41884 0.377381
0.30127 2.96429 2.75577	0 8.79225 0.362237
0.301514 3.04623 2.74243	0 7.89062 0.355366
0.301758 2.50233 2.73021	0 6.29545 0.35687
0.302002 2.60396 2.71974	0 6.09633 0.365443
0.302246 2.55714 2.71146	0 5.06655 0.378732
0.30249 2.78336 2.70568	0 6.00377 0.393859
0.302734 2.76946 2.70261	0 8.29946 0.407961
0.302979 2.79015 2.70241	0 5.55709 0.418655
0.303223 2.49391 2.70511	0 5.17277 0.424418
0.303467 2.74301 2.71063	0 8.55415 0.424837
0.303711 2.57485 2.7187	0 7.09504 0.420668
0.303955 2.78462 2.72878	0 6.64951 0.413646
0.304199 2.43995 2.74007	0 5.13844 0.406022
0.304443 2.80447 2.75153	0 8.50611 0.399932
0.304688 2.62832 2.76196	0 6.05254 0.396784
0.304932 3.04244 2.77018	0 7.97381 0.396888
0.305176 3.13991 2.7752	0 11.2156 0.399464
0.30542 2.60443 2.77639	0 5.72256 0.403081
0.305664 2.978 2.77363	0 8.17117 0.406356
0.305908 3.01248 2.76729	0 10.7247 0.408641
0.306152 2.99115 2.75817	0 8.48895 0.410392
0.306396 2.33368 2.74735	0 6.17532 0.413025
0.306641 2.92476 2.73594	0 6.22024 0.418279
0.306885 2.68838 2.72485	0 5.23678 0.427395
0.307129 1.97797 2.71465	0 3.62449 0.44047
0.307373 2.53239 2.70547	0 7.80145 0.456312
0.307617 2.8935 2.69707	0 9.61431 0.472823
0.307861 3.31988 2.6889	0 10.2501 0.487674
0.308105 2.85938 2.68035	0 8.38503 0.498941
0.30835 2.57152 2.67086	0 6.95504 0.505438
0.308594 2.2608 2.6601	0 6.48897 0.506699
0.308838 2.49695 2.64807	0 8.67481 0.502748
0.309082 3.20056 2.63506	0 9.73179 0.493867
0.309326 2.77252 2.62165	0 9.33863 0.48049
0.30957 2.18251 2.60859	0 4.85562 0.463246
0.309814 2.88244 2.59675	0 7.32733 0.443065
0.310059 2.23361 2.58696	0 6.03715 0.421238
0.310303 2.39382 2.57996	0 5.96711 0.399372
0.310547 2.80414 2.57637	0 5.38413 0.379228
0.310791 2.29032 2.57657	0 4.87508 0.362497
0.311035 2.85616 2.58074	0 7.74813 0.350604
0.311279 2.46729 2.58882	0 6.51879 0.344561
0.311523 2.17306 2.60055	0 3.78832 0.344888
0.311768 2.82336 2.61544	0 9.17899 0.351544
0.312012 2.51199 2.63286	0 6.99191 0.363869
0.312256 2.6237 2.65203	0 7.00567 0.380526
0.3125 2.75136 2.67214	0 8.14116 0.399501
0.312744 2.79735 2.69236	0 7.76375 0.418213
0.312988 2.69575 2.71192	0 7.76662 0.433759
0.313232 2.71008 2.73016	0 8.04286 0.443332
0.313477 2.7133 2.74658	0 6.35175 0.444773
0.313721 2.89507 2.76082	0 6.94809 0.437157
0.313965 2.99332 2.77269	0 6.55849 0.421208
0.314209 2.67006 2.78207	0 6.4893 0.399344
0.314453 2.77466 2.78892	0 7.67291 0.375227
0.314697 2.78224 2.7932	0 6.11411 0.352933
0.314941 3.04743 2.79484	0 9.10863 0.335994
0.315186 2.58915 2.79374	0 8.03268 0.326654
0.31543 2.58188 2.78981	0 5.00052 0.325538
0.315674 2.95804 2.78301	0 10.0333 0.331762
0.315918 2.98797 2.77343	0 6.72113 0.343394
0.316162 3.28202 2.76135	0 9.2847 0.358063
0.316406 2.46738 2.74728	0 7.80105 0.373566
0.31665 2.46736 2.73194	0 7.00896 0.388285
0.316895 2.95278 2.7162	0 11.6858 0.401309
0.317139 2.70239 2.701	0 6.86332 0.412244
0.317383 2.35296 2.68721	0 6.80584 0.420849
0.317627 2.76841 2.67555	0 6.91868 0.426741
0.317871 2.49869 2.66646	0 5.93556 0.429351
0.318115 2.92987 2.66011	0 7.89182 0.428165
0.318359 2.33343 2.65635	0 7.24054 0.423096
0.318604 2.61399 2.6548	0 6.72457 0.414752
0.318848 2.48333 2.65486	0 6.92795 0.404423
0.319092 2.88244 2.6559	0 5.60544 0.39375
0.319336 2.61952 2.65726	0 7.73963 0.384232
0.31958 2.8732 2.6584	0 9.24245 0.376815
0.319824 2.65128 2.6589	0 4.92882 0.371766
0.320068 2.87879 2.65852	0 9.02447 0.368883
0.320312 2.21471 2.65709	0 6.00949 0.367864
0.320557 2.88749 2.65455	0 5.01778 0.368588
0.320801 2.40241 2.65085	0 7.13362 0.371123
0.321045 2.81686 2.6459	0 5.725 0.37549
0.321289 2.71624 2.63963	0 7.04675 0.381383
0.321533 2.63799 2.63194	0 5.68663 0.388066
0.321777 2.70306 2.62281	0 8.67727 0.394553
0.322021 2.65219 2.61231	0 8.39018 0.399975
0.322266 2.40317 2.60067	0 5.34469 0.403941
0.32251 2.80554 2.58831	0 8.17026 0.406731
0.322754 2.63266 2.57582	0 4.87418 0.409203
0.322998 2.68207 2.56394	0 6.66917 0.412449
0.323242 2.27071 2.5535	0 4.98155 0.417314
0.323486 2.4391 2.54531	0 6.22529 0.423953
0.32373 2.69016 2.5401	0 6.21198 0.431655
0.323975 2.20317 2.53837	0 4.43129 0.439039
0.324219 2.63786 2.54036	0 7.87611 0.444585
0.324463 2.41025 2.54597	0 6.77846 0.447254
0.324707 2.61244 2.55474	0 6.35088 0.446859
0.324951 2.32726 2.56583	0 4.4018 0.443996
0.325195 2.55342 2.57816	0 5.40666 0.439592
0.325439 2.71352 2.59044	0 6.34676 0.434323
0.325684 2.50899 2.60132	0 6.8121 0.428253
0.325928 2.80108 2.60958	0 8.00655 0.420825
0.326172 2.8828 2.61422	0 7.44288 0.411191
0.326416 2.50449 2.61463	0 7.04874 0.398695
0.32666 2.84581 2.61062	0 7.34254 0.38331
0.326904 2.72949 2.60246	0 7.51791 0.365867
0.327148 2.85926 2.59081	0 7.41223 0.347986
0.327393 2.19256 2.5766	0 6.6145 0.331723
0.327637 2.55221 2.56093	0 5.70757 0.319017
0.327881 2.55142 2.54487	0 8.0864 0.31116
0.328125 2.47931 2.52942	0 5.57407 0.308465
0.328369 2.45276 2.51534	0 7.85475 0.31026
0.328613 2.66646 2.50318	0 10.2875 0.315178
0.328857 2.22722 2.49326	0 6.44494 0.321622
0.329102 2.31944 2.48567	0 6.30806 0.328235
0.329346 2.56468 2.48039	0 4.93693 0.334241
0.32959 2.78159 2.47729	0 10.2463 0.339546
0.329834 2.48271 2.47618	0 6.95728 0.344577
0.330078 2.06305 2.47689	0 4.74122 0.349895
0.330322 2.30042 2.4793	0 5.51397 0.355759
0.330566 2.62868 2.48334	0 5.17112 0.361864
0.330811 2.73063 2.48898	0 8.43475 0.367455
0.331055 2.54329 2.49625	0 5.68314 0.371794
0.331299 2.40714 2.50514	0 5.44028 0.37476
0.331543 2.56702 2.51554	0 4.65642 0.377213
0.331787 2.26999 2.52717	0 4.38456 0.380884
0.332031 2.34399 2.53952	0 4.81795 0.387756
0.332275 2.59689 2.55187	0 8.77015 0.399186
0.33252 2.35748 2.56335	0 4.93623 0.415106
0.332764 2.96913 2.57311	0 8.67673 0.433639
0.333008 2.64707 2.58044	0 8.19451 0.451343
0.333252 2.79107 2.58499	0 7.20812 0.464087
0.333496 2.76455 2.58679	0 10.5684 0.468345
0.33374 2.69396 2.58636	0 7.8783 0.462444
0.333984 2.60588 2.58455	0 5.87748 0.44729
0.334229 2.60524 2.58238	0 9.59728 0.426211
0.334473 1.93335 2.58087	0 3.23256 0.403981
0.334717 2.4234 2.58079	0 5.46733 0.385407
0.334961 2.67046 2.58257	0 5.39157 0.374034
0.335205 2.75847 2.58623	0 8.71067 0.371395
0.335449 2.80554 2.59142	0 7.60725 0.376919
0.335693 2.44901 2.59753	0 4.74437 0.388373
0.335938 2.3311 2.60385	0 4.44551 0.402588
0.336182 2.61239 2.60968	0 8.29544 0.416254
0.336426 2.93848 2.61452	0 8.31956 0.42662
0.33667 2.58482 2.61809	0 5.15066 0.43198
0.336914 3.09452 2.62038	0 14.7945 0.431864
0.337158 2.29102 2.62162	0 4.37168 0.426927
0.337402 2.56495 2.62218	0 6.1626 0.418643
0.337646 2.70355 2.62253	0 5.55146 0.408928
0.337891 2.28088 2.62314	0 3.44574 0.399809
0.338135 2.5077 2.62443	0 6.35812 0.393194
0.338379 2.85119 2.62673	0 9.15578 0.390691
0.338623 2.78544 2.63027	0 8.74389 0.393469
0.338867 2.79017 2.63514	0 6.30433 0.402141
0.339111 2.64901 2.64124	0 8.43 0.416671
0.339355 2.37564 2.64824	0 4.95747 0.436294
0.3396 2.24731 2.65552	0 6.14125 0.459474
0.339844 2.5232 2.66215	0 5.46315 0.48395
0.340088 3.03179 2.66699	0 9.43678 0.506982
0.340332 2.98203 2.66877	0 11.3954 0.525813
0.340576 2.52598 2.6663	0 6.57221 0.538276
0.34082 2.64954 2.65869	0 15.336 0.543297
0.341064 3.02144 2.64559	0 7.84177 0.541074
0.341309 2.9142 2.6273	0 10.2119 0.532849
0.341553 2.78199 2.60482	0 6.48819 0.520409
0.341797 2.71372 2.57976	0 8.59225 0.505591
0.342041 2.24376 2.55411	0 6.73778 0.489999
0.342285 2.25124 2.52998	0 7.13893 0.474981
0.342529 2.61826 2.50925	0 8.59662 0.461742
0.342773 2.17029 2.49329	0 3.57913 0.451413
0.343018 2.27245 2.48278	0 4.35455 0.444953
0.343262 2.23322 2.47763	0 5.0389 0.442909
0.343506 2.3979 2.47706	0 4.40726 0.445146
0.34375 2.48163 2.47977	0 4.97573 0.450684
0.343994 2.80406 2.48416	0 7.35766 0.457758
0.344238 2.63642 2.48868	0 7.49575 0.464105
0.344482 2.46331 2.49202	0 4.7321 0.467431
0.344727 2.42684 2.49329	0 6.57004 0.46591
0.344971 2.76087 2.49218	0 7.33009 0.458579
0.345215 2.73648 2.48888	0 8.31822 0.44551
0.345459 2.04098 2.48408	0 5.33711 0.427754
0.345703 2.61831 2.47877	0 5.47781 0.407094
0.345947 2.63372 2.4741	0 8.09001 0.385704
0.346191 2.30559 2.47115	0 4.17849 0.365801
0.346436 2.33126 2.47082	0 5.03658 0.349344
0.34668 2.29012 2.47362	0 4.66187 0.337783
0.346924 2.50618 2.47961	0 6.81918 0.331869
0.347168 2.41027 2.4884	0 5.49223 0.331519
0.347412 2.22234 2.49917	0 7.02697 0.335804
0.347656 2.58521 2.51083	0 7.03063 0.343086
0.3479 2.58162 2.52218	0 5.94147 0.351336
0.348145 2.75117 2.5321	0 5.82994 0.358552
0.348389 2.88013 2.53971	0 6.06016 0.363164
0.348633 2.453 2.54445	0 5.67784 0.364289
0.348877 2.68083 2.54616	0 5.61176 0.361811
0.349121 2.45476 2.545	0 6.23366 0.356282
0.349365 2.52974 2.54136	0 6.699 0.348731
0.349609 2.56546 2.53577	0 6.46537 0.340426
0.349854 2.34233 2.52874	0 6.56255 0.332617
0.350098 2.75398 2.52074	0 6.81375 0.326292
0.350342 2.27687 2.51213	0 6.66202 0.321987
0.350586 2.5265 2.50319	0 7.39164 0.319717
0.35083 2.48628 2.49418	0 5.83036 0.319067
0.351074 3.05914 2.48535	0 11.1387 0.319425
0.351318 2.21945 2.47696	0 3.61349 0.320234
0.351562 2.34737 2.4693	0 4.96649 0.32117
0.351807 2.22548 2.46263	0 5.83978 0.32219
0.352051 2.22877 2.45717	0 4.96149 0.323473
0.352295 2.87214 2.45303	0 7.9578 0.325329
0.352539 2.31262 2.45024	0 5.22432 0.328087
0.352783 2.5247 2.44869	0 7.06341 0.331948
0.353027 2.57003 2.44816	0 6.1691 0.336785
0.353271 2.24611 2.44837	0 5.46522 0.341984
0.353516 2.04943 2.44899	0 5.37086 0.346484
0.35376 2.67916 2.44966	0 12.1858 0.349073
0.354004 2.74142 2.45006	0 7.01378 0.34889
0.354248 2.59957 2.44992	0 4.86127 0.345849
0.354492 2.20605 2.44903	0 6.28141 0.34076
0.354736 2.54976 2.4473	0 5.12822 0.335063
0.35498 2.06663 2.4447	0 4.07433 0.330286
0.355225 2.81296 2.44133	0 7.33498 0.327505
0.355469 2.42781 2.43734	0 6.06913 0.327019
0.355713 2.52617 2.43298	0 5.67156 0.32836
0.355957 2.40365 2.42853	0 5.85696 0.33062
0.356201 2.28975 2.42426	0 4.98887 0.332945
0.356445 2.44658 2.42047	0 6.42896 0.334975
0.356689 2.33176 2.41742	0 3.75024 0.337039
0.356934 2.43172 2.41532	0 4.98726 0.339977
0.357178 2.34948 2.41436	0 5.12834 0.344654
0.357422 2.52034 2.41467	0 4.54178 0.351397
0.357666 2.30371 2.41636	0 5.58973 0.359628
0.35791 2.61317 2.41946	0 6.18236 0.367901
0.358154 2.37366 2.42393	0 5.51527 0.374341
0.358398 2.02138 2.42963	0 3.80028 0.377289
0.358643 2.71185 2.43625	0 6.02329 0.37589
0.358887 2.5042 2.44338	0 6.09102 0.370381
0.359131 2.07364 2.45047	0 3.49738 0.361997
0.359375 2.48091 2.45697	0 7.27678 0.352537
0.359619 2.89419 2.4624	0 8.52824 0.343783
0.359863 2.28576 2.46648	0 4.7233 0.336956
0.360107 2.51525 2.46924	0 5.53647 0.332426
0.360352 2.79602 2.4711	0 7.33444 0.329762
0.360596 2.63218 2.47277	0 8.31615 0.328113
0.36084 2.22584 2.47521	0 4.94593 0.326743
0.361084 2.28598 2.47944	0 4.1818 0.32549
0.361328 2.38879 2.4863	0 7.22067 0.324949
0.361572 2.47258 2.49625	0 5.40862 0.32629
0.361816 2.26934 2.50924	0 4.71999 0.33081
0.362061 2.56535 2.52465	0 7.06357 0.339388
0.362305 2.14412 2.54133	0 4.39178 0.352052
0.362549 2.46012 2.55782	0 6.28637 0.367798
0.362793 3.30802 2.57249	0 9.88031 0.384698
0.363037 2.66708 2.58388	0 5.61573 0.400233
0.363281 2.76484 2.59082	0 7.85735 0.41176
0.363525 2.71419 2.59262	0 7.35003 0.417038
0.36377 2.55576 2.58905	0 8.58021 0.414734
0.364014 2.43955 2.58035	0 6.10657 0.404825
0.364258 2.94966 2.56709	0 6.724 0.38876
0.364502 2.38917 2.55008	0 4.79782 0.369248
0.364746 2.40865 2.53025	0 7.28108 0.349644
0.36499 2.31592 2.50863	0 3.5032 0.333094
0.365234 2.82959 2.48625	0 7.52964 0.321724
0.365479 2.64343 2.46419	0 6.20735 0.316191
0.365723 2.45588 2.44345	0 4.64594 0.315715
0.365967 2.494 2.42494	0 4.99706 0.318536
0.366211 2.09826 2.40935	0 4.26201 0.322558
0.366455 1.87005 2.39706	0 3.73431 0.325917
0.366699 2.27909 2.38812	0 4.03444 0.327303
0.366943 2.43632 2.38219	0 4.6662 0.326039
0.367188 2.54123 2.37867	0 6.74517 0.321979
0.367432 2.74287 2.37679	0 5.39733 0.315396
0.367676 1.93852 2.37579	0 3.0742 0.306911
0.36792 2.64901 2.37505	0 8.49986 0.29747
0.368164 2.34973 2.37423	0 4.40749 0.288319
0.368408 2.39228 2.37328	0 6.57291 0.280906
0.368652 2.58657 2.37242	0 6.34702 0.27671
0.368896 2.18517 2.37202	0 4.48013 0.277002
0.369141 2.15942 2.37255	0 5.33057 0.282618
0.369385 2.39324 2.37439	0 8.75431 0.293765
0.369629 2.40491 2.37782	0 4.93956 0.309902
0.369873 2.25217 2.38291	0 4.49064 0.329729
0.370117 2.3658 2.3896	0 4.35752 0.351343
0.370361 2.43696 2.39769	0 5.42828 0.372596
0.370605 2.39279 2.40694	0 5.9198 0.391611
0.37085 2.53548 2.41711	0 7.52003 0.407266
0.371094 2.52452 2.42802	0 8.1463 0.419438
0.371338 2.27369 2.43951	0 5.21287 0.428837
0.371582 2.34334 2.45146	0 4.13356 0.436501
0.371826 2.67625 2.46372	0 8.65445 0.443191
0.37207 2.34458 2.47605	0 7.54617 0.448998
0.372314 2.25904 2.48815	0 5.66626 0.453331
0.372559 2.6975 2.49961	0 7.03583 0.455242
0.372803 2.41284 2.50998	0 6.21606 0.45386
0.373047 2.85117 2.51881	0 10.3005 0.448727
0.373291 2.32508 2.52577	0 4.68296 0.439945
0.373535 2.73154 2.53067	0 6.97406 0.428191
0.373779 2.58801 2.53352	0 9.82934 0.414667
0.374023 2.466 2.53455	0 4.86053 0.400987
0.374268 2.84641 2.53413	0 7.62629 0.388959
0.374512 2.25057 2.53278	0 4.16087 0.380233
0.374756 2.3668 2.53104	0 4.20375 0.375941
0.375 2.65469 2.52942	0 5.62023 0.376472
0.375244 2.47749 2.52834	0 8.4298 0.381476
0.375488 2.67397 2.52808	0 5.95418 0.390023
0.375732 2.43845 2.52875	0 4.94572 0.40077
0.375977 2.4309 2.53032	0 5.45569 0.41204
0.376221 2.56704 2.53259	0 7.33617 0.421888
0.376465 2.30551 2.53528	0 6.95087 0.428309
0.376709 2.61606 2.53799	0 6.64013 0.429647
0.376953 2.97429 2.54029	0 8.98726 0.42512
0.377197 2.17671 2.54173	0 4.58112 0.415189
0.377441 2.66159 2.54191	0 7.83472 0.401554
0.377686 2.64486 2.54043	0 5.35912 0.386737
0.37793 2.61047 2.537	0 4.78729 0.37339
0.378174 2.33353 2.53142	0 5.86218 0.363578
0.378418 2.40096 2.52366	0 6.90372 0.358271
0.378662 2.83364 2.51383	0 7.35636 0.35715
0.378906 2.72894 2.50226	0 6.13559 0.358786
0.37915 2.47404 2.48943	0 5.52449 0.361133
0.379395 2.37602 2.47594	0 5.18034 0.362247
0.379639 2.65804 2.46245	0 8.94418 0.361001
0.379883 2.16013 2.44957	0 4.21905 0.357529
0.380127 2.04394 2.4378	0 4.66293 0.353167
0.380371 2.76703 2.42744	0 5.68221 0.34985
0.380615 2.21056 2.41864	0 4.71152 0.34922
0.380859 2.44402 2.41144	0 5.97194 0.351839
0.381104 2.52535 2.40579	0 6.17954 0.356879
0.381348 2.39887 2.4017	0 6.43233 0.362384
0.381592 2.49665 2.39924	0 9.22662 0.36594
0.381836 2.40613 2.39855	0 7.62167 0.365436
0.38208 2.4073 2.39977	0 4.44393 0.359682
0.382324 2.1065 2.40297	0 5.97612 0.348766
0.382568 2.25428 2.40803	0 4.22173 0.334149
0.382812 2.23505 2.4146	0 5.50468 0.318478
0.383057 2.60963 2.42205	0 7.39303 0.305093
0.383301 2.47063 2.42951	0 4.2142 0.297255
0.383545 2.61251 2.43594	0 5.62793 0.297284
0.383789 2.47308 2.44028	0 6.24288 0.305852
0.384033 2.51715 2.44155	0 4.63142 0.321694
0.384277 2.23861 2.43902	0 5.25143 0.341841
0.384521 2.47375 2.43229	0 9.52669 0.36228
0.384766 2.81883 2.4214	0 8.06541 0.378887
0.38501 2.53949 2.40684	0 4.66333 0.388403
0.385254 2.51882 2.38955	0 8.64351 0.389267
0.385498 2.5395 2.3708	0 9.27301 0.382077
0.385742 2.01039 2.35208	0 3.2691 0.369522
0.385986 1.97226 2.33496	0 3.98148 0.355711
0.38623 2.40957 2.32089	0 5.58403 0.345064
0.386475 2.25544 2.31105	0 4.2397 0.341097
0.386719 2.14958 2.30624	0 3.80596 0.345527
0.386963 2.57192 2.30675	0 8.56319 0.357937
0.387207 1.99225 2.31236	0 3.52981 0.376024
0.387451 2.03506 2.32233	0 4.24688 0.396232
0.387695 2.29791 2.33551	0 5.45389 0.414548
0.387939 2.24891 2.35043	0 6.94194 0.427276
0.388184 2.53999 2.36554	0 5.58798 0.431732
0.388428 2.34111 2.37938	0 4.7512 0.426778
0.388672 2.74064 2.39083	0 7.2516 0.413085
0.388916 2.65135 2.39926	0 7.67675 0.392996
0.38916 2.52862 2.40458	0 7.05278 0.369949
0.389404 2.41158 2.40727	0 6.25334 0.347606
0.389648 2.44181 2.4082	0 5.94053 0.328956
0.389893 2.19233 2.40848	0 6.0628 0.3157
0.390137 2.06523 2.40922	0 4.27286 0.308096
0.390381 2.58589 2.41131	0 6.88951 0.30523
0.390625 2.31811 2.41531	0 5.6053 0.305557
0.390869 2.42249 2.42134	0 5.82669 0.307488
0.391113 2.32365 2.42908	0 4.01978 0.309868
0.391357 2.31333 2.43786	0 4.7535 0.312234
0.391602 2.81362 2.44677	0 6.65361 0.314793
0.391846 2.23344 2.45477	0 5.30683 0.318136
0.39209 2.7641 2.46086	0 6.77266 0.322777
0.392334 2.1035 2.46422	0 3.6106 0.328726
0.392578 2.63647 2.4643	0 6.71006 0.335342
0.392822 2.81984 2.4609	0 7.15551 0.341573
0.393066 2.5769 2.45425	0 6.78931 0.346515
0.393311 2.35323 2.44496	0 4.22532 0.349956
0.393555 2.64927 2.43398	0 5.89009 0.352564
0.393799 2.25253 2.42246	0 5.7311 0.355556
0.394043 2.24045 2.41163	0 4.79324 0.359996
0.394287 2.43862 2.40268	0 5.91324 0.366139
0.394531 2.33802 2.39655	0 5.29575 0.373211
0.394775 2.04346 2.39394	0 4.19637 0.379814
0.39502 2.37534 2.39515	0 8.31226 0.384758
0.395264 2.44948 2.40015	0 8.66126 0.387875
0.395508 2.54912 2.40854	0 6.36284 0.390337
0.395752 2.42061 2.41961	0 5.70901 0.39424
0.395996 2.20475 2.43235	0 3.30845 0.401591
0.39624 2.49976 2.44552	0 5.82335 0.413162
0.396484 2.21965 2.45776	0 4.12855 0.427747
0.396729 2.57979 2.46766	0 6.27931 0.442192
0.396973 2.58863 2.47399	0 5.75909 0.452226
0.397217 2.27078 2.47582	0 7.41884 0.453757
0.397461 3.41793 2.47273	0 11.9711 0.444167
0.397705 2.78902 2.46489	0 6.66696 0.423146
0.397949 2.07508 2.45308	0 5.61713 0.392834
0.398193 2.39188 2.43864	0 6.91182 0.357279
0.398438 2.47779 2.42327	0 5.0542 0.321434
0.398682 2.26728 2.40884	0 5.13096 0.289981
0.398926 1.95366 2.39714	0 3.91384 0.266336
0.39917 2.73772 2.3896	0 6.29039 0.25206
0.399414 2.18483 2.38721	0 4.18971 0.246854
0.399658 2.27591 2.39032	0 5.07454 0.249076
0.399902 2.18517 2.39871	0 5.77466 0.256579
0.400146 2.19147 2.41155	0 5.03186 0.267498
0.400391 2.45791 2.42754	0 7.16144 0.280675
0.400635 2.58307 2.44508	0 7.30539 0.295599
0.400879 2.3384 2.46242	0 4.53812 0.311995
0.401123 2.67597 2.47787	0 8.16239 0.329362
0.401367 2.77765 2.48997	0 8.90599 0.346757
0.401611 2.5963 2.49764	0 8.5103 0.362923
0.401855 2.3317 2.50028	0 6.08365 0.376635
0.4021 2.74893 2.4978	0 5.57149 0.387031
0.402344 2.70167 2.49065	0 7.1837 0.393735
0.402588 2.43553 2.4797	0 7.74971 0.396713
0.402832 2.50311 2.46617	0 5.68303 0.395985
0.403076 2.30575 2.45144	0 5.2009 0.391416
0.40332 2.64003 2.43696	0 4.74801 0.382741
0.403564 2.2308 2.424	0 5.68365 0.369852
0.403809 2.26334 2.41356	0 6.73584 0.353192
0.404053 2.47636 2.40622	0 5.06204 0.333992
0.404297 1.93084 2.40212	0 3.4212 0.314198
0.404541 2.61922 2.40095	0 7.03979 0.296081
0.404785 2.10969 2.40206	0 5.50808 0.281711
0.405029 2.56226 2.4046	0 5.16421 0.272539
0.405273 2.43886 2.4077	0 5.73122 0.269241
0.405518 2.59858 2.41061	0 5.51949 0.271834
0.405762 2.69392 2.41286	0 6.08725 0.279933
0.406006 2.43304 2.41423	0 6.61454 0.292963
0.40625 2.14935 2.41476	0 5.54554 0.310187
0.406494 2.50507 2.41462	0 5.01338 0.330527
0.406738 2.17036 2.41398	0 6.88735 0.352284
0.406982 2.48509 2.41284	0 5.20939 0.37298
0.407227 2.55515 2.41104	0 6.25384 0.389529
0.407471 2.08965 2.40822	0 4.25031 0.398829
0.407715 2.35109 2.40393	0 5.22675 0.398657
0.407959 2.6326 2.39776	0 6.40871 0.388547
0.408203 2.62826 2.38952	0 5.41508 0.37025
0.408447 2.6366 2.37934	0 5.93511 0.347471
0.408691 2.48069 2.36769	0 5.2296 0.324886
0.408936 2.41098 2.35538	0 5.61198 0.306775
0.40918 2.03758 2.34337	0 4.8457 0.295791
0.409424 1.86138 2.33266	0 3.95009 0.292344
0.409668 2.35049 2.32405	0 4.16025 0.294768
0.409912 2.40183 2.31808	0 6.41518 0.3001
0.410156 2.40966 2.31491	0 4.50227 0.305101
0.4104 2.12813 2.31437	0 3.08184 0.307139
0.410645 2.23755 2.316	0 6.58482 0.304711
0.410889 2.5849 2.31918	0 6.28132 0.297565
0.411133 2.19885 2.32319	0 5.54522 0.286498
0.411377 2.28767 2.32735	0 4.81609 0.272961
0.411621 2.44959 2.33107	0 5.81279 0.258639
0.411865 2.16369 2.3339	0 4.65428 0.245139
0.412109 2.3335 2.33564	0 5.22486 0.233872
0.412354 2.62166 2.33631	0 5.88124 0.226086
0.412598 2.47001 2.33615	0 4.47032 0.222957
0.412842 2.12642 2.33566	0 4.18905 0.225578
0.413086 2.47394 2.33544	0 6.6103 0.234798
0.41333 2.21109 2.33616	0 4.70564 0.250925
0.413574 2.41996 2.33838	0 4.67639 0.273409
0.413818 2.28382 2.34242	0 6.25495 0.300631
0.414062 1.90978 2.34835	0 2.7717 0.329909
0.414307 2.29059 2.35589	0 4.71743 0.357793
0.414551 2.31283 2.36456	0 6.67041 0.380637
0.414795 2.58313 2.37376	0 5.3853 0.395378
0.415039 2.48689 2.38299	0 6.32805 0.40032
0.415283 2.67137 2.39195	0 8.8265 0.395679
0.415527 2.53683 2.40066	0 5.12608 0.383661
0.415771 2.31651 2.4094	0 4.19579 0.367972
0.416016 2.3816 2.41862	0 3.38728 0.352866
0.41626 2.14585 2.42878	0 5.48427 0.342018
0.416504 2.47183 2.44009	0 3.9418 0.3376
0.416748 2.03582 2.45244	0 3.58071 0.33985
0.416992 2.47409 2.4653	0 6.50728 0.34725
0.417236 2.62735 2.47782	0 5.63704 0.357212
0.41748 2.59235 2.48899	0 6.79143 0.367019
0.417725 2.56039 2.49787	0 7.19967 0.3747
0.417969 2.78512 2.50379	0 6.98629 0.379523
0.418213 2.68175 2.50649	0 6.82868 0.381941
0.418457 2.82112 2.50618	0 8.68194 0.383031
0.418701 2.41957 2.50343	0 5.17077 0.383672
0.418945 2.14374 2.49902	0 7.25712 0.383909
0.419189 2.47993 2.49373	0 6.59774 0.382851
0.419434 1.82857 2.48819	0 3.48786 0.379185
0.419678 3.22328 2.48275	0 13.395 0.372016
0.419922 2.20432 2.47747	0 3.4951 0.361544
0.420166 2.39235 2.47223	0 5.93761 0.349158
0.42041 2.92811 2.4668	0 9.60098 0.336899
0.420654 2.49535 2.46098	0 5.09254 0.326617
0.420898 2.23279 2.45467	0 5.30657 0.319288
0.421143 2.43251 2.44792	0 5.51883 0.3148
0.421387 2.59171 2.44088	0 5.19541 0.31224
0.421631 2.27633 2.43375	0 4.68137 0.310425
0.421875 2.31705 2.42667	0 4.43691 0.308418
0.422119 2.74044 2.41967	0 8.11647 0.305818
0.422363 2.02627 2.41263	0 4.43594 0.302768
0.422607 2.36905 2.40532	0 5.4899 0.299744
0.422852 2.4892 2.39739	0 6.38323 0.29724
0.423096 2.57711 2.38846	0 5.38043 0.295477
0.42334 2.64223 2.37818	0 5.94764 0.294286
0.423584 2.20422 2.36628	0 4.87668 0.293204
0.423828 2.32185 2.35261	0 6.47323 0.291733
0.424072 2.25149 2.33713	0 4.8829 0.289608
0.424316 2.28424 2.31999	0 4.24539 0.2869
0.424561 2.38376 2.30149	0 6.04188 0.283894
0.424805 2.64181 2.28211	0 4.92053 0.280819
0.425049 1.95315 2.26253	0 4.22383 0.277615
0.425293 2.37821 2.24356	0 6.04164 0.273926
0.425537 2.30227 2.22614	0 6.5466 0.269313
0.425781 2.15534 2.21121	0 4.50906 0.263582
0.426025 2.03915 2.19966	0 4.24285 0.257
0.42627 2.05605 2.19217	0 4.55535 0.250277
0.426514 1.69985 2.18917	0 2.5847 0.244348
0.426758 2.27775 2.19077	0 4.90116 0.24009
0.427002 2.25867 2.19677	0 4.61077 0.238167
0.427246 2.41667 2.20668	0 6.44468 0.239031
0.42749 2.3217 2.21978	0 5.26419 0.243014
0.427734 1.9143 2.23517	0 3.22351 0.250359
0.427979 2.10207 2.25185	0 4.32828 0.261101
0.428223 2.07903 2.26885	0 3.50619 0.274829
0.428467 2.43585 2.28526	0 4.34711 0.290497
0.428711 2.59596 2.3004	0 5.36228 0.306452
0.428955 2.49934 2.31382	0 8.3788 0.32078
0.429199 2.33497 2.32541	0 5.27743 0.331865
0.429443 2.46993 2.33535	0 4.91437 0.338944
0.429688 2.35937 2.34407	0 5.75667 0.342402
0.429932 2.02779 2.35214	0 3.90361 0.343668
0.430176 2.29104 2.36009	0 7.91336 0.344712
0.43042 2.29812 2.36829	0 5.20118 0.347337
0.430664 2.61813 2.37685	0 6.46481 0.352484
0.430908 2.20957 2.38555	0 3.73626 0.359797
0.431152 2.48856 2.39388	0 5.62652 0.367643
0.431396 2.43302 2.40109	0 6.44293 0.373612
0.431641 1.96018 2.40638	0 4.11199 0.375394
0.431885 2.7895 2.40904	0 8.226 0.371685
0.432129 2.71655 2.40863	0 5.90909 0.362722
0.432373 2.458 2.40511	0 6.27927 0.350194
0.432617 2.47873 2.39888	0 6.60631 0.336554
0.432861 2.61205 2.39077	0 8.13371 0.324092
0.433105 2.41923 2.38184	0 5.76815 0.314221
0.43335 2.13111 2.37327	0 4.0213 0.307233
0.433594 2.05628 2.36613	0 7.66404 0.302519
0.433838 2.11005 2.36119	0 4.13114 0.298984
0.434082 2.4016 2.35885	0 6.88838 0.295433
0.434326 2.12553 2.35913	0 3.66258 0.290832
0.43457 2.58668 2.36173	0 5.53632 0.284503
0.434814 2.84578 2.36617	0 6.58463 0.276313
0.435059 2.26372 2.37185	0 4.2302 0.26681
0.435303 2.17688 2.37817	0 3.2179 0.257218
0.435547 2.16615 2.38453	0 4.06297 0.249182
0.435791 2.57309 2.39035	0 5.19813 0.244302
0.436035 2.4226 2.39501	0 6.36272 0.243629
0.436279 2.27346 2.39784	0 5.26382 0.247273
0.436523 2.39108 2.3982	0 5.38871 0.254311
0.436768 2.57443 2.39552	0 6.19358 0.262987
0.437012 2.41867 2.38944	0 4.90577 0.271147
0.437256 2.47465 2.37993	0 7.64034 0.276775
0.4375 2.85227 2.36736	0 8.16158 0.278475
0.437744 2.38182 2.35251	0 5.3376 0.275806
0.437988 2.1943 2.3365	0 4.06533 0.269375
0.438232 2.01309 2.32067	0 3.42394 0.260682
0.438477 2.37869 2.30637	0 6.1755 0.251718
0.438721 2.34742 2.29476	0 4.3257 0.244426
0.438965 1.89165 2.28671	0 3.42146 0.240185
0.439209 2.10306 2.28269	0 4.58519 0.239495
0.439453 2.31966 2.28275	0 5.81915 0.241983
0.439697 2.3359 2.28659	0 5.26632 0.246703
0.439941 2.34889 2.29368	0 5.01732 0.252529
0.440186 2.3049 2.30332	0 5.34593 0.258466
0.44043 2.45804 2.31476	0 6.2525 0.263731
0.440674 2.13408 2.32724	0 4.8492 0.267673
0.440918 2.13337 2.34004	0 4.76822 0.269683
0.441162 2.38923 2.35249	0 5.30939 0.269253
0.441406 2.57842 2.36397	0 6.38433 0.266192
0.44165 2.50165 2.37397	0 4.71614 0.260878
0.441895 2.26029 2.38209	0 4.6237 0.254352
0.442139 2.37748 2.38809	0 6.84291 0.248119
0.442383 2.56462 2.39197	0 5.63012 0.24368
0.442627 2.46913 2.39392	0 7.55341 0.242008
0.442871 2.44008 2.39433	0 4.98272 0.243249
0.443115 2.33036 2.39378	0 4.80092 0.24686
0.443359 2.50819 2.39288	0 6.64789 0.252136
0.443604 2.26087 2.39222	0 5.46998 0.258807
0.443848 2.2434 2.39225	0 4.389 0.267285
0.444092 2.39958 2.39322	0 6.23775 0.278313
0.444336 2.2353 2.39514	0 4.79235 0.29217
0.44458 2.62287 2.39777	0 5.07534 0.307921
0.444824 2.09596 2.40073	0 5.05545 0.323264
0.445068 2.42078 2.40354	0 6.78964 0.335196
0.445312 2.88781 2.40576	0 10.8769 0.341239
0.445557 2.56627 2.40701	0 6.07641 0.340579
0.445801 2.10173 2.40711	0 3.62687 0.334502
0.446045 2.29662 2.40603	0 5.09838 0.325904
0.446289 2.22202 2.40398	0 4.22546 0.318155
0.446533 2.77941 2.4013	0 5.51797 0.3139
0.446777 2.35876 2.39845	0 6.03459 0.31432
0.447021 2.66931 2.3959	0 6.03315 0.319062
0.447266 2.35074 2.39404	0 5.65757 0.326691
0.44751 1.90758 2.39309	0 3.64188 0.335348
0.447754 2.43305 2.39297	0 8.91699 0.343293
0.447998 2.31253 2.3933	0 4.36738 0.349193
0.448242 2.38799 2.39342	0 3.39086 0.35217
0.448486 2.30934 2.39247	0 6.52774 0.351736
0.44873 2.58408 2.38954	0 5.84334 0.347764
0.448975 2.54759 2.38393	0 6.01265 0.340549
0.449219 2.58426 2.37527	0 7.05612 0.330921
0.449463 2.6264 2.36368	0 8.16769 0.320253
0.449707 2.19127 2.3498	0 4.2819 0.310261
0.449951 2.50056 2.33475	0 4.55634 0.302563
0.450195 2.13895 2.31994	0 4.10866 0.298154
0.450439 2.26463 2.30689	0 5.42416 0.297016
0.450684 2.00017 2.29698	0 3.28832 0.298076
0.450928 2.19501 2.29126	0 5.54356 0.299562
0.451172 2.31712 2.29032	0 8.53657 0.299642
0.451416 2.0078 2.29422	0 4.14437 0.297079
0.45166 2.29346 2.30249	0 4.58787 0.291639
0.451904 2.38409 2.31429	0 5.6334 0.284141
0.452148 2.09361 2.32847	0 5.9187 0.276154
0.452393 2.68858 2.34374	0 6.46026 0.269535
0.452637 2.211 2.35884	0 5.87097 0.265971
0.452881 2.60645 2.37259	0 5.10907 0.266655
0.453125 2.40663 2.38404	0 4.93986 0.272122
0.453369 2.29683 2.39249	0 4.46357 0.282179
0.453613 2.47951 2.39755	0 4.83169 0.295938
0.453857 2.28807 2.3991	0 6.67995 0.311951
0.454102 2.72004 2.39736	0 7.79026 0.328496
0.454346 2.64639 2.39282	0 8.72282 0.343952
0.45459 2.54633 2.38619	0 5.01091 0.357121
0.454834 1.87358 2.37834	0 3.01695 0.367318
0.455078 2.33013 2.37023	0 4.75393 0.374239
0.455322 2.37192 2.36278	0 6.07432 0.377717
0.455566 2.42803 2.35684	0 5.61845 0.3776
0.455811 2.46633 2.35303	0 9.17868 0.373856
0.456055 2.27665 2.35176	0 3.77049 0.3668
0.456299 1.86972 2.35311	0 4.15967 0.357272
0.456543 2.64629 2.35692	0 5.97899 0.346564
0.456787 2.14306 2.36272	0 4.87563 0.336116
0.457031 2.52539 2.36984	0 5.51254 0.327066
0.457275 2.25109 2.37746	0 5.3495 0.319888
0.45752 2.413 2.38468	0 6.87736 0.314282
0.457764 2.50441 2.39069	0 5.50801 0.309403
0.458008 2.45146 2.3948	0 6.43747 0.304343
0.458252 2.50622 2.39654	0 5.14047 0.29862
0.458496 2.45603 2.39572	0 6.3107 0.292405
0.45874 2.51954 2.39243	0 4.67855 0.286363
0.458984 2.35317 2.38698	0 4.55623 0.281236
0.459229 2.39761 2.37991	0 5.30277 0.277492
0.459473 2.01403 2.37186	0 5.36303 0.275299
0.459717 2.59027 2.36349	0 5.48899 0.274829
0.459961 2.56012 2.35539	0 7.38951 0.276622
0.460205 2.40452 2.34798	0 5.00537 0.281653
0.460449 2.12192 2.34147	0 3.10587 0.290939
0.460693 2.13068 2.33583	0 2.53664 0.304839
0.460938 1.96615 2.33079	0 4.74811 0.322443
0.461182 2.48536 2.32595	0 6.55296 0.341425
0.461426 2.86847 2.32085	0 7.08793 0.35854
0.46167 2.00186 2.31511	0 4.11917 0.370571
0.461914 2.67344 2.30854	0 9.60327 0.375367
0.462158 2.18202 2.30119	0 4.82748 0.372502
0.462402 2.49824 2.29337	0 5.23922 0.36331
0.462646 2.09051 2.28555	0 4.96713 0.35032
0.462891 2.05809 2.27832	0 3.04061 0.33639
0.463135 2.3612 2.2722	0 4.55783 0.323937
0.463379 1.84516 2.26761	0 2.7523 0.31454
0.463623 2.75586 2.26469	0 6.4159 0.30893
0.463867 2.23434 2.26336	0 5.30678 0.307185
0.464111 2.12147 2.26329	0 5.16356 0.30889
0.464355 2.06036 2.26396	0 6.4704 0.313172
0.4646 2.22494 2.26477	0 7.80348 0.318681
0.464844 2.46776 2.26514	0 6.36483 0.323713
0.465088 2.21845 2.26463	0 5.37741 0.326561
0.465332 2.43241 2.26299	0 8.88403 0.326007
0.465576 2.66478 2.26023	0 6.46736 0.321706
0.46582 1.90306 2.25659	0 3.70579 0.314194
0.466064 2.38888 2.25251	0 6.5104 0.3045
0.466309 2.03962 2.24849	0 5.72823 0.293556
0.466553 2.20458 2.24506	0 5.19568 0.281775
0.466797 2.10247 2.24262	0 4.75822 0.269063
0.467041 2.34992 2.24145	0 7.01134 0.255232
0.467285 2.05417 2.24165	0 5.44583 0.240507
0.467529 2.44011 2.24319	0 5.4444 0.225812
0.467773 2.4396 2.2459	0 6.59292 0.212663
0.468018 2.02234 2.24955	0 3.99824 0.202771
0.468262 2.25527 2.25384	0 4.23438 0.197605
0.468506 2.10862 2.25848	0 3.9722 0.198089
0.46875 2.36391 2.26312	0 5.53244 0.204478
0.468994 2.07573 2.26747	0 4.97344 0.216314
0.469238 2.50021 2.27127	0 5.78796 0.232402
0.469482 2.44525 2.27435	0 6.30204 0.250838
0.469727 2.31005 2.27665	0 4.74623 0.269199
0.469971 2.20611 2.27827	0 4.17403 0.284973
0.470215 2.07524 2.27948	0 4.1371 0.296176
0.470459 2.31258 2.28067	0 5.88434 0.301932
0.470703 2.65243 2.28235	0 7.71646 0.302716
0.470947 2.01317 2.28511	0 3.93122 0.300103
0.471191 2.24719 2.28953	0 5.29728 0.296093
0.471436 2.2666 2.29612	0 5.26939 0.292338
0.47168 2.26255 2.30527	0 5.29955 0.28966
0.471924 2.12296 2.3172	0 5.02186 0.288078
0.472168 2.50615 2.3319	0 8.85567 0.287295
0.472412 2.16376 2.34915	0 3.87146 0.287309
0.472656 2.38082 2.3685	0 6.90261 0.288772
0.4729 2.13845 2.3893	0 4.03652 0.292861
0.473145 2.54104 2.41074	0 6.19862 0.300699
0.473389 2.61151 2.43194	0 5.37429 0.312616
0.473633 2.66858 2.45196	0 6.67498 0.327662
0.473877 2.29651 2.46991	0 5.65841 0.343694
0.474121 2.25233 2.485	0 8.08403 0.358065
0.474365 2.55655 2.49659	0 8.95812 0.368637
0.474609 3.07951 2.50429	0 11.2942 0.374608
0.474854 2.38069 2.50795	0 5.52124 0.376729
0.475098 2.45818 2.50773	0 6.11109 0.376786
0.475342 2.66731 2.50408	0 5.60314 0.376647
0.475586 2.7854 2.49764	0 6.83239 0.377357
0.47583 2.3994 2.4892	0 5.09493 0.378717
0.476074 2.24205 2.47956	0 4.77992 0.379491
0.476318 2.27241 2.46942	0 7.48743 0.378062
0.476562 2.55362 2.45931	0 6.18511 0.373215
0.476807 2.46326 2.44954	0 5.92916 0.364712
0.477051 2.5412 2.4402	0 6.30582 0.353504
0.477295 2.34113 2.43126	0 4.30611 0.341572
0.477539 2.35163 2.42261	0 7.18432 0.331469
0.477783 2.40181 2.41421	0 5.7623 0.325705
0.478027 2.79853 2.40609	0 5.91269 0.326099
0.478271 2.1427 2.39843	0 3.53387 0.333272
0.478516 2.53289 2.3915	0 5.85549 0.346427
0.47876 2.26563 2.38562	0 8.10509 0.363542
0.479004 2.33653 2.38103	0 7.79066 0.381917
0.479248 2.20801 2.37782	0 4.07706 0.398884
0.479492 2.39254 2.37587	0 5.9751 0.412383
0.479736 2.29446 2.37484	0 4.82198 0.421217
0.47998 2.12642 2.37418	0 10.7769 0.424968
0.480225 2.83995 2.3733	0 6.19633 0.423714
0.480469 2.20493 2.37166	0 5.15584 0.417781
0.480713 2.54187 2.36888	0 5.35852 0.407628
0.480957 2.54275 2.36487	0 5.04415 0.393877
0.481201 2.46449 2.35978	0 7.78375 0.377363
0.481445 2.25419 2.35404	0 4.87893 0.359121
0.481689 2.16472 2.34821	0 5.43667 0.340258
0.481934 2.20065 2.3429	0 4.39366 0.321762
0.482178 2.39242 2.33861	0 6.23732 0.304364
0.482422 2.39801 2.33567	0 5.3583 0.288574
0.482666 2.19534 2.33421	0 4.65157 0.274873
0.48291 2.21331 2.33409	0 5.59992 0.263953
0.483154 2.48837 2.33498	0 5.80775 0.256821
0.483398 2.57621 2.33639	0 5.96117 0.254597
0.483643 2.04709 2.33777	0 3.86438 0.258076
0.483887 2.31818 2.33852	0 4.17626 0.267259
0.484131 2.19645 2.33816	0 5.65172 0.281142
0.484375 2.56507 2.33631	0 7.43102 0.297889
0.484619 2.57248 2.33284	0 6.00758 0.31532
0.484863 2.44062 2.32779	0 3.38411 0.33143
0.485107 2.12811 2.32144	0 4.12561 0.344731
0.485352 2.47637 2.31423	0 6.8906 0.354324
0.485596 2.26206 2.30667	0 5.10051 0.359818
0.48584 2.18132 2.29924	0 3.83946 0.361255
0.486084 2.12213 2.29233	0 4.85197 0.35908
0.486328 2.19211 2.28621	0 4.54317 0.354131
0.486572 2.32611 2.28097	0 5.4739 0.347529
0.486816 2.33698 2.2766	0 5.1654 0.340448
0.487061 2.42577 2.27304	0 5.93992 0.333837
0.487305 2.36793 2.27021	0 5.29445 0.328229
0.487549 2.36984 2.26807	0 4.27024 0.323726
0.487793 1.84602 2.26661	0 3.48569 0.320121
0.488037 2.12187 2.26584	0 4.15353 0.317061
0.488281 2.34624 2.26576	0 5.7664 0.314144
0.488525 2.55509 2.26631	0 5.14887 0.310932
0.48877 2.30946 2.26738	0 5.24954 0.306957
0.489014 1.84842 2.26877	0 3.37977 0.301807
0.489258 2.60882 2.27022	0 8.0822 0.295311
0.489502 2.13483 2.27148	0 4.66739 0.287718
0.489746 2.2014 2.27236	0 5.86457 0.279724
0.48999 2.22448 2.27279	0 3.98666 0.272302
0.490234 2.41959 2.2729	0 4.56174 0.266404
0.490479 2.42952 2.273	0 6.36989 0.262689
0.490723 2.49775 2.2736	0 6.00547 0.261407
0.490967 2.21479 2.27532	0 5.66956 0.26243
0.491211 1.96969 2.27874	0 3.97681 0.265355
0.491455 2.16628 2.28427	0 3.78162 0.26962
0.491699 2.1092 2.29206	0 4.21298 0.274608
0.491943 2.06225 2.30183	0 4.06012 0.279783
0.492188 2.6123 2.31297	0 5.39258 0.284805
0.492432 2.35223 2.32452	0 5.91211 0.289596
0.492676 2.26342 2.33534	0 5.02787 0.294269
0.49292 2.44811 2.34429	0 6.00536 0.298966
0.493164 2.48936 2.35039	0 5.62387 0.303692
0.493408 2.56378 2.35296	0 8.15271 0.308286
0.493652 2.35121 2.35169	0 4.24712 0.312536
0.493896 2.39065 2.3467	0 4.12061 0.31635
0.494141 2.2819 2.33849	0 5.52828 0.319821
0.494385 2.55496 2.32788	0 5.80888 0.323128
0.494629 2.31876 2.31585	0 4.32335 0.326293
0.494873 2.22927 2.30347	0 4.4635 0.328982
0.495117 2.08706 2.29176	0 4.40896 0.330504
0.495361 2.23437 2.28157	0 4.12594 0.33005
0.495605 2.33128 2.27351	0 6.06868 0.32712
0.49585 2.18923 2.26786	0 5.80653 0.321903
0.496094 2.13222 2.26453	0 4.02525 0.31542
0.496338 2.43248 2.263	0 5.93211 0.30931
0.496582 1.94599 2.26225	0 3.55038 0.305305
0.496826 2.37142 2.26072	0 6.07283 0.304623
0.49707 2.57163 2.25628	0 5.58577 0.307513
0.497314 1.90977 2.24618	0 3.14092 0.313134
0.497559 2.23965 2.22718	0 7.57085 0.319782
0.497803 2.26754 2.19566	0 3.92848 0.325333
0.498047 2.77284 2.14793	0 8.5309 0.327721
0.498291 2.31618 2.08063	0 5.38993 0.325275
0.498535 2.43922 1.99121	0 5.29149 0.316878
0.498779 2.24948 1.87845	0 4.61783 0.301975
0.499023 2.10698 1.74283	0 5.40452 0.28054
0.499268 2.29652 1.58683	0 7.12059 0.253075
0.499512 2.29582 1.41486	0 5.0353 0.220669
0.499756 2.18305 1.04823	0 8.93827 0.148415
