0 0 3.2607	0 0 1.50823
0.000244141 6.38816 3.88406	0 43.0136 1.95537
0.000488281 6.3265 4.52682	0 43.1499 2.42046
0.000732422 7.68308 5.17396	0 60.168 2.88428
0.000976562 6.22217 5.81317	0 35.1624 3.34239
0.0012207 7.0303 6.43594	0 53.0696 3.80962
0.00146484 6.90852 7.038	0 40.7219 4.31694
0.00170898 7.18023 7.61895	0 39.8414 4.90122
0.00195312 7.52729 8.18151	0 58.1738 5.592
0.00219727 8.13089 8.73053	0 71.892 6.40127
0.00244141 10.6917 9.27203	0 128.673 7.32038
0.00268555 10.4228 9.81259	0 94.0955 8.32447
0.00292969 11.1661 10.3588	0 186.317 9.381
0.00317383 9.0238 10.917	0 75.2786 10.4579
0.00341797 10.5419 11.4929	0 113.379 11.5296
0.00366211 11.5296 12.0916	0 139.374 12.5821
0.00390625 13.6341 12.7168	0 229.295 13.6201
0.00415039 13.0534 13.3703	0 158.19 14.6765
0.00439453 12.5668 14.0518	0 133.217 15.8231
0.00463867 15.367 14.7577	0 369.495 17.1774
0.00488281 12.7996 15.4816	0 161.523 18.9033
0.00512695 14.4969 16.2141	0 222.902 21.2013
0.00537109 19.8491 16.9431	0 395.343 24.2816
0.00561523 18.7249 17.6547	0 403.371 28.3155
0.00585938 18.8405 18.3352	0 283.757 33.3685
0.00610352 16.9748 18.9717	0 261.348 39.3314
0.00634766 23.5113 19.554	0 434.411 45.8841
0.0065918 20.5149 20.0757	0 852.038 52.5228
0.00683594 21.8968 20.5349	0 461.655 58.6563
0.00708008 25.6539 20.9338	0 1257.53 63.7433
0.00732422 20.794 21.2781	0 505.481 67.4155
0.00756836 21.6434 21.5756	0 442.406 69.5411
0.0078125 18.9775 21.8343	0 364.861 70.2143
0.00805664 20.6065 22.0615	0 361.931 69.696
0.00830078 22.1731 22.2619	0 432.003 68.3469
0.00854492 25.27 22.4383	0 775.789 66.5786
0.00878906 23.8387 22.5914	0 564.801 64.8244
0.0090332 22.2942 22.7212	0 713.65 63.5081
0.00927734 21.447 22.8285	0 588.437 63.0003
0.00952148 25.1392 22.9158	0 718.634 63.5682
0.00976562 22.699 22.9883	0 449.255 65.3396
0.0100098 25.6976 23.0534	0 845.523 68.2979
0.0102539 25.1978 23.1196	0 544.938 72.3007
0.010498 20.5872 23.1948	0 579.324 77.0994
0.0107422 21.6525 23.2842	0 565.704 82.3401
0.0109863 18.992 23.3884	0 385.913 87.55
0.0112305 20.9469 23.5028	0 1146.14 92.1416
0.0114746 24.549 23.6182	0 748.001 95.4736
0.0117188 25.8525 23.7221	0 600.177 96.979
0.0119629 26.0526 23.8021	0 1049.66 96.329
0.012207 25.6057 23.8481	0 1183.91 93.5605
0.0124512 26.3312 23.8553	0 672.967 89.0987
0.0126953 28.2682 23.8257	0 831.716 83.6481
0.0129395 22.9831 23.7673	0 544.613 77.9935
0.0131836 21.5882 23.6936	0 368.479 72.7956
0.0134277 18.1563 23.6208	0 321.174 68.4644
0.0136719 24.4654 23.5652	0 624.087 65.1481
0.013916 25.4259 23.5404	0 637.5 62.8133
0.0141602 22.7609 23.5558	0 486.92 61.3563
0.0144043 20.09 23.6155	0 464.455 60.6883
0.0146484 21.4573 23.7179	0 596.533 60.7656
0.0148926 26.3188 23.8566	0 966.748 61.5693
0.0151367 25.3001 24.0217	0 933.418 63.0609
0.0153809 22.0677 24.2014	0 378.651 65.138
0.015625 21.6811 24.3836	0 396.447 67.6102
0.0158691 28.6849 24.5581	0 774.917 70.2045
0.0161133 24.9236 24.718	0 844.161 72.6034
0.0163574 25.4179 24.8609	0 513.597 74.5086
0.0166016 26.8152 24.9896	0 838.664 75.7164
0.0168457 27.801 25.1116	0 786.091 76.1766
0.0170898 24.8318 25.2381	0 390.523 76.013
0.017334 21.9376 25.3823	0 702.767 75.4913
0.0175781 23.763 25.557	0 671.15 74.9464
0.0178223 24.5111 25.7726	0 546.233 74.7007
0.0180664 22.5351 26.0351	0 539.669 75.0069
0.0183105 28.6301 26.3452	0 767.858 76.0331
0.0185547 27.4029 26.6977	0 1149.19 77.8777
0.0187988 24.2781 27.0819	0 591.481 80.5808
0.019043 27.6947 27.4833	0 1008.06 84.1075
0.0192871 28.4562 27.8849	0 578.493 88.3024
0.0195312 26.3637 28.27	0 652.146 92.8508
0.0197754 30.8115 28.6242	0 1004.95 97.2863
0.0200195 29.3859 28.9379	0 1038.44 101.064
0.0202637 35.4171 29.2075	0 1370.21 103.684
0.0205078 29.0677 29.4358	0 772.956 104.82
0.020752 34.3727 29.6313	0 1644.77 104.411
0.0209961 27.5123 29.8058	0 924.018 102.69
0.0212402 27.6839 29.9721	0 631.484 100.153
0.0214844 25.7082 30.1407	0 864.026 97.4734
0.0217285 26.1731 30.3179	0 887.278 95.3843
0.0219727 31.8941 30.5049	0 1008.39 94.5401
0.0222168 34.9603 30.6981	0 1144.67 95.3895
0.0224609 27.8365 30.8913	0 700.079 98.0834
0.0227051 36.5963 31.0777	0 1696.28 102.441
0.0229492 29.2157 31.2532	0 734.76 107.985
0.0231934 34.102 31.418	0 1065.65 114.039
0.0234375 32.5382 31.5772	0 1404.46 119.874
0.0236816 31.7953 31.7409	0 1149.66 124.866
0.0239258 27.877 31.9224	0 762.95 128.64
0.0241699 34.2944 32.1362	0 1848.87 131.174
0.0244141 31.0468 32.3962	0 837.479 132.818
0.0246582 25.355 32.7136	0 786.958 134.234
0.0249023 33.3591 33.0963	0 1358.52 136.265
0.0251465 36.0626 33.5487	0 1552.5 139.755
0.0253906 34.1341 34.0716	0 1226.25 145.351
0.0256348 34.29 34.663	0 1237.6 153.341
0.0258789 33.9208 35.3181	0 1026.37 163.554
0.026123 31.5536 36.0299	0 801.286 175.362
0.0263672 38.2441 36.7887	0 1742.05 187.777
0.0266113 36.8638 37.5828	0 1455.13 199.626
0.0268555 40.0639 38.3981	0 1738.89 209.747
0.0270996 36.6743 39.2201	0 1478.68 217.177
0.0273438 37.5103 40.0346	0 1278.87 221.305
0.0275879 40.4671 40.8302	0 2155.89 221.981
0.027832 50.5998 41.6005	0 2977.98 219.578
0.0280762 46.6788 42.345	0 2990.1 214.964
0.0283203 42.2763 43.0702	0 1760.78 209.396
0.0285645 36.6805 43.7883	0 1480.47 204.31
0.0288086 46.4288 44.5149	0 2501.52 201.084
0.0290527 48.8556 45.2665	0 4157.79 200.795
0.0292969 43.3562 46.0564	0 1432.48 204.047
0.029541 41.4468 46.8925	0 1445.8 210.882
0.0297852 45.6129 47.7758	0 2542.71 220.778
0.0300293 44.6026 48.7006	0 2056.8 232.764
0.0302734 47.2104 49.6566	0 1547.79 245.663
0.0305176 55.1208 50.632	0 4409.35 258.425
0.0307617 64.153 51.6166	0 3921.59 270.488
0.0310059 52.126 52.605	0 2544.6 281.984
0.03125 47.0855 53.5976	0 2576.08 293.684
0.0314941 57.2872 54.6013	0 2382.57 306.636
0.0317383 54.7659 55.6276	0 3938.82 321.629
0.0319824 50.2167 56.6911	0 1960.66 338.748
0.0322266 51.8469 57.8072	0 2800.28 357.246
0.0324707 65.1422 58.9906	0 6348.82 375.816
0.0327148 63.2828 60.2537	0 5636.66 393.146
0.032959 62.825 61.6063	0 2837.04 408.449
0.0332031 58.0309 63.0558	0 3389.37 421.7
0.0334473 60.244 64.607	0 4193.96 433.486
0.0336914 59.0405 66.2634	0 4438.86 444.57
0.0339355 68.5392 68.0276	0 5750.17 455.455
0.0341797 68.0128 69.903	0 4337.32 466.189
0.0344238 79.5046 71.894	0 6305.11 476.513
0.034668 78.2148 74.0072	0 4735.09 486.245
0.0349121 65.5299 76.2508	0 4844.61 495.683
0.0351562 77.9425 78.6345	0 4935.28 505.847
0.0354004 81.7774 81.1688	0 6012.33 518.44
0.0356445 69.4359 83.8641	0 2965.79 535.619
0.0358887 84.7064 86.7314	0 8412 559.674
0.0361328 93.9655 89.7823	0 8634.81 592.762
0.036377 89.2822 93.0303	0 8585.17 636.723
0.0366211 100.877 96.4907	0 7787.7 692.897
0.0368652 101.39 100.18	0 8535.59 761.862
0.0371094 103.635 104.114	0 9268.05 842.998
0.0373535 98.8743 108.306	0 8601.54 934.031
0.0375977 91.7072 112.761	0 8974.68 1030.85
0.0378418 109.705 117.478	0 11762.8 1127.97
0.0380859 122.828 122.447	0 13567.8 1219.79
0.0383301 125.586 127.653	0 15405.2 1302.27
0.0385742 157.886 133.076	0 29235.9 1374.14
0.0388184 138.875 138.695	0 18765.5 1437.06
0.0390625 118.947 144.492	0 10421.5 1494.28
0.0393066 147.297 150.451	0 20825.8 1548.9
0.0395508 159.286 156.557	0 25230.9 1602.88
0.0397949 156.954 162.794	0 18852.4 1657.88
0.0400391 164.501 169.146	0 29209 1717.46
0.0402832 192.744 175.591	0 40585 1789
0.0405273 189.341 182.099	0 38820.1 1883.28
0.0407715 162.282 188.631	0 23174.9 2011.26
0.0410156 209.007 195.141	0 37036.9 2179.39
0.0412598 175.135 201.573	0 24606 2386.29
0.0415039 204.9 207.864	0 45879.5 2623.25
0.041748 259.245 213.95	0 84676.8 2878.24
0.0419922 233.331 219.761	0 66290.4 3141.03
0.0422363 211.595 225.226	0 38088.4 3405.84
0.0424805 226.998 230.272	0 40127.5 3669.57
0.0427246 228.743 234.821	0 54002.7 3927.01
0.0429688 269.076 238.785	0 68536.2 4166.56
0.0432129 260.016 242.07	0 94292.2 4369.92
0.043457 220.309 244.577	0 34755.6 4516.52
0.0437012 269.028 246.205	0 82462.4 4590.33
0.0439453 264.347 246.864	0 49578.5 4585.27
0.0441895 256.348 246.486	0 82789 4506.47
0.0444336 281.135 245.035	0 86370.7 4367.51
0.0446777 273.016 242.52	0 59250.9 4185.58
0.0449219 261.072 238.994	0 72926.4 3977.08
0.045166 233.97 234.555	0 54700.6 3755.15
0.0454102 212.459 229.337	0 33808.6 3529.04
0.0456543 251.099 223.493	0 56273.1 3304.8
0.0458984 213.967 217.181	0 44806.7 3086.15
0.0461426 221.692 210.548	0 51462.7 2875.21
0.0463867 182.891 203.715	0 24386.6 2672.78
0.0466309 186.536 196.771	0 29723 2478.39
0.046875 180.822 189.77	0 31055.8 2290.72
0.0471191 192.264 182.739	0 57889 2108.59
0.0473633 175.98 175.684	0 34450 1932.17
0.0476074 193.675 168.605	0 29756.9 1763.93
0.0478516 148.208 161.5	0 19466 1608.49
0.0480957 166.8 154.382	0 25916.6 1471.36
0.0483398 146.237 147.276	0 15774.4 1357.06
0.048584 129.596 140.221	0 18489.7 1267.43
0.0488281 127.83 133.267	0 17546.1 1200.67
0.0490723 123.965 126.472	0 13926.4 1151.43
0.0493164 127.665 119.891	0 12086.9 1111.69
0.0495605 93.8536 113.575	0 6751.01 1072.29
0.0498047 108.608 107.565	0 15567.3 1024.92
0.0500488 105.636 101.891	0 14703.8 964.012
0.050293 82.216 96.5685	0 7022.72 888.144
0.0505371 84.2144 91.6006	0 8132.31 800.24
0.0507812 81.563 86.9791	0 5862.81 706.494
0.0510254 71.1905 82.6866	0 4186.15 614.301
0.0512695 83.7924 78.7004	0 6906.72 530.036
0.0515137 74.1612 74.9955	0 4114.23 457.522
0.0517578 75.1396 71.5473	0 7111.77 397.662
0.052002 70.7534 68.3338	0 6726.62 349.128
0.0522461 51.2979 65.3361	0 2773.28 309.589
0.0524902 55.7795 62.5374	0 2620.17 276.832
0.0527344 63.3399 59.9224	0 4704.54 249.382
0.0529785 51.1739 57.4756	0 2566.49 226.519
0.0532227 56.9764 55.1814	0 3348.69 207.922
0.0534668 51.0409 53.0237	0 3290.44 193.245
0.0537109 44.7268 50.9873	0 2263.85 181.87
0.0539551 59.3998 49.0588	0 3431.39 172.92
0.0541992 47.5347 47.2276	0 2580.56 165.429
0.0544434 40.3604 45.4865	0 1731.11 158.532
0.0546875 41.3988 43.8311	0 1334.71 151.573
0.0549316 33.9425 42.2594	0 1816.5 144.121
0.0551758 43.3701 40.7706	0 1977.21 135.94
0.0554199 40.9158 39.3641	0 1786.02 126.994
0.0556641 43.8252 38.0391	0 3167.62 117.461
0.0559082 31.9812 36.7935	0 845.424 107.74
0.0561523 32.5457 35.6247	0 820.238 98.3828
0.0563965 30.8527 34.5293	0 678.53 89.9504
0.0566406 26.8826 33.504	0 643.691 82.8385
0.0568848 38.4493 32.5464	0 1289.32 77.1629
0.0571289 36.6361 31.6557	0 1182.34 72.7615
0.057373 28.226 30.8328	0 832.306 69.3108
0.0576172 31.0265 30.0798	0 1000.66 66.492
0.0578613 26.6785 29.3993	0 634.484 64.1173
0.0581055 24.1764 28.7924	0 570.174 62.1604
0.0583496 28.14 28.2575	0 1087.23 60.6875
0.0585938 23.0604 27.7888	0 505.335 59.7395
0.0588379 26.6608 27.3763	0 728.662 59.2354
0.059082 26.5752 27.0064	0 767.177 58.9486
0.0593262 29.6199 26.6639	0 910.509 58.5696
0.0595703 26.7155 26.334	0 997.988 57.8206
0.0598145 31.449 26.0043	0 953.371 56.5641
0.0600586 25.8474 25.6664	0 542.847 54.8483
0.0603027 20.4645 25.3163	0 424.7 52.8704
0.0605469 26.964 24.9545	0 796.907 50.8762
0.060791 23.4396 24.5847	0 558.246 49.0517
0.0610352 23.2061 24.2133	0 464.447 47.4541
0.0612793 22.9782 23.848	0 610.65 46.012
0.0615234 26.24 23.4971	0 677.509 44.5825
0.0617676 24.5394 23.1686	0 620.952 43.0324
0.0620117 22.9821 22.8694	0 617.675 41.3035
0.0622559 19.84 22.6042	0 429.218 39.4372
0.0625 19.816 22.375	0 388.178 37.5535
0.0627441 19.0139 22.1798	0 389.892 35.8023
0.0629883 24.0458 22.0129	0 473.915 34.309
0.0632324 19.8733 21.8653	0 311.912 33.1376
0.0634766 22.213 21.7258	0 499.268 32.281
0.0637207 22.9269 21.5828	0 652.991 31.6742
0.0639648 24.6137 21.4266	0 490.227 31.2215
0.064209 21.9391 21.2508	0 469.18 30.8255
0.0644531 21.0344 21.0537	0 416.739 30.4102
0.0646973 20.6042 20.8384	0 391.665 29.9375
0.0649414 24.3016 20.612	0 743.758 29.4152
0.0651855 15.7914 20.3846	0 216.57 28.8953
0.0654297 19.3266 20.1675	0 445.661 28.4606
0.0656738 20.4311 19.9717	0 409.027 28.2003
0.065918 20.3172 19.8064	0 466.256 28.1807
0.0661621 14.5757 19.678	0 262.677 28.4201
0.0664062 22.3459 19.5901	0 372.086 28.8804
0.0666504 20.013 19.5426	0 385.366 29.4777
0.0668945 18.071 19.5324	0 295.332 30.1098
0.0671387 17.8776 19.5535	0 340.099 30.689
0.0673828 20.2362 19.5975	0 717.608 31.1648
0.067627 17.3812 19.6542	0 293.165 31.5278
0.0678711 19.9221 19.7123	0 364.07 31.7957
0.0681152 21.217 19.7604	0 334.377 31.9896
0.0683594 23.1306 19.7882	0 526.955 32.1157
0.0686035 18.8219 19.7875	0 332.978 32.1576
0.0688477 20.7412 19.753	0 425.406 32.0783
0.0690918 18.8392 19.683	0 280.731 31.8277
0.0693359 21.0106 19.5802	0 489.297 31.3542
0.0695801 21.221 19.4511	0 537.474 30.6215
0.0698242 18.7319 19.3063	0 310.725 29.6326
0.0700684 20.0991 19.1589	0 403.648 28.4528
0.0703125 18.7908 19.0238	0 345.286 27.2156
0.0705566 17.5102 18.9164	0 296.791 26.1021
0.0708008 17.489 18.8504	0 273.591 25.2931
0.0710449 15.8589 18.837	0 249.43 24.9137
0.0712891 19.7878 18.8833	0 377.208 24.9933
0.0715332 17.1431 18.9916	0 275.445 25.4576
0.0717773 18.098 19.1594	0 314.342 26.1531
0.0720215 16.5648 19.3794	0 266.23 26.8928
0.0722656 19.839 19.641	0 525.622 27.5088
0.0725098 21.1462 19.9311	0 555.242 27.8979
0.0727539 21.9093 20.2355	0 573.904 28.0506
0.072998 18.7701 20.5404	0 387.346 28.0542
0.0732422 23.9677 20.8329	0 487.862 28.0651
0.0734863 19.4886 21.1021	0 419.145 28.2573
0.0737305 22.8232 21.3393	0 522.618 28.7621
0.0739746 20.0137 21.5383	0 404.638 29.6242
0.0742188 22.8477 21.6953	0 594.786 30.7903
0.0744629 24.1363 21.8092	0 588.589 32.1311
0.074707 24.0017 21.8817	0 702.054 33.4836
0.0749512 22.4745 21.917	0 439.201 34.6922
0.0751953 20.2807 21.9227	0 396.384 35.6356
0.0754395 20.5547 21.9092	0 370.92 36.2393
0.0756836 23.2973 21.8896	0 645.176 36.4859
0.0759277 22.6176 21.8794	0 525.922 36.4306
0.0761719 23.6871 21.8953	0 503.448 36.2208
0.076416 20.7898 21.9534	0 635.304 36.1033
0.0766602 19.457 22.0683	0 352.902 36.3987
0.0769043 20.1211 22.2502	0 280.613 37.4324
0.0771484 18.3624 22.504	0 325.153 39.4345
0.0773926 22.7608 22.8275	0 463.747 42.4431
0.0776367 22.3532 23.2119	0 797.372 46.2548
0.0778809 20.6934 23.6426	0 356.809 50.4531
0.078125 24.3996 24.1007	0 886.08 54.5108
0.0783691 26.7463 24.5661	0 621.249 57.9331
0.0786133 28.4999 25.0199	0 1631.49 60.3842
0.0788574 26.0717 25.447	0 509.866 61.7512
0.0791016 27.7565 25.8374	0 671.308 62.1312
0.0793457 25.8854 26.1868	0 763.714 61.7611
0.0795898 26.389 26.4964	0 786.673 60.9332
0.079834 28.5153 26.7719	0 844.904 59.9305
0.0800781 24.3987 27.0215	0 664.236 58.9967
0.0803223 27.2423 27.2546	0 725.361 58.3267
0.0805664 29.045 27.4802	0 598.391 58.063
0.0808105 28.9339 27.7061	0 1086.72 58.2856
0.0810547 24.171 27.9378	0 541.907 58.9981
0.0812988 30.7056 28.1786	0 1088.73 60.121
0.081543 25.9487 28.4296	0 716.485 61.4994
0.0817871 27.1862 28.6902	0 591.39 62.9323
0.0820312 32.219 28.9586	0 906.117 64.2183
0.0822754 26.0242 29.2324	0 699.016 65.2086
0.0825195 33.0717 29.509	0 1030.83 65.8477
0.0827637 30.5354 29.7864	0 919.264 66.1877
0.0830078 27.4185 30.0624	0 750.19 66.3705
0.083252 30.991 30.3345	0 927.725 66.5842
0.0834961 31.758 30.5994	0 1092.5 67.0109
0.0837402 31.2851 30.8521	0 990.14 67.7804
0.0839844 28.4317 31.0862	0 748.526 68.9383
0.0842285 29.0048 31.2941	0 662.196 70.4372
0.0844727 32.2448 31.4678	0 1025 72.1551
0.0847168 38.4075 31.6007	0 2083.79 73.9396
0.0849609 29.4596 31.6889	0 715.563 75.666
0.0852051 37.8038 31.7326	0 1329.89 77.2882
0.0854492 29.736 31.7363	0 928.367 78.862
0.0856934 30.4815 31.7084	0 874.922 80.5307
0.0859375 35.5239 31.6595	0 1012.04 82.4754
0.0861816 29.4717 31.6005	0 789.049 84.836
0.0864258 29.9735 31.5403	0 788.515 87.621
0.0866699 26.3953 31.4842	0 555.306 90.6342
0.0869141 29.3754 31.4326	0 712.072 93.4649
0.0871582 37.6022 31.3815	0 2025.42 95.5739
0.0874023 29.9978 31.3231	0 964.245 96.4718
0.0876465 34.9398 31.2472	0 2120.52 95.9186
0.0878906 29.2023 31.1436	0 1065.28 94.0489
0.0881348 35.8457 31.0027	0 1106.88 91.3418
0.0883789 24.8115 30.8181	0 516.581 88.4372
0.088623 30.3804 30.5864	0 763.892 85.8817
0.0888672 33.6782 30.3083	0 1187.74 83.9265
0.0891113 36.1953 29.9885	0 1517.37 82.4656
0.0893555 29.2079 29.6348	0 801.83 81.1291
0.0895996 27.4783 29.2574	0 698.743 79.4657
0.0898438 28.8346 28.8673	0 726.421 77.1269
0.0900879 27.742 28.4747	0 684.294 73.9814
0.090332 23.5618 28.0879	0 517.582 70.1389
0.0905762 26.7238 27.7122	0 779.771 65.8964
0.0908203 31.4912 27.3494	0 756.349 61.6396
0.0910645 25.817 26.9982	0 497.802 57.7321
0.0913086 26.8875 26.6549	0 739.036 54.4186
0.0915527 26.6507 26.3138	0 579.501 51.7668
0.0917969 27.53 25.9685	0 797.775 49.6627
0.092041 24.9496 25.6124	0 600.453 47.8615
0.0922852 21.562 25.2391	0 335.547 46.0778
0.0925293 26.2656 24.8431	0 631.385 44.0827
0.0927734 27.5396 24.4199	0 760.09 41.7738
0.0930176 24.5905 23.9668	0 564.79 39.1937
0.0932617 25.4731 23.483	0 539.373 36.494
0.0935059 21.765 22.9701	0 489.581 33.8666
0.09375 21.0069 22.4327	0 444.077 31.474
0.0939941 23.7401 21.878	0 552.577 29.4054
0.0942383 21.9756 21.316	0 555.143 27.6705
0.0944824 20.3513 20.7583	0 313.389 26.221
0.0947266 20.557 20.2177	0 436.577 24.9845
0.0949707 20.3847 19.7067	0 447.814 23.8961
0.0952148 15.3453 19.2361	0 238.515 22.9176
0.095459 18.4091 18.8139	0 237.918 22.0443
0.0957031 17.4201 18.4443	0 270.429 21.2968
0.0959473 13.8768 18.1275	0 213.13 20.7039
0.0961914 18.2608 17.8597	0 304.985 20.2805
0.0964355 19.2296 17.634	0 395.877 20.0115
0.0966797 17.9308 17.4414	0 284.492 19.8481
0.0969238 16.5966 17.2725	0 328.467 19.7193
0.097168 17.8711 17.1179	0 347.209 19.5537
0.0974121 16.3045 16.9694	0 212.809 19.3023
0.0976562 17.6958 16.8206	0 326.296 18.951
0.0979004 15.926 16.6664	0 210.236 18.519
0.0981445 17.5182 16.5031	0 266.005 18.0444
0.0983887 14.8774 16.3285	0 180.868 17.5663
0.0986328 16.5809 16.1415	0 265.439 17.1153
0.098877 16.2667 15.9419	0 238.431 16.7148
0.0991211 16.9093 15.731	0 274.885 16.3894
0.0993652 17.8154 15.5108	0 294.203 16.1703
0.0996094 15.3532 15.2842	0 256.881 16.0869
0.0998535 12.4134 15.0546	0 145.518 16.1483
0.100098 13.7351 14.8256	0 167.708 16.3231
0.100342 13.7762 14.6006	0 460 16.5334
0.100586 14.6632 14.3825	0 173.533 16.6695
0.10083 16.9001 14.174	0 312.733 16.6209
0.101074 13.6305 13.9773	0 144.991 16.3104
0.101318 12.4843 13.7938	0 146.815 15.7185
0.101562 15.0362 13.6246	0 306.21 14.8872
0.101807 11.5855 13.4696	0 132.685 13.9051
0.102051 11.6885 13.3274	0 123.997 12.8793
0.102295 13.2599 13.1955	0 180.05 11.9052
0.102539 12.7129 13.0703	0 149.148 11.0443
0.102783 13.2186 12.9478	0 130.84 10.3177
0.103027 13.5009 12.8249	0 200.773 9.71665
0.103271 13.9719 12.6994	0 222.488 9.22194
0.103516 13.5117 12.5717	0 160.627 8.82202
0.10376 13.941 12.4442	0 236.389 8.51951
0.104004 10.5986 12.3216	0 117.801 8.3242
0.104248 11.4227 12.2096	0 176.227 8.23899
0.104492 11.2659 12.1142	0 150.29 8.24869
0.104736 10.0469 12.0401	0 141.385 8.31907
0.10498 12.285 11.99	0 179.675 8.40628
0.105225 11.0498 11.964	0 121.287 8.47096
0.105469 13.6688 11.9595	0 192.971 8.48961
0.105713 11.1306 11.9711	0 114.482 8.45868
0.105957 12.3396 11.9914	0 154.824 8.39074
0.106201 9.7459 12.0118	0 89.4567 8.30573
0.106445 12.8806 12.0231	0 135.001 8.22116
0.106689 13.0061 12.0171	0 120.694 8.14492
0.106934 12.3662 11.9871	0 123.622 8.07243
0.107178 14.1797 11.9288	0 234.901 7.98899
0.107422 12.5102 11.8413	0 117.479 7.87664
0.107666 11.6669 11.7272	0 176.766 7.72361
0.10791 12.6382 11.592	0 121.333 7.53286
0.108154 11.6874 11.4441	0 150.086 7.32551
0.108398 10.2963 11.2929	0 78.1134 7.13652
0.108643 10.8245 11.1484	0 75.5039 7.0031
0.108887 10.1795 11.0193	0 112.102 6.95078
0.109131 8.70737 10.9124	0 83.653 6.98352
0.109375 11.4737 10.8313	0 116.916 7.08219
0.109619 11.3014 10.7769	0 96.6844 7.21155
0.109863 9.35022 10.7468	0 98.5974 7.3317
0.110107 9.86953 10.7364	0 126.533 7.40861
0.110352 11.792 10.7392	0 138.845 7.42047
0.110596 10.3963 10.7482	0 89.0586 7.35957
0.11084 9.5417 10.7565	0 166.176 7.2314
0.111084 12.7146 10.7587	0 166.72 7.05269
0.111328 11.8911 10.7513	0 107.245 6.84869
0.111572 10.6588 10.7331	0 85.6019 6.64952
0.111816 11.8266 10.7051	0 93.2937 6.48553
0.112061 10.6623 10.67	0 127.499 6.38265
0.112305 9.91141 10.6316	0 100.556 6.35847
0.112549 9.88621 10.5938	0 99.3579 6.41956
0.112793 9.60494 10.5595	0 72.5538 6.5596
0.113037 9.14638 10.5308	0 85.3697 6.75858
0.113281 11.3042 10.5083	0 113.628 6.98412
0.113525 12.0241 10.4916	0 129.289 7.19635
0.11377 9.66878 10.4796	0 77.2748 7.35654
0.114014 11.4414 10.4708	0 114.874 7.43752
0.114258 10.9754 10.4637	0 155.843 7.43233
0.114502 9.71597 10.4568	0 126.728 7.35743
0.114746 10.3802 10.4484	0 93.1826 7.24888
0.11499 8.77808 10.4369	0 74.92 7.15216
0.115234 9.48859 10.4207	0 71.8652 7.10865
0.115479 11.0002 10.3986	0 118.469 7.14291
0.115723 13.7762 10.3699	0 179.442 7.25537
0.115967 9.89989 10.3348	0 88.0635 7.4234
0.116211 12.0409 10.2947	0 236.084 7.61062
0.116455 8.39473 10.252	0 77.1745 7.78066
0.116699 10.1714 10.2092	0 95.8506 7.90913
0.116943 8.6568 10.1692	0 71.9543 7.98869
0.117188 8.9475 10.1342	0 98.7475 8.02572
0.117432 10.7502 10.1054	0 117.37 8.03162
0.117676 9.78567 10.0835	0 120.506 8.01364
0.11792 12.3679 10.0688	0 149.777 7.96987
0.118164 10.4532 10.0613	0 152.445 7.89017
0.118408 8.54005 10.061	0 70.1875 7.76223
0.118652 9.47146 10.0686	0 112.498 7.58033
0.118896 10.3404 10.0842	0 83.8763 7.35311
0.119141 10.1588 10.1079	0 117.258 7.10717
0.119385 9.57104 10.1386	0 89.6154 6.88427
0.119629 10.4079 10.174	0 107.807 6.73152
0.119873 9.2178 10.2106	0 87.4364 6.68707
0.120117 10.1866 10.2436	0 82.0011 6.76611
0.120361 9.50014 10.2681	0 71.3167 6.95298
0.120605 10.9674 10.2797	0 125.829 7.2045
0.12085 13.8646 10.2756	0 178.07 7.46429
0.121094 10.2363 10.2551	0 115.768 7.68326
0.121338 9.85662 10.2203	0 86.7028 7.83694
0.121582 11.0855 10.1753	0 113.667 7.93159
0.121826 9.56511 10.126	0 93.0556 7.99659
0.12207 9.62882 10.0785	0 112.287 8.06736
0.122314 8.19479 10.0386	0 59.5757 8.16776
0.122559 9.36001 10.0101	0 99.6183 8.29996
0.122803 10.4069 9.99458	0 119.716 8.44533
0.123047 9.87834 9.9913	0 83.0044 8.5738
0.123291 9.98457 9.99735	0 103.424 8.65626
0.123535 10.1245 10.0085	0 127.657 8.67412
0.123779 9.71288 10.0202	0 98.0686 8.62329
0.124023 9.95286 10.0282	0 81.7396 8.51285
0.124268 11.5114 10.0299	0 98.3182 8.36106
0.124512 10.2425 10.0242	0 125.911 8.19107
0.124756 10.925 10.0119	0 105.966 8.02751
0.125 9.73464 9.99519	0 85.9671 7.89304
0.125244 10.1615 9.97746	0 70.9045 7.80394
0.125488 8.28618 9.96223	0 63.2082 7.76468
0.125732 8.58184 9.9527	0 78.5861 7.76432
0.125977 10.6169 9.9512	0 123.683 7.77805
0.126221 11.4198 9.95895	0 124.282 7.77575
0.126465 8.70132 9.97594	0 63.194 7.73511
0.126709 9.70112 10.0011	0 126.621 7.65321
0.126953 11.401 10.0325	0 114.417 7.54904
0.127197 8.75312 10.0675	0 76.0924 7.45397
0.127441 9.79366 10.1032	0 84.5185 7.39361
0.127686 10.1049 10.1362	0 94.5046 7.37025
0.12793 10.7601 10.1637	0 104.214 7.35622
0.128174 11.3505 10.1826	0 135.747 7.30272
0.128418 9.25935 10.1908	0 117.353 7.16074
0.128662 10.6301 10.1869	0 134.185 6.90408
0.128906 10.5158 10.1705	0 143.562 6.5437
0.12915 10.6817 10.1423	0 110.403 6.12729
0.129395 10.1529 10.1041	0 115.57 5.72513
0.129639 11.0733 10.0587	0 135.75 5.40891
0.129883 9.23856 10.0093	0 64.8964 5.23224
0.130127 8.77613 9.95918	0 72.6984 5.21938
0.130371 9.76763 9.91153	0 106.53 5.36431
0.130615 11.2671 9.86865	0 106.514 5.63774
0.130859 9.30069 9.83178	0 76.9453 5.99707
0.131104 9.40367 9.80083	0 93.0201 6.3948
0.131348 9.01433 9.77431	0 100.163 6.78368
0.131592 9.32035 9.74953	0 80.3693 7.11966
0.131836 10.0961 9.72297	0 140.079 7.36508
0.13208 10.2844 9.69086	0 110.634 7.49284
0.132324 9.03993 9.64981	0 63.998 7.49053
0.132568 10.9412 9.59749	0 111.045 7.36262
0.132812 10.4171 9.533	0 114.602 7.12941
0.133057 10.3567 9.45712	0 82.5346 6.82297
0.133301 9.48105 9.37211	0 79.4289 6.48144
0.133545 7.15577 9.28128	0 42.9348 6.14285
0.133789 10.2285 9.18839	0 106.192 5.83958
0.134033 8.2773 9.09702	0 63.3242 5.59433
0.134277 9.29876 9.01001	0 87.2371 5.41826
0.134521 8.49437 8.92923	0 77.1631 5.3116
0.134766 7.12471 8.85552	0 52.5934 5.2661
0.13501 10.6744 8.78884	0 116.12 5.26821
0.135254 9.56665 8.72856	0 93.5859 5.30185
0.135498 7.58036 8.67372	0 52.1754 5.34991
0.135742 8.8974 8.62324	0 80.1911 5.39496
0.135986 8.71853 8.57606	0 66.8187 5.41977
0.13623 7.10001 8.53121	0 44.0932 5.40896
0.136475 8.27773 8.48787	0 79.1712 5.35205
0.136719 9.88189 8.44547	0 129.977 5.24713
0.136963 8.02821 8.40375	0 50.6664 5.10294
0.137207 8.53184 8.36289	0 74.2138 4.93738
0.137451 8.99183 8.32353	0 97.7359 4.77211
0.137695 8.02364 8.28661	0 59.5162 4.62502
0.137939 7.47973 8.25319	0 56.3213 4.50413
0.138184 8.90048 8.2241	0 92.1338 4.40578
0.138428 7.35841 8.19963	0 66.9478 4.31766
0.138672 7.65537 8.17931	0 74.7302 4.2245
0.138916 7.6715 8.16185	0 60.8826 4.11336
0.13916 8.04437 8.14534	0 62.2216 3.97638
0.139404 9.50666 8.1275	0 77.921 3.81156
0.139648 9.05932 8.10618	0 78.2365 3.62269
0.139893 6.99799 8.07968	0 45.9656 3.41978
0.140137 8.67639 8.04706	0 75.1686 3.2195
0.140381 7.93468 8.00829	0 38.8598 3.04434
0.140625 7.56304 7.96415	0 62.6166 2.91919
0.140869 8.32469 7.91609	0 52.8623 2.86543
0.141113 8.28543 7.86591	0 65.1802 2.89391
0.141357 7.63007 7.81544	0 54.421 2.9993
0.141602 7.39169 7.76623	0 53.1431 3.15876
0.141846 7.0178 7.71932	0 27.8371 3.3364
0.14209 8.44474 7.67504	0 82.5116 3.49334
0.142334 7.60233 7.63293	0 51.3306 3.59976
0.142578 6.55081 7.59183	0 34.0076 3.64408
0.142822 7.91464 7.55002	0 75.9521 3.63485
0.143066 8.0134 7.50552	0 75.6386 3.59436
0.143311 7.3922 7.45642	0 40.0122 3.54702
0.143555 8.28629 7.40131	0 60.2852 3.50834
0.143799 6.31826 7.33968	0 43.6933 3.47982
0.144043 7.88546 7.27216	0 65.6401 3.4516
0.144287 7.22974 7.2007	0 39.2589 3.41069
0.144531 8.15727 7.12839	0 59.5146 3.34976
0.144775 7.4531 7.05921	0 50.085 3.27207
0.14502 5.92701 6.99739	0 29.3529 3.19051
0.145264 6.81975 6.94679	0 37.5931 3.12218
0.145508 5.60403 6.91026	0 27.9209 3.08172
0.145752 6.03038 6.8891	0 30.4383 3.07681
0.145996 6.61188 6.8829	0 41.1501 3.10723
0.14624 7.26177 6.88956	0 43.1172 3.16691
0.146484 6.72111 6.90574	0 45.1681 3.24699
0.146729 7.64259 6.92736	0 60.7493 3.33779
0.146973 6.80372 6.95026	0 52.7 3.42917
0.147217 7.838 6.97076	0 51.4228 3.50965
0.147461 6.33744 6.98601	0 40.7132 3.56593
0.147705 7.18385 6.99418	0 52.614 3.58374
0.147949 7.80162 6.99449	0 56.6074 3.55036
0.148193 5.54036 6.98711	0 30.3273 3.45793
0.148438 8.60935 6.97292	0 91.5939 3.3063
0.148682 6.99705 6.95335	0 56.0138 3.10441
0.148926 6.08776 6.93022	0 43.5489 2.86951
0.14917 7.2526 6.90556	0 50.8071 2.6247
0.149414 6.66791 6.8814	0 48.0177 2.3953
0.149658 6.95404 6.85964	0 55.6188 2.20512
0.149902 7.1094 6.84176	0 53.6012 2.07327
0.150146 7.08209 6.82868	0 45.3409 2.01172
0.150391 6.06071 6.82051	0 29.6192 2.0236
0.150635 5.52921 6.81649	0 24.6605 2.10231
0.150879 6.68438 6.81502	0 67.4951 2.23206
0.151123 8.30352 6.8139	0 69.5958 2.38985
0.151367 6.63281 6.81057	0 36.2037 2.54922
0.151611 6.37689 6.80261	0 31.9811 2.68471
0.151855 7.72033 6.78803	0 43.1582 2.77634
0.1521 7.06734 6.76564	0 55.8854 2.81294
0.152344 6.75591 6.73517	0 45.7469 2.79353
0.152588 6.59657 6.69727	0 37.855 2.7263
0.152832 7.25684 6.65335	0 39.9193 2.62538
0.153076 5.59736 6.60533	0 19.6546 2.5063
0.15332 7.25063 6.55543	0 58.5224 2.38189
0.153564 6.0262 6.50587	0 36.839 2.26006
0.153809 6.61689 6.45879	0 35.9524 2.14443
0.154053 5.95229 6.41614	0 30.4677 2.03702
0.154297 6.27331 6.37969	0 36.5716 1.9415
0.154541 7.30634 6.35098	0 62.2652 1.86507
0.154785 5.81543 6.33133	0 25.0826 1.81774
0.155029 5.72088 6.32176	0 29.9721 1.80923
0.155273 5.80332 6.32285	0 29.5056 1.84501
0.155518 6.60043 6.33467	0 37.7676 1.92345
0.155762 6.17307 6.35662	0 55.8827 2.03553
0.156006 6.13177 6.38747	0 35.2499 2.1672
0.15625 6.42278 6.42537	0 47.3897 2.30331
0.156494 5.81959 6.46806	0 29.4765 2.43133
0.156738 7.37332 6.51315	0 40.8753 2.54389
0.156982 5.85431 6.55832	0 29.8161 2.6396
0.157227 6.7447 6.60159	0 52.4086 2.72234
0.157471 7.86548 6.64143	0 53.0218 2.79957
0.157715 7.40475 6.67669	0 62.948 2.87989
0.157959 6.18749 6.70651	0 35.3939 2.9702
0.158203 6.0194 6.73006	0 44.1403 3.07308
0.158447 5.36388 6.74643	0 28.2814 3.18488
0.158691 8.06569 6.75457	0 55.354 3.29551
0.158936 6.48332 6.75344	0 40.6761 3.38998
0.15918 8.22224 6.74224	0 53.4413 3.45206
0.159424 6.63474 6.72077	0 52.6589 3.46899
0.159668 6.53668 6.68971	0 40.5916 3.4359
0.159912 7.61822 6.65069	0 50.4923 3.35825
0.160156 6.78175 6.60624	0 43.1696 3.25092
0.1604 6.57144 6.55949	0 35.3047 3.13396
0.160645 5.03532 6.51376	0 22.1235 3.02658
0.160889 6.00342 6.47212	0 33.3261 2.94171
0.161133 6.32486 6.43704	0 34.351 2.88341
0.161377 7.08963 6.41013	0 44.0146 2.84805
0.161621 6.65233 6.39204	0 34.5993 2.82823
0.161865 6.28869 6.38247	0 38.1713 2.8172
0.162109 5.54325 6.38027	0 36.017 2.81163
0.162354 6.37154 6.38361	0 42.5289 2.81146
0.162598 5.91417 6.3902	0 25.6331 2.81756
0.162842 6.36489 6.39751	0 29.0389 2.82903
0.163086 6.8436 6.40312	0 57.6676 2.84201
0.16333 6.91452 6.40497	0 34.7002 2.85078
0.163574 6.64462 6.40161	0 37.0247 2.85034
0.163818 7.04546 6.39239	0 48.5725 2.83897
0.164062 5.88306 6.37742	0 27.5704 2.81916
0.164307 6.68039 6.35744	0 45.0931 2.79659
0.164551 5.87283 6.33363	0 32.1101 2.77767
0.164795 6.16602 6.30727	0 32.609 2.76701
0.165039 6.39682 6.27954	0 35.4076 2.76579
0.165283 6.01709 6.25137	0 34.3601 2.77156
0.165527 6.31795 6.22339	0 32.6392 2.77918
0.165771 6.34214 6.19599	0 53.2228 2.78236
0.166016 6.05563 6.16945	0 28.4727 2.77516
0.16626 6.81675 6.14403	0 56.9208 2.7534
0.166504 5.98236 6.12007	0 28.817 2.71566
0.166748 5.12011 6.09798	0 25.1439 2.66391
0.166992 6.73212 6.07824	0 45.4366 2.60329
0.167236 5.94244 6.06134	0 24.4303 2.54095
0.16748 5.54357 6.04772	0 31.2554 2.48427
0.167725 5.90844 6.03777	0 28.9795 2.43909
0.167969 6.76223 6.03175	0 43.9591 2.409
0.168213 5.83297 6.0298	0 29.7719 2.39579
0.168457 5.76345 6.03185	0 55.4406 2.40074
0.168701 6.0334 6.03756	0 29.228 2.42545
0.168945 6.34047 6.04624	0 35.6368 2.47141
0.169189 5.43707 6.05678	0 25.084 2.53813
0.169434 5.47143 6.06774	0 32.3913 2.62107
0.169678 6.34774 6.07744	0 31.8236 2.71078
0.169922 5.97322 6.0842	0 31.9979 2.79423
0.170166 7.44855 6.08665	0 42.6041 2.85792
0.17041 6.6691 6.08395	0 44.9036 2.89147
0.170654 5.32246 6.07599	0 38.2182 2.89009
0.170898 5.51804 6.06346	0 26.8674 2.85514
0.171143 6.8649 6.04775	0 52.2753 2.793
0.171387 6.2494 6.03069	0 32.5113 2.71293
0.171631 4.93323 6.0142	0 27.7298 2.62514
0.171875 7.2394 5.99998	0 38.6762 2.53926
0.172119 5.20493 5.98915	0 35.1754 2.46354
0.172363 5.48771 5.98212	0 34.8885 2.40433
0.172607 5.58638 5.97852	0 27.4234 2.36555
0.172852 5.52971 5.97741	0 25.8937 2.34826
0.173096 6.81526 5.97751	0 36.5894 2.35052
0.17334 6.38994 5.97753	0 49.9455 2.3681
0.173584 6.49905 5.9765	0 39.2539 2.39557
0.173828 5.90514 5.97393	0 32.1628 2.42762
0.174072 5.42556 5.96983	0 26.2641 2.45953
0.174316 6.47478 5.96461	0 47.6377 2.48688
0.174561 5.58536 5.95886	0 27.4331 2.50489
0.174805 5.31178 5.95313	0 25.8309 2.50825
0.175049 6.138 5.94775	0 35.8468 2.49211
0.175293 6.04337 5.94277	0 40.3518 2.45406
0.175537 6.2321 5.93803	0 46.5622 2.39604
0.175781 5.44212 5.93323	0 33.8245 2.32489
0.176025 6.58988 5.92808	0 32.7559 2.25105
0.17627 6.26212 5.92237	0 34.1003 2.18565
0.176514 5.88973 5.91601	0 28.2726 2.13705
0.176758 5.46613 5.90893	0 33.0902 2.10829
0.177002 5.41458 5.90107	0 24.6436 2.09621
0.177246 5.50031 5.89237	0 27.1037 2.09253
0.17749 6.35772 5.88273	0 40.0814 2.08667
0.177734 6.49738 5.87214	0 64.6763 2.06917
0.177979 6.19703 5.86076	0 26.3436 2.03458
0.178223 5.36238 5.84892	0 42.7869 1.98259
0.178467 5.98738 5.83718	0 29.4096 1.9172
0.178711 6.04315 5.8261	0 32.5452 1.84451
0.178955 5.22918 5.81609	0 28.6778 1.77048
0.179199 6.07128 5.80718	0 32.8209 1.69986
0.179443 4.83163 5.79889	0 24.2287 1.63622
0.179688 5.93628 5.7902	0 31.6236 1.58257
0.179932 6.01095 5.77969	0 31.6688 1.54162
0.180176 6.4596 5.76585	0 39.0555 1.51527
0.18042 5.3907 5.74738	0 25.837 1.50376
0.180664 6.51726 5.72357	0 40.4222 1.50533
0.180908 5.07949 5.6945	0 23.2021 1.51664
0.181152 6.93515 5.66118	0 39.3885 1.53404
0.181396 4.92531 5.62539	0 18.0455 1.55497
0.181641 5.55229 5.58944	0 25.0257 1.57881
0.181885 5.2285 5.55578	0 28.1444 1.60665
0.182129 5.82539 5.52658	0 35.0212 1.63994
0.182373 4.9177 5.50335	0 24.5681 1.67864
0.182617 5.25637 5.48672	0 26.7687 1.71981
0.182861 5.3692 5.47636	0 30.4119 1.75741
0.183105 4.81362 5.4711	0 17.8576 1.78366
0.18335 5.52649 5.46922	0 34.7653 1.79121
0.183594 6.01232 5.4688	0 31.3628 1.77547
0.183838 6.53411 5.46812	0 35.3852 1.73613
0.184082 5.0371 5.4659	0 18.4591 1.67773
0.184326 5.25067 5.46146	0 39.8632 1.60909
0.18457 5.60026 5.45469	0 31.6273 1.54195
0.184814 5.23848 5.44588	0 24.7614 1.48871
0.185059 5.41286 5.43542	0 19.5288 1.4598
0.185303 5.77219 5.42357	0 26.9683 1.46112
0.185547 4.9524 5.41024	0 24.9668 1.49255
0.185791 5.94159 5.39496	0 39.5219 1.54806
0.186035 4.36968 5.37698	0 20.1549 1.61751
0.186279 5.0851 5.35557	0 20.3681 1.68947
0.186523 5.99284 5.33036	0 33.0066 1.75414
0.186768 6.75029 5.30169	0 43.9315 1.80549
0.187012 4.90942 5.27084	0 22.3349 1.84217
0.187256 6.03192 5.23999	0 45.8921 1.86702
0.1875 4.22329 5.21202	0 19.8876 1.88547
0.187744 4.75707 5.1901	0 28.0864 1.90335
0.187988 4.88074 5.17706	0 27.307 1.92487
0.188232 4.785 5.17494	0 20.7523 1.95146
0.188477 4.97815 5.18451	0 18.8454 1.98188
0.188721 4.70517 5.20518	0 21.4223 2.01356
0.188965 5.22833 5.23504	0 26.8573 2.04422
0.189209 4.75886 5.27121	0 21.8795 2.07301
0.189453 6.08497 5.31033	0 41.2341 2.10052
0.189697 5.88909 5.34905	0 31.5772 2.12758
0.189941 5.17767 5.38451	0 30.1635 2.15385
0.190186 6.13217 5.41462	0 27.4121 2.17702
0.19043 4.88023 5.43825	0 25.0533 2.19353
0.190674 5.68186 5.45511	0 37.5511 2.2005
0.190918 5.49818 5.46565	0 31.9874 2.19827
0.191162 5.97127 5.47076	0 35.9271 2.1919
0.191406 5.06528 5.47155	0 24.4357 2.19052
0.19165 5.39321 5.46908	0 23.9129 2.20415
0.191895 5.27 5.46428	0 24.8811 2.23919
0.192139 6.2339 5.45782	0 34.1155 2.29428
0.192383 4.60987 5.45019	0 26.5463 2.359
0.192627 5.56905 5.44172	0 29.9589 2.41605
0.192871 5.9241 5.43272	0 44.9217 2.44655
0.193115 5.14372 5.42354	0 25.3585 2.4359
0.193359 5.59752 5.41463	0 34.6582 2.37817
0.193604 5.43692 5.40655	0 27.8557 2.27735
0.193848 5.84577 5.39988	0 33.9739 2.14574
0.194092 4.42005 5.39518	0 29.223 2.0004
0.194336 5.17183 5.39284	0 24.3248 1.85899
0.19458 5.3766 5.393	0 15.1379 1.73598
0.194824 6.50743 5.39551	0 60.7719 1.63964
0.195068 4.43198 5.39994	0 22.7284 1.57068
0.195312 5.48882 5.40556	0 30.9794 1.52278
0.195557 5.74263 5.41152	0 28.457 1.48558
0.195801 4.8173 5.4169	0 35.6315 1.4491
0.196045 5.93048 5.42094	0 36.8812 1.4081
0.196289 5.12866 5.42315	0 18.0102 1.36445
0.196533 5.47405 5.42341	0 33.2521 1.32649
0.196777 6.59414 5.42204	0 32.7404 1.30565
0.197021 4.9364 5.41971	0 19.6232 1.31201
0.197266 5.05731 5.41728	0 27.2567 1.35076
0.19751 5.63643 5.41554	0 34.1975 1.42072
0.197754 4.93485 5.4149	0 22.2971 1.51517
0.197998 5.67907 5.41519	0 25.2791 1.62389
0.198242 5.05613 5.41557	0 24.011 1.73529
0.198486 4.75656 5.41454	0 15.8439 1.83769
0.19873 5.91211 5.4103	0 49.1037 1.91994
0.198975 5.14817 5.40105	0 20.1443 1.97205
0.199219 6.7617 5.38557	0 51.8823 1.98635
0.199463 5.55285 5.36353	0 30.0267 1.95951
0.199707 6.14834 5.3358	0 43.5594 1.89449
0.199951 4.64051 5.30445	0 29.453 1.80141
0.200195 4.73108 5.27255	0 15.888 1.69643
0.200439 4.92598 5.24373	0 21.7538 1.59836
0.200684 5.86594 5.22163	0 24.4604 1.52429
0.200928 4.89256 5.20931	0 16.3864 1.48561
0.201172 4.63915 5.20878	0 18.6986 1.48597
0.201416 4.6693 5.22057	0 22.1618 1.52155
0.20166 4.49323 5.24363	0 18.2269 1.58308
0.201904 5.81684 5.27546	0 33.1863 1.65843
0.202148 4.69384 5.31243	0 22.2904 1.73491
0.202393 5.42676 5.35029	0 30.1242 1.80098
0.202637 5.86303 5.38486	0 32.6149 1.84753
0.202881 6.70635 5.41263	0 44.594 1.86915
0.203125 4.75498 5.43124	0 26.9634 1.86485
0.203369 6.1983 5.43979	0 29.568 1.83825
0.203613 6.05122 5.43886	0 41.1603 1.7965
0.203857 5.10574 5.43033	0 30.3625 1.74843
0.204102 5.32167 5.41692	0 28.0611 1.70241
0.204346 5.22105 5.40176	0 26.1013 1.66471
0.20459 4.44485 5.38784	0 20.8517 1.63897
0.204834 5.71866 5.37762	0 32.2273 1.62667
0.205078 5.85262 5.3728	0 21.1862 1.62786
0.205322 5.03267 5.37414	0 23.0593 1.6418
0.205566 4.71393 5.38153	0 22.1386 1.66699
0.205811 5.74643 5.39413	0 32.8388 1.70118
0.206055 5.2747 5.41057	0 22.8588 1.74183
0.206299 4.76764 5.42914	0 20.9725 1.78712
0.206543 6.14342 5.44807	0 32.3748 1.83701
0.206787 6.30002 5.46565	0 44.3694 1.8933
0.207031 4.99974 5.48035	0 19.5724 1.95811
0.207275 5.19003 5.49093	0 26.6227 2.03128
0.20752 5.83379 5.49644	0 41.6863 2.10796
0.207764 5.53888 5.49623	0 27.8307 2.17805
0.208008 5.30016 5.49001	0 29.362 2.22819
0.208252 6.29288 5.47782	0 53.8828 2.24557
0.208496 4.5107 5.46013	0 21.076 2.22213
0.20874 6.25619 5.43787	0 38.6525 2.15712
0.208984 5.75662 5.4124	0 32.842 2.05729
0.209229 5.50014 5.38544	0 30.8882 1.93475
0.209473 5.14577 5.35899	0 21.4745 1.80393
0.209717 4.5793 5.33503	0 16.3097 1.67887
0.209961 5.76113 5.31541	0 47.8124 1.57183
0.210205 4.36544 5.30153	0 14.6457 1.49316
0.210449 5.71496 5.29425	0 38.7093 1.4514
0.210693 5.41194 5.29376	0 23.5444 1.4529
0.210938 5.12864 5.29959	0 33.0992 1.50024
0.211182 5.09366 5.31076	0 24.7296 1.59017
0.211426 5.03134 5.32585	0 25.7781 1.71204
0.21167 4.9584 5.3433	0 14.5052 1.84819
0.211914 5.71415 5.36154	0 30.5039 1.97694
0.212158 6.00586 5.37921	0 39.5732 2.07771
0.212402 6.18409 5.3952	0 70.8187 2.1363
0.212646 4.96198 5.40873	0 25.6741 2.14824
0.212891 4.72507 5.41927	0 18.4758 2.11882
0.213135 5.11503 5.42648	0 32.0637 2.06002
0.213379 5.6202 5.43012	0 32.803 1.986
0.213623 6.10806 5.43002	0 33.9032 1.9091
0.213867 5.60135 5.42603	0 31.5875 1.83741
0.214111 5.56499 5.41809	0 26.5255 1.77421
0.214355 5.05525 5.40625	0 21.3813 1.71872
0.2146 5.59187 5.39078	0 34.7029 1.66771
0.214844 4.82006 5.37224	0 20.2425 1.61763
0.215088 5.74305 5.35147	0 26.0901 1.5665
0.215332 5.78096 5.32964	0 35.1956 1.51505
0.215576 5.23762 5.30817	0 22.6607 1.46677
0.21582 5.51969 5.28856	0 26.0389 1.42678
0.216064 4.49049 5.27224	0 14.2074 1.40061
0.216309 5.62031 5.2603	0 25.4076 1.3932
0.216553 5.16763 5.25331	0 32.0875 1.40857
0.216797 4.41426 5.25114	0 13.1809 1.44951
0.217041 4.89448 5.25294	0 20.9071 1.51676
0.217285 5.34732 5.25726	0 20.4471 1.60779
0.217529 5.94635 5.26223	0 41.2018 1.71554
0.217773 5.46967 5.2659	0 22.9726 1.82846
0.218018 5.38719 5.26654	0 34.8628 1.93214
0.218262 5.15567 5.26289	0 23.3754 2.01246
0.218506 5.46327 5.25434	0 22.3178 2.0589
0.21875 5.20162 5.24095	0 29.6945 2.06692
0.218994 5.59153 5.22339	0 31.2989 2.03844
0.219238 5.25883 5.20281	0 25.4596 1.9806
0.219482 4.56211 5.1807	0 22.2199 1.90359
0.219727 5.44668 5.15868	0 29.9776 1.81849
0.219971 4.72266 5.13844	0 16.5839 1.73598
0.220215 5.7026 5.12157	0 38.6682 1.6657
0.220459 5.01814 5.10949	0 19.8287 1.61623
0.220703 4.73334 5.10337	0 17.9169 1.59468
0.220947 5.06278 5.10403	0 30.3368 1.60589
0.221191 5.05918 5.11184	0 21.5422 1.65082
0.221436 4.36583 5.12669	0 19.1493 1.72509
0.22168 4.89542 5.14791	0 17.9239 1.81824
0.221924 5.96791 5.17436	0 46.2876 1.91486
0.222168 5.1778 5.20447	0 30.3122 1.9976
0.222412 4.8604 5.23635	0 27.8004 2.05138
0.222656 5.11994 5.268	0 48.7354 2.06718
0.2229 5.86145 5.29743	0 26.3532 2.04389
0.223145 4.6414 5.32285	0 20.373 1.98756
0.223389 6.0846 5.3428	0 30.4823 1.90861
0.223633 6.09712 5.35626	0 23.2235 1.81832
0.223877 4.56054 5.36265	0 18.7195 1.72612
0.224121 5.84538 5.3619	0 26.9823 1.63853
0.224365 5.34854 5.35429	0 30.2446 1.55951
0.224609 5.19741 5.34046	0 26.0464 1.4915
0.224854 6.16395 5.32123	0 45.5345 1.4363
0.225098 4.82095 5.29757	0 24.2445 1.3951
0.225342 5.04579 5.27052	0 22.461 1.36797
0.225586 4.87145 5.24122	0 22.0648 1.35326
0.22583 5.87891 5.21089	0 26.5317 1.34764
0.226074 5.00865 5.1809	0 21.2724 1.34704
0.226318 5.68697 5.15275	0 23.6573 1.3482
0.226562 5.12993 5.12799	0 17.4633 1.35001
0.226807 4.37412 5.10806	0 18.4702 1.35391
0.227051 5.19587 5.09412	0 19.456 1.36308
0.227295 4.71146 5.0868	0 16.4341 1.38112
0.227539 5.03355 5.08608	0 26.4404 1.41075
0.227783 4.08751 5.09113	0 15.2767 1.45334
0.228027 5.99432 5.10049	0 32.8767 1.50894
0.228271 4.87786 5.11217	0 26.2876 1.57616
0.228516 5.39014 5.12405	0 25.3782 1.65151
0.22876 5.29588 5.13421	0 25.2414 1.72828
0.229004 4.87387 5.1413	0 27.6866 1.79605
0.229248 5.61286 5.14479	0 27.7367 1.84185
0.229492 5.217 5.14513	0 50.2242 1.85338
0.229736 5.7437 5.14359	0 26.1925 1.82327
0.22998 4.73227 5.14209	0 26.0011 1.7526
0.230225 5.41224 5.14272	0 29.2431 1.65188
0.230469 4.81721 5.14732	0 20.7229 1.53897
0.230713 4.40773 5.15704	0 24.0469 1.43461
0.230957 4.51617 5.17204	0 17.8649 1.3571
0.231201 4.97743 5.19147	0 23.356 1.3179
0.231445 5.70279 5.21361	0 41.498 1.31906
0.231689 5.21994 5.23624	0 25.8987 1.35327
0.231934 6.04067 5.2571	0 36.7706 1.406
0.232178 5.56139 5.27434	0 27.0022 1.45959
0.232422 5.13348 5.28679	0 37.718 1.49807
0.232666 5.24201 5.29414	0 33.2778 1.51162
0.23291 6.05145 5.2968	0 36.2226 1.49892
0.233154 5.16314 5.29568	0 28.1967 1.4668
0.233398 4.44925 5.29194	0 19.8464 1.42698
0.233643 4.61343 5.28667	0 19.5752 1.39159
0.233887 5.80578 5.28077	0 36.773 1.36939
0.234131 5.95294 5.27488	0 32.512 1.36457
0.234375 5.28962 5.26935	0 30.8445 1.37814
0.234619 5.0722 5.26436	0 21.5229 1.41063
0.234863 5.22949 5.2599	0 19.4335 1.46395
0.235107 5.51656 5.25586	0 19.9349 1.54088
0.235352 4.71134 5.25195	0 23.0167 1.64269
0.235596 4.97413 5.24773	0 19.7473 1.76641
0.23584 5.31876 5.24265	0 25.4394 1.90386
0.236084 5.37895 5.23611	0 27.592 2.04301
0.236328 5.7047 5.22764	0 32.6872 2.17072
0.236572 4.79435 5.21699	0 19.9309 2.27551
0.236816 6.00519 5.20423	0 31.9663 2.34894
0.237061 5.55423 5.18979	0 44.8617 2.38557
0.237305 4.49771 5.17431	0 16.7226 2.38238
0.237549 5.13455 5.15853	0 26.1478 2.33843
0.237793 4.40908 5.1431	0 27.2169 2.25507
0.238037 5.1225 5.12839	0 29.4651 2.1367
0.238281 5.86455 5.1145	0 31.0066 1.99124
0.238525 5.04608 5.10126	0 23.8273 1.82998
0.23877 4.76619 5.08834	0 17.2005 1.66649
0.239014 5.27839 5.07547	0 19.0289 1.51479
0.239258 5.05098 5.06256	0 25.7984 1.38717
0.239502 4.86902 5.04982	0 21.8043 1.29243
0.239746 5.63473 5.03774	0 31.5166 1.23493
0.23999 4.67873 5.02706	0 15.5448 1.2146
0.240234 5.76228 5.01859	0 30.1154 1.2277
0.240479 4.08953 5.01302	0 12.6615 1.26762
0.240723 4.28351 5.01082	0 17.7655 1.32568
0.240967 4.9671 5.01217	0 23.6548 1.39182
0.241211 5.15487 5.01698	0 29.0994 1.45575
0.241455 6.0529 5.02502	0 42.1416 1.50879
0.241699 4.63479 5.03606	0 20.6292 1.54582
0.241943 4.94898 5.05	0 24.4476 1.56665
0.242188 4.668 5.06698	0 20.2023 1.57578
0.242432 5.38647 5.08735	0 24.1006 1.58032
0.242676 5.56789 5.11155	0 32.3939 1.58675
0.24292 4.10115 5.13997	0 15.7153 1.59812
0.243164 5.33755 5.17275	0 30.9091 1.61292
0.243408 5.12881 5.20961	0 26.5118 1.62629
0.243652 5.45498 5.24976	0 26.0886 1.63272
0.243896 4.4452 5.29189	0 17.4863 1.62871
0.244141 6.26309 5.33427	0 39.548 1.61428
0.244385 4.68724 5.3749	0 17.1254 1.59266
0.244629 5.77137 5.41175	0 40.4181 1.56898
0.244873 5.97072 5.44299	0 38.2207 1.54882
0.245117 5.45084 5.4672	0 28.6044 1.53709
0.245361 5.45158 5.48348	0 29.2431 1.53729
0.245605 6.05474 5.49154	0 36.8097 1.55073
0.24585 5.55055 5.49163	0 21.0253 1.57583
0.246094 5.42858 5.48448	0 31.3653 1.60798
0.246338 5.67144 5.47108	0 30.952 1.64031
0.246582 4.59935 5.45258	0 28.4613 1.66546
0.246826 6.00129 5.4301	0 27.5112 1.67788
0.24707 6.09628 5.4046	0 41.1967 1.67563
0.247314 5.01088 5.37684	0 19.798 1.66118
0.247559 4.69727 5.34735	0 18.133 1.64084
0.247803 5.73363 5.31648	0 54.1882 1.62288
0.248047 5.32304 5.2845	0 18.0436 1.61483
0.248291 4.99126 5.25171	0 21.7993 1.62076
0.248535 5.8437 5.21862	0 41.6762 1.63941
0.248779 4.68805 5.18603	0 22.5535 1.664
0.249023 5.51233 5.15514	0 20.83 1.68382
0.249268 5.29636 5.12755	0 31.7293 1.68753
0.249512 4.99215 5.10515	0 22.2254 1.66686
0.249756 4.33341 5.0899	0 22.2934 1.61976
0.25 5.20356 5.08355	0 30.2789 1.55155
0.250244 5.16535 5.08729	0 24.5513 1.4738
0.250488 5.06888 5.10143	0 27.3591 1.40121
0.250732 4.20832 5.12515	0 13.3335 1.34729
0.250977 4.93082 5.15649	0 20.6625 1.32053
0.251221 4.43381 5.19245	0 16.7687 1.32203
0.251465 6.04418 5.22943	0 30.0032 1.34561
0.251709 5.45293 5.26373	0 28.1136 1.38014
0.251953 5.04507 5.29216	0 23.9977 1.41341
0.252197 6.71753 5.31259	0 37.529 1.43598
0.252441 5.88319 5.32424	0 32.3382 1.44371
0.252686 5.43311 5.32777	0 24.8604 1.43807
0.25293 5.35259 5.32496	0 32.5282 1.42438
0.253174 4.71412 5.31829	0 15.8343 1.40908
0.253418 5.06159 5.3103	0 23.1257 1.3972
0.253662 4.48063 5.30308	0 18.5064 1.39115
0.253906 5.20321 5.2979	0 23.0288 1.39108
0.25415 5.81767 5.29504	0 29.144 1.39616
0.254395 5.30651 5.29389	0 20.6552 1.40574
0.254639 5.41658 5.29325	0 32.2537 1.4197
0.254883 5.66141 5.29166	0 42.6031 1.43765
0.255127 4.95338 5.28773	0 21.5891 1.45789
0.255371 5.55977 5.28045	0 25.2451 1.47686
0.255615 5.14313 5.26932	0 25.6362 1.49006
0.255859 5.2348 5.25443	0 30.6515 1.49389
0.256104 5.81331 5.23641	0 38.9311 1.4874
0.256348 5.10398 5.21634	0 16.172 1.47291
0.256592 4.91267 5.19568	0 22.1566 1.45478
0.256836 5.2872 5.17608	0 30.4782 1.43717
0.25708 5.01771 5.15925	0 18.7977 1.422
0.257324 5.18941 5.14679	0 29.163 1.40833
0.257568 5.02712 5.13997	0 27.7619 1.3934
0.257812 4.74344 5.13956	0 21.1824 1.37464
0.258057 5.21848 5.14566	0 27.6883 1.35149
0.258301 5.29875 5.15761	0 35.0147 1.326
0.258545 4.56626 5.17404	0 18.7708 1.30201
0.258789 4.73961 5.19301	0 24.0039 1.28338
0.259033 5.2914 5.21239	0 21.3005 1.27223
0.259277 5.18564 5.23022	0 23.5291 1.26812
0.259521 6.35034 5.24514	0 37.1032 1.26857
0.259766 6.05934 5.25666	0 37.8406 1.27064
0.26001 4.90813 5.26526	0 24.4391 1.27277
0.260254 5.53866 5.27226	0 19.7673 1.27597
0.260498 4.95428 5.27936	0 23.3049 1.28382
0.260742 4.84202 5.28822	0 20.7379 1.30128
0.260986 4.71304 5.29991	0 18.117 1.33291
0.26123 4.89507 5.31454	0 18.2744 1.38099
0.261475 5.13755 5.3312	0 29.6337 1.44415
0.261719 5.40181 5.34813	0 23.5786 1.51684
0.261963 6.01943 5.36302	0 26.2669 1.58985
0.262207 6.46957 5.37359	0 57.2002 1.65209
0.262451 5.22518 5.37794	0 28.4653 1.69333
0.262695 5.30668 5.37494	0 38.88 1.707
0.262939 5.22488 5.36427	0 24.4829 1.692
0.263184 5.36289 5.34642	0 29.4619 1.65284
0.263428 5.68352 5.32249	0 27.8942 1.59805
0.263672 5.45456 5.29395	0 28.2712 1.53765
0.263916 4.61615 5.26251	0 16.756 1.48079
0.26416 5.57241 5.23001	0 39.5403 1.43422
0.264404 4.86424 5.19837	0 24.3708 1.40196
0.264648 5.42598 5.16967	0 22.1021 1.3859
0.264893 5.22114 5.14608	0 21.1944 1.38685
0.265137 5.3033 5.1298	0 30.6177 1.40553
0.265381 5.22078 5.12282	0 28.9845 1.44309
0.265625 4.53749 5.12661	0 22.4683 1.50086
0.265869 4.48086 5.14176	0 15.1195 1.57934
0.266113 4.68167 5.16777	0 26.4137 1.67672
0.266357 4.62418 5.20286	0 23.1505 1.7877
0.266602 5.42995 5.24418	0 28.697 1.90323
0.266846 5.04793 5.2881	0 22.8293 2.01154
0.26709 5.98759 5.33082	0 34.5519 2.10059
0.267334 5.99287 5.36888	0 32.7475 2.16083
0.267578 5.87195 5.39973	0 40.1689 2.18751
0.267822 6.12736 5.42201	0 26.4076 2.18149
0.268066 4.9077 5.43568	0 19.7225 2.14846
0.268311 5.23587 5.44185	0 29.3985 2.09696
0.268555 5.33933 5.44242	0 18.232 2.0361
0.268799 5.62716 5.43972	0 45.4412 1.97375
0.269043 5.09623 5.43602	0 24.51 1.9157
0.269287 5.99805 5.43323	0 35.3008 1.8655
0.269531 5.60074 5.43264	0 20.0891 1.82469
0.269775 4.33061 5.43484	0 23.572 1.79298
0.27002 5.14976 5.43975	0 26.5702 1.76862
0.270264 5.57064 5.44675	0 21.5897 1.7493
0.270508 6.02145 5.45483	0 36.153 1.73365
0.270752 5.65714 5.46285	0 40.983 1.72289
0.270996 5.56482 5.46966	0 24.3527 1.72154
0.27124 5.30112 5.4743	0 31.9039 1.73635
0.271484 5.49034 5.47601	0 32.0584 1.77352
0.271729 5.38815 5.47431	0 22.832 1.83532
0.271973 5.36903 5.46897	0 38.0514 1.91766
0.272217 5.65066 5.45998	0 42.0261 2.00973
0.272461 6.22591 5.44753	0 35.5462 2.09601
0.272705 4.6193 5.43201	0 20.8998 2.1599
0.272949 5.93871 5.41398	0 34.6561 2.18789
0.273193 5.0069 5.39416	0 22.3682 2.1729
0.273438 5.56035 5.37343	0 27.7144 2.11586
0.273682 5.68237 5.35277	0 29.6737 2.02506
0.273926 5.10928 5.33327	0 33.5235 1.91359
0.27417 4.86574 5.31602	0 16.1971 1.79573
0.274414 5.0148 5.30202	0 34.1148 1.68361
0.274658 5.91862 5.29213	0 37.5907 1.58537
0.274902 5.81537 5.28686	0 47.488 1.50501
0.275146 4.13682 5.2863	0 19.9172 1.44362
0.275391 5.95613 5.29003	0 31.6888 1.40085
0.275635 4.11068 5.29706	0 13.4274 1.37593
0.275879 4.7068 5.30601	0 24.6984 1.368
0.276123 6.49086 5.31524	0 47.8581 1.37593
0.276367 5.36813 5.32316	0 26.1971 1.39827
0.276611 5.34641 5.32854	0 22.3876 1.43343
0.276855 6.4437 5.33067	0 56.1389 1.48008
0.2771 5.10732 5.32953	0 34.4268 1.53715
0.277344 4.97455 5.32573	0 25.6874 1.6033
0.277588 4.77084 5.32033	0 22.3101 1.67574
0.277832 5.46944 5.31461	0 28.5074 1.74907
0.278076 5.44493 5.30976	0 24.6042 1.81496
0.27832 5.4849 5.30667	0 34.707 1.86312
0.278564 4.6547 5.3058	0 24.7526 1.88363
0.278809 5.40198 5.30711	0 43.6453 1.86982
0.279053 5.9272 5.31013	0 28.1975 1.82063
0.279297 4.5797 5.31407	0 17.2379 1.74142
0.279541 5.30318 5.31798	0 23.4344 1.64285
0.279785 5.61382 5.3209	0 40.1794 1.53857
0.280029 5.47213 5.32198	0 26.8263 1.44278
0.280273 5.55616 5.3206	0 24.8491 1.36852
0.280518 5.00276 5.31635	0 22.6599 1.32697
0.280762 5.99231 5.30905	0 33.6874 1.32708
0.281006 5.08241 5.29871	0 30.7761 1.37465
0.28125 4.62031 5.28548	0 28.6955 1.47052
0.281494 5.81602 5.26968	0 33.9269 1.60848
0.281738 4.59937 5.25182	0 17.1951 1.77435
0.281982 6.15778 5.23267	0 27.2443 1.94735
0.282227 4.9067 5.21331	0 24.3663 2.10405
0.282471 5.49257 5.19511	0 23.2099 2.22368
0.282715 5.30877 5.17959	0 35.4949 2.2929
0.282959 5.26977 5.16822	0 38.8744 2.30852
0.283203 4.91724 5.16211	0 33.6462 2.27731
0.283447 4.02126 5.16174	0 12.5498 2.21333
0.283691 5.16485 5.16678	0 30.4745 2.13391
0.283936 4.14183 5.1761	0 15.2391 2.0555
0.28418 5.733 5.18798	0 31.4611 1.99036
0.284424 6.78279 5.20044	0 43.2482 1.94458
0.284668 4.9514 5.21176	0 18.969 1.9177
0.284912 5.09403 5.22081	0 31.53 1.90375
0.285156 4.72686 5.22738	0 23.4469 1.8935
0.2854 6.00054 5.23214	0 38.8137 1.87734
0.285645 5.78342 5.2365	0 33.0347 1.8481
0.285889 5.03331 5.24216	0 28.2447 1.80318
0.286133 4.42292 5.25071	0 22.0677 1.74532
0.286377 4.63958 5.26318	0 13.0448 1.68187
0.286621 5.04519 5.27978	0 32.0094 1.62301
0.286865 5.4381 5.29983	0 32.422 1.5794
0.287109 5.07919 5.32198	0 22.658 1.56001
0.287354 5.86946 5.34441	0 40.8716 1.57053
0.287598 5.91915 5.36525	0 21.4561 1.6125
0.287842 6.1853 5.38284	0 31.1606 1.68299
0.288086 4.59225 5.39586	0 22.0186 1.77477
0.28833 5.40451 5.40342	0 31.7915 1.87683
0.288574 5.30625 5.40491	0 23.5998 1.97533
0.288818 5.27532 5.39995	0 40.1857 2.05519
0.289062 5.49836 5.38827	0 31.5323 2.1024
0.289307 5.46902 5.3698	0 24.6687 2.10685
0.289551 5.78775 5.34469	0 21.3454 2.0652
0.289795 5.86813 5.31354	0 58.0953 1.98257
0.290039 5.31504 5.27746	0 30.4557 1.87214
0.290283 4.74285 5.23811	0 18.3964 1.75229
0.290527 5.39539 5.19763	0 29.3034 1.6419
0.290771 5.57812 5.15837	0 25.8036 1.55543
0.291016 4.92046 5.12263	0 27.165 1.49951
0.29126 4.439 5.09228	0 24.3399 1.47232
0.291504 4.44053 5.06854	0 17.7113 1.4656
0.291748 5.33669 5.05181	0 30.8568 1.46833
0.291992 4.08455 5.04171	0 13.2542 1.47053
0.292236 6.08662 5.03719	0 33.5215 1.46569
0.29248 5.17598 5.03682	0 28.9058 1.45141
0.292725 4.85186 5.03904	0 39.6573 1.42835
0.292969 4.74189 5.04244	0 23.4333 1.39868
0.293213 5.32242 5.04597	0 19.0308 1.36477
0.293457 5.46571 5.04905	0 36.7862 1.3288
0.293701 4.73415 5.05162	0 26.4348 1.29319
0.293945 4.61039 5.05411	0 24.1538 1.26106
0.294189 5.39238 5.05734	0 27.2646 1.23642
0.294434 4.90751 5.06236	0 21.7995 1.22389
0.294678 5.91558 5.07025	0 49.2207 1.22816
0.294922 4.70048 5.08184	0 27.7961 1.25321
0.295166 4.85794 5.09746	0 21.1502 1.30144
0.29541 4.66582 5.11676	0 15.2125 1.3725
0.295654 4.32934 5.13858	0 20.0753 1.4624
0.295898 4.92726 5.16104	0 24.0899 1.56343
0.296143 5.85884 5.18181	0 33.0879 1.66548
0.296387 5.70615 5.19845	0 29.9703 1.75809
0.296631 5.57546 5.20882	0 33.5288 1.83236
0.296875 6.01298 5.21147	0 37.2355 1.88179
0.297119 4.77447 5.20589	0 25.3748 1.90207
0.297363 5.31678 5.19252	0 27.4683 1.89068
0.297607 5.1368 5.17271	0 28.8585 1.84727
0.297852 4.81633 5.14846	0 29.1072 1.77464
0.298096 5.50553 5.12213	0 45.7744 1.67958
0.29834 5.17016 5.09617	0 29.8465 1.57254
0.298584 4.53886 5.0729	0 24.0563 1.466
0.298828 5.10824 5.05429	0 43.0799 1.37246
0.299072 5.1884 5.04187	0 24.1512 1.30296
0.299316 4.71838 5.03663	0 29.1718 1.2665
0.299561 5.03576 5.03892	0 18.7525 1.26979
0.299805 4.51387 5.04842	0 17.2988 1.31669
0.300049 4.8874 5.06411	0 28.5156 1.40669
0.300293 5.44002 5.08433	0 20.59 1.53349
0.300537 4.70794 5.10682	0 23.4666 1.68438
0.300781 5.20071 5.12896	0 31.9575 1.84161
0.301025 5.39218 5.148	0 27.5974 1.98537
0.30127 5.25054 5.16132	0 28.4013 2.09762
0.301514 5.3463 5.16682	0 45.074 2.16545
0.301758 5.79982 5.16316	0 33.9173 2.18285
0.302002 4.82951 5.15003	0 27.9346 2.15103
0.302246 5.66266 5.12823	0 32.0388 2.07742
0.30249 5.42139 5.0997	0 23.9798 1.97403
0.302734 4.8983 5.06733	0 32.8994 1.85542
0.302979 5.37416 5.03462	0 24.2793 1.73656
0.303223 4.56744 5.00526	0 15.0216 1.63058
0.303467 4.60766 4.98263	0 26.0051 1.54669
0.303711 4.68687 4.96932	0 24.8009 1.48878
0.303955 4.50611 4.96674	0 17.3618 1.45488
0.304199 4.76074 4.97496	0 17.6578 1.43823
0.304443 4.83193 4.9927	0 25.2234 1.42968
0.304688 4.52414 5.01763	0 16.6575 1.42107
0.304932 4.98971 5.04682	0 29.3399 1.4084
0.305176 5.20464 5.0773	0 23.3365 1.39312
0.30542 6.70837 5.10658	0 50.4017 1.38092
0.305664 5.00467 5.13312	0 21.1181 1.37845
0.305908 5.10854 5.15643	0 32.8832 1.38959
0.306152 4.94459 5.17711	0 25.9842 1.41361
0.306396 5.39618 5.19647	0 37.5876 1.44608
0.306641 4.64052 5.21614	0 18.2358 1.48211
0.306885 5.5559 5.23753	0 32.903 1.51969
0.307129 5.19057 5.26144	0 24.6746 1.56111
0.307373 4.40893 5.28781	0 14.8823 1.61144
0.307617 4.88486 5.31568	0 21.2552 1.67497
0.307861 5.82918 5.34339	0 25.66 1.75151
0.308105 5.90383 5.36892	0 31.9887 1.83475
0.30835 5.63463 5.39023	0 27.4324 1.91356
0.308594 5.62311 5.40564	0 30.4335 1.97581
0.308838 5.77759 5.41403	0 54.0137 2.01268
0.309082 5.58861 5.41492	0 28.2191 2.02129
0.309326 5.263 5.40844	0 22.0459 2.00461
0.30957 4.64547 5.39515	0 16.6973 1.96891
0.309814 5.72373 5.37593	0 24.2143 1.92077
0.310059 5.56264 5.35187	0 24.5455 1.86538
0.310303 5.14918 5.32417	0 28.2133 1.8068
0.310547 6.40314 5.29411	0 45.1443 1.74903
0.310791 5.22474 5.26306	0 24.6851 1.69634
0.311035 4.3079 5.2324	0 14.591 1.65191
0.311279 5.42066 5.20345	0 23.7297 1.6159
0.311523 4.89284 5.1774	0 24.3404 1.58468
0.311768 4.85046 5.15521	0 26.2269 1.55258
0.312012 5.52496 5.13756	0 46.1721 1.51563
0.312256 4.59825 5.12486	0 17.4381 1.47517
0.3125 5.73087 5.11729	0 27.2777 1.4389
0.312744 4.86736 5.11486	0 26.8016 1.41851
0.312988 5.16058 5.11742	0 28.5696 1.42476
0.313232 4.59881 5.12474	0 24.4916 1.46255
0.313477 5.17206 5.13648	0 27.8902 1.52797
0.313721 4.98455 5.15216	0 23.1517 1.60891
0.313965 5.51212 5.17107	0 54.3 1.68864
0.314209 5.23267 5.19231	0 20.9912 1.7511
0.314453 5.00345 5.21466	0 30.2079 1.78552
0.314697 4.82233 5.23671	0 15.3532 1.78887
0.314941 5.70244 5.25684	0 28.3638 1.76523
0.315186 5.23711 5.27343	0 29.976 1.72291
0.31543 5.20039 5.28497	0 22.3279 1.67074
0.315674 5.53244 5.29031	0 35.9935 1.61553
0.315918 5.81756 5.28887	0 34.9613 1.56147
0.316162 5.61773 5.28079	0 40.8824 1.51101
0.316406 5.15297 5.26707	0 22.6409 1.4661
0.31665 4.82533 5.24952	0 20.403 1.42875
0.316895 5.66435 5.23066	0 21.6565 1.40083
0.317139 5.47678 5.21339	0 27.6393 1.38388
0.317383 4.91836 5.20065	0 27.1325 1.37971
0.317627 5.12779 5.19497	0 24.2482 1.39154
0.317871 4.78106 5.19802	0 25.2756 1.42468
0.318115 4.47137 5.21032	0 15.2955 1.48549
0.318359 4.44947 5.23108	0 17.216 1.5783
0.318604 5.52648 5.25832	0 26.3493 1.70148
0.318848 5.55354 5.28913	0 27.922 1.84468
0.319092 5.28398 5.32016	0 22.5475 1.9893
0.319336 5.76242 5.34811	0 29.2036 2.1125
0.31958 6.58219 5.37022	0 46.2992 2.19362
0.319824 4.66118 5.38457	0 22.4338 2.22013
0.320068 5.69098 5.39019	0 39.161 2.19107
0.320312 5.62339 5.38701	0 40.7399 2.11653
0.320557 5.81267 5.37564	0 26.6393 2.01399
0.320801 4.17565 5.3571	0 16.7538 1.90311
0.321045 5.97512 5.33264	0 31.227 1.80091
0.321289 5.22483 5.30354	0 26.0963 1.71851
0.321533 4.95628 5.27112	0 23.314 1.66001
0.321777 5.85098 5.2367	0 29.1192 1.62323
0.322021 5.91806 5.20171	0 30.6813 1.60187
0.322266 4.73917 5.16765	0 22.7754 1.58813
0.32251 4.87838 5.13608	0 21.131 1.57507
0.322754 4.71022 5.10845	0 24.0073 1.55803
0.322998 4.69395 5.08605	0 22.4202 1.53505
0.323242 5.0108 5.06981	0 20.2912 1.50663
0.323486 5.69316 5.06029	0 33.3718 1.4753
0.32373 4.52648 5.0576	0 18.0895 1.44522
0.323975 4.57827 5.06151	0 18.0769 1.42186
0.324219 5.72791 5.07142	0 25.165 1.41135
0.324463 4.84105 5.08644	0 25.7505 1.41951
0.324707 4.62405 5.10541	0 16.6591 1.45044
0.324951 5.71398 5.12685	0 30.5423 1.50533
0.325195 5.05301 5.14896	0 19.6869 1.58165
0.325439 4.76405 5.1697	0 21.185 1.67304
0.325684 4.98602 5.18683	0 19.9825 1.76998
0.325928 4.98266 5.19821	0 19.0704 1.86094
0.326172 6.39448 5.20204	0 37.1755 1.93418
0.326416 5.55003 5.19716	0 37.6008 1.97989
0.32666 4.44091 5.18334	0 17.0378 1.99241
0.326904 6.53233 5.16135	0 50.5947 1.97178
0.327148 5.80249 5.13295	0 31.1105 1.92372
0.327393 3.99116 5.1006	0 21.0102 1.85802
0.327637 5.0923 5.0671	0 23.9083 1.78553
0.327881 4.18564 5.03518	0 15.7984 1.71516
0.328125 5.3302 5.0071	0 24.8309 1.6519
0.328369 4.93232 4.98441	0 17.8961 1.59671
0.328613 4.7959 4.96786	0 25.1711 1.54797
0.328857 4.39119 4.9575	0 15.0623 1.50371
0.329102 5.31768 4.95288	0 26.3662 1.46346
0.329346 5.48706 4.9533	0 34.2847 1.4291
0.32959 4.52555 4.95807	0 20.8954 1.40427
0.329834 4.75613 4.96667	0 19.0745 1.39294
0.330078 5.31008 4.97881	0 24.5602 1.39794
0.330322 5.24151 4.99433	0 17.3391 1.42001
0.330566 4.02852 5.01314	0 14.5403 1.458
0.330811 5.44827 5.03499	0 25.1732 1.50982
0.331055 5.00208 5.05935	0 23.5701 1.57323
0.331299 5.04867 5.08531	0 20.829 1.64581
0.331543 4.8228 5.11158	0 14.9979 1.72397
0.331787 4.69793 5.13658	0 27.5102 1.80193
0.332031 5.81545 5.15856	0 35.5727 1.87168
0.332275 5.99792 5.17582	0 38.132 1.92468
0.33252 5.3041 5.1869	0 26.4775 1.95439
0.332764 4.07975 5.19078	0 11.4078 1.95855
0.333008 5.74079 5.18697	0 27.1066 1.93992
0.333252 5.51836 5.17559	0 39.703 1.90529
0.333496 5.76486 5.15731	0 34.7955 1.86368
0.33374 5.05415 5.13333	0 21.0092 1.82438
0.333984 5.11179 5.10516	0 23.5045 1.79534
0.334229 4.6052 5.07449	0 19.8808 1.78207
0.334473 5.39386 5.04296	0 29.4153 1.78681
0.334717 4.42321 5.01205	0 15.1346 1.80823
0.334961 4.94387 4.983	0 24.8128 1.84163
0.335205 5.31686 4.95673	0 28.6532 1.87983
0.335449 4.88888 4.93389	0 16.1267 1.91423
0.335693 4.4785 4.91489	0 19.4209 1.93623
0.335938 5.81242 4.89995	0 34.2729 1.93867
0.336182 3.82058 4.88916	0 14.1526 1.91741
0.336426 5.1668 4.88243	0 27.0929 1.87275
0.33667 4.59832 4.87954	0 16.7985 1.80977
0.336914 4.94408 4.88004	0 23.4279 1.7372
0.337158 5.02691 4.88328	0 21.003 1.66487
0.337402 4.44601 4.8884	0 23.4232 1.60056
0.337646 5.41096 4.89434	0 25.2825 1.54779
0.337891 4.75441 4.89993	0 25.8903 1.50546
0.338135 4.91747 4.90398	0 20.2581 1.46927
0.338379 4.90051 4.90546	0 24.0699 1.43397
0.338623 4.48444 4.90363	0 19.5295 1.39539
0.338867 5.07666 4.89822	0 32.0171 1.35152
0.339111 5.9772 4.88951	0 37.0262 1.30282
0.339355 4.8854 4.87837	0 22.2948 1.25224
0.3396 4.76624 4.86617	0 24.6612 1.20507
0.339844 4.87034 4.85455	0 27.7872 1.16867
0.340088 4.25309 4.84515	0 15.4165 1.15145
0.340332 4.45345 4.83935	0 15.9298 1.16114
0.340576 4.81249 4.83799	0 26.78 1.20249
0.34082 4.44088 4.84128	0 16.2716 1.27524
0.341064 5.47521 4.84874	0 24.4057 1.37301
0.341309 4.97642 4.85938	0 35.9432 1.48354
0.341553 4.37324 4.87185	0 17.4367 1.59083
0.341797 4.78684 4.88474	0 27.2067 1.67856
0.342041 5.44079 4.89679	0 28.0973 1.73407
0.342285 4.63934 4.9071	0 21.5342 1.7516
0.342529 5.4906 4.91517	0 35.0895 1.73314
0.342773 4.65591 4.92102	0 19.237 1.68665
0.343018 5.4276 4.92506	0 30.1846 1.62231
0.343262 4.41395 4.92805	0 16.7885 1.54873
0.343506 4.60739 4.93092	0 17.9389 1.47114
0.34375 4.9224 4.93464	0 31.3262 1.39208
0.343994 5.30749 4.94009	0 24.4658 1.31383
0.344238 5.24604 4.94786	0 27.7896 1.24074
0.344482 4.74553 4.95819	0 17.4639 1.17975
0.344727 4.59181 4.97089	0 19.1876 1.1388
0.344971 4.65367 4.98534	0 19.3432 1.12404
0.345215 4.75097 5.00056	0 23.3106 1.13732
0.345459 5.22728 5.01535	0 19.552 1.17522
0.345703 4.90095 5.02854	0 23.2485 1.22994
0.345947 6.11394 5.03915	0 36.9465 1.29157
0.346191 5.93633 5.0466	0 34.1977 1.35075
0.346436 3.96842 5.0508	0 16.1706 1.40056
0.34668 4.5395 5.05217	0 21.599 1.43746
0.346924 5.11851 5.0515	0 27.355 1.46116
0.347168 5.34824 5.04982	0 23.3992 1.47404
0.347412 5.64588 5.04816	0 52.2786 1.4802
0.347656 5.18689 5.04732	0 23.7443 1.48435
0.3479 3.89717 5.04772	0 12.895 1.49044
0.348145 4.9499 5.04923	0 23.8625 1.50056
0.348389 5.50352 5.05116	0 32.9161 1.51421
0.348633 4.97293 5.05231	0 25.6242 1.52841
0.348877 4.89118 5.05117	0 29.9507 1.53841
0.349121 4.54549 5.04613	0 18.5537 1.53881
0.349365 6.46918 5.03585	0 41.7187 1.52492
0.349609 4.68663 5.01946	0 14.3474 1.49403
0.349854 5.62095 4.9968	0 23.1813 1.44655
0.350098 4.72318 4.9685	0 22.8131 1.38643
0.350342 4.83577 4.93585	0 26.087 1.3208
0.350586 5.50844 4.90065	0 31.0149 1.25832
0.35083 4.48636 4.86489	0 18.4164 1.20715
0.351074 4.37753 4.83048	0 18.6174 1.17288
0.351318 4.43754 4.79901	0 12.3696 1.15751
0.351562 4.84583 4.77159	0 22.2597 1.15948
0.351807 4.59027 4.74886	0 22.8659 1.17451
0.352051 5.08551 4.73104	0 19.6468 1.19688
0.352295 4.92694 4.71806	0 28.3485 1.2205
0.352539 4.08323 4.70969	0 14.6633 1.23986
0.352783 5.14303 4.70558	0 25.6424 1.25078
0.353027 4.22033 4.70533	0 18.4023 1.25128
0.353271 5.05985 4.70842	0 31.079 1.24205
0.353516 4.48463 4.71421	0 32.4996 1.22653
0.35376 4.38228 4.7219	0 14.1965 1.21005
0.354004 4.23407 4.73061	0 13.6653 1.19842
0.354248 5.50172 4.73943	0 25.4656 1.19619
0.354492 5.23262 4.74756	0 25.4537 1.20538
0.354736 4.41077 4.75446	0 21.1849 1.22506
0.35498 4.67315 4.75992	0 15.9662 1.25168
0.355225 5.17074 4.76406	0 27.4347 1.27994
0.355469 4.67929 4.76732	0 20.462 1.30386
0.355713 4.62591 4.77029	0 20.7935 1.31786
0.355957 4.95671 4.77366	0 20.7141 1.31781
0.356201 4.18363 4.7781	0 22.03 1.30216
0.356445 4.38626 4.78421	0 20.0024 1.27276
0.356689 5.23875 4.79248	0 20.1884 1.23504
0.356934 5.2012 4.80333	0 22.8733 1.19736
0.357178 4.93816 4.81705	0 23.5367 1.16937
0.357422 4.83667 4.83367	0 16.9012 1.15986
0.357666 4.88815 4.85284	0 22.5349 1.1745
0.35791 3.87955 4.87366	0 15.476 1.21422
0.358154 4.56282 4.89464	0 25.0936 1.27444
0.358398 5.03 4.91371	0 30.2142 1.34567
0.358643 5.12905 4.92849	0 30.5241 1.41553
0.358887 5.48387 4.93664	0 29.5217 1.47171
0.359131 4.79346 4.93631	0 20.4556 1.50534
0.359375 5.84135 4.92657	0 31.1684 1.51355
0.359619 6.00497 4.90766	0 26.3035 1.50041
0.359863 4.36587 4.88106	0 13.3646 1.47575
0.360107 4.73785 4.84925	0 27.4784 1.45213
0.360352 4.29029 4.8153	0 18.8682 1.44095
0.360596 4.80011 4.78243	0 16.1602 1.44908
0.36084 4.34308 4.75341	0 15.0383 1.47712
0.361084 4.59118 4.73027	0 35.5247 1.51991
0.361328 4.96764 4.71399	0 21.193 1.56867
0.361572 4.03468 4.70454	0 15.3034 1.6139
0.361816 5.1362 4.701	0 20.6825 1.6477
0.362061 4.04409 4.7019	0 20.0979 1.66484
0.362305 5.22352 4.70551	0 20.2107 1.66276
0.362549 4.29054 4.71028	0 17.5877 1.64109
0.362793 5.3298 4.71508	0 31.0033 1.60117
0.363037 4.9062 4.71937	0 25.0359 1.54604
0.363281 5.01058 4.72327	0 24.4339 1.48041
0.363525 4.7162 4.72737	0 22.4512 1.41049
0.36377 4.43093 4.73254	0 14.1187 1.34326
0.364014 4.1096 4.73964	0 17.5142 1.28564
0.364258 4.59114 4.74923	0 17.1185 1.24388
0.364502 4.7015 4.76138	0 17.5551 1.22339
0.364746 5.28868 4.77557	0 42.5153 1.22847
0.36499 4.79458 4.79075	0 21.9591 1.26162
0.365234 4.26041 4.8054	0 15.2013 1.32188
0.365479 5.16529 4.81781	0 23.0507 1.40311
0.365723 5.15944 4.82627	0 24.3017 1.49332
0.365967 4.65625 4.82926	0 22.8466 1.57621
0.366211 5.16688 4.82572	0 22.1981 1.63508
0.366455 4.97139 4.81513	0 26.293 1.65783
0.366699 4.58326 4.79763	0 21.4188 1.64108
0.366943 4.94744 4.77406	0 21.4389 1.59158
0.367188 5.62482 4.74589	0 27.9651 1.52407
0.367432 4.4066 4.71514	0 19.7887 1.4565
0.367676 4.7526 4.68415	0 20.2069 1.40431
0.36792 3.89078 4.65542	0 14.7241 1.37616
0.368164 4.68179 4.63133	0 21.5191 1.37244
0.368408 4.33615 4.61392	0 19.2772 1.38692
0.368652 4.76501 4.60477	0 27.637 1.41031
0.368896 4.56926 4.60479	0 23.9228 1.43399
0.369141 4.37216 4.61418	0 17.401 1.45248
0.369385 4.22687 4.63245	0 19.1968 1.46401
0.369629 4.33735 4.65837	0 16.0082 1.46954
0.369873 5.11315 4.69013	0 19.8794 1.47089
0.370117 4.16542 4.72544	0 13.8512 1.46902
0.370361 4.98715 4.76175	0 25.5556 1.46307
0.370605 5.08749 4.79645	0 17.8814 1.45051
0.37085 4.87232 4.82715	0 34.5258 1.42838
0.371094 4.92405 4.85188	0 24.728 1.39492
0.371338 5.31252 4.86927	0 22.9845 1.35075
0.371582 4.71929 4.87868	0 33.6366 1.29912
0.371826 5.73133 4.88018	0 26.873 1.24493
0.37207 4.34544 4.87451	0 14.1808 1.19305
0.372314 5.31463 4.8629	0 24.5868 1.14695
0.372559 4.32138 4.84695	0 18.2176 1.10811
0.372803 4.63939 4.82831	0 22.7476 1.07669
0.373047 5.62817 4.80855	0 37.4566 1.05278
0.373291 4.47219 4.78897	0 17.0871 1.03743
0.373535 4.49408 4.77042	0 15.7241 1.03244
0.373779 4.86787 4.75332	0 30.3269 1.03899
0.374023 4.56642 4.73766	0 20.599 1.05582
0.374268 3.83934 4.72311	0 13.5558 1.07833
0.374512 5.40419 4.70918	0 24.0877 1.09948
0.374756 4.79006 4.69545	0 21.8625 1.1124
0.375 5.4638 4.6817	0 27.8692 1.11341
0.375244 4.6648 4.66803	0 20.9241 1.10381
0.375488 4.45199 4.65487	0 18.7711 1.08952
0.375732 3.82558 4.64292	0 13.1169 1.07896
0.375977 4.71266 4.63297	0 25.7678 1.08027
0.376221 4.50965 4.62577	0 16.928 1.09933
0.376465 5.36496 4.62185	0 21.9308 1.13904
0.376709 3.9315 4.62139	0 11.6488 1.1996
0.376953 4.94743 4.6241	0 18.5156 1.27888
0.377197 4.34512 4.62931	0 20.0058 1.37232
0.377441 4.30329 4.63593	0 14.789 1.4724
0.377686 4.94953 4.64264	0 22.7909 1.56831
0.37793 4.07423 4.64807	0 12.0455 1.6468
0.378174 5.3547 4.65108	0 30.3569 1.69461
0.378418 4.9339 4.65095	0 29.0839 1.70215
0.378662 4.63133 4.64762	0 23.7181 1.66703
0.378906 4.67305 4.64173	0 21.477 1.59572
0.37915 5.21734 4.6346	0 21.1054 1.50248
0.379395 4.7359 4.62796	0 21.9465 1.40555
0.379639 3.7012 4.62367	0 13.9794 1.32227
0.379883 4.57274 4.6233	0 13.2952 1.26469
0.380127 4.34079 4.62787	0 19.3504 1.23728
0.380371 4.44628 4.63756	0 30.2873 1.23691
0.380615 4.27801 4.65175	0 16.951 1.2549
0.380859 4.77074 4.66912	0 41.416 1.28008
0.381104 4.8334 4.68789	0 24.0822 1.30212
0.381348 5.55961 4.70618	0 31.2631 1.31426
0.381592 4.76823 4.72222	0 18.1468 1.31489
0.381836 4.25982 4.73454	0 20.6305 1.30734
0.38208 4.87438 4.7421	0 19.3482 1.29792
0.382324 4.96914 4.74417	0 21.6077 1.29266
0.382568 4.97112 4.74033	0 26.8421 1.29411
0.382812 4.23407 4.73037	0 15.8708 1.2997
0.383057 4.65725 4.71428	0 29.6176 1.30266
0.383301 5.21423 4.69229	0 31.6262 1.2952
0.383545 4.85629 4.66499	0 28.1554 1.27239
0.383789 5.02651 4.63342	0 32.3121 1.23463
0.384033 4.75479 4.59917	0 27.105 1.18765
0.384277 3.8195 4.56438	0 10.2134 1.14021
0.384521 4.95006 4.5316	0 20.7166 1.10097
0.384766 4.18555 4.5036	0 14.8889 1.07619
0.38501 4.57862 4.48305	0 16.7832 1.06901
0.385254 4.63079 4.47213	0 17.2893 1.08
0.385498 3.53498 4.47224	0 10.4879 1.10827
0.385742 4.07275 4.48371	0 18.3599 1.15216
0.385986 4.26593 4.50568	0 15.8775 1.20918
0.38623 4.12733 4.53615	0 20.3125 1.27544
0.386475 4.96747 4.57223	0 22.9938 1.34504
0.386719 4.72407 4.61049	0 18.8283 1.41019
0.386963 4.07193 4.64743	0 16.6083 1.46231
0.387207 6.17875 4.6799	0 42.131 1.49412
0.387451 4.74346 4.70546	0 19.7148 1.50182
0.387695 4.62193 4.72265	0 20.7823 1.48655
0.387939 4.88363 4.73097	0 23.8052 1.45422
0.388184 4.89017 4.73088	0 22.3214 1.41361
0.388428 4.65197 4.72356	0 17.1585 1.37353
0.388672 4.45877 4.71068	0 18.379 1.34012
0.388916 5.34222 4.69417	0 21.1515 1.31563
0.38916 4.37551 4.67595	0 23.4487 1.29904
0.389404 4.61706 4.6578	0 28.4562 1.2879
0.389648 4.4804 4.64113	0 17.5507 1.28045
0.389893 4.5554 4.62692	0 20.1819 1.27671
0.390137 4.57855 4.61559	0 17.8425 1.27824
0.390381 4.70119 4.607	0 15.6821 1.28678
0.390625 4.25288 4.60043	0 19.5953 1.30273
0.390869 4.49174 4.59471	0 19.3627 1.32413
0.391113 4.13932 4.58838	0 14.285 1.34663
0.391357 5.8446 4.57999	0 25.8639 1.36443
0.391602 4.02326 4.5683	0 15.1534 1.37168
0.391846 4.52 4.55262	0 31.4529 1.36395
0.39209 5.22108 4.53296	0 27.2167 1.33943
0.392334 4.35565 4.51004	0 16.8132 1.29971
0.392578 5.16509 4.48517	0 35.0622 1.24989
0.392822 4.19974 4.46002	0 14.9522 1.19798
0.393066 4.15883 4.43617	0 12.0938 1.15318
0.393311 3.89839 4.41479	0 12.9383 1.12329
0.393555 3.84161 4.39639	0 13.15 1.11197
0.393799 4.06394 4.38068	0 16.7471 1.11698
0.394043 4.60306 4.36678	0 13.2335 1.13069
0.394287 5.18978 4.35344	0 45.5014 1.14301
0.394531 4.20661 4.33951	0 22.4062 1.14541
0.394775 4.47528 4.3243	0 16.4147 1.13429
0.39502 4.44127 4.3078	0 15.2922 1.11189
0.395264 4.73573 4.29075	0 13.9201 1.08465
0.395508 4.25946 4.27447	0 21.293 1.06004
0.395752 3.94637 4.26055	0 15.481 1.04359
0.395996 3.69463 4.25045	0 10.3008 1.03734
0.39624 3.62924 4.24525	0 12.4642 1.03984
0.396484 3.79108 4.24542	0 12.0437 1.04725
0.396729 4.49572 4.25081	0 17.4859 1.05502
0.396973 5.18576 4.26081	0 29.7187 1.05954
0.397217 4.69674 4.27454	0 18.3464 1.05952
0.397461 3.48414 4.291	0 14.2285 1.05669
0.397705 4.37188 4.30925	0 24.2243 1.05535
0.397949 4.16414 4.32838	0 20.1535 1.0608
0.398193 4.17985 4.3475	0 15.8215 1.07721
0.398438 4.65855 4.36571	0 15.3177 1.10579
0.398682 4.23099 4.38202	0 18.4242 1.14424
0.398926 4.32125 4.39545	0 17.6734 1.18765
0.39917 4.47512 4.40512	0 21.1164 1.2305
0.399414 4.64851 4.41044	0 17.7931 1.26854
0.399658 4.94731 4.41122	0 19.2248 1.29989
0.399902 4.81649 4.40778	0 30.1723 1.32482
0.400146 4.01657 4.40094	0 19.5795 1.34446
0.400391 4.04385 4.39196	0 14.271 1.35934
0.400635 4.49962 4.38234	0 20.697 1.36829
0.400879 4.6758 4.37366	0 17.5695 1.36829
0.401123 3.45183 4.3674	0 12.482 1.35544
0.401367 4.71473 4.36483	0 23.7106 1.32662
0.401611 4.72036 4.36686	0 34.0802 1.28114
0.401855 3.89725 4.37409	0 14.3876 1.22153
0.4021 4.26176 4.3867	0 17.896 1.15314
0.402344 4.60423 4.40449	0 19.4675 1.08272
0.402588 4.05083 4.42688	0 17.7666 1.01673
0.402832 4.69825 4.45296	0 23.5697 0.960287
0.403076 3.8591 4.48148	0 12.9276 0.916968
0.40332 4.36343 4.51099	0 17.571 0.889133
0.403564 5.01145 4.53991	0 22.4891 0.878394
0.403809 4.96117 4.56664	0 27.3944 0.885823
0.404053 5.03568 4.58969	0 24.4625 0.911851
0.404297 4.37833 4.60773	0 18.79 0.955974
0.404541 4.31654 4.61972	0 23.2317 1.01637
0.404785 4.17076 4.62497	0 17.1116 1.0895
0.405029 4.92556 4.62322	0 23.6554 1.16999
0.405273 5.62187 4.61469	0 31.6859 1.25085
0.405518 4.82445 4.60011	0 22.8534 1.32447
0.405762 4.38249 4.58069	0 14.8813 1.38397
0.406006 4.50985 4.55793	0 16.94 1.42469
0.40625 4.89022 4.5335	0 33.0823 1.44521
0.406494 4.01525 4.50892	0 17.3935 1.44735
0.406738 4.05998 4.48539	0 22.0904 1.43538
0.406982 4.07407 4.46364	0 15.6666 1.41449
0.407227 4.71088 4.44395	0 30.3069 1.38911
0.407471 4.47181 4.42619	0 13.0918 1.36178
0.407715 4.22645 4.41009	0 18.309 1.33301
0.407959 5.45286 4.39534	0 26.0071 1.30195
0.408203 4.51814 4.38181	0 19.9334 1.26785
0.408447 3.96679 4.36955	0 12.7298 1.23126
0.408691 3.3334 4.35879	0 8.1033 1.19477
0.408936 4.73081 4.34977	0 20.2934 1.16282
0.40918 4.03149 4.34271	0 12.5257 1.1407
0.409424 4.9705 4.33764	0 24.2651 1.13327
0.409668 4.39654 4.33441	0 22.4846 1.14341
0.409912 4.18773 4.33279	0 14.121 1.17088
0.410156 3.78549 4.33247	0 13.0775 1.21176
0.4104 4.1806 4.33326	0 22.5434 1.25895
0.410645 5.17507 4.33514	0 25.1377 1.30388
0.410889 4.21644 4.33827	0 17.2241 1.33886
0.411133 4.55218 4.34298	0 25.5779 1.3594
0.411377 3.95366 4.34956	0 12.537 1.36562
0.411621 4.3603 4.35816	0 18.8484 1.36208
0.411865 4.3132 4.3686	0 19.6013 1.3561
0.412109 3.41337 4.38023	0 11.7716 1.35509
0.412354 5.05033 4.39201	0 19.6515 1.36376
0.412598 4.68856 4.40257	0 23.6314 1.38232
0.412842 3.7938 4.41052	0 10.6834 1.4062
0.413086 5.25394 4.41469	0 43.8037 1.42772
0.41333 4.01771 4.41441	0 12.7902 1.43901
0.413574 5.30202 4.40972	0 21.8845 1.43506
0.413818 4.64246 4.40128	0 25.2851 1.41568
0.414062 4.65495 4.39028	0 26.9217 1.38541
0.414307 3.66451 4.37813	0 14.7206 1.35168
0.414551 3.68509 4.36607	0 12.0725 1.3219
0.414795 4.26526 4.35489	0 14.3725 1.30094
0.415039 4.19835 4.34479	0 23.0046 1.28991
0.415283 4.63184 4.33531	0 19.7356 1.28636
0.415527 4.73307 4.32548	0 21.5238 1.28571
0.415771 4.03396 4.31414	0 24.6892 1.283
0.416016 5.07314 4.30019	0 19.1055 1.27437
0.41626 3.82796 4.28286	0 14.6493 1.25771
0.416504 4.38765 4.26193	0 15.9033 1.23274
0.416748 4.21299 4.23781	0 17.0173 1.20079
0.416992 4.25596 4.21143	0 15.1939 1.16463
0.417236 4.30431 4.18418	0 17.3666 1.12859
0.41748 4.60914 4.15762	0 18.0685 1.0986
0.417725 3.99055 4.13329	0 12.8666 1.08157
0.417969 3.57574 4.11241	0 11.6889 1.08377
0.418213 3.41556 4.09574	0 10.4356 1.10859
0.418457 3.97065 4.08348	0 17.7113 1.15445
0.418701 4.50694 4.07531	0 14.2233 1.21418
0.418945 4.19625 4.07049	0 15.298 1.27641
0.419189 3.77733 4.06805	0 9.48113 1.32876
0.419434 4.52843 4.06708	0 31.4998 1.36152
0.419678 3.92686 4.06689	0 13.4464 1.37033
0.419922 3.90364 4.06713	0 13.4078 1.35676
0.420166 4.32503 4.06786	0 23.5616 1.32676
0.42041 4.08017 4.0695	0 18.4722 1.28798
0.420654 4.04207 4.07265	0 12.9418 1.24717
0.420898 3.98988 4.07795	0 10.6303 1.20886
0.421143 3.74121 4.08587	0 12.7407 1.1752
0.421387 4.24157 4.0966	0 18.3372 1.1466
0.421631 3.65336 4.10997	0 12.6662 1.12233
0.421875 4.30808 4.12545	0 14.3595 1.10062
0.422119 4.37346 4.14229	0 15.6846 1.07854
0.422363 3.95188 4.15963	0 10.7608 1.05213
0.422607 4.05626 4.17667	0 21.1945 1.01748
0.422852 4.49397 4.19283	0 29.0523 0.972417
0.423096 4.91013 4.20783	0 20.9356 0.918165
0.42334 3.70258 4.22164	0 15.79 0.859837
0.423584 4.04606 4.23446	0 16.9738 0.805368
0.423828 4.5404 4.24654	0 17.6094 0.763273
0.424072 3.78882 4.25804	0 14.9936 0.740363
0.424316 4.46123 4.26888	0 16.4402 0.740402
0.424561 4.14265 4.27867	0 21.3912 0.763985
0.424805 4.57066 4.28671	0 21.2072 0.809071
0.425049 4.00642 4.29207	0 14.2995 0.87142
0.425293 4.59761 4.29375	0 16.7006 0.944629
0.425537 4.17156 4.29088	0 18.1806 1.02021
0.425781 4.7267 4.28294	0 16.821 1.08841
0.426025 4.06137 4.26989	0 23.6756 1.13991
0.42627 4.81542 4.25232	0 22.7777 1.16798
0.426514 4.58368 4.23144	0 16.8228 1.17008
0.426758 3.89502 4.209	0 18.2855 1.14818
0.427002 3.4888 4.18711	0 10.7593 1.10796
0.427246 4.35876 4.16806	0 24.6519 1.0574
0.42749 4.63173 4.15398	0 32.0846 1.0053
0.427734 3.63458 4.14658	0 11.4435 0.960137
0.427979 4.22874 4.14694	0 13.2951 0.928945
0.428223 3.47204 4.15526	0 8.65524 0.916427
0.428467 3.45532 4.17086	0 9.63487 0.924266
0.428711 4.61405 4.19213	0 12.2398 0.950972
0.428955 4.70135 4.21676	0 24.0356 0.992341
0.429199 3.88266 4.24197	0 12.0793 1.04245
0.429443 4.10612 4.26493	0 11.9844 1.0949
0.429688 4.69412 4.28307	0 25.8183 1.14394
0.429932 4.43636 4.29453	0 19.0525 1.18537
0.430176 4.78503 4.29836	0 19.8416 1.21695
0.43042 4.41547 4.2947	0 15.8227 1.23847
0.430664 5.28824 4.28469	0 24.0423 1.25141
0.430908 3.50542 4.27025	0 10.1355 1.25848
0.431152 4.09189 4.2537	0 24.3282 1.26312
0.431396 3.91887 4.23736	0 15.1736 1.269
0.431641 4.17643 4.22312	0 17.18 1.27948
0.431885 4.26947 4.21214	0 26.531 1.29688
0.432129 3.77198 4.20473	0 13.5966 1.32151
0.432373 3.74897 4.20034	0 15.0396 1.35067
0.432617 4.89057 4.19781	0 21.3816 1.37837
0.432861 3.92729 4.19567	0 17.5431 1.39611
0.433105 4.69131 4.19247	0 23.903 1.395
0.43335 3.97451 4.18714	0 17.1617 1.3686
0.433594 4.71951 4.17912	0 24.0905 1.31523
0.433838 4.08285 4.16849	0 18.2418 1.23889
0.434082 4.35442 4.15587	0 24.8945 1.14804
0.434326 4.02662 4.14225	0 13.7382 1.0531
0.43457 3.68648 4.12876	0 10.7412 0.963649
0.434814 3.79053 4.11642	0 10.2256 0.886672
0.435059 4.43731 4.106	0 14.6941 0.826283
0.435303 4.11244 4.0979	0 11.0765 0.784675
0.435547 3.88739 4.09215	0 15.6547 0.763175
0.435791 4.36424 4.08842	0 12.7699 0.762444
0.436035 4.03728 4.08615	0 13.8378 0.78159
0.436279 3.74009 4.08468	0 11.2984 0.816889
0.436523 4.20136 4.08331	0 15.6764 0.86133
0.436768 3.95116 4.08147	0 18.0872 0.905778
0.437012 4.3029 4.07873	0 21.7272 0.941483
0.437256 4.65232 4.07484	0 20.0165 0.962737
0.4375 3.93801 4.06975	0 14.5486 0.968335
0.437744 3.52805 4.06351	0 9.32594 0.961246
0.437988 4.1686 4.05623	0 15.317 0.946923
0.438232 4.03409 4.04801	0 16.2238 0.931266
0.438477 4.4388 4.03887	0 24.2998 0.919095
0.438721 3.93423 4.02881	0 15.4919 0.913383
0.438965 3.44165 4.01782	0 9.05851 0.915085
0.439209 3.94037 4.006	0 12.8584 0.923292
0.439453 4.4755 3.99364	0 17.0083 0.935651
0.439697 4.63855 3.98128	0 14.9468 0.949109
0.439941 3.92582 3.9697	0 14.9018 0.960868
0.440186 3.80334 3.95984	0 25.2803 0.969252
0.44043 3.35993 3.95261	0 11.1594 0.974074
0.440674 3.62897 3.94885	0 12.6287 0.976311
0.440918 3.82337 3.94911	0 12.3292 0.977302
0.441162 4.11045 3.95367	0 16.3931 0.977999
0.441406 3.78393 3.96257	0 17.2017 0.978785
0.44165 4.40105 3.97564	0 24.0804 0.980028
0.441895 3.97 3.99258	0 13.7602 0.982972
0.442139 4.23605 4.01296	0 19.2001 0.990258
0.442383 3.89165 4.03616	0 13.6719 1.00546
0.442627 3.65886 4.06134	0 12.4355 1.03156
0.442871 3.44218 4.08727	0 12.5067 1.06898
0.443115 4.0954 4.11237	0 14.3386 1.11423
0.443359 4.56654 4.13479	0 18.7129 1.16002
0.443604 4.51887 4.15259	0 18.5292 1.19706
0.443848 4.56232 4.16399	0 25.0781 1.217
0.444092 4.11748 4.16772	0 14.3219 1.21533
0.444336 4.42472 4.16322	0 21.5421 1.1931
0.44458 4.15538 4.15083	0 19.3749 1.15662
0.444824 4.13977 4.13178	0 22.1752 1.11526
0.445068 4.83256 4.1081	0 21.6149 1.07821
0.445312 4.08967 4.08229	0 12.2107 1.05143
0.445557 3.1769 4.05704	0 9.87885 1.03616
0.445801 4.09379 4.03481	0 21.5681 1.02947
0.446045 4.09138 4.01754	0 16.7088 1.02644
0.446289 3.60925 4.00633	0 13.9205 1.02268
0.446533 3.8821 4.0014	0 11.0747 1.01594
0.446777 3.53552 4.00213	0 12.6637 1.00634
0.447021 3.88601 4.00722	0 13.6549 0.995499
0.447266 4.4665 4.01505	0 16.897 0.985674
0.44751 3.91057 4.02398	0 14.5933 0.979562
0.447754 4.65752 4.03266	0 21.7535 0.980604
0.447998 4.12903 4.0402	0 13.6773 0.993084
0.448242 4.13796 4.04624	0 20.8125 1.02135
0.448486 3.91635 4.05081	0 15.5362 1.0681
0.44873 3.84563 4.05413	0 15.4593 1.13252
0.448975 3.7263 4.05644	0 16.4343 1.20912
0.449219 4.0879 4.05779	0 13.5275 1.28793
0.449463 3.71013 4.05804	0 13.9259 1.35618
0.449707 4.58838 4.05692	0 18.4097 1.40093
0.449951 4.10244 4.05421	0 17.5453 1.41214
0.450195 4.51649 4.04991	0 24.6857 1.38531
0.450439 3.97329 4.04443	0 13.8889 1.32311
0.450684 4.11285 4.0386	0 13.6411 1.23517
0.450928 4.1749 4.03358	0 14.3544 1.13606
0.451172 3.54557 4.0307	0 12.1974 1.04165
0.451416 3.32766 4.03114	0 8.19046 0.965135
0.45166 5.01269 4.03569	0 23.5603 0.913913
0.451904 3.27634 4.04458	0 11.5079 0.888263
0.452148 3.82431 4.05737	0 10.6717 0.882203
0.452393 4.224 4.07301	0 17.455 0.886073
0.452637 3.9084 4.09002	0 14.3384 0.89005
0.452881 4.26516 4.10673	0 15.0214 0.887537
0.453125 4.34049 4.12153	0 19.1813 0.877398
0.453369 4.85225 4.13313	0 25.9575 0.864244
0.453613 3.87604 4.14066	0 13.1257 0.856524
0.453857 4.00556 4.14379	0 13.5496 0.863022
0.454102 4.03731 4.1427	0 16.0158 0.88911
0.454346 4.47766 4.13796	0 16.5814 0.93439
0.45459 3.8841 4.13047	0 16.4089 0.992718
0.454834 4.5866 4.12125	0 21.8477 1.05447
0.455078 3.85904 4.11131	0 14.2447 1.10983
0.455322 3.88214 4.10152	0 15.0943 1.15148
0.455566 4.54797 4.09247	0 16.3038 1.1757
0.455811 3.51446 4.08443	0 13.5155 1.18182
0.456055 4.08338 4.07725	0 16.0519 1.17074
0.456299 4.12652 4.07048	0 16.3078 1.1438
0.456543 3.7045 4.0634	0 15.0264 1.10239
0.456787 4.43805 4.05529	0 20.5617 1.04855
0.457031 4.20727 4.04553	0 19.9038 0.985878
0.457275 4.07691 4.03382	0 15.2249 0.92004
0.45752 4.30748 4.02024	0 16.9497 0.858384
0.457764 4.04092 4.0053	0 13.0123 0.808623
0.458008 4.02237 3.98975	0 13.0172 0.777046
0.458252 4.17825 3.97441	0 18.2103 0.767017
0.458496 3.28289 3.95998	0 13.5024 0.778342
0.45874 3.52006 3.94681	0 9.11281 0.807714
0.458984 3.61689 3.93489	0 12.2499 0.849904
0.459229 4.60141 3.92388	0 18.9819 0.899109
0.459473 3.98864 3.91321	0 15.4778 0.949934
0.459717 3.99497 3.90236	0 11.3263 0.997779
0.459961 4.299 3.89097	0 26.3846 1.03881
0.460205 3.80442 3.87897	0 13.7074 1.0699
0.460449 3.71705 3.8666	0 16.906 1.08887
0.460693 3.68108 3.85436	0 17.1945 1.09511
0.460938 3.84404 3.84289	0 18.3004 1.09015
0.461182 3.20566 3.83288	0 12.2998 1.07778
0.461426 3.97217 3.82493	0 13.0029 1.06343
0.46167 4.35869 3.81958	0 17.1326 1.05294
0.461914 4.18609 3.8172	0 16.0074 1.05107
0.462158 3.24729 3.81801	0 8.47224 1.06027
0.462402 3.86515 3.82201	0 12.4031 1.08011
0.462646 3.48505 3.82895	0 16.0664 1.10731
0.462891 3.50518 3.83834	0 7.97582 1.13666
0.463135 3.85989 3.84939	0 11.957 1.16243
0.463379 3.95574 3.86118	0 16.8318 1.17988
0.463623 4.11 3.87267	0 17.4971 1.18653
0.463867 4.30331 3.8829	0 13.389 1.18262
0.464111 4.06782 3.89109	0 17.8568 1.17079
0.464355 3.49796 3.89669	0 11.711 1.155
0.4646 3.83519 3.89945	0 16.2036 1.13928
0.464844 4.14598 3.89941	0 14.7402 1.12652
0.465088 3.57829 3.89687	0 12.2637 1.11781
0.465332 4.08803 3.89234	0 14.6654 1.11259
0.465576 4.05792 3.88658	0 22.8958 1.10949
0.46582 3.89318 3.8805	0 16.4767 1.10762
0.466064 4.07404 3.87508	0 12.7181 1.10766
0.466309 3.91189 3.8713	0 13.4522 1.11209
0.466553 3.68267 3.86997	0 16.6564 1.12422
0.466797 3.50828 3.8716	0 12.8694 1.14641
0.467041 3.46849 3.87625	0 9.92456 1.17814
0.467285 3.60581 3.88355	0 11.3157 1.21504
0.467529 4.49717 3.89274	0 22.3573 1.24945
0.467773 3.61127 3.90281	0 11.9224 1.27259
0.468018 4.57261 3.91276	0 19.8853 1.27737
0.468262 3.92886 3.92177	0 16.5922 1.26076
0.468506 3.65487 3.92942	0 11.1797 1.22473
0.46875 3.63093 3.93576	0 12.5937 1.17539
0.468994 4.77588 3.94129	0 20.1009 1.12081
0.469238 3.97309 3.94684	0 13.9922 1.06878
0.469482 3.15473 3.95335	0 7.03552 1.02512
0.469727 4.35475 3.96166	0 17.9079 0.993359
0.469971 3.95086 3.97233	0 21.4321 0.975159
0.470215 3.75193 3.98544	0 13.3212 0.971073
0.470459 3.30855 4.00059	0 9.83047 0.980941
0.470703 3.99309 4.01698	0 16.1676 1.00385
0.470947 4.53049 4.03351	0 23.4529 1.03787
0.471191 4.63349 4.049	0 23.9013 1.07984
0.471436 4.13346 4.06239	0 16.7954 1.12536
0.47168 3.9682 4.07285	0 18.2873 1.16908
0.471924 3.68162 4.0799	0 10.8464 1.20517
0.472168 4.16354 4.08341	0 21.1498 1.22813
0.472412 4.29237 4.08356	0 34.8654 1.23377
0.472656 4.26888 4.08079	0 20.2675 1.22033
0.4729 4.17222 4.07573	0 19.8705 1.18922
0.473145 3.9962 4.0691	0 11.202 1.14502
0.473389 3.9398 4.06168	0 14.6506 1.09471
0.473633 3.99893 4.05418	0 18.3162 1.04602
0.473877 4.11267 4.04724	0 15.1259 1.00563
0.474121 4.09357 4.0413	0 14.5621 0.977483
0.474365 4.00837 4.03658	0 19.2799 0.962015
0.474609 3.76383 4.03304	0 10.8867 0.956437
0.474854 3.94966 4.03043	0 16.5993 0.956025
0.475098 3.83067 4.0283	0 13.0367 0.955868
0.475342 5.00027 4.02613	0 21.3502 0.952395
0.475586 3.21829 4.02345	0 12.441 0.944184
0.47583 3.60035 4.01994	0 12.7 0.931912
0.476074 5.31275 4.01555	0 27.7153 0.917658
0.476318 4.14105 4.01047	0 18.9789 0.903938
0.476562 3.42005 4.00515	0 11.2393 0.892798
0.476807 3.64593 4.00015	0 10.5801 0.8852
0.477051 3.86205 3.99611	0 16.1168 0.880853
0.477295 4.30778 3.9935	0 19.2129 0.878521
0.477539 4.34997 3.99259	0 15.7172 0.876756
0.477783 3.67884 3.99338	0 8.88308 0.874786
0.478027 3.65035 3.99556	0 21.4627 0.873183
0.478271 3.84534 3.99862	0 13.5988 0.87395
0.478516 4.08865 4.00195	0 16.0261 0.87989
0.47876 4.41592 4.00503	0 23.1791 0.89348
0.479004 3.98403 4.00759	0 19.9956 0.915782
0.479248 4.03854 4.00971	0 16.9038 0.945871
0.479492 4.22563 4.01191	0 17.1117 0.981076
0.479736 3.85114 4.01507	0 18.2733 1.01788
0.47998 4.00421 4.0203	0 10.5752 1.05314
0.480225 4.40933 4.0287	0 16.2112 1.08506
0.480469 3.39288 4.04111	0 10.2995 1.11368
0.480713 3.56544 4.0579	0 11.9643 1.14061
0.480957 3.91301 4.07881	0 11.3233 1.16823
0.481201 4.18566 4.10294	0 17.3203 1.19859
0.481445 4.31074 4.12881	0 18.5946 1.23256
0.481689 4.00088 4.15453	0 14.3907 1.26959
0.481934 4.89534 4.17803	0 32.2836 1.30804
0.482178 4.16739 4.19726	0 30.8798 1.34582
0.482422 4.15149 4.21038	0 16.4131 1.38075
0.482666 4.24653 4.21596	0 17.8794 1.41041
0.48291 3.93995 4.21312	0 14.0427 1.43167
0.483154 4.63568 4.20161	0 19.0821 1.44044
0.483398 4.39481 4.1819	0 24.363 1.4322
0.483643 4.88547 4.15521	0 23.235 1.40344
0.483887 4.08 4.12339	0 16.0429 1.35342
0.484131 4.17652 4.08877	0 16.4811 1.28545
0.484375 3.72351 4.05379	0 14.3726 1.20693
0.484619 3.91108 4.02073	0 17.1456 1.12777
0.484863 3.51397 3.99133	0 17.2511 1.05788
0.485107 3.83799 3.96657	0 15.2033 1.00451
0.485352 3.43807 3.94659	0 9.30787 0.970525
0.485596 4.01371 3.93086	0 14.7402 0.954146
0.48584 3.86057 3.91844	0 11.6231 0.950009
0.486084 4.38633 3.90837	0 25.464 0.951137
0.486328 4.64718 3.90002	0 20.0147 0.951125
0.486572 3.47053 3.89329	0 14.5136 0.945973
0.486816 4.05894 3.88866	0 20.9591 0.935134
0.487061 3.59715 3.88701	0 10.7756 0.921502
0.487305 3.91909 3.8892	0 16.0668 0.910264
0.487549 3.577 3.89574	0 12.5842 0.906883
0.487793 3.1934 3.9064	0 9.47507 0.914852
0.488037 3.83859 3.92005	0 19.8142 0.934117
0.488281 3.87413 3.93471	0 16.9234 0.960869
0.488525 4.0864 3.94783	0 19.7157 0.988826
0.48877 4.37915 3.95682	0 19.1254 1.01138
0.489014 3.97598 3.95948	0 13.7626 1.02359
0.489258 5.10808 3.95452	0 25.657 1.0232
0.489502 4.13901 3.94183	0 16.6957 1.01046
0.489746 3.77515 3.92244	0 14.2673 0.987167
0.48999 3.87051 3.89836	0 16.913 0.955719
0.490234 3.8036 3.87209	0 13.6497 0.918567
0.490479 3.48363 3.84616	0 11.7511 0.878217
0.490723 3.51708 3.82265	0 13.5086 0.837436
0.490967 3.24267 3.80284	0 11.0154 0.799303
0.491211 4.12518 3.78711	0 11.606 0.766911
0.491455 3.6414 3.77504	0 10.7959 0.742813
0.491699 3.90151 3.76562	0 15.2285 0.728465
0.491943 3.87804 3.75767	0 13.6783 0.723891
0.492188 3.98174 3.75017	0 18.938 0.727654
0.492432 3.70561 3.74259	0 9.73077 0.737104
0.492676 3.67638 3.73501	0 15.6713 0.748835
0.49292 3.99086 3.72819	0 21.8763 0.759292
0.493164 3.61489 3.72338	0 14.5785 0.765489
0.493408 3.82863 3.72208	0 13.0957 0.765709
0.493652 3.5573 3.72573	0 12.3054 0.760061
0.493896 3.17257 3.73541	0 6.51094 0.750756
0.494141 3.40151 3.75158	0 10.1263 0.741985
0.494385 3.44498 3.774	0 10.0885 0.739351
0.494629 4.14687 3.80173	0 14.8659 0.748805
0.494873 3.90899 3.8332	0 15.0328 0.775214
0.495117 3.80621 3.86647	0 16.066 0.820841
0.495361 4.30821 3.89944	0 20.9866 0.884225
0.495605 3.68519 3.93005	0 11.9759 0.959892
0.49585 4.12055 3.95646	0 18.4546 1.03918
0.496094 3.62019 3.97705	0 10.7769 1.11207
0.496338 4.48311 3.99045	0 20.1505 1.16956
0.496582 4.66267 3.99534	0 34.5665 1.20595
0.496826 3.78292 3.99026	0 13.9989 1.22029
0.49707 4.12845 3.97332	0 15.2427 1.21637
0.497314 3.64305 3.94194	0 10.6701 1.2012
0.497559 4.0327 3.89276	0 15.2996 1.18228
0.497803 4.09768 3.82165	0 17.3304 1.16462
0.498047 4.00924 3.72396	0 15.1494 1.14876
0.498291 4.00482 3.59515	0 19.9957 1.13052
0.498535 3.96188 3.43149	0 22.0762 1.10258
0.498779 4.38187 3.23099	0 19.2015 1.05718
0.499023 3.51955 2.99423	0 12.9233 0.988882
0.499268 3.72872 2.72484	0 12.145 0.89636
0.499512 3.73158 2.4297	0 14.9588 0.782897
0.499756 4.12709 1.80267	0 27.7064 0.524115
