0 0 1.13686	0 0 0.144772
0.000244141 2.2082 1.36368	0 6.58171 0.181445
0.000488281 2.21254 1.60083	0 5.55202 0.218129
0.000732422 2.05532 1.84289	0 4.58545 0.253989
0.000976562 2.15986 2.08504	0 4.77065 0.289602
0.0012207 2.59266 2.3236	0 5.95971 0.326883
0.00146484 2.47855 2.55637	0 6.16957 0.368508
0.00170898 2.89013 2.78284	0 7.67217 0.417081
0.00195312 3.19445 3.00407	0 7.54742 0.474438
0.00219727 3.38098 3.22255	0 8.99918 0.541446
0.00244141 4.00079 3.44175	0 15.3923 0.618488
0.00268555 3.11143 3.6658	0 12.5355 0.706499
0.00292969 3.88501 3.89895	0 18.7503 0.808076
0.00317383 3.45381 4.14516	0 14.0243 0.928037
0.00341797 3.62685 4.40783	0 10.1882 1.07296
0.00366211 4.36939 4.6896	0 15.7423 1.24973
0.00390625 4.87852 4.99233	0 23.2627 1.46374
0.00415039 4.73085 5.31727	0 25.1424 1.7176
0.00439453 6.29836 5.66528	0 44.9998 2.0112
0.00463867 5.58429 6.03704	0 41.3692 2.34272
0.00488281 5.81978 6.43319	0 28.8393 2.71019
0.00512695 6.65597 6.85437	0 48.8 3.11206
0.00537109 7.93367 7.30106	0 52.7051 3.54666
0.00561523 6.765 7.77344	0 46.1072 4.01098
0.00585938 6.52718 8.27117	0 30.1128 4.50054
0.00610352 8.90089 8.79337	0 77.6467 5.0118
0.00634766 9.25064 9.33863	0 104.983 5.54737
0.0065918 9.17272 9.90531	0 87.5245 6.12243
0.00683594 11.5578 10.4917	0 138.085 6.76966
0.00708008 10.4844 11.0964	0 115.09 7.54013
0.00732422 11.8315 11.7182	0 128.594 8.49876
0.00756836 13.4425 12.3557	0 164.462 9.71486
0.0078125 12.5011 13.0074	0 131.969 11.2496
0.00805664 11.4091 13.6704	0 149.894 13.1439
0.00830078 14.0482 14.34	0 174.692 15.4102
0.00854492 14.4079 15.0093	0 229.53 18.0306
0.00878906 15.0573 15.6686	0 225.204 20.958
0.0090332 19.0751 16.3052	0 478.307 24.1188
0.00927734 17.8294 16.9042	0 257.431 27.4092
0.00952148 18.6134 17.4485	0 370.992 30.6878
0.00976562 17.5927 17.9201	0 303.895 33.7685
0.0100098 18.5333 18.3012	0 388.61 36.4268
0.0102539 18.2952 18.5761	0 425.145 38.4248
0.010498 22.3769 18.7329	0 589.464 39.5556
0.0107422 23.3272 18.7652	0 742.474 39.6915
0.0109863 22.88 18.6732	0 483.571 38.8208
0.0112305 21.5143 18.4647	0 536.822 37.057
0.0114746 20.114 18.1545	0 379.802 34.6165
0.0117188 14.5221 17.7629	0 239.721 31.7742
0.0119629 15.5107 17.3141	0 290.794 28.8129
0.012207 19.066 16.8332	0 349.537 25.982
0.0124512 16.1495 16.3447	0 187.748 23.474
0.0126953 13.8839 15.87	0 187.716 21.4164
0.0129395 14.418 15.4263	0 229.441 19.8727
0.0131836 15.1845 15.0264	0 228.88 18.8437
0.0134277 12.9406 14.6783	0 228.027 18.2699
0.0136719 12.8818 14.3862	0 142.125 18.0395
0.013916 13.7534 14.1512	0 352.239 18.009
0.0141602 12.9917 13.9721	0 204.385 18.0345
0.0144043 14.2547 13.8464	0 195.18 18.0077
0.0146484 13.9513 13.7707	0 168.086 17.8805
0.0148926 12.1882 13.7414	0 142.24 17.6689
0.0151367 13.5709 13.7546	0 149.123 17.4364
0.0153809 13.3978 13.8063	0 185.04 17.2625
0.015625 12.0686 13.8918	0 146.187 17.2134
0.0158691 14.8425 14.0059	0 208.982 17.321
0.0161133 13.4064 14.1426	0 215.777 17.5781
0.0163574 14.3479 14.295	0 297.69 17.9432
0.0166016 14.3842 14.4561	0 236.841 18.3538
0.0168457 15.0997 14.6183	0 248.881 18.7412
0.0170898 13.5466 14.7752	0 154.158 19.0458
0.017334 16.6425 14.9212	0 258.245 19.2316
0.0175781 15.9148 15.0532	0 266.696 19.2972
0.0178223 14.7736 15.1703	0 223.943 19.2818
0.0180664 16.4739 15.2749	0 233.325 19.2628
0.0183105 15.1967 15.3717	0 296.93 19.343
0.0185547 16.0785 15.4678	0 304.22 19.6289
0.0187988 16.8655 15.5714	0 276.532 20.2027
0.019043 13.8092 15.6906	0 199.851 21.0958
0.0192871 13.4509 15.832	0 238.458 22.2729
0.0195312 14.4664 15.9996	0 189.835 23.6324
0.0197754 16.0762 16.194	0 249.141 25.0278
0.0200195 15.4663 16.4121	0 334.52 26.3014
0.0202637 19.5154 16.6472	0 578.116 27.3218
0.0205078 16.97 16.8901	0 261.969 28.0116
0.020752 13.8377 17.13	0 202.822 28.3572
0.0209961 18.5243 17.3563	0 382.677 28.404
0.0212402 16.5619 17.5599	0 341.602 28.2399
0.0214844 21.1485 17.7344	0 652.956 27.9787
0.0217285 22.3268 17.8769	0 456.941 27.7409
0.0219727 16.3025 17.9884	0 247.825 27.6324
0.0222168 19.9196 18.0728	0 350.208 27.7184
0.0224609 16.9661 18.1359	0 304.095 28.0004
0.0227051 14.9826 18.1847	0 329.503 28.4075
0.0229492 17.9313 18.2253	0 382.416 28.8143
0.0231934 19.2156 18.2629	0 711.012 29.0813
0.0234375 17.829 18.301	0 361.727 29.1027
0.0236816 18.2242 18.3416	0 332.369 28.8388
0.0239258 19.7985 18.3857	0 426.751 28.3207
0.0241699 21.2823 18.4337	0 623.825 27.6289
0.0244141 17.3542 18.486	0 245.104 26.8611
0.0246582 16.7432 18.5429	0 300.116 26.103
0.0249023 15.4225 18.6048	0 342.663 25.4118
0.0251465 19.7455 18.6728	0 388.024 24.8127
0.0253906 18.2465 18.7479	0 383.86 24.303
0.0256348 21.2782 18.8325	0 435.139 23.8624
0.0258789 20.096 18.9296	0 551.614 23.4653
0.026123 18.905 19.0432	0 283.051 23.0941
0.0263672 20.9152 19.178	0 476.221 22.7489
0.0266113 15.0822 19.3387	0 254.159 22.4526
0.0268555 16.2135 19.529	0 364.718 22.2495
0.0270996 20.4181 19.7512	0 378.236 22.197
0.0273438 19.5571 20.0056	0 432.961 22.354
0.0275879 20.8898 20.2905	0 397.68 22.7656
0.027832 19.3272 20.6029	0 305.026 23.4484
0.0280762 24.1665 20.9388	0 578.011 24.3806
0.0283203 21.0665 21.2936	0 429.7 25.4987
0.0285645 18.0499 21.6629	0 348.774 26.7071
0.0288086 23.8068 22.0422	0 604.252 27.8997
0.0290527 22.5952 22.4267	0 514.128 28.9913
0.0292969 22.0473 22.8113	0 391.921 29.9501
0.029541 20.0444 23.1902	0 397.292 30.8142
0.0297852 26.5833 23.5572	0 841.674 31.6812
0.0300293 26.2095 23.906	0 579.436 32.664
0.0302734 23.7478 24.2314	0 589.212 33.8302
0.0305176 25.6446 24.5295	0 613.327 35.1538
0.0307617 23.3692 24.7992	0 455.44 36.5101
0.0310059 24.356 25.0424	0 428.726 37.7259
0.03125 29.7431 25.2647	0 681.75 38.671
0.0314941 25.2119 25.475	0 613.816 39.3491
0.0317383 24.0624 25.6847	0 495.239 39.9437
0.0319824 30.9074 25.9065	0 896.323 40.7883
0.0322266 19.9269 26.1527	0 260.789 42.2627
0.0324707 26.2707 26.433	0 581.16 44.6518
0.0327148 23.5984 26.7538	0 359.072 48.0207
0.032959 26.6857 27.1168	0 844.574 52.1603
0.0332031 26.4785 27.5191	0 650.065 56.6286
0.0334473 28.6574 27.9548	0 496.117 60.8775
0.0336914 26.039 28.416	0 605.703 64.422
0.0339355 29.9503 28.8955	0 762.725 66.9938
0.0341797 37.7986 29.3875	0 1430.05 68.6271
0.0344238 24.7991 29.8896	0 648.664 69.647
0.034668 30.7719 30.4017	0 1001.31 70.5594
0.0349121 31.9206 30.926	0 1005.43 71.8776
0.0351562 29.3611 31.4651	0 984.406 73.9417
0.0354004 28.8755 32.0208	0 771.436 76.7991
0.0356445 28.8622 32.593	0 656.425 80.197
0.0358887 37.9207 33.1795	0 1627.02 83.6944
0.0361328 31.7236 33.7761	0 715.155 86.8531
0.036377 39.5487 34.378	0 1977.48 89.4273
0.0366211 34.3018 34.9806	0 1110.99 91.4742
0.0368652 35.2444 35.5814	0 1450.21 93.3336
0.0371094 35.2156 36.1803	0 1558.91 95.4874
0.0373535 37.9277 36.7809	0 1321.76 98.3591
0.0375977 27.6835 37.3908	0 821.834 102.142
0.0378418 45.6832 38.0213	0 2216.28 106.734
0.0380859 46.4982 38.6871	0 1571.28 111.798
0.0383301 36.7992 39.4051	0 1213.17 116.919
0.0385742 36.6746 40.1933	0 1448.34 121.761
0.0388184 30.4686 41.0688	0 834.328 126.175
0.0390625 42.0203 42.0458	0 2328.02 130.227
0.0393066 44.7654 43.1339	0 2010.61 134.182
0.0395508 46.1227 44.3364	0 1709.67 138.466
0.0397949 39.2751 45.6495	0 1715.54 143.612
0.0400391 44.5399 47.0613	0 2460.87 150.137
0.0402832 51.9205 48.553	0 1519.45 158.384
0.0405273 45.1085 50.0991	0 1462.21 168.36
0.0407715 50.5177 51.6695	0 3069.63 179.707
0.0410156 55.9822 53.2325	0 2793.91 191.856
0.0412598 52.1006 54.7575	0 2309.69 204.312
0.0415039 60.4687 56.2187	0 3296.64 216.921
0.041748 64.1673 57.5979	0 3474.21 229.957
0.0419922 61.7761 58.8865	0 3842.13 243.93
0.0422363 63.8062 60.0852	0 4067.91 259.226
0.0424805 61.3321 61.2025	0 3621.14 275.748
0.0427246 61.5416 62.2514	0 6209.87 292.751
0.0429688 59.774 63.245	0 4190.89 308.96
0.0432129 65.9076 64.1926	0 6299.35 322.921
0.043457 59.4969 65.0968	0 4144.56 333.412
0.0437012 61.4428 65.9522	0 2710.05 339.735
0.0439453 68.4643 66.7467	0 3672.02 341.78
0.0441895 79.7328 67.4631	0 5312.71 339.867
0.0444336 69.8907 68.0829	0 6704.52 334.476
0.0446777 72.5381 68.5882	0 7471.9 326.035
0.0449219 65.235 68.9639	0 5048.89 314.904
0.045166 76.0636 69.1977	0 6225.82 301.553
0.0454102 66.2749 69.2799	0 3603.31 286.87
0.0456543 68.5127 69.2027	0 4689.37 272.383
0.0458984 72.9084 68.9594	0 6586.38 260.209
0.0461426 67.3585 68.5451	0 3775.36 252.646
0.0463867 74.527 67.9581	0 5135.88 251.495
0.0466309 72.3802 67.2015	0 4099.61 257.375
0.046875 68.0389 66.2845	0 3704.54 269.331
0.0471191 71.0417 65.223	0 4351.29 284.929
0.0473633 68.8868 64.0386	0 4651.84 300.809
0.0476074 62.8324 62.7565	0 3796.04 313.493
0.0478516 51.0064 61.402	0 2227.84 320.174
0.0480957 52.754 59.9977	0 2671.02 319.289
0.0483398 66.5481 58.5613	0 5986.22 310.759
0.048584 59.3632 57.1043	0 3247.29 295.9
0.0488281 54.0838 55.6326	0 2836.92 277.006
0.0490723 59.8202 54.1477	0 3355.45 256.688
0.0493164 48.9849 52.6487	0 3069.88 237.14
0.0495605 52.0407 51.1341	0 2829.94 219.565
0.0498047 43.6603 49.6042	0 2228.91 204.009
0.0500488 55.2329 48.061	0 4996.33 189.644
0.050293 45.1664 46.5096	0 2217.34 175.37
0.0505371 47.9627 44.9572	0 2017.87 160.429
0.0507812 40.217 43.4129	0 1488.41 144.762
0.0510254 42.2778 41.8865	0 2349.48 128.987
0.0512695 41.7904 40.3871	0 2206.32 114.068
0.0515137 35.3028 38.9225	0 873.821 100.868
0.0517578 31.0698 37.4977	0 949.376 89.8157
0.052002 42.132 36.1156	0 1645.86 80.7873
0.0522461 33.2405 34.7762	0 1383.16 73.2502
0.0524902 32.7831 33.4782	0 961.659 66.5481
0.0527344 29.5941 32.2195	0 718.833 60.1915
0.0529785 34.5821 30.9986	0 1584.8 54.0205
0.0532227 29.7973 29.8149	0 605.432 48.1851
0.0534668 26.2498 28.669	0 471.323 42.9877
0.0537109 27.3747 27.5627	0 802.051 38.6847
0.0539551 29.5307 26.498	0 730.912 35.3518
0.0541992 20.5926 25.4765	0 453.005 32.8603
0.0544434 20.562 24.4988	0 399.98 30.9509
0.0546875 24.0159 23.5642	0 608.064 29.3455
0.0549316 23.5977 22.6713	0 477.511 27.8416
0.0551758 25.1086 21.818	0 567.053 26.3526
0.0554199 18.8804 21.0027	0 243.369 24.8956
0.0556641 20.7966 20.2246	0 322.172 23.5465
0.0559082 16.8622 19.4843	0 250.683 22.3877
0.0561523 18.448 18.7831	0 452.711 21.4693
0.0563965 18.4409 18.1232	0 360.708 20.7915
0.0566406 15.5126 17.5065	0 233.411 20.3049
0.0568848 19.2065 16.9337	0 343.688 19.9244
0.0571289 13.1451 16.404	0 153.115 19.5486
0.057373 14.3119 15.9146	0 342.88 19.0836
0.0576172 15.1703 15.4608	0 262.579 18.4652
0.0578613 15.5804 15.0362	0 281.318 17.6743
0.0581055 15.4103 14.6337	0 246.907 16.7354
0.0583496 12.6096 14.2461	0 150.214 15.6997
0.0585938 15.7005 13.8673	0 331.131 14.6207
0.0588379 12.679 13.4925	0 175.255 13.5359
0.059082 13.9561 13.119	0 185.2 12.4657
0.0593262 14.3894 12.7459	0 270.749 11.424
0.0595703 11.601 12.3744	0 117.114 10.4304
0.0598145 10.2757 12.0068	0 75.6687 9.51299
0.0600586 10.3931 11.6462	0 97.2736 8.69837
0.0603027 12.8073 11.2963	0 177.26 7.99922
0.0605469 10.7921 10.9611	0 113.478 7.40895
0.060791 10.8679 10.6443	0 114.651 6.90795
0.0610352 9.63288 10.3495	0 101.005 6.47702
0.0612793 10.4439 10.0798	0 87.1332 6.10849
0.0615234 8.02032 9.83758	0 65.2108 5.80798
0.0617676 10.0187 9.62411	0 92.9181 5.58582
0.0620117 8.31454 9.43916	0 70.7426 5.44356
0.0622559 8.44076 9.2808	0 63.4348 5.36351
0.0625 9.01297 9.14529	0 70.0039 5.30758
0.0627441 8.68328 9.02733	0 57.284 5.22691
0.0629883 8.29449 8.92058	0 122.503 5.07862
0.0632324 10.4042 8.81832	0 172.144 4.84263
0.0634766 8.00592 8.71438	0 59.5385 4.53088
0.0637207 8.91385 8.60377	0 79.1958 4.18453
0.0639648 10.326 8.48337	0 78.841 3.85976
0.064209 8.97456 8.35212	0 73.3039 3.60784
0.0644531 7.11774 8.21098	0 47.3364 3.45741
0.0646973 8.4907 8.06264	0 60.9931 3.40605
0.0649414 7.43375 7.91097	0 63.5947 3.42383
0.0651855 6.91065 7.76039	0 75.3186 3.46639
0.0654297 8.22325 7.6153	0 57.5795 3.49109
0.0656738 7.82344 7.47957	0 64.2887 3.4696
0.065918 7.2525 7.35615	0 62.186 3.39256
0.0661621 6.05134 7.24688	0 41.3798 3.26656
0.0664062 6.34273 7.1524	0 39.5173 3.10681
0.0666504 7.09734 7.07223	0 56.3974 2.93013
0.0668945 7.46068 7.00491	0 42.3066 2.75097
0.0671387 6.41875 6.94829	0 34.0824 2.58114
0.0673828 7.09862 6.8998	0 53.2919 2.43117
0.067627 7.04091 6.8568	0 50.3693 2.31129
0.0678711 7.00103 6.81683	0 38.5803 2.23051
0.0681152 6.33736 6.77788	0 40.1208 2.19437
0.0683594 6.54875 6.73855	0 35.9907 2.20269
0.0686035 7.38509 6.69811	0 43.2739 2.24895
0.0688477 6.82504 6.6565	0 31.8153 2.32176
0.0690918 6.00856 6.61421	0 43.7515 2.40746
0.0693359 7.6135 6.57215	0 40.0255 2.49267
0.0695801 6.27848 6.53144	0 36.8523 2.56566
0.0698242 5.49823 6.49316	0 35.4899 2.61698
0.0700684 6.43715 6.45825	0 30.7733 2.6398
0.0703125 6.24336 6.42727	0 56.2561 2.63076
0.0705566 6.81088 6.40043	0 32.3194 2.59104
0.0708008 6.50902 6.3775	0 48.3507 2.52682
0.0710449 5.93897 6.35788	0 34.3335 2.44851
0.0712891 6.931 6.34067	0 47.7074 2.3681
0.0715332 5.92614 6.32474	0 27.8345 2.29528
0.0717773 5.88871 6.30884	0 34.9489 2.23374
0.0720215 5.83443 6.29174	0 28.1371 2.1794
0.0722656 7.03656 6.27237	0 42.1374 2.12211
0.0725098 6.77894 6.24996	0 50.881 2.05053
0.0727539 6.82627 6.2242	0 50.6616 1.95828
0.072998 5.40505 6.19533	0 34.6779 1.84819
0.0732422 5.7386 6.16416	0 36.1803 1.73267
0.0734863 6.7829 6.13203	0 42.3645 1.63006
0.0737305 6.45701 6.10058	0 42.1168 1.55907
0.0739746 5.43906 6.07161	0 21.6714 1.53402
0.0742188 6.1028 6.04675	0 33.9927 1.56238
0.0744629 6.05964 6.02723	0 37.9289 1.64467
0.074707 5.69375 6.01365	0 24.1087 1.77559
0.0749512 5.08196 6.00594	0 27.468 1.94523
0.0751953 6.32093 6.00336	0 35.4125 2.13988
0.0754395 6.3039 6.00472	0 43.5657 2.34279
0.0756836 5.85402 6.00864	0 37.8745 2.53544
0.0759277 5.92583 6.01389	0 48.7137 2.69952
0.0761719 6.35158 6.01969	0 38.3291 2.81974
0.076416 6.48409 6.02588	0 41.0836 2.88683
0.0766602 6.01933 6.03296	0 37.0164 2.90012
0.0769043 6.14959 6.04191	0 50.4231 2.86852
0.0771484 6.13228 6.05395	0 41.8315 2.80911
0.0773926 5.09947 6.07017	0 28.7226 2.74325
0.0776367 5.40214 6.09124	0 26.2663 2.69118
0.0778809 5.67915 6.11718	0 35.9791 2.66701
0.078125 7.16751 6.1473	0 57.2909 2.6759
0.0783691 6.38617 6.18025	0 70.0071 2.71418
0.0786133 6.86037 6.21419	0 33.899 2.77159
0.0788574 5.44456 6.24701	0 31.1758 2.83427
0.0791016 5.87001 6.27656	0 37.7159 2.88751
0.0793457 5.91711 6.30086	0 27.4184 2.91813
0.0795898 7.19981 6.31823	0 49.1685 2.91683
0.079834 6.75173 6.32745	0 44.1944 2.88048
0.0800781 7.37792 6.32779	0 73.0575 2.81317
0.0803223 6.26397 6.319	0 57.0866 2.72512
0.0805664 5.73169 6.30136	0 29.7367 2.62933
0.0808105 5.09391 6.27561	0 21.0186 2.53759
0.0810547 7.0578 6.243	0 44.591 2.45805
0.0812988 6.77257 6.20526	0 45.6493 2.39556
0.081543 6.57623 6.1646	0 31.3161 2.35412
0.0817871 6.36789 6.12366	0 38.0991 2.33921
0.0820312 5.98684 6.0853	0 30.159 2.35769
0.0822754 5.60057 6.05234	0 28.3777 2.41506
0.0825195 5.7546 6.02725	0 26.976 2.51138
0.0827637 5.072 6.01175	0 25.4131 2.63829
0.0830078 5.76021 6.00662	0 26.233 2.77926
0.083252 5.94714 6.01154	0 50.2557 2.91313
0.0834961 6.29087 6.02521	0 46.8501 3.01966
0.0837402 5.99714 6.04558	0 37.207 3.0847
0.0839844 5.73461 6.07025	0 36.69 3.10298
0.0842285 6.58707 6.09687	0 42.4774 3.07788
0.0844727 6.06263 6.12346	0 31.5178 3.01849
0.0847168 6.58718 6.14865	0 39.6014 2.93541
0.0849609 6.59209 6.17168	0 36.2473 2.83682
0.0852051 5.39196 6.19236	0 27.7072 2.72615
0.0854492 6.77296 6.21079	0 49.2636 2.60228
0.0856934 5.57798 6.22719	0 23.7562 2.46214
0.0859375 5.9404 6.24167	0 37.116 2.30491
0.0861816 7.03248 6.25417	0 51.9775 2.13572
0.0864258 6.37933 6.26445	0 42.826 1.96708
0.0866699 5.8074 6.27226	0 29.6695 1.81717
0.0869141 5.8792 6.27753	0 24.9962 1.7054
0.0871582 7.29288 6.28051	0 43.1781 1.64726
0.0874023 6.22241 6.28193	0 29.495 1.65031
0.0876465 7.00493 6.28296	0 39.2395 1.71276
0.0878906 6.10068 6.28503	0 32.6595 1.82488
0.0881348 5.22975 6.28954	0 38.2214 1.97214
0.0883789 6.1084 6.29755	0 37.1242 2.13878
0.088623 6.65137 6.30943	0 38.9799 2.31034
0.0888672 5.8146 6.32472	0 30.1029 2.47469
0.0891113 6.56047 6.34208	0 37.8725 2.62175
0.0893555 5.33224 6.35954	0 19.7248 2.74332
0.0895996 7.37653 6.37476	0 53.8879 2.8336
0.0898438 6.91012 6.3855	0 43.2092 2.89075
0.0900879 6.71623 6.38996	0 38.4045 2.9182
0.090332 6.33275 6.38705	0 30.5921 2.92445
0.0905762 6.67711 6.37655	0 42.8826 2.92088
0.0908203 6.40062 6.35901	0 34.7717 2.91815
0.0910645 6.17128 6.33564	0 32.612 2.92313
0.0913086 6.32084 6.30807	0 49.6936 2.93762
0.0915527 5.92346 6.27815	0 52.9938 2.95927
0.0917969 6.51109 6.24777	0 29.8309 2.98375
0.092041 5.78021 6.21875	0 35.3511 3.00667
0.0922852 6.72589 6.19275	0 39.3354 3.02456
0.0925293 6.62874 6.17117	0 50.4816 3.03479
0.0927734 5.97026 6.15504	0 38.8994 3.03516
0.0930176 5.06825 6.14486	0 26.187 3.02389
0.0932617 6.24378 6.14054	0 36.4884 3.00008
0.0935059 5.31866 6.14127	0 41.034 2.96427
0.09375 6.69085 6.1456	0 45.7602 2.91877
0.0939941 6.02127 6.15152	0 30.6723 2.86755
0.0942383 6.87535 6.15673	0 40.4786 2.81539
0.0944824 5.83622 6.15892	0 36.6619 2.76654
0.0947266 6.55961 6.15599	0 39.0862 2.72288
0.0949707 6.25389 6.14636	0 44.7362 2.68246
0.0952148 5.95814 6.12899	0 29.7837 2.63923
0.095459 6.22109 6.10351	0 41.6269 2.58489
0.0957031 7.02634 6.0701	0 68.5679 2.51224
0.0959473 5.76004 6.02947	0 35.1213 2.41875
0.0961914 5.09214 5.98265	0 24.2519 2.30837
0.0964355 6.65074 5.93095	0 39.3498 2.19033
0.0966797 6.01639 5.87577	0 37.0703 2.07552
0.0969238 5.92154 5.81857	0 29.0327 1.97217
0.097168 5.78103 5.76071	0 32.1793 1.88311
0.0974121 5.54661 5.70341	0 43.6192 1.80599
0.0976562 5.46221 5.64772	0 26.3451 1.73572
0.0979004 5.14522 5.5945	0 31.9738 1.66766
0.0981445 5.05978 5.54447	0 23.501 1.5995
0.0983887 6.75515 5.49824	0 34.3842 1.53136
0.0986328 5.47147 5.4564	0 36.5874 1.46461
0.098877 4.86802 5.41952	0 23.6418 1.40063
0.0991211 5.23325 5.3882	0 25.5929 1.3406
0.0993652 5.15318 5.36293	0 21.3592 1.28603
0.0996094 5.69841 5.34411	0 28.8601 1.23957
0.0998535 4.70266 5.33188	0 19.1083 1.20499
0.100098 4.92488 5.32604	0 27.5462 1.18626
0.100342 6.10424 5.32606	0 32.2132 1.18597
0.100586 4.81236 5.33101	0 24.9857 1.20397
0.10083 5.11665 5.33963	0 18.1057 1.23704
0.101074 5.4382 5.35034	0 26.0236 1.27959
0.101318 5.85273 5.3614	0 26.4005 1.3253
0.101562 5.49108 5.37094	0 31.5118 1.36878
0.101807 4.71365 5.3771	0 27.4461 1.4067
0.102051 5.24144 5.37825	0 26.9858 1.43807
0.102295 5.84748 5.37307	0 30.6756 1.46395
0.102539 5.69303 5.36078	0 35.9324 1.48673
0.102783 5.9623 5.34122	0 31.67 1.50941
0.103027 5.51528 5.31491	0 53.4137 1.53476
0.103271 5.2576 5.28296	0 27.019 1.56452
0.103516 4.69527 5.24686	0 17.6119 1.59889
0.10376 5.42027 5.20829	0 24.5903 1.63643
0.104004 5.50055 5.16882	0 34.3752 1.67476
0.104248 4.39438 5.12975	0 16.2649 1.71151
0.104492 4.37497 5.092	0 16.342 1.74518
0.104736 5.88379 5.0561	0 35.286 1.77553
0.10498 5.0411 5.02232	0 27.5174 1.80327
0.105225 5.33033 4.99083	0 33.541 1.82941
0.105469 5.01809 4.96174	0 25.9438 1.85468
0.105713 4.67866 4.93527	0 18.5088 1.87899
0.105957 4.5832 4.91162	0 20.8203 1.9011
0.106201 4.66724 4.89098	0 24.8058 1.91835
0.106445 5.03183 4.87332	0 24.8407 1.92662
0.106689 4.81436 4.85838	0 17.651 1.92078
0.106934 4.69398 4.84555	0 20.9021 1.8958
0.107178 5.12473 4.83392	0 25.3526 1.84855
0.107422 4.4125 4.82233	0 22.1568 1.77949
0.107666 5.07767 4.80957	0 27.0728 1.69356
0.10791 4.7538 4.79453	0 16.8313 1.59948
0.108154 5.02765 4.77634	0 23.521 1.50742
0.108398 4.84019 4.75458	0 20.6705 1.42602
0.108643 4.67629 4.72929	0 27.673 1.3597
0.108887 4.94843 4.70102	0 20.3625 1.30742
0.109131 5.34242 4.67073	0 33.0899 1.26343
0.109375 4.03851 4.63965	0 11.9166 1.21984
0.109619 4.03481 4.6091	0 17.2834 1.1702
0.109863 4.83188 4.58035	0 32.4217 1.11263
0.110107 4.52931 4.55444	0 34.7312 1.05116
0.110352 4.27206 4.53213	0 13.8249 0.994452
0.110596 4.62142 4.51391	0 18.0964 0.952355
0.11084 4.45255 4.49997	0 15.5425 0.931969
0.111084 4.64202 4.49029	0 23.8245 0.935123
0.111328 4.43399 4.48467	0 18.5267 0.958425
0.111572 4.04223 4.4827	0 21.7986 0.995442
0.111816 4.88904 4.48381	0 22.4526 1.03942
0.112061 4.07564 4.48723	0 20.4457 1.08488
0.112305 4.09739 4.492	0 17.9522 1.12748
0.112549 5.02 4.49702	0 23.4241 1.16284
0.112793 4.67725 4.50116	0 21.9427 1.18554
0.113037 4.43209 4.50336	0 19.2544 1.1895
0.113281 4.12252 4.50276	0 16.2019 1.1696
0.113525 5.32975 4.49884	0 24.2165 1.12376
0.11377 4.52753 4.49146	0 21.3423 1.05453
0.114014 3.92676 4.48092	0 20.4233 0.969295
0.114258 4.98404 4.46788	0 20.0982 0.879309
0.114502 4.72116 4.45327	0 17.5736 0.797707
0.114746 4.02193 4.43814	0 14.4255 0.737079
0.11499 4.18115 4.42348	0 13.9472 0.70707
0.115234 4.35496 4.41016	0 14.7978 0.712501
0.115479 4.48448 4.39875	0 14.2121 0.752566
0.115723 4.77834 4.38948	0 25.8539 0.821347
0.115967 3.82276 4.38227	0 13.134 0.909486
0.116211 4.02617 4.37675	0 17.5468 1.00636
0.116455 4.7435 4.37235	0 18.5744 1.102
0.116699 4.75928 4.36838	0 18.4207 1.18824
0.116943 4.31437 4.36419	0 24.2133 1.25917
0.117188 4.09425 4.35926	0 14.2219 1.31124
0.117432 3.83677 4.35327	0 12.4847 1.34341
0.117676 4.76494 4.3461	0 24.0936 1.35737
0.11792 5.10485 4.33782	0 31.094 1.3575
0.118164 4.59544 4.32857	0 20.0262 1.35011
0.118408 3.8511 4.31842	0 20.3279 1.3417
0.118652 3.73066 4.30725	0 13.2857 1.33683
0.118896 3.72134 4.29468	0 12.386 1.33641
0.119141 4.47309 4.28005	0 19.5852 1.33751
0.119385 4.8644 4.26259	0 28.6503 1.335
0.119629 5.03398 4.24155	0 19.9088 1.32411
0.119873 3.63994 4.2165	0 15.9872 1.3028
0.120117 4.36129 4.18746	0 19.8191 1.27256
0.120361 4.399 4.15503	0 22.1361 1.23752
0.120605 4.26298 4.12043	0 22.9916 1.20265
0.12085 4.00801 4.08528	0 18.7368 1.17179
0.121094 3.6688 4.05147	0 14.4385 1.14659
0.121338 3.8818 4.02083	0 14.8338 1.12642
0.121582 4.09562 3.9949	0 12.9609 1.10902
0.121826 4.02595 3.97474	0 12.053 1.09161
0.12207 3.25443 3.96074	0 9.12407 1.07207
0.122314 3.99349 3.95265	0 15.6368 1.04979
0.122559 4.04488 3.9496	0 15.4778 1.026
0.122803 3.59217 3.95026	0 12.0019 1.00329
0.123047 4.31787 3.95304	0 14.6194 0.98465
0.123291 3.94166 3.95629	0 17.1775 0.972368
0.123535 3.83871 3.95856	0 14.5409 0.967346
0.123779 4.63058 3.95876	0 22.0661 0.969022
0.124023 3.64265 3.95635	0 14.117 0.975743
0.124268 3.73434 3.95137	0 13.6442 0.985244
0.124512 4.51116 3.94447	0 22.8197 0.994959
0.124756 3.82567 3.93681	0 13.3189 1.00221
0.125 3.88929 3.92987	0 17.0398 1.00454
0.125244 4.00656 3.92523	0 21.0562 1.00036
0.125488 3.79856 3.92431	0 17.7525 0.989873
0.125732 3.74915 3.9281	0 11.3596 0.975589
0.125977 3.21871 3.937	0 11.0041 0.96197
0.126221 3.93239 3.95068	0 17.8779 0.954036
0.126465 3.83774 3.96817	0 11.7032 0.95549
0.126709 4.40046 3.98795	0 21.3893 0.967325
0.126953 3.85146 4.0082	0 21.9204 0.987642
0.127197 4.71145 4.0271	0 26.783 1.01271
0.127441 3.36048 4.04308	0 12.643 1.03855
0.127686 4.64238 4.055	0 27.5498 1.06219
0.12793 4.08932 4.06229	0 16.5611 1.08194
0.128174 3.98973 4.0649	0 19.022 1.09684
0.128418 4.56556 4.06325	0 17.7984 1.1059
0.128662 4.15699 4.05805	0 16.8601 1.10757
0.128906 3.54859 4.05015	0 18.0821 1.10002
0.12915 3.6893 4.04038	0 15.2691 1.08194
0.129395 4.09248 4.02946	0 19.4548 1.05344
0.129639 4.36245 4.01798	0 28.2871 1.01666
0.129883 4.48072 4.00639	0 18.6446 0.975607
0.130127 3.36604 3.99507	0 12.0917 0.935274
0.130371 4.16346 3.98438	0 15.6922 0.900414
0.130615 4.09763 3.97468	0 12.4092 0.874356
0.130859 3.64985 3.96633	0 15.568 0.858378
0.131104 4.19894 3.95963	0 16.6686 0.851693
0.131348 3.5778 3.95482	0 10.3324 0.851932
0.131592 4.08596 3.95196	0 17.8568 0.855825
0.131836 4.07596 3.95094	0 13.1443 0.859909
0.13208 3.69561 3.95141	0 12.6015 0.861218
0.132324 3.92233 3.95285	0 13.8361 0.85798
0.132568 4.14777 3.95462	0 11.798 0.850199
0.132812 3.70641 3.95606	0 12.7861 0.839838
0.133057 3.76249 3.95665	0 15.8673 0.830355
0.133301 4.87242 3.95609	0 22.5519 0.825569
0.133545 3.60537 3.95444	0 11.1162 0.828289
0.133789 3.71651 3.95218	0 12.1629 0.83931
0.134033 4.23133 3.95009	0 13.438 0.857241
0.134277 4.28762 3.94919	0 16.3681 0.879158
0.134521 3.58052 3.95045	0 11.3747 0.901615
0.134766 4.21446 3.95459	0 16.8003 0.921428
0.13501 3.11689 3.96183	0 9.55082 0.935924
0.135254 3.61023 3.97176	0 14.0206 0.942844
0.135498 4.1783 3.98332	0 14.8653 0.940366
0.135742 3.81009 3.99494	0 12.6693 0.92757
0.135986 4.19267 4.00481	0 26.8845 0.905246
0.13623 4.99042 4.01119	0 24.9964 0.876436
0.136475 3.88802 4.01274	0 17.084 0.846124
0.136719 4.41061 4.00872	0 15.8831 0.819847
0.136963 3.59348 3.99915	0 11.3684 0.801749
0.137207 3.91505 3.98477	0 18.1236 0.793029
0.137451 4.16915 3.96696	0 15.2313 0.791591
0.137695 3.96939 3.94756	0 15.559 0.793122
0.137939 3.9923 3.92863	0 18.1504 0.79305
0.138184 3.94507 3.91225	0 12.1288 0.788474
0.138428 3.5548 3.90028	0 11.6084 0.779322
0.138672 4.01922 3.89417	0 16.5196 0.768429
0.138916 3.21799 3.89479	0 8.49575 0.760704
0.13916 3.97049 3.90225	0 18.2284 0.761691
0.139404 4.01992 3.91588	0 12.3166 0.775829
0.139648 3.61671 3.93423	0 10.9558 0.804741
0.139893 3.61514 3.95521	0 15.4465 0.846003
0.140137 3.90567 3.9763	0 18.3292 0.893026
0.140381 4.519 3.9949	0 18.285 0.936424
0.140625 4.2966 4.00865	0 20.2267 0.96669
0.140869 4.25688 4.01574	0 16.7203 0.97728
0.141113 4.23339 4.01515	0 17.0344 0.966873
0.141357 4.15414 4.00678	0 18.1773 0.939858
0.141602 4.22822 3.99141	0 16.8955 0.904858
0.141846 3.87673 3.97054	0 11.1277 0.871908
0.14209 3.7124 3.9461	0 11.3383 0.849362
0.142334 4.12371 3.92017	0 15.7969 0.841553
0.142578 3.82671 3.89461	0 12.3397 0.847858
0.142822 3.8781 3.87085	0 13.8831 0.863263
0.143066 3.19778 3.84976	0 12.3016 0.880107
0.143311 3.82707 3.83159	0 11.2872 0.890371
0.143555 3.63104 3.81613	0 11.0403 0.887852
0.143799 4.0217 3.80293	0 19.3517 0.869693
0.144043 3.96743 3.79153	0 11.2194 0.836971
0.144287 4.24997 3.7817	0 16.3144 0.794293
0.144531 3.73656 3.77362	0 19.6983 0.74856
0.144775 3.25321 3.76784	0 10.55 0.7072
0.14502 4.47181 3.76528	0 15.7701 0.676277
0.145264 2.91455 3.76697	0 7.38422 0.658996
0.145508 3.71275 3.77388	0 16.0741 0.655082
0.145752 3.38204 3.78663	0 9.01514 0.661309
0.145996 3.81309 3.80536	0 15.025 0.67303
0.14624 4.1896 3.82957	0 22.5938 0.686069
0.146484 3.86631 3.85809	0 13.8288 0.698115
0.146729 3.50481 3.88913	0 11.0021 0.708981
0.146973 3.63512 3.92041	0 11.5125 0.719696
0.147217 4.23713 3.94939	0 15.1671 0.731029
0.147461 4.12799 3.97354	0 16.0838 0.742386
0.147705 3.79868 3.99068	0 12.1633 0.751756
0.147949 4.20977 3.99939	0 16.6326 0.756786
0.148193 4.79163 3.99924	0 24.3676 0.756359
0.148438 4.7323 3.99095	0 21.0697 0.751755
0.148682 4.22432 3.97639	0 15.9318 0.746625
0.148926 3.58169 3.95824	0 12.0223 0.745649
0.14917 3.41406 3.93964	0 12.3721 0.752459
0.149414 3.82766 3.92362	0 14.6198 0.767863
0.149658 3.4517 3.91258	0 13.7869 0.789236
0.149902 3.75011 3.90793	0 16.0864 0.811365
0.150146 3.587 3.90993	0 9.67744 0.828295
0.150391 3.88258 3.91769	0 10.6717 0.835357
0.150635 3.77181 3.92954	0 15.6296 0.830629
0.150879 4.18689 3.94335	0 21.9564 0.81549
0.151123 4.91233 3.95707	0 18.6516 0.794295
0.151367 3.35016 3.96902	0 8.82759 0.773401
0.151611 4.15948 3.97822	0 12.0437 0.759763
0.151855 4.03326 3.98438	0 16.7611 0.759376
0.1521 4.68935 3.98782	0 15.5329 0.775867
0.152344 3.94125 3.98917	0 13.5647 0.809563
0.152588 3.14405 3.98918	0 7.32999 0.857339
0.152832 3.78236 3.98835	0 15.0455 0.913289
0.153076 3.7324 3.98683	0 12.7774 0.970068
0.15332 4.35452 3.98441	0 19.0407 1.02047
0.153564 4.57381 3.98058	0 23.7098 1.05881
0.153809 3.83809 3.97476	0 12.9636 1.08178
0.154053 3.92063 3.96651	0 12.6473 1.08871
0.154297 4.01303 3.95575	0 20.2816 1.08138
0.154541 4.0795 3.94285	0 18.2897 1.06354
0.154785 4.00748 3.92865	0 20.2162 1.04038
0.155029 4.05674 3.91437	0 13.1391 1.01758
0.155273 3.63877 3.90142	0 16.7351 1.00028
0.155518 3.87754 3.89114	0 16.8723 0.991813
0.155762 3.79732 3.88464	0 13.4807 0.992709
0.156006 3.5382 3.88259	0 12.0111 1.0004
0.15625 3.40629 3.88518	0 16.4695 1.00983
0.156494 3.95613 3.89209	0 11.3678 1.015
0.156738 4.31145 3.90259	0 16.6146 1.01086
0.156982 4.16694 3.91573	0 28.6348 0.994951
0.157227 3.64855 3.9305	0 6.86963 0.968133
0.157471 3.69482 3.94597	0 14.886 0.934215
0.157715 3.93169 3.96142	0 15.9501 0.898829
0.157959 4.55997 3.97639	0 20.9598 0.868035
0.158203 4.04175 3.99064	0 14.6935 0.847079
0.158447 3.32442 4.00407	0 9.651 0.839507
0.158691 4.88759 4.01655	0 22.0793 0.84666
0.158936 3.43584 4.02786	0 9.2928 0.86759
0.15918 3.98225 4.03755	0 14.3187 0.89941
0.159424 4.40741 4.04494	0 21.4563 0.937998
0.159668 3.25791 4.04923	0 11.1845 0.978751
0.159912 4.25931 4.0496	0 18.7878 1.01717
0.160156 4.81573 4.04548	0 21.3081 1.04914
0.1604 4.17877 4.03675	0 17.0287 1.07116
0.160645 4.26943 4.02387	0 17.9877 1.08055
0.160889 4.20158 4.0079	0 16.072 1.0759
0.161133 3.82167 3.99042	0 15.4955 1.05736
0.161377 3.46014 3.97326	0 10.007 1.02673
0.161621 4.00469 3.95822	0 22.3023 0.987179
0.161865 4.00577 3.94674	0 13.1872 0.942634
0.162109 3.57777 3.93967	0 12.7903 0.896964
0.162354 3.76471 3.93706	0 15.0742 0.853222
0.162598 3.84529 3.93826	0 11.0798 0.813164
0.162842 3.42934 3.94194	0 10.9678 0.777267
0.163086 4.78984 3.94642	0 25.1703 0.74527
0.16333 4.07338 3.94989	0 18.1322 0.716957
0.163574 3.88985 3.95072	0 11.1532 0.692762
0.163818 4.10297 3.94777	0 18.467 0.673879
0.164062 3.9506 3.94047	0 11.1357 0.661898
0.164307 3.57302 3.92902	0 14.861 0.658245
0.164551 4.58472 3.91428	0 16.9325 0.663751
0.164795 4.17347 3.89767	0 18.0935 0.678474
0.165039 3.89199 3.88096	0 12.7772 0.70167
0.165283 3.66032 3.86594	0 12.1095 0.731802
0.165527 3.42333 3.85416	0 9.66536 0.766558
0.165771 3.34802 3.84664	0 9.72535 0.803005
0.166016 3.76197 3.84376	0 21.3828 0.837997
0.16626 3.39529 3.84522	0 10.3197 0.868787
0.166504 4.78801 3.85015	0 23.3417 0.893645
0.166748 3.82591 3.85736	0 11.2016 0.912185
0.166992 3.37844 3.86556	0 10.7407 0.925246
0.167236 4.25212 3.8737	0 15.9289 0.934337
0.16748 4.09998 3.8811	0 16.9411 0.940855
0.167725 3.59431 3.88755	0 10.3577 0.945431
0.167969 4.31781 3.89326	0 16.856 0.947717
0.168213 3.97902 3.89877	0 17.5433 0.946763
0.168457 3.61063 3.90469	0 15.1469 0.941855
0.168701 3.51956 3.91151	0 9.72676 0.933365
0.168945 3.93332 3.91951	0 13.9547 0.923108
0.169189 4.03884 3.92861	0 13.3198 0.913895
0.169434 3.59226 3.93848	0 10.7843 0.908421
0.169678 4.27909 3.94861	0 17.1205 0.90803
0.169922 4.02645 3.95848	0 17.4171 0.911993
0.170166 3.93532 3.96775	0 15.7641 0.917725
0.17041 4.59228 3.97631	0 21.5979 0.921806
0.170654 3.72058 3.98433	0 10.5204 0.921369
0.170898 3.99143 3.99215	0 12.6375 0.915199
0.171143 3.69906 4.00019	0 15.2982 0.904134
0.171387 3.66959 4.00878	0 17.6175 0.89065
0.171631 4.32188 4.018	0 26.5954 0.877869
0.171875 3.911 4.02767	0 16.8968 0.868408
0.172119 4.07379 4.03733	0 17.1584 0.863514
0.172363 3.8404 4.04629	0 22.2214 0.862835
0.172607 4.87221 4.05378	0 22.1818 0.864926
0.172852 3.41037 4.05903	0 13.7234 0.868263
0.173096 4.81136 4.06137	0 30.7688 0.872238
0.17334 3.22311 4.06033	0 8.25459 0.877555
0.173584 4.61082 4.05569	0 20.6013 0.885737
0.173828 3.8867 4.04745	0 22.5641 0.897945
0.174072 3.99021 4.03588	0 11.3899 0.913727
0.174316 5.01424 4.02146	0 17.8196 0.930435
0.174561 3.39895 4.00488	0 13.8477 0.943712
0.174805 3.75137 3.98697	0 13.809 0.948908
0.175049 4.0994 3.96867	0 15.8592 0.942794
0.175293 3.97618 3.95092	0 14.4521 0.92478
0.175537 3.85641 3.93465	0 15.6453 0.897099
0.175781 3.74069 3.92071	0 12.5984 0.864028
0.176025 4.25335 3.90978	0 12.5692 0.830637
0.17627 3.67704 3.90238	0 13.9143 0.801724
0.176514 3.91557 3.89878	0 10.8848 0.781274
0.176758 3.46238 3.89897	0 8.2418 0.772381
0.177002 3.73536 3.90265	0 16.1969 0.777295
0.177246 4.2133 3.90922	0 15.7324 0.797251
0.17749 4.11142 3.91782	0 17.6958 0.831943
0.177734 3.57715 3.92741	0 10.4093 0.878818
0.177979 3.6343 3.93688	0 10.5327 0.932564
0.178223 4.36019 3.94516	0 19.0491 0.985292
0.178467 4.31813 3.95141	0 20.9907 1.02778
0.178711 3.79547 3.95513	0 11.4408 1.05171
0.178955 4.07573 3.95624	0 13.9745 1.05231
0.179199 3.72067 3.95519	0 18.7452 1.03018
0.179443 4.32424 3.95285	0 17.5447 0.991456
0.179688 3.89709 3.95046	0 13.4911 0.945918
0.179932 4.33237 3.9494	0 31.2808 0.903854
0.180176 3.47751 3.95104	0 11.8221 0.873059
0.18042 3.60124 3.9564	0 13.0293 0.857245
0.180664 4.088 3.96606	0 14.9656 0.856321
0.180908 3.24118 3.98	0 10.5713 0.867967
0.181152 4.27241 3.99762	0 20.2134 0.889454
0.181396 4.01517 4.0179	0 17.7179 0.918775
0.181641 3.87693 4.03955	0 14.7625 0.954755
0.181885 4.81084 4.0613	0 19.5196 0.996432
0.182129 4.07625 4.08208	0 18.0956 1.0423
0.182373 3.97936 4.10118	0 12.3378 1.08992
0.182617 4.02514 4.11827	0 22.019 1.13616
0.182861 4.43524 4.13333	0 19.3702 1.17779
0.183105 4.1007 4.1465	0 16.2736 1.21216
0.18335 3.66413 4.15794	0 23.5582 1.23756
0.183594 4.21379 4.16763	0 15.0606 1.25304
0.183838 4.71187 4.17527	0 18.775 1.25793
0.184082 3.69656 4.18028	0 14.8557 1.25121
0.184326 4.87569 4.18187	0 25.7513 1.23124
0.18457 3.48552 4.17915	0 13.7664 1.1959
0.184814 4.28487 4.17139	0 18.0727 1.1434
0.185059 4.532 4.15819	0 18.4009 1.0736
0.185303 4.23093 4.13974	0 19.1442 0.989386
0.185547 4.78841 4.11687	0 35.6246 0.897706
0.185791 4.39004 4.09107	0 20.1708 0.809492
0.186035 3.51303 4.06438	0 16.1688 0.738266
0.186279 3.89072 4.03916	0 14.4368 0.69754
0.186523 3.88634 4.01778	0 16.1441 0.697671
0.186768 3.58727 4.0023	0 12.6627 0.743067
0.187012 3.82066 3.9943	0 15.4668 0.830547
0.187256 4.05521 3.9946	0 15.7759 0.949382
0.1875 3.8071 4.00331	0 22.8897 1.0831
0.187744 3.74432 4.01981	0 14.1719 1.2128
0.187988 4.36552 4.04289	0 22.4447 1.32114
0.188232 3.73026 4.07091	0 13.7361 1.39622
0.188477 4.25359 4.10198	0 21.2158 1.43395
0.188721 3.97555 4.13416	0 22.0387 1.43825
0.188965 4.16847 4.16562	0 18.8639 1.41887
0.189209 4.09474 4.1948	0 18.5357 1.38737
0.189453 4.6506 4.2205	0 20.0894 1.3531
0.189697 5.07961 4.24196	0 25.6799 1.32046
0.189941 3.72132 4.2588	0 15.6755 1.28889
0.190186 4.33595 4.27103	0 22.4221 1.25493
0.19043 4.22912 4.27893	0 18.9531 1.21534
0.190674 3.65498 4.28292	0 12.8902 1.16946
0.190918 5.03501 4.28348	0 32.1406 1.12001
0.191162 4.36955 4.28104	0 17.5786 1.07199
0.191406 4.29286 4.2759	0 21.6152 1.03098
0.19165 4.42877 4.26815	0 20.5573 1.0013
0.191895 4.19093 4.25765	0 15.6457 0.984986
0.192139 3.76215 4.24402	0 16.5338 0.981598
0.192383 4.3008 4.22667	0 18.7307 0.988661
0.192627 4.24418 4.20489	0 17.458 1.00245
0.192871 4.74971 4.17805	0 26.6026 1.01871
0.193115 4.16031 4.14579	0 16.5542 1.03314
0.193359 3.89222 4.10825	0 15.4886 1.04161
0.193604 4.38274 4.06624	0 14.8547 1.0404
0.193848 4.41825 4.02124	0 23.3727 1.02694
0.194092 4.52362 3.97536	0 31.9401 1.00071
0.194336 3.51229 3.9311	0 12.4583 0.964018
0.19458 3.39093 3.89101	0 13.979 0.921918
0.194824 2.96835 3.85732	0 7.47515 0.880954
0.195068 4.24127 3.83166	0 11.7619 0.847242
0.195312 3.37963 3.81476	0 10.5513 0.82468
0.195557 3.77759 3.80647	0 18.6495 0.814097
0.195801 4.29083 3.80579	0 16.996 0.813603
0.196045 2.9738 3.81109	0 9.82391 0.819852
0.196289 3.33512 3.82044	0 11.4246 0.829589
0.196533 4.63135 3.83185	0 23.1081 0.840835
0.196777 4.61271 3.84356	0 19.3216 0.853247
0.197021 3.63683 3.85419	0 11.6064 0.867499
0.197266 3.87915 3.86282	0 13.9361 0.884009
0.19751 3.2491 3.86901	0 9.04887 0.901658
0.197754 3.6776 3.87273	0 10.6481 0.917321
0.197998 4.48023 3.87432	0 18.2751 0.926623
0.198242 4.14047 3.87438	0 22.7512 0.925672
0.198486 3.83682 3.87369	0 13.8075 0.912863
0.19873 3.87086 3.87314	0 10.2603 0.889848
0.198975 3.79322 3.87359	0 14.1152 0.861215
0.199219 3.50391 3.87577	0 11.2846 0.833148
0.199463 3.85191 3.88014	0 28.0792 0.811736
0.199707 4.04363 3.88678	0 12.108 0.801527
0.199951 3.74338 3.89542	0 10.709 0.804626
0.200195 3.56845 3.90542	0 10.7018 0.820408
0.200439 4.08373 3.91596	0 11.162 0.845886
0.200684 3.87113 3.9262	0 15.6851 0.876701
0.200928 4.25332 3.9355	0 15.1988 0.908471
0.201172 4.20142 3.94357	0 17.9619 0.937983
0.201416 4.08239 3.95055	0 10.8274 0.963704
0.20166 3.99109 3.95687	0 13.9084 0.985403
0.201904 3.87084 3.96319	0 15.4926 1.00322
0.202148 3.8712 3.97002	0 18.6826 1.01682
0.202393 3.56232 3.9776	0 18.5306 1.0252
0.202637 3.5886 3.98565	0 11.2003 1.0272
0.202881 4.16517 3.99339	0 17.1119 1.02253
0.203125 3.9322 3.99967	0 17.1606 1.01256
0.203369 4.3509 4.0032	0 14.2484 1.0005
0.203613 4.4769 4.00286	0 19.5167 0.990648
0.203857 4.03681 3.99797	0 14.2946 0.986983
0.204102 4.37185 3.98847	0 18.3451 0.991583
0.204346 3.92816 3.97484	0 13.7744 1.00368
0.20459 3.95452 3.95806	0 17.604 1.01974
0.204834 4.03961 3.93929	0 19.2976 1.03458
0.205078 3.11727 3.91967	0 9.02658 1.04301
0.205322 3.66852 3.90014	0 16.562 1.04137
0.205566 4.0468 3.88134	0 14.5451 1.02845
0.205811 4.10029 3.86368	0 17.8739 1.00556
0.206055 4.25564 3.84749	0 12.8314 0.975976
0.206299 3.74834 3.83315	0 10.8004 0.944075
0.206543 3.88407 3.82121	0 16.745 0.91441
0.206787 3.69211 3.81238	0 14.905 0.891029
0.207031 3.59615 3.80746	0 14.8672 0.877067
0.207275 3.63401 3.80715	0 9.89658 0.87454
0.20752 3.54591 3.81185	0 13.0221 0.884185
0.207764 3.8286 3.8215	0 14.9718 0.905178
0.208008 3.62385 3.83552	0 11.1568 0.934751
0.208252 3.91532 3.85284	0 12.5611 0.967963
0.208496 3.71058 3.87203	0 13.3002 0.998061
0.20874 3.89064 3.89155	0 17.4067 1.01774
0.208984 4.27914 3.90991	0 18.2664 1.02115
0.209229 4.1315 3.92587	0 21.0099 1.00592
0.209473 4.1867 3.9385	0 17.2844 0.97425
0.209717 4.0453 3.94721	0 15.487 0.932427
0.209961 3.80968 3.95164	0 8.74458 0.8888
0.210205 3.63591 3.95159	0 16.2143 0.851018
0.210449 3.77062 3.94694	0 12.4372 0.823699
0.210693 4.04008 3.93768	0 14.4565 0.807382
0.210938 4.25157 3.92394	0 19.3569 0.799051
0.211182 4.13641 3.9061	0 13.0521 0.793805
0.211426 4.30189 3.8849	0 15.7275 0.786908
0.21167 4.26266 3.86142	0 16.7906 0.775416
0.211914 3.28664 3.83704	0 7.36445 0.758892
0.212158 3.52278 3.81329	0 14.2046 0.739148
0.212402 3.83897 3.79162	0 10.987 0.719338
0.212646 3.06227 3.77324	0 8.19327 0.702848
0.212891 4.10685 3.75895	0 11.4255 0.692381
0.213135 3.58207 3.74911	0 11.1533 0.689383
0.213379 4.18646 3.74362	0 12.0029 0.69383
0.213623 3.38249 3.74206	0 10.577 0.704262
0.213867 3.73833 3.74375	0 13.7987 0.718017
0.214111 3.74675 3.74786	0 12.7249 0.731647
0.214355 3.85384 3.75355	0 11.6404 0.741534
0.2146 3.3905 3.75997	0 13.3691 0.744704
0.214844 3.8348 3.76637	0 11.5318 0.739713
0.215088 3.66695 3.77215	0 11.7596 0.727359
0.215332 4.34752 3.7769	0 15.7557 0.710836
0.215576 3.93467 3.78042	0 11.28 0.695042
0.21582 3.41688 3.78272	0 8.15807 0.685124
0.216064 4.11767 3.78393	0 12.9057 0.684772
0.216309 3.63694 3.78423	0 13.1029 0.694987
0.216553 3.1635 3.78372	0 10.1023 0.713885
0.216797 4.54452 3.78236	0 16.6779 0.737534
0.217041 3.24464 3.77995	0 14.3378 0.761324
0.217285 3.98443 3.77611	0 12.0056 0.781248
0.217529 3.70297 3.77039	0 13.5967 0.794645
0.217773 3.75545 3.76244	0 12.1713 0.800388
0.218018 4.23797 3.75209	0 19.8708 0.798678
0.218262 3.99406 3.73947	0 16.4697 0.790648
0.218506 3.3846 3.72501	0 8.73772 0.777884
0.21875 3.75402 3.70943	0 11.6999 0.761981
0.218994 3.66596 3.69355	0 16.0258 0.744302
0.219238 3.88895 3.67823	0 15.0926 0.726108
0.219482 2.95612 3.66417	0 10.2069 0.708961
0.219727 4.03621 3.65186	0 18.9508 0.695073
0.219971 3.16717 3.64155	0 6.17983 0.687106
0.220215 3.9316 3.63333	0 14.2487 0.687259
0.220459 3.58028 3.6272	0 15.6473 0.69594
0.220703 3.95444 3.62318	0 14.5625 0.710779
0.220947 3.46974 3.6214	0 12.6953 0.726758
0.221191 3.3585 3.62211	0 16.0847 0.737734
0.221436 3.87687 3.62557	0 17.2551 0.738904
0.22168 3.61139 3.63198	0 15.0016 0.729179
0.221924 3.61703 3.64134	0 14.2634 0.712315
0.222168 2.95003 3.65335	0 9.78242 0.696171
0.222412 3.70319 3.66741	0 12.7625 0.690241
0.222656 3.43894 3.68273	0 8.69706 0.702414
0.2229 4.12992 3.69846	0 21.6674 0.736221
0.223145 3.79243 3.71391	0 13.2725 0.789667
0.223389 4.4401 3.72871	0 18.8723 0.856044
0.223633 3.87385 3.74284	0 16.3633 0.92632
0.223877 3.35771 3.75659	0 18.6032 0.992099
0.224121 3.39981 3.7704	0 11.724 1.04797
0.224365 3.55252 3.78465	0 12.4578 1.09235
0.224609 4.02812 3.79942	0 18.4995 1.1267
0.224854 3.54127 3.8144	0 10.9122 1.15356
0.225098 3.77395 3.82887	0 13.9173 1.17448
0.225342 3.88467 3.84185	0 17.6953 1.18879
0.225586 4.37729 3.85226	0 20.821 1.19377
0.22583 3.98778 3.85921	0 16.6879 1.186
0.226074 3.95913 3.8622	0 23.0519 1.1632
0.226318 3.78343 3.86127	0 12.2575 1.1256
0.226562 3.9792 3.857	0 15.2479 1.07615
0.226807 3.73591 3.85051	0 12.577 1.01978
0.227051 4.19559 3.84322	0 10.8861 0.961845
0.227295 3.49626 3.83665	0 8.46059 0.906792
0.227539 3.80936 3.83218	0 18.2384 0.857402
0.227783 3.68836 3.83076	0 12.9806 0.814878
0.228027 4.01357 3.83277	0 10.9762 0.77945
0.228271 3.14896 3.83793	0 10.706 0.751064
0.228516 3.67977 3.84533	0 14.1081 0.729803
0.22876 3.86428 3.85354	0 12.5248 0.715943
0.229004 4.40954 3.86091	0 18.107 0.709755
0.229248 3.7292 3.86583	0 15.7538 0.711192
0.229492 3.96581 3.86698	0 12.556 0.719571
0.229736 4.68098 3.86352	0 17.6673 0.73334
0.22998 3.93036 3.85521	0 11.9399 0.75003
0.230225 3.60864 3.84234	0 14.0112 0.766501
0.230469 3.54342 3.82563	0 16.2816 0.77956
0.230713 3.42414 3.80605	0 11.2149 0.786805
0.230957 4.15477 3.78468	0 16.1441 0.787417
0.231201 3.97484 3.76254	0 16.4231 0.782564
0.231445 3.69365 3.74054	0 12.9502 0.775191
0.231689 3.69039 3.71946	0 10.3563 0.769224
0.231934 3.89993 3.69986	0 19.5553 0.768456
0.232178 3.45151 3.68218	0 13.7406 0.775429
0.232422 3.12093 3.66667	0 7.8255 0.790606
0.232666 4.0042 3.65353	0 16.6758 0.811994
0.23291 3.36693 3.64284	0 8.41099 0.83534
0.233154 3.75658 3.63472	0 10.5842 0.854945
0.233398 3.89485 3.62933	0 15.7332 0.86504
0.233643 3.48221 3.62692	0 16.5728 0.861442
0.233887 3.81427 3.62772	0 14.2452 0.842947
0.234131 3.26526 3.63194	0 10.7015 0.811895
0.234375 3.97443 3.63957	0 14.0138 0.773576
0.234619 3.35911 3.65026	0 12.7832 0.734632
0.234863 2.51513 3.66331	0 5.70348 0.701085
0.235107 4.24216 3.67762	0 16.5684 0.676855
0.235352 3.66823 3.69189	0 13.9453 0.66333
0.235596 4.41149 3.70474	0 17.127 0.660009
0.23584 3.70521 3.715	0 12.4548 0.665669
0.236084 3.741 3.72184	0 12.719 0.67926
0.236328 4.01973 3.72489	0 18.9598 0.700045
0.236572 3.84654 3.72421	0 16.1337 0.727087
0.236816 3.30235 3.7202	0 8.35184 0.758589
0.237061 3.53467 3.71341	0 13.3958 0.791688
0.237305 3.91758 3.70442	0 11.4705 0.822886
0.237549 3.57922 3.69378	0 10.0778 0.848919
0.237793 3.89412 3.6819	0 17.602 0.867575
0.238037 3.62851 3.6692	0 9.36028 0.878127
0.238281 3.93693 3.65615	0 12.8603 0.881258
0.238525 3.17881 3.64339	0 9.9831 0.878592
0.23877 3.67839 3.63173	0 16.8019 0.872049
0.239014 4.32236 3.62213	0 18.3619 0.863175
0.239258 3.28132 3.61551	0 10.1497 0.852658
0.239502 3.51811 3.61263	0 10.6861 0.840194
0.239746 3.08446 3.61378	0 9.36734 0.82485
0.23999 3.48062 3.61866	0 12.3052 0.805849
0.240234 3.38216 3.62633	0 11.5447 0.783495
0.240479 3.42387 3.63525	0 11.2574 0.759751
0.240723 4.05067 3.64355	0 15.9262 0.738107
0.240967 3.89534 3.64929	0 13.0743 0.722701
0.241211 3.8533 3.65084	0 13.377 0.717003
0.241455 4.17258 3.64711	0 15.9297 0.722647
0.241699 3.77131 3.63774	0 12.6683 0.738832
0.241943 3.25482 3.62309	0 12.3285 0.762541
0.242188 4.02498 3.60411	0 14.997 0.789429
0.242432 3.14976 3.58214	0 11.0159 0.815043
0.242676 3.56195 3.55866	0 12.1439 0.835941
0.24292 3.28625 3.53507	0 10.7894 0.850348
0.243164 3.952 3.51251	0 16.5697 0.858186
0.243408 3.07566 3.49185	0 11.0085 0.860527
0.243652 3.51172 3.47364	0 11.1471 0.858785
0.243896 3.80637 3.45819	0 12.1942 0.854048
0.244141 2.96958 3.44564	0 11.2163 0.846858
0.244385 3.4529 3.436	0 10.0958 0.837513
0.244629 3.50439 3.42917	0 16.3336 0.82662
0.244873 3.0541 3.42496	0 6.17484 0.815487
0.245117 4.15116 3.42304	0 26.044 0.805987
0.245361 3.28382 3.4229	0 10.2277 0.799899
0.245605 2.64662 3.42388	0 5.88844 0.798065
0.24585 3.33569 3.42516	0 12.9913 0.799842
0.246094 3.78118 3.42584	0 14.1146 0.803156
0.246338 3.77545 3.42513	0 15.2856 0.805076
0.246582 3.41821 3.4224	0 12.011 0.802603
0.246826 3.42525 3.41739	0 9.71391 0.793359
0.24707 3.41778 3.41026	0 13.2283 0.776087
0.247314 3.65674 3.40161	0 9.95477 0.751032
0.247559 3.58754 3.3924	0 14.3112 0.720237
0.247803 3.0224 3.38388	0 7.82357 0.687589
0.248047 3.42299 3.37736	0 9.83789 0.658357
0.248291 2.5681 3.3741	0 7.78868 0.638177
0.248535 3.71349 3.37508	0 11.2639 0.631705
0.248779 3.63469 3.38096	0 12.0172 0.641424
0.249023 3.14801 3.3919	0 8.37058 0.666981
0.249268 3.57256 3.40757	0 10.1885 0.705177
0.249512 2.9882 3.42712	0 7.31051 0.750476
0.249756 3.35458 3.44919	0 13.4066 0.795866
0.25 3.27441 3.47213	0 10.906 0.833973
0.250244 3.42005 3.49408	0 11.5821 0.858415
0.250488 3.63436 3.5133	0 15.6246 0.865236
0.250732 4.09247 3.52839	0 16.7414 0.854028
0.250977 4.05937 3.53853	0 18.2499 0.828207
0.251221 3.64824 3.54357	0 9.96136 0.794117
0.251465 3.69645 3.54404	0 12.455 0.759137
0.251709 3.2514 3.54104	0 7.5774 0.729493
0.251953 2.91801 3.53595	0 9.62731 0.708673
0.252197 3.76122 3.53021	0 11.4545 0.697031
0.252441 3.92441 3.52508	0 20.7232 0.692562
0.252686 3.17167 3.52145	0 10.5997 0.692302
0.25293 3.29564 3.51982	0 14.0557 0.693638
0.253174 3.05246 3.52027	0 10.2817 0.695056
0.253418 4.10066 3.52258	0 14.5326 0.696188
0.253662 4.08668 3.52633	0 15.8743 0.697378
0.253906 3.45654 3.53094	0 10.99 0.699067
0.25415 2.54787 3.53573	0 5.92907 0.701303
0.254395 3.80937 3.53996	0 19.6767 0.703529
0.254639 3.9764 3.54283	0 13.2579 0.704652
0.254883 3.3917 3.5435	0 10.403 0.70331
0.255127 3.3538 3.5412	0 9.82567 0.6982
0.255371 3.78732 3.53533	0 16.0972 0.688426
0.255615 3.47036 3.52561	0 8.85238 0.673835
0.255859 3.84544 3.5122	0 15.4384 0.655294
0.256104 3.94026 3.49576	0 13.2467 0.63478
0.256348 3.55016 3.47741	0 13.3213 0.615119
0.256592 3.28812 3.4586	0 9.60756 0.599364
0.256836 2.68196 3.44088	0 9.09149 0.589987
0.25708 4.00801 3.42568	0 15.0278 0.588206
0.257324 3.12322 3.41408	0 7.68309 0.593695
0.257568 2.87268 3.40665	0 6.84895 0.604748
0.257812 3.26619 3.40343	0 9.94265 0.618765
0.258057 3.84087 3.40396	0 12.8749 0.632831
0.258301 3.15753 3.40745	0 12.5459 0.644247
0.258545 3.67511 3.41296	0 11.7126 0.650961
0.258789 3.38649 3.41959	0 12.5421 0.651932
0.259033 3.52477 3.42655	0 8.8062 0.647414
0.259277 3.5108 3.43323	0 8.44761 0.63902
0.259521 3.29773 3.43921	0 10.0984 0.629421
0.259766 3.45876 3.44412	0 11.8453 0.621589
0.26001 3.2337 3.44763	0 7.67937 0.617754
0.260254 3.42266 3.44937	0 9.23182 0.618437
0.260498 3.78693 3.44894	0 12.2548 0.622051
0.260742 3.29164 3.44597	0 9.08006 0.625403
0.260986 3.80605 3.44019	0 18.3487 0.625059
0.26123 3.33602 3.43156	0 14.3827 0.619044
0.261475 3.2631 3.42029	0 13.1933 0.608105
0.261719 3.67329 3.40695	0 15.0565 0.595809
0.261963 3.83877 3.39239	0 9.98492 0.587296
0.262207 3.13622 3.37768	0 11.1365 0.587186
0.262451 3.02323 3.36404	0 7.01104 0.597636
0.262695 3.00062 3.35266	0 8.74328 0.617504
0.262939 3.42397 3.34463	0 13.7534 0.643026
0.263184 3.88059 3.3408	0 16.1966 0.669575
0.263428 2.92011 3.34171	0 9.7047 0.693537
0.263672 2.98966 3.34754	0 8.29089 0.713355
0.263916 3.54437 3.35806	0 14.7464 0.729358
0.26416 3.28114 3.37264	0 7.72441 0.742777
0.264404 3.08974 3.39026	0 9.6813 0.754678
0.264648 3.60513 3.40964	0 12.0339 0.76546
0.264893 3.26275 3.42931	0 12.7084 0.774978
0.265137 3.35558 3.44783	0 12.1965 0.782957
0.265381 3.84861 3.46393	0 13.4734 0.789285
0.265625 3.78798 3.47665	0 14.374 0.794025
0.265869 3.37073 3.48551	0 14.3027 0.797329
0.266113 4.04503 3.49048	0 17.8108 0.799447
0.266357 3.38045 3.49194	0 12.9512 0.800865
0.266602 3.03796 3.4906	0 11.8346 0.802408
0.266846 3.3515 3.4873	0 12.8464 0.805083
0.26709 3.81458 3.48289	0 13.605 0.809627
0.267334 3.30427 3.47811	0 10.7217 0.815959
0.267578 3.57047 3.47344	0 11.2219 0.822853
0.267822 3.651 3.46914	0 9.55873 0.828089
0.268066 3.30001 3.46515	0 11.9384 0.829053
0.268311 3.27935 3.4612	0 15.0382 0.823556
0.268555 3.64043 3.45679	0 13.5671 0.810479
0.268799 2.98731 3.45133	0 6.14312 0.789992
0.269043 3.80425 3.44421	0 13.1815 0.763327
0.269287 3.59006 3.43495	0 18.7011 0.73231
0.269531 3.46296 3.42329	0 10.1225 0.698919
0.269775 3.75983 3.4093	0 12.8882 0.665055
0.27002 3.30945 3.39335	0 9.09977 0.632554
0.270264 3.28894 3.37615	0 15.0854 0.603326
0.270508 3.5559 3.35859	0 14.7462 0.57945
0.270752 2.77601 3.34166	0 8.49035 0.563045
0.270996 3.38588 3.3263	0 9.77409 0.55584
0.27124 3.50828 3.31329	0 12.4013 0.55852
0.271484 3.39535 3.30321	0 11.0388 0.570127
0.271729 2.72912 3.29634	0 7.97398 0.587906
0.271973 3.34343 3.29275	0 8.18854 0.607858
0.272217 3.39442 3.29229	0 13.1907 0.625943
0.272461 3.50453 3.29468	0 11.721 0.639501
0.272705 3.09788 3.29954	0 8.7658 0.64826
0.272949 3.21487 3.30647	0 9.70129 0.654409
0.273193 3.18186 3.31506	0 8.25586 0.661625
0.273438 3.3011 3.32494	0 11.4995 0.673402
0.273682 3.49933 3.33579	0 11.7434 0.691353
0.273926 3.69894 3.34733	0 10.9494 0.714226
0.27417 3.02277 3.35931	0 14.2546 0.738082
0.274414 3.23053 3.37147	0 9.99506 0.757668
0.274658 3.42584 3.38354	0 7.67367 0.768473
0.274902 3.23327 3.39517	0 12.686 0.768632
0.275146 4.01888 3.40594	0 21.6348 0.759793
0.275391 3.16657 3.41533	0 10.4192 0.746479
0.275635 3.08881 3.4228	0 9.99199 0.734144
0.275879 3.47629 3.42777	0 12.134 0.726774
0.276123 3.60939 3.42975	0 11.1163 0.725117
0.276367 3.85009 3.42837	0 15.2906 0.726398
0.276611 3.51581 3.42342	0 18.4071 0.725623
0.276855 3.27484 3.41488	0 9.98727 0.71786
0.2771 3.45512 3.40291	0 13.7065 0.700432
0.277344 3.08727 3.38776	0 13.9758 0.67405
0.277588 3.88168 3.36982	0 10.9966 0.64244
0.277832 3.06814 3.34951	0 9.7865 0.61074
0.278076 3.2862 3.32733	0 8.70705 0.583441
0.27832 3.57662 3.30385	0 14.1376 0.562818
0.278564 3.22075 3.27981	0 7.74995 0.54848
0.278809 3.08935 3.2561	0 8.39179 0.53814
0.279053 3.54812 3.23381	0 12.8344 0.529139
0.279297 2.91274 3.21418	0 7.00517 0.51997
0.279541 3.57654 3.19847	0 11.5397 0.511124
0.279785 2.93327 3.18785	0 8.58207 0.504945
0.280029 2.79506 3.18314	0 6.11594 0.504666
0.280273 3.0511 3.18471	0 5.98877 0.513146
0.280518 2.70633 3.19232	0 7.43347 0.531858
0.280762 3.36204 3.20514	0 11.1968 0.560499
0.281006 3.16015 3.22184	0 10.1866 0.597177
0.28125 3.26777 3.24076	0 11.9813 0.63894
0.281494 3.23755 3.26017	0 9.4497 0.682314
0.281738 3.61547 3.2785	0 15.4726 0.723694
0.281982 3.79601 3.29456	0 11.0697 0.759604
0.282227 3.02439 3.30756	0 8.93909 0.786956
0.282471 3.31162 3.31718	0 9.7881 0.8034
0.282715 3.46752 3.32345	0 16.5377 0.807726
0.282959 3.11008 3.3266	0 12.8386 0.800182
0.283203 3.32988 3.32692	0 12.3636 0.782546
0.283447 3.37884 3.32472	0 9.99589 0.757823
0.283691 3.42189 3.32024	0 14.0307 0.729623
0.283936 3.09823 3.31374	0 9.44025 0.701356
0.28418 3.62367 3.30551	0 10.9422 0.675489
0.284424 3.44065 3.29601	0 13.6028 0.653099
0.284668 3.33106 3.28587	0 12.7825 0.633881
0.284912 3.05409 3.27588	0 7.01282 0.616611
0.285156 3.4035 3.2669	0 8.79467 0.599872
0.2854 3.41662 3.25971	0 9.31902 0.582753
0.285645 2.98435 3.25485	0 7.88006 0.565194
0.285889 2.67526 3.25252	0 7.83751 0.547856
0.286133 2.99906 3.25252	0 8.86807 0.531615
0.286377 3.64352 3.25423	0 12.0122 0.517023
0.286621 3.33334 3.25674	0 10.7782 0.504113
0.286865 3.93269 3.25901	0 17.2275 0.492682
0.287109 2.6985 3.26	0 5.36156 0.482848
0.287354 3.08894 3.25887	0 12.2872 0.475437
0.287598 3.53488 3.25507	0 10.7236 0.47183
0.287842 3.54958 3.24843	0 12.0875 0.473269
0.288086 3.11822 3.23913	0 6.92339 0.479985
0.28833 3.34198 3.22773	0 14.0333 0.490737
0.288574 3.06905 3.21505	0 9.21745 0.503076
0.288818 3.32244 3.2021	0 12.4495 0.514243
0.289062 3.33829 3.18995	0 11.562 0.522206
0.289307 2.86146 3.17961	0 6.92634 0.526272
0.289551 3.08756 3.17194	0 11.4007 0.527017
0.289795 3.0277 3.16752	0 7.21535 0.525744
0.290039 3.08171 3.16663	0 10.229 0.523875
0.290283 3.4791 3.16918	0 14.0868 0.52265
0.290527 2.38973 3.17474	0 5.90076 0.523141
0.290771 3.84675 3.1826	0 12.5989 0.526304
0.291016 3.12122 3.1918	0 8.76515 0.53281
0.29126 2.90902 3.20125	0 5.95657 0.542638
0.291504 3.44752 3.20983	0 9.29217 0.554739
0.291748 2.85653 3.21653	0 5.8302 0.567121
0.291992 3.60109 3.22054	0 16.7878 0.577469
0.292236 3.4699 3.22137	0 10.5634 0.584035
0.29248 3.50153 3.21895	0 13.7098 0.586289
0.292725 2.9663 3.21364	0 6.26288 0.584981
0.292969 3.1496 3.20621	0 8.727 0.58166
0.293213 3.32754 3.19778	0 8.75483 0.577984
0.293457 3.10664 3.18962	0 6.33821 0.575228
0.293701 3.30894 3.18303	0 11.0301 0.574138
0.293945 3.22366 3.17907	0 9.3649 0.57497
0.294189 2.93678 3.17842	0 10.9189 0.577512
0.294434 2.53919 3.18123	0 4.90475 0.580994
0.294678 3.32178 3.18714	0 7.21983 0.584068
0.294922 2.98263 3.19529	0 11.6824 0.585112
0.295166 3.24799 3.20456	0 9.78513 0.582931
0.29541 3.65284 3.2137	0 10.3128 0.577594
0.295654 3.64246 3.2216	0 12.9446 0.570906
0.295898 3.15958 3.22743	0 11.0774 0.566036
0.296143 3.05695 3.23074	0 9.33282 0.566293
0.296387 3.36831 3.23146	0 7.2058 0.573511
0.296631 2.8452 3.22979	0 7.16043 0.58686
0.296875 3.54489 3.22613	0 13.9119 0.602721
0.297119 3.10001 3.22091	0 8.80677 0.61576
0.297363 3.5815 3.21453	0 12.3722 0.620708
0.297607 2.81904 3.20727	0 7.13494 0.61408
0.297852 3.38806 3.19931	0 8.59915 0.595194
0.298096 3.04174 3.19074	0 7.62982 0.566293
0.29834 2.98704 3.18158	0 8.82914 0.531905
0.298584 3.43727 3.17188	0 12.0428 0.497798
0.298828 3.60405 3.16172	0 14.8816 0.469752
0.299072 2.86602 3.1512	0 5.47929 0.452326
0.299316 3.22143 3.1405	0 7.08915 0.447772
0.299561 2.60162 3.12982	0 7.21898 0.455351
0.299805 3.29834 3.11936	0 10.3531 0.471349
0.300049 3.36298 3.10935	0 10.0405 0.489939
0.300293 2.93437 3.10004	0 7.52903 0.504762
0.300537 3.23439 3.09171	0 9.30619 0.510751
0.300781 2.94566 3.0847	0 7.04311 0.505577
0.301025 3.10989 3.07941	0 10.1089 0.490219
0.30127 3.2767 3.07628	0 8.74803 0.468472
0.301514 2.67644 3.07573	0 6.79282 0.445613
0.301758 2.92305 3.07814	0 6.56619 0.426757
0.302002 3.36651 3.08372	0 11.7912 0.415458
0.302246 2.87008 3.09246	0 7.95387 0.412949
0.30249 3.12605 3.10408	0 10.0295 0.418107
0.302734 3.03657 3.11804	0 9.30674 0.428025
0.302979 3.0254 3.13351	0 7.9533 0.43891
0.303223 2.8753 3.14952	0 5.48729 0.44707
0.303467 3.38699 3.16506	0 9.81297 0.449761
0.303711 3.42355 3.17923	0 12.7303 0.445762
0.303955 3.37739 3.19132	0 7.12587 0.435582
0.304199 3.24959 3.20097	0 11.9172 0.421333
0.304443 3.25547 3.20814	0 10.8238 0.406299
0.304688 3.21758 3.21312	0 10.8058 0.394277
0.304932 3.10072 3.21636	0 8.34508 0.388702
0.305176 3.35683 3.21842	0 10.8045 0.391717
0.30542 3.01313 3.21976	0 6.70874 0.403379
0.305664 3.20262 3.22074	0 9.51846 0.421384
0.305908 2.89087 3.2215	0 9.05287 0.441554
0.306152 3.71092 3.22203	0 11.6076 0.45904
0.306396 3.1889 3.22219	0 11.5151 0.469829
0.306641 3.25719 3.22185	0 13.4927 0.471911
0.306885 3.22181 3.22093	0 9.16659 0.465631
0.307129 3.08625 3.21946	0 6.94821 0.453174
0.307373 3.26575 3.2176	0 14.9619 0.437547
0.307617 3.54197 3.21563	0 10.208 0.421616
0.307861 2.99862 3.21386	0 6.38927 0.407564
0.308105 3.13918 3.21262	0 10.8387 0.396832
0.30835 3.19214 3.21215	0 9.06509 0.390375
0.308594 2.95752 3.21259	0 8.90094 0.389
0.308838 3.0058 3.21392	0 7.16594 0.393647
0.309082 3.61892 3.21598	0 10.4924 0.405533
0.309326 3.87765 3.21845	0 10.1227 0.426028
0.30957 2.83726 3.22089	0 6.39337 0.456223
0.309814 2.61599 3.22277	0 5.32031 0.496219
0.310059 3.11548 3.22354	0 6.80969 0.544409
0.310303 3.25198 3.22269	0 12.6073 0.597121
0.310547 3.92472 3.21986	0 13.1785 0.648904
0.310791 3.31825 3.21491	0 7.56474 0.693522
0.311035 3.28701 3.20794	0 12.7412 0.725405
0.311279 3.28816 3.19929	0 12.3519 0.741101
0.311523 2.7494 3.18943	0 5.06833 0.740214
0.311768 3.13351 3.17885	0 8.55274 0.725436
0.312012 3.38869 3.16792	0 10.2497 0.701618
0.312256 2.97898 3.15678	0 8.21144 0.674218
0.3125 2.87173 3.14539	0 8.7568 0.64775
0.312744 3.11861 3.13349	0 8.80164 0.624823
0.312988 3.48333 3.1208	0 10.2404 0.606048
0.313232 3.33871 3.10716	0 8.59126 0.590609
0.313477 2.96988 3.09263	0 8.02158 0.577076
0.313721 3.11085 3.07755	0 7.34129 0.564032
0.313965 3.56748 3.06254	0 15.2281 0.550358
0.314209 2.74166 3.04837	0 8.36602 0.535295
0.314453 2.57314 3.0358	0 6.54666 0.51846
0.314697 2.58751 3.02544	0 7.64706 0.499898
0.314941 3.54724 3.01761	0 14.5975 0.480119
0.315186 2.65917 3.01236	0 6.07898 0.459989
0.31543 3.18904 3.00946	0 8.10035 0.440487
0.315674 2.83565 3.00852	0 6.59009 0.422438
0.315918 3.58777 3.0091	0 11.3348 0.406419
0.316162 2.71363 3.01079	0 6.47396 0.392879
0.316406 2.97634 3.01329	0 9.25843 0.382363
0.31665 2.86528 3.01637	0 8.16731 0.375621
0.316895 2.90494 3.0199	0 7.24571 0.373425
0.317139 3.29901 3.0237	0 7.25237 0.376154
0.317383 3.04274 3.0276	0 8.51636 0.383337
0.317627 2.96087 3.03133	0 9.72329 0.393475
0.317871 2.7933 3.03457	0 6.90685 0.404312
0.318115 3.16855 3.03703	0 12.2251 0.41355
0.318359 3.16144 3.03849	0 9.87053 0.419785
0.318604 3.00558 3.03885	0 5.85943 0.423256
0.318848 3.14831 3.03823	0 10.5627 0.426074
0.319092 3.30207 3.03688	0 10.8553 0.431727
0.319336 3.11342 3.0352	0 10.2169 0.44394
0.31958 2.67928 3.03357	0 6.20354 0.465267
0.319824 2.9309 3.03229	0 9.53055 0.495919
0.320068 2.88718 3.03147	0 9.84178 0.533339
0.320312 2.93934 3.03099	0 9.48423 0.572765
0.320557 3.00192 3.03052	0 9.40004 0.608645
0.320801 3.41724 3.02958	0 12.5476 0.636372
0.321045 3.05778 3.02765	0 7.40453 0.653639
0.321289 3.32295 3.02431	0 9.9851 0.660906
0.321533 2.64021 3.01932	0 7.01688 0.66083
0.321777 2.836 3.01267	0 5.84821 0.657015
0.322021 3.56969 3.00463	0 11.1605 0.652674
0.322266 2.78929 2.99569	0 7.86559 0.649753
0.32251 2.96482 2.98656	0 12.4363 0.648764
0.322754 2.76899 2.97812	0 4.70938 0.649227
0.322998 3.27566 2.97135	0 11.6929 0.650334
0.323242 2.94419 2.96727	0 8.97502 0.651448
0.323486 2.68492 2.96688	0 7.2303 0.652248
0.32373 2.97045 2.97102	0 9.80983 0.652606
0.323975 2.63991 2.98029	0 5.55845 0.652402
0.324219 3.30165 2.9949	0 16.8966 0.651467
0.324463 2.76235 3.01455	0 10.1563 0.649631
0.324707 3.07897 3.03837	0 8.90048 0.646755
0.324951 2.63319 3.06489	0 5.39614 0.642634
0.325195 2.75149 3.09217	0 7.11391 0.636828
0.325439 3.28848 3.11793	0 9.52308 0.62858
0.325684 3.41067 3.13987	0 13.6623 0.616982
0.325928 3.86462 3.15594	0 11.7435 0.601357
0.326172 3.35222 3.16462	0 10.906 0.581691
0.326416 3.05 3.16517	0 8.07801 0.558884
0.32666 3.34393 3.15769	0 12.7 0.534715
0.326904 3.43509 3.14317	0 11.5691 0.511557
0.327148 3.07152 3.12328	0 10.6031 0.491972
0.327393 3.01821 3.1002	0 10.4016 0.478291
0.327637 2.98617 3.07633	0 6.3429 0.472239
0.327881 3.06539 3.054	0 8.07295 0.474636
0.328125 2.9388 3.0352	0 10.6909 0.485209
0.328369 2.91195 3.02139	0 9.20997 0.502579
0.328613 2.85837 3.01339	0 7.86139 0.524442
0.328857 2.32561 3.01134	0 3.8869 0.547947
0.329102 3.12643 3.01475	0 9.91022 0.570198
0.329346 3.09606 3.02264	0 7.83574 0.588803
0.32959 3.36037 3.03372	0 6.80984 0.602317
0.329834 2.87868 3.04658	0 9.13354 0.610451
0.330078 3.26614 3.05981	0 12.4245 0.613896
0.330322 2.9493 3.07218	0 9.8988 0.613793
0.330566 3.25051 3.0827	0 12.4183 0.611001
0.330811 2.84808 3.09065	0 7.84938 0.605525
0.331055 3.08778 3.09559	0 9.89605 0.596372
0.331299 3.56918 3.09738	0 12.8774 0.581995
0.331543 2.86643 3.09613	0 7.38748 0.561134
0.331787 3.27914 3.09223	0 13.1684 0.533716
0.332031 3.39143 3.08629	0 7.62773 0.501371
0.332275 3.01743 3.07905	0 9.73347 0.467304
0.33252 2.58297 3.07137	0 5.76442 0.435518
0.332764 3.12534 3.06406	0 8.8296 0.409699
0.333008 3.13542 3.05786	0 9.6102 0.392244
0.333252 3.0772 3.05326	0 10.2319 0.383838
0.333496 3.14988 3.05048	0 9.93599 0.383736
0.33374 2.88376 3.04944	0 8.86277 0.390497
0.333984 2.74033 3.04971	0 6.69095 0.402701
0.334229 2.93098 3.0506	0 9.54759 0.419206
0.334473 3.51409 3.05125	0 8.91766 0.438857
0.334717 2.92473 3.05071	0 9.57163 0.459951
0.334961 3.07985 3.04815	0 10.41 0.479975
0.335205 3.00266 3.04295	0 6.52398 0.495962
0.335449 3.38774 3.03485	0 10.4013 0.505403
0.335693 3.12734 3.02401	0 9.13573 0.507231
0.335938 3.05608 3.01103	0 10.3784 0.502321
0.336182 3.28296 2.99686	0 10.4555 0.493217
0.336426 2.38702 2.98273	0 4.8173 0.483298
0.33667 2.87174 2.96994	0 6.97466 0.475819
0.336914 2.87875 2.95979	0 9.60627 0.473275
0.337158 3.44403 2.95333	0 12.9613 0.477158
0.337402 2.59126 2.95133	0 4.46697 0.487961
0.337646 2.7994 2.95412	0 8.95097 0.505195
0.337891 2.73604 2.96161	0 7.87522 0.527429
0.338135 2.82008 2.97332	0 8.28546 0.552473
0.338379 2.9257 2.9884	0 9.40304 0.577841
0.338623 3.17461 3.00582	0 7.83266 0.601398
0.338867 2.9996 3.02448	0 9.04021 0.621889
0.339111 3.33763 3.04339	0 9.72723 0.639063
0.339355 2.99179 3.06176	0 9.14447 0.653344
0.3396 3.06 3.07912	0 12.3133 0.665275
0.339844 2.99275 3.0953	0 8.97503 0.675123
0.340088 3.23634 3.11037	0 8.9626 0.682829
0.340332 3.64641 3.12452	0 12.9286 0.688243
0.340576 2.92874 3.13792	0 8.18155 0.691328
0.34082 2.70452 3.15059	0 6.8035 0.692114
0.341064 2.74327 3.16234	0 7.38845 0.69048
0.341309 3.19867 3.17275	0 10.5711 0.686
0.341553 3.59991 3.18124	0 14.8936 0.678133
0.341797 3.87478 3.18717	0 11.6263 0.666648
0.342041 2.92577 3.19	0 10.0942 0.652004
0.342285 3.30726 3.18933	0 9.41288 0.635328
0.342529 2.9982 3.185	0 6.02968 0.617989
0.342773 3.03073 3.1771	0 7.15882 0.601038
0.343018 3.44074 3.16592	0 12.5083 0.584915
0.343262 3.19337 3.15191	0 12.8726 0.569559
0.343506 3.30301 3.13564	0 8.98436 0.554772
0.34375 2.72876 3.11778	0 6.95458 0.540462
0.343994 3.48971 3.09903	0 9.39949 0.526602
0.344238 3.09792 3.08011	0 7.29572 0.512978
0.344482 2.84162 3.06176	0 9.79398 0.499055
0.344727 3.35655 3.04464	0 10.0933 0.484213
0.344971 2.38071 3.0294	0 6.54951 0.46832
0.345215 3.07118 3.01653	0 9.21264 0.452312
0.345459 3.28966 3.00644	0 8.14585 0.438378
0.345703 2.89255 2.99937	0 5.82644 0.429526
0.345947 2.86251 2.99543	0 6.69484 0.428691
0.346191 2.9663 2.99454	0 6.91827 0.437758
0.346436 3.00343 2.99649	0 8.38083 0.456918
0.34668 2.9999 3.00087	0 8.36625 0.484539
0.346924 2.85826 3.0071	0 7.88986 0.517501
0.347168 2.91953 3.01451	0 7.93494 0.5518
0.347412 2.90479 3.02234	0 8.59291 0.583235
0.347656 3.18237 3.0299	0 10.7793 0.608074
0.3479 3.09267 3.0366	0 9.23344 0.623649
0.348145 3.45574 3.04206	0 9.15396 0.628806
0.348389 2.97668 3.04613	0 8.35327 0.624041
0.348633 3.24915 3.04879	0 9.91964 0.611228
0.348877 2.89591 3.05016	0 10.1953 0.59293
0.349121 2.53466 3.05031	0 7.19536 0.571506
0.349365 3.00962 3.04919	0 7.9566 0.548346
0.349609 3.45992 3.04656	0 7.00548 0.523584
0.349854 2.91934 3.04206	0 6.81851 0.496499
0.350098 3.29569 3.03519	0 11.0914 0.46649
0.350342 2.8827 3.02556	0 8.61375 0.434221
0.350586 2.94858 3.01293	0 9.07371 0.402339
0.35083 3.55389 2.99737	0 8.65458 0.37526
0.351074 2.84839 2.97931	0 8.16053 0.357986
0.351318 3.07719 2.95954	0 6.86039 0.354399
0.351562 3.01187 2.93913	0 7.76717 0.365811
0.351807 2.47025 2.91927	0 5.99708 0.390423
0.352051 2.87558 2.90116	0 8.35925 0.423909
0.352295 2.97487 2.88583	0 8.81982 0.460809
0.352539 2.80412 2.87399	0 6.96526 0.496141
0.352783 2.79719 2.86592	0 7.6997 0.526633
0.353027 2.80602 2.86149	0 9.69137 0.551218
0.353271 2.58756 2.86012	0 8.79241 0.570711
0.353516 2.87306 2.86093	0 9.04609 0.586835
0.35376 2.68038 2.86283	0 7.22276 0.601002
0.354004 2.75806 2.86475	0 4.67178 0.61334
0.354248 3.6368 2.86574	0 11.75 0.622407
0.354492 3.02228 2.86515	0 9.60201 0.625749
0.354736 2.94645 2.86269	0 11.6952 0.621083
0.35498 2.56771 2.85846	0 6.19256 0.607536
0.355225 2.58037 2.85287	0 4.98457 0.586366
0.355469 2.64077 2.84659	0 7.74653 0.560838
0.355713 3.25009 2.84043	0 12.1169 0.535397
0.355957 3.08335 2.83523	0 7.70534 0.514519
0.356201 2.73013 2.83176	0 9.33365 0.501733
0.356445 2.54719 2.83063	0 6.88327 0.499041
0.356689 2.89783 2.83219	0 11.1399 0.506726
0.356934 2.69178 2.8365	0 8.56127 0.523392
0.357178 2.49984 2.84334	0 6.18695 0.546127
0.357422 2.61005 2.85218	0 6.11214 0.570842
0.357666 3.374 2.86231	0 12.731 0.592875
0.35791 2.93426 2.87294	0 17.5611 0.607935
0.358154 2.98359 2.88332	0 9.34845 0.613178
0.358398 2.85669 2.89289	0 6.97051 0.608061
0.358643 2.79355 2.90129	0 6.97746 0.594593
0.358887 3.15599 2.90846	0 9.62132 0.576785
0.359131 2.72791 2.91455	0 5.47282 0.559463
0.359375 2.99598 2.91989	0 8.98274 0.546824
0.359619 2.93418 2.92489	0 9.73311 0.541224
0.359863 2.82176 2.92992	0 8.34398 0.542596
0.360107 3.1408 2.93527	0 7.14557 0.548667
0.360352 2.65688 2.94102	0 6.20422 0.555901
0.360596 3.03292 2.94703	0 13.9257 0.560854
0.36084 2.85126 2.95294	0 6.80304 0.561483
0.361084 2.87739 2.9582	0 8.80027 0.55794
0.361328 3.18958 2.96211	0 9.33726 0.552543
0.361572 3.02132 2.96395	0 7.7614 0.54895
0.361816 2.85709 2.96307	0 8.03799 0.550821
0.362061 3.21712 2.95902	0 9.1025 0.56046
0.362305 2.94272 2.95168	0 7.05668 0.577902
0.362549 2.74432 2.94128	0 7.10695 0.600734
0.362793 3.5175 2.92846	0 9.05094 0.624696
0.363037 3.18093 2.91422	0 12.6472 0.644857
0.363281 2.46386 2.89987	0 5.203 0.656989
0.363525 2.50315 2.88687	0 5.41076 0.658725
0.36377 2.98843 2.87668	0 8.30039 0.65019
0.364014 2.86269 2.87065	0 7.59475 0.63393
0.364258 2.62575 2.86985	0 5.60802 0.614206
0.364502 3.21347 2.87493	0 10.0793 0.595839
0.364746 2.4919 2.88606	0 5.31685 0.582954
0.36499 2.69432 2.90283	0 6.83474 0.577981
0.365234 2.74711 2.92431	0 7.46156 0.581155
0.365479 2.83565 2.94906	0 7.48463 0.590568
0.365723 3.06525 2.97525	0 9.03656 0.602618
0.365967 3.10886 3.0009	0 10.1583 0.612696
0.366211 2.88735 3.02405	0 8.92076 0.616046
0.366455 3.46912 3.04301	0 12.7927 0.608808
0.366699 3.40211 3.05654	0 12.8321 0.589157
0.366943 3.14835 3.06398	0 13.1535 0.558188
0.367188 3.22266 3.06528	0 15.7526 0.520053
0.367432 3.0003 3.0609	0 9.45271 0.481029
0.367676 2.90963 3.0517	0 8.00611 0.44772
0.36792 2.99068 3.03875	0 7.01312 0.425064
0.368164 3.33734 3.02309	0 9.98165 0.414998
0.368408 3.03669 3.00566	0 8.53689 0.416264
0.368652 2.80499 2.98712	0 8.10754 0.425278
0.368896 2.73595 2.96791	0 7.52925 0.437525
0.369141 2.864 2.94831	0 9.28329 0.448894
0.369385 2.78868 2.92852	0 7.40807 0.456614
0.369629 3.3983 2.90888	0 7.51427 0.459722
0.369873 3.38561 2.8899	0 8.71349 0.459155
0.370117 2.80739 2.87233	0 7.04208 0.457476
0.370361 2.36663 2.85711	0 5.0092 0.45821
0.370605 2.78429 2.84523	0 7.92575 0.464844
0.37085 2.53776 2.83755	0 6.04605 0.479738
0.371094 2.9235 2.83463	0 7.65701 0.503301
0.371338 2.54534 2.83655	0 5.6874 0.53375
0.371582 3.00779 2.84287	0 9.33985 0.567496
0.371826 2.45907 2.85266	0 6.12406 0.599998
0.37207 2.85879 2.86458	0 8.7292 0.626805
0.372314 3.2906 2.87709	0 10.6595 0.644502
0.372559 2.90511 2.88866	0 10.5265 0.65135
0.372803 2.60625 2.89801	0 5.76124 0.647487
0.373047 3.61474 2.90422	0 15.359 0.634657
0.373291 2.45148 2.90692	0 5.15675 0.615582
0.373535 3.19979 2.90627	0 7.40754 0.593217
0.373779 3.17746 2.90295	0 9.92831 0.570174
0.374023 2.83115 2.89797	0 4.88455 0.548462
0.374268 2.92586 2.89252	0 7.90578 0.529502
0.374512 2.66235 2.88772	0 6.07358 0.51419
0.374756 2.84776 2.88447	0 7.31385 0.502863
0.375 2.5345 2.8833	0 8.49757 0.495183
0.375244 2.33887 2.8843	0 4.51145 0.490133
0.375488 3.41442 2.88719	0 14.3894 0.486317
0.375732 3.19774 2.89145	0 9.71023 0.482523
0.375977 2.90387 2.89644	0 7.18719 0.478326
0.376221 2.86435 2.90155	0 5.45706 0.474375
0.376465 3.05929 2.90629	0 6.43271 0.472214
0.376709 2.61106 2.91032	0 6.59869 0.473726
0.376953 2.87245 2.91347	0 8.06956 0.480452
0.377197 3.05648 2.91566	0 8.05284 0.493074
0.377441 2.70479 2.91681	0 8.78837 0.51113
0.377686 3.26415 2.91687	0 10.6014 0.532947
0.37793 3.05095 2.91568	0 6.10575 0.555722
0.378174 2.67374 2.91307	0 8.52539 0.575786
0.378418 2.89656 2.90881	0 9.48177 0.589175
0.378662 2.75259 2.90265	0 6.27101 0.592526
0.378906 3.15254 2.89441	0 10.9643 0.584108
0.37915 2.94631 2.88401	0 7.25088 0.564572
0.379395 2.98379 2.87149	0 10.7408 0.536998
0.379639 2.9449 2.85713	0 8.36999 0.506072
0.379883 2.7497 2.84142	0 6.70188 0.476682
0.380127 2.85867 2.82505	0 11.3278 0.4525
0.380371 2.64718 2.80895	0 7.37969 0.435154
0.380615 2.90489 2.79413	0 7.24625 0.424262
0.380859 2.92235 2.78169	0 6.18994 0.418184
0.381104 2.47478 2.77263	0 5.99419 0.415036
0.381348 2.66443 2.76778	0 7.19682 0.413499
0.381592 2.91609 2.76765	0 11.3404 0.413125
0.381836 2.54377 2.77238	0 6.49317 0.414115
0.38208 2.39601 2.78165	0 6.44846 0.416786
0.382324 2.61312 2.79477	0 8.53966 0.421058
0.382568 2.82947 2.81068	0 9.34926 0.426259
0.382812 3.15047 2.82816	0 10.4261 0.431359
0.383057 3.01218 2.8459	0 11.6234 0.435477
0.383301 3.10816 2.86264	0 7.78803 0.43834
0.383545 2.54215 2.87734	0 8.29715 0.440358
0.383789 2.98963 2.88917	0 8.49968 0.442243
0.384033 2.82138 2.89758	0 9.04006 0.4444
0.384277 2.90173 2.90232	0 5.94222 0.446499
0.384521 3.05497 2.90342	0 8.226 0.447507
0.384766 3.39894 2.90122	0 11.8908 0.44619
0.38501 2.63718 2.89626	0 7.96652 0.441767
0.385254 3.12965 2.88935	0 8.76874 0.434362
0.385498 2.57741 2.88143	0 9.72061 0.425083
0.385742 2.86536 2.87348	0 8.98802 0.415831
0.385986 2.89107 2.86647	0 11.6811 0.409032
0.38623 2.6781 2.86124	0 6.70549 0.407414
0.386475 3.00245 2.85835	0 7.49887 0.413709
0.386719 2.88565 2.85812	0 7.96307 0.430106
0.386963 2.51834 2.86052	0 5.05804 0.457442
0.387207 2.70254 2.86524	0 8.04323 0.494389
0.387451 3.00495 2.87172	0 6.82217 0.537118
0.387695 3.09262 2.87922	0 8.86414 0.579842
0.387939 2.53831 2.88697	0 9.89506 0.616242
0.388184 3.28636 2.89419	0 10.2644 0.641337
0.388428 3.02342 2.90024	0 12.5663 0.653012
0.388672 2.44882 2.90465	0 8.0112 0.652522
0.388916 3.4035 2.90719	0 10.2402 0.643739
0.38916 2.85925 2.90783	0 9.14934 0.63151
0.389404 2.6612 2.9068	0 4.81266 0.619916
0.389648 3.11138 2.90444	0 14.8906 0.611141
0.389893 2.95978 2.90121	0 8.84295 0.605246
0.390137 3.19098 2.89758	0 11.5011 0.600649
0.390381 2.49814 2.89394	0 7.40505 0.594885
0.390625 2.77999 2.89055	0 6.16746 0.585351
0.390869 2.74858 2.88755	0 6.95772 0.569938
0.391113 2.99145 2.88492	0 9.5463 0.54763
0.391357 2.78743 2.8826	0 12.2502 0.518954
0.391602 3.3019 2.88052	0 10.0697 0.486089
0.391846 2.63483 2.87867	0 6.809 0.452432
0.39209 3.21826 2.87718	0 8.11308 0.421716
0.392334 2.59852 2.87629	0 5.21474 0.397045
0.392578 3.0329 2.87624	0 6.86796 0.380288
0.392822 2.61547 2.87728	0 7.24234 0.372009
0.393066 2.74601 2.87949	0 6.21222 0.37179
0.393311 2.89666 2.88275	0 7.63768 0.378582
0.393555 2.8417 2.88676	0 6.4477 0.390851
0.393799 2.83886 2.89104	0 6.93409 0.406547
0.394043 3.14401 2.89506	0 12.6533 0.423123
0.394287 2.78344 2.89835	0 10.2552 0.437852
0.394531 3.01394 2.90058	0 9.0445 0.448444
0.394775 3.2356 2.90164	0 10.5844 0.45375
0.39502 2.96946 2.90162	0 6.60406 0.454215
0.395264 2.65525 2.90074	0 6.81172 0.451807
0.395508 2.59914 2.89928	0 7.1017 0.449366
0.395752 2.84693 2.8975	0 7.99351 0.449583
0.395996 3.01995 2.89555	0 11.7114 0.45402
0.39624 3.01944 2.89346	0 9.07112 0.462601
0.396484 3.1754 2.89117	0 15.5591 0.473784
0.396729 2.33999 2.88855	0 5.14817 0.485315
0.396973 3.25582 2.88544	0 7.69299 0.495162
0.397217 2.89849 2.88175	0 6.58162 0.502185
0.397461 2.60575 2.87739	0 7.92952 0.506262
0.397705 3.24486 2.87234	0 11.6535 0.507926
0.397949 2.79851 2.86657	0 6.12961 0.507776
0.398193 2.65831 2.86008	0 6.12969 0.506043
0.398438 2.94433 2.85283	0 9.85309 0.502523
0.398682 2.85841 2.84483	0 6.17755 0.496917
0.398926 2.57715 2.83613	0 7.59153 0.489357
0.39917 3.14374 2.82687	0 10.9484 0.480815
0.399414 2.98305 2.81732	0 8.45991 0.473109
0.399658 2.89806 2.80788	0 11.5609 0.468392
0.399902 2.65974 2.79903	0 7.20563 0.468294
0.400146 2.77191 2.79131	0 11.6368 0.473097
0.400391 2.58687 2.78521	0 8.31274 0.481363
0.400635 2.38763 2.78115	0 6.03336 0.490265
0.400879 3.01251 2.77942	0 9.97209 0.496543
0.401123 2.7482 2.78016	0 7.90286 0.497719
0.401367 3.01264 2.78347	0 7.17555 0.493033
0.401611 2.77579 2.78934	0 6.46215 0.4837
0.401855 2.72272 2.79775	0 5.60329 0.472365
0.4021 2.73923 2.80865	0 7.3403 0.46201
0.402344 2.37216 2.82195	0 5.79367 0.454803
0.402588 3.16884 2.83747	0 9.14068 0.451408
0.402832 2.62131 2.85496	0 10.533 0.451014
0.403076 3.22464 2.87401	0 7.67129 0.451992
0.40332 2.65352 2.89408	0 6.8837 0.452796
0.403564 2.69524 2.91447	0 7.12885 0.452622
0.403809 3.23169 2.93432	0 8.86617 0.451548
0.404053 3.13045 2.95267	0 5.94345 0.450143
0.404297 2.69944 2.96847	0 9.40098 0.448856
0.404541 3.10666 2.98065	0 9.779 0.447569
0.404785 2.87646 2.98822	0 9.72982 0.445558
0.405029 3.1034 2.99041	0 7.70621 0.441855
0.405273 3.17075 2.98679	0 8.50248 0.435785
0.405518 3.57321 2.97739	0 13.0069 0.427377
0.405762 3.12948 2.96278	0 8.56798 0.417447
0.406006 2.69493 2.94403	0 6.36479 0.407353
0.40625 2.72016 2.92272	0 7.02049 0.398547
0.406494 3.04078 2.90068	0 8.29071 0.392152
0.406738 3.00644 2.87986	0 8.1874 0.38874
0.406982 2.71746 2.86202	0 8.90291 0.388382
0.407227 2.74192 2.84856	0 8.22864 0.390899
0.407471 2.34599 2.8403	0 6.40993 0.396123
0.407715 2.64689 2.83739	0 7.4314 0.404001
0.407959 2.85328 2.83931	0 6.68223 0.414422
0.408203 2.81691 2.84499	0 6.64404 0.426845
0.408447 3.07731 2.85297	0 8.66998 0.439925
0.408691 2.82615 2.86165	0 10.1468 0.451427
0.408936 2.51133 2.86956	0 6.4133 0.458639
0.40918 3.61802 2.87555	0 10.6404 0.459243
0.409424 2.77835 2.87897	0 9.14336 0.45228
0.409668 2.98961 2.87971	0 6.72868 0.438728
0.409912 3.12628 2.87815	0 9.64487 0.421283
0.410156 2.76388 2.87503	0 6.70922 0.403392
0.4104 2.59823 2.87126	0 4.90965 0.388015
0.410645 2.91141 2.86771	0 9.54203 0.37676
0.410889 2.76962 2.86503	0 6.67703 0.369831
0.411133 2.48534 2.8636	0 6.13791 0.366701
0.411377 2.97116 2.86345	0 9.0778 0.366979
0.411621 2.96127 2.86431	0 7.98025 0.370826
0.411865 3.2983 2.86572	0 8.3849 0.378641
0.412109 2.76761 2.86715	0 6.83518 0.390257
0.412354 2.60407 2.86803	0 6.3526 0.404268
0.412598 2.98021 2.86793	0 8.16258 0.418073
0.412842 2.67327 2.86653	0 7.71136 0.428724
0.413086 2.9922 2.86367	0 8.3281 0.434132
0.41333 2.9262 2.85939	0 7.59426 0.433935
0.413574 3.30118 2.8539	0 9.38872 0.429524
0.413818 2.60926 2.84756	0 6.29524 0.423255
0.414062 2.80677 2.84085	0 6.9105 0.41732
0.414307 3.04529 2.83439	0 10.2189 0.41284
0.414551 2.1095 2.82882	0 3.67687 0.409559
0.414795 2.84915 2.82481	0 9.47686 0.406141
0.415039 3.21915 2.82303	0 8.75121 0.400848
0.415283 2.95464 2.82403	0 5.72447 0.392334
0.415527 2.9496 2.82822	0 9.37972 0.38033
0.415771 2.38275 2.83577	0 6.45906 0.366047
0.416016 2.78763 2.84652	0 7.56152 0.352116
0.41626 2.30125 2.85997	0 4.29271 0.341974
0.416504 3.0346 2.87525	0 8.76409 0.338824
0.416748 3.05462 2.89127	0 9.17409 0.344512
0.416992 2.85262 2.90683	0 7.40706 0.358809
0.417236 2.97226 2.92082	0 9.21274 0.379407
0.41748 3.71724 2.93241	0 12.7251 0.402668
0.417725 2.76285 2.94115	0 6.43132 0.424764
0.417969 2.60255 2.94701	0 6.21087 0.442749
0.418213 3.34756 2.9503	0 8.22547 0.455159
0.418457 2.95987 2.95152	0 5.94149 0.46201
0.418701 2.79324 2.95119	0 5.74241 0.464344
0.418945 2.63945 2.94968	0 5.21946 0.463588
0.419189 2.82511 2.94715	0 7.83153 0.461001
0.419434 3.15869 2.94355	0 9.03959 0.457333
0.419678 2.95437 2.93867	0 7.8995 0.45272
0.419922 3.23156 2.93232	0 8.69035 0.446773
0.420166 3.12713 2.92442	0 8.52295 0.438799
0.42041 2.62945 2.91514	0 8.27471 0.428133
0.420654 3.05619 2.90486	0 13.0626 0.414543
0.420898 3.05052 2.89412	0 9.16631 0.398591
0.421143 2.76465 2.88351	0 7.5308 0.3818
0.421387 2.70371 2.87351	0 8.17119 0.366467
0.421631 2.60736 2.86433	0 8.63089 0.355075
0.421875 2.72547 2.85592	0 5.56021 0.349459
0.422119 2.9247 2.84797	0 7.96787 0.35008
0.422363 2.97974 2.84001	0 8.16686 0.355794
0.422607 3.03861 2.83159	0 7.82978 0.364317
0.422852 2.73805 2.82238	0 7.60304 0.373256
0.423096 3.26509 2.81234	0 9.3759 0.381229
0.42334 2.38341 2.80172	0 6.0049 0.388502
0.423584 3.26884 2.79102	0 9.24507 0.396789
0.423828 2.46256 2.78085	0 5.53929 0.408267
0.424072 2.28626 2.77186	0 4.77219 0.424266
0.424316 2.83631 2.7646	0 5.58853 0.444286
0.424561 2.48983 2.7594	0 5.79507 0.465841
0.424805 3.40804 2.75637	0 10.8791 0.485216
0.425049 2.75104 2.75537	0 8.45742 0.498771
0.425293 2.5963 2.75607	0 4.82974 0.504166
0.425537 2.53173 2.75793	0 6.85201 0.500958
0.425781 2.56737 2.76033	0 7.5367 0.490389
0.426025 2.84123 2.76255	0 8.32411 0.474608
0.42627 2.75402 2.76389	0 8.94142 0.455808
0.426514 3.1179 2.76374	0 10.202 0.435698
0.426758 2.92333 2.76167	0 7.3868 0.415457
0.427002 2.72399 2.7575	0 6.7181 0.39603
0.427246 2.60304 2.75138	0 5.78911 0.378464
0.42749 2.71458 2.74378	0 5.34825 0.36404
0.427734 2.93121 2.73546	0 7.38986 0.354118
0.427979 2.84032 2.72733	0 9.09102 0.349818
0.428223 2.74381 2.72039	0 6.21369 0.351672
0.428467 2.38933 2.71548	0 7.84993 0.359412
0.428711 2.69573 2.71319	0 7.18985 0.371905
0.428955 2.30134 2.71371	0 5.96733 0.387248
0.429199 2.88916 2.71676	0 7.02053 0.402989
0.429443 2.7242 2.72166	0 5.83745 0.416485
0.429688 2.81488 2.7274	0 10.2341 0.425372
0.429932 2.38596 2.73288	0 4.02099 0.428077
0.430176 2.86158 2.73708	0 11.5062 0.424204
0.43042 2.92907 2.73935	0 9.44537 0.41465
0.430664 3.32844 2.73945	0 9.25634 0.401386
0.430908 2.70812 2.73771	0 8.21706 0.386964
0.431152 2.99018 2.73482	0 10.5836 0.373932
0.431396 2.42489 2.73175	0 5.54244 0.364294
0.431641 2.31274 2.72941	0 4.73355 0.359139
0.431885 2.46884 2.7285	0 4.99662 0.358461
0.432129 2.64635 2.72934	0 5.21197 0.361213
0.432373 2.65228 2.73183	0 5.23214 0.365604
0.432617 3.00376 2.73556	0 7.57061 0.369661
0.432861 2.88096 2.74003	0 9.11055 0.371926
0.433105 3.01526 2.74483	0 7.43746 0.372059
0.43335 2.56189 2.74982	0 5.10099 0.371044
0.433594 2.97665 2.75523	0 8.19823 0.37083
0.433838 2.67288 2.76162	0 5.4004 0.37351
0.434082 2.58843 2.76968	0 6.10572 0.380372
0.434326 2.76965 2.78008	0 6.52665 0.391317
0.43457 2.67107 2.79321	0 5.85768 0.404916
0.434814 2.38916 2.80902	0 4.20422 0.419084
0.435059 2.87493 2.8269	0 9.77761 0.431959
0.435303 2.88221 2.84575	0 8.24774 0.442516
0.435547 2.77211 2.86409	0 5.37796 0.450572
0.435791 3.13086 2.88022	0 7.49092 0.45628
0.436035 3.30823 2.8925	0 10.0429 0.459471
0.436279 2.83164 2.89956	0 9.10567 0.459299
0.436523 3.11619 2.90046	0 7.65465 0.454428
0.436768 2.56828 2.89487	0 6.65838 0.443674
0.437012 3.26075 2.88309	0 11.9724 0.426773
0.437256 3.12687 2.86605	0 9.48077 0.404898
0.4375 3.00613 2.84522	0 9.68878 0.380663
0.437744 2.78358 2.82246	0 6.0673 0.357589
0.437988 2.77748 2.79976	0 7.65352 0.339194
0.438232 2.49597 2.77907	0 7.74233 0.328008
0.438477 2.50138 2.76197	0 5.00695 0.32484
0.438721 2.87932 2.74956	0 7.45711 0.328551
0.438965 2.20932 2.74228	0 3.84893 0.33646
0.439209 2.8379 2.73994	0 6.61296 0.345262
0.439453 2.22757 2.7418	0 5.078 0.352171
0.439697 3.3691 2.74673	0 9.39067 0.355822
0.439941 2.90342 2.75344	0 13.0789 0.356588
0.440186 2.54397 2.76063	0 4.87961 0.356175
0.44043 3.02334 2.76722	0 6.02336 0.356702
0.440674 2.53046 2.77239	0 6.53574 0.359689
0.440918 3.19036 2.77564	0 8.83796 0.36544
0.441162 2.41205 2.77682	0 4.36274 0.373047
0.441406 2.78043 2.77599	0 8.50658 0.38098
0.44165 3.094 2.77349	0 7.79443 0.387932
0.441895 2.4762 2.76979	0 9.83476 0.393508
0.442139 3.14897 2.76547	0 7.90498 0.398427
0.442383 2.73196 2.76117	0 5.97581 0.404156
0.442627 2.67312 2.75749	0 6.3549 0.412158
0.442871 2.44207 2.75495	0 8.32861 0.423108
0.443115 2.9931 2.75395	0 8.80982 0.436474
0.443359 2.41006 2.75469	0 6.19867 0.450675
0.443604 2.84619 2.75721	0 8.40625 0.463746
0.443848 2.39755 2.76141	0 5.58871 0.474183
0.444092 3.46034 2.76709	0 14.3197 0.481541
0.444336 2.53379 2.774	0 4.82121 0.486492
0.44458 2.96824 2.78186	0 7.65764 0.490327
0.444824 2.57483 2.7904	0 5.84018 0.494194
0.445068 2.5891 2.79928	0 7.32253 0.498475
0.445312 2.88444 2.80813	0 10.3098 0.502618
0.445557 2.69051 2.81649	0 6.97373 0.505449
0.445801 3.11709 2.82384	0 9.74964 0.505766
0.446045 2.94088 2.82964	0 7.80449 0.502873
0.446289 2.39799 2.83341	0 4.50169 0.496834
0.446533 3.31176 2.83484	0 9.45195 0.488358
0.446777 2.77016 2.83387	0 6.52796 0.478428
0.447021 3.03262 2.8307	0 7.81945 0.467887
0.447266 2.98046 2.82587	0 7.21694 0.457142
0.44751 2.46881 2.82014	0 5.2905 0.446139
0.447754 2.92308 2.81442	0 6.62507 0.434586
0.447998 2.89386 2.80962	0 7.5835 0.422347
0.448242 2.58958 2.80647	0 5.23911 0.40981
0.448486 2.85088 2.80537	0 6.23355 0.398058
0.44873 2.63441 2.80628	0 7.13582 0.388732
0.448975 2.63572 2.80867	0 6.23764 0.383603
0.449219 2.63222 2.81156	0 8.07998 0.383973
0.449463 2.949 2.81367	0 7.42684 0.390102
0.449707 3.14669 2.81362	0 8.61704 0.400873
0.449951 2.5943 2.81017	0 6.69307 0.413838
0.450195 3.08158 2.80248	0 7.01348 0.425688
0.450439 3.3415 2.79024	0 18.7615 0.433019
0.450684 2.72461 2.77379	0 5.04758 0.433159
0.450928 2.71501 2.75403	0 7.86616 0.424794
0.451172 2.83388 2.73234	0 11.0611 0.408234
0.451416 2.64156 2.71028	0 6.04949 0.385309
0.45166 2.38994 2.68941	0 5.91717 0.359002
0.451904 2.3101 2.67107	0 3.71783 0.332907
0.452148 2.61223 2.65623	0 6.88427 0.310596
0.452393 2.7401 2.64546	0 6.06673 0.294958
0.452637 2.78405 2.63895	0 6.74547 0.287627
0.452881 2.60558 2.63656	0 6.64493 0.288657
0.453125 2.6117 2.63791	0 7.78588 0.29657
0.453369 2.28046 2.64248	0 3.52911 0.308825
0.453613 3.02097 2.64965	0 7.69498 0.322575
0.453857 2.26808 2.65875	0 5.38416 0.335444
0.454102 2.65095 2.66915	0 6.14326 0.346053
0.454346 2.69198 2.68027	0 7.50869 0.35409
0.45459 2.66931 2.69166	0 6.11451 0.359983
0.454834 3.10172 2.70303	0 8.81845 0.364387
0.455078 2.97864 2.7143	0 8.77005 0.367789
0.455322 2.50942 2.72554	0 6.32488 0.370366
0.455566 2.4445 2.73695	0 8.5157 0.372072
0.455811 2.7815 2.74874	0 6.06556 0.37281
0.456055 2.60081 2.76109	0 8.24182 0.372575
0.456299 2.6515 2.77408	0 7.80848 0.371574
0.456543 3.01524 2.78767	0 8.75391 0.370367
0.456787 2.93089 2.80168	0 8.40576 0.370016
0.457031 2.88644 2.81586	0 7.11413 0.372105
0.457275 2.83202 2.82985	0 5.13042 0.37848
0.45752 2.54627 2.84326	0 5.13945 0.390661
0.457764 3.03063 2.85559	0 9.28609 0.40913
0.458008 2.85942 2.86628	0 8.79102 0.432831
0.458252 2.58864 2.87471	0 5.38025 0.459191
0.458496 3.14099 2.88023	0 10.3192 0.484728
0.45874 3.287 2.88224	0 12.0161 0.506027
0.458984 2.66182 2.8803	0 8.19925 0.520663
0.459229 3.05834 2.87418	0 8.80188 0.527678
0.459473 2.8159 2.86404	0 6.21226 0.527453
0.459717 3.0748 2.85038	0 10.2001 0.521141
0.459961 2.83062 2.83414	0 8.3349 0.510031
0.460205 2.78551 2.81654	0 6.81513 0.495184
0.460449 3.01114 2.79902	0 11.1651 0.477486
0.460693 2.9511 2.78304	0 7.60049 0.45794
0.460938 2.16647 2.7699	0 3.46294 0.437909
0.461182 2.62585 2.76056	0 9.94817 0.41908
0.461426 2.5019 2.75554	0 4.74258 0.403133
0.46167 2.57118 2.75485	0 8.84954 0.391308
0.461914 2.92998 2.75805	0 6.10871 0.384123
0.462158 3.14868 2.76434	0 9.9328 0.381377
0.462402 2.58099 2.77272	0 8.59241 0.382445
0.462646 2.38458 2.7821	0 5.17654 0.386722
0.462891 3.27722 2.79146	0 12.2051 0.393996
0.463135 2.6909 2.79996	0 5.32003 0.404572
0.463379 3.05774 2.80693	0 8.6291 0.41906
0.463623 2.60792 2.81196	0 7.07766 0.437918
0.463867 2.6575 2.81487	0 7.70798 0.460992
0.464111 3.04642 2.81572	0 8.22877 0.487302
0.464355 2.88548 2.8148	0 11.4519 0.515169
0.4646 2.89423 2.81258	0 9.963 0.542558
0.464844 2.91129 2.80966	0 8.74737 0.567421
0.465088 2.9826 2.80673	0 12.7783 0.587917
0.465332 2.4675 2.80441	0 8.05232 0.602542
0.465576 2.56999 2.80322	0 12.2932 0.610291
0.46582 2.55087 2.80346	0 7.30139 0.610861
0.466064 3.06183 2.80521	0 10.4587 0.604771
0.466309 3.02041 2.80837	0 7.16631 0.59321
0.466553 2.50888 2.81271	0 7.26709 0.577609
0.466797 2.89474 2.81798	0 6.08603 0.559154
0.467041 2.94414 2.82401	0 12.6795 0.538514
0.467285 2.81759 2.83073	0 8.33782 0.515937
0.467529 3.08031 2.8382	0 10.0212 0.491643
0.467773 2.74249 2.84652	0 6.7754 0.46626
0.468018 2.40278 2.85578	0 6.29656 0.441078
0.468262 3.10446 2.8659	0 11.5423 0.417973
0.468506 2.73365 2.8766	0 6.89508 0.398992
0.46875 2.82252 2.8874	0 8.32969 0.38569
0.468994 2.89332 2.89763	0 6.10467 0.378477
0.469238 2.95875 2.90657	0 11.8018 0.376268
0.469482 3.12872 2.9136	0 10.1082 0.376728
0.469727 2.97839 2.91832	0 7.84362 0.377149
0.469971 2.97205 2.92066	0 8.75 0.375623
0.470215 3.25792 2.92087	0 12.4119 0.371999
0.470459 2.95057 2.91944	0 8.48986 0.368106
0.470703 2.79398 2.91696	0 7.73708 0.367123
0.470947 2.56178 2.91395	0 5.02934 0.372361
0.471191 2.61353 2.91071	0 6.86482 0.386004
0.471436 3.1162 2.90721	0 8.53174 0.408317
0.47168 2.86577 2.90311	0 5.72087 0.437523
0.471924 3.20584 2.89785	0 9.67424 0.470299
0.472168 2.7709 2.89083	0 9.0633 0.502629
0.472412 3.12354 2.8816	0 16.3198 0.530734
0.472656 2.68525 2.87002	0 8.34558 0.551825
0.4729 3.09157 2.85638	0 6.71329 0.564496
0.473145 3.05395 2.84139	0 10.1634 0.568697
0.473389 3.04624 2.82607	0 12.0232 0.565412
0.473633 2.50743 2.81158	0 8.90499 0.55627
0.473877 2.46579 2.79893	0 7.38079 0.543284
0.474121 2.75719 2.78885	0 7.10089 0.528748
0.474365 2.60143 2.78157	0 6.0924 0.515103
0.474609 2.40437 2.77686	0 6.39016 0.504597
0.474854 2.94724 2.77408	0 8.11638 0.49872
0.475098 2.81671 2.77241	0 6.34678 0.497691
0.475342 3.09583 2.77099	0 7.54757 0.500372
0.475586 2.99611 2.76922	0 7.17732 0.504782
0.47583 3.09829 2.76673	0 20.9262 0.509009
0.476074 2.46761 2.7635	0 7.16925 0.511944
0.476318 2.4426 2.75968	0 5.67944 0.513397
0.476562 2.70099 2.75548	0 5.37308 0.513502
0.476807 2.91337 2.75103	0 7.74625 0.511886
0.477051 2.33812 2.74634	0 4.96205 0.507214
0.477295 2.49552 2.74131	0 6.09723 0.497472
0.477539 3.31891 2.73586	0 9.00852 0.480861
0.477783 3.2367 2.73001	0 14.1227 0.456759
0.478027 2.57437 2.72404	0 5.7481 0.426241
0.478271 2.521 2.71847	0 5.44085 0.391912
0.478516 3.02959 2.71401	0 9.4838 0.357227
0.47876 2.50963 2.71139	0 5.38148 0.325651
0.479004 2.16448 2.71115	0 3.5991 0.299999
0.479248 2.34242 2.71352	0 4.62295 0.282065
0.479492 2.9097 2.71832	0 8.28822 0.27253
0.479736 2.99856 2.72495	0 7.80709 0.271014
0.47998 2.57626 2.73251	0 7.61795 0.276198
0.480225 3.0042 2.73996	0 6.88964 0.286051
0.480469 2.61891 2.74631	0 8.24998 0.298195
0.480713 3.22712 2.75068	0 8.04653 0.310442
0.480957 2.56867 2.75245	0 4.84695 0.321381
0.481201 2.56905 2.75123	0 6.62242 0.330779
0.481445 2.86766 2.74685	0 7.53747 0.339542
0.481689 2.76867 2.73935	0 4.76875 0.349193
0.481934 2.65167 2.72899	0 6.03446 0.361045
0.482178 2.70297 2.71623	0 8.24816 0.375501
0.482422 3.21894 2.70173	0 8.93446 0.391831
0.482666 2.69968 2.68641	0 8.82754 0.408511
0.48291 2.55058 2.67132	0 5.59303 0.423874
0.483154 2.57356 2.65757	0 7.48955 0.436642
0.483398 2.49972 2.64616	0 5.52568 0.446047
0.483643 2.7326 2.63783	0 6.76344 0.451565
0.483887 2.1975 2.63299	0 4.99874 0.452562
0.484131 2.14305 2.63158	0 3.61639 0.448198
0.484375 3.09824 2.63325	0 9.20667 0.437736
0.484619 2.64247 2.6374	0 6.4438 0.421148
0.484863 2.50277 2.64345	0 6.02248 0.399699
0.485107 2.9538 2.65098	0 9.71747 0.376212
0.485352 2.81731 2.65987	0 9.25021 0.35484
0.485596 2.80489 2.67028	0 8.13777 0.340353
0.48584 2.655 2.68261	0 6.91347 0.337091
0.486084 2.24791 2.69729	0 3.99172 0.34783
0.486328 2.54599 2.71457	0 6.26585 0.372884
0.486572 2.3792 2.73439	0 5.06046 0.409728
0.486816 2.69523 2.75626	0 5.84013 0.453375
0.487061 2.98938 2.7793	0 7.81957 0.497459
0.487305 3.25723 2.80233	0 13.0269 0.535707
0.487549 2.75469 2.82407	0 8.18053 0.563314
0.487793 2.77705 2.84334	0 12.4657 0.577759
0.488037 2.80756 2.85916	0 8.3484 0.578889
0.488281 3.12266 2.87095	0 9.37383 0.568405
0.488525 3.04679 2.87848	0 8.61591 0.549094
0.48877 2.89914 2.88194	0 7.55029 0.524145
0.489014 3.02641 2.8818	0 5.40041 0.496702
0.489258 2.59053 2.87876	0 5.94313 0.469619
0.489502 2.90655 2.87361	0 8.7321 0.445316
0.489746 3.10746 2.86717	0 9.09798 0.425636
0.48999 2.8937 2.86016	0 9.61046 0.41166
0.490234 2.66977 2.85313	0 6.90455 0.403538
0.490479 2.88123 2.84644	0 6.08259 0.400409
0.490723 2.51527 2.84025	0 6.2928 0.400527
0.490967 2.85586 2.83453	0 7.35557 0.401659
0.491211 2.96677 2.8292	0 9.68511 0.401735
0.491455 2.82832 2.82412	0 7.73098 0.399566
0.491699 3.18722 2.81924	0 11.2356 0.395361
0.491943 2.65415 2.8146	0 5.75314 0.390784
0.492188 2.77944 2.81037	0 6.27232 0.388445
0.492432 2.74202 2.80674	0 5.39929 0.390961
0.492676 2.67051 2.80388	0 6.07521 0.39993
0.49292 2.73337 2.80188	0 8.94663 0.415214
0.493164 3.03347 2.80061	0 8.8072 0.434792
0.493408 2.58598 2.79979	0 6.96377 0.455215
0.493652 2.68311 2.79895	0 8.26648 0.472476
0.493896 2.60446 2.79756	0 4.49506 0.483006
0.494141 3.02213 2.79514	0 10.4211 0.484538
0.494385 3.69408 2.7913	0 11.9144 0.476667
0.494629 2.27425 2.78589	0 3.64586 0.460992
0.494873 2.78568 2.77897	0 6.4046 0.440776
0.495117 2.65891 2.7708	0 9.74478 0.420127
0.495361 2.51269 2.76179	0 6.9844 0.402915
0.495605 3.05577 2.7524	0 8.80113 0.39176
0.49585 2.71264 2.74305	0 5.98358 0.387514
0.496094 2.70104 2.73398	0 6.42192 0.389419
0.496338 2.97198 2.72514	0 14.6962 0.395813
0.496582 2.6332 2.716	0 4.89219 0.404946
0.496826 2.44925 2.70546	0 5.74214 0.415498
0.49707 2.20246 2.69171	0 4.54775 0.426611
0.497314 3.11337 2.67213	0 7.25261 0.437598
0.497559 2.96411 2.64337	0 10.5423 0.447623
0.497803 2.56721 2.60147	0 6.19094 0.45554
0.498047 2.71305 2.5422	0 6.22953 0.459926
0.498291 2.76528 2.46156	0 9.40567 0.459173
0.498535 2.89357 2.35632	0 6.20687 0.451614
0.498779 2.7147 2.22468	0 10.3509 0.435692
0.499023 2.88114 2.06679	0 9.09382 0.410258
0.499268 2.34898 1.88508	0 6.81155 0.374998
0.499512 2.45122 1.68434	0 6.85453 0.33084
0.499756 3.10574 1.25422	0 15.3517 0.226421
