0 0 1.43659	0 0 0.190074
0.000244141 2.79693 1.73452	0 8.78658 0.25863
0.000488281 2.20904 2.05151	0 4.77957 0.343109
0.000732422 2.95937 2.3821	0 7.18478 0.445062
0.000976562 2.84929 2.72163	0 8.78811 0.56478
0.0012207 2.77055 3.06681	0 5.12924 0.700649
0.00146484 3.49012 3.41609	0 11.4823 0.849326
0.00170898 3.50009 3.76978	0 8.96629 1.00709
0.00195312 4.75812 4.12983	0 25.265 1.17194
0.00219727 4.37823 4.49943	0 15.5858 1.34542
0.00244141 4.66066 4.88252	0 35.5243 1.53303
0.00268555 4.27778 5.28313	0 19.3591 1.74306
0.00292969 5.62229 5.7049	0 32.2911 1.98453
0.00317383 5.32216 6.15056	0 23.7296 2.26583
0.00341797 6.29684 6.62156	0 40.1731 2.59489
0.00366211 6.60862 7.11789	0 50.2004 2.98071
0.00390625 7.4009 7.63798	0 55.9147 3.43487
0.00415039 8.23544 8.17874	0 68.2048 3.97169
0.00439453 8.13932 8.73574	0 59.1746 4.60691
0.00463867 8.73368 9.3034	0 90.432 5.35536
0.00488281 10.5359 9.8752	0 75.5358 6.22835
0.00512695 10.6389 10.444	0 136.017 7.23049
0.00537109 10.5695 11.0022	0 90.1781 8.35503
0.00561523 12.7533 11.542	0 125.151 9.5785
0.00585938 12.0028 12.0555	0 128.625 10.857
0.00610352 13.1601 12.5351	0 188.974 12.1283
0.00634766 13.7039 12.9732	0 296.169 13.3224
0.0065918 14.5567 13.363	0 205.353 14.3759
0.00683594 13.0535 13.6983	0 193.863 15.2464
0.00708008 16.0707 13.9742	0 317.072 15.9174
0.00732422 13.8943 14.1878	0 168.772 16.3935
0.00756836 17.7413 14.338	0 341.055 16.69
0.0078125 13.4372 14.4266	0 149.539 16.8248
0.00805664 15.4576 14.4583	0 225.912 16.8156
0.00830078 16.9873 14.4404	0 234.794 16.6816
0.00854492 15.6781 14.3823	0 244.789 16.4433
0.00878906 12.5599 14.2946	0 157.885 16.1179
0.0090332 14.673 14.1881	0 201.619 15.7126
0.00927734 12.1384 14.0725	0 161.132 15.2219
0.00952148 14.0211 13.9558	0 250.74 14.6344
0.00976562 12.7062 13.8434	0 166.415 13.9482
0.0100098 13.8998 13.7382	0 150.82 13.1877
0.0102539 14.3884 13.6412	0 200.059 12.4118
0.010498 13.45 13.5518	0 213.757 11.7072
0.0107422 14.7072 13.4691	0 208.108 11.167
0.0109863 12.0846 13.392	0 155.292 10.8608
0.0112305 14.3794 13.3202	0 151.794 10.8105
0.0114746 11.3806 13.2542	0 123.772 10.979
0.0117188 13.8461 13.1953	0 180.067 11.2786
0.0119629 14.0757 13.1453	0 246.854 11.5946
0.012207 12.0855 13.106	0 171.254 11.8158
0.0124512 13.6279 13.0791	0 210.168 11.8627
0.0126953 11.4306 13.0656	0 131.671 11.7063
0.0129395 12.8095 13.0655	0 174.355 11.3737
0.0131836 13.2604 13.0775	0 188.266 10.9427
0.0134277 13.1343 13.0994	0 212.292 10.5221
0.0136719 13.6745 13.1281	0 161.808 10.2234
0.013916 11.7071 13.1596	0 127.518 10.1279
0.0141602 13.7293 13.1903	0 126.185 10.2616
0.0144043 12.7504 13.2168	0 125.522 10.5874
0.0146484 14.222 13.2368	0 169.703 11.0208
0.0148926 15.0923 13.2491	0 228.743 11.4608
0.0151367 13.1376 13.2538	0 233.257 11.8233
0.0153809 14.0359 13.2521	0 188.171 12.0613
0.015625 11.9177 13.2457	0 133.771 12.167
0.0158691 10.9114 13.2369	0 106.951 12.1579
0.0161133 13.0766 13.2275	0 203.24 12.0608
0.0163574 14.9121 13.2194	0 205.989 11.8992
0.0166016 14.5983 13.2145	0 165.128 11.6907
0.0168457 12.651 13.2142	0 129.275 11.4516
0.0170898 11.8673 13.2203	0 131.568 11.2042
0.017334 15.0787 13.2345	0 247.535 10.9828
0.0175781 12.014 13.2583	0 141.621 10.8328
0.0178223 12.6892 13.2929	0 179.76 10.8011
0.0180664 12.6533 13.3384	0 177.398 10.9178
0.0183105 13.0097 13.3942	0 148.718 11.1778
0.0185547 13.5248 13.4588	0 164.207 11.5311
0.0187988 13.3467 13.53	0 205.751 11.8912
0.019043 13.9313 13.6053	0 182.814 12.1614
0.0192871 13.8578 13.6826	0 204.31 12.2697
0.0195312 16.1462 13.76	0 330.092 12.1979
0.0197754 12.918 13.8363	0 125.848 11.9912
0.0200195 12.513 13.9107	0 207.38 11.7446
0.0202637 13.7953 13.9825	0 166.783 11.5711
0.0205078 14.2922 14.0509	0 228.98 11.5649
0.020752 13.7133 14.1148	0 144.465 11.7708
0.0209961 13.4891 14.1733	0 172.699 12.171
0.0212402 16.8579 14.2255	0 356.6 12.6917
0.0214844 14.2819 14.2714	0 195.021 13.2281
0.0217285 13.3243 14.312	0 169.077 13.6772
0.0219727 14.463 14.3498	0 315.845 13.9672
0.0222168 15.9739 14.3881	0 199.387 14.074
0.0224609 13.5575 14.4313	0 202.787 14.0177
0.0227051 15.8458 14.4832	0 213.396 13.8471
0.0229492 12.1629 14.5471	0 125.565 13.6186
0.0231934 12.0747 14.6244	0 144.427 13.3812
0.0234375 15.0835 14.7147	0 298.697 13.1686
0.0236816 15.3862 14.8155	0 206.727 12.9993
0.0239258 15.2368 14.9231	0 198.11 12.88
0.0241699 14.9856 15.0329	0 196.648 12.8124
0.0244141 16.4537 15.1403	0 295.053 12.8012
0.0246582 16.1075 15.2417	0 275.261 12.8622
0.0249023 15.8104 15.3344	0 235.291 13.0214
0.0251465 13.383 15.4174	0 155.381 13.3046
0.0253906 15.2469 15.4907	0 216.326 13.718
0.0256348 15.9851 15.5561	0 311.218 14.2335
0.0258789 16.522 15.6163	0 283.559 14.7878
0.026123 15.9571 15.6753	0 204.286 15.3004
0.0263672 16.8271 15.7376	0 261.485 15.7021
0.0266113 15.3937 15.8087	0 238.905 15.9614
0.0268555 13.8211 15.894	0 199.822 16.0969
0.0270996 16.8005 15.9985	0 217.927 16.1719
0.0273438 15.4527 16.1259	0 151.253 16.2747
0.0275879 14.0554 16.2786	0 232.825 16.4901
0.027832 17.1672 16.4566	0 189.295 16.8715
0.0280762 16.8458 16.6582	0 288.686 17.4191
0.0283203 15.1016 16.8799	0 228.64 18.0742
0.0285645 17.3499 17.1171	0 320.785 18.7329
0.0288086 17.4598 17.3652	0 201.376 19.2786
0.0290527 19.9205 17.6204	0 407.177 19.622
0.0292969 15.9048 17.8802	0 258.847 19.7328
0.029541 18.7753 18.1439	0 383.277 19.6495
0.0297852 20.1201 18.4124	0 345.054 19.4639
0.0300293 18.1187 18.6879	0 313.562 19.2912
0.0302734 17.6792 18.9729	0 278.378 19.2382
0.0305176 19.3352 19.2693	0 292.492 19.3848
0.0307617 18.6636 19.5779	0 348.89 19.7805
0.0310059 17.2419 19.8978	0 267.679 20.4525
0.03125 21.9013 20.2268	0 360.272 21.4165
0.0314941 19.8674 20.562	0 345.374 22.6851
0.0317383 21.6809 20.9006	0 374.973 24.2707
0.0319824 24.2496 21.241	0 372.722 26.1841
0.0322266 20.2926 21.5828	0 245.408 28.4267
0.0324707 24.1768 21.9279	0 704.456 30.9762
0.0327148 20.6407 22.2794	0 339.123 33.7667
0.032959 19.563 22.6414	0 355.101 36.674
0.0332031 21.2902 23.0183	0 378.722 39.5172
0.0334473 25.7829 23.4138	0 646.526 42.0871
0.0336914 25.1017 23.8309	0 533.929 44.1966
0.0339355 22.3122 24.2715	0 448.23 45.7378
0.0341797 24.4922 24.7363	0 571.183 46.7196
0.0344238 26.4233 25.2254	0 739.684 47.2691
0.034668 22.8593 25.7383	0 461.622 47.5919
0.0349121 26.0358 26.2747	0 489.929 47.9076
0.0351562 27.0424 26.8344	0 1085.39 48.3868
0.0354004 30.3536 27.4182	0 772.526 49.114
0.0356445 23.7671 28.0278	0 410.583 50.0866
0.0358887 28.1935 28.6667	0 696.938 51.2468
0.0361328 31.7539 29.3394	0 1292.54 52.5328
0.036377 28.8922 30.0514	0 673.397 53.9347
0.0366211 33.5809 30.8083	0 960.752 55.5446
0.0368652 28.7595 31.6143	0 1377.32 57.5891
0.0371094 27.8132 32.4716	0 529.5 60.4258
0.0373535 30.24 33.3793	0 843.22 64.4842
0.0375977 36.8117 34.3337	0 1561.06 70.143
0.0378418 35.8228 35.3292	0 1060.3 77.569
0.0380859 30.9813 36.3599	0 1143.92 86.5742
0.0383301 43.7455 37.4223	0 2172.42 96.5682
0.0385742 40.449 38.5172	0 1858.98 106.661
0.0388184 35.8381 39.6517	0 1388.77 115.909
0.0390625 41.5877 40.8399	0 2134.39 123.631
0.0393066 45.205 42.1015	0 1437.03 129.659
0.0395508 42.1061 43.4603	0 2283.78 134.427
0.0397949 41.2553 44.9406	0 1769.79 138.858
0.0400391 36.8002 46.5638	0 1704.43 144.094
0.0402832 47.7886 48.345	0 2317.92 151.214
0.0405273 47.8781 50.2915	0 2739.57 161.028
0.0407715 47.862 52.4013	0 2652.07 173.99
0.0410156 53.0456 54.6647	0 3385.84 190.2
0.0412598 57.0101 57.0657	0 2527.07 209.418
0.0415039 61.8055 59.5854	0 3639.81 231.068
0.041748 57.8734 62.2052	0 3608.92 254.273
0.0419922 68.4437 64.9096	0 4288.55 277.989
0.0422363 65.2301 67.6894	0 6681.54 301.257
0.0424805 76.4265 70.5437	0 4549.45 323.504
0.0427246 59.0983 73.4818	0 2692.63 344.772
0.0429688 75.506 76.5234	0 5900.77 365.762
0.0432129 89.8765 79.6994	0 6155.1 387.681
0.043457 93.3946 83.0493	0 6507.72 411.951
0.0437012 67.6648 86.6195	0 5100.68 439.937
0.0439453 87.2304 90.4589	0 9055.67 472.818
0.0441895 94.6288 94.6144	0 10005.4 511.672
0.0444336 76.7815 99.1266	0 6392.04 557.699
0.0446777 94.0908 104.025	0 10623.5 612.34
0.0449219 125.627 109.326	0 12356.3 677.168
0.045166 101.699 115.027	0 10459.8 753.545
0.0454102 115.439 121.111	0 12757.7 842.283
0.0456543 116.095 127.541	0 13954.8 943.494
0.0458984 131.546 134.26	0 18363 1056.62
0.0461426 139.079 141.196	0 17393.2 1180.42
0.0463867 152.709 148.259	0 18310.9 1312.67
0.0466309 152.632 155.346	0 23330.8 1449.95
0.046875 144.83 162.343	0 17742.6 1587.78
0.0471191 187.304 169.129	0 40548.1 1721.59
0.0473633 193.597 175.58	0 43258.8 1848.23
0.0476074 197.238 181.573	0 37239.7 1967.33
0.0478516 181.386 186.987	0 32562.6 2081.54
0.0480957 197.38 191.711	0 30467.8 2195.23
0.0483398 202.156 195.642	0 40526.8 2311.95
0.048584 225.786 198.69	0 52518.8 2431.5
0.0488281 205.892 200.784	0 32951.8 2547.89
0.0490723 216.075 201.871	0 55487.5 2649.17
0.0493164 237.549 201.926	0 91220.5 2719.39
0.0495605 210.38 200.945	0 45539.9 2742.36
0.0498047 202.569 198.951	0 40690.1 2705.96
0.0500488 219.074 195.987	0 40315.2 2605.61
0.050293 198.332 192.115	0 37207.5 2445.72
0.0505371 192.522 187.406	0 47460.7 2238.79
0.0507812 193.765 181.943	0 42806.2 2002.55
0.0510254 159.148 175.81	0 23553.6 1756.31
0.0512695 198.189 169.102	0 29338.9 1517.53
0.0515137 172.703 161.919	0 38863.7 1299.59
0.0517578 143.555 154.371	0 18157.1 1110.88
0.052002 162.356 146.577	0 20147.1 955.005
0.0522461 161.868 138.664	0 17323.6 831.45
0.0524902 103.985 130.761	0 7007.29 736.401
0.0527344 113.974 122.991	0 16794.7 663.668
0.0529785 102.399 115.464	0 8865.3 605.915
0.0532227 107.06 108.268	0 10976.3 556.17
0.0534668 85.3934 101.465	0 8742.97 509.294
0.0537109 82.7494 95.091	0 9589.66 462.814
0.0539551 95.9225 89.1572	0 9176.72 416.798
0.0541992 84.9953 83.6566	0 6718.85 372.849
0.0544434 76.3223 78.5693	0 6406.62 332.796
0.0546875 57.822 73.8685	0 2969.66 297.687
0.0549316 71.7025 69.5252	0 5698.23 267.457
0.0551758 57.6444 65.5107	0 3668.13 241.22
0.0554199 51.8056 61.7984	0 3079.86 217.861
0.0556641 59.674 58.3643	0 3434.41 196.534
0.0559082 63.1531 55.1868	0 4426.3 176.859
0.0561523 47.1351 52.2463	0 2147.39 158.825
0.0563965 45.3292 49.525	0 1645.58 142.535
0.0566406 39.6016 47.0069	0 1118.45 127.994
0.0568848 41.0553 44.6772	0 2026.72 115.037
0.0571289 40.5918 42.5225	0 1343.41 103.395
0.057373 42.8089 40.5307	0 1362.98 92.8288
0.0576172 40.3679 38.6911	0 1429.61 83.2206
0.0578613 34.3152 36.9941	0 1223.47 74.5849
0.0581055 30.9073 35.4307	0 891.234 66.9935
0.0583496 35.0821 33.9918	0 980.265 60.4812
0.0585938 29.4844 32.6672	0 866.086 54.9866
0.0588379 27.7309 31.4449	0 806.52 50.3599
0.059082 28.0974 30.3106	0 1033.57 46.4189
0.0593262 30.9461 29.2484	0 897.744 43.0113
0.0595703 25.7402 28.2414	0 466.696 40.0413
0.0598145 30.72 27.2739	0 649.025 37.4521
0.0600586 26.1298 26.3333	0 498.345 35.1856
0.0603027 27.2487 25.4115	0 782.378 33.1577
0.0605469 23.1703 24.506	0 390.478 31.2671
0.060791 24.2024 23.6199	0 510.052 29.4328
0.0610352 26.2563 22.7604	0 641.683 27.6269
0.0612793 18.4333 21.9375	0 250.492 25.8775
0.0615234 16.8843 21.1611	0 336.6 24.2378
0.0617676 19.031 20.4399	0 353.011 22.7433
0.0620117 18.9493 19.779	0 472.748 21.3889
0.0622559 17.4067 19.1799	0 268.844 20.1395
0.0625 19.4132 18.6406	0 456.342 18.9636
0.0627441 19.2213 18.1562	0 423.694 17.8621
0.0629883 17.3088 17.7201	0 436.153 16.8718
0.0632324 16.1107 17.3252	0 198.117 16.0409
0.0634766 15.8824 16.9643	0 203.958 15.3948
0.0637207 16.7356 16.6311	0 270.395 14.9139
0.0639648 16.7692 16.3201	0 387.457 14.536
0.064209 15.598 16.0261	0 245.493 14.1773
0.0644531 16.2567 15.7448	0 206.389 13.7613
0.0646973 12.8878 15.4724	0 187.344 13.2401
0.0649414 16.3568 15.2057	0 224.198 12.6029
0.0651855 15.7177 14.9425	0 362.342 11.8738
0.0654297 15.5361 14.6818	0 206.114 11.1026
0.0656738 14.9919 14.424	0 289.57 10.3514
0.065918 13.1732 14.1709	0 166.095 9.68035
0.0661621 13.6774 13.9251	0 161.41 9.13284
0.0664062 12.7597 13.6902	0 145.059 8.72535
0.0666504 14.7615 13.4697	0 201.1 8.44493
0.0668945 12.0085 13.2666	0 152.14 8.25615
0.0671387 11.2724 13.0831	0 139.393 8.11455
0.0673828 14.1695 12.92	0 203.73 7.98068
0.067627 12.6569 12.7771	0 129.534 7.82941
0.0678711 11.7139 12.6526	0 122.428 7.65212
0.0681152 11.5885 12.544	0 133.59 7.4533
0.0683594 14.3589 12.4481	0 163.616 7.24534
0.0686035 9.99503 12.3615	0 111.949 7.04451
0.0688477 14.0518 12.2808	0 131.414 6.86951
0.0690918 12.3521 12.203	0 144.045 6.74105
0.0693359 11.9215 12.1255	0 94.4578 6.6798
0.0695801 10.6013 12.0464	0 115.263 6.7009
0.0698242 14.3969 11.9643	0 206.187 6.80556
0.0700684 10.972 11.8784	0 160.052 6.97378
0.0703125 12.0827 11.7883	0 141.76 7.16346
0.0705566 10.5473 11.6941	0 94.8664 7.31922
0.0708008 11.4527 11.5965	0 128.56 7.38925
0.0710449 13.4819 11.4964	0 167.535 7.34331
0.0712891 10.8587 11.3953	0 69.7097 7.18345
0.0715332 11.6294 11.295	0 144.968 6.9423
0.0717773 11.192 11.1974	0 111.937 6.6705
0.0720215 10.6467 11.1042	0 100.271 6.42019
0.0722656 9.27447 11.0168	0 82.2046 6.23246
0.0725098 11.1906 10.936	0 119.398 6.13267
0.0727539 10.7104 10.8623	0 112.55 6.13189
0.072998 12.9758 10.7955	0 135.502 6.22977
0.0732422 10.022 10.7355	0 91.5878 6.41547
0.0734863 9.0435 10.682	0 113.273 6.66681
0.0737305 10.4104 10.6353	0 89.76 6.95071
0.0739746 11.9811 10.5959	0 130.755 7.227
0.0742188 11.0473 10.5647	0 116.04 7.45555
0.0744629 10.063 10.543	0 103.261 7.60428
0.074707 9.62368 10.5317	0 124.842 7.65574
0.0749512 10.1835 10.5318	0 131.22 7.61128
0.0751953 10.1465 10.5437	0 144.622 7.4924
0.0754395 9.38363 10.5673	0 75.2495 7.33853
0.0756836 12.2687 10.6022	0 144.807 7.19984
0.0759277 10.163 10.648	0 66.4602 7.12551
0.0761719 10.3289 10.7039	0 99.1205 7.15018
0.076416 12.3778 10.7696	0 140.016 7.28426
0.0766602 9.61779 10.8447	0 81.384 7.51184
0.0769043 10.2439 10.9285	0 82.8391 7.79667
0.0771484 11.2542 11.0202	0 131.982 8.09196
0.0773926 10.4837 11.1179	0 108.002 8.34915
0.0776367 10.9094 11.2194	0 119.368 8.52385
0.0778809 10.4424 11.3213	0 95.3176 8.58074
0.078125 12.6223 11.4198	0 162.717 8.50062
0.0783691 12.9845 11.5111	0 187.824 8.28893
0.0786133 12.3439 11.5912	0 148.215 7.98079
0.0788574 10.1596 11.6568	0 106.885 7.63605
0.0791016 12.1535 11.7055	0 96.9768 7.32233
0.0793457 10.8724 11.7361	0 111.341 7.09172
0.0795898 12.524 11.7492	0 165.064 6.96233
0.079834 13.9781 11.7469	0 165.611 6.91478
0.0800781 12.0032 11.733	0 104.14 6.90589
0.0803223 11.3088 11.713	0 140.497 6.89275
0.0805664 11.6683 11.6934	0 159.065 6.85495
0.0808105 11.6755 11.6812	0 127.638 6.80451
0.0810547 9.94367 11.683	0 74.0172 6.78058
0.0812988 11.8208 11.7045	0 93.7386 6.8334
0.081543 10.5824 11.7493	0 109.066 7.00594
0.0817871 11.187 11.8192	0 112.796 7.32077
0.0820312 11.4522 11.9135	0 107.543 7.77505
0.0822754 12.6902 12.0301	0 116.87 8.34309
0.0825195 11.7822 12.1655	0 128.06 8.9836
0.0827637 12.4862 12.3154	0 149.726 9.64919
0.0830078 11.3983 12.4757	0 131.026 10.2962
0.083252 13.7528 12.643	0 179.504 10.8931
0.0834961 12.7319 12.8146	0 188.062 11.4248
0.0837402 14.1302 12.9886	0 284.251 11.8917
0.0839844 11.9168 13.1643	0 202.56 12.3032
0.0842285 12.7217 13.3416	0 136.109 12.6686
0.0844727 15.0071 13.5208	0 172.391 12.9898
0.0847168 12.3079 13.7025	0 168.067 13.2604
0.0849609 13.197 13.8873	0 203.501 13.4705
0.0852051 15.0612 14.0755	0 198.364 13.6163
0.0854492 15.6684 14.2671	0 185.88 13.7095
0.0856934 13.2104 14.4613	0 128.421 13.7831
0.0859375 15.6078 14.6569	0 239.127 13.8888
0.0861816 13.048 14.8517	0 213.822 14.0858
0.0864258 13.6794 15.0432	0 168.808 14.4248
0.0866699 15.4583 15.229	0 207.96 14.9335
0.0869141 16.885 15.4067	0 228.978 15.6139
0.0871582 17.4768 15.5753	0 383.77 16.451
0.0874023 17.6657 15.7347	0 278.715 17.4267
0.0876465 14.5175 15.8861	0 193.029 18.5241
0.0878906 14.4067 16.0316	0 249.27 19.7162
0.0881348 17.1644 16.1734	0 212.452 20.9442
0.0883789 15.31 16.3137	0 281.17 22.1047
0.088623 13.9787 16.4538	0 174.38 23.0641
0.0888672 19.3669 16.5943	0 520.666 23.7025
0.0891113 16.3809 16.7353	0 429.666 23.9677
0.0893555 16.032 16.8769	0 224.609 23.9099
0.0895996 19.234 17.0198	0 428.33 23.673
0.0898438 18.3225 17.1656	0 244.799 23.444
0.0900879 16.0136 17.317	0 271.508 23.3811
0.090332 16.7108 17.4776	0 313.859 23.5575
0.0905762 16.8666 17.6512	0 262.106 23.9456
0.0908203 16.488 17.8413	0 282.051 24.4508
0.0910645 18.1834 18.0506	0 435.523 24.9728
0.0913086 19.2482 18.2804	0 396.888 25.464
0.0915527 17.2497 18.5302	0 241.776 25.9545
0.0917969 20.7453 18.798	0 436.904 26.5334
0.092041 16.0447 19.0798	0 170.548 27.3006
0.0922852 20.3275 19.3705	0 337.583 28.3219
0.0925293 17.7575 19.6635	0 451.12 29.6071
0.0927734 21.2214 19.9519	0 450.472 31.1209
0.0930176 21.6482 20.229	0 546.086 32.8057
0.0932617 19.374 20.4885	0 364.525 34.5966
0.0935059 22.7163 20.7257	0 499.54 36.4159
0.09375 23.3992 20.9379	0 511.358 38.1543
0.0939941 20.4197 21.1244	0 548.867 39.6625
0.0942383 18.4469 21.2865	0 280.071 40.7701
0.0944824 22.5333 21.4274	0 724.902 41.3353
0.0947266 23.0088 21.5513	0 559.574 41.3051
0.0949707 24.0356 21.6627	0 620.225 40.7532
0.0952148 23.5053 21.7654	0 546.28 39.8712
0.095459 14.5807 21.862	0 217.102 38.9087
0.0957031 22.0609 21.9535	0 472.21 38.0852
0.0959473 25.0158 22.0391	0 866.614 37.5154
0.0961914 19.7247 22.1171	0 351.945 37.1795
0.0964355 24.1953 22.185	0 513.18 36.952
0.0966797 24.6937 22.2405	0 554.532 36.6712
0.0969238 22.0029 22.2824	0 474.903 36.2145
0.097168 22.6791 22.31	0 630.801 35.5476
0.0974121 21.2265 22.3236	0 335.805 34.7319
0.0976562 23.9383 22.3231	0 650.889 33.8944
0.0979004 20.2967 22.3075	0 377.952 33.1765
0.0981445 22.8804 22.2742	0 393.666 32.6801
0.0983887 21.1883 22.2192	0 469.324 32.4293
0.0986328 19.4707 22.1373	0 507.888 32.3606
0.098877 23.5968 22.0233	0 561.078 32.3476
0.0991211 28.5783 21.8732	0 761.982 32.2519
0.0993652 24.2723 21.6852	0 530.144 31.9781
0.0996094 19.6342 21.4604	0 392.104 31.5052
0.0998535 21.7848 21.2024	0 366.595 30.8779
0.100098 17.1232 20.9167	0 326.5 30.166
0.100342 20.9736 20.6096	0 428.571 29.4184
0.100586 22.8945 20.2869	0 534.072 28.6394
0.10083 17.2372 19.9535	0 328.705 27.8003
0.101074 21.2105 19.6131	0 433.244 26.8731
0.101318 18.4061 19.268	0 342.068 25.8623
0.101562 21.0024 18.9202	0 454.646 24.8134
0.101807 17.9948 18.5716	0 387.434 23.7961
0.102051 18.6794 18.2247	0 388.551 22.8732
0.102295 17.5227 17.8825	0 485.842 22.075
0.102539 17.7837 17.5481	0 366.166 21.3934
0.102783 14.2154 17.2248	0 204.159 20.7954
0.103027 19.3465 16.9152	0 374.89 20.2464
0.103271 15.9504 16.6207	0 264.028 19.7286
0.103516 13.2249 16.3417	0 132.694 19.2451
0.10376 17.4074 16.0773	0 279.888 18.8088
0.104004 18.0636 15.8255	0 329.87 18.4259
0.104248 13.5607 15.5837	0 173.074 18.0834
0.104492 16.1148 15.3486	0 247.03 17.7499
0.104736 14.5644 15.1169	0 267.078 17.3855
0.10498 14.6903 14.8852	0 225.01 16.9563
0.105225 14.5712 14.6503	0 227.848 16.4444
0.105469 13.9008 14.4097	0 201.712 15.8481
0.105713 15.6002 14.1616	0 224.153 15.1764
0.105957 15.2965 13.9053	0 251.061 14.4406
0.106201 12.8831 13.6413	0 179.88 13.649
0.106445 12.1265 13.3715	0 110.689 12.806
0.106689 15.1628 13.0989	0 200.418 11.9151
0.106934 12.0475 12.8277	0 147.544 10.9841
0.107178 12.4787 12.5622	0 186.442 10.0292
0.107422 11.7828 12.3069	0 161.415 9.07743
0.107666 12.1207 12.0657	0 158.334 8.16523
0.10791 11.0471 11.8411	0 103.518 7.33435
0.108154 10.3294 11.6346	0 101.149 6.62433
0.108398 10.8993 11.446	0 102.189 6.06424
0.108643 12.7979 11.274	0 150.695 5.66598
0.108887 10.4349 11.1162	0 123.123 5.4217
0.109131 11.2811 10.9693	0 119.355 5.30588
0.109375 10.0809 10.83	0 88.2276 5.28088
0.109619 11.0415 10.6949	0 123.74 5.3041
0.109863 10.0037 10.561	0 83.9681 5.33482
0.110107 11.3168 10.426	0 130.671 5.34042
0.110352 10.5115 10.2882	0 94.8449 5.301
0.110596 9.40471 10.1472	0 71.6017 5.21159
0.11084 11.0195 10.0033	0 109.286 5.08066
0.111084 9.3404 9.85775	0 60.3864 4.92513
0.111328 10.6777 9.71255	0 98.3787 4.76352
0.111572 9.42433 9.5701	0 78.0612 4.61009
0.111816 8.63424 9.43277	0 69.4816 4.4722
0.112061 8.3746 9.30254	0 58.4339 4.35125
0.112305 9.44389 9.18066	0 89.0265 4.24616
0.112549 8.9822 9.06746	0 53.9696 4.1571
0.112793 9.20966 8.96238	0 61.1359 4.08793
0.113037 8.01549 8.86424	0 50.3623 4.04623
0.113281 8.73512 8.77158	0 64.7303 4.04112
0.113525 8.47781 8.68317	0 68.1246 4.07974
0.11377 9.82262 8.59836	0 101.072 4.16371
0.114014 9.01003 8.51735	0 61.8422 4.28726
0.114258 8.1146 8.44109	0 60.3812 4.43792
0.114502 8.64266 8.37106	0 53.204 4.59987
0.114746 7.2202 8.30874	0 49.3042 4.75853
0.11499 7.56287 8.25513	0 86.8397 4.90401
0.115234 7.76927 8.21027	0 79.1894 5.03143
0.115479 8.27611 8.17305	0 69.2878 5.13787
0.115723 7.02286 8.14132	0 38.8282 5.218
0.115967 9.6699 8.11221	0 87.4281 5.2618
0.116211 8.56518 8.08275	0 73.7625 5.25642
0.116455 7.72245 8.05041	0 65.5485 5.19172
0.116699 8.73447 8.0136	0 80.0759 5.06637
0.116943 7.09696 7.97196	0 61.7224 4.89079
0.117188 8.71631 7.92629	0 72.8957 4.6851
0.117432 8.55487 7.87824	0 58.3996 4.47323
0.117676 7.73833 7.82982	0 56.0582 4.27616
0.11792 7.00487 7.78284	0 58.6598 4.10745
0.118164 6.60823 7.73848	0 43.8317 3.97258
0.118408 7.42245 7.69704	0 49.0699 3.87168
0.118652 8.04578 7.658	0 64.4639 3.80386
0.118896 7.04407 7.62033	0 48.987 3.77097
0.119141 9.24481 7.5829	0 107.425 3.7788
0.119385 7.8959 7.545	0 57.0158 3.83485
0.119629 7.7646 7.50662	0 48.8871 3.94313
0.119873 7.0451 7.46864	0 50.2158 4.09833
0.120117 6.85638 7.43259	0 57.4718 4.28232
0.120361 6.98266 7.40041	0 43.657 4.46578
0.120605 7.49517 7.37395	0 59.9596 4.6148
0.12085 7.58335 7.35455	0 64.4149 4.70029
0.121094 6.8711 7.34277	0 52.1676 4.70582
0.121338 6.72181 7.33823	0 35.2686 4.63085
0.121582 7.60808 7.33971	0 55.1623 4.48853
0.121826 7.12966 7.34541	0 48.3275 4.30015
0.12207 7.29734 7.35332	0 44.6691 4.08923
0.122314 7.84984 7.36158	0 47.5684 3.87725
0.122559 7.84826 7.36885	0 56.457 3.68136
0.122803 7.54246 7.37455	0 43.6207 3.51264
0.123047 7.04733 7.37889	0 41.2503 3.37438
0.123291 6.91816 7.38284	0 37.7736 3.26081
0.123535 8.44081 7.38791	0 55.1675 3.15831
0.123779 6.70888 7.39581	0 47.1515 3.05001
0.124023 7.17989 7.40819	0 55.3142 2.92352
0.124268 7.06637 7.42623	0 45.9511 2.77842
0.124512 7.37333 7.45047	0 57.852 2.62992
0.124756 7.35941 7.48054	0 56.8425 2.50568
0.125 8.06172 7.5152	0 49.9347 2.43645
0.125244 6.89511 7.55233	0 35.7579 2.44404
0.125488 7.40312 7.58917	0 47.8759 2.53195
0.125732 7.35165 7.62261	0 51.9524 2.6831
0.125977 8.88754 7.64961	0 87.0318 2.86534
0.126221 6.95939 7.66762	0 45.687 3.04217
0.126465 8.43404 7.67496	0 81.1069 3.18404
0.126709 7.83674 7.67111	0 80.1663 3.27611
0.126953 9.13328 7.65671	0 73.6496 3.32054
0.127197 7.74415 7.63351	0 48.5324 3.33383
0.127441 6.78298 7.60396	0 40.7522 3.34065
0.127686 6.49309 7.57081	0 33.116 3.36578
0.12793 7.98993 7.53662	0 60.7207 3.42599
0.128174 7.45414 7.50346	0 41.2927 3.52357
0.128418 7.47612 7.47267	0 52.5863 3.64399
0.128662 7.06025 7.4449	0 51.1841 3.75938
0.128906 7.87736 7.42028	0 73.325 3.83744
0.12915 7.54212 7.39868	0 61.5237 3.85309
0.129395 6.62662 7.37999	0 43.8848 3.79786
0.129639 8.24245 7.36434	0 60.7265 3.68308
0.129883 6.95201 7.35211	0 48.0208 3.53539
0.130127 8.09029 7.34397	0 59.9293 3.38683
0.130371 6.50968 7.34068	0 41.7037 3.26395
0.130615 6.82429 7.3429	0 53.5934 3.18056
0.130859 7.41132 7.35107	0 66.6559 3.13656
0.131104 6.67907 7.36521	0 34.3882 3.12236
0.131348 7.70501 7.38492	0 54.1885 3.12628
0.131592 8.42048 7.40933	0 88.28 3.14122
0.131836 7.31452 7.43716	0 55.583 3.1678
0.13208 6.55233 7.46676	0 48.6744 3.21313
0.132324 7.54326 7.4962	0 54.2133 3.28625
0.132568 7.04459 7.52336	0 37.4435 3.39288
0.132812 8.39767 7.54611	0 74.0038 3.53185
0.133057 7.51828 7.56244	0 44.2777 3.69433
0.133301 7.92512 7.57072	0 75.1665 3.86537
0.133545 7.71834 7.56991	0 54.4307 4.02619
0.133789 7.82063 7.55966	0 48.45 4.15652
0.134033 8.16829 7.54041	0 73.347 4.23662
0.134277 7.70515 7.51338	0 48.6216 4.2499
0.134521 6.17767 7.48038	0 37.4294 4.18625
0.134766 8.2763 7.44373	0 69.7055 4.04565
0.13501 7.5361 7.40599	0 70.814 3.84047
0.135254 6.80493 7.36983	0 48.6865 3.59499
0.135498 7.60916 7.33789	0 53.5579 3.34134
0.135742 6.99371 7.31263	0 46.0385 3.11257
0.135986 7.6697 7.29621	0 45.9876 2.93502
0.13623 6.47543 7.29035	0 32.5623 2.82258
0.136475 7.53696 7.29616	0 50.9175 2.77477
0.136719 6.89701 7.31395	0 36.6655 2.77888
0.136963 6.9037 7.34308	0 35.0876 2.81489
0.137207 7.06127 7.38193	0 50.6777 2.86125
0.137451 7.24331 7.42796	0 35.1004 2.89976
0.137695 7.99154 7.47796	0 76.3248 2.91878
0.137939 7.09321 7.52845	0 40.8898 2.91475
0.138184 7.12539 7.57614	0 49.8979 2.89219
0.138428 8.44922 7.61843	0 44.3647 2.86235
0.138672 9.18536 7.65383	0 74.5402 2.84099
0.138916 7.38388 7.68211	0 50.8239 2.84544
0.13916 8.42044 7.7043	0 52.7573 2.89178
0.139404 6.79481 7.72242	0 33.3345 2.9922
0.139648 7.01347 7.73904	0 34.3362 3.15271
0.139893 7.69597 7.75678	0 50.2311 3.37132
0.140137 8.50975 7.7778	0 64.303 3.63678
0.140381 7.00165 7.80343	0 39.9237 3.92843
0.140625 8.29726 7.834	0 60.8061 4.21778
0.140869 7.05708 7.86875	0 41.6596 4.47209
0.141113 7.93012 7.90602	0 62.3398 4.6596
0.141357 8.17409 7.9435	0 54.9137 4.75562
0.141602 7.77192 7.97856	0 50.2482 4.74817
0.141846 8.75047 8.00864	0 103.793 4.64153
0.14209 7.75835 8.03156	0 52.2075 4.45629
0.142334 9.07645 8.04582	0 90.9631 4.22505
0.142578 7.69221 8.05076	0 66.8335 3.98453
0.142822 8.24427 8.04662	0 56.9785 3.76676
0.143066 7.8887 8.03452	0 81.9361 3.59268
0.143311 7.75519 8.01628	0 41.7882 3.47118
0.143555 9.55729 7.99416	0 88.2454 3.40321
0.143799 7.7524 7.97057	0 48.7857 3.38787
0.144043 6.68656 7.94776	0 44.3961 3.42593
0.144287 7.47849 7.92755	0 52.888 3.51815
0.144531 8.32851 7.91108	0 77.4164 3.65989
0.144775 8.07625 7.89879	0 57.276 3.83665
0.14502 7.10359 7.8903	0 58.1377 4.02482
0.145264 8.5157 7.88462	0 73.3709 4.19849
0.145508 7.91259 7.88019	0 59.3485 4.33827
0.145752 8.09531 7.87514	0 52.4411 4.43678
0.145996 7.80015 7.86742	0 72.4936 4.49718
0.14624 6.67626 7.8551	0 45.7985 4.5265
0.146484 9.06308 7.83647	0 60.096 4.52874
0.146729 7.98249 7.81034	0 76.7055 4.50289
0.146973 7.94324 7.77613	0 68.3939 4.44694
0.147217 8.15439 7.73402	0 62.8545 4.36423
0.147461 7.67006 7.68495	0 55.5443 4.26684
0.147705 7.91592 7.63054	0 41.2437 4.17245
0.147949 7.56075 7.57292	0 65.3365 4.0961
0.148193 6.5835 7.51443	0 34.4152 4.04211
0.148438 8.16604 7.45737	0 79.3391 4.00124
0.148682 7.06992 7.40374	0 44.3149 3.95524
0.148926 7.10721 7.35508	0 48.9144 3.88595
0.14917 7.37448 7.31236	0 48.0016 3.78363
0.149414 6.54284 7.27607	0 52.1931 3.65031
0.149658 7.13008 7.24627	0 45.3729 3.49736
0.149902 8.12582 7.22276	0 66.141 3.34001
0.150146 7.27943 7.20513	0 73.4137 3.19281
0.150391 6.77024 7.19285	0 54.0405 3.06801
0.150635 6.73386 7.18524	0 52.2028 2.97601
0.150879 7.54137 7.18138	0 52.6225 2.9256
0.151123 6.47684 7.18005	0 29.4232 2.92248
0.151367 7.58323 7.17974	0 45.8337 2.96665
0.151611 6.66884 7.1787	0 45.9202 3.0511
0.151855 7.83815 7.17507	0 70.0403 3.16346
0.1521 7.23662 7.16716	0 43.9663 3.28989
0.152344 7.40776 7.15369	0 77.1965 3.4186
0.152588 7.10497 7.13406	0 44.314 3.54043
0.152832 7.2122 7.10848	0 51.1429 3.64623
0.153076 7.84098 7.07799	0 64.4093 3.72382
0.15332 6.63986 7.04439	0 44.8833 3.75801
0.153564 6.88578 7.00992	0 49.8011 3.73511
0.153809 7.69392 6.97701	0 65.6535 3.64994
0.154053 5.91037 6.94783	0 30.8596 3.51051
0.154297 6.33353 6.92407	0 33.945 3.33679
0.154541 6.64451 6.90667	0 50.6051 3.15345
0.154785 7.39656 6.89576	0 71.8952 2.98097
0.155029 6.5561 6.89063	0 60.9471 2.83011
0.155273 7.52741 6.88985	0 59.6262 2.70267
0.155518 6.98475 6.89144	0 63.1511 2.5968
0.155762 5.69502 6.89307	0 39.6441 2.51285
0.156006 7.68817 6.89226	0 62.073 2.45557
0.15625 6.44936 6.88661	0 51.1456 2.43178
0.156494 7.10585 6.87411	0 35.9644 2.44545
0.156738 7.66126 6.85337	0 44.3297 2.49328
0.156982 6.93444 6.82379	0 43.1965 2.56359
0.157227 6.89348 6.78579	0 48.8481 2.63906
0.157471 7.24744 6.74069	0 43.0444 2.70221
0.157715 6.94448 6.69068	0 57.6223 2.74103
0.157959 6.23495 6.63843	0 43.734 2.75249
0.158203 5.98694 6.58679	0 31.7135 2.74238
0.158447 6.07611 6.53839	0 62.1145 2.72186
0.158691 7.06903 6.49527	0 44.6745 2.70258
0.158936 6.97176 6.45871	0 39.416 2.69258
0.15918 4.82364 6.42917	0 15.0334 2.69458
0.159424 6.33033 6.40641	0 29.9309 2.7071
0.159668 6.50872 6.38964	0 40.7391 2.72723
0.159912 6.65884 6.37782	0 49.6632 2.75342
0.160156 7.33432 6.36989	0 57.8612 2.78678
0.1604 5.91962 6.36488	0 29.6992 2.8302
0.160645 6.26502 6.36198	0 33.9663 2.88587
0.160889 5.69723 6.36054	0 31.8381 2.95279
0.161133 6.22147 6.36003	0 35.7331 3.02548
0.161377 6.82466 6.35995	0 63.7422 3.09495
0.161621 6.41195 6.35989	0 38.1406 3.15096
0.161865 6.0193 6.35959	0 33.6707 3.18474
0.162109 6.18941 6.35906	0 37.9551 3.19066
0.162354 7.6184 6.35859	0 62.1402 3.16669
0.162598 6.05234 6.35878	0 32.4139 3.11381
0.162842 6.54112 6.36041	0 45.7641 3.03491
0.163086 5.96845 6.36423	0 38.7317 2.9336
0.16333 5.38104 6.37072	0 24.6292 2.81337
0.163574 6.62381 6.37982	0 36.914 2.67738
0.163818 6.01675 6.39087	0 31.4985 2.52945
0.164062 7.01246 6.40259	0 53.4778 2.37583
0.164307 6.44687 6.41324	0 54.0722 2.22687
0.164551 6.53471 6.4209	0 45.9821 2.09678
0.164795 6.57873 6.4238	0 41.3847 2.00066
0.165039 6.11592 6.42059	0 31.3467 1.9493
0.165283 6.67825 6.41059	0 35.4719 1.94422
0.165527 7.44984 6.39388	0 60.3793 1.97545
0.165771 6.18022 6.37122	0 36.234 2.0239
0.166016 6.30028 6.34394	0 42.8738 2.06735
0.16626 5.85038 6.31369	0 37.8445 2.08779
0.166504 6.33625 6.28218	0 46.5096 2.07674
0.166748 6.2053 6.25102	0 24.3784 2.03679
0.166992 5.97175 6.22154	0 28.6193 1.97902
0.167236 6.00753 6.1948	0 35.9614 1.91813
0.16748 7.45467 6.17158	0 55.9667 1.86738
0.167725 4.32421 6.15252	0 17.0326 1.83532
0.167969 6.79949 6.13812	0 49.0012 1.82473
0.168213 6.43464 6.12879	0 41.2468 1.83363
0.168457 6.69993 6.12476	0 38.8359 1.85709
0.168701 5.02501 6.126	0 25.1406 1.88909
0.168945 5.67277 6.13207	0 32.0011 1.92371
0.169189 6.25676 6.14203	0 36.4623 1.95555
0.169434 6.26437 6.15447	0 39.7081 1.97988
0.169678 5.73561 6.16765	0 30.3082 1.99289
0.169922 6.41758 6.17966	0 36.7764 1.99234
0.170166 6.73886 6.1888	0 50.6879 1.9782
0.17041 6.15356 6.19372	0 30.7106 1.95273
0.170654 7.20013 6.19364	0 41.3358 1.9198
0.170898 6.03009 6.18836	0 37.0301 1.88372
0.171143 6.01241 6.1782	0 30.2324 1.84853
0.171387 5.27308 6.16385	0 27.2346 1.81815
0.171631 6.28947 6.14619	0 35.2733 1.79732
0.171875 6.075 6.12624	0 29.1385 1.7924
0.172119 6.72554 6.10504	0 39.5032 1.81112
0.172363 6.6187 6.08369	0 30.4517 1.86098
0.172607 5.62618 6.06332	0 34.5268 1.94693
0.172852 5.78901 6.04507	0 22.4929 2.06916
0.173096 6.72135 6.02999	0 43.2593 2.22223
0.17334 4.82863 6.01894	0 18.9386 2.39586
0.173584 5.8423 6.01241	0 36.3426 2.57729
0.173828 5.9272 6.01047	0 30.9475 2.75409
0.174072 6.6132 6.0127	0 37.1029 2.91627
0.174316 5.35343 6.01825	0 50.9453 3.05674
0.174561 6.57715 6.026	0 45.7466 3.17001
0.174805 6.06368 6.03467	0 27.4885 3.25027
0.175049 5.68691 6.04308	0 30.3112 3.29043
0.175293 6.31348 6.05022	0 44.273 3.2831
0.175537 5.95757 6.05545	0 42.7136 3.22384
0.175781 6.259 6.05849	0 46.0378 3.11509
0.176025 6.13895 6.05947	0 45.3143 2.96915
0.17627 6.00334 6.05886	0 44.9733 2.80811
0.176514 6.57649 6.05743	0 38.4104 2.66005
0.176758 5.75846 6.05609	0 29.744 2.55215
0.177002 5.96502 6.05579	0 36.3951 2.50305
0.177246 5.26719 6.05744	0 23.3814 2.51733
0.17749 6.29793 6.06179	0 40.1383 2.5846
0.177734 6.22103 6.06936	0 40.8339 2.68372
0.177979 6.27356 6.08034	0 54.3159 2.79028
0.178223 6.56844 6.09455	0 29.2906 2.88426
0.178467 5.75558 6.11134	0 28.0156 2.9546
0.178711 5.35559 6.12953	0 21.5317 2.99959
0.178955 5.70265 6.14746	0 31.5658 3.02392
0.179199 6.37246 6.16304	0 54.4396 3.03448
0.179443 6.92958 6.17402	0 47.4435 3.03661
0.179688 6.65524 6.17821	0 35.9334 3.03186
0.179932 5.36429 6.17386	0 29.3609 3.01714
0.180176 6.7526 6.15992	0 39.4661 2.98546
0.18042 7.62848 6.13626	0 81.6263 2.9281
0.180664 5.6355 6.10366	0 41.1254 2.83801
0.180908 5.7167 6.06377	0 44.761 2.71341
0.181152 6.1112 6.01886	0 35.3473 2.55998
0.181396 5.89495 5.97152	0 32.1927 2.39099
0.181641 5.29199 5.92445	0 37.4023 2.22517
0.181885 6.39488 5.88019	0 43.6533 2.08319
0.182129 5.48174 5.84094	0 35.2486 1.98366
0.182373 6.30499 5.80849	0 42.3158 1.93942
0.182617 5.6824 5.78413	0 27.2314 1.95459
0.182861 5.49523 5.76861	0 25.8694 2.02345
0.183105 4.27513 5.76212	0 15.5084 2.13204
0.18335 6.05428 5.76429	0 44.6802 2.26227
0.183594 6.70856 5.77428	0 58.0793 2.39727
0.183838 5.4456 5.79084	0 32.8071 2.52543
0.184082 5.09148 5.81248	0 18.8986 2.64135
0.184326 5.91895 5.83761	0 55.7513 2.74355
0.18457 6.57966 5.86472	0 43.6867 2.83059
0.184814 5.84093 5.89244	0 34.9451 2.89804
0.185059 5.83351 5.91964	0 27.8917 2.93789
0.185303 5.91383 5.94541	0 43.1672 2.94043
0.185547 5.57651 5.96903	0 20.7226 2.89751
0.185791 6.34263 5.98996	0 66.4954 2.80573
0.186035 6.20793 6.00781	0 55.7256 2.66853
0.186279 6.08615 6.02232	0 43.0139 2.4965
0.186523 5.79308 6.03343	0 28.5273 2.30598
0.186768 6.32016 6.04126	0 38.7202 2.11623
0.187012 6.22875 6.04615	0 34.3769 1.94603
0.187256 5.79057 6.04863	0 28.886 1.81076
0.1875 6.15477 6.04928	0 27.8621 1.72075
0.187744 6.61317 6.04867	0 41.4107 1.68082
0.187988 6.02862 6.04716	0 31.7726 1.69045
0.188232 5.27084 6.04488	0 28.5789 1.74381
0.188477 5.33764 6.04169	0 21.5243 1.82992
0.188721 6.40013 6.03732	0 33.3899 1.93351
0.188965 6.62394 6.03154	0 48.3098 2.03746
0.189209 6.08742 6.02444	0 35.2261 2.12665
0.189453 6.77747 6.01658	0 58.8782 2.19175
0.189697 5.97843 6.00908	0 45.4759 2.23142
0.189941 5.50094 6.00356	0 37.4575 2.25167
0.190186 5.85175 6.0019	0 27.977 2.26282
0.19043 5.86241 6.00585	0 37.5112 2.2756
0.190674 5.69723 6.01671	0 43.0166 2.29827
0.190918 5.6292 6.03497	0 38.8366 2.33556
0.191162 5.67668 6.06019	0 28.5037 2.3889
0.191406 6.42105 6.09099	0 36.7875 2.45648
0.19165 6.21784 6.12521	0 33.1475 2.53252
0.191895 5.73128 6.16028	0 41.4626 2.60642
0.192139 6.76694 6.1935	0 42.4449 2.66314
0.192383 6.25886 6.2224	0 43.7332 2.68593
0.192627 6.79674 6.24497	0 43.0249 2.66086
0.192871 6.56721 6.25975	0 42.8859 2.58142
0.193115 5.96714 6.26586	0 34.9502 2.45105
0.193359 6.05116 6.26296	0 32.2486 2.28294
0.193604 6.36211 6.25108	0 37.0242 2.09731
0.193848 7.00143 6.23061	0 48.4624 1.9173
0.194092 5.56412 6.20223	0 29.5651 1.76462
0.194336 6.47692 6.16689	0 40.7101 1.65563
0.19458 6.62197 6.12585	0 40.6089 1.59847
0.194824 6.20619 6.08065	0 29.7062 1.59199
0.195068 5.99536 6.03306	0 29.1072 1.62661
0.195312 5.67039 5.98506	0 36.7679 1.68713
0.195557 5.92466 5.93865	0 28.9228 1.75648
0.195801 5.4625 5.8957	0 26.4247 1.81934
0.196045 6.23051 5.85786	0 32.822 1.86485
0.196289 5.30306 5.8264	0 28.4543 1.88779
0.196533 6.10926 5.80218	0 36.1014 1.8887
0.196777 5.53263 5.78559	0 33.9568 1.87284
0.197021 5.49846 5.77659	0 26.2298 1.84863
0.197266 5.6547 5.77475	0 25.3053 1.82566
0.19751 5.56805 5.77933	0 22.6842 1.81262
0.197754 5.39326 5.78937	0 26.2818 1.81535
0.197998 7.2603 5.80369	0 51.5095 1.83529
0.198242 4.98887 5.82101	0 22.0941 1.86896
0.198486 5.45684 5.83994	0 30.6984 1.90892
0.19873 5.62573 5.85901	0 29.8486 1.94622
0.198975 6.48631 5.87668	0 41.3318 1.97373
0.199219 6.18471 5.8914	0 36.9322 1.9887
0.199463 5.85681 5.90168	0 31.1272 1.99317
0.199707 5.44662 5.9062	0 26.8222 1.99185
0.199951 5.83059 5.90397	0 33.8906 1.98874
0.200195 6.68792 5.89449	0 37.6281 1.98451
0.200439 6.541 5.87792	0 45.6142 1.97629
0.200684 5.71627 5.85517	0 34.7295 1.9599
0.200928 5.20873 5.82792	0 23.9426 1.93309
0.201172 6.18311 5.79846	0 28.1571 1.89803
0.201416 6.03774 5.76944	0 31.3336 1.86195
0.20166 6.19854 5.74351	0 29.9444 1.83578
0.201904 4.93761 5.72285	0 21.2412 1.83161
0.202148 5.01162 5.70884	0 21.087 1.85956
0.202393 5.14187 5.70169	0 28.7797 1.92499
0.202637 5.85785 5.70048	0 33.9879 2.0261
0.202881 5.44714 5.7032	0 40.3267 2.15272
0.203125 5.81621 5.70722	0 35.8943 2.28668
0.203369 6.32615 5.70973	0 45.0804 2.40455
0.203613 5.58423 5.70834	0 39.2309 2.48247
0.203857 6.47153 5.70149	0 41.4264 2.50209
0.204102 6.27509 5.6887	0 45.2039 2.45567
0.204346 5.39008 5.6706	0 27.0781 2.34839
0.20459 5.68627 5.64869	0 29.9536 2.19713
0.204834 5.29457 5.62498	0 34.7924 2.02612
0.205078 5.20095 5.60157	0 22.6513 1.86125
0.205322 5.04809 5.58029	0 29.5561 1.72477
0.205566 5.98891 5.56245	0 36.8013 1.63168
0.205811 5.66447 5.54884	0 25.8905 1.58824
0.206055 5.59466 5.53972	0 31.9828 1.59245
0.206299 4.88344 5.53506	0 30.5848 1.63586
0.206543 5.96184 5.53464	0 30.239 1.70627
0.206787 5.92676 5.53819	0 27.6579 1.79037
0.207031 5.33607 5.5454	0 34.9714 1.87591
0.207275 5.12894 5.55586	0 25.0742 1.95305
0.20752 5.47937 5.56899	0 42.7988 2.01492
0.207764 5.33536 5.58391	0 33.6562 2.05759
0.208008 5.60786 5.59949	0 28.4974 2.08006
0.208252 5.99797 5.6144	0 36.4616 2.0841
0.208496 5.59844 5.6273	0 23.8247 2.07407
0.20874 5.13161 5.63705	0 22.8517 2.05636
0.208984 6.56571 5.64295	0 45.3407 2.03801
0.209229 6.08556 5.64484	0 31.8536 2.0248
0.209473 5.5133 5.64319	0 26.6708 2.01928
0.209717 5.32881 5.63889	0 21.5427 2.01986
0.209961 5.8163 5.63311	0 23.5941 2.02167
0.210205 5.81248 5.62698	0 51.819 2.01899
0.210449 4.96221 5.62135	0 16.262 2.00813
0.210693 5.2158 5.6166	0 29.6626 1.98907
0.210938 5.48121 5.61268	0 25.4229 1.96505
0.211182 6.08584 5.60919	0 36.3368 1.94047
0.211426 5.56134 5.60561	0 27.3113 1.91845
0.21167 6.28097 5.60147	0 31.6435 1.89941
0.211914 5.85747 5.59657	0 34.3121 1.8811
0.212158 5.32188 5.59101	0 26.645 1.86003
0.212402 5.27852 5.58513	0 30.1516 1.83305
0.212646 5.37295 5.57941	0 24.2954 1.79858
0.212891 5.3413 5.57429	0 28.2184 1.75686
0.213135 5.67657 5.57013	0 19.5847 1.70925
0.213379 5.67404 5.56714	0 30.3802 1.65724
0.213623 5.41182 5.56551	0 24.2721 1.6019
0.213867 5.8521 5.56546	0 41.1628 1.54421
0.214111 5.66455 5.56732	0 32.2627 1.48638
0.214355 5.92427 5.57156	0 27.6273 1.43318
0.2146 5.39038 5.57862	0 22.145 1.39226
0.214844 5.10776 5.58876	0 24.0029 1.37271
0.215088 5.1355 5.60182	0 22.194 1.38206
0.215332 5.70257 5.61701	0 29.3494 1.42265
0.215576 5.45679 5.63281	0 34.2809 1.48922
0.21582 5.68389 5.64712	0 37.5703 1.5691
0.216064 6.14116 5.65743	0 36.7824 1.64543
0.216309 5.67865 5.66129	0 30.0714 1.70234
0.216553 5.65114 5.6567	0 34.4117 1.73013
0.216797 5.93715 5.64255	0 22.8923 1.7283
0.217041 6.18569 5.61895	0 29.8569 1.7053
0.217285 6.17397 5.58729	0 48.4124 1.6752
0.217529 6.13964 5.55016	0 32.0665 1.6527
0.217773 4.86223 5.51096	0 30.1976 1.64846
0.218018 5.01535 5.47344	0 34.2477 1.66612
0.218262 4.43121 5.4411	0 23.4471 1.70191
0.218506 5.78714 5.41671	0 38.0471 1.74651
0.21875 5.45324 5.40188	0 40.7741 1.78843
0.218994 5.17097 5.39694	0 20.448 1.81755
0.219238 4.69625 5.40092	0 18.4464 1.828
0.219482 5.29727 5.41187	0 30.7052 1.81964
0.219727 4.9983 5.42716	0 18.8241 1.79812
0.219971 6.68069 5.44398	0 44.5019 1.77366
0.220215 5.82915 5.45974	0 34.3483 1.75885
0.220459 5.58795 5.47239	0 24.1874 1.76576
0.220703 4.56375 5.48061	0 19.0397 1.8029
0.220947 5.67345 5.48388	0 33.5297 1.87284
0.221191 6.52803 5.48233	0 41.2509 1.97125
0.221436 5.11709 5.47661	0 19.1336 2.08752
0.22168 5.59057 5.46763	0 29.9909 2.20675
0.221924 5.42396 5.45633	0 26.0772 2.31238
0.222168 4.528 5.44355	0 15.494 2.38912
0.222412 5.75344 5.42992	0 47.4238 2.42556
0.222656 5.57232 5.41587	0 25.6512 2.41634
0.2229 5.45078 5.40172	0 29.7496 2.36291
0.223145 6.21275 5.38773	0 41.5119 2.27271
0.223389 5.00725 5.37419	0 17.4912 2.15663
0.223633 4.68242 5.3615	0 21.1446 2.02615
0.223877 5.55839 5.35017	0 39.8726 1.8914
0.224121 5.05267 5.34073	0 25.2241 1.76095
0.224365 5.82465 5.33369	0 27.874 1.64318
0.224609 5.5423 5.32938	0 30.476 1.54767
0.224854 4.95316 5.32786	0 15.3476 1.48525
0.225098 4.78398 5.32885	0 24.0887 1.46626
0.225342 5.664 5.33162	0 25.1435 1.49721
0.225586 5.21599 5.33508	0 30.2565 1.57738
0.22583 4.99983 5.33783	0 20.4245 1.69674
0.226074 5.6239 5.33836	0 27.8068 1.83659
0.226318 5.67431 5.33522	0 26.9862 1.97301
0.226562 5.56042 5.32726	0 29.3399 2.08258
0.226807 5.1027 5.3138	0 24.8983 2.1484
0.227051 6.0569 5.29474	0 50.5104 2.16414
0.227295 5.1938 5.2706	0 32.9124 2.13461
0.227539 5.26348 5.24244	0 22.9596 2.07282
0.227783 4.69177 5.21182	0 27.8057 1.99488
0.228027 4.94776 5.18065	0 45.8521 1.91531
0.228271 5.5943 5.1511	0 29.148 1.84433
0.228516 5.20337 5.12541	0 27.7961 1.7878
0.22876 5.10187 5.10577	0 30.9311 1.74881
0.229004 5.31398 5.09411	0 29.408 1.72927
0.229248 4.42573 5.09185	0 21.2554 1.73037
0.229492 4.27038 5.09961	0 18.8104 1.75142
0.229736 5.40489 5.11704	0 27.1613 1.78831
0.22998 4.82559 5.14263	0 18.1988 1.83278
0.230225 5.04036 5.17382	0 31.8872 1.87367
0.230469 4.59141 5.20716	0 21.8263 1.89994
0.230713 5.48553 5.23877	0 38.8793 1.90417
0.230957 5.90391 5.26475	0 30.5645 1.88478
0.231201 6.04308 5.28177	0 32.2718 1.84607
0.231445 5.80153 5.2874	0 34.5267 1.79602
0.231689 5.29609 5.28042	0 22.612 1.74318
0.231934 5.16778 5.26086	0 26.4871 1.69382
0.232178 5.68584 5.22985	0 27.4667 1.65046
0.232422 5.1761 5.18946	0 30.5383 1.61187
0.232666 4.49494 5.14234	0 18.5 1.57434
0.23291 5.17469 5.09152	0 36.7313 1.53357
0.233154 5.61289 5.04012	0 27.3737 1.48663
0.233398 5.01936 4.99122	0 32.0113 1.43333
0.233643 4.55178 4.94759	0 18.5096 1.37667
0.233887 5.04008 4.91154	0 25.8023 1.32215
0.234131 4.67637 4.88473	0 24.9774 1.27613
0.234375 4.418 4.86796	0 21.3573 1.24385
0.234619 4.37926 4.86112	0 17.7734 1.22769
0.234863 3.86191 4.86322	0 12.8797 1.22654
0.235107 4.87179 4.87263	0 20.3096 1.23645
0.235352 5.97686 4.88734	0 50.8627 1.25248
0.235596 5.63516 4.90539	0 26.996 1.27094
0.23584 4.39939 4.92525	0 24.6016 1.2911
0.236084 4.47932 4.946	0 17.0521 1.31544
0.236328 5.78436 4.96746	0 28.7365 1.34856
0.236572 4.81141 4.99001	0 22.7604 1.3951
0.236816 4.543 5.01436	0 17.5359 1.45758
0.237061 4.99377 5.04118	0 28.7472 1.53476
0.237305 5.34805 5.07084	0 24.8872 1.62102
0.237549 4.62429 5.1032	0 25.0137 1.70688
0.237793 4.55326 5.13754	0 37.4756 1.78084
0.238037 4.62755 5.17267	0 17.211 1.83232
0.238281 6.53384 5.20708	0 52.8813 1.85478
0.238525 5.9026 5.2392	0 33.0429 1.84811
0.23877 5.57087 5.26755	0 37.2035 1.81899
0.239014 4.7683 5.29086	0 22.5313 1.77915
0.239258 4.7743 5.30819	0 26.8836 1.74185
0.239502 4.99809 5.319	0 18.8256 1.71806
0.239746 5.24178 5.32316	0 37.6016 1.71333
0.23999 6.80869 5.32109	0 60.6648 1.72656
0.240234 5.478 5.31375	0 43.0155 1.75061
0.240479 5.03145 5.30267	0 21.7158 1.77479
0.240723 5.9344 5.28979	0 27.8423 1.78805
0.240967 4.96635 5.27718	0 25.0657 1.78229
0.241211 4.59235 5.26668	0 17.8114 1.75448
0.241455 4.87623 5.25952	0 23.6585 1.70749
0.241699 4.87213 5.25604	0 28.9072 1.64908
0.241943 5.52338 5.25553	0 28.0667 1.58994
0.242188 4.73107 5.2564	0 25.4719 1.54127
0.242432 5.50002 5.25648	0 25.6994 1.51269
0.242676 6.08243 5.25355	0 35.8519 1.51065
0.24292 5.43826 5.24583	0 27.5937 1.53737
0.243164 5.06998 5.23245	0 27.1141 1.59004
0.243408 5.92761 5.21369	0 37.6667 1.6606
0.243652 5.20161 5.19098	0 22.9536 1.73667
0.243896 5.25039 5.16672	0 33.481 1.80377
0.244141 4.72727 5.14379	0 26.2136 1.84867
0.244385 4.90572 5.12507	0 22.5892 1.86262
0.244629 4.48069 5.1129	0 17.0219 1.84357
0.244873 5.12436 5.10862	0 37.2575 1.79635
0.245117 5.09195 5.11234	0 27.7253 1.73101
0.245361 4.78645 5.12288	0 33.7192 1.65969
0.245605 4.84168 5.13795	0 19.4808 1.59315
0.24585 5.20773 5.15448	0 21.4302 1.53796
0.246094 5.16733 5.16912	0 23.6873 1.49539
0.246338 5.75806 5.1788	0 30.3184 1.46226
0.246582 5.65492 5.18112	0 31.2262 1.43333
0.246826 5.85498 5.17478	0 28.1556 1.40429
0.24707 4.61049 5.15962	0 28.5441 1.37397
0.247314 5.62559 5.13663	0 31.7181 1.34482
0.247559 5.30647 5.10759	0 31.9544 1.32156
0.247803 5.11713 5.07475	0 13.6412 1.30859
0.248047 4.4005 5.04035	0 16.615 1.30777
0.248291 4.55895 5.00629	0 22.1726 1.31757
0.248535 4.94614 4.97391	0 26.5191 1.33411
0.248779 4.86261 4.94391	0 22.3954 1.35325
0.249023 5.43395 4.91648	0 40.9988 1.37247
0.249268 4.95507 4.89152	0 21.5889 1.39144
0.249512 4.47885 4.86886	0 15.5195 1.41105
0.249756 5.09736 4.84848	0 32.6983 1.4316
0.25 5.18992 4.83059	0 49.3142 1.45132
0.250244 4.83182 4.81561	0 19.2162 1.46598
0.250488 3.46856 4.8041	0 12.6224 1.46993
0.250732 5.75217 4.79655	0 43.8986 1.45802
0.250977 4.68548 4.79324	0 23.7948 1.42756
0.251221 4.20765 4.79413	0 14.9506 1.37952
0.251465 4.60927 4.79875	0 20.4412 1.31856
0.251709 5.1717 4.80632	0 23.8485 1.25205
0.251953 4.71882 4.81572	0 20.3351 1.18855
0.252197 4.83427 4.82569	0 21.9748 1.13629
0.252441 5.01743 4.83487	0 19.247 1.10197
0.252686 4.96229 4.84187	0 16.2355 1.08971
0.25293 5.27867 4.8454	0 22.1411 1.10018
0.253174 4.2896 4.84427	0 24.664 1.12987
0.253418 4.48929 4.83751	0 20.8849 1.17096
0.253662 5.11132 4.82449	0 23.4253 1.21247
0.253906 4.58561 4.80508	0 16.4748 1.24273
0.25415 6.29144 4.77974	0 39.6179 1.25273
0.254395 5.25701 4.74958	0 45.6042 1.23913
0.254639 4.17194 4.71636	0 15.0705 1.20536
0.254883 4.11532 4.68229	0 20.8403 1.1603
0.255127 4.20458 4.6498	0 14.5788 1.11503
0.255371 4.99039 4.62128	0 23.1452 1.07926
0.255615 4.20136 4.59875	0 17.1734 1.05895
0.255859 4.8266 4.5837	0 26.7604 1.05608
0.256104 4.35846 4.57696	0 17.736 1.06978
0.256348 4.18449 4.57864	0 14.393 1.09801
0.256592 4.03132 4.58825	0 14.4238 1.13866
0.256836 5.29373 4.60472	0 26.3698 1.18983
0.25708 4.66121 4.62658	0 23.5287 1.2495
0.257324 3.94415 4.65208	0 14.0232 1.315
0.257568 4.97983 4.67925	0 28.4533 1.38248
0.257812 5.01981 4.70606	0 18.8602 1.44665
0.258057 4.51253 4.7305	0 24.1416 1.50098
0.258301 4.95341 4.75073	0 19.1376 1.53861
0.258545 4.63054 4.76523	0 23.2624 1.55403
0.258789 4.95761 4.77291	0 26.8838 1.54503
0.259033 4.66397 4.77329	0 22.5077 1.51397
0.259277 5.74184 4.7665	0 30.7051 1.46768
0.259521 5.13724 4.75332	0 26.4697 1.41575
0.259766 4.75673 4.73503	0 19.8893 1.36785
0.26001 3.86777 4.71322	0 13.6301 1.3312
0.260254 4.71202 4.68962	0 20.0738 1.30924
0.260498 4.39541 4.66583	0 17.5221 1.30171
0.260742 4.77418 4.64319	0 23.9799 1.30585
0.260986 4.56656 4.62274	0 15.7999 1.31781
0.26123 5.23577 4.60516	0 33.2478 1.33358
0.261475 4.18384 4.59084	0 26.065 1.34941
0.261719 4.45563 4.57994	0 18.1115 1.36177
0.261963 4.24427 4.5725	0 17.6525 1.3674
0.262207 4.65869 4.56839	0 20.0852 1.36373
0.262451 4.43003 4.56739	0 17.9364 1.34963
0.262695 5.21716 4.56918	0 22.0991 1.32596
0.262939 3.85081 4.57328	0 11.9776 1.29566
0.263184 4.46264 4.57909	0 23.3852 1.26306
0.263428 4.61506 4.58585	0 16.1958 1.23264
0.263672 5.67398 4.59268	0 26.0646 1.20775
0.263916 3.65121 4.59865	0 12.5853 1.18976
0.26416 4.54493 4.60287	0 21.0863 1.1779
0.264404 4.46067 4.60463	0 17.5722 1.16978
0.264648 4.70541 4.60359	0 17.3205 1.16241
0.264893 5.26497 4.59988	0 20.9907 1.15334
0.265137 4.73843 4.59419	0 16.2424 1.14162
0.265381 5.14907 4.58768	0 26.4013 1.12819
0.265625 4.10907 4.58186	0 14.1707 1.11565
0.265869 4.38045 4.57823	0 20.6313 1.1073
0.266113 4.24723 4.57805	0 18.2688 1.10598
0.266357 3.74585 4.58199	0 14.4865 1.11302
0.266602 4.70064 4.59006	0 18.3575 1.12795
0.266846 4.72874 4.60159	0 19.8054 1.1488
0.26709 4.51208 4.6154	0 21.143 1.17293
0.267334 5.31612 4.63007	0 25.1048 1.1978
0.267578 4.64164 4.64426	0 16.5707 1.22153
0.267822 5.02795 4.65684	0 17.174 1.24298
0.268066 4.49562 4.66713	0 25.2301 1.26168
0.268311 4.36592 4.6748	0 23.3454 1.27787
0.268555 4.35671 4.67987	0 17.8286 1.29272
0.268799 4.91587 4.68256	0 20.9174 1.30863
0.269043 4.96885 4.68314	0 22.6746 1.32914
0.269287 4.78673 4.68192	0 25.725 1.35815
0.269531 4.96927 4.67914	0 32.8778 1.39853
0.269775 4.02989 4.67496	0 13.4655 1.4506
0.27002 5.11455 4.66944	0 23.1997 1.51114
0.270264 4.24171 4.66259	0 32.6616 1.57343
0.270508 4.54547 4.65431	0 17.8298 1.6283
0.270752 5.32082 4.64444	0 35.3267 1.66597
0.270996 4.61985 4.63278	0 22.2463 1.67834
0.27124 4.19895 4.61911	0 17.0732 1.66115
0.271484 4.90114 4.60326	0 36.3088 1.6157
0.271729 4.05073 4.58513	0 18.3181 1.54933
0.271973 5.43053 4.56472	0 30.6842 1.47421
0.272217 4.49025 4.54213	0 29.8323 1.40435
0.272461 4.01657 4.51758	0 16.07 1.35144
0.272705 5.52574 4.49135	0 30.8876 1.32098
0.272949 3.7309 4.46381	0 12.6986 1.31055
0.273193 3.81498 4.43541	0 18.8314 1.31112
0.273438 4.4796 4.40675	0 26.9794 1.31131
0.273682 5.41166 4.37859	0 46.6017 1.30256
0.273926 3.88965 4.35189	0 16.9983 1.28292
0.27417 4.8808 4.32778	0 30.1181 1.25764
0.274414 4.00218 4.30748	0 11.4589 1.23639
0.274658 3.82054 4.29212	0 13.1192 1.22884
0.274902 4.30284 4.28254	0 20.0365 1.24072
0.275146 3.47121 4.27919	0 13.2155 1.27205
0.275391 4.4232 4.28194	0 26.6067 1.31791
0.275635 4.35466 4.29015	0 20.8236 1.37064
0.275879 4.52777 4.30268	0 14.2402 1.42218
0.276123 4.16994 4.31813	0 18.9586 1.46547
0.276367 4.18449 4.33501	0 14.1914 1.49478
0.276611 4.76938 4.35191	0 18.1156 1.50548
0.276855 4.14135 4.36764	0 29.7362 1.49403
0.2771 4.81501 4.38128	0 22.6972 1.4585
0.277344 4.31692 4.39221	0 38.6382 1.39942
0.277588 4.17762 4.40003	0 18.724 1.32047
0.277832 4.37896 4.40452	0 24.3102 1.22842
0.278076 4.43476 4.4056	0 17.8706 1.13217
0.27832 4.431 4.40331	0 19.2474 1.04117
0.278564 4.94478 4.39782	0 20.258 0.963526
0.278809 4.54234 4.38939	0 16.1775 0.904704
0.279053 4.15837 4.37841	0 11.2366 0.867055
0.279297 3.71681 4.36538	0 15.6736 0.850441
0.279541 4.96239 4.35088	0 29.6825 0.853403
0.279785 4.57405 4.33553	0 17.5125 0.87417
0.280029 3.98131 4.32	0 14.0777 0.910885
0.280273 3.81277 4.30495	0 11.9633 0.961045
0.280518 4.83943 4.29102	0 20.1683 1.02067
0.280762 4.50164 4.27876	0 23.1995 1.08399
0.281006 4.35825 4.26863	0 20.9149 1.14404
0.28125 3.60249 4.26085	0 15.1543 1.19404
0.281494 3.90169 4.2554	0 16.736 1.22896
0.281738 4.58232 4.25192	0 21.5796 1.24657
0.281982 4.53243 4.2497	0 23.7015 1.2477
0.282227 4.00383 4.24775	0 15.9975 1.23555
0.282471 3.7097 4.24493	0 12.7082 1.2145
0.282715 4.85675 4.24011	0 35.8339 1.18861
0.282959 4.32476 4.23239	0 14.9661 1.16053
0.283203 4.65414 4.22131	0 20.8388 1.13102
0.283447 3.77764 4.20697	0 11.3478 1.09928
0.283691 4.40573 4.19008	0 22.0379 1.06408
0.283936 4.50012 4.17189	0 35.1659 1.02502
0.28418 4.31801 4.15395	0 15.878 0.983357
0.284424 3.89083 4.13786	0 11.1671 0.94196
0.284668 3.52717 4.12488	0 11.2544 0.904347
0.284912 4.21323 4.11568	0 16.9971 0.873431
0.285156 3.73105 4.1102	0 13.0579 0.850635
0.2854 3.93309 4.1076	0 16.1244 0.835751
0.285645 3.65018 4.10657	0 15.8526 0.827527
0.285889 4.60129 4.1056	0 15.4704 0.824533
0.286133 4.54099 4.10342	0 18.514 0.825879
0.286377 4.63916 4.09933	0 18.3672 0.831481
0.286621 4.47036 4.09338	0 19.2297 0.841769
0.286865 4.25164 4.08636	0 17.3584 0.856963
0.287109 3.34042 4.07954	0 9.78081 0.876213
0.287354 3.94933 4.07435	0 18.5452 0.897023
0.287598 3.33801 4.07193	0 11.4778 0.915333
0.287842 3.72943 4.07288	0 11.1398 0.92638
0.288086 4.32043 4.07713	0 20.7909 0.926091
0.28833 4.56164 4.08396	0 15.3069 0.912464
0.288574 4.3514 4.09224	0 20.71 0.886422
0.288818 3.92004 4.10067	0 12.5458 0.851772
0.289062 4.09905 4.10808	0 17.5054 0.814242
0.289307 4.06245 4.11364	0 13.9291 0.779873
0.289551 4.3028 4.11697	0 13.7574 0.753278
0.289795 4.1584 4.11816	0 13.7194 0.736433
0.290039 4.21511 4.11769	0 13.691 0.728526
0.290283 3.89185 4.11627	0 13.128 0.726965
0.290527 4.40267 4.11475	0 13.9333 0.729107
0.290771 4.18732 4.11391	0 17.0445 0.733815
0.291016 3.74393 4.11435	0 11.8847 0.742045
0.29126 3.72201 4.11643	0 11.2246 0.756226
0.291504 4.23585 4.12018	0 19.6735 0.778864
0.291748 4.08538 4.12535	0 14.1012 0.811195
0.291992 4.89958 4.13144	0 19.6578 0.852479
0.292236 3.43392 4.13777	0 11.0719 0.900057
0.29248 4.28466 4.14358	0 17.0438 0.949843
0.292725 4.33094 4.14812	0 19.5402 0.996901
0.292969 3.76691 4.15071	0 11.8554 1.03602
0.293213 4.35362 4.15086	0 24.4893 1.06241
0.293457 4.57503 4.1483	0 17.5669 1.0726
0.293701 4.26147 4.14301	0 16.899 1.06536
0.293945 3.78458 4.13519	0 14.532 1.04216
0.294189 4.3679 4.12529	0 18.9616 1.00693
0.294434 4.06534 4.11391	0 13.1067 0.965077
0.294678 4.117 4.10174	0 14.8833 0.922072
0.294922 4.02891 4.08952	0 15.8334 0.882294
0.295166 3.93571 4.07792	0 17.8903 0.848551
0.29541 3.99664 4.0675	0 16.1256 0.822428
0.295654 3.96435 4.05861	0 16.2029 0.805127
0.295898 4.76397 4.05136	0 19.3069 0.798232
0.296143 3.87156 4.04558	0 13.7614 0.803835
0.296387 3.5003 4.04076	0 11.2905 0.823873
0.296631 3.26767 4.03616	0 10.5171 0.858956
0.296875 4.64398 4.03086	0 20.6487 0.907248
0.297119 4.42826 4.02389	0 20.9378 0.96396
0.297363 4.09023 4.01445	0 18.0625 1.0217
0.297607 4.15532 4.00203	0 17.5779 1.07162
0.297852 4.2016 3.9865	0 22.8288 1.10502
0.298096 3.73462 3.96817	0 17.1024 1.115
0.29834 3.9764 3.9477	0 18.0338 1.09792
0.298584 4.04937 3.92598	0 13.2826 1.05434
0.298828 3.97504 3.90398	0 20.7253 0.98924
0.299072 3.27963 3.88257	0 6.80944 0.911301
0.299316 3.89445 3.86249	0 14.1464 0.831275
0.299561 3.99423 3.84423	0 14.3859 0.759662
0.299805 3.85379 3.82812	0 12.7679 0.704347
0.300049 3.53409 3.81436	0 16.9516 0.668962
0.300293 4.45708 3.80302	0 13.2063 0.652523
0.300537 3.81235 3.79415	0 16.0453 0.650448
0.300781 3.08633 3.78772	0 8.27065 0.65651
0.301025 3.78086 3.78363	0 14.8327 0.664985
0.30127 3.39089 3.78169	0 9.33647 0.672231
0.301514 4.36498 3.78162	0 24.0164 0.677272
0.301758 3.3843 3.78308	0 9.92601 0.681357
0.302002 4.65904 3.78569	0 19.0618 0.686836
0.302246 3.33279 3.78916	0 12.9076 0.695866
0.30249 3.44407 3.79326	0 8.42931 0.70951
0.302734 3.8254 3.79791	0 11.5201 0.727581
0.302979 3.83692 3.80321	0 13.1285 0.749294
0.303223 4.23539 3.80934	0 16.1755 0.774375
0.303467 3.7061 3.8166	0 11.7326 0.803958
0.303711 3.54672 3.82528	0 11.1612 0.840566
0.303955 3.9933 3.83559	0 11.4803 0.886845
0.304199 3.78401 3.84761	0 11.1799 0.943474
0.304443 3.59859 3.86115	0 15.3686 1.00732
0.304688 3.48932 3.87581	0 12.8545 1.07108
0.304932 4.28523 3.89095	0 24.5426 1.12491
0.305176 4.41449 3.90571	0 20.8779 1.15969
0.30542 3.49109 3.91918	0 11.4 1.17023
0.305664 3.82936 3.93044	0 19.2635 1.15696
0.305908 4.17338 3.93871	0 17.4872 1.12542
0.306152 4.0354 3.94342	0 15.2214 1.08377
0.306396 3.9914 3.94429	0 12.9711 1.04002
0.306641 4.14696 3.94137	0 15.5887 1.00002
0.306885 4.12268 3.93499	0 17.3651 0.967016
0.307129 4.12623 3.92574	0 20.211 0.942329
0.307373 2.98941 3.91439	0 7.67154 0.926492
0.307617 4.30258 3.9018	0 20.1254 0.919925
0.307861 4.11902 3.88883	0 15.3671 0.922823
0.308105 4.1559 3.87626	0 13.5144 0.934355
0.30835 3.56188 3.86472	0 12.3722 0.951701
0.308594 3.17364 3.85468	0 9.83894 0.96959
0.308838 4.12299 3.84637	0 15.1708 0.980883
0.309082 4.30977 3.83985	0 14.0926 0.978276
0.309326 3.39274 3.83494	0 11.3463 0.956585
0.30957 3.92945 3.83129	0 12.1793 0.914708
0.309814 3.66384 3.82836	0 11.2544 0.85637
0.310059 4.34044 3.82544	0 13.9594 0.789266
0.310303 3.20711 3.82169	0 12.7616 0.722892
0.310547 4.05844 3.81621	0 18.4005 0.665866
0.310791 3.71082 3.80812	0 13.7728 0.623681
0.311035 4.04788 3.79673	0 13.982 0.597637
0.311279 3.4797 3.78165	0 8.32507 0.58521
0.311523 4.35994 3.76293	0 16.6688 0.581594
0.311768 4.02435 3.74112	0 15.9254 0.581722
0.312012 3.89441 3.71725	0 17.8876 0.581973
0.312256 3.48761 3.69271	0 10.0141 0.580966
0.3125 3.38604 3.66904	0 9.79103 0.579394
0.312744 3.44523 3.64771	0 14.6739 0.579214
0.312988 3.54142 3.62988	0 14.6721 0.582724
0.313232 2.81924 3.61623	0 8.27813 0.591855
0.313477 4.54164 3.60688	0 13.1929 0.607736
0.313721 3.67016 3.60142	0 14.1625 0.630435
0.313965 3.08074 3.59906	0 8.43245 0.658805
0.314209 3.32599 3.59873	0 8.86422 0.690556
0.314453 3.7484 3.59938	0 12.3392 0.722697
0.314697 3.85195 3.60006	0 17.6207 0.752341
0.314941 3.7997 3.60012	0 10.3224 0.777628
0.315186 3.76714 3.5992	0 20.3365 0.798307
0.31543 3.80928 3.59723	0 13.7785 0.81567
0.315674 3.38685 3.59436	0 12.481 0.831847
0.315918 2.91471 3.59085	0 7.99249 0.848832
0.316162 3.74843 3.587	0 15.2472 0.867742
0.316406 3.52986 3.58313	0 12.4492 0.888574
0.31665 4.0055 3.57955	0 14.4932 0.910426
0.316895 3.4435 3.5766	0 12.9528 0.931943
0.317139 3.82655 3.57466	0 13.0517 0.95178
0.317383 3.51266 3.57413	0 14.3007 0.968973
0.317627 3.73395 3.57535	0 12.26 0.983231
0.317871 3.20671 3.57849	0 12.4136 0.995021
0.318115 3.16527 3.58347	0 9.97932 1.00538
0.318359 3.57334 3.58989	0 14.2379 1.01537
0.318604 3.12511 3.59709	0 8.47382 1.02547
0.318848 4.19986 3.60426	0 16.8289 1.03507
0.319092 4.02073 3.61063	0 21.2162 1.04246
0.319336 3.8222 3.61563	0 13.6229 1.04518
0.31958 3.7017 3.61902	0 13.5985 1.04066
0.319824 3.46805 3.62094	0 12.3407 1.02681
0.320068 3.41491 3.62186	0 12.4498 1.00245
0.320312 3.26613 3.62245	0 12.4483 0.967438
0.320557 4.0366 3.62345	0 18.2615 0.922882
0.320801 3.31294 3.62551	0 12.6259 0.871305
0.321045 3.60415 3.62903	0 15.1937 0.816757
0.321289 4.09835 3.63416	0 12.6931 0.764569
0.321533 3.59056 3.6407	0 9.47696 0.720467
0.321777 3.49326 3.6481	0 13.458 0.689091
0.322021 2.95994 3.65556	0 6.97769 0.672378
0.322266 3.71978 3.66212	0 13.0849 0.668565
0.32251 3.85089 3.66676	0 14.7727 0.6724
0.322754 4.47605 3.66861	0 20.0928 0.676672
0.322998 3.50164 3.66711	0 16.8749 0.674544
0.323242 3.70683 3.6621	0 14.2292 0.66181
0.323486 3.71757 3.65384	0 13.2828 0.638206
0.32373 3.82772 3.643	0 17.8089 0.607355
0.323975 3.36385 3.63046	0 12.8416 0.575421
0.324219 3.55861 3.61709	0 9.02502 0.549019
0.324463 3.89748 3.60362	0 11.0694 0.533116
0.324707 3.14799 3.59042	0 7.83739 0.529573
0.324951 3.34018 3.57751	0 10.7923 0.536789
0.325195 3.69084 3.56457	0 16.4632 0.550505
0.325439 3.20508 3.55116	0 11.7486 0.565507
0.325684 3.85862 3.53688	0 13.2336 0.577612
0.325928 4.58389 3.5216	0 18.5844 0.585192
0.326172 3.45003 3.50555	0 9.68656 0.589632
0.326416 3.12581 3.48935	0 9.23723 0.594557
0.32666 3.08903 3.47389	0 10.6119 0.604177
0.326904 3.21138 3.46015	0 7.79216 0.62149
0.327148 3.44856 3.44899	0 8.7339 0.647072
0.327393 3.98562 3.44095	0 12.139 0.678859
0.327637 2.84315 3.43614	0 8.68472 0.71289
0.327881 3.11189 3.4342	0 10.3808 0.744572
0.328125 3.71951 3.43438	0 16.2191 0.769918
0.328369 3.59452 3.43567	0 18.0004 0.786304
0.328613 3.49695 3.43695	0 11.5132 0.79264
0.328857 3.04589 3.4372	0 9.09521 0.789106
0.329102 4.00681 3.43564	0 21.2052 0.77682
0.329346 3.36934 3.43178	0 11.8629 0.757643
0.32959 3.32561 3.42554	0 8.73191 0.734117
0.329834 3.84858 3.41716	0 12.1814 0.709352
0.330078 3.11782 3.40718	0 11.2939 0.686691
0.330322 3.49152 3.39632	0 14.0843 0.669153
0.330566 3.2736 3.38538	0 8.26976 0.658769
0.330811 3.34227 3.37514	0 10.6843 0.656001
0.331055 3.21942 3.36633	0 11.2102 0.659439
0.331299 3.35667 3.35956	0 9.58326 0.665983
0.331543 3.39632 3.35531	0 10.276 0.671667
0.331787 3.22974 3.35397	0 8.17172 0.673029
0.332031 3.3685 3.35574	0 16.0758 0.668591
0.332275 3.6215 3.36059	0 10.8492 0.659772
0.33252 3.3555 3.36811	0 10.0916 0.6507
0.332764 2.97521 3.37747	0 8.9352 0.646788
0.333008 3.19947 3.3873	0 9.98866 0.652557
0.333252 3.27471 3.39579	0 12.2012 0.669527
0.333496 3.02881 3.40081	0 8.06446 0.695069
0.33374 4.02659 3.40029	0 16.4632 0.722744
0.333984 3.38865 3.39257	0 16.8569 0.744108
0.334229 4.55833 3.37676	0 27.8396 0.751357
0.334473 3.18816 3.35305	0 11.717 0.73985
0.334717 3.89943 3.32271	0 15.8109 0.709585
0.334961 3.5526 3.28795	0 12.8079 0.665162
0.335205 2.48714 3.25154	0 5.43073 0.614338
0.335449 3.02827 3.21631	0 8.2346 0.565783
0.335693 2.67744 3.18465	0 6.59268 0.526799
0.335938 2.66532 3.1582	0 6.1012 0.501659
0.336182 3.12177 3.13767	0 10.1559 0.490934
0.336426 3.29081 3.12292	0 11.3329 0.491848
0.33667 3.58878 3.11323	0 14.6247 0.49944
0.336914 2.7821 3.10765	0 7.45472 0.508156
0.337158 3.25885 3.10529	0 13.0769 0.513445
0.337402 3.0713 3.10558	0 8.90273 0.512984
0.337646 3.56021 3.10834	0 14.1477 0.507238
0.337891 2.77369 3.11367	0 8.2825 0.499191
0.338135 2.7912 3.12179	0 7.20785 0.493291
0.338379 3.05981 3.13285	0 8.72381 0.493915
0.338623 2.99866 3.14671	0 8.12986 0.503853
0.338867 2.73162 3.16292	0 9.15104 0.523378
0.339111 3.3351 3.18072	0 10.1221 0.550202
0.339355 3.73414 3.1992	0 19.3411 0.58026
0.3396 3.48423 3.21744	0 10.3709 0.608931
0.339844 3.04426 3.23467	0 9.79065 0.632196
0.340088 3.07732 3.25037	0 8.41855 0.647432
0.340332 3.21062 3.26432	0 7.74988 0.653739
0.340576 3.73285 3.2765	0 15.8283 0.65188
0.34082 3.2394 3.28701	0 12.4097 0.643933
0.341064 2.90855 3.29595	0 4.47559 0.632668
0.341309 3.3573 3.30335	0 17.0913 0.620777
0.341553 3.35472 3.30915	0 9.30282 0.610147
0.341797 3.25499 3.31321	0 8.96307 0.601468
0.342041 3.56447 3.31545	0 15.0631 0.594351
0.342285 3.2331 3.31592	0 10.5522 0.587841
0.342529 3.68566 3.31492	0 14.3066 0.581035
0.342773 3.26799 3.31301	0 14.8733 0.57348
0.343018 3.241 3.31099	0 7.74822 0.565286
0.343262 3.22474 3.30974	0 9.12396 0.557016
0.343506 3.46215 3.31008	0 18.9126 0.549529
0.34375 3.15234 3.31249	0 11.2929 0.5438
0.343994 2.95158 3.31703	0 11.3462 0.540681
0.344238 2.86706 3.32319	0 8.21355 0.540579
0.344482 3.53935 3.32995	0 12.2166 0.54318
0.344727 3.53459 3.33593	0 12.5247 0.547386
0.344971 3.83558 3.33961	0 13.6798 0.551563
0.345215 2.89221 3.33961	0 7.81299 0.554005
0.345459 3.71312 3.33496	0 13.3858 0.553436
0.345703 3.67137 3.32525	0 11.9368 0.549327
0.345947 3.42202 3.31077	0 12.071 0.54194
0.346191 3.37721 3.29237	0 11.2237 0.532114
0.346436 2.94144 3.2714	0 9.41345 0.520902
0.34668 3.57733 3.24943	0 12.4267 0.5092
0.346924 3.05298 3.22803	0 9.94755 0.497548
0.347168 2.74831 3.20858	0 9.68266 0.486176
0.347412 2.83423 3.19211	0 5.50081 0.475281
0.347656 3.80328 3.17924	0 13.4274 0.465358
0.3479 2.75429 3.17018	0 7.51926 0.457308
0.348145 3.60776 3.16479	0 12.8565 0.452179
0.348389 3.08406 3.16265	0 8.67181 0.450603
0.348633 2.44721 3.16314	0 5.83954 0.452266
0.348877 3.18481 3.16555	0 8.06258 0.455793
0.349121 3.82776 3.16911	0 12.8543 0.459254
0.349365 2.92068 3.17303	0 7.62737 0.461132
0.349609 3.12997 3.17656	0 8.17739 0.461342
0.349854 3.33697 3.17905	0 8.31602 0.461785
0.350098 2.91273 3.17997	0 8.34565 0.466114
0.350342 3.4613 3.17898	0 10.0397 0.478704
0.350586 3.21956 3.17595	0 9.03479 0.503126
0.35083 3.10961 3.171	0 6.96519 0.540679
0.351074 3.14268 3.16448	0 8.82213 0.589507
0.351318 3.60921 3.15693	0 12.6652 0.644639
0.351562 3.16545 3.14898	0 12.0416 0.698972
0.351807 2.81701 3.14126	0 11.0902 0.744852
0.352051 2.8895 3.13426	0 12.7477 0.775781
0.352295 3.03153 3.1283	0 9.63416 0.787776
0.352539 3.1493 3.12343	0 12.2893 0.780054
0.352783 2.99226 3.1195	0 16.1351 0.754945
0.353027 3.70005 3.11621	0 11.587 0.717125
0.353271 2.77069 3.11321	0 7.21162 0.672421
0.353516 3.28596 3.1102	0 8.21609 0.626544
0.35376 3.08249 3.10698	0 6.27878 0.58409
0.354004 3.06584 3.10352	0 8.33779 0.547977
0.354248 2.95455 3.09995	0 9.49527 0.519337
0.354492 3.18803 3.0965	0 13.5277 0.497707
0.354736 3.20101 3.09346	0 10.4666 0.481415
0.35498 3.18196 3.09112	0 8.29993 0.468101
0.355225 2.80971 3.08969	0 5.77057 0.455412
0.355469 3.13144 3.08928	0 10.0146 0.441772
0.355713 2.92257 3.08991	0 10.5742 0.426989
0.355957 3.10226 3.0915	0 8.32746 0.412386
0.356201 3.13642 3.09392	0 9.42792 0.400326
0.356445 3.26728 3.09706	0 8.81712 0.393311
0.356689 3.05538 3.10085	0 9.63675 0.393097
0.356934 3.04254 3.10527	0 9.39897 0.400239
0.357178 3.28616 3.11037	0 7.91296 0.414153
0.357422 2.96046 3.11618	0 7.44447 0.433482
0.357666 3.15447 3.1227	0 11.1978 0.456447
0.35791 2.83959 3.12983	0 12.7546 0.480977
0.358154 3.18254 3.13736	0 10.0422 0.504715
0.358398 3.27429 3.14499	0 8.76692 0.525116
0.358643 3.04366 3.15238	0 9.62281 0.539817
0.358887 3.079 3.15927	0 10.5809 0.547256
0.359131 3.49656 3.16546	0 11.169 0.54725
0.359375 3.46297 3.17094	0 10.4257 0.541178
0.359619 3.22481 3.1758	0 9.79573 0.531557
0.359863 2.78018 3.18021	0 6.09753 0.521155
0.360107 3.00165 3.18429	0 8.74772 0.51207
0.360352 3.16059 3.18807	0 8.76731 0.505243
0.360596 2.90938 3.1914	0 7.19332 0.500615
0.36084 3.84567 3.19396	0 11.753 0.49769
0.361084 3.5467 3.1953	0 13.2568 0.496077
0.361328 2.58017 3.19498	0 5.96505 0.49565
0.361572 2.98592 3.19268	0 9.46526 0.496346
0.361816 3.39266 3.18831	0 8.6105 0.497886
0.362061 3.72771 3.18206	0 15.0241 0.499752
0.362305 3.39529 3.17447	0 9.0309 0.501499
0.362549 3.02056 3.1663	0 8.10277 0.503183
0.362793 2.48279 3.15842	0 5.13302 0.505584
0.363037 3.85784 3.15164	0 11.1547 0.510001
0.363281 2.67769 3.14651	0 6.69903 0.517667
0.363525 2.80308 3.14318	0 7.00763 0.529031
0.36377 2.93512 3.14136	0 10.636 0.543271
0.364014 3.71855 3.14031	0 13.5461 0.558262
0.364258 3.05958 3.13902	0 8.78024 0.571066
0.364502 2.90117 3.13632	0 8.78578 0.578762
0.364746 3.08554 3.13115	0 8.31389 0.579331
0.36499 3.83579 3.12271	0 11.0891 0.572321
0.365234 3.17123 3.11063	0 9.60276 0.559048
0.365479 3.26341 3.09499	0 11.1856 0.54227
0.365723 2.72352 3.07631	0 6.47509 0.525356
0.365967 3.09753 3.0555	0 9.08794 0.511217
0.366211 3.03227 3.03374	0 9.31741 0.501387
0.366455 2.80769 3.01237	0 6.83593 0.495665
0.366699 3.13353 2.99277	0 7.57095 0.492521
0.366943 3.03941 2.97624	0 9.10832 0.490075
0.367188 2.94505 2.96392	0 8.92046 0.48718
0.367432 3.07467 2.9566	0 8.715 0.484051
0.367676 2.5499 2.95466	0 6.73692 0.48216
0.36792 2.48377 2.9579	0 5.09451 0.483508
0.368164 2.91118 2.96559	0 6.80441 0.489687
0.368408 2.84228 2.97643	0 10.416 0.501187
0.368652 3.01579 2.98875	0 6.82635 0.517205
0.368896 3.17039 3.00072	0 11.4324 0.53593
0.369141 3.61203 3.01059	0 10.8758 0.555062
0.369385 2.73307 3.01692	0 7.70841 0.572307
0.369629 3.38783 3.01883	0 11.442 0.585713
0.369873 3.22156 3.01604	0 10.0498 0.593866
0.370117 2.70941 3.00887	0 6.14405 0.596048
0.370361 3.14498 2.99813	0 10.7967 0.592434
0.370605 3.13242 2.98502	0 7.6304 0.584255
0.37085 2.55445 2.97091	0 6.85981 0.573738
0.371094 3.13105 2.95718	0 14.4732 0.563666
0.371338 3.07969 2.94508	0 6.68582 0.556573
0.371582 2.83852 2.9356	0 7.8524 0.553884
0.371826 2.5656 2.9294	0 7.20633 0.555435
0.37207 3.19909 2.92673	0 8.99044 0.559658
0.372314 2.6583 2.92747	0 8.10215 0.564382
0.372559 2.67156 2.93118	0 6.62272 0.567772
0.372803 2.76163 2.93715	0 5.9144 0.568946
0.373047 3.24742 2.94462	0 8.68701 0.568008
0.373291 3.10679 2.95285	0 8.04126 0.565675
0.373535 2.94225 2.96125	0 7.34594 0.562899
0.373779 3.29582 2.96942	0 8.42252 0.560752
0.374023 3.13461 2.9771	0 9.4418 0.560542
0.374268 2.81164 2.98403	0 7.8448 0.563841
0.374512 2.48903 2.98987	0 4.92681 0.572131
0.374756 2.68713 2.99406	0 6.96404 0.586048
0.375 3.20252 2.99581	0 10.3858 0.604568
0.375244 3.13627 2.99419	0 8.55359 0.624636
0.375488 3.31302 2.98828	0 11.5503 0.641646
0.375732 3.44573 2.97739	0 13.6226 0.650757
0.375977 2.74504 2.96131	0 9.12112 0.64857
0.376221 3.09794 2.94038	0 8.08869 0.634442
0.376465 3.26368 2.91555	0 13.3335 0.610776
0.376709 2.86459 2.8883	0 6.25707 0.582102
0.376953 2.58852 2.86044	0 5.01302 0.553345
0.377197 2.54882 2.8339	0 5.94483 0.5281
0.377441 2.96482 2.81048	0 8.26024 0.507726
0.377686 2.26456 2.79169	0 5.27776 0.491628
0.37793 2.9913 2.77856	0 12.4593 0.478404
0.378174 2.81423 2.77158	0 6.07395 0.467097
0.378418 2.75861 2.77071	0 8.43783 0.457797
0.378662 2.41149 2.77534	0 5.78072 0.451313
0.378906 2.58016 2.78446	0 5.56742 0.448265
0.37915 2.72563 2.79671	0 6.74452 0.448272
0.379395 2.89287 2.81061	0 9.98352 0.449789
0.379639 2.77461 2.82475	0 6.52514 0.450681
0.379883 3.01939 2.83799	0 9.4342 0.449147
0.380127 3.17795 2.8496	0 10.0401 0.444444
0.380371 3.28521 2.85935	0 9.95011 0.437051
0.380615 2.84802 2.86747	0 5.37168 0.428271
0.380859 2.56748 2.87444	0 5.38684 0.419601
0.381104 2.76765 2.88084	0 6.54203 0.412216
0.381348 2.45383 2.8871	0 5.52269 0.406792
0.381592 2.90108 2.89334	0 7.8373 0.403594
0.381836 3.04729 2.89929	0 11.0519 0.402643
0.38208 3.09389 2.90435	0 8.58084 0.403762
0.382324 2.74988 2.90781	0 4.93619 0.406476
0.382568 2.94379 2.90899	0 8.03554 0.409891
0.382812 3.35029 2.90751	0 6.58549 0.412713
0.383057 3.13104 2.90343	0 12.297 0.413497
0.383301 2.79877 2.89728	0 7.84902 0.411065
0.383545 2.96182 2.89003	0 9.08641 0.404927
0.383789 2.65134 2.88287	0 5.66141 0.395485
0.384033 2.66835 2.877	0 7.06293 0.38397
0.384277 3.08394 2.87344	0 8.11057 0.372123
0.384521 2.57026 2.87279	0 4.61892 0.36179
0.384766 2.58766 2.87517	0 5.32973 0.354558
0.38501 2.74553 2.8802	0 8.43428 0.351515
0.385254 3.282 2.88712	0 8.90993 0.353131
0.385498 2.76158 2.8949	0 6.55173 0.359227
0.385742 3.10184 2.90241	0 7.97642 0.369045
0.385986 2.82101 2.90862	0 6.59853 0.381392
0.38623 3.26716 2.9127	0 8.00926 0.394824
0.386475 2.94057 2.91411	0 8.17073 0.407794
0.386719 2.51274 2.91265	0 6.23367 0.418722
0.386963 2.88521 2.90845	0 8.22956 0.426057
0.387207 3.28063 2.902	0 9.42268 0.428487
0.387451 2.99319 2.89407	0 12.0223 0.425374
0.387695 3.19022 2.8856	0 7.67758 0.417297
0.387939 2.67975 2.87765	0 7.03628 0.406359
0.388184 2.57122 2.87117	0 7.21982 0.395918
0.388428 2.69623 2.86687	0 7.52548 0.389663
0.388672 2.64743 2.86507	0 7.3655 0.390342
0.388916 3.05463 2.8656	0 8.43962 0.39872
0.38916 2.97096 2.86782	0 12.3717 0.41327
0.389404 2.62193 2.87068	0 8.77841 0.430747
0.389648 2.66629 2.87298	0 6.7324 0.447388
0.389893 2.77365 2.87362	0 7.78334 0.460231
0.390137 3.49169 2.87187	0 12.3423 0.468054
0.390381 3.09527 2.86759	0 6.8792 0.471672
0.390625 3.35217 2.86127	0 13.3965 0.473559
0.390869 2.92206 2.85396	0 6.7068 0.476973
0.391113 2.70607 2.84703	0 6.83577 0.484886
0.391357 2.05343 2.84183	0 4.48066 0.499031
0.391602 2.73529 2.83937	0 8.33491 0.519284
0.391846 2.29605 2.84006	0 5.0302 0.54354
0.39209 2.75522 2.84359	0 7.4683 0.568092
0.392334 3.27335 2.84907	0 8.4481 0.58847
0.392578 3.31389 2.85516	0 11.1856 0.600587
0.392822 3.04219 2.8604	0 8.55628 0.60188
0.393066 2.70962 2.86353	0 7.49529 0.592067
0.393311 2.78607 2.8637	0 8.71251 0.57321
0.393555 2.75005 2.8607	0 5.52703 0.549012
0.393799 2.99489 2.8549	0 7.58907 0.523671
0.394043 3.21448 2.8473	0 10.5431 0.500777
0.394287 2.81546 2.83929	0 8.78658 0.482727
0.394531 3.01883 2.83244	0 9.68217 0.470773
0.394775 2.75347 2.82825	0 6.98538 0.465484
0.39502 2.2479 2.82783	0 4.22856 0.467212
0.395264 2.43749 2.83174	0 5.80074 0.476272
0.395508 2.5809 2.83981	0 8.05989 0.49275
0.395752 3.04995 2.85119	0 8.36332 0.516156
0.395996 3.1198 2.86442	0 8.08347 0.545137
0.39624 2.6545 2.87772	0 7.0206 0.577445
0.396484 3.02758 2.88922	0 7.40474 0.610212
0.396729 3.40652 2.89729	0 16.8378 0.640452
0.396973 2.8097 2.90077	0 9.69157 0.665648
0.397217 3.27331 2.89909	0 10.1414 0.684186
0.397461 2.67873 2.89229	0 9.21001 0.695433
0.397705 2.95888 2.881	0 10.0737 0.699394
0.397949 2.93338 2.86625	0 6.47321 0.696115
0.398193 2.88541 2.84934	0 8.98344 0.685199
0.398438 2.63646 2.83162	0 10.0186 0.665807
0.398682 2.99831 2.81432	0 7.05143 0.637238
0.398926 2.82864 2.79846	0 7.73325 0.599833
0.39917 2.3854 2.78468	0 6.69595 0.555706
0.399414 2.63338 2.77326	0 7.2632 0.508849
0.399658 2.81224 2.7641	0 7.51042 0.464487
0.399902 2.84878 2.75677	0 7.77511 0.427916
0.400146 2.67884 2.75058	0 6.87142 0.403261
0.400391 2.83994 2.74471	0 6.29835 0.392567
0.400635 2.67774 2.73833	0 8.34533 0.395409
0.400879 2.85636 2.73064	0 7.72212 0.409047
0.401123 2.89876 2.721	0 7.48841 0.429029
0.401367 2.59098 2.70898	0 6.42615 0.450136
0.401611 2.54758 2.69437	0 5.54912 0.467518
0.401855 2.99559 2.67718	0 11.0858 0.477754
0.4021 2.70119 2.65768	0 7.66075 0.479518
0.402344 2.63964 2.63634	0 4.54106 0.47358
0.402588 2.78006 2.61384	0 7.68361 0.462128
0.402832 2.36777 2.59098	0 4.75279 0.447734
0.403076 2.18817 2.56871	0 4.5947 0.43247
0.40332 3.16649 2.54807	0 8.8922 0.41753
0.403564 2.38274 2.53009	0 5.66672 0.403408
0.403809 2.25864 2.51578	0 4.48418 0.390336
0.404053 2.41026 2.50603	0 3.7502 0.37864
0.404297 2.44905 2.50152	0 5.42256 0.368814
0.404541 2.52317 2.50269	0 6.55799 0.361352
0.404785 2.18966 2.5096	0 4.25812 0.356528
0.405029 2.55901 2.52194	0 6.04611 0.354272
0.405273 2.25335 2.539	0 5.54015 0.354195
0.405518 2.59324 2.55972	0 6.32182 0.355716
0.405762 2.60655 2.58275	0 6.69377 0.358227
0.406006 2.69485 2.60657	0 6.2101 0.361239
0.40625 2.48961 2.62964	0 6.92603 0.364473
0.406494 2.84759 2.65051	0 8.09259 0.367889
0.406738 2.9101 2.66797	0 7.82387 0.371639
0.406982 2.7897 2.68115	0 6.08214 0.375954
0.407227 2.63738 2.68958	0 7.27774 0.380963
0.407471 2.72544 2.69323	0 6.39301 0.386524
0.407715 2.72032 2.69249	0 6.26662 0.392169
0.407959 2.93153 2.68814	0 9.34141 0.397243
0.408203 2.82814 2.6812	0 9.04384 0.401247
0.408447 2.58944 2.67288	0 5.93752 0.404237
0.408691 2.64412 2.66436	0 7.35769 0.407053
0.408936 2.37723 2.65665	0 4.86315 0.41117
0.40918 2.64353 2.65051	0 4.73181 0.41812
0.409424 2.68674 2.64632	0 6.47648 0.428693
0.409668 2.32354 2.64408	0 4.87252 0.442299
0.409912 2.39983 2.64349	0 8.97788 0.456881
0.410156 3.02484 2.64405	0 8.67316 0.469551
0.4104 2.85286 2.64518	0 8.93028 0.477711
0.410645 2.69981 2.64633	0 10.7491 0.480118
0.410889 2.61819 2.64706	0 5.70285 0.477296
0.411133 2.91924 2.64702	0 7.09186 0.471045
0.411377 2.09836 2.64594	0 3.10953 0.463292
0.411621 2.727 2.64356	0 6.2478 0.454952
0.411865 2.50734 2.63964	0 4.9506 0.44546
0.412109 2.73966 2.63393	0 7.85558 0.433228
0.412354 2.89965 2.62628	0 9.57605 0.416757
0.412598 2.38104 2.61668	0 6.53998 0.395773
0.412842 3.13969 2.60539	0 8.20236 0.371792
0.413086 2.65149 2.59296	0 6.63038 0.347858
0.41333 2.62957 2.58021	0 7.33159 0.327623
0.413574 2.21945 2.56811	0 6.01286 0.314199
0.413818 2.41299 2.55769	0 4.7655 0.309284
0.414062 2.3123 2.54984	0 4.44183 0.312851
0.414307 2.62562 2.54525	0 6.61246 0.323441
0.414551 2.6458 2.54427	0 5.74096 0.338829
0.414795 2.34823 2.54693	0 5.72194 0.356715
0.415039 2.47291 2.55298	0 6.89335 0.375141
0.415283 2.63928 2.56193	0 6.25691 0.392546
0.415527 2.6821 2.57316	0 4.30815 0.407612
0.415771 2.29654 2.58596	0 5.58045 0.419132
0.416016 2.88081 2.59955	0 8.1018 0.426077
0.41626 2.20724 2.61315	0 3.87186 0.427865
0.416504 2.95981 2.62598	0 8.74875 0.424632
0.416748 2.66059 2.63728	0 5.8748 0.417311
0.416992 2.85775 2.64636	0 11.4411 0.407415
0.417236 2.34283 2.65263	0 4.78559 0.396627
0.41748 2.60267 2.65572	0 6.91442 0.386382
0.417725 2.74319 2.6555	0 6.86087 0.377663
0.417969 3.12467 2.65212	0 8.70791 0.371054
0.418213 2.95966 2.64604	0 7.81328 0.366924
0.418457 2.58173 2.63792	0 4.69931 0.365549
0.418701 2.4225 2.62855	0 5.10381 0.367065
0.418945 2.19102 2.61869	0 3.67879 0.371301
0.419189 2.48276 2.609	0 5.42873 0.377686
0.419434 2.74249 2.59995	0 7.82433 0.385376
0.419678 2.77647 2.59175	0 7.7632 0.393566
0.419922 2.76836 2.58448	0 8.98128 0.401765
0.420166 2.28034 2.5781	0 4.83128 0.409828
0.42041 2.51568 2.57259	0 8.77759 0.417706
0.420654 2.83788 2.56802	0 6.94848 0.425129
0.420898 2.42483 2.56459	0 4.87012 0.43151
0.421143 2.37117 2.56263	0 4.45657 0.436186
0.421387 2.96662 2.56256	0 6.39586 0.438833
0.421631 2.45146 2.56479	0 5.92279 0.439734
0.421875 2.2911 2.56963	0 5.91651 0.439657
0.422119 2.26274 2.57717	0 4.26342 0.43943
0.422363 2.82244 2.58722	0 6.78906 0.439492
0.422607 2.41405 2.5993	0 6.14775 0.439723
0.422852 2.82466 2.61264	0 9.13588 0.439658
0.423096 2.43271 2.62622	0 5.99362 0.438879
0.42334 2.67471 2.63891	0 6.96635 0.437334
0.423584 2.65498 2.64957	0 6.10907 0.435416
0.423828 2.99318 2.65718	0 7.3019 0.433834
0.424072 2.86726 2.66098	0 7.57968 0.433402
0.424316 2.3463 2.66051	0 6.34313 0.434853
0.424561 2.67804 2.65572	0 7.35105 0.438635
0.424805 3.03133 2.64697	0 7.31001 0.444681
0.425049 2.80881 2.63499	0 7.5234 0.452239
0.425293 2.57102 2.6208	0 5.29624 0.459903
0.425537 2.61442 2.6056	0 6.31371 0.465981
0.425781 2.37683 2.59062	0 7.37544 0.469096
0.426025 2.47087 2.57699	0 7.02418 0.468767
0.42627 2.51486 2.56564	0 6.50516 0.465654
0.426514 2.20083 2.55719	0 7.12805 0.461354
0.426758 2.97593 2.55197	0 6.70989 0.457849
0.427002 2.44031 2.55001	0 4.20115 0.456882
0.427246 2.47955 2.5511	0 5.45416 0.459532
0.42749 2.30369 2.55486	0 3.78664 0.466104
0.427734 2.56775 2.56078	0 6.28277 0.476298
0.427979 2.71486 2.56828	0 8.89019 0.489441
0.428223 2.74393 2.57677	0 7.70912 0.504607
0.428467 2.65837 2.58561	0 7.19531 0.520555
0.428711 2.28912 2.59418	0 5.0249 0.535607
0.428955 2.21532 2.6019	0 5.67511 0.54768
0.429199 2.70026 2.6083	0 8.22186 0.554636
0.429443 3.4152 2.61302	0 13.2787 0.554893
0.429688 2.50044 2.61594	0 6.0184 0.548046
0.429932 2.68682 2.6171	0 8.81193 0.535194
0.430176 2.3733 2.61675	0 6.94513 0.518815
0.43042 2.60453 2.61526	0 7.83338 0.502239
0.430664 2.68876 2.61299	0 6.83133 0.488924
0.430908 2.58409 2.61025	0 4.33938 0.481694
0.431152 2.61546 2.60718	0 6.98211 0.482093
0.431396 2.25112 2.60373	0 4.06216 0.489928
0.431641 3.01992 2.5997	0 9.20449 0.50317
0.431885 2.32023 2.5948	0 6.90239 0.518314
0.432129 2.64878 2.58876	0 7.28689 0.531226
0.432373 2.7852 2.58146	0 9.62608 0.53827
0.432617 2.76607 2.57297	0 5.73639 0.537351
0.432861 2.82837 2.56362	0 7.34971 0.528481
0.433105 2.17192 2.55394	0 2.8494 0.513658
0.43335 2.36589 2.54459	0 3.95763 0.49611
0.433594 2.71714 2.53624	0 6.94895 0.47922
0.433838 2.31367 2.5295	0 4.54499 0.465527
0.434082 2.3856 2.52479	0 4.43149 0.456125
0.434326 2.60037 2.52234	0 5.59446 0.450593
0.43457 2.42102 2.52213	0 5.58978 0.447369
0.434814 3.10463 2.52392	0 9.31733 0.44436
0.435059 2.02229 2.52731	0 3.84896 0.439554
0.435303 2.21121 2.53179	0 4.60712 0.431479
0.435547 2.80475 2.53677	0 9.27798 0.419485
0.435791 2.42252 2.54172	0 3.91483 0.403884
0.436035 2.67477 2.54615	0 6.38913 0.386007
0.436279 2.7867 2.54976	0 6.72628 0.36813
0.436523 2.65447 2.55236	0 6.88308 0.353178
0.436768 2.59034 2.55397	0 6.99208 0.344117
0.437012 2.22199 2.55471	0 4.25229 0.343138
0.437256 2.62459 2.55473	0 5.81492 0.350891
0.4375 2.64488 2.55422	0 6.90751 0.366125
0.437744 2.34826 2.55326	0 6.47004 0.385939
0.437988 2.59964 2.55188	0 8.07962 0.406584
0.438232 2.53434 2.55002	0 6.99692 0.424493
0.438477 2.96582 2.54758	0 7.68034 0.437161
0.438721 2.34685 2.54451	0 4.70172 0.44356
0.438965 2.34397 2.5408	0 3.58357 0.444056
0.439209 2.57894 2.53661	0 8.04973 0.439936
0.439453 2.75389 2.5322	0 6.71645 0.432829
0.439697 2.59955 2.528	0 5.58127 0.42421
0.439941 2.34348 2.52447	0 7.3546 0.415137
0.440186 2.55657 2.52209	0 9.30949 0.406208
0.44043 2.53956 2.52127	0 5.7904 0.397688
0.440674 2.26018 2.52222	0 4.46755 0.389716
0.440918 2.3837 2.52492	0 6.92971 0.382509
0.441162 2.80702 2.52907	0 6.17051 0.376459
0.441406 2.26466 2.53412	0 4.02156 0.372041
0.44165 2.68608 2.53933	0 5.44928 0.369547
0.441895 2.37148 2.54384	0 4.3361 0.368753
0.442139 2.72882 2.54682	0 10.1394 0.368729
0.442383 2.72087 2.54759	0 6.05391 0.36796
0.442627 2.69576 2.54573	0 8.7208 0.364834
0.442871 2.53799 2.54117	0 4.97036 0.358333
0.443115 2.3806 2.53418	0 5.64919 0.348647
0.443359 2.76185 2.52536	0 6.86158 0.337393
0.443604 2.70242 2.51561	0 7.99088 0.327254
0.443848 2.13474 2.50596	0 4.54553 0.321134
0.444092 2.29473 2.49744	0 4.25697 0.32113
0.444336 3.11713 2.49098	0 7.48328 0.32778
0.44458 2.16505 2.48726	0 3.95932 0.339864
0.444824 2.00895 2.48664	0 3.19419 0.354827
0.445068 2.30151 2.48912	0 6.64266 0.369588
0.445312 2.61131 2.49441	0 7.75086 0.381406
0.445557 2.50261 2.50194	0 4.84302 0.388518
0.445801 2.93863 2.51101	0 10.378 0.390381
0.446045 2.45722 2.52084	0 7.04341 0.387536
0.446289 2.51153 2.53064	0 4.88647 0.381224
0.446533 2.36011 2.53968	0 6.27987 0.372913
0.446777 2.37507 2.54728	0 4.53019 0.363928
0.447021 2.76024 2.55286	0 5.22553 0.355258
0.447266 2.61533 2.55595	0 5.77965 0.347556
0.44751 2.63146 2.55627	0 8.51208 0.34123
0.447754 2.64778 2.55373	0 7.48929 0.336525
0.447998 2.74922 2.54855	0 8.94835 0.333523
0.448242 2.42344 2.54126	0 3.96233 0.332058
0.448486 2.83344 2.53269	0 7.3445 0.331647
0.44873 2.27369 2.52388	0 6.36767 0.331558
0.448975 2.40541 2.51596	0 6.17538 0.331096
0.449219 2.68302 2.51004	0 6.61662 0.330039
0.449463 2.12648 2.50696	0 4.48647 0.329036
0.449707 2.56428 2.50725	0 6.62483 0.329676
0.449951 2.36512 2.51097	0 6.62244 0.334098
0.450195 2.59948 2.51773	0 5.22964 0.344186
0.450439 2.15794 2.52677	0 4.91487 0.360663
0.450684 2.34833 2.53706	0 8.28417 0.382504
0.450928 2.84048 2.54749	0 10.1472 0.406975
0.451172 3.01269 2.55703	0 8.07888 0.430355
0.451416 2.73866 2.56491	0 8.97793 0.449056
0.45166 2.44104 2.57062	0 4.83536 0.460682
0.451904 2.33634 2.57397	0 5.85607 0.464555
0.452148 3.0037 2.57499	0 8.8955 0.461548
0.452393 2.26217 2.5739	0 3.78264 0.453397
0.452637 2.2958 2.57094	0 4.82674 0.441899
0.452881 2.68694 2.56635	0 6.49794 0.428414
0.453125 3.04964 2.56038	0 8.40997 0.413824
0.453369 2.32284 2.55324	0 4.40334 0.398809
0.453613 2.63569 2.54519	0 6.94622 0.38416
0.453857 2.41963 2.53655	0 4.60832 0.370867
0.454102 2.70471 2.52771	0 6.48436 0.359933
0.454346 2.26412 2.5191	0 4.13698 0.352025
0.45459 3.01731 2.51117	0 9.59477 0.347168
0.454834 2.14354 2.5043	0 5.47858 0.344623
0.455078 2.00734 2.49876	0 3.22137 0.343062
0.455322 2.57775 2.49469	0 3.86152 0.341036
0.455566 2.82145 2.49205	0 13.0408 0.337564
0.455811 2.49832 2.4907	0 5.58509 0.332597
0.456055 2.61128 2.49037	0 10.2363 0.327051
0.456299 2.20032 2.49072	0 3.50584 0.322316
0.456543 2.55192 2.49137	0 4.15511 0.31945
0.456787 2.33867 2.49195	0 4.23621 0.318525
0.457031 2.65191 2.49209	0 6.17874 0.318513
0.457275 2.34559 2.49155	0 6.95057 0.317826
0.45752 2.44523 2.49021	0 5.90697 0.315177
0.457764 3.15248 2.48815	0 9.24819 0.310267
0.458008 2.36562 2.48562	0 4.40576 0.30393
0.458252 2.00831 2.48304	0 2.93101 0.297681
0.458496 2.93021 2.48087	0 6.72214 0.292978
0.45874 2.29315 2.47958	0 4.63369 0.290605
0.458984 2.33945 2.47945	0 4.89317 0.290468
0.459229 2.26782 2.48059	0 6.95522 0.291863
0.459473 2.20363 2.48282	0 4.81896 0.294028
0.459717 2.86693 2.48576	0 9.21876 0.296665
0.459961 2.73821 2.48885	0 7.99343 0.300165
0.460205 2.32268 2.49153	0 4.24533 0.305405
0.460449 2.44837 2.49324	0 4.01848 0.313242
0.460693 2.73 2.49359	0 8.01462 0.323945
0.460938 2.52889 2.49236	0 5.73506 0.336856
0.461182 2.37008 2.48951	0 4.92907 0.350449
0.461426 2.31019 2.48519	0 6.04182 0.362747
0.46167 2.79131 2.47968	0 8.1091 0.371903
0.461914 2.33503 2.47339	0 6.30614 0.376698
0.462158 2.43698 2.46679	0 5.54325 0.376773
0.462402 2.83286 2.46037	0 5.90764 0.372567
0.462646 2.22828 2.45454	0 4.65093 0.365063
0.462891 2.39759 2.44963	0 6.12475 0.355484
0.463135 2.3053 2.44576	0 6.54747 0.345044
0.463379 2.20206 2.44281	0 7.60566 0.334791
0.463623 2.58501 2.44041	0 5.42591 0.325522
0.463867 2.46592 2.43796	0 5.79159 0.317761
0.464111 2.54499 2.43475	0 4.93887 0.311793
0.464355 2.44142 2.43004	0 6.3976 0.307716
0.4646 2.4718 2.42325	0 7.00321 0.3055
0.464844 2.33349 2.41407	0 5.7277 0.305028
0.465088 2.52308 2.40257	0 6.22569 0.306137
0.465332 2.76803 2.38921	0 7.37317 0.308668
0.465576 2.41079 2.37487	0 6.08931 0.312493
0.46582 2.4532 2.36065	0 5.60563 0.317468
0.466064 1.89318 2.34776	0 4.52715 0.323264
0.466309 2.3364 2.33736	0 4.76942 0.329185
0.466553 1.82823 2.33036	0 3.46951 0.334109
0.466797 2.38342 2.32733	0 6.03143 0.336694
0.467041 2.6265 2.32849	0 7.74766 0.335839
0.467285 2.33456 2.33372	0 4.71688 0.331218
0.467529 1.89338 2.34268	0 3.15426 0.323609
0.467773 2.50195 2.35485	0 7.29344 0.314833
0.468018 2.39029 2.3697	0 5.27593 0.307268
0.468262 2.51427 2.38672	0 6.29323 0.30314
0.468506 2.41825 2.40544	0 7.66345 0.303907
0.46875 2.00687 2.42544	0 3.44364 0.309979
0.468994 2.78158 2.44631	0 9.18945 0.320862
0.469238 2.56798 2.46762	0 5.77804 0.335577
0.469482 2.26294 2.48886	0 5.63683 0.353098
0.469727 2.19116 2.50946	0 4.92936 0.372593
0.469971 2.59155 2.52885	0 6.10968 0.393401
0.470215 2.93099 2.54644	0 11.824 0.414858
0.470459 3.08706 2.56175	0 10.3452 0.436121
0.470703 2.14425 2.57438	0 4.73962 0.456127
0.470947 2.48584 2.58413	0 6.94862 0.473728
0.471191 2.76963 2.59096	0 7.82641 0.487932
0.471436 2.46432 2.59501	0 6.8 0.498134
0.47168 2.76736 2.59657	0 6.76821 0.504204
0.471924 2.68703 2.59608	0 6.01863 0.506389
0.472168 2.60462 2.59406	0 6.35963 0.505115
0.472412 2.61191 2.59105	0 6.9504 0.500826
0.472656 2.75995 2.58754	0 10.0636 0.493987
0.4729 2.33371 2.58385	0 6.47129 0.485228
0.473145 2.47882 2.58008	0 5.4441 0.475458
0.473389 2.60701 2.57601	0 6.25006 0.465787
0.473633 2.48606 2.57119	0 6.17189 0.457198
0.473877 2.17278 2.56494	0 4.71047 0.450118
0.474121 2.95653 2.55652	0 8.55507 0.444143
0.474365 2.72274 2.54531	0 4.90606 0.438119
0.474609 3.099 2.53091	0 7.08131 0.430538
0.474854 2.50487 2.51328	0 7.20863 0.420035
0.475098 2.40953 2.49274	0 4.44961 0.405726
0.475342 2.10097 2.46991	0 4.89161 0.387277
0.475586 2.45453 2.44562	0 6.72015 0.364825
0.47583 2.62567 2.42079	0 6.13449 0.338891
0.476074 2.09711 2.39629	0 5.74205 0.31039
0.476318 2.82782 2.37289	0 6.50351 0.280658
0.476562 1.96575 2.35123	0 3.08246 0.251376
0.476807 2.23245 2.33178	0 3.21708 0.224372
0.477051 2.50805 2.3149	0 7.21927 0.20134
0.477295 2.2615 2.30083	0 4.0763 0.183615
0.477539 2.15533 2.28969	0 4.51222 0.172056
0.477783 2.13928 2.28151	0 4.12726 0.167055
0.478027 2.36266 2.27617	0 3.33108 0.168625
0.478271 2.21772 2.27345	0 4.70056 0.17652
0.478516 2.00742 2.27297	0 4.33205 0.19033
0.47876 2.50977 2.27429	0 4.86969 0.209491
0.479004 2.31691 2.27693	0 5.10851 0.23316
0.479248 2.12393 2.28041	0 3.63037 0.259996
0.479492 2.17857 2.2844	0 4.67448 0.287991
0.479736 2.46269 2.28866	0 5.24462 0.31452
0.47998 2.42407 2.29314	0 7.00342 0.336743
0.480225 2.59262 2.2979	0 6.70296 0.352261
0.480469 2.0485 2.30311	0 3.4989 0.359792
0.480713 2.11533 2.3089	0 5.31721 0.359553
0.480957 2.00851 2.31535	0 5.11881 0.353203
0.481201 2.4851 2.32247	0 5.60593 0.343384
0.481445 2.26852 2.33015	0 4.5052 0.333072
0.481689 2.6196 2.33828	0 7.78728 0.324986
0.481934 2.37419 2.34675	0 7.09443 0.321177
0.482178 2.29496 2.35557	0 4.20683 0.322829
0.482422 2.33763 2.36485	0 4.48879 0.330206
0.482666 2.56292 2.37478	0 7.35294 0.3427
0.48291 2.22474 2.38553	0 4.7491 0.358954
0.483154 2.32828 2.39719	0 4.31505 0.377057
0.483398 2.26178 2.40958	0 5.66795 0.394778
0.483643 2.34805 2.42226	0 6.89993 0.40981
0.483887 2.39317 2.43449	0 5.81546 0.42001
0.484131 2.40357 2.44535	0 5.41082 0.423654
0.484375 2.66133 2.45389	0 4.87755 0.41974
0.484619 2.76098 2.45936	0 6.36758 0.408297
0.484863 2.24959 2.46136	0 4.41031 0.390593
0.485107 2.88321 2.46002	0 8.73171 0.369096
0.485352 2.70378 2.45599	0 5.21482 0.347081
0.485596 2.36356 2.45041	0 6.04326 0.327949
0.48584 2.45887 2.44468	0 5.84285 0.314433
0.486084 2.06927 2.44021	0 4.29055 0.307987
0.486328 2.11633 2.43817	0 4.23259 0.308609
0.486572 2.47164 2.43917	0 6.53007 0.315173
0.486816 2.46724 2.44321	0 6.49875 0.326107
0.487061 2.30849 2.44959	0 5.94151 0.340087
0.487305 2.38672 2.45701	0 6.18466 0.356384
0.487549 2.38407 2.46384	0 5.44382 0.374685
0.487793 2.46894 2.46836	0 5.31714 0.394521
0.488037 3.04662 2.46907	0 8.17267 0.414676
0.488281 2.67899 2.46498	0 6.09032 0.432968
0.488525 2.40079 2.45575	0 4.91693 0.44662
0.48877 2.71339 2.44169	0 7.02853 0.453078
0.489014 2.79108 2.42371	0 7.40726 0.450894
0.489258 1.97415 2.4031	0 4.20023 0.440234
0.489502 2.35572 2.38128	0 5.62709 0.422801
0.489746 1.96023 2.35953	0 5.04974 0.401255
0.48999 2.09845 2.33889	0 4.62046 0.378445
0.490234 2.58724 2.32002	0 4.57633 0.356771
0.490479 2.38575 2.30327	0 6.18771 0.337828
0.490723 2.41716 2.28878	0 5.71067 0.322346
0.490967 2.01191 2.27659	0 4.1718 0.310329
0.491211 2.535 2.26674	0 6.5323 0.301331
0.491455 2.33247 2.25938	0 4.70282 0.29482
0.491699 1.7998 2.2547	0 3.01237 0.290515
0.491943 2.2376 2.25293	0 3.42562 0.28859
0.492188 2.41707 2.25418	0 4.57339 0.289622
0.492432 1.98271 2.25841	0 3.30251 0.29427
0.492676 2.38737 2.26534	0 5.26977 0.30281
0.49292 1.90142 2.27448	0 3.14944 0.314758
0.493164 2.48123 2.28512	0 7.18931 0.328736
0.493408 2.39305 2.29651	0 7.37705 0.342663
0.493652 2.17735 2.3079	0 5.02702 0.354162
0.493896 2.54735 2.3187	0 5.71634 0.361025
0.494141 2.23246 2.32856	0 4.68436 0.361629
0.494385 2.59142 2.33738	0 7.53233 0.355237
0.494629 2.46894 2.3453	0 7.20532 0.342193
0.494873 2.22786 2.3526	0 5.54959 0.323953
0.495117 2.08232 2.35964	0 3.50968 0.302883
0.495361 2.49602 2.36669	0 5.31068 0.281821
0.495605 2.10987 2.37387	0 5.36368 0.263494
0.49585 2.39944 2.38106	0 6.00741 0.250027
0.496094 2.64382 2.38788	0 3.83639 0.242724
0.496338 2.24413 2.39365	0 5.49738 0.242143
0.496582 2.80791 2.39735	0 4.72232 0.248305
0.496826 2.21974 2.39757	0 4.85521 0.260796
0.49707 2.28265 2.39247	0 4.19634 0.278653
0.497314 2.21895 2.37968	0 6.28481 0.300139
0.497559 2.79609 2.35637	0 6.36541 0.322648
0.497803 2.50036 2.31925	0 4.19727 0.342928
0.498047 2.46361 2.26491	0 7.22065 0.35763
0.498291 2.21304 2.19014	0 7.07147 0.363976
0.498535 2.35596 2.09246	0 5.16835 0.360263
0.498779 2.87142 1.97065	0 6.95388 0.346049
0.499023 2.29345 1.82528	0 5.49001 0.322025
0.499268 2.65845 1.65896	0 7.30076 0.289745
0.499512 2.00057 1.47637	0 3.07077 0.251379
0.499756 2.17143 1.08907	0 9.08041 0.167066
