0 0 2.90847	0 0 1.02068
0.000244141 5.91192 3.47162	0 29.2267 1.32328
0.000488281 5.86513 4.05455	0 47.891 1.65654
0.000732422 5.99006 4.64343	0 35.8392 2.0208
0.000976562 4.91072 5.22668	0 24.9028 2.42282
0.0012207 5.58544 5.79631	0 30.5223 2.87484
0.00146484 7.62214 6.34874	0 59.3023 3.39284
0.00170898 7.29129 6.88493	0 44.8564 3.99544
0.00195312 7.63593 7.40979	0 70.6544 4.70413
0.00219727 8.16455 7.93121	0 66.6874 5.54354
0.00244141 8.01209 8.45858	0 53.6591 6.53957
0.00268555 8.77183 9.0012	0 73.3747 7.71502
0.00292969 8.42461 9.56674	0 114.649 9.08367
0.00317383 8.7119 10.1598	0 76.7223 10.6453
0.00341797 10.3353 10.7811	0 85.0262 12.3835
0.00366211 9.56664 11.427	0 102.228 14.266
0.00390625 13.3342 12.0899	0 206.622 16.2457
0.00415039 10.4635 12.7591	0 141.65 18.2623
0.00439453 15.0948 13.4223	0 236.529 20.2436
0.00463867 13.4111 14.0671	0 239.497 22.1133
0.00488281 19.7104 14.6828	0 394.349 23.8041
0.00512695 15.8372 15.2615	0 239.296 25.2772
0.00537109 15.3021 15.7985	0 242.881 26.5402
0.00561523 17.6683 16.2924	0 398.388 27.6539
0.00585938 17.3261 16.7449	0 293.932 28.7214
0.00610352 16.1886 17.1594	0 215.944 29.8639
0.00634766 16.8888 17.541	0 312.688 31.1937
0.0065918 15.5556 17.8953	0 298.024 32.7989
0.00683594 21.956 18.2281	0 355.872 34.7468
0.00708008 20.8431 18.5454	0 818.404 37.0943
0.00732422 20.6399 18.8525	0 439.708 39.8884
0.00756836 17.4322 19.1539	0 279.168 43.1427
0.0078125 16.5945 19.4525	0 329.357 46.7949
0.00805664 16.4113 19.7489	0 223.038 50.6698
0.00830078 24.1864 20.0416	0 1033.79 54.4785
0.00854492 17.5235 20.3266	0 251.807 57.8643
0.00878906 19.5148 20.5982	0 486.775 60.4843
0.0090332 28.7439 20.8498	0 1048 62.093
0.00927734 18.2497 21.075	0 477.067 62.5947
0.00952148 23.4729 21.2684	0 629.662 62.0476
0.00976562 19.779 21.4262	0 411.474 60.6273
0.0100098 21.0869 21.5469	0 625.837 58.5711
0.0102539 22.5966 21.6309	0 714.834 56.1265
0.010498 22.644 21.6811	0 398.443 53.5197
0.0107422 23.6263 21.7017	0 492.458 50.9423
0.0109863 21.2297 21.699	0 425.135 48.5502
0.0112305 22.6169 21.68	0 512.237 46.4673
0.0114746 20.5202 21.6524	0 331.979 44.7895
0.0117188 22.2678 21.6233	0 508.494 43.5912
0.0119629 20.5236 21.5991	0 512.456 42.9313
0.012207 20.3077 21.5839	0 421.644 42.8568
0.0124512 23.0488 21.5796	0 590.12 43.3964
0.0126953 18.478 21.5859	0 326.336 44.5467
0.0129395 21.5673 21.6002	0 541.263 46.2539
0.0131836 22.5085 21.6191	0 634.49 48.4025
0.0134277 22.6683 21.639	0 614.902 50.8177
0.0136719 23.2764 21.6573	0 529.477 53.2867
0.013916 20.6031 21.6731	0 359.04 55.5952
0.0141602 23.5879 21.6873	0 933.244 57.57
0.0144043 20.6184 21.7022	0 577.837 59.111
0.0146484 22.3591 21.7208	0 545.363 60.1971
0.0148926 19.1201 21.7461	0 599.59 60.8607
0.0151367 20.0327 21.7797	0 376.253 61.1398
0.0153809 23.6651 21.822	0 630.196 61.0335
0.015625 19.6134 21.8716	0 261.443 60.4904
0.0158691 25.1283 21.9262	0 637.788 59.4402
0.0161133 21.1082 21.9829	0 452.765 57.8551
0.0163574 24.2186 22.0393	0 731.989 55.8041
0.0166016 19.27 22.0937	0 621.769 53.4675
0.0168457 23.3911 22.1452	0 431.467 51.0974
0.0170898 22.7745 22.1939	0 433.082 48.9429
0.017334 22.132 22.2402	0 586.875 47.1752
0.0175781 21.4931 22.2848	0 424.125 45.8476
0.0178223 21.8106 22.3278	0 422.082 44.9056
0.0180664 22.8409 22.3697	0 520.141 44.2364
0.0183105 20.6438 22.4112	0 352.976 43.731
0.0185547 22.5619 22.4541	0 404.873 43.3314
0.0187988 26.2263 22.5019	0 894.353 43.0461
0.019043 22.7984 22.5604	0 532.12 42.9346
0.0192871 23.3067 22.6375	0 502.048 43.0763
0.0195312 19.8634 22.7422	0 441.539 43.5445
0.0197754 21.396 22.8838	0 408.594 44.3984
0.0200195 22.4313 23.0701	0 405.208 45.6956
0.0202637 22.8574 23.3057	0 434.724 47.5131
0.0205078 22.79 23.5912	0 615.451 49.9574
0.020752 19.3101 23.9226	0 502.728 53.1484
0.0209961 23.269 24.2914	0 445.154 57.1735
0.0212402 29.3334 24.686	0 763.055 62.0254
0.0214844 23.0841 25.0934	0 450.827 67.5496
0.0217285 27.3077 25.5009	0 648.286 73.4291
0.0219727 25.0459 25.8979	0 648.984 79.2224
0.0222168 29.5937 26.2774	0 1208.64 84.451
0.0224609 27.1142 26.6361	0 986.262 88.7121
0.0227051 24.0009 26.9745	0 644.348 91.779
0.0229492 30.4088 27.296	0 904.071 93.6511
0.0231934 29.3108 27.6051	0 931.149 94.5321
0.0234375 26.0967 27.9064	0 559.916 94.7395
0.0236816 24.5666 28.2035	0 801.13 94.5772
0.0239258 26.6301 28.4982	0 561.746 94.2226
0.0241699 32.6823 28.7907	0 1091.39 93.6752
0.0244141 28.5257 29.0807	0 804.973 92.7905
0.0246582 28.9884 29.3682	0 1639.35 91.3809
0.0249023 31.8051 29.6548	0 1749.27 89.3372
0.0251465 33.1887 29.9444	0 899.333 86.7165
0.0253906 26.5879 30.2426	0 657.125 83.7674
0.0256348 32.4852 30.5563	0 1233.44 80.8932
0.0258789 29.1155 30.8917	0 687.82 78.5772
0.026123 29.0855 31.2526	0 931.409 77.2968
0.0263672 27.3456 31.6397	0 751.484 77.4397
0.0266113 33.9899 32.05	0 911.731 79.2336
0.0268555 30.9209 32.4775	0 774.046 82.6977
0.0270996 31.6599 32.9151	0 844.888 87.6328
0.0273438 39.7326 33.3574	0 1676.82 93.6569
0.0275879 34.3359 33.8023	0 1248.3 100.283
0.027832 36.3242 34.2535	0 1030.39 107.021
0.0280762 33.3041 34.721	0 952.85 113.479
0.0283203 32.2861 35.2202	0 931.511 119.448
0.0285645 35.3517 35.7703	0 1472.49 124.947
0.0288086 37.4873 36.3913	0 1508.92 130.244
0.0290527 30.7545 37.1009	0 1208.97 135.824
0.0292969 40.1391 37.9108	0 2252.71 142.308
0.029541 34.5504 38.8244	0 1225.83 150.307
0.0297852 36.5873 39.8352	0 1669.84 160.219
0.0300293 38.8244 40.927	0 1287.31 172.011
0.0302734 40.3183 42.0762	0 2729.92 185.077
0.0305176 40.8765 43.255	0 974.19 198.259
0.0307617 41.7657 44.4366	0 1565.08 210.077
0.0310059 60.4292 45.5995	0 5710.41 219.159
0.03125 50.3361 46.7318	0 4061.91 224.73
0.0314941 46.3208 47.8333	0 2151.24 227.001
0.0317383 52.9477 48.9148	0 2550.81 227.271
0.0319824 47.6955 49.9963	0 2110.48 227.648
0.0322266 45.2183 51.1027	0 2311.72 230.452
0.0324707 49.7703 52.259	0 3348.01 237.507
0.0327148 45.9661 53.4863	0 1522.36 249.587
0.032959 54.0908 54.7992	0 2828.49 266.254
0.0332031 61.2785 56.2046	0 3553.31 286.147
0.0334473 61.3545 57.7031	0 4586.18 307.567
0.0336914 54.4499 59.2906	0 3841.74 329.092
0.0339355 52.3878 60.962	0 2287.35 349.929
0.0341797 65.0422 62.7134	0 5440.61 369.894
0.0344238 68.0418 64.5449	0 5343.07 389.118
0.034668 59.9318 66.4614	0 2611.85 407.728
0.0349121 79.8949 68.472	0 7451.59 425.721
0.0351562 69.8711 70.589	0 8175.25 443.097
0.0354004 68.4651 72.8248	0 3718.27 460.078
0.0356445 63.8087 75.1897	0 4686.29 477.199
0.0358887 62.696 77.6901	0 2957.04 495.133
0.0361328 95.737 80.3277	0 7936.73 514.332
0.036377 73.6602 83.1012	0 4298.15 534.755
0.0366211 91.2807 86.0081	0 12011.2 555.945
0.0368652 94.0867 89.0481	0 10260.6 577.527
0.0371094 81.3591 92.226	0 4844.47 599.992
0.0373535 98.4078 95.5532	0 11543.5 625.373
0.0375977 104.284 99.0486	0 12112.3 657.409
0.0378418 94.8476 102.738	0 7277.71 700.886
0.0380859 104.546 106.655	0 8074.3 760.175
0.0383301 90.8957 110.837	0 6226.11 837.387
0.0385742 115.433 115.328	0 19051.8 930.943
0.0388184 122.002 120.179	0 15513.8 1035.43
0.0390625 122.022 125.442	0 14075.7 1143.21
0.0393066 136.872 131.168	0 17221.2 1247.64
0.0395508 134.876 137.4	0 13684 1346.64
0.0397949 126.143 144.163	0 22585 1445.23
0.0400391 133.5 151.452	0 17197.6 1555.42
0.0402832 139.942 159.223	0 19505.1 1693.06
0.0405273 147.397 167.391	0 20797.1 1872.17
0.0407715 170.787 175.831	0 32898.2 2098.84
0.0410156 185.17 184.392	0 27840.3 2367.32
0.0412598 216.884 192.907	0 42610.7 2660.35
0.0415039 217.948 201.218	0 45511 2954.5
0.041748 220.802 209.185	0 50231.8 3228.74
0.0419922 237.838 216.702	0 75782.8 3472.45
0.0422363 222.49 223.7	0 43791.9 3688.9
0.0424805 254.999 230.139	0 60945.6 3891.7
0.0427246 185.493 236.002	0 34843.9 4095.91
0.0429688 261.221 241.277	0 65279.4 4308.13
0.0432129 275.159 245.948	0 77992.6 4521.07
0.043457 263.482 249.979	0 79572.2 4715.48
0.0437012 260.025 253.31	0 47199.1 4867.98
0.0439453 251.603 255.853	0 114092 4960.37
0.0441895 254.637 257.499	0 81832.9 4985.1
0.0444336 260.565 258.131	0 77953.8 4944.87
0.0446777 284.974 257.638	0 109265 4847.72
0.0449219 277.92 255.941	0 77920.9 4701.62
0.045166 293.93 253.003	0 96209 4512.12
0.0454102 303.139 248.851	0 95019.6 4283.93
0.0456543 267.761 243.568	0 68066.2 4024.42
0.0458984 237.805 237.295	0 52483.6 3745.56
0.0461426 189.181 230.211	0 39140.3 3462.56
0.0463867 241.787 222.511	0 53739 3189.63
0.0466309 194.712 214.387	0 25093 2935.78
0.046875 207.354 206.013	0 50117.6 2703.27
0.0471191 215.69 197.527	0 68281.5 2489.36
0.0473633 188.26 189.04	0 27924.1 2289.97
0.0476074 166.906 180.628	0 30617.3 2102.72
0.0478516 176.527 172.345	0 31963.7 1927.78
0.0480957 159.328 164.228	0 15897.6 1766.57
0.0483398 162.799 156.305	0 29431.6 1619.62
0.048584 134.538 148.594	0 17235.7 1485.38
0.0488281 134.25 141.11	0 20014.9 1360.49
0.0490723 129.158 133.865	0 13709.4 1241.37
0.0493164 136.023 126.868	0 22644 1125.81
0.0495605 106.67 120.128	0 12808 1013.78
0.0498047 110.671 113.655	0 11412.9 906.932
0.0500488 115.14 107.465	0 13245.6 807.41
0.050293 93.5907 101.574	0 8227.12 716.681
0.0505371 95.4805 96.0052	0 12715.8 634.976
0.0507812 81.3525 90.7814	0 6768.38 561.541
0.0510254 83.782 85.9231	0 5183.65 495.32
0.0512695 68.2218 81.4445	0 3826.25 435.586
0.0515137 69.9131 77.3502	0 5296.95 382.149
0.0517578 71.5614 73.633	0 5991.47 335.146
0.052002 61.9845 70.2736	0 4186.12 294.623
0.0522461 61.0794 67.2416	0 3384.13 260.212
0.0524902 68.5475 64.4992	0 6511.44 231.062
0.0527344 64.5934 62.0038	0 4150.36 206.023
0.0529785 55.8317 59.712	0 3439.52 183.966
0.0532227 51.73 57.5828	0 1923.4 164.077
0.0534668 47.1383 55.5798	0 2149.05 146.022
0.0537109 62.9911 53.6727	0 3846.68 129.923
0.0539551 57.3693 51.8386	0 2974.57 116.169
0.0541992 45.1568 50.062	0 2042.68 105.149
0.0544434 43.3798 48.3342	0 1569.43 97.006
0.0546875 52.6604 46.653	0 2007.86 91.5106
0.0549316 42.2453 45.0209	0 2359.15 88.1091
0.0551758 44.02 43.4437	0 1426.83 86.096
0.0554199 36.5255 41.9282	0 1107.72 84.8305
0.0556641 46.269 40.481	0 2243.01 83.8906
0.0559082 32.9058 39.1069	0 884.993 83.1102
0.0561523 31.7549 37.8083	0 1010.68 82.5045
0.0563965 39.0375 36.5851	0 1649.9 82.1447
0.0566406 36.5123 35.4352	0 1039.12 82.0465
0.0568848 36.0047 34.3559	0 1139.3 82.1155
0.0571289 30.3417 33.3442	0 1171.42 82.1568
0.057373 31.2694 32.3981	0 1033.05 81.9309
0.0576172 33.1546 31.5168	0 1415.54 81.2264
0.0578613 28.3075 30.7003	0 642.496 79.9177
0.0581055 26.385 29.9489	0 784.28 77.9871
0.0583496 31.34 29.2627	0 852.536 75.5059
0.0585938 27.5121 28.6402	0 879.129 72.5901
0.0588379 24.9524 28.0783	0 692.349 69.3585
0.059082 28.2376 27.5715	0 745.412 65.9142
0.0593262 27.4185 27.1119	0 747.034 62.3492
0.0595703 24.1241 26.6901	0 599.484 58.7573
0.0598145 28.3107 26.2951	0 892.957 55.2363
0.0600586 24.1154 25.9162	0 457.692 51.8732
0.0603027 23.8709 25.5434	0 539.194 48.725
0.0605469 28.6489 25.1689	0 1092.48 45.8073
0.060791 26.6814 24.7876	0 658.212 43.0978
0.0610352 24.7979 24.3978	0 751.201 40.5517
0.0612793 23.3672 24.0009	0 687.236 38.1211
0.0615234 24.6906 23.601	0 519.339 35.773
0.0617676 19.3602 23.2038	0 364.78 33.5054
0.0620117 25.0578 22.8159	0 462.635 31.3609
0.0622559 20.683 22.4434	0 406.909 29.4294
0.0625 20.0227 22.0912	0 291.493 27.8354
0.0627441 24.2172 21.7629	0 511.461 26.7067
0.0629883 21.7407 21.4605	0 404.946 26.1281
0.0632324 20.0379 21.1843	0 395.2 26.0974
0.0634766 19.9424 20.9338	0 554.612 26.501
0.0637207 18.8469 20.7075	0 327.276 27.1245
0.0639648 20.1095 20.504	0 373.752 27.7018
0.064209 23.6173 20.3219	0 506.316 27.992
0.0644531 18.344 20.1604	0 610.939 27.8554
0.0646973 20.5586 20.0193	0 379.85 27.2979
0.0649414 18.3421 19.899	0 384.042 26.4638
0.0651855 21.4219 19.7998	0 435.899 25.5761
0.0654297 18.1656 19.7219	0 209.736 24.8515
0.0656738 19.2073 19.6645	0 317.376 24.4255
0.065918 18.2828 19.6255	0 450.567 24.3211
0.0661621 18.1837 19.6014	0 311.585 24.4693
0.0664062 22.2054 19.587	0 469.46 24.7673
0.0666504 18.7433 19.5767	0 427.615 25.1377
0.0668945 20.2172 19.5646	0 366.42 25.5582
0.0671387 18.5356 19.5457	0 253.467 26.0506
0.0673828 20.2938 19.5168	0 513.475 26.6398
0.067627 20.2503 19.4767	0 520.398 27.3135
0.0678711 22.6493 19.4264	0 543.755 28.0065
0.0681152 17.6443 19.3689	0 270.03 28.6163
0.0683594 19.7043 19.3079	0 403.524 29.0414
0.0686035 18.6446 19.2476	0 435.729 29.2207
0.0688477 15.9152 19.1914	0 265.286 29.1574
0.0690918 16.3029 19.1414	0 293.932 28.9187
0.0693359 23.9798 19.0989	0 503.274 28.6139
0.0695801 20.6731 19.0639	0 495.239 28.3593
0.0698242 17.9493 19.0363	0 433.689 28.2415
0.0700684 18.0207 19.0165	0 311.12 28.2922
0.0703125 18.3742 19.0056	0 248.29 28.483
0.0705566 19.597 19.0056	0 447.133 28.746
0.0708008 18.7256 19.0197	0 289.461 29.0072
0.0710449 19.9367 19.0511	0 351.081 29.2183
0.0712891 19.3951 19.1029	0 424.541 29.3682
0.0715332 15.273 19.177	0 245.484 29.4697
0.0717773 19.7884 19.2738	0 533.579 29.5349
0.0720215 19.1873 19.392	0 528.592 29.5592
0.0722656 18.4479 19.5281	0 409.445 29.5286
0.0725098 21.3628 19.6774	0 492.601 29.4447
0.0727539 19.8852 19.834	0 269.902 29.3492
0.072998 19.1562 19.9921	0 356.409 29.3252
0.0732422 19.4957 20.1467	0 360.655 29.4685
0.0734863 22.038 20.2942	0 426.447 29.8457
0.0737305 21.2688 20.4332	0 379.214 30.4636
0.0739746 20.0849 20.5649	0 380.437 31.2749
0.0742188 21.0949 20.693	0 479.772 32.2185
0.0744629 21.3866 20.823	0 579.125 33.2718
0.074707 22.2889 20.9621	0 415.416 34.4814
0.0749512 18.8988 21.1174	0 499.605 35.9478
0.0751953 19.4412 21.2955	0 361.079 37.7669
0.0754395 19.3251 21.501	0 334.452 39.9559
0.0756836 22.8524 21.7361	0 419.916 42.4027
0.0759277 21.7676 21.9994	0 554.521 44.8675
0.0761719 24.7376 22.2864	0 638.745 47.0396
0.076416 20.7944 22.5894	0 432.01 48.6264
0.0766602 19.0578 22.8981	0 455.066 49.4399
0.0769043 24.2513 23.2011	0 521.408 49.4479
0.0771484 24.2568 23.4869	0 557.367 48.7774
0.0773926 25.1584 23.7466	0 487.011 47.675
0.0776367 26.1931 23.9747	0 783.058 46.4445
0.0778809 26.3696 24.1708	0 690.912 45.3785
0.078125 24.8719 24.3398	0 599.741 44.7012
0.0783691 26.7959 24.4914	0 804.55 44.5307
0.0786133 22.6917 24.6386	0 516.652 44.87
0.0788574 24.8716 24.795	0 625.13 45.6291
0.0791016 19.9561 24.9729	0 342.101 46.6754
0.0793457 24.0756 25.1808	0 479.293 47.898
0.0795898 23.5502 25.4224	0 595.159 49.2616
0.079834 26.2454 25.6962	0 640.817 50.8269
0.0800781 25.9064 25.9968	0 805.986 52.7279
0.0803223 29.4451 26.3164	0 884.754 55.1154
0.0805664 27.1209 26.6469	0 905.68 58.0958
0.0808105 25.8205 26.9817	0 662.563 61.6922
0.0810547 26.8016 27.3173	0 616.996 65.8459
0.0812988 28.7895 27.6539	0 634.677 70.4515
0.081543 25.409 27.9952	0 604.883 75.4008
0.0817871 31.3889 28.3475	0 1147.79 80.6074
0.0820312 31.475 28.7182	0 811.842 85.9967
0.0822754 28.7711 29.1134	0 688.179 91.4666
0.0825195 21.3014 29.5361	0 409.836 96.8472
0.0827637 30.0813 29.985	0 774.08 101.888
0.0830078 30.069 30.4535	0 1033.99 106.294
0.083252 29.6915 30.9299	0 1019.03 109.803
0.0834961 34.5498 31.3995	0 1346.48 112.265
0.0837402 27.3082 31.8466	0 760.149 113.689
0.0839844 39.9975 32.2568	0 1763.57 114.236
0.0842285 37.0505 32.6199	0 1927.96 114.143
0.0844727 32.2101 32.9309	0 934.435 113.64
0.0847168 33.8717 33.1908	0 1414.19 112.89
0.0849609 30.9782 33.4053	0 1023.42 111.981
0.0852051 31.944 33.584	0 1161.02 110.977
0.0854492 37.5093 33.7373	0 1226.28 109.975
0.0856934 34.5638 33.8749	0 1379.34 109.147
0.0859375 31.4122 34.0035	0 784.302 108.724
0.0861816 32.7749 34.1254	0 863.705 108.934
0.0864258 34.1087 34.2384	0 1185.15 109.921
0.0866699 37.2293 34.336	0 1580.57 111.669
0.0869141 29.625 34.4086	0 781.188 113.961
0.0871582 36.5861 34.4453	0 1575.63 116.372
0.0874023 35.1743 34.4356	0 1246.98 118.324
0.0876465 40.3702 34.3717	0 2080.14 119.186
0.0878906 38.2155 34.2495	0 1736.28 118.432
0.0881348 28.2711 34.0691	0 829.514 115.813
0.0883789 36.5075 33.835	0 1469.52 111.481
0.088623 38.6014 33.5542	0 1339.02 105.982
0.0888672 26.2948 33.2355	0 756.649 100.117
0.0891113 33.0148 32.8877	0 1332.98 94.6907
0.0893555 33.751 32.5185	0 1286.47 90.2513
0.0895996 34.1825 32.1335	0 1128.53 86.9452
0.0898438 29.419 31.7365	0 1126.33 84.5339
0.0900879 32.5696 31.329	0 1157.25 82.5588
0.090332 32.89 30.9116	0 1219.89 80.5627
0.0905762 28.1917 30.4839	0 939.481 78.2637
0.0908203 31.8136 30.0455	0 1116.82 75.6139
0.0910645 27.9052 29.5963	0 767.331 72.7492
0.0913086 28.7325 29.1368	0 982.095 69.8857
0.0915527 29.7858 28.6688	0 900.329 67.2292
0.0917969 31.2441 28.1948	0 1188.81 64.9346
0.092041 25.7847 27.7184	0 1066.43 63.1019
0.0922852 26.5905 27.2434	0 579.597 61.7777
0.0925293 27.4847 26.7736	0 877.236 60.9397
0.0927734 27.2106 26.3117	0 997.339 60.4724
0.0930176 23.0865 25.859	0 814.036 60.1619
0.0932617 23.4333 25.4146	0 561.781 59.7298
0.0935059 26.977 24.9758	0 1267.36 58.9034
0.09375 23.4707 24.5389	0 537.822 57.4915
0.0939941 22.3963 24.1001	0 416.362 55.4342
0.0942383 27.8969 23.657	0 699.434 52.8083
0.0944824 26.0542 23.2097	0 569.16 49.7909
0.0947266 20.7773 22.761	0 419.813 46.603
0.0949707 20.9219 22.3167	0 283.168 43.4558
0.0952148 25.0154 21.8837	0 518.672 40.5146
0.095459 19.6051 21.4693	0 333.471 37.8831
0.0957031 19.262 21.0785	0 397.113 35.6023
0.0959473 15.5723 20.7133	0 315.613 33.6571
0.0961914 20.4398 20.3716	0 348.725 31.9871
0.0964355 20.9196 20.0478	0 522.865 30.5037
0.0966797 22.4023 19.7335	0 392.779 29.1138
0.0969238 18.008 19.4198	0 384.479 27.7484
0.097168 22.4345 19.0987	0 484.573 26.387
0.0974121 19.7904 18.765	0 331.499 25.0655
0.0976562 17.037 18.4169	0 297.294 23.863
0.0979004 17.6007 18.0561	0 260.109 22.8683
0.0981445 18.026 17.6875	0 340.875 22.1421
0.0983887 17.8944 17.3178	0 282.053 21.6892
0.0986328 17.7412 16.9547	0 282.3 21.4535
0.098877 14.782 16.6052	0 243.024 21.3344
0.0991211 13.7923 16.2752	0 141.33 21.2158
0.0993652 14.9696 15.9686	0 296.842 20.9963
0.0996094 18.7983 15.6876	0 378.211 20.6106
0.0998535 14.9506 15.4326	0 333.253 20.0383
0.100098 13.3711 15.2024	0 134.515 19.3013
0.100342 14.5569 14.9949	0 261.353 18.4523
0.100586 14.5196 14.8075	0 197.951 17.5602
0.10083 15.631 14.637	0 226.042 16.6973
0.101074 14.5872 14.4803	0 292.089 15.929
0.101318 12.7328 14.3345	0 200.8 15.3074
0.101562 13.8435 14.1966	0 171.394 14.8657
0.101807 14.6571 14.0645	0 209.921 14.6111
0.102051 15.8627 13.9364	0 188.878 14.5218
0.102295 13.5166 13.811	0 162.932 14.5474
0.102539 10.8884 13.6878	0 133.02 14.6183
0.102783 16.3196 13.5666	0 308.079 14.6597
0.103027 11.7547 13.4478	0 150.031 14.6055
0.103271 13.3924 13.3322	0 182.758 14.4098
0.103516 13.2966 13.2206	0 172.698 14.0531
0.10376 14.671 13.1137	0 208.206 13.5467
0.104004 11.5142 13.012	0 180.932 12.933
0.104248 13.3783 12.9153	0 186.671 12.2804
0.104492 12.1052 12.8226	0 98.6131 11.6704
0.104736 12.6776 12.7324	0 114.18 11.1765
0.10498 11.7211 12.6427	0 81.7749 10.8412
0.105225 11.8724 12.5512	0 100.967 10.6631
0.105469 14.2234 12.4561	0 270.396 10.5981
0.105713 13.346 12.3567	0 135.468 10.5779
0.105957 13.1251 12.2533	0 185.725 10.5366
0.106201 11.863 12.1473	0 151.324 10.4341
0.106445 11.8988 12.041	0 178.09 10.2667
0.106689 12.8967 11.9366	0 202.062 10.0598
0.106934 8.30551 11.8359	0 57.0322 9.84872
0.107178 10.0108 11.7395	0 74.3594 9.65765
0.107422 13.3738 11.6469	0 153.004 9.48625
0.107666 12.2352 11.5563	0 123.441 9.31105
0.10791 11.929 11.4658	0 123.22 9.09867
0.108154 13.7277 11.3734	0 147.637 8.8228
0.108398 10.0898 11.2777	0 98.5812 8.47633
0.108643 10.6509 11.1786	0 118.993 8.07391
0.108887 9.35022 11.0773	0 81.2067 7.6463
0.109131 11.9686 10.9758	0 148.379 7.23153
0.109375 12.5775 10.8771	0 199.531 6.86711
0.109619 10.6105 10.7846	0 70.4151 6.58507
0.109863 8.03548 10.7017	0 49.8713 6.40879
0.110107 12.1378 10.6315	0 111.233 6.35061
0.110352 9.71367 10.5763	0 74.0105 6.41024
0.110596 11.2426 10.5377	0 132.453 6.57463
0.11084 9.31259 10.5161	0 90.6802 6.82009
0.111084 9.87893 10.5104	0 79.9058 7.1162
0.111328 9.79302 10.5184	0 85.8318 7.43064
0.111572 11.2683 10.537	0 110.391 7.73433
0.111816 10.0827 10.562	0 57.3435 8.00588
0.112061 11.8954 10.5889	0 162.132 8.23492
0.112305 9.29253 10.6135	0 81.4698 8.42345
0.112549 11.8934 10.6324	0 125.182 8.58451
0.112793 9.77877 10.643	0 66.9169 8.73834
0.113037 12.1685 10.6444	0 131.21 8.90662
0.113281 11.0883 10.6371	0 110.326 9.106
0.113525 10.7558 10.6229	0 104.661 9.34237
0.11377 9.99914 10.6044	0 104.41 9.60738
0.114014 9.56264 10.5848	0 89.1783 9.87851
0.114258 11.8801 10.5673	0 107.105 10.1234
0.114502 10.0858 10.5544	0 103.472 10.3079
0.114746 9.21847 10.5478	0 103.69 10.4059
0.11499 10.4567 10.5482	0 151.177 10.4071
0.115234 11.4175 10.5551	0 154.749 10.3205
0.115479 10.7865 10.5671	0 126.217 10.1712
0.115723 10.2775 10.5821	0 84.889 9.99195
0.115967 8.93006 10.5976	0 71.7339 9.81413
0.116211 12.0496 10.6112	0 192.553 9.66125
0.116455 10.9824 10.6209	0 126.279 9.54685
0.116699 11.2744 10.6255	0 125.015 9.47538
0.116943 10.5867 10.6245	0 128.284 9.44325
0.117188 9.62813 10.6188	0 69.015 9.43863
0.117432 11.8393 10.6101	0 136.252 9.44129
0.117676 9.93236 10.6013	0 83.4446 9.42541
0.11792 10.7848 10.5955	0 132.421 9.36663
0.118164 10.5952 10.5957	0 109.63 9.25151
0.118408 11.5477 10.6043	0 159.673 9.084
0.118652 9.6512 10.6224	0 90.2223 8.88433
0.118896 8.69007 10.6493	0 67.9882 8.67966
0.119141 8.8789 10.6824	0 109.427 8.49105
0.119385 12.9805 10.7173	0 180.347 8.32404
0.119629 11.1345 10.7487	0 155.131 8.16794
0.119873 10.966 10.7709	0 102.266 8.00399
0.120117 11.2017 10.7792	0 128.824 7.81752
0.120361 10.7949 10.7705	0 119.561 7.60778
0.120605 12.2227 10.744	0 132.533 7.39097
0.12085 11.8209 10.702	0 121.33 7.19619
0.121094 10.6151 10.6488	0 112.363 7.05689
0.121338 9.95689 10.5906	0 82.7349 7.0019
0.121582 10.1316 10.5341	0 132.337 7.04891
0.121826 9.89284 10.486	0 131.056 7.20185
0.12207 9.84362 10.4516	0 85.166 7.45149
0.122314 8.99234 10.4346	0 60.2242 7.77791
0.122559 10.0782 10.4366	0 143.233 8.15349
0.122803 11.0016 10.4572	0 127.222 8.54609
0.123047 11.2212 10.4945	0 139.05 8.92292
0.123291 10.6316 10.5454	0 77.4627 9.25528
0.123535 9.87064 10.6056	0 97.2198 9.52382
0.123779 11.5553 10.6704	0 119.986 9.72196
0.124023 9.14727 10.7346	0 86.9641 9.85572
0.124268 10.3309 10.7932	0 131.631 9.93916
0.124512 10.3653 10.8416	0 84.2722 9.98753
0.124756 12.0023 10.8765	0 153.583 10.0112
0.125 13.0999 10.8964	0 138.004 10.0129
0.125244 12.2328 10.9022	0 180.35 9.98873
0.125488 11.8773 10.8966	0 117.838 9.93055
0.125732 9.86153 10.8847	0 102.763 9.82884
0.125977 9.42965 10.8718	0 99.0622 9.67504
0.126221 10.2154 10.8634	0 129.617 9.46444
0.126465 9.44092 10.8631	0 108.714 9.19917
0.126709 11.8001 10.8723	0 111.21 8.89033
0.126953 10.4144 10.8894	0 129.347 8.55742
0.127197 9.7993 10.9106	0 78.0589 8.22545
0.127441 12.064 10.9298	0 108 7.9208
0.127686 12.0213 10.9406	0 160.842 7.66755
0.12793 9.79828 10.9373	0 83.3143 7.48455
0.128174 12.1406 10.9156	0 152.796 7.38267
0.128418 12.2133 10.8741	0 98.9956 7.36262
0.128662 12.8974 10.8141	0 87.995 7.4143
0.128906 10.1182 10.7392	0 102.631 7.51871
0.12915 10.5581 10.6548	0 93.7465 7.65188
0.129395 8.49156 10.5673	0 54.2702 7.78858
0.129639 9.9563 10.4823	0 102.317 7.90433
0.129883 10.367 10.4048	0 114.832 7.97673
0.130127 9.9867 10.3378	0 118.404 7.98809
0.130371 11.391 10.2827	0 130.812 7.93069
0.130615 10.0191 10.2392	0 142.013 7.81198
0.130859 9.72606 10.2059	0 95.9257 7.65557
0.131104 10.1372 10.1803	0 85.2118 7.49498
0.131348 8.91656 10.1599	0 75.9826 7.36195
0.131592 11.0514 10.1419	0 134.627 7.27542
0.131836 9.63117 10.1239	0 79.5302 7.23709
0.13208 12.5107 10.1036	0 163.111 7.23558
0.132324 9.21606 10.0794	0 66.6522 7.25544
0.132568 9.41578 10.0496	0 105.039 7.28488
0.132812 9.35237 10.0131	0 74.5173 7.31812
0.133057 10.8516 9.96885	0 89.1465 7.35252
0.133301 10.6582 9.91626	0 123.395 7.38455
0.133545 8.19915 9.85534	0 71.8182 7.40872
0.133789 11.0977 9.78682	0 101.942 7.4209
0.134033 10.4753 9.7123	0 125.784 7.4242
0.134277 10.684 9.63417	0 125.004 7.4331
0.134521 8.27305 9.55529	0 70.385 7.47204
0.134766 9.27193 9.47857	0 78.7195 7.56737
0.13501 10.1119 9.40628	0 95.5204 7.73469
0.135254 8.18737 9.33958	0 56.1396 7.96684
0.135498 7.74693 9.27815	0 64.1555 8.22845
0.135742 8.66816 9.22033	0 95.0391 8.46112
0.135986 9.20807 9.16346	0 74.5726 8.59895
0.13623 11.02 9.10463	0 209.593 8.58915
0.136475 10.2307 9.04145	0 104.094 8.40926
0.136719 10.1262 8.97269	0 128.517 8.0734
0.136963 7.18685 8.89866	0 49.2411 7.62515
0.137207 9.46506 8.82112	0 87.4014 7.12094
0.137451 8.24909 8.74296	0 48.9408 6.61232
0.137695 7.59528 8.66759	0 51.8027 6.13485
0.137939 8.42055 8.59825	0 108.344 5.70644
0.138184 9.25654 8.53754	0 71.7583 5.33292
0.138428 8.11748 8.48706	0 85.2431 5.01539
0.138672 8.70341 8.44732	0 77.5854 4.75469
0.138916 7.1303 8.41779	0 54.6036 4.55186
0.13916 8.8782 8.39724	0 54.2758 4.40599
0.139404 8.21031 8.38395	0 76.7789 4.3122
0.139648 7.83093 8.37606	0 65.6648 4.26144
0.139893 8.69235 8.37179	0 70.6706 4.24246
0.140137 10.0634 8.36957	0 99.0818 4.24483
0.140381 7.16399 8.3681	0 44.6228 4.26163
0.140625 8.4881 8.36624	0 78.3343 4.29046
0.140869 7.8353 8.36293	0 73.943 4.33249
0.141113 9.23741 8.35715	0 87.181 4.38991
0.141357 6.56382 8.34783	0 41.1604 4.46289
0.141602 9.43513 8.33394	0 83.5651 4.54747
0.141846 8.5563 8.31462	0 67.0882 4.63542
0.14209 9.03909 8.28934	0 60.2017 4.71636
0.142334 8.29516 8.25795	0 80.0508 4.78145
0.142578 8.51281 8.22073	0 83.0517 4.82658
0.142822 8.66783 8.17833	0 67.2102 4.85348
0.143066 6.81511 8.13161	0 51.6164 4.86756
0.143311 7.00216 8.08156	0 46.1953 4.87366
0.143555 8.49879 8.02918	0 65.4632 4.87228
0.143799 9.8073 7.97551	0 82.171 4.85871
0.144043 7.1971 7.92163	0 68.9457 4.82588
0.144287 8.69681 7.86867	0 98.8706 4.76915
0.144531 6.69048 7.81776	0 52.9025 4.69004
0.144775 8.21805 7.76986	0 53.7616 4.59685
0.14502 7.05667 7.72554	0 63.4263 4.50179
0.145264 7.2443 7.68479	0 62.5208 4.41645
0.145508 8.39387 7.64689	0 82.0224 4.34757
0.145752 6.84994 7.61048	0 53.722 4.29497
0.145996 7.32751 7.57383	0 52.6434 4.25217
0.14624 7.30664 7.5352	0 43.1565 4.20973
0.146484 8.38729 7.49329	0 113.857 4.15959
0.146729 8.64531 7.44754	0 81.2811 4.09882
0.146973 8.54789 7.39831	0 64.4488 4.03032
0.147217 6.25309 7.34672	0 39.2929 3.96036
0.147461 6.72204 7.2944	0 60.0133 3.89394
0.147705 5.79813 7.24306	0 34.4613 3.83107
0.147949 7.14301 7.19411	0 49.0084 3.76611
0.148193 8.28971 7.14841	0 69.9486 3.69064
0.148438 6.36048 7.10617	0 34.7856 3.59819
0.148682 8.03848 7.06709	0 61.9831 3.48825
0.148926 7.48654 7.03047	0 56.8369 3.36733
0.14917 6.26003 6.99556	0 42.797 3.24669
0.149414 6.29104 6.96168	0 32.9871 3.13816
0.149658 6.82253 6.92846	0 46.2638 3.0502
0.149902 6.85883 6.89596	0 45.7048 2.98608
0.150146 8.33107 6.86471	0 63.1757 2.94458
0.150391 7.09316 6.83579	0 35.5453 2.92263
0.150635 4.96048 6.81072	0 19.2573 2.91805
0.150879 7.6948 6.79134	0 52.0331 2.93145
0.151123 6.33938 6.7796	0 28.0563 2.96663
0.151367 6.94152 6.77716	0 53.7811 3.02974
0.151611 6.6678 6.78502	0 35.9837 3.12711
0.151855 6.68037 6.80315	0 38.4619 3.26193
0.1521 5.94519 6.83023	0 32.7305 3.43048
0.152344 5.89517 6.86361	0 27.3425 3.6193
0.152588 6.82635 6.89955	0 46.0372 3.80541
0.152832 7.86395 6.93364	0 69.339 3.96066
0.153076 6.96418 6.9615	0 62.411 4.05901
0.15332 8.34945 6.9794	0 71.2118 4.08392
0.153564 6.92559 6.98487	0 38.5552 4.03272
0.153809 7.38649 6.97702	0 66.5725 3.91626
0.154053 7.50476 6.95655	0 53.3722 3.7547
0.154297 7.57708 6.92548	0 49.1778 3.57145
0.154541 5.65896 6.88665	0 24.327 3.38797
0.154785 6.30055 6.84318	0 30.3529 3.22047
0.155029 6.77357 6.79796	0 49.7913 3.07906
0.155273 6.69723 6.7533	0 36.1678 2.96846
0.155518 7.08256 6.71082	0 37.246 2.8896
0.155762 6.90505 6.67152	0 53.8592 2.84134
0.156006 6.56254 6.63589	0 49.7914 2.82188
0.15625 6.38046 6.60419	0 35.0059 2.82948
0.156494 6.37305 6.57653	0 36.4335 2.86225
0.156738 6.82548 6.55298	0 60.6447 2.91694
0.156982 6.12038 6.53357	0 40.6846 2.98711
0.157227 6.77889 6.51819	0 40.1035 3.06183
0.157471 5.84279 6.50661	0 29.6716 3.12595
0.157715 6.97064 6.49837	0 52.9619 3.16294
0.157959 6.09524 6.49284	0 37.7181 3.15949
0.158203 6.83631 6.48933	0 54.7001 3.11033
0.158447 6.04321 6.48712	0 35.9566 3.02098
0.158691 7.02948 6.48559	0 38.3533 2.90717
0.158936 6.45875 6.48426	0 33.6686 2.79106
0.15918 6.25933 6.48272	0 36.016 2.69565
0.159424 7.33241 6.48061	0 46.1961 2.63946
0.159668 5.57002 6.47752	0 36.7502 2.63253
0.159912 5.94437 6.47291	0 38.2586 2.67452
0.160156 7.37092 6.46619	0 46.9665 2.75491
0.1604 6.45413 6.45679	0 39.4009 2.85516
0.160645 5.46858 6.44442	0 26.3135 2.95281
0.160889 6.8404 6.42932	0 36.124 3.02726
0.161133 7.50633 6.4124	0 71.7925 3.06568
0.161377 7.00314 6.39532	0 48.681 3.06739
0.161621 6.48298 6.38028	0 42.1384 3.0444
0.161865 5.44057 6.36969	0 25.3963 3.01756
0.162109 5.79188 6.36566	0 30.9939 3.00914
0.162354 5.88373 6.36955	0 34.2079 3.03482
0.162598 5.66779 6.38161	0 27.5168 3.09824
0.162842 5.79368 6.40091	0 30.5347 3.18996
0.163086 7.74957 6.42545	0 67.5198 3.29097
0.16333 6.31311 6.45253	0 43.5082 3.37879
0.163574 7.34858 6.47925	0 58.6646 3.43368
0.163818 5.90013 6.50286	0 35.6157 3.4428
0.164062 6.45713 6.52119	0 55.5975 3.4015
0.164307 8.04792 6.53275	0 52.1701 3.31214
0.164551 5.11819 6.53679	0 26.9116 3.1816
0.164795 6.48871 6.53322	0 37.1496 3.01906
0.165039 6.74686 6.52247	0 60.5173 2.83514
0.165283 7.62197 6.50537	0 61.0726 2.64244
0.165527 6.14611 6.48301	0 40.1428 2.4567
0.165771 6.552 6.45664	0 48.3648 2.29666
0.166016 5.93138 6.42754	0 27.773 2.18144
0.16626 6.79601 6.39691	0 34.2443 2.12544
0.166504 6.50034 6.36579	0 44.4852 2.13247
0.166748 5.94396 6.33499	0 34.1757 2.1922
0.166992 5.83032 6.3051	0 28.7829 2.28152
0.167236 5.90105 6.27655	0 30.8115 2.37116
0.16748 7.18473 6.24975	0 119.682 2.43528
0.167725 6.28512 6.22514	0 33.8468 2.45975
0.167969 6.68965 6.20331	0 37.3599 2.44556
0.168213 6.1239 6.18491	0 34.2944 2.4059
0.168457 5.33489 6.17056	0 41.7831 2.35884
0.168701 5.59257 6.16078	0 35.1819 2.31915
0.168945 6.72448 6.15581	0 32.2 2.29293
0.169189 5.11023 6.15559	0 28.0693 2.27682
0.169434 6.5686 6.15983	0 41.3643 2.26168
0.169678 6.52066 6.16803	0 39.4734 2.23846
0.169922 6.62841 6.17966	0 42.2281 2.20382
0.170166 6.55731 6.19419	0 59.2661 2.16271
0.17041 5.88699 6.2111	0 36.6333 2.12695
0.170654 4.95682 6.22984	0 15.3348 2.11044
0.170898 6.37097 6.24978	0 30.9852 2.1233
0.171143 6.2429 6.27012	0 35.7907 2.16739
0.171387 6.97116 6.28994	0 40.7182 2.23511
0.171631 6.17863 6.30829	0 38.701 2.31162
0.171875 7.107 6.32431	0 37.1415 2.37927
0.172119 5.55699 6.33734	0 26.1096 2.4226
0.172363 6.43527 6.34704	0 41.2043 2.43249
0.172607 6.79821 6.35337	0 51.9598 2.40852
0.172852 6.43557 6.35654	0 40.1231 2.3589
0.173096 6.01924 6.35692	0 43.3229 2.2978
0.17334 6.61189 6.35486	0 39.9442 2.24063
0.173584 6.38411 6.3507	0 45.1243 2.19896
0.173828 5.52967 6.34465	0 23.8012 2.17711
0.174072 6.30503 6.33688	0 35.4489 2.17213
0.174316 7.57521 6.32754	0 46.9413 2.17702
0.174561 6.42544 6.31678	0 31.5535 2.18552
0.174805 5.94344 6.30481	0 28.825 2.19582
0.175049 6.56663 6.29185	0 38.438 2.21128
0.175293 5.3085 6.27807	0 20.8642 2.23812
0.175537 6.05752 6.26357	0 29.3694 2.28134
0.175781 6.84968 6.2483	0 37.0535 2.34112
0.176025 6.3256 6.23211	0 36.6106 2.41133
0.17627 6.62877 6.2148	0 50.5538 2.48073
0.176514 5.99346 6.19617	0 27.1901 2.536
0.176758 6.52317 6.17614	0 49.5335 2.56531
0.177002 4.9799 6.15482	0 20.4413 2.56102
0.177246 6.62462 6.13258	0 37.4205 2.52106
0.17749 6.71789 6.11008	0 57.0348 2.44905
0.177734 5.62353 6.0882	0 36.1893 2.35369
0.177979 6.27514 6.06802	0 36.0726 2.24741
0.178223 6.79404 6.05061	0 42.4113 2.14452
0.178467 4.94575 6.03692	0 21.4691 2.05855
0.178711 5.83549 6.02753	0 36.6573 1.99945
0.178955 5.98689 6.02256	0 37.7511 1.97144
0.179199 5.70657 6.02155	0 23.9365 1.97242
0.179443 5.85311 6.02353	0 31.1565 1.99535
0.179688 6.32717 6.02711	0 49.4946 2.03138
0.179932 6.67678 6.03071	0 49.0742 2.07341
0.180176 5.76755 6.03282	0 30.3417 2.11884
0.18042 5.53741 6.03219	0 21.6993 2.17016
0.180664 7.01938 6.02803	0 43.6392 2.2329
0.180908 5.92934 6.02006	0 37.6477 2.31164
0.181152 5.77155 6.00859	0 28.0304 2.40589
0.181396 6.23309 5.99442	0 29.9305 2.50783
0.181641 5.15574 5.97873	0 22.0331 2.60332
0.181885 7.08967 5.96298	0 40.2153 2.676
0.182129 5.66519 5.94867	0 36.2977 2.71277
0.182373 6.12032 5.93722	0 47.2446 2.70812
0.182617 5.13047 5.92969	0 24.3954 2.66529
0.182861 6.26673 5.92666	0 34.7347 2.59418
0.183105 5.10247 5.9281	0 19.8356 2.50707
0.18335 6.14833 5.93337	0 34.6345 2.41462
0.183594 5.95914 5.94127	0 33.2282 2.32367
0.183838 5.70286 5.95025	0 34.899 2.23736
0.184082 6.77174 5.95866	0 49.7898 2.15652
0.184326 5.60662 5.96503	0 29.3949 2.08141
0.18457 6.18415 5.96824	0 39.3186 2.01269
0.184814 5.6229 5.9677	0 50.1979 1.95171
0.185059 7.2861 5.96327	0 52.8552 1.90022
0.185303 6.0024 5.9552	0 31.1223 1.85977
0.185547 5.05821 5.94395	0 21.8435 1.83097
0.185791 5.3708 5.93001	0 31.4226 1.813
0.186035 5.54523 5.91377	0 25.603 1.80388
0.186279 7.12485 5.89557	0 39.4753 1.80144
0.186523 5.91904 5.87569	0 43.893 1.80495
0.186768 5.88893 5.85452	0 25.3609 1.81631
0.187012 5.67198 5.83266	0 33.2488 1.8401
0.187256 6.3344 5.81092	0 34.0502 1.88207
0.1875 4.92315 5.79035	0 31.3688 1.94646
0.187744 5.65408 5.77204	0 35.4028 2.03321
0.187988 6.65815 5.75694	0 58.4258 2.13594
0.188232 5.6376 5.74565	0 35.0006 2.24192
0.188477 4.51504 5.73833	0 16.3634 2.33415
0.188721 5.60339 5.73466	0 49.9902 2.39547
0.188965 5.51714 5.73394	0 24.9122 2.41327
0.189209 5.90391 5.73525	0 31.5918 2.38362
0.189453 7.45922 5.7377	0 50.5879 2.31313
0.189697 5.19563 5.74055	0 17.7283 2.21796
0.189941 5.18308 5.74327	0 27.8638 2.12015
0.190186 6.25196 5.74542	0 30.3859 2.04251
0.19043 5.31441 5.74656	0 33.6384 2.00318
0.190674 5.10797 5.74598	0 21.4411 2.01157
0.190918 6.07419 5.74263	0 33.2738 2.06627
0.191162 6.11808 5.73508	0 27.793 2.15569
0.191406 5.22049 5.72173	0 27.8547 2.26091
0.19165 6.36145 5.70107	0 45.7113 2.36027
0.191895 5.97707 5.6721	0 25.806 2.43448
0.192139 5.96176 5.6347	0 28.6425 2.47099
0.192383 5.79066 5.58989	0 41.1561 2.46657
0.192627 4.94358 5.53986	0 25.8795 2.42747
0.192871 6.8684 5.48781	0 50.5194 2.36708
0.193115 5.46861 5.43746	0 34.4745 2.30193
0.193359 4.87507 5.39255	0 19.8016 2.24705
0.193604 4.20243 5.35613	0 19.3359 2.21222
0.193848 4.49097 5.33016	0 22.853 2.20015
0.194092 5.30123 5.31517	0 33.5264 2.20706
0.194336 4.72411 5.3103	0 25.5689 2.22515
0.19458 5.87774 5.31368	0 45.8686 2.24578
0.194824 5.50277 5.32289	0 39.2662 2.26202
0.195068 5.86462 5.33553	0 45.79 2.26972
0.195312 5.74556 5.34974	0 23.6971 2.26716
0.195557 5.36948 5.3644	0 27.6743 2.25393
0.195801 4.81622 5.37918	0 26.9754 2.22999
0.196045 5.6024 5.39428	0 25.8404 2.19505
0.196289 5.12789 5.41006	0 19.4385 2.14847
0.196533 5.17452 5.4267	0 35.1247 2.0895
0.196777 5.32141 5.44394	0 28.1454 2.01794
0.197021 5.54871 5.46096	0 36.3724 1.93514
0.197266 4.9991 5.47657	0 26.5402 1.84518
0.19751 5.91698 5.48944	0 33.274 1.75549
0.197754 5.97393 5.49844	0 31.785 1.6762
0.197998 6.14396 5.50289	0 28.8644 1.61799
0.198242 5.83381 5.50275	0 43.3494 1.58903
0.198486 5.13303 5.49852	0 20.8486 1.59244
0.19873 5.14322 5.49111	0 23.4291 1.62523
0.198975 5.19491 5.4815	0 40.1538 1.67929
0.199219 5.50531 5.47053	0 31.3896 1.74369
0.199463 5.11886 5.45867	0 28.9578 1.80725
0.199707 6.01256 5.44599	0 40.5981 1.86019
0.199951 5.98502 5.43226	0 31.2933 1.89493
0.200195 4.43356 5.41715	0 14.5523 1.90654
0.200439 4.9227 5.40052	0 21.1918 1.89377
0.200684 6.75979 5.38259	0 33.4711 1.86028
0.200928 5.78259 5.36405	0 31.4875 1.8154
0.201172 5.42585 5.34597	0 32.1319 1.77294
0.201416 4.67831 5.32964	0 16.7059 1.74754
0.20166 4.91866 5.31628	0 29.189 1.74959
0.201904 4.9967 5.30682	0 27.4103 1.7808
0.202148 4.96892 5.30177	0 20.8132 1.83268
0.202393 4.98023 5.30121	0 23.5586 1.88903
0.202637 5.71224 5.30494	0 37.6011 1.93182
0.202881 5.70203 5.31275	0 39.2874 1.948
0.203125 6.28823 5.32457	0 43.7097 1.93479
0.203369 4.79317 5.34066	0 26.7099 1.90103
0.203613 4.9298 5.3615	0 23.857 1.86419
0.203857 4.82921 5.38764	0 24.0364 1.84399
0.204102 5.05501 5.4194	0 23.6918 1.8554
0.204346 6.39055 5.45658	0 34.8903 1.90367
0.20459 4.83806 5.49824	0 29.7481 1.9832
0.204834 4.94987 5.54263	0 22.3901 2.08015
0.205078 6.05812 5.58738	0 39.2883 2.17717
0.205322 4.85827 5.62976	0 24.8268 2.25806
0.205566 6.59627 5.6671	0 45.7166 2.31101
0.205811 6.62812 5.69713	0 58.9394 2.32989
0.206055 5.41999 5.71835	0 25.6928 2.31415
0.206299 6.81557 5.73014	0 47.9688 2.26767
0.206543 5.0358 5.73274	0 17.0626 2.19708
0.206787 5.34784 5.7271	0 27.9178 2.10993
0.207031 6.36489 5.71464	0 29.2075 2.01314
0.207275 5.43284 5.69697	0 24.7328 1.91261
0.20752 4.93085 5.67568	0 29.3232 1.81396
0.207764 6.26734 5.65213	0 25.4761 1.72384
0.208008 6.54442 5.6274	0 32.8848 1.65052
0.208252 5.2654 5.60222	0 25.3806 1.60273
0.208496 5.07666 5.57692	0 32.6083 1.5869
0.20874 5.14266 5.55149	0 21.7431 1.60402
0.208984 6.02492 5.52559	0 44.2867 1.64816
0.209229 4.87469 5.49871	0 18.8766 1.70757
0.209473 5.7062 5.47028	0 31.8458 1.76839
0.209717 5.8944 5.43983	0 37.4842 1.81909
0.209961 5.74804 5.40723	0 41.7665 1.85371
0.210205 5.25568 5.37275	0 30.8398 1.87239
0.210449 5.96416 5.33714	0 25.8138 1.87916
0.210693 4.76684 5.30154	0 15.6989 1.87851
0.210938 5.21944 5.26742	0 27.2921 1.87271
0.211182 3.88417 5.23642	0 15.2179 1.86129
0.211426 5.63557 5.21019	0 33.1659 1.84283
0.21167 6.00005 5.19024	0 25.7895 1.81765
0.211914 5.58918 5.17782	0 38.8984 1.78944
0.212158 4.74128 5.17383	0 20.7651 1.76472
0.212402 4.29609 5.17866	0 19.2729 1.75009
0.212646 4.50437 5.19217	0 16.6087 1.74885
0.212891 5.52046 5.21362	0 32.777 1.7589
0.213135 5.20507 5.24175	0 21.9579 1.7731
0.213379 4.49353 5.27485	0 16.577 1.78209
0.213623 6.48966 5.31093	0 58.2483 1.77824
0.213867 5.8334 5.34785	0 34.4084 1.75871
0.214111 5.3079 5.38352	0 37.5784 1.7263
0.214355 4.82584 5.41594	0 19.3604 1.6878
0.2146 5.3735 5.4434	0 26.9093 1.65086
0.214844 4.77714 5.46451	0 17.0038 1.62088
0.215088 6.33466 5.4784	0 29.8718 1.59974
0.215332 5.97636 5.48484	0 30.7716 1.58653
0.215576 6.32726 5.48432	0 43.3571 1.57985
0.21582 5.45952 5.47812	0 26.5129 1.58015
0.216064 5.43852 5.46817	0 22.1272 1.59059
0.216309 4.79499 5.45681	0 23.6212 1.61588
0.216553 5.52239 5.4465	0 21.8874 1.65975
0.216797 5.36817 5.43941	0 29.9415 1.72248
0.217041 5.03503 5.43716	0 26.7832 1.7996
0.217285 4.9365 5.44064	0 21.9215 1.88239
0.217529 5.54495 5.44998	0 39.4966 1.95969
0.217773 5.63713 5.46465	0 39.4104 2.02007
0.218018 5.42635 5.48364	0 21.3455 2.05416
0.218262 6.00825 5.50562	0 33.2772 2.05681
0.218506 5.86044 5.52908	0 33.7752 2.02887
0.21875 4.62481 5.55238	0 21.3011 1.97792
0.218994 5.78693 5.57375	0 35.8606 1.91698
0.219238 4.81577 5.59139	0 26.3734 1.86104
0.219482 6.56692 5.60346	0 34.0776 1.82206
0.219727 5.65862 5.60834	0 35.0538 1.80459
0.219971 5.60104 5.60479	0 27.056 1.80391
0.220215 6.206 5.59229	0 49.2833 1.80803
0.220459 5.56481 5.57118	0 21.1533 1.80264
0.220703 6.1985 5.54276	0 35.8771 1.77727
0.220947 5.63205 5.50919	0 37.1456 1.7298
0.221191 4.95934 5.47316	0 25.5677 1.66765
0.221436 5.89234 5.43751	0 25.567 1.60529
0.22168 4.51788 5.40471	0 17.1076 1.55921
0.221924 5.40917 5.37653	0 22.9353 1.54228
0.222168 4.69805 5.35372	0 15.4439 1.55943
0.222412 4.57483 5.3361	0 23.6859 1.60582
0.222656 6.02911 5.3227	0 30.211 1.66811
0.2229 5.81377 5.31219	0 28.5923 1.72812
0.223145 5.33648 5.30325	0 28.4259 1.76807
0.223389 5.9488 5.29498	0 28.4092 1.7756
0.223633 4.94505 5.28712	0 28.587 1.74719
0.223877 5.09632 5.28005	0 24.433 1.68877
0.224121 5.29339 5.27469	0 18.4636 1.61354
0.224365 4.90758 5.27221	0 24.9572 1.53793
0.224609 4.7742 5.27378	0 23.2305 1.47745
0.224854 6.01198 5.28023	0 27.1738 1.44373
0.225098 4.67968 5.29191	0 18.8309 1.44355
0.225342 5.62657 5.30855	0 38.4323 1.47916
0.225586 4.58708 5.32929	0 20.7676 1.54916
0.22583 6.19693 5.35276	0 48.9116 1.6489
0.226074 4.94442 5.37728	0 23.5706 1.77044
0.226318 4.75601 5.4011	0 23.7456 1.90245
0.226562 5.76169 5.42268	0 45.0266 2.03104
0.226807 6.07726 5.44099	0 42.1745 2.14173
0.227051 5.81623 5.45565	0 37.008 2.22244
0.227295 5.456 5.46698	0 26.0644 2.26643
0.227539 6.03602 5.47594	0 40.8187 2.27392
0.227783 5.01885 5.48384	0 18.301 2.2518
0.228027 5.3972 5.49202	0 25.2308 2.21155
0.228271 4.94033 5.50148	0 17.5754 2.1658
0.228516 5.13691 5.51266	0 37.6471 2.12494
0.22876 5.06358 5.52541	0 20.6202 2.09444
0.229004 6.11408 5.53912	0 37.1689 2.07393
0.229248 5.84149 5.55301	0 31.7732 2.05828
0.229492 5.49153 5.56648	0 31.1733 2.04046
0.229736 6.95141 5.5794	0 35.0969 2.01492
0.22998 5.17755 5.59222	0 25.7854 1.97994
0.230225 5.18753 5.60588	0 25.4775 1.93782
0.230469 5.5265 5.62156	0 33.0491 1.89287
0.230713 5.16796 5.64035	0 19.157 1.8486
0.230957 4.93362 5.66289	0 21.0394 1.80579
0.231201 5.98833 5.68916	0 24.9235 1.76279
0.231445 5.61435 5.71839	0 31.703 1.71762
0.231689 6.91352 5.74918	0 48.1272 1.6706
0.231934 5.02682 5.77965	0 21.4089 1.62564
0.232178 5.55164 5.80775	0 32.0199 1.58939
0.232422 6.07839 5.83144	0 30.0796 1.56853
0.232666 6.83305 5.84897	0 41.2701 1.56686
0.23291 4.98007 5.85899	0 29.4121 1.5836
0.233154 6.38543 5.86066	0 33.5022 1.61391
0.233398 5.50637 5.85368	0 32.7872 1.65072
0.233643 7.02343 5.83829	0 45.6631 1.68688
0.233887 5.63628 5.81521	0 19.2993 1.71637
0.234131 5.68343 5.78555	0 30.3781 1.73454
0.234375 5.68202 5.75069	0 25.1415 1.73788
0.234619 5.81619 5.71218	0 29.2952 1.72442
0.234863 5.46441 5.67154	0 26.6859 1.69469
0.235107 5.49451 5.63024	0 26.6914 1.65259
0.235352 6.03411 5.58961	0 33.5342 1.60533
0.235596 5.29908 5.55084	0 23.3829 1.5618
0.23584 5.39742 5.515	0 28.5933 1.52999
0.236084 5.53285 5.48309	0 26.5403 1.51452
0.236328 5.08977 5.45605	0 26.2734 1.51559
0.236572 5.39049 5.43473	0 15.859 1.52963
0.236816 5.88213 5.41985	0 36.9995 1.55126
0.237061 5.64231 5.41184	0 28.9978 1.57528
0.237305 4.69467 5.4108	0 18.8211 1.59791
0.237549 4.58415 5.41642	0 14.7328 1.61696
0.237793 4.99045 5.42792	0 31.4722 1.63138
0.238037 6.10238 5.44421	0 42.6941 1.64099
0.238281 5.99595 5.46393	0 28.4048 1.64643
0.238525 5.34964 5.48569	0 31.7779 1.64945
0.23877 5.66229 5.50817	0 29.6811 1.65287
0.239014 5.2459 5.53022	0 34.2804 1.6603
0.239258 5.62085 5.55087	0 28.0639 1.67572
0.239502 5.72304 5.56935	0 22.5194 1.7033
0.239746 5.51836 5.58499	0 29.4711 1.74732
0.23999 4.80007 5.59726	0 22.78 1.81194
0.240234 6.42603 5.60579	0 41.6059 1.90033
0.240479 6.28789 5.61047	0 33.4117 2.01288
0.240723 4.94056 5.61154	0 22.9302 2.14504
0.240967 5.8451 5.60972	0 42.3809 2.28576
0.241211 5.89462 5.60618	0 30.1734 2.41795
0.241455 5.66991 5.6025	0 34.6753 2.52166
0.241699 5.47476 5.60042	0 25.3158 2.57929
0.241943 5.60995 5.60155	0 42.6407 2.58109
0.242188 5.35174 5.60713	0 26.7962 2.5286
0.242432 5.1177 5.6177	0 29.743 2.43436
0.242676 4.85973 5.63301	0 19.2277 2.31808
0.24292 6.13918 5.65203	0 25.0898 2.20068
0.243164 5.16314 5.67306	0 26.124 2.09869
0.243408 6.74908 5.694	0 47.2226 2.02065
0.243652 6.29809 5.71258	0 36.3162 1.96661
0.243896 5.49856 5.72662	0 27.3804 1.93019
0.244141 5.6125 5.73421	0 30.4884 1.90223
0.244385 4.92421 5.7338	0 19.9637 1.87455
0.244629 6.12947 5.72433	0 37.131 1.84271
0.244873 6.38771 5.70521	0 31.6766 1.80705
0.245117 6.36173 5.67647	0 31.433 1.77164
0.245361 5.90229 5.63879	0 34.9565 1.74207
0.245605 4.90041 5.59362	0 22.922 1.72295
0.24585 5.14677 5.54312	0 22.5481 1.71629
0.246094 5.89909 5.49013	0 40.1986 1.72154
0.246338 6.66417 5.43794	0 40.3051 1.73661
0.246582 5.27581 5.38993	0 29.4326 1.75915
0.246826 4.56302 5.34921	0 18.1297 1.78701
0.24707 4.34995 5.31815	0 20.3144 1.81772
0.247314 4.70327 5.2981	0 17.6307 1.84768
0.247559 5.00994 5.28924	0 20.4609 1.87206
0.247803 5.42088 5.29059	0 33.4646 1.88579
0.248047 5.62717 5.3003	0 26.0423 1.8854
0.248291 5.05193 5.31597	0 27.7915 1.87055
0.248535 6.00393 5.33508	0 40.0781 1.8442
0.248779 5.6074 5.35528	0 28.2092 1.81117
0.249023 4.85333 5.37469	0 23.4639 1.77585
0.249268 5.9273 5.39189	0 30.9082 1.7402
0.249512 4.40743 5.40598	0 24.5932 1.70333
0.249756 5.75733 5.4165	0 47.358 1.66265
0.25 5.59677 5.42328	0 28.9411 1.61605
0.250244 5.89988 5.42646	0 25.4955 1.56381
0.250488 5.96586 5.4264	0 29.6967 1.50928
0.250732 4.98721 5.42375	0 26.3069 1.45815
0.250977 4.74665 5.41939	0 21.0764 1.41683
0.251221 5.72859 5.41445	0 33.3427 1.39093
0.251465 5.19205 5.41027	0 24.177 1.38438
0.251709 6.37342 5.40821	0 46.9769 1.39922
0.251953 4.92565 5.40956	0 25.9694 1.43579
0.252197 5.4701 5.41531	0 31.4249 1.49267
0.252441 5.01288 5.42599	0 26.2323 1.56663
0.252686 5.09421 5.44155	0 17.6801 1.6527
0.25293 4.88859 5.46135	0 23.0753 1.745
0.253174 5.21697 5.48427	0 26.4072 1.83836
0.253418 5.70939 5.50891	0 30.2379 1.93012
0.253662 7.19446 5.53382	0 50.8211 2.02124
0.253906 5.27585 5.55766	0 29.675 2.11538
0.25415 5.28646 5.57939	0 26.4549 2.21604
0.254395 5.73753 5.59819	0 27.9124 2.32241
0.254639 5.36939 5.61339	0 31.9342 2.42613
0.254883 4.88445 5.62436	0 22.2978 2.511
0.255127 5.9671 5.63037	0 34.4492 2.55702
0.255371 6.07988 5.63059	0 67.3481 2.54771
0.255615 5.84278 5.62418	0 50.3031 2.47785
0.255859 5.71786 5.61045	0 31.6285 2.35785
0.256104 6.5079 5.58907	0 29.6396 2.21219
0.256348 4.52658 5.56029	0 22.9269 2.07194
0.256592 5.92668 5.52507	0 35.5941 1.96436
0.256836 5.8469 5.48511	0 38.7386 1.90382
0.25708 5.11327 5.44277	0 22.2741 1.88799
0.257324 6.28639 5.40095	0 32.8492 1.90058
0.257568 4.56798 5.3628	0 17.4231 1.91923
0.257812 5.32023 5.33141	0 31.4918 1.92496
0.258057 5.20494 5.30952	0 33.452 1.90943
0.258301 4.64858 5.2992	0 25.5644 1.87708
0.258545 4.7618 5.30165	0 23.8564 1.84205
0.258789 4.95467 5.31709	0 17.6664 1.82162
0.259033 5.6605 5.34474	0 28.5479 1.82943
0.259277 5.73724 5.38287	0 34.2227 1.87148
0.259521 4.85211 5.42904	0 21.6399 1.94625
0.259766 5.60298 5.48023	0 44.3364 2.0481
0.26001 4.48476 5.53316	0 16.4281 2.17144
0.260254 6.66236 5.5845	0 40.6325 2.31313
0.260498 5.9411 5.63114	0 27.867 2.47177
0.260742 5.81461 5.67042	0 27.7935 2.64466
0.260986 5.52096 5.70037	0 36.6635 2.82442
0.26123 6.31389 5.71982	0 53.9981 2.99739
0.261475 5.35601 5.72856	0 26.5589 3.14484
0.261719 6.5738 5.72728	0 39.8525 3.24694
0.261963 5.63556 5.71748	0 33.2034 3.28802
0.262207 6.08354 5.70122	0 38.7889 3.26136
0.262451 5.59549 5.68086	0 36.3738 3.17161
0.262695 5.9506 5.65864	0 41.62 3.03366
0.262939 4.64198 5.63645	0 42.7616 2.86838
0.263184 4.71383 5.61559	0 15.5272 2.69671
0.263428 6.12201 5.59672	0 36.0666 2.53479
0.263672 5.79416 5.57992	0 31.3499 2.39184
0.263916 5.74673 5.5649	0 41.5381 2.27101
0.26416 6.47383 5.55123	0 54.0272 2.17176
0.264404 5.1087 5.53858	0 21.8587 2.09209
0.264648 4.37917 5.52688	0 19.438 2.02953
0.264893 6.20799 5.51637	0 45.8763 1.98107
0.265137 5.74409 5.50756	0 28.4287 1.94319
0.265381 4.90176 5.5011	0 24.241 1.91264
0.265625 5.95945 5.49768	0 36.8932 1.88782
0.265869 6.01046 5.49782	0 34.2955 1.86962
0.266113 4.48678 5.50179	0 18.2907 1.86091
0.266357 4.88348 5.50953	0 25.5144 1.86434
0.266602 5.52131 5.52063	0 27.8618 1.87965
0.266846 6.42563 5.53436	0 47.2723 1.90231
0.26709 5.78688 5.54974	0 36.431 1.92455
0.267334 4.96085 5.56563	0 24.5655 1.93843
0.267578 5.84171 5.58076	0 34.6791 1.93936
0.267822 5.11055 5.59391	0 22.8125 1.92777
0.268066 6.20882 5.60394	0 35.4395 1.90831
0.268311 5.1889 5.60994	0 26.9849 1.88686
0.268555 5.74335 5.61135	0 37.7127 1.86734
0.268799 6.18421 5.60806	0 35.7258 1.84996
0.269043 5.61604 5.60051	0 24.9576 1.83148
0.269287 6.28671 5.58965	0 31.3899 1.80724
0.269531 4.85687 5.57688	0 24.7654 1.77384
0.269775 5.31511 5.56384	0 24.3305 1.73141
0.27002 5.99435 5.55212	0 35.64 1.68476
0.270264 5.15417 5.54296	0 21.6602 1.64274
0.270508 5.76973 5.537	0 39.325 1.61597
0.270752 4.72801 5.53413	0 15.3188 1.61337
0.270996 5.59489 5.53348	0 36.1748 1.6389
0.27124 5.0808 5.53363	0 27.1643 1.6899
0.271484 5.84344 5.53289	0 45.935 1.75783
0.271729 5.98446 5.52976	0 29.6324 1.83109
0.271973 6.43592 5.5232	0 36.1543 1.89845
0.272217 5.22479 5.51295	0 31.1147 1.95141
0.272461 5.62414 5.4995	0 25.7833 1.98478
0.272705 5.27944 5.484	0 35.8427 1.99564
0.272949 6.13977 5.4679	0 31.9977 1.98228
0.273193 4.704 5.45266	0 20.6823 1.94402
0.273438 4.71329 5.43943	0 25.1215 1.88218
0.273682 4.68702 5.42889	0 22.7507 1.80153
0.273926 5.49775 5.42127	0 24.7882 1.7108
0.27417 6.91191 5.41653	0 36.0812 1.62177
0.274414 5.93506 5.41454	0 25.9702 1.54686
0.274658 4.90904 5.4153	0 21.0282 1.49637
0.274902 5.01717 5.419	0 25.1429 1.4764
0.275146 4.91553 5.42605	0 21.2184 1.48835
0.275391 5.70549 5.43691	0 28.9307 1.52966
0.275635 5.23799 5.4519	0 29.2237 1.59517
0.275879 5.37511 5.47108	0 43.2822 1.67797
0.276123 5.11469 5.49415	0 29.4257 1.76966
0.276367 6.09543 5.52041	0 34.1148 1.8605
0.276611 5.56136 5.54886	0 28.478 1.94036
0.276855 5.45483 5.57823	0 37.2939 2.00076
0.2771 5.08292 5.60714	0 15.5816 2.03717
0.277344 6.23531 5.63414	0 29.2535 2.05018
0.277588 6.20526 5.65779	0 32.3669 2.04448
0.277832 4.84256 5.67676	0 28.9958 2.02598
0.278076 5.97047 5.68992	0 45.5535 1.99889
0.27832 5.47137 5.69654	0 24.8014 1.96421
0.278564 6.46616 5.69645	0 34.7298 1.9206
0.278809 5.69706 5.69017	0 37.2699 1.8667
0.279053 5.74716 5.67903	0 30.7911 1.80343
0.279297 6.67206 5.66512	0 42.5957 1.73486
0.279541 4.97857 5.65108	0 23.7071 1.66748
0.279785 6.00139 5.63979	0 31.4442 1.6084
0.280029 4.48891 5.63395	0 20.77 1.56382
0.280273 5.05027 5.63569	0 29.4063 1.53828
0.280518 6.05871 5.64623	0 42.1427 1.53471
0.280762 5.23256 5.66569	0 29.9838 1.55457
0.281006 5.4208 5.69304	0 24.8346 1.59747
0.28125 6.04209 5.72628	0 30.662 1.66053
0.281494 6.12192 5.76265	0 30.0766 1.73783
0.281738 5.27695 5.79891	0 28.8895 1.82099
0.281982 5.48353 5.83171	0 23.1908 1.90083
0.282227 7.09886 5.85789	0 56.3568 1.96947
0.282471 6.17037 5.87475	0 40.6723 2.02181
0.282715 5.01165 5.88035	0 24.6961 2.05572
0.282959 6.01599 5.87365	0 37.9496 2.07112
0.283203 6.77372 5.8547	0 39.8054 2.0689
0.283447 6.69205 5.82461	0 43.4603 2.05034
0.283691 5.94375 5.78547	0 37.9143 2.01726
0.283936 5.68111 5.74017	0 36.1812 1.9725
0.28418 5.08524 5.69204	0 22.9401 1.91988
0.284424 5.24366 5.64462	0 36.6045 1.86377
0.284668 5.15598 5.6013	0 36.1547 1.80844
0.284912 5.4761 5.5651	0 34.218 1.75799
0.285156 5.86548 5.5385	0 29.7614 1.71684
0.2854 6.11953 5.52327	0 35.4401 1.69027
0.285645 5.34524 5.52037	0 28.4886 1.68441
0.285889 4.30623 5.52978	0 22.1648 1.70508
0.286133 5.2564 5.55039	0 23.294 1.75594
0.286377 5.43467 5.57998	0 24.3445 1.83672
0.286621 4.98361 5.61533	0 21.7868 1.94241
0.286865 5.90461 5.65243	0 30.3546 2.06365
0.287109 5.84753 5.68697	0 33.926 2.18816
0.287354 6.92849 5.71489	0 46.1556 2.30257
0.287598 5.61504 5.73296	0 26.8911 2.39435
0.287842 6.21363 5.73924	0 46.4486 2.45357
0.288086 5.52052 5.73338	0 27.027 2.47467
0.28833 6.53845 5.71656	0 44.9993 2.45775
0.288574 6.30013 5.69123	0 38.3407 2.40895
0.288818 5.23602 5.66058	0 29.4196 2.33938
0.289062 5.48683 5.62787	0 27.7988 2.26267
0.289307 4.79371 5.59586	0 20.6044 2.19185
0.289551 4.78598 5.56634	0 24.4133 2.13653
0.289795 5.67746 5.53999	0 35.982 2.10118
0.290039 4.95303 5.51645	0 19.6803 2.08477
0.290283 7.01634 5.49462	0 40.4382 2.08145
0.290527 5.44895 5.47317	0 32.8432 2.08193
0.290771 5.607 5.45093	0 36.0745 2.07537
0.291016 5.14014 5.42724	0 23.6839 2.05154
0.29126 5.81453 5.40206	0 23.0417 2.00336
0.291504 5.00099 5.376	0 21.7374 1.9292
0.291748 5.52605 5.35006	0 38.2932 1.83429
0.291992 4.84952 5.32542	0 20.8425 1.73037
0.292236 5.08481 5.30318	0 26.9003 1.63329
0.29248 5.8874 5.28418	0 36.1419 1.55929
0.292725 4.57724 5.26891	0 20.1104 1.52091
0.292969 5.35336 5.25752	0 28.8932 1.52412
0.293213 5.77552 5.2499	0 30.0792 1.56713
0.293457 4.83609 5.24578	0 23.0738 1.64096
0.293701 5.21053 5.24497	0 21.8403 1.73138
0.293945 4.44988 5.24741	0 18.4465 1.82168
0.294189 5.86126 5.25338	0 38.2063 1.8961
0.294434 5.48658 5.2635	0 34.9484 1.94353
0.294678 5.68954 5.27867	0 41.1744 1.96062
0.294922 5.07942 5.29995	0 21.3555 1.95332
0.295166 4.66081 5.32826	0 16.8164 1.9356
0.29541 5.75757 5.36407	0 40.7545 1.92529
0.295654 4.31919 5.40715	0 23.0855 1.93803
0.295898 5.43138 5.45637	0 31.7292 1.98151
0.296143 4.77884 5.50974	0 23.9327 2.05234
0.296387 5.86053 5.56452	0 34.3089 2.13698
0.296631 6.41531 5.61756	0 32.602 2.2166
0.296875 6.48312 5.6657	0 35.2629 2.27371
0.297119 5.65628 5.70611	0 31.2551 2.29794
0.297363 5.34859 5.73659	0 32.7152 2.28851
0.297607 6.08427 5.75573	0 29.5757 2.25293
0.297852 5.43248 5.76298	0 22.0395 2.20297
0.298096 6.86427 5.75854	0 45.7306 2.15007
0.29834 5.69382 5.74331	0 21.1058 2.10215
0.298584 5.7517 5.71871	0 33.4155 2.06257
0.298828 5.61357 5.68661	0 30.8436 2.03081
0.299072 5.3257 5.64915	0 28.6012 2.00401
0.299316 6.19562 5.60862	0 35.9497 1.9783
0.299561 6.05141 5.56729	0 31.5124 1.94977
0.299805 4.83769 5.52725	0 20.0928 1.91509
0.300049 5.09713 5.49023	0 19.9308 1.87215
0.300293 5.64756 5.45747	0 45.3219 1.82083
0.300537 4.96869 5.42969	0 26.0691 1.76346
0.300781 5.26143 5.40706	0 30.2162 1.70469
0.301025 5.37656 5.38935	0 31.5177 1.65041
0.30127 5.39556 5.37609	0 26.2224 1.60611
0.301514 6.23472 5.3668	0 44.4774 1.57518
0.301758 4.80633 5.36113	0 20.3353 1.55799
0.302002 5.02673 5.35898	0 26.6447 1.55207
0.302246 5.56486 5.36053	0 30.1058 1.55345
0.30249 5.21273 5.36614	0 24.826 1.55855
0.302734 5.29161 5.37618	0 19.0886 1.56592
0.302979 5.90046 5.39086	0 30.0188 1.57703
0.303223 4.87506 5.40998	0 26.0465 1.59544
0.303467 5.04525 5.43286	0 25.1471 1.62474
0.303711 4.97217 5.45825	0 15.2907 1.66599
0.303955 5.92474 5.48446	0 26.1136 1.71605
0.304199 5.0906 5.50952	0 29.1604 1.76757
0.304443 6.47055 5.5315	0 25.6567 1.81086
0.304688 5.97042 5.5487	0 28.3002 1.83666
0.304932 5.29332 5.55994	0 31.6884 1.83864
0.305176 5.80349 5.5647	0 33.1223 1.81517
0.30542 5.93198 5.56309	0 35.3595 1.7698
0.305664 4.80939 5.55589	0 30.9001 1.71101
0.305908 5.35509 5.54429	0 27.325 1.65094
0.306152 6.77018 5.52977	0 45.6277 1.60313
0.306396 5.10338 5.51389	0 16.1343 1.57924
0.306641 5.59465 5.49808	0 24.2315 1.58561
0.306885 5.0043 5.48351	0 22.1067 1.62097
0.307129 4.73708 5.47101	0 23.9599 1.67669
0.307373 6.14873 5.46093	0 45.4906 1.73952
0.307617 5.68138 5.45322	0 25.3737 1.79583
0.307861 5.04096 5.44746	0 29.7603 1.83542
0.308105 5.41371 5.44289	0 36.1646 1.85372
0.30835 5.43096 5.43864	0 22.2234 1.85208
0.308594 5.62638 5.43379	0 35.6523 1.8366
0.308838 5.36218 5.42756	0 27.9313 1.81621
0.309082 5.63411 5.41946	0 24.6432 1.80049
0.309326 5.00891 5.40938	0 29.0246 1.79744
0.30957 5.90006 5.39761	0 29.8921 1.81157
0.309814 5.84645 5.38485	0 36.3851 1.84281
0.310059 5.17302 5.37209	0 30.5877 1.88659
0.310303 4.91286 5.36047	0 27.7819 1.93496
0.310547 5.70674 5.35112	0 32.1189 1.97853
0.310791 4.16773 5.34498	0 13.6857 2.00841
0.311035 5.66547 5.34272	0 24.3454 2.01795
0.311279 6.01169 5.34469	0 30.0747 2.00375
0.311523 5.13493 5.35098	0 30.8382 1.96617
0.311768 4.65417 5.36144	0 16.4759 1.90929
0.312012 5.68279 5.37583	0 27.4973 1.84067
0.312256 5.46557 5.3938	0 25.7045 1.77063
0.3125 5.64697 5.41493	0 33.188 1.71119
0.312744 5.26535 5.43868	0 25.54 1.67431
0.312988 5.39755 5.46428	0 37.4395 1.6696
0.313232 5.01314 5.49066	0 23.1159 1.70181
0.313477 5.57874 5.51641	0 25.8421 1.76878
0.313721 5.59894 5.53989	0 26.6674 1.86058
0.313965 5.77715 5.55935	0 37.1165 1.96042
0.314209 5.49824 5.57322	0 31.5278 2.04754
0.314453 5.97 5.58039	0 36.3767 2.10171
0.314697 5.72664 5.58044	0 38.9344 2.10834
0.314941 6.18482 5.5738	0 44.5926 2.06285
0.315186 5.91436 5.5617	0 33.3844 1.97255
0.31543 5.4734 5.54595	0 31.1664 1.85517
0.315674 5.163 5.52862	0 22.9805 1.73404
0.315918 4.76901 5.51165	0 18.8856 1.63161
0.316162 5.61683 5.49647	0 36.6744 1.56373
0.316406 5.41704 5.48377	0 23.0175 1.53661
0.31665 5.07451 5.47344	0 31.8072 1.54746
0.316895 5.49996 5.46464	0 27.4425 1.58767
0.317139 6.06811 5.45605	0 35.2052 1.64684
0.317383 5.48384 5.44613	0 34.3899 1.71554
0.317627 5.89005 5.43345	0 31.0374 1.78609
0.317871 5.16004 5.41687	0 25.8425 1.85139
0.318115 5.17522 5.39576	0 39.0023 1.90353
0.318359 5.04935 5.37007	0 23.4976 1.93335
0.318604 5.70103 5.34038	0 25.8312 1.93201
0.318848 6.54723 5.30788	0 65.7802 1.89393
0.319092 4.46989 5.27429	0 17.5655 1.81982
0.319336 4.91243 5.24175	0 18.2964 1.71811
0.31958 6.00116 5.21253	0 31.4291 1.60372
0.319824 4.46649 5.18881	0 17.2842 1.4946
0.320068 5.04304 5.17229	0 33.5081 1.40697
0.320312 4.86285 5.16398	0 21.9995 1.35132
0.320557 4.72921 5.16395	0 25.3358 1.33021
0.320801 5.2481 5.17134	0 39.1105 1.33854
0.321045 4.79822 5.18454	0 24.7189 1.36599
0.321289 4.76713 5.20152	0 17.9036 1.40053
0.321533 5.22407 5.22027	0 23.9074 1.43203
0.321777 6.77428 5.23921	0 49.9728 1.45472
0.322021 5.80292 5.25749	0 30.9181 1.46805
0.322266 5.42435 5.275	0 26.7455 1.47587
0.32251 4.04298 5.29225	0 13.8735 1.48451
0.322754 5.40287 5.30999	0 34.1778 1.50066
0.322998 4.66624 5.32878	0 19.7597 1.52969
0.323242 5.7131 5.34856	0 29.5129 1.57445
0.323486 5.59332 5.36854	0 25.7878 1.63455
0.32373 4.58029 5.38714	0 17.1503 1.70567
0.323975 5.10471 5.40237	0 22.7413 1.77939
0.324219 6.57655 5.41221	0 40.8435 1.84412
0.324463 5.7942 5.41514	0 47.5547 1.88743
0.324707 5.88074 5.41053	0 41.3346 1.89963
0.324951 5.99001 5.39884	0 46.1456 1.87724
0.325195 5.02927 5.38158	0 20.1727 1.82503
0.325439 4.88977 5.36098	0 23.171 1.75547
0.325684 5.39714 5.33958	0 28.4961 1.68564
0.325928 5.07881 5.31974	0 18.376 1.6325
0.326172 4.78233 5.30318	0 19.9589 1.60808
0.326416 5.45366 5.29071	0 32.1761 1.61611
0.32666 4.90132 5.28218	0 21.4803 1.6511
0.326904 5.57217 5.27659	0 31.6757 1.70019
0.327148 5.63988 5.27236	0 40.6258 1.7473
0.327393 4.43293 5.26768	0 18.6021 1.7783
0.327637 6.29884 5.26092	0 32.1176 1.7854
0.327881 4.84044 5.25093	0 16.4026 1.76925
0.328125 5.56858 5.23728	0 42.0827 1.73801
0.328369 5.4008 5.22034	0 25.5915 1.70365
0.328613 5.4246 5.20124	0 33.4769 1.67728
0.328857 5.37267 5.18166	0 29.4656 1.66543
0.329102 4.51597 5.16354	0 16.8779 1.66864
0.329346 5.10779 5.14879	0 26.6984 1.68256
0.32959 5.10175 5.13887	0 24.1589 1.70048
0.329834 4.7805 5.13464	0 19.3011 1.71578
0.330078 4.8058 5.13611	0 21.3742 1.72341
0.330322 4.93852 5.14255	0 28.8107 1.72039
0.330566 5.46364 5.15257	0 46.1704 1.70587
0.330811 5.26288 5.1644	0 31.2215 1.68136
0.331055 5.28456 5.17617	0 28.8606 1.65093
0.331299 5.0534 5.18627	0 22.5165 1.62075
0.331543 5.38088 5.19346	0 34.3942 1.59767
0.331787 5.65548 5.19711	0 29.9125 1.58685
0.332031 5.2326 5.19712	0 22.2025 1.58967
0.332275 5.37087 5.19387	0 24.3175 1.60295
0.33252 4.9753 5.18805	0 23.7291 1.62012
0.332764 4.5995 5.18057	0 19.6132 1.63381
0.333008 4.86031 5.17237	0 21.9986 1.63887
0.333252 5.88999 5.1644	0 27.625 1.63437
0.333496 5.67737 5.15762	0 35.2055 1.62388
0.33374 4.73523 5.15294	0 20.5233 1.61409
0.333984 4.81948 5.15128	0 19.9778 1.61256
0.334229 4.98838 5.15352	0 25.6657 1.62574
0.334473 5.78168 5.16036	0 50.0707 1.65774
0.334717 4.58724 5.17227	0 22.786 1.70999
0.334961 5.08398 5.18939	0 23.2732 1.78084
0.335205 4.77422 5.2114	0 19.0565 1.86513
0.335449 5.12326 5.23759	0 23.6416 1.95377
0.335693 5.22277 5.26686	0 22.9191 2.03452
0.335938 6.10094 5.29789	0 31.871 2.09424
0.336182 5.18849 5.32918	0 65.8551 2.12266
0.336426 5.0674 5.35923	0 41.3734 2.11595
0.33667 5.69173 5.38661	0 30.7992 2.0786
0.336914 5.27101 5.40999	0 22.4305 2.02241
0.337158 5.58507 5.42828	0 31.4278 1.96285
0.337402 5.41106 5.44064	0 24.5296 1.91419
0.337646 4.9973 5.44662	0 23.0572 1.88517
0.337891 6.36601 5.44619	0 30.9476 1.87669
0.338135 5.74647 5.43981	0 31.8354 1.88246
0.338379 5.35942 5.42834	0 22.7151 1.89189
0.338623 5.89742 5.41289	0 43.3993 1.89423
0.338867 5.53578 5.39454	0 25.2971 1.88208
0.339111 4.63001 5.37415	0 20.1068 1.85299
0.339355 4.35712 5.35211	0 17.886 1.80859
0.3396 5.13792 5.32829	0 22.6019 1.75223
0.339844 6.02715 5.30217	0 40.9093 1.68678
0.340088 5.67066 5.27315	0 28.254 1.61394
0.340332 6.12744 5.24082	0 37.5642 1.53525
0.340576 4.834 5.20534	0 24.3224 1.45382
0.34082 5.35281 5.16761	0 21.317 1.37516
0.341064 4.88454 5.12926	0 18.5639 1.30639
0.341309 5.17719 5.09242	0 25.4036 1.25405
0.341553 5.04525 5.05933	0 23.7843 1.22197
0.341797 4.6362 5.03197	0 12.3131 1.21015
0.342041 4.4582 5.01164	0 14.4789 1.21539
0.342285 4.76219 4.99873	0 28.7513 1.23304
0.342529 4.67646 4.99274	0 23.1153 1.25899
0.342773 5.17611 4.99241	0 29.0365 1.29082
0.343018 5.11771 4.99605	0 21.2254 1.32785
0.343262 5.36772 5.00191	0 29.2969 1.37028
0.343506 5.00799 5.00857	0 35.1594 1.41807
0.34375 5.41353 5.01511	0 28.9154 1.47021
0.343994 4.62619 5.02129	0 25.5541 1.52443
0.344238 5.27252 5.02745	0 30.2718 1.5773
0.344482 4.98696 5.03431	0 24.933 1.62443
0.344727 4.90693 5.04282	0 26.8565 1.66102
0.344971 4.23943 5.05388	0 22.4125 1.68275
0.345215 5.45439 5.06815	0 33.0581 1.68722
0.345459 5.15972 5.08596	0 21.536 1.67497
0.345703 4.96353 5.10719	0 25.5474 1.64946
0.345947 5.81896 5.13124	0 36.3001 1.61558
0.346191 4.72697 5.15707	0 20.4388 1.5775
0.346436 4.66223 5.18318	0 19.769 1.53724
0.34668 4.88721 5.20769	0 27.8013 1.49514
0.346924 5.43389 5.22847	0 31.4018 1.45199
0.347168 5.68179 5.24334	0 30.3441 1.41129
0.347412 5.48142 5.25025	0 20.9817 1.3798
0.347656 6.39462 5.24758	0 43.1692 1.36544
0.3479 4.62643 5.2344	0 20.691 1.37348
0.348145 5.17031 5.21059	0 20.8074 1.4032
0.348389 5.04597 5.17707	0 21.9136 1.44702
0.348633 5.54531 5.13569	0 39.4996 1.49274
0.348877 6.18279 5.0892	0 46.3675 1.52786
0.349121 4.42331 5.04098	0 29.1403 1.54378
0.349365 5.17654 4.99467	0 24.8531 1.53789
0.349609 4.69278 4.95371	0 18.42 1.51301
0.349854 4.22156 4.92097	0 16.0903 1.47485
0.350098 4.114 4.89828	0 20.0018 1.42924
0.350342 4.96954 4.88623	0 39.182 1.38049
0.350586 4.57656 4.88405	0 17.92 1.33128
0.35083 5.08843 4.88982	0 19.497 1.28356
0.351074 4.96163 4.90074	0 20.8463 1.23953
0.351318 4.58303 4.91359	0 20.0992 1.20212
0.351562 5.03872 4.92524	0 24.6132 1.17469
0.351807 5.97045 4.9331	0 32.7936 1.16027
0.352051 4.72079 4.93549	0 26.9009 1.1605
0.352295 5.01791 4.93183	0 18.1162 1.17469
0.352539 4.92673 4.92266	0 17.5387 1.19931
0.352783 5.50737 4.90948	0 21.3741 1.22832
0.353027 4.95762 4.89443	0 27.2154 1.25456
0.353271 4.43507 4.87994	0 29.1882 1.27171
0.353516 4.24659 4.86834	0 20.7687 1.27631
0.35376 4.75044 4.86147	0 28.035 1.26882
0.354004 5.24797 4.86052	0 28.3702 1.25351
0.354248 4.24064 4.86588	0 19.2426 1.2371
0.354492 4.88544 4.8772	0 22.3507 1.22646
0.354736 4.59184 4.89356	0 23.2287 1.22642
0.35498 5.37581 4.91371	0 28.1005 1.23832
0.355225 5.04396 4.93629	0 30.0849 1.26015
0.355469 5.07207 4.96007	0 22.006 1.28825
0.355713 4.71694 4.98408	0 26.4324 1.31973
0.355957 4.76276 5.00765	0 24.0152 1.35396
0.356201 5.51158 5.03033	0 29.8676 1.39234
0.356445 5.13653 5.05177	0 20.6681 1.43626
0.356689 5.29125 5.07152	0 25.4577 1.48468
0.356934 4.87188 5.08894	0 26.0796 1.53302
0.357178 4.35982 5.10309	0 16.6616 1.57419
0.357422 5.15376 5.11282	0 26.6263 1.60135
0.357666 5.51781 5.11696	0 23.0407 1.61081
0.35791 4.9731 5.11456	0 18.3438 1.60366
0.358154 6.28932 5.1052	0 56.6917 1.58541
0.358398 5.24027 5.08922	0 31.9956 1.56411
0.358643 5.44314 5.06774	0 28.0538 1.54787
0.358887 4.68409 5.04259	0 13.1446 1.54274
0.359131 4.65663 5.01598	0 13.3435 1.55141
0.359375 4.95937 4.9901	0 20.0741 1.573
0.359619 4.2673 4.96671	0 20.0019 1.60345
0.359863 5.49014 4.94679	0 39.1391 1.63646
0.360107 4.45012 4.93034	0 15.1101 1.66432
0.360352 4.96557 4.91647	0 22.6778 1.67885
0.360596 4.35316 4.90358	0 13.9379 1.6725
0.36084 5.40695 4.88982	0 29.2486 1.63998
0.361084 5.08195 4.87349	0 24.9619 1.5802
0.361328 5.21273 4.85353	0 30.8649 1.49776
0.361572 5.13999 4.82972	0 30.3624 1.40263
0.361816 5.0931 4.80282	0 23.1895 1.30769
0.362061 4.87437 4.77441	0 18.292 1.22475
0.362305 4.53831 4.74658	0 25.7392 1.16098
0.362549 4.03316 4.7215	0 15.4445 1.11748
0.362793 4.45622 4.70103	0 21.2297 1.09074
0.363037 4.37107 4.68633	0 15.5156 1.0758
0.363281 4.51 4.67776	0 21.9133 1.06942
0.363525 4.89651 4.67488	0 22.2287 1.07157
0.36377 4.90915 4.67665	0 32.7405 1.08456
0.364014 4.75798 4.68171	0 18.1715 1.11081
0.364258 4.24553 4.68874	0 15.9866 1.15039
0.364502 4.76072 4.69676	0 14.008 1.19972
0.364746 5.1385 4.70527	0 21.4006 1.25203
0.36499 4.70732 4.71434	0 28.6733 1.29943
0.365234 5.0068 4.72453	0 26.775 1.33575
0.365479 4.83016 4.73669	0 34.132 1.3591
0.365723 3.91061 4.75171	0 15.7648 1.37311
0.365967 4.57467 4.77031	0 16.7388 1.38633
0.366211 4.78087 4.79276	0 24.5766 1.41019
0.366455 4.82895 4.81884	0 23.4625 1.45595
0.366699 4.76606 4.8478	0 24.6268 1.53153
0.366943 5.33289 4.87847	0 17.6787 1.63898
0.367188 4.4432 4.90943	0 17.0002 1.77308
0.367432 5.1338 4.93924	0 28.1252 1.9215
0.367676 4.79955 4.96667	0 18.4992 2.06702
0.36792 5.4578 4.99081	0 40.0576 2.19131
0.368164 5.21537 5.01122	0 33.2474 2.27954
0.368408 5.08852 5.02789	0 30.504 2.3242
0.368652 5.06239 5.04111	0 21.4812 2.32672
0.368896 5.08227 5.0513	0 21.8754 2.29617
0.369141 4.94815 5.05882	0 32.7554 2.24556
0.369385 4.99958 5.06378	0 23.4326 2.18718
0.369629 4.87884 5.06597	0 28.437 2.12881
0.369873 4.40699 5.06489	0 19.2801 2.07219
0.370117 5.83506 5.05991	0 26.3444 2.01426
0.370361 5.30822 5.05052	0 27.7234 1.95027
0.370605 5.47213 5.03652	0 35.9581 1.87734
0.37085 5.15166 5.01822	0 28.7828 1.79688
0.371094 5.03744 4.9965	0 23.6035 1.71485
0.371338 5.10406 4.97268	0 21.9535 1.64006
0.371582 4.48614 4.94834	0 24.6552 1.58144
0.371826 4.49958 4.92505	0 22.3167 1.54571
0.37207 5.03358 4.90411	0 30.3673 1.53614
0.372314 4.88723 4.88639	0 21.4481 1.55247
0.372559 4.57587 4.8723	0 19.7772 1.59114
0.372803 4.90754 4.86177	0 22.3633 1.64559
0.373047 5.09051 4.85442	0 22.6502 1.7065
0.373291 4.66859 4.8497	0 28.4884 1.76265
0.373535 5.12968 4.84698	0 26.9415 1.803
0.373779 4.66942 4.84567	0 35.6061 1.8195
0.374023 5.06269 4.84521	0 22.0879 1.80953
0.374268 4.45386 4.84504	0 16.8262 1.77657
0.374512 4.58294 4.84467	0 18.8716 1.72844
0.374756 5.0334 4.84359	0 24.0705 1.67396
0.375 4.99844 4.84135	0 23.9674 1.61953
0.375244 4.72236 4.83761	0 18.866 1.56733
0.375488 5.51945 4.83214	0 26.1475 1.51573
0.375732 5.03491 4.82485	0 23.0107 1.46142
0.375977 4.1661 4.81573	0 19.3365 1.40169
0.376221 4.75116 4.80486	0 26.3734 1.33595
0.376465 4.58385 4.79228	0 25.8192 1.2661
0.376709 4.89187 4.77807	0 18.8529 1.19576
0.376953 5.40068 4.76238	0 35.3478 1.12938
0.377197 4.26162 4.74556	0 23.6109 1.0712
0.377441 4.46232 4.72824	0 15.7881 1.0246
0.377686 5.17898 4.71149	0 20.2501 0.991701
0.37793 5.40966 4.69675	0 26.2714 0.973547
0.378174 4.44299 4.68569	0 15.3015 0.97072
0.378418 4.55923 4.67996	0 19.6438 0.983983
0.378662 3.87457 4.68083	0 11.2506 1.01436
0.378906 4.09157 4.68887	0 12.9702 1.06233
0.37915 4.33647 4.70371	0 15.7623 1.12641
0.379395 5.40825 4.72399	0 33.5464 1.20203
0.379639 4.46521 4.74752	0 24.9633 1.28156
0.379883 4.55907 4.77158	0 18.1147 1.35556
0.380127 5.34404 4.79346	0 29.621 1.4147
0.380371 4.79815 4.81083	0 17.2701 1.45149
0.380615 5.39979 4.82219	0 28.1627 1.46123
0.380859 4.86309 4.82707	0 19.8888 1.44227
0.381104 5.74484 4.82603	0 47.9665 1.39606
0.381348 4.5601 4.82045	0 22.4952 1.32718
0.381592 4.10474 4.81218	0 19.4422 1.24319
0.381836 4.34179 4.80313	0 15.465 1.15416
0.38208 4.89052 4.79488	0 18.4969 1.07144
0.382324 5.20698 4.78836	0 27.5767 1.00621
0.382568 4.68109 4.78376	0 15.1954 0.967709
0.382812 4.26356 4.78052	0 19.1455 0.961696
0.383057 4.87187 4.77752	0 19.797 0.989371
0.383301 4.47955 4.77335	0 18.1191 1.04695
0.383545 5.6005 4.76662	0 27.1355 1.12608
0.383789 5.20765 4.75624	0 20.6896 1.2151
0.384033 4.31446 4.74168	0 16.6058 1.3006
0.384277 4.92231 4.72309	0 19.9139 1.36934
0.384521 4.55485 4.7013	0 19.3329 1.41002
0.384766 4.83577 4.67775	0 30.6706 1.41521
0.38501 4.95119 4.65426	0 24.8835 1.38318
0.385254 4.26723 4.63275	0 16.2631 1.3189
0.385498 5.03324 4.61491	0 36.2345 1.23378
0.385742 3.72852 4.60189	0 14.7213 1.14351
0.385986 4.55249 4.59406	0 24.5971 1.06459
0.38623 4.2722 4.59094	0 14.4477 1.01058
0.386475 4.08477 4.59122	0 11.7972 0.989309
0.386719 4.96914 4.59305	0 23.5309 1.00174
0.386963 5.02828 4.59437	0 24.382 1.04242
0.387207 4.46827 4.59337	0 13.1816 1.10122
0.387451 5.29432 4.58881	0 17.2137 1.16559
0.387695 4.54837 4.58036	0 20.387 1.22302
0.387939 5.30061 4.56859	0 25.55 1.26312
0.388184 3.86041 4.55491	0 12.0467 1.27912
0.388428 4.14214 4.54123	0 16.0615 1.26862
0.388672 4.83518 4.52959	0 22.8683 1.23355
0.388916 4.3566 4.52176	0 18.141 1.17985
0.38916 4.19703 4.51892	0 21.3865 1.11661
0.389404 3.9377 4.52145	0 12.0847 1.05501
0.389648 4.77176 4.52894	0 19.8798 1.00661
0.389893 4.55812 4.54025	0 17.9643 0.981181
0.390137 4.92178 4.55381	0 17.0215 0.984496
0.390381 4.13663 4.56789	0 17.7672 1.01678
0.390625 4.44067 4.58092	0 15.0214 1.07259
0.390869 5.13325 4.59177	0 28.8672 1.14227
0.391113 5.04268 4.59986	0 24.1911 1.21458
0.391357 4.69344 4.60519	0 28.4625 1.27943
0.391602 4.47344 4.60825	0 14.7947 1.32991
0.391846 4.59368 4.60985	0 20.3337 1.36308
0.39209 4.25307 4.61083	0 17.9229 1.3798
0.392334 4.22348 4.61191	0 14.2393 1.38379
0.392578 4.72924 4.6135	0 20.0723 1.38049
0.392822 4.96082 4.61563	0 23.2394 1.37573
0.393066 4.74293 4.61802	0 26.3586 1.3743
0.393311 4.25274 4.62013	0 12.4399 1.37854
0.393555 4.94501 4.62134	0 21.6897 1.38748
0.393799 4.37437 4.62104	0 22.0487 1.39668
0.394043 4.72036 4.61877	0 20.9905 1.39941
0.394287 5.00838 4.61425	0 24.0694 1.3886
0.394531 4.40363 4.6074	0 17.7294 1.35938
0.394775 4.91127 4.59833	0 24.9136 1.31109
0.39502 4.40379 4.5873	0 29.924 1.24819
0.395264 4.17241 4.57469	0 19.4378 1.17954
0.395508 4.77584 4.56103	0 20.1767 1.11612
0.395752 4.73321 4.54693	0 20.1952 1.06797
0.395996 4.26262 4.53312	0 11.4606 1.04153
0.39624 5.23948 4.52038	0 32.3176 1.03832
0.396484 4.27898 4.50949	0 17.9645 1.05537
0.396729 4.32609 4.50105	0 16.2345 1.08699
0.396973 3.89568 4.49536	0 13.5871 1.12666
0.397217 4.70454 4.49228	0 17.6804 1.16854
0.397461 4.50114 4.49119	0 20.2202 1.20816
0.397705 3.86093 4.49101	0 14.7866 1.24253
0.397949 4.98288 4.49036	0 23.3117 1.27007
0.398193 4.51381 4.48781	0 21.1501 1.29041
0.398438 4.63024 4.48218	0 18.1055 1.30406
0.398682 4.97486 4.47279	0 20.9588 1.31202
0.398926 4.46862 4.45962	0 17.8396 1.31559
0.39917 4.78988 4.4433	0 35.1324 1.31633
0.399414 4.20848 4.42503	0 15.0723 1.31621
0.399658 4.40877 4.40629	0 22.0762 1.31753
0.399902 3.97879 4.38857	0 17.3351 1.32238
0.400146 4.04658 4.37307	0 14.5834 1.33198
0.400391 4.4824 4.36052	0 18.9617 1.34621
0.400635 3.80785 4.35117	0 14.6904 1.36356
0.400879 5.04634 4.34477	0 17.7393 1.38149
0.401123 4.1805 4.34079	0 19.415 1.39681
0.401367 4.38876 4.3386	0 22.3553 1.40617
0.401611 4.23303 4.33761	0 17.3161 1.40661
0.401855 4.77276 4.33743	0 25.5523 1.39657
0.4021 4.11378 4.33787	0 14.4469 1.37685
0.402344 4.00443 4.33892	0 18.3328 1.35112
0.402588 4.42847 4.34069	0 19.0894 1.32496
0.402832 4.32502 4.34332	0 13.3898 1.30371
0.403076 4.67337 4.34696	0 17.6439 1.29003
0.40332 3.96779 4.35174	0 11.6712 1.28263
0.403564 4.10848 4.35783	0 24.6912 1.27715
0.403809 4.45416 4.36541	0 19.6801 1.26901
0.404053 5.13254 4.37477	0 24.1206 1.25671
0.404297 4.0955 4.38623	0 20.7727 1.24383
0.404541 4.16965 4.4001	0 12.2824 1.23845
0.404785 4.22923 4.41657	0 21.4488 1.25048
0.405029 4.45533 4.43561	0 20.1251 1.28783
0.405273 4.08945 4.45686	0 13.7291 1.35327
0.405518 4.50681 4.47967	0 17.8188 1.44291
0.405762 4.70038 4.5031	0 27.6845 1.54656
0.406006 4.30888 4.52608	0 23.8873 1.64976
0.40625 5.15319 4.54756	0 29.2794 1.73678
0.406494 4.37976 4.56673	0 24.8942 1.79401
0.406738 4.74018 4.58314	0 21.252 1.81312
0.406982 4.66877 4.5968	0 34.055 1.79319
0.407227 4.23755 4.60813	0 20.8806 1.74119
0.407471 5.23127 4.61783	0 23.5815 1.6702
0.407715 4.47497 4.62669	0 17.8689 1.59591
0.407959 5.08748 4.63531	0 24.7701 1.53237
0.408203 4.14151 4.64391	0 20.9877 1.48853
0.408447 3.87339 4.65216	0 17.8252 1.46677
0.408691 4.48127 4.65924	0 15.9169 1.46372
0.408936 4.52531 4.66392	0 18.2904 1.47264
0.40918 5.67043 4.66484	0 30.3479 1.48619
0.409424 5.14912 4.66085	0 21.9961 1.49844
0.409668 5.0677 4.65122	0 22.6237 1.50571
0.409912 4.63838 4.63585	0 21.1963 1.50627
0.410156 4.32849 4.61533	0 22.3609 1.49957
0.4104 4.31958 4.59082	0 19.1202 1.48554
0.410645 4.35672 4.56396	0 20.2907 1.4642
0.410889 4.42927 4.53663	0 29.0486 1.43566
0.411133 5.05508 4.51087	0 32.9719 1.40012
0.411377 4.64153 4.48863	0 26.1339 1.35809
0.411621 4.40349 4.47173	0 19.5965 1.31051
0.411865 3.92573 4.46163	0 14.1929 1.25908
0.412109 4.53031 4.45935	0 19.4753 1.20633
0.412354 3.94658 4.46524	0 14.7114 1.15554
0.412598 4.15977 4.47888	0 18.7633 1.11022
0.412842 4.27756 4.49903	0 15.8856 1.07336
0.413086 4.89887 4.52367	0 27.2438 1.04677
0.41333 4.47289 4.55021	0 14.7157 1.03087
0.413574 4.17446 4.57575	0 16.5356 1.02481
0.413818 5.12676 4.5974	0 29.7178 1.027
0.414062 4.76442 4.61271	0 23.0975 1.03555
0.414307 5.38732 4.61988	0 28.8423 1.04848
0.414551 4.729 4.61794	0 23.852 1.06375
0.414795 4.46874 4.60687	0 21.9967 1.07922
0.415039 4.54956 4.58745	0 16.3068 1.0927
0.415283 4.68409 4.56112	0 22.2901 1.10224
0.415527 4.94017 4.5298	0 21.7725 1.1065
0.415771 4.56631 4.49562	0 18.1402 1.10484
0.416016 3.33204 4.46074	0 6.10699 1.09738
0.41626 4.84986 4.42718	0 29.3395 1.08498
0.416504 4.84057 4.39674	0 12.0037 1.06944
0.416748 4.23431 4.37086	0 29.383 1.05362
0.416992 4.10114 4.35062	0 13.2156 1.04106
0.417236 3.96046 4.33664	0 13.5011 1.03483
0.41748 4.03716 4.32911	0 20.029 1.03612
0.417725 4.59333 4.32775	0 17.7812 1.0433
0.417969 3.99248 4.33184	0 19.6781 1.05263
0.418213 4.3427 4.34026	0 16.3736 1.06039
0.418457 4.6323 4.35152	0 22.385 1.06561
0.418701 4.068 4.36389	0 13.8685 1.07145
0.418945 4.79378 4.37547	0 16.1713 1.08412
0.419189 4.27511 4.38433	0 16.8136 1.10963
0.419434 4.27174 4.38866	0 16.6485 1.14986
0.419678 3.86945 4.38702	0 13.2573 1.20038
0.419922 4.9849 4.37854	0 26.7072 1.25124
0.420166 5.20811 4.36311	0 25.6915 1.29061
0.42041 4.64511 4.34149	0 28.9362 1.30944
0.420654 4.23799 4.31535	0 18.8345 1.30499
0.420898 4.32447 4.28708	0 20.2834 1.28165
0.421143 3.85605 4.2595	0 13.6415 1.24882
0.421387 4.19384 4.23552	0 18.4402 1.21706
0.421631 4.06432 4.21766	0 14.8682 1.19433
0.421875 3.5764 4.20778	0 16.5246 1.18383
0.422119 3.89862 4.2068	0 17.6621 1.18427
0.422363 4.02465 4.21464	0 14.1233 1.19187
0.422607 4.32022 4.23028	0 16.3325 1.20276
0.422852 4.64778 4.2519	0 20.148 1.21462
0.423096 4.32654 4.27711	0 16.2406 1.22662
0.42334 4.26783 4.30322	0 18.1528 1.23825
0.423584 3.85171 4.32747	0 14.6335 1.24789
0.423828 4.20915 4.34732	0 14.6252 1.25224
0.424072 4.63242 4.36067	0 20.2329 1.2471
0.424316 5.05359 4.36609	0 25.2097 1.22903
0.424561 4.90531 4.36304	0 24.0786 1.19702
0.424805 4.06062 4.35191	0 14.0413 1.15343
0.425049 5.06138 4.33405	0 23.334 1.10349
0.425293 4.32684 4.31159	0 17.3965 1.05389
0.425537 3.75977 4.28717	0 14.2667 1.01088
0.425781 3.97987 4.26359	0 15.5248 0.978782
0.426025 3.94825 4.24347	0 14.9162 0.95937
0.42627 4.36539 4.22893	0 22.0895 0.952049
0.426514 3.92415 4.22132	0 13.7971 0.954625
0.426758 4.58298 4.22114	0 17.3656 0.964176
0.427002 3.98325 4.22807	0 19.7867 0.977714
0.427246 3.69106 4.24104	0 9.5864 0.992576
0.42749 3.88609 4.25846	0 11.6477 1.00662
0.427734 4.40631 4.27848	0 15.2638 1.01839
0.427979 4.6831 4.29921	0 22.1043 1.02735
0.428223 4.75271 4.31898	0 25.361 1.03411
0.428467 4.80412 4.33644	0 19.064 1.04051
0.428711 4.21889 4.35061	0 24.354 1.04926
0.428955 3.84634 4.36083	0 16.6201 1.06314
0.429199 4.51802 4.36672	0 15.9356 1.08386
0.429443 3.91522 4.36801	0 15.4603 1.11111
0.429688 4.4722 4.36461	0 15.599 1.14245
0.429932 5.46414 4.35655	0 30.3749 1.17407
0.430176 3.95323 4.34414	0 12.5009 1.20222
0.43042 3.86988 4.32804	0 15.525 1.22428
0.430664 5.3709 4.30929	0 27.1568 1.23906
0.430908 4.22203 4.28937	0 33.1793 1.24607
0.431152 3.94039 4.26995	0 13.0484 1.24446
0.431396 3.89316 4.25277	0 17.4241 1.23251
0.431641 4.20503 4.23928	0 19.301 1.20814
0.431885 4.59329 4.23042	0 19.5834 1.17015
0.432129 3.32106 4.22643	0 12.8745 1.11938
0.432373 4.04657 4.22676	0 12.4239 1.05903
0.432617 3.99019 4.23025	0 15.8024 0.993853
0.432861 5.08198 4.23529	0 22.3604 0.92876
0.433105 3.99169 4.24019	0 15.2188 0.867535
0.43335 4.38243 4.24349	0 18.1006 0.812316
0.433594 4.60037 4.24427	0 14.5315 0.763969
0.433838 4.30113 4.24229	0 22.8892 0.722896
0.434082 4.40363 4.23803	0 14.5581 0.689706
0.434326 4.24761 4.23254	0 16.2942 0.665318
0.43457 4.04322 4.22727	0 11.2519 0.65054
0.434814 3.89101 4.22374	0 14.2597 0.645546
0.435059 3.9121 4.22332	0 12.6614 0.649687
0.435303 4.56368 4.22697	0 23.7427 0.661817
0.435547 3.99204 4.23511	0 15.0416 0.680917
0.435791 4.25838 4.24761	0 21.5912 0.706627
0.436035 4.08535 4.2638	0 17.3073 0.739355
0.436279 4.20114 4.28258	0 14.8031 0.779885
0.436523 4.33412 4.3026	0 31.5532 0.828652
0.436768 4.29425 4.32236	0 16.2242 0.884903
0.437012 4.57027 4.34038	0 18.117 0.94601
0.437256 4.38456 4.35529	0 15.8395 1.00716
0.4375 4.76214 4.36593	0 18.0184 1.06168
0.437744 4.36401 4.37134	0 22.929 1.10215
0.437988 4.55487 4.37081	0 21.5479 1.12211
0.438232 3.62681 4.36394	0 11.8817 1.11792
0.438477 4.54225 4.35067	0 20.4189 1.08998
0.438721 4.95418 4.33136	0 23.9097 1.04278
0.438965 4.57835 4.30684	0 21.838 0.983841
0.439209 4.44771 4.27838	0 22.9893 0.921923
0.439453 4.24061 4.24764	0 18.4467 0.865263
0.439697 3.89886 4.21648	0 14.8014 0.820329
0.439941 4.47303 4.18669	0 19.6604 0.791106
0.440186 4.12925 4.15972	0 14.6093 0.778686
0.44043 3.1373 4.1365	0 12.4216 0.781104
0.440674 3.77843 4.11732	0 16.6195 0.793662
0.440918 4.0358 4.10191	0 12.8632 0.810145
0.441162 4.49508 4.08966	0 21.8293 0.82492
0.441406 4.60196 4.07988	0 18.6776 0.835301
0.44165 4.13201 4.0721	0 14.3739 0.843015
0.441895 4.39581 4.06624	0 16.8659 0.853814
0.442139 3.8863 4.06257	0 16.472 0.875064
0.442383 3.74168 4.06168	0 11.1725 0.912235
0.442627 3.85174 4.06413	0 11.4334 0.965889
0.442871 3.13786 4.07029	0 11.5705 1.03063
0.443115 4.51566 4.08008	0 20.8513 1.09658
0.443359 3.80565 4.09289	0 12.4838 1.15266
0.443604 5.42236 4.10765	0 25.5437 1.19026
0.443848 3.3637 4.12297	0 7.74871 1.20559
0.444092 3.71292 4.13736	0 15.1792 1.20003
0.444336 4.09436 4.1495	0 12.1733 1.1787
0.44458 5.19914 4.15841	0 24.1133 1.14818
0.444824 4.23002 4.1636	0 14.0147 1.11455
0.445068 3.76146 4.16514	0 12.2449 1.08235
0.445312 4.45521 4.16361	0 20.1774 1.05453
0.445557 3.94491 4.16	0 15.1204 1.03297
0.445801 4.53634 4.15559	0 21.7988 1.01911
0.446045 3.89369 4.15172	0 13.4869 1.01437
0.446289 3.75125 4.14964	0 10.6064 1.02003
0.446533 4.56729 4.15038	0 20.037 1.03676
0.446777 4.06015 4.15459	0 16.1521 1.06397
0.447021 3.29455 4.16248	0 15.1848 1.09942
0.447266 4.67968 4.17388	0 23.7164 1.13909
0.44751 4.14844 4.1882	0 18.8854 1.17777
0.447754 3.68982 4.20455	0 13.2569 1.20984
0.447998 5.54676 4.22181	0 24.4194 1.23032
0.448242 3.67005 4.23873	0 13.2267 1.23577
0.448486 3.79855 4.25409	0 15.7642 1.22482
0.44873 4.02093 4.26678	0 14.7209 1.19833
0.448975 4.30126 4.27598	0 15.2725 1.15921
0.449219 5.4685 4.28124	0 27.8869 1.1121
0.449463 3.99212 4.28254	0 16.0809 1.06293
0.449707 5.02227 4.28029	0 24.3352 1.0185
0.449951 3.95893 4.27523	0 18.8395 0.985811
0.450195 3.9193 4.26825	0 14.2977 0.970802
0.450439 3.51106 4.26023	0 10.9324 0.976751
0.450684 4.29459 4.25189	0 15.1596 1.00286
0.450928 5.09037 4.24364	0 16.321 1.04382
0.451172 3.92637 4.23564	0 17.6337 1.09099
0.451416 4.09726 4.2278	0 19.161 1.13472
0.45166 4.5211 4.21993	0 23.618 1.16722
0.451904 4.15744 4.21189	0 18.0171 1.18457
0.452148 4.12343 4.20363	0 11.067 1.18733
0.452393 4.04937 4.19535	0 13.6982 1.17956
0.452637 4.51699 4.18744	0 17.3237 1.16687
0.452881 3.9046 4.18043	0 16.2829 1.15427
0.453125 4.34601 4.17499	0 16.6053 1.14475
0.453369 4.33139 4.17172	0 17.3184 1.13883
0.453613 3.95436 4.17114	0 11.4652 1.13515
0.453857 3.63743 4.17353	0 11.1288 1.13157
0.454102 4.17108 4.17891	0 18.7614 1.12623
0.454346 4.31397 4.18695	0 15.6707 1.11815
0.45459 4.27665 4.19704	0 19.0847 1.10726
0.454834 4.49213 4.20827	0 17.2151 1.09413
0.455078 3.97109 4.21953	0 18.3244 1.07982
0.455322 4.08543 4.22957	0 17.0743 1.06596
0.455566 3.85563 4.23709	0 12.9732 1.05485
0.455811 4.97085 4.24089	0 31.2704 1.04933
0.456055 4.27207 4.23992	0 14.6818 1.05207
0.456299 4.58533 4.23347	0 21.0211 1.0646
0.456543 4.05873 4.22121	0 13.7329 1.08634
0.456787 4.21376 4.20333	0 11.1516 1.11428
0.457031 4.22668 4.18054	0 19.1907 1.14342
0.457275 4.33026 4.15412	0 19.5932 1.16799
0.45752 4.27066 4.1258	0 16.1466 1.18296
0.457764 4.41683 4.0977	0 25.3845 1.18545
0.458008 3.78766 4.07205	0 19.746 1.17563
0.458252 3.6372 4.05102	0 13.8878 1.1568
0.458496 3.88677 4.03642	0 16.3278 1.13459
0.45874 3.99676 4.0295	0 22.3561 1.11551
0.458984 3.62914 4.03076	0 15.7971 1.10524
0.459229 3.49127 4.03992	0 9.12527 1.10733
0.459473 4.45098 4.05592	0 20.7887 1.12257
0.459717 4.11574 4.07706	0 17.9025 1.14932
0.459961 4.27967 4.10119	0 16.6836 1.1844
0.460205 3.71836 4.12599	0 11.3239 1.22422
0.460449 3.99633 4.14917	0 17.0976 1.26562
0.460693 4.8934 4.16872	0 25.7349 1.30624
0.460938 4.03967 4.18301	0 12.3264 1.34451
0.461182 4.84479 4.19096	0 20.0966 1.37921
0.461426 4.0022 4.192	0 21.248 1.40898
0.46167 4.18246 4.18609	0 19.8968 1.43183
0.461914 4.22589 4.17363	0 20.2398 1.44512
0.462158 3.78848 4.15536	0 17.5617 1.44603
0.462402 4.89558 4.13228	0 25.806 1.43253
0.462646 4.17492 4.10553	0 21.217 1.40446
0.462891 3.89999 4.07629	0 16.1344 1.36405
0.463135 3.93504 4.04568	0 12.951 1.31573
0.463379 4.14215 4.01477	0 16.7268 1.26503
0.463623 3.43573 3.98444	0 10.9486 1.21723
0.463867 4.08381 3.95545	0 15.5549 1.17629
0.464111 4.08804 3.92841	0 14.3002 1.14449
0.464355 4.08679 3.90383	0 25.095 1.1225
0.4646 3.93468 3.88214	0 13.6505 1.10973
0.464844 3.50504 3.8637	0 11.0721 1.10423
0.465088 3.55456 3.8488	0 10.7718 1.10269
0.465332 4.1451 3.83767	0 16.9364 1.10055
0.465576 3.50204 3.83045	0 10.3844 1.09288
0.46582 3.98698 3.82721	0 16.6284 1.07569
0.466064 3.86364 3.82799	0 21.5594 1.04739
0.466309 3.48822 3.83281	0 15.1633 1.00937
0.466553 3.82322 3.84176	0 11.3323 0.965667
0.466797 3.87946 3.85502	0 11.083 0.921649
0.467041 3.90549 3.87286	0 11.3467 0.882576
0.467285 4.06548 3.89558	0 15.1384 0.852596
0.467529 4.09769 3.92336	0 15.4551 0.834488
0.467773 3.29682 3.9561	0 10.7317 0.829928
0.468018 3.78438 3.99329	0 12.8593 0.83983
0.468262 3.96974 4.03386	0 13.4079 0.864337
0.468506 3.86434 4.07617	0 10.8876 0.902392
0.46875 4.02894 4.11819	0 16.2543 0.951152
0.468994 4.4083 4.15765	0 17.7929 1.00568
0.469238 4.58639 4.19241	0 20.1815 1.05933
0.469482 4.47663 4.2207	0 14.7735 1.10488
0.469727 4.58507 4.24138	0 23.0588 1.13622
0.469971 4.68786 4.25403	0 29.0566 1.14984
0.470215 3.80197 4.25888	0 13.2066 1.14565
0.470459 4.54639 4.25662	0 25.9561 1.12674
0.470703 4.39783 4.24819	0 13.1087 1.09828
0.470947 3.45858 4.23456	0 12.3523 1.06612
0.471191 4.57674 4.21661	0 28.9768 1.03562
0.471436 4.17335 4.19507	0 13.2625 1.01113
0.47168 3.95421 4.17067	0 16.1969 0.995882
0.471924 5.04461 4.14421	0 26.6151 0.992195
0.472168 3.79841 4.11677	0 13.0975 1.00152
0.472412 4.55182 4.08964	0 13.7032 1.02435
0.472656 4.15428 4.06434	0 14.3535 1.06008
0.4729 3.60939 4.04235	0 14.243 1.10694
0.473145 3.39551 4.02492	0 12.815 1.16208
0.473389 3.75558 4.01284	0 12.0852 1.2219
0.473633 3.56254 4.00629	0 11.0732 1.28236
0.473877 4.45746 4.00486	0 24.3618 1.33944
0.474121 4.12231 4.00761	0 15.8347 1.38953
0.474365 3.79933 4.0133	0 11.7582 1.42968
0.474609 4.84048 4.02056	0 21.3424 1.45745
0.474854 3.87428 4.02807	0 16.9897 1.47063
0.475098 3.49296 4.03469	0 10.1306 1.46698
0.475342 3.87759 4.03949	0 18.5983 1.44453
0.475586 4.53285 4.04184	0 22.7924 1.40263
0.47583 3.73651 4.04142	0 17.2382 1.34315
0.476074 4.09952 4.03832	0 19.2793 1.27127
0.476318 4.26919 4.03307	0 14.8547 1.19493
0.476562 4.54285 4.02671	0 21.8001 1.12321
0.476807 4.54014 4.02067	0 19.8365 1.06422
0.477051 3.30151 4.01664	0 9.94046 1.02347
0.477295 3.60583 4.01634	0 19.6968 1.00319
0.477539 3.6951 4.02119	0 11.8549 1.00262
0.477783 4.21163 4.03203	0 15.2983 1.01877
0.478027 3.5629 4.04901	0 11.3491 1.04718
0.478271 3.92424 4.07146	0 22.9255 1.08254
0.478516 4.12747 4.09805	0 14.1942 1.11956
0.47876 4.37511 4.12697	0 21.5455 1.15392
0.479004 4.22186 4.15626	0 15.2423 1.1833
0.479248 4.17647 4.18405	0 17.7179 1.20799
0.479492 4.81462 4.20881	0 17.5886 1.23049
0.479736 3.82445 4.22948	0 18.5698 1.25419
0.47998 4.44127 4.24551	0 17.6171 1.28142
0.480225 4.40502 4.25679	0 18.9918 1.31188
0.480469 4.21544 4.2635	0 13.3165 1.34214
0.480713 4.06435 4.26601	0 21.9623 1.36678
0.480957 4.73244 4.26472	0 27.2838 1.38074
0.481201 4.44053 4.25994	0 24.3725 1.38179
0.481445 3.65658 4.25189	0 19.1417 1.37193
0.481689 4.1486 4.2407	0 13.1864 1.35685
0.481934 4.58684 4.2265	0 27.0146 1.34367
0.482178 4.2013 4.20949	0 13.4725 1.33801
0.482422 4.7014 4.19001	0 24.4427 1.34176
0.482666 3.86171 4.16859	0 12.2786 1.3524
0.48291 4.6224 4.14583	0 30.5616 1.3639
0.483154 3.97006 4.12236	0 14.226 1.3689
0.483398 3.62567 4.09863	0 13.8629 1.36107
0.483643 4.00497 4.07485	0 12.6039 1.33725
0.483887 3.75057 4.05089	0 18.2596 1.29836
0.484131 4.22103 4.02639	0 15.7705 1.24897
0.484375 3.86976 4.00092	0 13.7012 1.19572
0.484619 4.44573 3.9742	0 20.6165 1.14511
0.484863 4.43465 3.94632	0 14.3256 1.10167
0.485107 3.95354 3.91787	0 13.137 1.06711
0.485352 3.76046 3.89002	0 12.6612 1.04072
0.485596 3.79474 3.86434	0 14.5711 1.0205
0.48584 3.39355 3.84263	0 14.4923 1.00442
0.486084 3.90264 3.82665	0 12.2548 0.991252
0.486328 3.37049 3.81784	0 9.30328 0.980661
0.486572 3.3833 3.81714	0 9.99224 0.972787
0.486816 3.9296 3.82493	0 14.0536 0.967823
0.487061 4.30444 3.841	0 23.3148 0.965944
0.487305 3.42226 3.86455	0 13.0039 0.967659
0.487549 4.06425 3.89437	0 19.8618 0.974247
0.487793 3.47951 3.92886	0 9.772 0.987759
0.488037 3.6928 3.96616	0 11.0746 1.01027
0.488281 4.09236 4.00426	0 21.1837 1.04255
0.488525 4.62028 4.04111	0 20.5315 1.0828
0.48877 4.25303 4.07477	0 16.7249 1.12618
0.489014 3.05081 4.10359	0 12.3615 1.16571
0.489258 5.24577 4.12627	0 25.3424 1.19426
0.489502 4.51545 4.14205	0 30.1004 1.20709
0.489746 4.17028 4.15069	0 20.7378 1.20355
0.48999 4.26597 4.15246	0 25.2292 1.18733
0.490234 3.94706 4.14804	0 12.2844 1.16492
0.490479 3.57908 4.13843	0 10.5451 1.14311
0.490723 4.73995 4.12473	0 19.5201 1.12673
0.490967 4.55161 4.1081	0 14.5437 1.11768
0.491211 4.02183 4.08954	0 12.6335 1.11541
0.491455 3.41295 4.06987	0 13.5681 1.11837
0.491699 4.24775 4.0497	0 21.3921 1.12526
0.491943 4.1281 4.02945	0 14.1597 1.13552
0.492188 3.61665 4.00942	0 12.01 1.14898
0.492432 4.28199 3.98992	0 23.7326 1.16499
0.492676 4.10627 3.97136	0 14.9125 1.18174
0.49292 4.17054 3.95439	0 19.5847 1.19617
0.493164 3.74251 3.93997	0 20.0468 1.20458
0.493408 3.8679 3.92927	0 15.1929 1.2037
0.493652 3.5356 3.92364	0 13.9702 1.19204
0.493896 4.27622 3.92432	0 20.9516 1.1708
0.494141 3.91504 3.93226	0 20.1714 1.14408
0.494385 3.57949 3.94779	0 13.442 1.11782
0.494629 3.55185 3.97046	0 15.1723 1.09771
0.494873 3.24857 3.99891	0 10.2535 1.08692
0.495117 3.99442 4.03094	0 15.7098 1.08459
0.495361 4.38485 4.06367	0 18.4954 1.08602
0.495605 5.03459 4.09382	0 32.0183 1.08461
0.49585 4.24869 4.11805	0 16.4661 1.07454
0.496094 3.77086 4.13325	0 17.6737 1.05317
0.496338 4.11048 4.13678	0 20.5047 1.02195
0.496582 4.89324 4.12655	0 18.3789 0.985737
0.496826 4.12562 4.10099	0 15.0329 0.950797
0.49707 4.43675 4.05886	0 19.4112 0.922578
0.497314 4.54397 3.99893	0 26.6243 0.904019
0.497559 4.07736 3.9197	0 14.1493 0.894875
0.497803 3.41346 3.8192	0 10.4646 0.892009
0.498047 4.13202 3.69493	0 18.2812 0.890271
0.498291 3.21255 3.5441	0 11.5428 0.883573
0.498535 3.72162 3.36419	0 12.9896 0.865931
0.498779 3.8071 3.15369	0 11.0554 0.832413
0.499023 3.94688 2.91292	0 15.941 0.780015
0.499268 3.83685 2.64473	0 13.6461 0.708363
0.499512 3.676 2.35479	0 11.006 0.620067
0.499756 3.79328 1.74497	0 26.2313 0.417029
