0 0 2.01991	0 0 0.474442
0.000244141 3.68793 2.42762	0 14.2376 0.627824
0.000488281 3.75978 2.85641	0 17.5012 0.798699
0.000732422 4.05317 3.29782	0 16.0987 0.983088
0.000976562 3.88699 3.74469	0 15.8557 1.17795
0.0012207 4.61608 4.19198	0 25.9118 1.38124
0.00146484 4.61943 4.63718	0 19.4011 1.59149
0.00170898 5.11312 5.0802	0 30.7055 1.8076
0.00195312 5.18132 5.52297	0 27.0528 2.03009
0.00219727 6.05882 5.96866	0 46.1117 2.26388
0.00244141 5.53236 6.42099	0 40.9037 2.52129
0.00268555 7.22266 6.88344	0 51.6138 2.82257
0.00292969 7.15791 7.35865	0 44.5673 3.19141
0.00317383 7.86208 7.84802	0 52.9762 3.64532
0.00341797 7.13139 8.35141	0 41.8886 4.18442
0.00366211 8.35609 8.86702	0 63.1133 4.78499
0.00390625 9.48938 9.39139	0 82.2658 5.4033
0.00415039 10.4352 9.91947	0 111.603 5.99049
0.00439453 11.075 10.4449	0 130.32 6.51315
0.00463867 10.4809 10.9601	0 89.6327 6.97048
0.00488281 11.0318 11.4572	0 129.825 7.39955
0.00512695 12.4469 11.9284	0 148.431 7.86613
0.00537109 12.2791 12.3665	0 162.279 8.44499
0.00561523 15.0095 12.7661	0 179.066 9.19784
0.00585938 13.9862 13.1236	0 116.253 10.1577
0.00610352 15.722 13.4379	0 186.64 11.3242
0.00634766 13.9318 13.7096	0 222.409 12.669
0.0065918 13.3477 13.9411	0 171.628 14.144
0.00683594 15.186 14.1356	0 224.457 15.6847
0.00708008 13.2196 14.296	0 180.093 17.2068
0.00732422 12.7813 14.425	0 155.049 18.6002
0.00756836 15.9252 14.5241	0 272.53 19.7331
0.0078125 15.678 14.5942	0 268.254 20.474
0.00805664 15.7255 14.6358	0 367.254 20.7266
0.00830078 16.8688 14.6498	0 232.084 20.4646
0.00854492 12.9741 14.6378	0 184.89 19.7467
0.00878906 14.4074 14.6022	0 149.654 18.7048
0.0090332 16.119 14.5468	0 288.592 17.5104
0.00927734 14.5001 14.4763	0 230.184 16.3359
0.00952148 13.6994 14.3958	0 160.653 15.3229
0.00976562 13.4237 14.3111	0 285.749 14.5627
0.0100098 13.9609 14.2275	0 148.953 14.0899
0.0102539 16.1862 14.1501	0 269.57 13.8847
0.010498 13.5434 14.0832	0 116.692 13.8881
0.0107422 13.9254 14.0303	0 177.085 14.0249
0.0109863 12.0758 13.9933	0 274.337 14.2306
0.0112305 13.8506 13.9729	0 150.465 14.4688
0.0114746 13.831 13.9683	0 190.53 14.7319
0.0117188 12.8369 13.9772	0 156.081 15.0272
0.0119629 14.1241 13.9965	0 258.974 15.3581
0.012207 15.1343 14.0229	0 272.625 15.7115
0.0124512 13.4858 14.053	0 195.685 16.0582
0.0126953 16.0131 14.0844	0 246.072 16.362
0.0129395 13.7839 14.1157	0 219.892 16.5919
0.0131836 14.0263 14.1462	0 448.525 16.7284
0.0134277 12.2377 14.1759	0 147.064 16.7651
0.0136719 16.2236 14.205	0 201.903 16.7063
0.013916 13.9937 14.2331	0 162.535 16.5651
0.0141602 12.7055 14.2595	0 197.934 16.3629
0.0144043 12.7806 14.2827	0 146.418 16.1285
0.0146484 15.9729 14.3011	0 149.503 15.8951
0.0148926 15.7593 14.3132	0 221.46 15.6963
0.0151367 15.6125 14.3183	0 298.205 15.5617
0.0153809 14.0788 14.317	0 178.425 15.5159
0.015625 12.9412 14.3107	0 182.589 15.5812
0.0158691 14.9699 14.302	0 182.917 15.7804
0.0161133 14.8286 14.2939	0 221.017 16.1355
0.0163574 12.6953 14.2892	0 146.567 16.6616
0.0166016 13.5763 14.2905	0 197.276 17.3546
0.0168457 14.7718 14.2998	0 208.266 18.1806
0.0170898 14.5976 14.3186	0 209.166 19.0744
0.017334 12.8841 14.3487	0 208.067 19.9523
0.0175781 16.8158 14.3918	0 392.563 20.7365
0.0178223 13.7774 14.4502	0 205.135 21.3816
0.0180664 14.2902 14.5265	0 201.813 21.8899
0.0183105 14.5306 14.6231	0 296.118 22.3077
0.0185547 13.6004 14.7415	0 248.091 22.7035
0.0187988 13.9519 14.8809	0 195.015 23.1386
0.019043 14.8853 15.0384	0 261.604 23.6402
0.0192871 14.2431 15.2079	0 171.592 24.1857
0.0195312 13.4391 15.3808	0 198.536 24.6998
0.0197754 16.396 15.5475	0 269.714 25.0684
0.0200195 16.3851 15.6982	0 197.061 25.1655
0.0202637 19.2588 15.8251	0 449.569 24.8921
0.0205078 17.1418 15.9236	0 352.852 24.2131
0.020752 17.6789 15.9933	0 237.057 23.1793
0.0209961 16.5666 16.0377	0 295.06 21.9204
0.0212402 14.5097 16.0641	0 139.246 20.6117
0.0214844 13.82 16.0815	0 260.283 19.4245
0.0217285 17.0641 16.0996	0 223.439 18.4837
0.0219727 16.9548 16.1271	0 241.781 17.8453
0.0222168 12.2395 16.1707	0 106.665 17.4997
0.0224609 18.3475 16.2348	0 252.564 17.3928
0.0227051 15.0027 16.3213	0 275.793 17.4538
0.0229492 16.9809 16.4304	0 312.438 17.6198
0.0231934 16.5107 16.5609	0 369.424 17.8526
0.0234375 17.461 16.7107	0 343.415 18.1479
0.0236816 14.85 16.8775	0 286.951 18.533
0.0239258 16.4742 17.0588	0 251.155 19.0544
0.0241699 19.6751 17.2519	0 325.435 19.7573
0.0244141 16.2016 17.4539	0 196.144 20.6623
0.0246582 15.5433 17.6615	0 212.779 21.7508
0.0249023 19.1746 17.8716	0 312.754 22.9631
0.0251465 17.8805 18.0809	0 385.439 24.2096
0.0253906 20.8453 18.287	0 544.52 25.3899
0.0256348 16.326 18.4884	0 211.875 26.4121
0.0258789 18.4907 18.6853	0 315.91 27.2098
0.026123 20.7438 18.8796	0 506.599 27.7522
0.0263672 19.0627 19.0751	0 397.946 28.0465
0.0266113 19.3409 19.2769	0 449.647 28.1324
0.0268555 20.1066 19.4913	0 429.01 28.0711
0.0270996 17.6984 19.7242	0 309.317 27.9357
0.0273438 19.166 19.9813	0 330.505 27.8097
0.0275879 19.4965 20.2666	0 410.966 27.797
0.027832 18.8686 20.5827	0 310.842 28.0354
0.0280762 18.4734 20.9302	0 255.781 28.7003
0.0283203 27.3536 21.3081	0 605.692 29.9841
0.0285645 21.152 21.7135	0 360.933 32.0462
0.0288086 20.679 22.1426	0 406.97 34.948
0.0290527 19.3041 22.5906	0 336.466 38.603
0.0292969 22.7983 23.0523	0 576.315 42.7756
0.029541 22.7719 23.523	0 721.766 47.1448
0.0297852 24.4207 23.9992	0 612.42 51.4142
0.0300293 28.8803 24.4791	0 860.951 55.4202
0.0302734 25.4948 24.9638	0 807.223 59.1844
0.0305176 25.8408 25.4572	0 784.444 62.8795
0.0307617 23.7795 25.9653	0 485.267 66.7234
0.0310059 25.5875 26.496	0 488.295 70.8493
0.03125 26.3032 27.0578	0 643.894 75.2115
0.0314941 23.5537 27.6585	0 578.546 79.5674
0.0317383 31.3788 28.3048	0 839.271 83.5404
0.0319824 27.3679 29.0012	0 1018.43 86.7395
0.0322266 31.2719 29.7507	0 1197.28 88.8903
0.0324707 26.0925 30.5544	0 674.077 89.9318
0.0327148 32.2307 31.4122	0 1639.52 90.0435
0.032959 31.6718 32.3227	0 1080.91 89.5924
0.0332031 31.1876 33.2835	0 924.235 89.0182
0.0334473 39.2921 34.2906	0 1300.17 88.6968
0.0336914 32.3989 35.3385	0 1029.72 88.8309
0.0339355 32.5136 36.4202	0 862.818 89.4077
0.0341797 37.1159 37.5275	0 1711.61 90.2428
0.0344238 36.7965 38.6521	0 1242.74 91.1079
0.034668 41.5065 39.7869	0 1357.07 91.9075
0.0349121 42.074 40.9282	0 1508.05 92.8453
0.0351562 47.6047 42.0767	0 2180.22 94.497
0.0354004 42.4955 43.2384	0 1785.93 97.7278
0.0356445 49.2304 44.4246	0 2352.14 103.451
0.0358887 37.0677 45.6509	0 908.374 112.322
0.0361328 43.0976 46.9356	0 1563.84 124.505
0.036377 45.1597 48.2981	0 1864.21 139.653
0.0366211 52.414 49.7574	0 3604.05 157.086
0.0368652 50.8471 51.331	0 2351.45 176.071
0.0371094 54.4555 53.0342	0 3580.58 196.022
0.0373535 47.0175 54.8805	0 1798.32 216.513
0.0375977 55.1509 56.8809	0 3653.02 237.147
0.0378418 61.8659 59.0449	0 3473.44 257.442
0.0380859 54.1576 61.3802	0 3961.84 276.873
0.0383301 59.4139 63.8938	0 2719.28 295.125
0.0385742 68.3501 66.5928	0 7068.28 312.394
0.0388184 62.5354 69.4861	0 3285.51 329.541
0.0390625 75.4853 72.5866	0 4450.58 347.949
0.0393066 69.2846 75.9133	0 3668.39 369.208
0.0395508 85.0712 79.493	0 6567.41 394.913
0.0397949 75.1822 83.3613	0 5567.71 426.895
0.0400391 83.3964 87.562	0 8534.85 467.867
0.0402832 90.5625 92.1448	0 6721.4 522.076
0.0405273 85.9645 97.1616	0 6179.55 595.256
0.0407715 100.68 102.661	0 8654.61 693.384
0.0410156 98.3864 108.684	0 9376.23 820.319
0.0412598 104.345 115.255	0 9380.09 975.163
0.0415039 97.8914 122.385	0 8579.54 1150.57
0.041748 140.852 130.062	0 28288.4 1333.12
0.0419922 125.218 138.258	0 16218.8 1506.21
0.0422363 142.669 146.93	0 19827 1654.82
0.0424805 142.885 156.024	0 22631.7 1770.82
0.0427246 163.423 165.481	0 34351.7 1857.09
0.0429688 179.327 175.24	0 37067.5 1928.78
0.0432129 200.825 185.238	0 34235.4 2010.92
0.043457 183.37 195.406	0 25245.8 2132.47
0.0437012 211.534 205.663	0 36614.7 2318.01
0.0439453 202.699 215.912	0 38352.8 2579.16
0.0441895 208.877 226.024	0 30906.8 2908.45
0.0444336 236.805 235.842	0 49840.9 3278.06
0.0446777 258.718 245.175	0 65940.6 3644.57
0.0449219 245.867 253.806	0 54779.2 3958.94
0.045166 337.704 261.499	0 113323 4178.85
0.0454102 255.599 268.011	0 61882.5 4279.71
0.0456543 287.592 273.11	0 68171.1 4260.89
0.0458984 308.917 276.59	0 95623.7 4144.99
0.0461426 296.965 278.286	0 112806 3970.26
0.0463867 318.796 278.088	0 80248.6 3778.32
0.0466309 292.022 275.955	0 81349.4 3601.24
0.046875 322.832 271.925	0 99650.3 3452.95
0.0471191 307.795 266.111	0 106762 3328.04
0.0473633 288.746 258.702	0 78026.8 3208.08
0.0476074 239.456 249.943	0 45962.6 3072.08
0.0478516 260.55 240.122	0 73396.5 2906.02
0.0480957 219.802 229.541	0 50888.5 2707.74
0.0483398 212.134 218.494	0 39812.2 2486.13
0.048584 197.06 207.247	0 34783.8 2256.3
0.0488281 176.577 196.022	0 28895.1 2033.82
0.0490723 185.468 184.993	0 24586.1 1830.36
0.0493164 182.281 174.286	0 30950.2 1652.01
0.0495605 150.33 163.984	0 25078.2 1499.74
0.0498047 156.667 154.141	0 23426.1 1371.11
0.0500488 122.881 144.787	0 13012.8 1261.9
0.050293 136.296 135.94	0 20522.1 1167.25
0.0505371 130.346 127.611	0 20107.1 1082.31
0.0507812 97.2751 119.805	0 8205.26 1002.77
0.0510254 116.391 112.526	0 14193 925.482
0.0512695 95.1391 105.772	0 10157 849.104
0.0515137 89.7434 99.5332	0 8150.54 774.299
0.0517578 92.3207 93.7927	0 9518.06 703.192
0.052002 80.6061 88.5237	0 6984.24 638.149
0.0522461 75.2271 83.6902	0 5487.96 580.44
0.0524902 70.282 79.2482	0 4971.29 529.501
0.0527344 68.4717 75.149	0 3951.24 483.193
0.0529785 82.417 71.3429	0 7196.94 438.88
0.0532227 61.7872 67.7837	0 3505.59 394.675
0.0534668 63.0727 64.4319	0 4335.41 350.182
0.0537109 61.642 61.2579	0 3196.38 306.44
0.0539551 63.3828 58.2425	0 5594.52 265.216
0.0541992 51.897 55.3768	0 2318.05 228.151
0.0544434 40.7064 52.6598	0 2092.54 196.187
0.0546875 48.4995 50.0957	0 2244.77 169.463
0.0549316 49.3364 47.6909	0 2343.57 147.591
0.0551758 46.4512 45.4506	0 1601.97 130.028
0.0554199 38.7576 43.377	0 1619.43 116.324
0.0556641 40.3925 41.4672	0 1523.76 106.128
0.0559082 36.586 39.7134	0 1220.31 99.0207
0.0561523 30.6996 38.1025	0 881.205 94.3522
0.0563965 33.1788 36.6181	0 1048.24 91.2099
0.0566406 35.7576 35.2425	0 1360.63 88.5659
0.0568848 39.4086 33.9589	0 1218.13 85.5302
0.0571289 37.5713 32.7538	0 1346.27 81.5705
0.057373 28.343 31.6184	0 531.061 76.5942
0.0576172 26.2873 30.549	0 726.85 70.8668
0.0578613 30.116 29.5462	0 753.87 64.8301
0.0581055 26.3438 28.6135	0 818.872 58.9188
0.0583496 27.541 27.7549	0 781.158 53.4465
0.0585938 25.1707 26.9729	0 597.01 48.5825
0.0588379 21.2621 26.2673	0 337.155 44.3894
0.059082 26.3003 25.6338	0 526.964 40.8771
0.0593262 26.1213 25.0649	0 598.912 38.0387
0.0595703 25.1518 24.5502	0 598.969 35.859
0.0598145 21.8054 24.0776	0 324.63 34.3024
0.0600586 25.4946 23.6349	0 657.178 33.2979
0.0603027 19.4562 23.2109	0 509.172 32.7355
0.0605469 26.0988 22.796	0 852.981 32.4779
0.060791 21.903 22.3835	0 445.628 32.385
0.0610352 23.9149 21.9694	0 740.026 32.3387
0.0612793 18.8575 21.5527	0 339.069 32.2607
0.0615234 24.6673 21.1349	0 577.035 32.1176
0.0617676 18.3283 20.72	0 323.556 31.9179
0.0620117 21.3684 20.313	0 445.583 31.7014
0.0622559 18.882 19.9199	0 329.26 31.5239
0.0625 18.0001 19.5462	0 293.973 31.4372
0.0627441 20.1865 19.1965	0 299.861 31.4672
0.0629883 19.027 18.8737	0 585.505 31.5949
0.0632324 15.2323 18.5788	0 283.957 31.7497
0.0634766 18.9091 18.3112	0 434.671 31.8211
0.0637207 17.4043 18.0685	0 290.883 31.6877
0.0639648 18.2426 17.8477	0 455.061 31.2542
0.064209 18.7146 17.6452	0 444.101 30.4812
0.0644531 17.2158 17.458	0 323.029 29.3948
0.0646973 17.1682 17.2837	0 300.518 28.0699
0.0649414 15.6011 17.1212	0 209.045 26.5975
0.0651855 17.471 16.9705	0 404.237 25.0527
0.0654297 18.2167 16.8325	0 355.915 23.4814
0.0656738 15.4209 16.7091	0 240.925 21.9091
0.065918 15.9361 16.6022	0 191.344 20.3654
0.0661621 16.1274 16.5138	0 229.79 18.9035
0.0664062 16.6386 16.445	0 256.344 17.6036
0.0666504 15.6024 16.396	0 216.196 16.554
0.0668945 19.167 16.3654	0 316.536 15.8209
0.0671387 12.4826 16.3502	0 127.063 15.4202
0.0673828 14.4063 16.346	0 242.662 15.3058
0.067627 16.2016 16.3476	0 217.283 15.3807
0.0678711 19.089 16.3498	0 318.555 15.5274
0.0681152 17.9704 16.3482	0 350.936 15.6452
0.0683594 16.1865 16.3395	0 319.527 15.6787
0.0686035 16.8293 16.3226	0 323.831 15.6253
0.0688477 16.9502 16.2979	0 275.792 15.5183
0.0690918 15.676 16.267	0 242.791 15.3954
0.0693359 13.1928 16.2323	0 178.588 15.2696
0.0695801 17.8123 16.1959	0 255.554 15.1178
0.0698242 16.6019 16.1595	0 415.095 14.892
0.0700684 14.8708 16.1242	0 295.002 14.5475
0.0703125 16.2792 16.0906	0 264.681 14.0721
0.0705566 16.6388 16.0593	0 298.2 13.5015
0.0708008 16.344 16.0315	0 250.314 12.9139
0.0710449 18.7413 16.0094	0 293.743 12.4077
0.0712891 14.282 15.9958	0 163.044 12.0714
0.0715332 14.4087 15.9943	0 239.89 11.9597
0.0717773 15.3549 16.0089	0 253.148 12.0814
0.0720215 13.7854 16.0431	0 229.981 12.4059
0.0722656 19.5325 16.0998	0 300.22 12.8818
0.0725098 14.6609 16.1811	0 199.484 13.4603
0.0727539 15.7332 16.2877	0 195.073 14.1125
0.072998 15.5548 16.4197	0 323.533 14.8337
0.0732422 17.2286 16.5756	0 253.123 15.6318
0.0734863 15.8362 16.7531	0 234.677 16.5078
0.0737305 17.2637 16.9489	0 225.993 17.4376
0.0739746 15.4137 17.1582	0 212.252 18.3659
0.0742188 18.2798 17.3756	0 357.701 19.2178
0.0744629 17.4305 17.5946	0 323.568 19.9243
0.074707 17.8503 17.8086	0 400.695 20.4503
0.0749512 18.2982 18.0112	0 286.721 20.8071
0.0751953 18.0818 18.1972	0 441.507 21.0406
0.0754395 21.0104 18.3628	0 325.669 21.1991
0.0756836 17.2624 18.5064	0 261.062 21.2969
0.0759277 19.695 18.6288	0 390.469 21.2976
0.0761719 20.6272 18.7325	0 423.295 21.1281
0.076416 20.0533 18.8219	0 361.018 20.7199
0.0766602 14.19 18.9023	0 246.358 20.0577
0.0769043 19.7692 18.9794	0 378.542 19.2085
0.0771484 18.4726 19.059	0 374.557 18.3174
0.0773926 20.5384 19.1469	0 434.842 17.568
0.0776367 17.8733 19.2484	0 202.078 17.1257
0.0778809 21.959 19.3692	0 327.688 17.0903
0.078125 19.35 19.5142	0 509.055 17.4784
0.0783691 16.8462 19.6883	0 309.247 18.2421
0.0786133 19.2706 19.8949	0 336.424 19.3099
0.0788574 20.02 20.1361	0 531.069 20.6224
0.0791016 20.462 20.4116	0 334.328 22.1389
0.0793457 17.2805 20.7191	0 297.597 23.8128
0.0795898 20.911 21.054	0 536.17 25.554
0.079834 21.017 21.4103	0 363.758 27.2122
0.0800781 23.1876 21.7814	0 415.834 28.6031
0.0803223 27.2778 22.161	0 717.294 29.5756
0.0805664 19.1868 22.5437	0 340.62 30.0893
0.0808105 22.2516 22.926	0 511.853 30.2595
0.0810547 22.2934 23.3061	0 671.667 30.3407
0.0812988 23.0655 23.6847	0 683.557 30.6484
0.081543 26.7006 24.0647	0 608.284 31.4524
0.0817871 23.3933 24.451	0 635.951 32.8913
0.0820312 24.5625 24.8505	0 610.242 34.9455
0.0822754 26.6968 25.271	0 609.334 37.4775
0.0825195 28.9796 25.7204	0 1095.2 40.3135
0.0827637 21.6337 26.2046	0 559.663 43.3202
0.0830078 22.7759 26.7263	0 321.955 46.4414
0.083252 27.1911 27.2836	0 712.888 49.6848
0.0834961 26.2132 27.8695	0 818.497 53.0799
0.0837402 25.0147 28.4721	0 464.364 56.6389
0.0839844 31.984 29.0767	0 1245.13 60.3443
0.0842285 35.5186 29.6681	0 1291.72 64.1644
0.0844727 29.4521 30.2336	0 703.724 68.0795
0.0847168 30.3072 30.7653	0 876.93 72.1038
0.0849609 31.9121 31.2624	0 1171.62 76.2947
0.0852051 35.2128 31.7307	0 1572.05 80.752
0.0854492 33.8196 32.1819	0 1251.74 85.6038
0.0856934 37.0046 32.631	0 1335.82 90.9759
0.0859375 25.781 33.093	0 564.619 96.9425
0.0861816 26.4778 33.5797	0 706.336 103.472
0.0864258 34.0584 34.0981	0 1174.65 110.392
0.0866699 32.9816 34.6492	0 807.452 117.402
0.0869141 35.4201 35.229	0 992.426 124.134
0.0871582 39.2935 35.8299	0 1592.68 130.258
0.0874023 42.987 36.4438	0 1633.83 135.591
0.0876465 32.3598 37.063	0 977.449 140.189
0.0878906 39.738 37.6821	0 2285.35 144.355
0.0881348 35.9366 38.2969	0 1657.64 148.541
0.0883789 39.7098 38.904	0 1765.8 153.138
0.088623 39.3897 39.4984	0 1623.56 158.221
0.0888672 37.9513 40.0723	0 1455.71 163.366
0.0891113 35.6608 40.6147	0 1284.34 167.652
0.0893555 43.5417 41.1114	0 2730.89 169.911
0.0895996 46.2064 41.5462	0 1812.83 169.131
0.0898438 50.1716 41.9032	0 2640.8 164.851
0.0900879 38.8364 42.1683	0 1259.87 157.36
0.090332 44.6794 42.3309	0 2107.57 147.626
0.0905762 43.4988 42.3844	0 2102.45 136.982
0.0908203 39.7778 42.327	0 1620.23 126.742
0.0910645 49.0189 42.1608	0 3264.37 117.869
0.0913086 40.2848 41.8922	0 1342.98 110.834
0.0915527 41.8302 41.5311	0 1578.12 105.626
0.0917969 42.904 41.0904	0 1414.12 101.896
0.092041 46.2479 40.5861	0 1986.66 99.1405
0.0922852 39.455 40.0357	0 1466.84 96.8681
0.0925293 37.2821 39.4578	0 1241.51 94.7059
0.0927734 39.1456 38.8697	0 1358.82 92.4388
0.0930176 34.7405 38.286	0 863.481 89.9912
0.0932617 35.5863 37.7173	0 1066.97 87.3797
0.0935059 41.7622 37.1682	0 1954.69 84.6644
0.09375 32.0354 36.638	0 1003.3 81.9151
0.0939941 35.5708 36.1205	0 1179.07 79.1913
0.0942383 35.3344 35.6054	0 1161.01 76.5358
0.0944824 39.3833 35.0806	0 1283.18 73.977
0.0947266 31.0209 34.5335	0 731.397 71.5397
0.0949707 37.6049 33.9537	0 1290.65 69.2589
0.0952148 36.1485 33.3332	0 1066.33 67.1799
0.095459 33.7467 32.6682	0 1095.91 65.3367
0.0957031 29.8082 31.9584	0 787.261 63.7099
0.0959473 33.4013 31.2069	0 1094.78 62.1887
0.0961914 28.8988 30.4197	0 773.266 60.5647
0.0964355 27.6178 29.6046	0 791.635 58.5731
0.0966797 32.3754 28.7712	0 1282.1 55.973
0.0969238 29.2366 27.9299	0 750.222 52.6343
0.097168 25.6292 27.0917	0 604.311 48.597
0.0974121 27.3108 26.2679	0 740.47 44.0791
0.0976562 25.1338 25.469	0 639.586 39.4308
0.0979004 20.0816 24.7047	0 246.125 35.05
0.0981445 23.9057 23.9828	0 669.523 31.2861
0.0983887 21.8646 23.3085	0 474.534 28.3598
0.0986328 24.9086 22.6843	0 576.698 26.3246
0.098877 21.2066 22.1095	0 522.562 25.0796
0.0991211 18.8904 21.5804	0 452.267 24.4237
0.0993652 22.2367 21.0908	0 444.845 24.1259
0.0996094 18.3184 20.6329	0 259.961 23.9851
0.0998535 18.7467 20.1982	0 427.325 23.8602
0.100098 20.7552 19.7788	0 328.198 23.6731
0.100342 20.9616 19.3685	0 434.059 23.3921
0.100586 22.0647 18.9636	0 422.679 23.0135
0.10083 17.4575 18.5637	0 210.191 22.5483
0.101074 17.4327 18.171	0 323.304 22.0161
0.101318 19.7124 17.7897	0 474.188 21.444
0.101562 14.6021 17.425	0 145.695 20.8629
0.101807 13.848 17.0815	0 267.474 20.3008
0.102051 16.0528 16.7625	0 242.26 19.7738
0.102295 18.0501 16.4688	0 312.913 19.2798
0.102539 18.6646 16.1993	0 391.203 18.7992
0.102783 12.5882 15.9506	0 120.517 18.3033
0.103027 15.0933 15.7182	0 274.937 17.7662
0.103271 16.1806 15.4972	0 219.473 17.1762
0.103516 16.351 15.2833	0 206.855 16.5415
0.10376 15.5013 15.0729	0 184.72 15.8904
0.104004 15.5012 14.8638	0 281.165 15.2645
0.104248 12.1836 14.6554	0 132.563 14.7072
0.104492 15.526 14.448	0 214.974 14.2496
0.104736 14.6597 14.2433	0 237.788 13.8988
0.10498 13.1847 14.0434	0 164.238 13.6334
0.105225 15.122 13.8505	0 195.265 13.4089
0.105469 13.0697 13.6665	0 190.485 13.1716
0.105713 13.5886 13.4923	0 222.699 12.8753
0.105957 11.8896 13.3279	0 222.006 12.4942
0.106201 12.1642 13.1718	0 116.492 12.0277
0.106445 13.1159 13.0217	0 207.066 11.4981
0.106689 12.3479 12.8752	0 144.097 10.9426
0.106934 14.9436 12.7298	0 213.859 10.4059
0.107178 12.5529 12.5847	0 117.162 9.93308
0.107422 12.1721 12.4402	0 144.337 9.56372
0.107666 14.7056 12.2985	0 197.563 9.32835
0.10791 11.6022 12.1631	0 131.271 9.24535
0.108154 10.4091 12.0374	0 97.617 9.31907
0.108398 10.5508 11.9244	0 109.753 9.53857
0.108643 11.7711 11.8251	0 183.514 9.87669
0.108887 9.36607 11.7386	0 103.5 10.29
0.109131 12.0492 11.6616	0 181.272 10.7218
0.109375 11.151 11.5894	0 114.416 11.1088
0.109619 15.5087 11.5172	0 321.359 11.3941
0.109863 11.0955 11.4406	0 113.997 11.5395
0.110107 11.4955 11.3573	0 131.579 11.5349
0.110352 11.6746 11.2672	0 132.811 11.3973
0.110596 10.3628 11.1725	0 129.052 11.1612
0.11084 11.5585 11.077	0 155.95 10.8636
0.111084 9.85542 10.9857	0 91.5529 10.5315
0.111328 10.8629 10.9032	0 134.723 10.1779
0.111572 10.8609 10.8333	0 124.51 9.80629
0.111816 10.2661 10.7778	0 73.3959 9.41814
0.112061 9.51403 10.7371	0 70.2445 9.0184
0.112305 10.9226 10.7092	0 94.0668 8.61501
0.112549 11.3708 10.691	0 139.424 8.21457
0.112793 9.14834 10.6788	0 73.6469 7.819
0.113037 11.0782 10.6688	0 151.558 7.42676
0.113281 11.9102 10.658	0 154.077 7.03843
0.113525 11.3915 10.6449	0 154.868 6.66207
0.11377 11.0315 10.6295	0 111.972 6.3139
0.114014 10.19 10.6131	0 130.584 6.0131
0.114258 10.5218 10.598	0 114.555 5.77369
0.114502 10.3706 10.5867	0 118.725 5.59851
0.114746 9.59167 10.5812	0 70.7791 5.47861
0.11499 9.80478 10.5824	0 98.2406 5.39763
0.115234 9.63317 10.5902	0 134.138 5.33892
0.115479 11.4841 10.6033	0 96.7907 5.29203
0.115723 11.5042 10.6198	0 159.58 5.25675
0.115967 11.7056 10.6381	0 131.134 5.24369
0.116211 9.83318 10.6568	0 83.3318 5.27146
0.116455 10.6716 10.6758	0 82.3958 5.36117
0.116699 10.7647 10.6958	0 107.347 5.53003
0.116943 10.4218 10.7183	0 105.263 5.78541
0.117188 11.0506 10.7451	0 119.588 6.12112
0.117432 11.0398 10.7777	0 94.9488 6.51658
0.117676 10.1475 10.8168	0 110.785 6.93872
0.11792 9.21349 10.862	0 84.5186 7.34647
0.118164 10.4154 10.9117	0 91.2428 7.69686
0.118408 12.525 10.9634	0 92.1554 7.95219
0.118652 11.1563 11.014	0 150.694 8.08721
0.118896 10.9649 11.0605	0 114.117 8.09512
0.119141 11.3528 11.1003	0 153.732 7.99048
0.119385 12.9214 11.1314	0 185.358 7.80737
0.119629 10.9108 11.153	0 117.975 7.59221
0.119873 10.1259 11.1648	0 103.301 7.39219
0.120117 9.94218 11.1671	0 89.8886 7.24259
0.120361 11.607 11.1604	0 136.484 7.15676
0.120605 13.312 11.1457	0 161.714 7.12246
0.12085 10.9994 11.1237	0 108.772 7.10576
0.121094 10.3392 11.0951	0 123.867 7.06232
0.121338 10.8708 11.0608	0 86.3563 6.95289
0.121582 11.438 11.0215	0 167.64 6.75835
0.121826 10.8304 10.9783	0 126.211 6.48845
0.12207 11.6759 10.9321	0 105.8 6.1804
0.122314 10.2175 10.8845	0 80.9367 5.88719
0.122559 10.2425 10.837	0 100.372 5.66102
0.122803 11.5086 10.7919	0 107.25 5.5394
0.123047 10.924 10.7521	0 110.998 5.53948
0.123291 10.9266 10.7211	0 93.7956 5.66168
0.123535 10.4767 10.7028	0 114.047 5.89875
0.123779 9.90038 10.7016	0 86.6977 6.24442
0.124023 10.3765 10.7218	0 84.5235 6.69743
0.124268 10.9375 10.7667	0 97.7242 7.25944
0.124512 10.0577 10.8385	0 114.4 7.92844
0.124756 9.76402 10.9378	0 67.4166 8.69169
0.125 9.96304 11.0626	0 93.1604 9.52239
0.125244 11.8334 11.2089	0 123.413 10.3825
0.125488 10.7383 11.3705	0 130.455 11.2305
0.125732 10.946 11.5397	0 145.925 12.029
0.125977 11.978 11.7081	0 167.845 12.7469
0.126221 13.8122 11.8672	0 201.997 13.3551
0.126465 11.7204 12.01	0 117.996 13.8196
0.126709 12.5245 12.1313	0 153.531 14.1006
0.126953 12.4314 12.2285	0 177.416 14.1609
0.127197 14.5221 12.3017	0 248.454 13.9831
0.127441 12.5186 12.3537	0 152.358 13.5847
0.127686 11.4483 12.3895	0 119.209 13.0246
0.12793 13.8002 12.415	0 184.758 12.396
0.128174 11.1845 12.4367	0 159.803 11.8097
0.128418 10.9883 12.4601	0 110.16 11.373
0.128662 12.4521 12.4892	0 144.904 11.1702
0.128906 13.6025 12.526	0 166.503 11.2458
0.12915 11.6608 12.5703	0 157.057 11.5946
0.129395 12.7016 12.6199	0 175.961 12.1583
0.129639 11.0403 12.6716	0 135.143 12.8355
0.129883 13.2505 12.7214	0 162.022 13.5036
0.130127 14.7868 12.7664	0 222.489 14.0488
0.130371 13.4338 12.8048	0 207.88 14.3939
0.130615 11.633 12.8371	0 170.277 14.5138
0.130859 14.9988 12.866	0 179.935 14.4349
0.131104 12.298 12.8965	0 183.445 14.2193
0.131348 12.6487 12.9345	0 150.544 13.9439
0.131592 12.2179 12.9864	0 156.312 13.6823
0.131836 12.0286 13.0572	0 182.564 13.4934
0.13208 12.5438 13.1499	0 137.037 13.4166
0.132324 12.8005 13.2641	0 130.745 13.4685
0.132568 12.3466 13.3962	0 132.662 13.641
0.132812 12.7848 13.5388	0 185.725 13.9001
0.133057 13.875 13.6825	0 167.191 14.1897
0.133301 14.7857 13.8163	0 250.192 14.4421
0.133545 15.7925 13.9296	0 243.936 14.5943
0.133789 13.1427 14.0137	0 151.801 14.6045
0.134033 15.3832 14.0627	0 222.543 14.4613
0.134277 16.5491 14.0746	0 230.111 14.1847
0.134521 15.2689 14.051	0 205.73 13.817
0.134766 14.108 13.9961	0 187.149 13.4098
0.13501 13.8521 13.9162	0 187.737 13.0113
0.135254 12.4388 13.8179	0 187.597 12.6553
0.135498 12.435 13.7072	0 86.463 12.3551
0.135742 12.3331 13.5888	0 153.715 12.1014
0.135986 12.9206 13.4658	0 190.623 11.8686
0.13623 16.526 13.3407	0 331.335 11.627
0.136475 14.5136 13.2153	0 218.245 11.3582
0.136719 12.8524 13.0919	0 136.193 11.0659
0.136963 14.101 12.973	0 167.865 10.7754
0.137207 11.4465 12.8614	0 209.114 10.5226
0.137451 9.57181 12.7595	0 69.1315 10.337
0.137695 13.3358 12.6683	0 184.868 10.23
0.137939 12.8393 12.5872	0 127.208 10.1939
0.138184 11.2107 12.5131	0 101.803 10.2089
0.138428 12.9386 12.4416	0 178.985 10.2531
0.138672 12.3486 12.3669	0 177.418 10.3065
0.138916 13.4503 12.2837	0 173.649 10.3495
0.13916 13.6248 12.1876	0 207.943 10.3599
0.139404 11.8827 12.0765	0 104.452 10.3123
0.139648 12.9025 11.9508	0 127.799 10.1834
0.139893 12.6909 11.8129	0 189.867 9.96085
0.140137 10.6489 11.6669	0 94.2892 9.65048
0.140381 10.9426 11.5173	0 112.312 9.27808
0.140625 10.8921 11.3684	0 128.682 8.88438
0.140869 9.90131 11.2236	0 95.4678 8.51379
0.141113 10.9437 11.0848	0 124.011 8.20065
0.141357 11.5501 10.9528	0 100.014 7.95777
0.141602 11.9862 10.8274	0 145.401 7.77208
0.141846 10.3294 10.7082	0 104.119 7.60965
0.14209 11.2887 10.5948	0 109.512 7.42898
0.142334 9.45975 10.4871	0 92.4555 7.19752
0.142578 10.8911 10.3856	0 131.699 6.90511
0.142822 9.30869 10.2908	0 103.918 6.56847
0.143066 10.1461 10.2032	0 91.0872 6.2249
0.143311 8.87061 10.123	0 74.0771 5.91795
0.143555 11.3607 10.0501	0 124.78 5.68128
0.143799 10.3756 9.98361	0 99.9678 5.52807
0.144043 9.68699 9.92259	0 77.0009 5.45056
0.144287 9.18064 9.86573	0 99.1034 5.42923
0.144531 8.82483 9.81176	0 91.0779 5.44647
0.144775 11.7831 9.7595	0 144.81 5.49733
0.14502 8.80297 9.70792	0 82.6458 5.59174
0.145264 10.4031 9.65611	0 74.8162 5.74736
0.145508 9.61668 9.60323	0 72.3462 5.97685
0.145752 8.28479 9.5484	0 74.6752 6.27641
0.145996 9.01443 9.49064	0 81.2719 6.62101
0.14624 11.4244 9.42898	0 126.105 6.96806
0.146484 8.58074 9.36246	0 66.0087 7.2676
0.146729 9.73437 9.29038	0 112.203 7.4747
0.146973 8.46907 9.21249	0 74.0628 7.56015
0.147217 10.1106 9.12916	0 121.042 7.51674
0.147461 9.87837 9.04146	0 165.427 7.35995
0.147705 8.02904 8.9512	0 92.8065 7.12305
0.147949 8.34399 8.86077	0 77.4212 6.84798
0.148193 9.18758 8.77283	0 68.7301 6.57476
0.148438 9.45673 8.68994	0 86.3086 6.33301
0.148682 8.4769 8.6142	0 88.9051 6.13784
0.148926 7.16284 8.54685	0 43.2131 5.99082
0.14917 7.42795 8.48811	0 56.9528 5.88435
0.149414 9.05317 8.43714	0 86.8299 5.80757
0.149658 7.80682 8.39223	0 58.7445 5.75162
0.149902 8.92263 8.35117	0 73.1465 5.71288
0.150146 9.07984 8.3117	0 78.8813 5.69288
0.150391 9.21562 8.27188	0 95.9393 5.69474
0.150635 6.9859 8.23038	0 41.1024 5.71775
0.150879 7.79837 8.18662	0 42.8555 5.75283
0.151123 9.02473 8.14066	0 95.7276 5.78187
0.151367 8.52844 8.09301	0 135.988 5.78208
0.151611 7.35499 8.04437	0 39.6369 5.73399
0.151855 6.63038 7.9954	0 38.7754 5.62956
0.1521 9.72341 7.94656	0 101.199 5.47696
0.152344 7.43104 7.8981	0 61.7387 5.29935
0.152588 7.52855 7.85015	0 47.6928 5.12781
0.152832 8.01415 7.80284	0 54.4086 4.99086
0.153076 7.63261 7.75652	0 42.3889 4.90459
0.15332 8.26881 7.71183	0 93.0373 4.86763
0.153564 7.59718 7.66974	0 70.9919 4.86249
0.153809 7.37815 7.6315	0 57.3803 4.86267
0.154053 7.52394 7.59841	0 83.9309 4.84181
0.154297 6.9368 7.57159	0 77.3826 4.78126
0.154541 8.45792 7.55175	0 73.7671 4.67341
0.154785 6.58155 7.53893	0 45.5653 4.52084
0.155029 6.7943 7.5325	0 55.4657 4.33315
0.155273 8.21655 7.53115	0 93.332 4.12388
0.155518 6.6182 7.53319	0 32.478 3.90888
0.155762 8.45505 7.53679	0 48.0648 3.70579
0.156006 7.9014 7.54033	0 51.0528 3.53314
0.15625 7.34769 7.5427	0 50.2708 3.40774
0.156494 8.30431 7.54342	0 65.6635 3.34035
0.156738 7.55841 7.54266	0 43.5204 3.33152
0.156982 6.37155 7.54108	0 26.7482 3.36979
0.157227 7.96587 7.53961	0 65.5077 3.43412
0.157471 7.20479 7.53919	0 57.513 3.50028
0.157715 8.22025 7.54053	0 84.778 3.54873
0.157959 6.74083 7.54402	0 32.0781 3.57049
0.158203 7.07337 7.54969	0 43.3554 3.56835
0.158447 9.16436 7.55726	0 68.1899 3.55301
0.158691 6.98316 7.56629	0 36.734 3.53643
0.158936 6.75805 7.57634	0 34.9924 3.52611
0.15918 7.68503 7.58703	0 55.3295 3.52329
0.159424 7.81138 7.59821	0 61.2219 3.52557
0.159668 8.89304 7.60987	0 67.1869 3.53163
0.159912 6.88518 7.62211	0 56.7611 3.54491
0.160156 7.03071 7.63503	0 57.184 3.5737
0.1604 8.31334 7.64863	0 71.7995 3.62787
0.160645 6.35802 7.66274	0 38.2483 3.71432
0.160889 8.4452 7.67701	0 70.2521 3.83379
0.161133 7.60896 7.69103	0 59.171 3.98035
0.161377 7.74598 7.70448	0 59.6728 4.14299
0.161621 7.60978 7.71725	0 52.8309 4.30781
0.161865 8.93139 7.72958	0 71.2752 4.45972
0.162109 7.91439 7.742	0 72.8744 4.58327
0.162354 6.51956 7.75518	0 32.4608 4.66384
0.162598 7.49981 7.76971	0 82.0843 4.68956
0.162842 7.87397 7.78582	0 66.111 4.65395
0.163086 8.23917 7.80311	0 84.053 4.55823
0.16333 7.68029 7.82052	0 55.3402 4.41204
0.163574 7.12015 7.83641	0 50.6052 4.23205
0.163818 8.19894 7.84889	0 50.2984 4.03896
0.164062 7.15827 7.8562	0 47.8677 3.85379
0.164307 8.8595 7.8572	0 70.7978 3.69446
0.164551 9.49534 7.8517	0 76.339 3.57307
0.164795 8.47186 7.84055	0 70.2641 3.49438
0.165039 6.67975 7.82556	0 47.6043 3.45572
0.165283 7.20367 7.80904	0 59.1219 3.44887
0.165527 7.49064 7.79335	0 53.1169 3.46336
0.165771 7.89937 7.78028	0 56.7888 3.48996
0.166016 7.17531 7.77068	0 59.9758 3.52269
0.16626 7.81823 7.76421	0 59.062 3.55847
0.166504 8.21988 7.75946	0 53.1233 3.59495
0.166748 7.25243 7.75429	0 50.2636 3.62802
0.166992 7.62907 7.74635	0 46.2036 3.6505
0.167236 8.48654 7.73366	0 56.9044 3.65298
0.16748 8.45925 7.71517	0 73.2623 3.62675
0.167725 8.00012 7.69108	0 75.4271 3.56779
0.167969 6.3937 7.66297	0 47.2629 3.48058
0.168213 9.36934 7.63359	0 79.4975 3.37961
0.168457 7.24833 7.60646	0 45.5209 3.28751
0.168701 6.64375 7.58516	0 46.2981 3.22964
0.168945 8.1593 7.57272	0 50.2832 3.22655
0.169189 6.20331 7.57096	0 33.9772 3.2873
0.169434 6.51792 7.58005	0 39.2968 3.4064
0.169678 7.06792 7.59841	0 57.9441 3.56571
0.169922 8.85961 7.62283	0 76.1441 3.74045
0.170166 8.36009 7.64898	0 70.1256 3.90671
0.17041 7.23259 7.67201	0 44.8425 4.04751
0.170654 7.95187 7.68738	0 65.8503 4.15538
0.170898 7.01941 7.69157	0 36.3071 4.2315
0.171143 8.46002 7.68268	0 83.0546 4.28253
0.171387 9.25015 7.66075	0 79.8633 4.31722
0.171631 7.77389 7.62787	0 56.7957 4.34366
0.171875 7.82621 7.5878	0 82.7513 4.36759
0.172119 7.9372 7.54543	0 58.543 4.39128
0.172363 6.05378 7.50597	0 34.2972 4.41287
0.172607 6.39396 7.47413	0 42.0429 4.42644
0.172852 7.58713 7.45335	0 62.5888 4.42354
0.173096 7.21367 7.44538	0 39.1491 4.39613
0.17334 7.19212 7.45007	0 56.6291 4.34038
0.173584 7.01313 7.46566	0 59.39 4.2594
0.173828 7.19512 7.48919	0 40.9561 4.16358
0.174072 8.27136 7.51723	0 62.6541 4.06767
0.174316 7.85408 7.54654	0 52.2149 3.98599
0.174561 7.88516 7.57452	0 57.3662 3.92785
0.174805 7.65576 7.59958	0 43.2734 3.89553
0.175049 8.60179 7.62108	0 84.1881 3.88552
0.175293 6.61722 7.63913	0 39.8112 3.89177
0.175537 7.33989 7.65425	0 45.7002 3.90904
0.175781 7.90855 7.66701	0 68.0193 3.93446
0.176025 6.65941 7.67779	0 41.1497 3.9674
0.17627 8.38539 7.68666	0 115.155 4.00822
0.176514 7.86336 7.69347	0 44.478 4.05722
0.176758 8.31444 7.69801	0 77.3803 4.11401
0.177002 7.27045 7.70014	0 44.5666 4.17751
0.177246 8.74446 7.69997	0 82.5241 4.24609
0.17749 6.95136 7.6978	0 55.8946 4.31773
0.177734 7.8173 7.69403	0 40.1055 4.38991
0.177979 7.25215 7.68904	0 56.0272 4.45923
0.178223 7.00526 7.68305	0 62.1 4.52098
0.178467 7.46542 7.67606	0 53.8245 4.56918
0.178711 9.71498 7.66789	0 75.4231 4.59732
0.178955 7.12873 7.65828	0 43.7215 4.59951
0.179199 6.95637 7.64706	0 44.0526 4.57141
0.179443 7.85342 7.6342	0 48.8579 4.51026
0.179688 8.13685 7.61994	0 76.0649 4.41435
0.179932 7.54359 7.60468	0 63.3797 4.28269
0.180176 7.19334 7.589	0 39.0619 4.11589
0.18042 7.69379 7.57351	0 59.7104 3.91807
0.180664 6.93668 7.55882	0 45.925 3.69869
0.180908 7.97056 7.54548	0 54.2503 3.47277
0.181152 8.03058 7.53405	0 39.1856 3.25886
0.181396 7.10924 7.52508	0 41.5056 3.07534
0.181641 7.53244 7.51915	0 53.9208 2.93695
0.181885 7.05611 7.51684	0 52.7818 2.85265
0.182129 7.94136 7.51864	0 57.0225 2.82522
0.182373 8.24817 7.52481	0 50.4446 2.85163
0.182617 5.99082 7.53521	0 31.1915 2.92327
0.182861 7.73888 7.54918	0 55.9226 3.02619
0.183105 7.33664 7.56548	0 46.2714 3.14224
0.18335 7.72274 7.58226	0 60.1678 3.25227
0.183594 7.60338 7.59726	0 60.3445 3.34102
0.183838 8.134 7.60798	0 57.6645 3.40214
0.184082 7.87193 7.61196	0 87.2149 3.44066
0.184326 6.91068 7.60712	0 64.5105 3.471
0.18457 8.78982 7.59196	0 75.6132 3.51076
0.184814 7.63149 7.5658	0 42.0682 3.57265
0.185059 7.15018 7.52891	0 43.731 3.65837
0.185303 8.1068 7.48246	0 49.0968 3.75739
0.185547 7.71493 7.42847	0 58.8345 3.85127
0.185791 7.32292 7.3696	0 54.8069 3.92101
0.186035 7.02057 7.30888	0 57.2395 3.95392
0.186279 7.79811 7.24933	0 50.5287 3.94657
0.186523 6.6336 7.19372	0 30.1841 3.90348
0.186768 6.32485 7.1442	0 39.5948 3.83332
0.187012 6.7431 7.10218	0 69.5281 3.74532
0.187256 7.32985 7.06819	0 52.0743 3.64763
0.1875 7.74313 7.04193	0 73.9829 3.54725
0.187744 6.33659 7.02238	0 48.5938 3.45002
0.187988 6.82237 7.00805	0 49.9411 3.3599
0.188232 6.55176 6.99714	0 36.9094 3.2779
0.188477 7.4614 6.9878	0 55.1403 3.20193
0.188721 7.47328 6.97832	0 57.9771 3.12858
0.188965 7.02688 6.96728	0 48.2761 3.05612
0.189209 6.90779 6.95366	0 89.5069 2.98693
0.189453 6.48032 6.93693	0 36.36 2.92762
0.189697 6.87059 6.91702	0 43.9296 2.88642
0.189941 7.50967 6.89438	0 80.4718 2.86907
0.190186 6.79718 6.86983	0 44.5027 2.87542
0.19043 7.62683 6.84453	0 58.1929 2.89832
0.190674 6.40148 6.81973	0 32.6029 2.92566
0.190918 6.27099 6.7967	0 52.589 2.94455
0.191162 6.38472 6.77651	0 35.4625 2.94607
0.191406 6.0339 6.75992	0 49.8806 2.92869
0.19165 7.71356 6.74736	0 55.784 2.89896
0.191895 7.54742 6.73885	0 50.937 2.86887
0.192139 5.95738 6.7341	0 34.609 2.85112
0.192383 6.10324 6.73251	0 38.7771 2.85417
0.192627 6.98426 6.73328	0 56.7941 2.87941
0.192871 6.84601 6.73549	0 42.7069 2.92119
0.193115 6.89185 6.73817	0 59.4603 2.9695
0.193359 6.23608 6.74043	0 32.3803 3.01353
0.193604 7.17924 6.74155	0 46.1232 3.04493
0.193848 6.76783 6.74105	0 55.5098 3.05981
0.194092 7.0896 6.73879	0 65.6769 3.05967
0.194336 6.7369 6.73489	0 36.0039 3.05129
0.19458 6.29698 6.72969	0 31.785 3.04561
0.194824 7.50062 6.7236	0 53.6477 3.05537
0.195068 6.36009 6.71692	0 38.0746 3.09169
0.195312 6.20466 6.70981	0 36.3717 3.16008
0.195557 6.43967 6.70222	0 45.9372 3.25724
0.195801 6.29935 6.69403	0 34.5007 3.36993
0.196045 7.24733 6.68515	0 52.8135 3.47711
0.196289 8.1284 6.67572	0 66.9512 3.55503
0.196533 6.35517 6.66624	0 72.2812 3.58406
0.196777 6.00419 6.65751	0 43.0864 3.55457
0.197021 6.80811 6.65049	0 45.9903 3.46993
0.197266 6.05468 6.64606	0 37.8078 3.34536
0.19751 7.26185 6.64469	0 50.3973 3.20357
0.197754 5.84035 6.64625	0 27.3712 3.06881
0.197998 5.95415 6.64986	0 42.4813 2.96108
0.198242 7.33572 6.65401	0 56.0938 2.89197
0.198486 6.5727 6.65683	0 24.1781 2.86254
0.19873 7.31601 6.65649	0 43.114 2.86356
0.198975 6.37804 6.65154	0 33.3071 2.87831
0.199219 7.28895 6.64128	0 47.0203 2.88751
0.199463 7.00826 6.62587	0 55.254 2.87517
0.199707 7.07279 6.60632	0 49.85 2.83352
0.199951 5.12622 6.58426	0 28.632 2.76535
0.200195 7.18163 6.56163	0 54.0351 2.6829
0.200439 6.15114 6.54033	0 37.1147 2.6038
0.200684 6.42891 6.52195	0 41.7433 2.54574
0.200928 6.1584 6.50753	0 36.3263 2.52182
0.201172 6.92905 6.4975	0 55.2336 2.53785
0.201416 6.47085 6.49172	0 41.3506 2.59214
0.20166 6.25492 6.48955	0 34.063 2.67714
0.201904 6.88466 6.49011	0 37.6019 2.78162
0.202148 5.89495 6.49243	0 38.4167 2.89248
0.202393 5.71917 6.49577	0 25.898 2.99595
0.202637 7.17858 6.49973	0 40.1841 3.07869
0.202881 7.42169 6.50448	0 59.4671 3.12951
0.203125 6.80271 6.51069	0 40.9344 3.14157
0.203369 6.3336 6.51939	0 37.0509 3.11437
0.203613 5.93007 6.53172	0 38.1458 3.05443
0.203857 5.98801 6.5485	0 30.7042 2.97415
0.204102 6.7281 6.56989	0 35.4857 2.88915
0.204346 6.62702 6.59513	0 32.8379 2.81471
0.20459 5.37356 6.62249	0 38.3628 2.76223
0.204834 7.06926 6.64949	0 38.917 2.73613
0.205078 6.97283 6.67335	0 48.0075 2.73219
0.205322 7.14243 6.69153	0 42.6823 2.73829
0.205566 7.08382 6.70229	0 48.0183 2.73814
0.205811 8.46563 6.70506	0 56.8449 2.7174
0.206055 5.89191 6.70057	0 31.7942 2.67005
0.206299 6.42778 6.69069	0 47.2935 2.60219
0.206543 6.06852 6.67797	0 42.614 2.5315
0.206787 7.19804 6.66516	0 41.4718 2.48228
0.207031 6.60143 6.65463	0 35.8211 2.4778
0.207275 6.0178 6.64799	0 39.8212 2.53306
0.20752 5.69008 6.64591	0 30.5556 2.65022
0.207764 6.07173 6.64817	0 26.3798 2.81835
0.208008 8.83492 6.6539	0 69.9421 3.01688
0.208252 6.79718 6.66184	0 41.3406 3.22144
0.208496 5.91045 6.67063	0 25.4406 3.40953
0.20874 6.90064 6.679	0 59.3342 3.56421
0.208984 6.08401 6.68581	0 46.7559 3.67485
0.209229 7.15625 6.68999	0 48.0776 3.7357
0.209473 6.67764 6.69053	0 56.3341 3.7439
0.209717 6.87097 6.68642	0 44.3538 3.69836
0.209961 6.17057 6.67675	0 43.8075 3.60031
0.210205 6.84167 6.66093	0 46.0926 3.4547
0.210449 6.94947 6.63897	0 40.1199 3.27151
0.210693 7.04761 6.61168	0 61.5592 3.06599
0.210938 7.28003 6.58089	0 52.2667 2.85751
0.211182 6.88077 6.54934	0 51.3767 2.66728
0.211426 5.75272 6.52039	0 29.9663 2.51537
0.21167 6.53483 6.49752	0 37.3276 2.41766
0.211914 5.85859 6.4837	0 34.1552 2.3832
0.212158 5.52489 6.48081	0 37.8808 2.41278
0.212402 6.42588 6.48916	0 48.2847 2.49879
0.212646 6.6152 6.50742	0 44.7798 2.62662
0.212891 5.82031 6.53275	0 31.5346 2.77714
0.213135 6.46947 6.56136	0 45.2967 2.92985
0.213379 6.57017 6.58916	0 49.7415 3.06638
0.213623 7.36294 6.61252	0 52.9281 3.17385
0.213867 8.4911 6.62879	0 69.0796 3.24728
0.214111 7.21434 6.63661	0 62.6246 3.29014
0.214355 6.18578 6.63589	0 32.4242 3.31261
0.2146 5.52873 6.62753	0 28.5039 3.32748
0.214844 5.60846 6.613	0 26.0764 3.34506
0.215088 7.60945 6.59398	0 42.0018 3.36864
0.215332 5.84677 6.5721	0 30.5656 3.3926
0.215576 7.63907 6.54885	0 51.5317 3.40411
0.21582 6.2447 6.52565	0 59.1623 3.38845
0.216064 7.49861 6.50399	0 74.5357 3.33586
0.216309 6.31815 6.48547	0 35.3447 3.24731
0.216553 5.8823 6.4718	0 39.1192 3.13628
0.216797 5.7465 6.4646	0 33.0125 3.02551
0.217041 6.08672 6.46511	0 33.0853 2.93959
0.217285 6.641 6.47398	0 44.1564 2.89624
0.217529 6.6905 6.491	0 52.7094 2.89968
0.217773 6.17661 6.51509	0 36.0418 2.93877
0.218018 6.36447 6.54435	0 54.8388 2.99051
0.218262 6.17169 6.57636	0 40.626 3.02777
0.218506 7.13309 6.6085	0 68.3968 3.02823
0.21875 6.83168 6.63835	0 42.1095 2.98152
0.218994 6.92218 6.66403	0 38.8704 2.89179
0.219238 6.10485 6.6845	0 22.7229 2.77547
0.219482 8.21539 6.69965	0 71.061 2.655
0.219727 6.92394 6.71023	0 40.5384 2.55141
0.219971 5.92486 6.71769	0 23.9983 2.47816
0.220215 6.41629 6.72379	0 39.5114 2.43821
0.220459 6.41472 6.73024	0 36.8369 2.42497
0.220703 7.49653 6.73839	0 45.5847 2.4265
0.220947 6.36015 6.7489	0 38.6916 2.43153
0.221191 6.21863 6.7617	0 45.2007 2.43496
0.221436 6.21227 6.77597	0 38.4566 2.44059
0.22168 7.74165 6.79034	0 39.7654 2.45949
0.221924 6.70782 6.80312	0 39.699 2.5042
0.222168 7.61612 6.81261	0 69.2296 2.58111
0.222412 6.29633 6.81724	0 30.219 2.68465
0.222656 6.67153 6.81582	0 58.5513 2.79687
0.2229 7.39356 6.80749	0 63.5465 2.89303
0.223145 6.25046 6.7918	0 39.2567 2.95123
0.223389 7.91828 6.76854	0 71.8917 2.96108
0.223633 6.54536 6.73775	0 46.2703 2.92727
0.223877 6.23982 6.69964	0 34.325 2.8663
0.224121 6.9031 6.65465	0 67.8365 2.79861
0.224365 6.2113 6.60359	0 39.3427 2.74044
0.224609 6.60451 6.54776	0 34.7136 2.69959
0.224854 7.34205 6.48912	0 42.4121 2.6762
0.225098 7.44898 6.43032	0 45.274 2.66673
0.225342 5.78866 6.37465	0 27.8597 2.66817
0.225586 6.03088 6.32571	0 39.0347 2.67992
0.22583 5.14091 6.28708	0 28.5616 2.70306
0.226074 6.21347 6.26182	0 41.2082 2.73808
0.226318 6.2076 6.25206	0 31.1055 2.7829
0.226562 5.50719 6.25864	0 26.4355 2.83249
0.226807 6.31405 6.28094	0 27.7017 2.88032
0.227051 5.71061 6.31697	0 35.7096 2.92125
0.227295 6.23825 6.36353	0 33.0289 2.95409
0.227539 6.86261 6.41655	0 49.6214 2.98228
0.227783 6.4431 6.47154	0 36.1067 3.01147
0.228027 6.73442 6.524	0 46.8229 3.04477
0.228271 6.97375 6.56978	0 30.6816 3.07836
0.228516 6.34014 6.60547	0 38.9068 3.10037
0.22876 6.51549 6.62862	0 43.0859 3.09458
0.229004 7.61664 6.63795	0 56.1526 3.04755
0.229248 7.52547 6.63338	0 70.0719 2.95532
0.229492 6.2263 6.61602	0 41.5626 2.82598
0.229736 6.90849 6.58803	0 40.4802 2.67687
0.22998 6.56448 6.55233	0 38.8227 2.52828
0.230225 6.1667 6.51237	0 28.4366 2.3972
0.230469 6.20021 6.47173	0 34.3284 2.29397
0.230713 6.92389 6.43384	0 52.0214 2.22238
0.230957 6.27606 6.40168	0 29.3624 2.18178
0.231201 5.48072 6.3776	0 32.7218 2.16916
0.231445 6.42245 6.36313	0 45.414 2.18019
0.231689 6.00179 6.35892	0 32.01 2.20948
0.231934 6.48896 6.36473	0 38.2417 2.25077
0.232178 6.70638 6.37944	0 42.3487 2.29757
0.232422 6.47382 6.40116	0 42.3591 2.34391
0.232666 4.73597 6.42742	0 21.9887 2.38466
0.23291 6.58871 6.45543	0 45.7023 2.41538
0.233154 6.96792 6.48238	0 40.4655 2.43219
0.233398 7.51653 6.50577	0 71.4992 2.43211
0.233643 6.56279 6.52368	0 51.1749 2.41404
0.233887 7.27062 6.53495	0 45.0236 2.37984
0.234131 6.47629 6.53925	0 48.7373 2.33441
0.234375 5.48778 6.53697	0 24.6644 2.28445
0.234619 6.6097 6.52909	0 44.747 2.23615
0.234863 7.30248 6.51701	0 50.4637 2.19327
0.235107 5.94927 6.50227	0 34.7991 2.15651
0.235352 6.45559 6.48647	0 40.1335 2.12471
0.235596 7.00303 6.47106	0 47.8433 2.097
0.23584 7.1063 6.4572	0 47.0959 2.0746
0.236084 5.35338 6.44569	0 25.5521 2.06096
0.236328 6.43813 6.4368	0 38.6861 2.06041
0.236572 5.83214 6.43028	0 30.4109 2.07594
0.236816 6.45163 6.4254	0 34.6622 2.10783
0.237061 6.54235 6.42113	0 36.1866 2.15365
0.237305 5.835 6.41633	0 25.9234 2.20988
0.237549 8.21783 6.41005	0 87.2204 2.27386
0.237793 6.23407 6.40173	0 43.1868 2.34482
0.238037 6.55055 6.39125	0 39.9986 2.4231
0.238281 6.32323 6.37895	0 40.2165 2.50808
0.238525 5.12768 6.36541	0 27.4629 2.59601
0.23877 6.73822 6.35128	0 40.8951 2.67955
0.239014 6.58432 6.33707	0 48.8369 2.74939
0.239258 5.98042 6.32304	0 44.8153 2.79728
0.239502 6.76827 6.30931	0 75.5059 2.81874
0.239746 5.7175 6.29592	0 41.2239 2.8139
0.23999 6.76994 6.28304	0 53.6407 2.78626
0.240234 6.43988 6.27114	0 67.2672 2.74042
0.240479 6.34965 6.26103	0 44.4928 2.68067
0.240723 6.53309 6.25377	0 39.4159 2.61139
0.240967 5.9079 6.25047	0 48.1063 2.53911
0.241211 5.61288 6.25203	0 30.167 2.47415
0.241455 6.11455 6.25885	0 43.9823 2.42991
0.241699 5.60798 6.27063	0 29.779 2.41886
0.241943 6.86825 6.28636	0 44.191 2.44668
0.242188 6.48201 6.30439	0 32.141 2.50763
0.242432 5.6022 6.32268	0 23.6268 2.58456
0.242676 7.33261 6.33909	0 56.4014 2.65444
0.24292 6.02091 6.35169	0 43.2864 2.69722
0.243164 7.00356 6.35899	0 51.5094 2.70372
0.243408 6.55379 6.36005	0 41.4025 2.67833
0.243652 6.19068 6.35451	0 31.3879 2.63542
0.243896 5.83097 6.34252	0 42.0484 2.59163
0.244141 6.92859 6.32461	0 63.082 2.55853
0.244385 6.36098 6.30158	0 35.1829 2.53935
0.244629 6.52807 6.27446	0 40.2871 2.53076
0.244873 5.31328 6.24445	0 25.0659 2.52773
0.245117 7.09058 6.21299	0 44.9223 2.52794
0.245361 6.13443 6.18176	0 41.2401 2.53298
0.245605 6.07881 6.15264	0 35.0849 2.54615
0.24585 6.28543 6.12761	0 40.7151 2.56884
0.246094 5.54782 6.10855	0 31.4039 2.59808
0.246338 6.47438 6.09694	0 43.6431 2.62698
0.246582 5.73187 6.09353	0 29.1804 2.64747
0.246826 5.53938 6.09808	0 45.7344 2.65325
0.24707 5.67827 6.1093	0 29.7221 2.641
0.247314 5.86143 6.12488	0 35.6992 2.60952
0.247559 5.94108 6.14194	0 46.5937 2.55797
0.247803 6.33398 6.1575	0 44.0809 2.48566
0.248047 7.38077 6.16911	0 43.6816 2.39392
0.248291 6.42716 6.17544	0 43.6479 2.28939
0.248535 6.68864 6.17655	0 35.3401 2.18622
0.248779 6.63209 6.17389	0 41.3673 2.10477
0.249023 6.09813 6.17003	0 35.1723 2.06647
0.249268 4.97856 6.16797	0 29.3473 2.08659
0.249512 6.0123 6.17052	0 28.965 2.16803
0.249756 5.55422 6.17964	0 42.1764 2.29919
0.25 5.58385 6.19599	0 28.4947 2.45662
0.250244 6.52818 6.21886	0 36.8733 2.61151
0.250488 6.37694 6.24637	0 33.2602 2.73727
0.250732 6.89597 6.27593	0 53.6683 2.81536
0.250977 6.22695 6.30481	0 41.471 2.83783
0.251221 5.71875 6.33072	0 27.5408 2.80659
0.251465 7.46699 6.35218	0 56.4365 2.73044
0.251709 6.52504 6.36877	0 44.6303 2.62165
0.251953 6.41292 6.38108	0 34.1091 2.49318
0.252197 6.87185 6.3904	0 67.9878 2.35715
0.252441 5.5371 6.39839	0 26.9746 2.22424
0.252686 5.90892 6.40659	0 32.8205 2.10333
0.25293 7.08212 6.41611	0 45.7578 2.00103
0.253174 5.63338 6.42733	0 40.4011 1.921
0.253418 6.34902 6.43989	0 52.3774 1.86375
0.253662 6.46753 6.45277	0 34.9905 1.82728
0.253906 6.99807 6.46458	0 86.4772 1.8087
0.25415 7.08734 6.47387	0 40.2894 1.80593
0.254395 6.18555 6.47942	0 24.6852 1.81868
0.254639 6.15722 6.48057	0 27.6011 1.84814
0.254883 6.4722 6.47727	0 36.8613 1.89556
0.255127 7.3349 6.47016	0 55.9868 1.96053
0.255371 5.9595 6.46034	0 35.0064 2.0398
0.255615 7.38585 6.44919	0 78.0684 2.12735
0.255859 6.06013 6.43802	0 31.4945 2.21567
0.256104 5.54824 6.42779	0 59.5623 2.29779
0.256348 6.31718 6.41892	0 40.637 2.36898
0.256592 5.75807 6.41124	0 26.3156 2.42712
0.256836 6.97796 6.40412	0 51.3443 2.47162
0.25708 6.55341 6.39669	0 49.359 2.50141
0.257324 6.99973 6.38821	0 43.434 2.51347
0.257568 6.71211 6.37834	0 49.6785 2.50328
0.257812 5.9248 6.36733	0 41.9655 2.46724
0.258057 6.69741 6.35607	0 54.6574 2.40604
0.258301 5.82481 6.34592	0 29.4576 2.32703
0.258545 6.62823 6.33839	0 40.2301 2.24416
0.258789 5.9796 6.33486	0 33.1785 2.17535
0.259033 6.4032 6.3362	0 61.6149 2.13823
0.259277 5.34682 6.34259	0 29.9842 2.14587
0.259521 6.22929 6.35344	0 38.2832 2.20359
0.259766 6.83596 6.36748	0 51.8151 2.3072
0.26001 6.90961 6.38292	0 52.6598 2.44295
0.260254 6.30003 6.39776	0 40.0734 2.58898
0.260498 6.08339 6.41006	0 35.3011 2.71868
0.260742 6.8766 6.41821	0 42.9278 2.80588
0.260986 6.49861 6.42117	0 48.0233 2.83123
0.26123 6.02216 6.4186	0 34.6151 2.78821
0.261475 6.65237 6.41097	0 51.9745 2.68664
0.261719 7.14878 6.39952	0 47.7983 2.55149
0.261963 6.41315 6.38614	0 34.455 2.41696
0.262207 6.7284 6.37312	0 53.2798 2.31705
0.262451 5.85042 6.36285	0 45.9415 2.27598
0.262695 5.11778 6.3574	0 23.0384 2.30165
0.262939 7.06656 6.35819	0 48.5462 2.38462
0.263184 5.74807 6.36568	0 29.8257 2.50269
0.263428 6.76355 6.37928	0 52.5588 2.62928
0.263672 5.51484 6.39746	0 36.1252 2.74194
0.263916 6.20959 6.41791	0 40.0572 2.82772
0.26416 7.49629 6.43802	0 41.7691 2.88345
0.264404 6.00821 6.45526	0 50.7157 2.91209
0.264648 7.41151 6.46754	0 64.2196 2.91784
0.264893 6.92958 6.47353	0 33.0261 2.90327
0.265137 5.9497 6.47272	0 38.2488 2.86965
0.265381 6.68606 6.46541	0 36.6258 2.81941
0.265625 6.16815 6.45254	0 31.3349 2.75824
0.265869 6.38332 6.43543	0 46.5227 2.69506
0.266113 6.68672 6.41562	0 34.9913 2.63973
0.266357 6.56446 6.39465	0 47.1071 2.59957
0.266602 6.51665 6.37394	0 37.1279 2.57667
0.266846 5.49343 6.35469	0 33.1226 2.56706
0.26709 6.57796 6.33789	0 37.9465 2.5621
0.267334 6.32098 6.32424	0 42.324 2.55166
0.267578 6.49125 6.31411	0 27.0514 2.52772
0.267822 6.59836 6.30748	0 51.0106 2.48736
0.268066 6.10862 6.30393	0 39.7632 2.43379
0.268311 5.1227 6.30263	0 20.7063 2.37522
0.268555 6.57255 6.30245	0 45.7222 2.32215
0.268799 6.3268 6.30214	0 42.6768 2.2843
0.269043 6.89096 6.30063	0 50.0102 2.26837
0.269287 6.34477 6.29723	0 45.191 2.27712
0.269531 6.62363 6.29189	0 40.5768 2.30948
0.269775 6.29125 6.28524	0 41.7494 2.36116
0.27002 7.06395 6.27852	0 40.0331 2.42529
0.270264 5.65042 6.27328	0 28.4839 2.49328
0.270508 5.37197 6.27107	0 38.2312 2.55613
0.270752 6.179 6.27307	0 42.1806 2.60612
0.270996 6.04538 6.2798	0 35.6854 2.63841
0.27124 6.2348 6.29097	0 33.5749 2.65203
0.271484 6.63797 6.30553	0 36.7466 2.64963
0.271729 6.12912 6.32181	0 38.3795 2.6364
0.271973 6.7159 6.33779	0 47.2017 2.61802
0.272217 7.00541 6.35135	0 40.2366 2.59857
0.272461 5.40809 6.36057	0 22.6547 2.57865
0.272705 6.38445 6.36388	0 39.8964 2.55495
0.272949 6.79196 6.36023	0 49.2581 2.52172
0.273193 6.40462 6.34915	0 42.6084 2.47415
0.273438 7.34441 6.33078	0 48.5656 2.4121
0.273682 6.41044 6.30586	0 44.4487 2.34201
0.273926 5.42758 6.27564	0 35.2667 2.27542
0.27417 6.61221 6.2418	0 32.3202 2.22448
0.274414 5.29965 6.20632	0 25.238 2.19649
0.274658 7.0805 6.17131	0 50.7776 2.19075
0.274902 6.9474 6.13879	0 46.7171 2.19937
0.275146 4.99506 6.11053	0 23.8982 2.21152
0.275391 5.47486 6.0878	0 41.1433 2.21902
0.275635 6.91417 6.07119	0 39.1682 2.22005
0.275879 5.58661 6.0606	0 21.5024 2.2195
0.276123 5.09572 6.05518	0 23.0511 2.22611
0.276367 6.10255 6.05356	0 34.3392 2.24809
0.276611 6.05972 6.05411	0 35.2302 2.2896
0.276855 6.99413 6.05525	0 47.4507 2.34916
0.2771 5.84986 6.0558	0 45.1076 2.4203
0.277344 7.4755 6.05517	0 48.1684 2.49333
0.277588 5.36456 6.05343	0 28.6887 2.55764
0.277832 5.21854 6.05128	0 42.1603 2.60406
0.278076 5.57893 6.04974	0 36.0092 2.62727
0.27832 6.48789 6.04991	0 69.6171 2.62793
0.278564 6.42497 6.05271	0 38.7097 2.6134
0.278809 6.17746 6.05858	0 47.2836 2.59609
0.279053 5.70534 6.06743	0 28.7059 2.58917
0.279297 5.95894 6.07865	0 24.4494 2.60101
0.279541 4.84326 6.09129	0 17.2353 2.63117
0.279785 6.60251 6.10424	0 46.8548 2.66991
0.280029 7.10264 6.11656	0 48.7998 2.7022
0.280273 6.16831 6.12762	0 37.77 2.71401
0.280518 6.82228 6.13726	0 41.655 2.69785
0.280762 5.94358 6.14567	0 33.991 2.65484
0.281006 5.68604 6.15328	0 29.5412 2.59266
0.28125 5.5383 6.16045	0 29.3784 2.52107
0.281494 6.60582 6.16728	0 38.2656 2.44774
0.281738 5.35392 6.17342	0 22.2046 2.37644
0.281982 6.19365 6.17813	0 38.0386 2.30792
0.282227 7.15434 6.18041	0 44.6791 2.24227
0.282471 5.80046 6.17921	0 50.9738 2.18106
0.282715 7.10534 6.1737	0 47.6341 2.1278
0.282959 6.50381 6.16335	0 40.1272 2.0868
0.283203 5.72694 6.14803	0 28.8434 2.06104
0.283447 5.92845 6.12792	0 33.9445 2.05048
0.283691 5.69146 6.10342	0 32.3283 2.0515
0.283936 6.17429 6.07506	0 38.8288 2.05763
0.28418 5.97766 6.04356	0 34.5419 2.06104
0.284424 6.02074 6.00983	0 34.4439 2.05417
0.284668 6.96451 5.9752	0 52.6644 2.0314
0.284912 6.10232 5.94137	0 41.0653 1.99064
0.285156 5.62821 5.91045	0 40.3226 1.93462
0.2854 6.42894 5.88465	0 38.0666 1.87098
0.285645 4.75703 5.866	0 18.0428 1.81061
0.285889 5.09491 5.85592	0 25.61 1.76436
0.286133 5.28856 5.85489	0 21.6369 1.73951
0.286377 6.1527 5.86225	0 49.3101 1.73772
0.286621 5.92062 5.87631	0 28.5183 1.75547
0.286865 5.9426 5.89453	0 39.2299 1.78643
0.287109 5.95136 5.91404	0 31.2394 1.82428
0.287354 6.24908 5.93208	0 34.8837 1.86433
0.287598 6.18495 5.94647	0 38.3635 1.90362
0.287842 6.3253 5.95594	0 38.7269 1.94023
0.288086 5.76294 5.96027	0 34.2008 1.97287
0.28833 5.51225 5.96018	0 29.3114 2.00144
0.288574 7.57622 5.95712	0 51.4614 2.0277
0.288818 5.54787 5.95288	0 31.7225 2.05503
0.289062 4.90073 5.94923	0 24.9408 2.0866
0.289307 5.60757 5.94756	0 25.0399 2.12247
0.289551 5.8801 5.94864	0 32.5161 2.15776
0.289795 5.89996 5.95257	0 30.9389 2.18321
0.290039 6.30997 5.95881	0 44.7109 2.18873
0.290283 6.4941 5.96633	0 49.6855 2.16804
0.290527 5.48767 5.97386	0 34.5647 2.12178
0.290771 6.36208 5.98008	0 43.2645 2.05739
0.291016 5.77959 5.98387	0 29.1743 1.98592
0.29126 5.81117 5.98448	0 36.2041 1.91769
0.291504 5.70066 5.9817	0 40.6517 1.85945
0.291748 6.6699 5.97595	0 46.1494 1.81422
0.291992 6.14789 5.96828	0 45.6436 1.78338
0.292236 6.2801 5.96033	0 31.7844 1.76924
0.29248 5.92491 5.95405	0 27.9177 1.77634
0.292725 6.23574 5.95139	0 38.7826 1.8107
0.292969 4.86074 5.95391	0 26.9637 1.87725
0.293213 5.66654 5.96235	0 22.6922 1.97677
0.293457 5.44187 5.97643	0 22.4889 2.10368
0.293701 5.54867 5.99484	0 37.8917 2.24564
0.293945 6.35597 6.01539	0 42.8047 2.38542
0.294189 6.93194 6.03557	0 33.2495 2.50455
0.294434 5.98758 6.05302	0 56.322 2.58768
0.294678 5.98527 6.06618	0 37.6224 2.62649
0.294922 6.82047 6.07459	0 49.248 2.6218
0.295166 6.72468 6.07906	0 44.1171 2.58321
0.29541 5.52213 6.08146	0 25.5536 2.52622
0.295654 6.4921 6.08428	0 47.0394 2.46764
0.295898 5.08758 6.09	0 22.1526 2.42086
0.296143 6.20081 6.10049	0 42.8698 2.3924
0.296387 4.62013 6.11652	0 21.0735 2.38088
0.296631 6.47932 6.13756	0 50.6073 2.37848
0.296875 6.50207 6.16182	0 37.0502 2.3741
0.297119 6.25471 6.18664	0 48.27 2.357
0.297363 6.27165 6.20897	0 45.0164 2.31987
0.297607 7.20146 6.22595	0 45.2589 2.26041
0.297852 5.70337 6.23542	0 24.4876 2.18158
0.298096 6.63053 6.23628	0 43.7762 2.09072
0.29834 6.92662 6.22859	0 59.1251 1.99799
0.298584 6.33678 6.21353	0 31.4745 1.91437
0.298828 5.59074 6.1931	0 35.3441 1.84924
0.299072 6.18769 6.16978	0 30.494 1.80814
0.299316 6.32842 6.14611	0 31.3898 1.79136
0.299561 5.75297 6.12431	0 29.1302 1.79455
0.299805 6.24719 6.10599	0 42.8326 1.81107
0.300049 5.65844 6.09197	0 36.9695 1.83527
0.300293 5.88137 6.08224	0 33.7757 1.86468
0.300537 6.00945 6.07606	0 32.9348 1.89983
0.300781 6.40692 6.07215	0 48.396 1.94178
0.301025 5.8725 6.069	0 29.8402 1.98916
0.30127 5.69921 6.06518	0 27.2467 2.03684
0.301514 6.87609 6.05961	0 42.6305 2.07732
0.301758 6.23355 6.05174	0 36.7509 2.1039
0.302002 6.05102 6.04154	0 33.634 2.1138
0.302246 6.34378 6.02937	0 35.2964 2.10939
0.30249 5.8759 6.01579	0 24.1196 2.09716
0.302734 6.03032 6.00119	0 39.8145 2.08517
0.302979 4.83217 5.98565	0 16.3726 2.08036
0.303223 5.82135 5.96883	0 28.9673 2.08659
0.303467 6.12295 5.95009	0 36.2618 2.1037
0.303711 6.23931 5.92878	0 29.6526 2.12744
0.303955 6.67039 5.9046	0 40.0487 2.15021
0.304199 6.57657 5.87788	0 44.91 2.16277
0.304443 5.85424 5.84974	0 37.546 2.15661
0.304688 5.01168 5.82199	0 22.2854 2.12676
0.304932 6.48457 5.79675	0 46.9261 2.07414
0.305176 5.05426 5.77607	0 28.6242 2.00645
0.30542 5.25086 5.76132	0 28.0056 1.93692
0.305664 5.00236 5.75297	0 32.2194 1.88101
0.305908 5.68595 5.7504	0 37.9648 1.85177
0.306152 5.5092 5.75214	0 25.5862 1.85556
0.306396 6.20528 5.75623	0 30.6887 1.88976
0.306641 7.24014 5.76077	0 43.0777 1.94348
0.306885 5.13455 5.76435	0 28.1182 2.00122
0.307129 6.54082 5.76638	0 44.7801 2.048
0.307373 4.86435 5.76715	0 20.1263 2.07398
0.307617 5.8353 5.76767	0 40.9446 2.07693
0.307861 5.50624 5.7693	0 36.2524 2.06155
0.308105 6.25597 5.77339	0 38.7467 2.0364
0.30835 5.78368 5.78091	0 27.4956 2.0099
0.308594 4.51179 5.79222	0 12.9551 1.98735
0.308838 5.40044 5.80704	0 30.5185 1.97035
0.309082 6.65131 5.82458	0 34.2324 1.95866
0.309326 6.35082 5.84374	0 52.2549 1.95292
0.30957 6.09823 5.86341	0 29.1837 1.95642
0.309814 5.22888 5.88268	0 24.9956 1.97429
0.310059 6.4953 5.901	0 26.4621 2.01054
0.310303 5.78882 5.91819	0 26.336 2.0648
0.310547 5.33621 5.93437	0 30.3518 2.1309
0.310791 6.28372 5.94983	0 37.7057 2.19835
0.311035 6.2161 5.96489	0 32.4312 2.25581
0.311279 5.69982 5.97969	0 35.6708 2.29459
0.311523 6.04983 5.99414	0 38.5352 2.31045
0.311768 5.96598 6.00781	0 33.1651 2.30333
0.312012 6.49291 6.01996	0 41.5229 2.27604
0.312256 4.9271 6.02956	0 19.346 2.23309
0.3125 6.663 6.03544	0 36.0332 2.1802
0.312744 6.2649 6.03648	0 28.4689 2.12421
0.312988 6.53062 6.03177	0 37.1629 2.07252
0.313232 4.86033 6.02083	0 19.4458 2.03191
0.313477 7.39764 6.00369	0 44.6318 2.00709
0.313721 6.19808 5.98099	0 29.1708 1.99973
0.313965 5.917 5.95379	0 34.1028 2.00838
0.314209 6.13628 5.92345	0 51.0302 2.02883
0.314453 5.39905 5.89133	0 23.9414 2.05473
0.314697 4.97638 5.85863	0 23.3259 2.07815
0.314941 5.80211 5.82616	0 28.8144 2.09049
0.315186 6.46922 5.79439	0 30.2666 2.08415
0.31543 5.47064 5.76353	0 26.4855 2.0546
0.315674 6.68697 5.73368	0 58.009 2.0021
0.315918 4.9331 5.70506	0 28.5628 1.93179
0.316162 5.58738 5.67811	0 31.2484 1.85227
0.316406 6.04893 5.65353	0 29.019 1.77321
0.31665 5.9655 5.63217	0 45.4467 1.70319
0.316895 5.0842 5.61482	0 25.103 1.64857
0.317139 5.24783 5.60201	0 22.7083 1.61288
0.317383 5.41056 5.59382	0 38.5995 1.59644
0.317627 5.07884 5.58982	0 25.2953 1.59604
0.317871 5.18826 5.58911	0 35.3341 1.6056
0.318115 6.75735 5.59048	0 47.19 1.61806
0.318359 5.8215 5.59267	0 34.118 1.62853
0.318604 5.33627 5.59453	0 24.8532 1.63687
0.318848 6.13831 5.5952	0 39.0863 1.64845
0.319092 4.91138 5.59408	0 23.9824 1.6719
0.319336 5.51652 5.59087	0 27.6832 1.71506
0.31958 5.97804 5.58538	0 39.3059 1.78073
0.319824 5.06255 5.57749	0 34.5112 1.86452
0.320068 5.99305 5.56712	0 50.5287 1.95575
0.320312 5.16769 5.55419	0 38.0515 2.04104
0.320557 6.46676 5.53878	0 36.9414 2.10904
0.320801 5.22891 5.52119	0 25.0007 2.15417
0.321045 5.10327 5.50204	0 30.4946 2.17811
0.321289 6.02057 5.48226	0 54.6389 2.18853
0.321533 5.43944 5.46303	0 20.397 2.19592
0.321777 5.70402 5.44564	0 23.3313 2.20965
0.322021 5.05545 5.43125	0 22.3942 2.2346
0.322266 4.69553 5.42076	0 23.6277 2.26928
0.32251 5.53869 5.41468	0 19.9034 2.30619
0.322754 5.15316 5.41306	0 29.3187 2.33441
0.322998 5.42602 5.4156	0 31.6938 2.34378
0.323242 5.7205 5.42178	0 52.6182 2.32928
0.323486 5.39223 5.431	0 29.3489 2.29358
0.32373 5.89677 5.44269	0 29.5211 2.24662
0.323975 5.52844 5.4564	0 31.7371 2.20187
0.324219 4.95899 5.47175	0 21.7515 2.17105
0.324463 5.47894 5.48838	0 32.3678 2.15974
0.324707 4.55848 5.50591	0 22.7072 2.16581
0.324951 5.86551 5.52394	0 43.3562 2.18153
0.325195 5.97728 5.54202	0 39.7656 2.19788
0.325439 6.36858 5.55968	0 35.8881 2.20873
0.325684 5.38071 5.57652	0 25.1323 2.2129
0.325928 5.06991 5.59211	0 30.3247 2.21339
0.326172 5.59031 5.60593	0 27.7874 2.2148
0.326416 5.99907 5.61732	0 34.8054 2.22034
0.32666 5.20952 5.62533	0 22.1506 2.22984
0.326904 5.43012 5.62876	0 36.0836 2.23937
0.327148 5.59426 5.62626	0 30.5763 2.2423
0.327393 6.08107 5.61657	0 35.2454 2.23142
0.327637 6.289 5.59881	0 50.45 2.20162
0.327881 5.5382 5.57283	0 32.2429 2.15203
0.328125 5.60044 5.53939	0 31.3902 2.08675
0.328369 6.17111 5.50029	0 29.2199 2.01386
0.328613 5.31316 5.45825	0 23.7265 1.94274
0.328857 5.5901 5.41663	0 27.6233 1.8812
0.329102 5.08492 5.37905	0 29.5453 1.83346
0.329346 4.08232 5.34895	0 19.3043 1.80002
0.32959 5.06641 5.32913	0 34.5882 1.77907
0.329834 5.47829 5.32147	0 33.4291 1.76863
0.330078 6.01282 5.32668	0 30.2004 1.76789
0.330322 5.08421 5.34425	0 23.5131 1.77711
0.330566 4.34783 5.37257	0 23.2634 1.79608
0.330811 4.8516 5.40913	0 25.7347 1.82242
0.331055 5.0857 5.45085	0 23.7964 1.85099
0.331299 6.19128 5.49451	0 35.115 1.87517
0.331543 6.10204 5.53708	0 36.4845 1.88968
0.331787 6.76845 5.576	0 34.0538 1.89339
0.332031 5.39152 5.60938	0 38.0144 1.8905
0.332275 4.78491 5.63597	0 19.5445 1.88907
0.33252 6.05538 5.65503	0 37.9434 1.89735
0.332764 5.57198 5.6662	0 24.8604 1.91953
0.333008 5.3402 5.66934	0 26.6535 1.95294
0.333252 5.85849 5.6645	0 26.5694 1.98816
0.333496 6.68975 5.65196	0 53.0442 2.01215
0.33374 4.68923 5.63246	0 33.2008 2.01304
0.333984 6.67473 5.60728	0 44.0926 1.98455
0.334229 5.51932 5.57839	0 27.9319 1.92842
0.334473 5.81803 5.54833	0 31.6493 1.85416
0.334717 6.08331 5.51999	0 34.8215 1.77638
0.334961 4.1757 5.49622	0 14.4169 1.71083
0.335205 5.22828 5.47934	0 28.6492 1.67056
0.335449 4.76151 5.47076	0 22.0715 1.66311
0.335693 5.51364 5.4707	0 21.7449 1.68952
0.335938 4.80675 5.47816	0 14.3564 1.74493
0.336182 6.56794 5.491	0 54.8017 1.82025
0.336426 5.50455 5.50632	0 30.0362 1.90402
0.33667 5.43308 5.52087	0 21.9423 1.98394
0.336914 5.30997 5.53152	0 29.0749 2.04801
0.337158 5.98764 5.53567	0 43.4913 2.08575
0.337402 5.33952 5.53167	0 30.7191 2.08962
0.337646 6.11603 5.51894	0 52.4399 2.05656
0.337891 5.91758 5.49817	0 33.7333 1.98921
0.338135 6.31451 5.47114	0 39.3896 1.89617
0.338379 4.47902 5.44055	0 19.3874 1.79103
0.338623 5.76618 5.40963	0 30.8705 1.68997
0.338867 4.8113 5.38172	0 23.8092 1.60866
0.339111 4.86101 5.35978	0 16.9469 1.55896
0.339355 5.59995 5.346	0 33.9722 1.5466
0.3396 4.96411 5.34149	0 31.6279 1.57031
0.339844 5.31445 5.34614	0 23.9358 1.62246
0.340088 4.76151 5.35872	0 33.2609 1.69096
0.340332 5.1566 5.37706	0 19.4989 1.76173
0.340576 5.36613 5.39842	0 25.0826 1.82122
0.34082 6.07308 5.41995	0 37.0997 1.85883
0.341064 5.72686 5.43906	0 42.3316 1.86885
0.341309 5.86577 5.45379	0 39.0207 1.85143
0.341553 5.39292 5.46296	0 25.2761 1.81214
0.341797 5.56196 5.46626	0 29.6255 1.76005
0.342041 5.38202 5.46411	0 27.0815 1.70479
0.342285 5.10433 5.45749	0 23.6 1.65367
0.342529 5.94045 5.44767	0 36.8234 1.61011
0.342773 5.58977 5.436	0 28.7356 1.57402
0.343018 5.00517 5.42366	0 21.2178 1.54397
0.343262 5.32491 5.41154	0 24.431 1.51987
0.343506 5.42624 5.40019	0 21.3953 1.50473
0.34375 5.36082 5.38973	0 24.508 1.50425
0.343994 5.5663 5.37997	0 29.9595 1.52433
0.344238 5.42019 5.37043	0 26.4067 1.56757
0.344482 4.61793 5.36045	0 22.2267 1.63057
0.344727 5.47928 5.34936	0 32.4032 1.70355
0.344971 6.62086 5.33654	0 44.2755 1.77235
0.345215 4.7328 5.32156	0 19.4887 1.82223
0.345459 5.20353 5.30432	0 25.4345 1.84168
0.345703 4.94559 5.28505	0 20.3671 1.82514
0.345947 5.68244 5.26437	0 41.482 1.77374
0.346191 5.7215 5.24322	0 35.8615 1.6944
0.346436 4.59652 5.22281	0 22.486 1.5977
0.34668 5.44773 5.2044	0 29.1855 1.4954
0.346924 5.7017 5.18917	0 24.916 1.39825
0.347168 4.22989 5.17801	0 28.1072 1.31495
0.347412 5.27265 5.17136	0 38.5171 1.25221
0.347656 3.98765 5.16921	0 19.0703 1.21568
0.3479 5.73215 5.17107	0 29.6993 1.21038
0.348145 5.46056 5.17609	0 19.4834 1.24001
0.348389 5.79452 5.18324	0 26.6278 1.30486
0.348633 4.98012 5.1915	0 30.1415 1.39958
0.348877 5.27638 5.19996	0 36.8818 1.51253
0.349121 4.64296 5.20799	0 24.0711 1.62768
0.349365 5.10579 5.21522	0 21.5269 1.72878
0.349609 5.16639 5.22155	0 27.9188 1.80388
0.349854 5.71888 5.22707	0 22.7741 1.8481
0.350098 6.12334 5.23195	0 40.4363 1.86345
0.350342 4.55603 5.2363	0 19.0283 1.85609
0.350586 4.92711 5.24008	0 25.5246 1.83268
0.35083 5.29609 5.24296	0 30.3896 1.79781
0.351074 4.80934 5.24434	0 21.0462 1.75355
0.351318 5.11871 5.24343	0 19.8847 1.70082
0.351562 5.45709 5.23939	0 27.0161 1.64131
0.351807 6.00261 5.23165	0 40.838 1.57879
0.352051 5.54391 5.22008	0 24.4634 1.5191
0.352295 5.0119 5.20524	0 21.1222 1.46915
0.352539 5.46203 5.18837	0 30.7159 1.43544
0.352783 5.13713 5.17136	0 29.3514 1.42299
0.353027 4.66206 5.15642	0 17.3022 1.43465
0.353271 4.83623 5.14573	0 18.4402 1.4709
0.353516 5.71091 5.14105	0 40.0846 1.52969
0.35376 4.53057 5.1433	0 22.1632 1.60622
0.354004 4.46636 5.15238	0 17.9367 1.69276
0.354248 5.42022 5.16705	0 23.4274 1.779
0.354492 5.13193 5.18513	0 21.3278 1.85327
0.354736 4.61608 5.20375	0 19.4834 1.90468
0.35498 5.58743 5.21991	0 35.1906 1.9257
0.355225 5.95062 5.23093	0 30.2339 1.91411
0.355469 5.54555 5.23495	0 37.2491 1.87348
0.355713 5.851 5.23124	0 26.8663 1.81175
0.355957 4.93568 5.22028	0 26.7755 1.73868
0.356201 5.76546 5.20368	0 40.118 1.66326
0.356445 5.22345 5.1838	0 35.1249 1.59224
0.356689 4.24234 5.16331	0 17.9537 1.53014
0.356934 4.69893 5.14477	0 27.6265 1.48028
0.357178 4.88851 5.13016	0 22.071 1.44566
0.357422 6.19413 5.12068	0 28.5829 1.42894
0.357666 4.06823 5.11668	0 14.3392 1.4314
0.35791 5.21332 5.11767	0 24.8766 1.45133
0.358154 5.34605 5.12258	0 22.2258 1.48324
0.358398 4.87246 5.12993	0 20.6958 1.51855
0.358643 5.24636 5.13811	0 28.3094 1.54789
0.358887 5.26696 5.14556	0 29.8869 1.56414
0.359131 5.35073 5.15095	0 31.8994 1.56479
0.359375 5.14351 5.15327	0 28.6889 1.55244
0.359619 5.2672 5.15188	0 21.5554 1.53318
0.359863 4.89723 5.14655	0 19.4027 1.51371
0.360107 5.00851 5.1374	0 23.2553 1.49873
0.360352 6.02739 5.12489	0 38.9687 1.48981
0.360596 5.41395 5.10975	0 26.4899 1.48605
0.36084 4.62026 5.09284	0 20.4572 1.48575
0.361084 4.30479 5.07517	0 19.906 1.48806
0.361328 4.98616 5.05777	0 20.1249 1.49382
0.361572 5.41082 5.04167	0 29.366 1.50557
0.361816 5.71097 5.02789	0 29.6691 1.52696
0.362061 5.0397 5.01734	0 22.0497 1.56192
0.362305 4.29691 5.01079	0 16.4579 1.61358
0.362549 4.85062 5.0088	0 20.956 1.68299
0.362793 4.75254 5.01161	0 23.4014 1.7678
0.363037 4.9473 5.01907	0 31.9625 1.86163
0.363281 5.49964 5.03057	0 22.9892 1.95459
0.363525 4.42087 5.04507	0 27.0102 2.03508
0.36377 5.51557 5.06113	0 35.3083 2.09234
0.364014 4.72283 5.07707	0 28.9877 2.11875
0.364258 5.09913 5.09104	0 31.7889 2.11119
0.364502 5.35634 5.10131	0 33.3158 2.07115
0.364746 5.2461 5.10633	0 25.3589 2.00398
0.36499 5.93973 5.10491	0 34.3046 1.91752
0.365234 4.32864 5.09632	0 22.0884 1.8207
0.365479 5.18334 5.08036	0 24.4047 1.72198
0.365723 5.57339 5.05731	0 30.9324 1.62801
0.365967 5.00948 5.02799	0 28.6762 1.54266
0.366211 5.60665 4.99359	0 27.568 1.46686
0.366455 4.12817 4.95565	0 14.9161 1.39937
0.366699 5.20892 4.91593	0 23.0387 1.33813
0.366943 4.71285 4.87623	0 18.1771 1.28187
0.367188 5.05204 4.83829	0 19.9138 1.23106
0.367432 4.93659 4.80362	0 27.4055 1.18806
0.367676 4.26815 4.7734	0 14.7626 1.15626
0.36792 4.59456 4.74838	0 21.9921 1.13866
0.368164 4.07591 4.72881	0 13.6872 1.1366
0.368408 5.41189 4.71451	0 22.62 1.14912
0.368652 4.83796 4.70488	0 18.9436 1.17317
0.368896 4.10216 4.6991	0 16.3412 1.20448
0.369141 4.58871 4.6963	0 16.3048 1.23858
0.369385 4.81113 4.6957	0 29.435 1.27166
0.369629 4.91995 4.69682	0 27.4544 1.30092
0.369873 5.32763 4.69957	0 21.8577 1.32476
0.370117 4.04404 4.70423	0 17.8918 1.34281
0.370361 4.69068 4.71137	0 19.2101 1.35603
0.370605 4.76907 4.72169	0 28.4226 1.36698
0.37085 5.19176 4.73573	0 24.1194 1.3798
0.371094 3.86201 4.75363	0 12.1358 1.39956
0.371338 4.2703 4.77498	0 18.6072 1.43099
0.371582 5.18132 4.79865	0 28.6398 1.47668
0.371826 4.54491 4.8229	0 17.3355 1.5356
0.37207 5.20304 4.84552	0 21.394 1.60262
0.372314 5.28801 4.86414	0 30.2023 1.66924
0.372559 4.70482 4.87661	0 20.0618 1.72562
0.372803 4.71644 4.88134	0 32.7494 1.76274
0.373047 5.54384 4.8776	0 23.3261 1.77426
0.373291 5.19303 4.86569	0 21.5529 1.7577
0.373535 5.36553 4.84693	0 27.8876 1.71492
0.373779 4.58905 4.82349	0 24.2401 1.6522
0.374023 5.12797 4.79808	0 37.3817 1.57965
0.374268 4.21746 4.77356	0 17.0751 1.50948
0.374512 3.89258 4.75258	0 11.9531 1.45325
0.374756 4.50691 4.73729	0 16.791 1.41884
0.375 5.00096 4.7291	0 26.0432 1.40893
0.375244 4.69326 4.72864	0 24.1822 1.42184
0.375488 4.85992 4.73574	0 17.1183 1.45451
0.375732 5.01319 4.74951	0 24.8818 1.50569
0.375977 4.44477 4.76845	0 24.4568 1.5772
0.376221 4.3288 4.79055	0 16.4911 1.67218
0.376465 4.33635 4.81349	0 19.5804 1.79114
0.376709 5.24598 4.8349	0 32.3819 1.92821
0.376953 4.63171 4.85264	0 21.5826 2.06999
0.377197 5.48854 4.86513	0 35.6733 2.1981
0.377441 5.30808 4.87165	0 28.9714 2.29483
0.377686 5.93822 4.87245	0 28.0475 2.34923
0.37793 4.73072 4.86869	0 24.413 2.36097
0.378174 4.17748 4.86216	0 16.0661 2.33993
0.378418 5.09257 4.85488	0 27.8162 2.30153
0.378662 4.30936 4.8486	0 14.4601 2.25996
0.378906 4.01036 4.84444	0 15.339 2.22243
0.37915 4.76971 4.84271	0 28.181 2.18692
0.379395 4.72499 4.84293	0 24.6041 2.14423
0.379639 5.62428 4.8441	0 23.0825 2.08315
0.379883 5.03094 4.84504	0 27.1078 1.99622
0.380127 5.66059 4.84469	0 39.491 1.88369
0.380371 4.93327 4.84236	0 24.0008 1.75411
0.380615 3.86823 4.83775	0 12.3461 1.62143
0.380859 5.09919 4.83088	0 23.9173 1.49994
0.381104 4.13102 4.82195	0 14.8718 1.39935
0.381348 4.90606 4.81118	0 23.4991 1.32205
0.381592 5.24434 4.79877	0 24.4328 1.26392
0.381836 4.85114 4.78488	0 28.5331 1.21784
0.38208 5.01444 4.76974	0 18.9663 1.17822
0.382324 5.04073 4.75369	0 20.054 1.14392
0.382568 4.76216 4.73726	0 19.8531 1.11836
0.382812 4.30956 4.72112	0 18.0405 1.1071
0.383057 4.37707 4.706	0 17.3427 1.11436
0.383301 4.5902 4.69256	0 20.8041 1.14036
0.383545 4.62636 4.68131	0 20.1274 1.1805
0.383789 5.06816 4.67248	0 23.5061 1.22645
0.384033 4.73856 4.66604	0 18.4847 1.26827
0.384277 4.25421 4.66173	0 19.9266 1.29676
0.384521 5.14835 4.65913	0 23.2075 1.30533
0.384766 3.93407 4.65775	0 14.2742 1.2912
0.38501 4.60745 4.65716	0 25.1852 1.25588
0.385254 4.90885 4.65699	0 26.302 1.20495
0.385498 4.93166 4.65706	0 19.4643 1.14713
0.385742 4.86433 4.65734	0 29.22 1.09255
0.385986 4.79966 4.65789	0 15.3494 1.05053
0.38623 4.45605 4.65879	0 18.5036 1.02726
0.386475 4.11309 4.66004	0 10.9566 1.02407
0.386719 4.41466 4.66152	0 16.6469 1.03705
0.386963 4.62548 4.66293	0 15.5778 1.05832
0.387207 5.15867 4.66388	0 26.7839 1.07869
0.387451 5.40004 4.66392	0 25.6021 1.09066
0.387695 3.72731 4.66276	0 12.0945 1.0906
0.387939 5.20756 4.66025	0 20.5596 1.07944
0.388184 4.55662 4.65654	0 21.4553 1.06188
0.388428 4.64755 4.652	0 17.2557 1.04482
0.388672 4.50404 4.64718	0 28.0891 1.03575
0.388916 4.74745 4.64269	0 27.7472 1.04133
0.38916 4.64903 4.63907	0 20.231 1.06609
0.389404 4.71252 4.63666	0 23.288 1.11102
0.389648 4.18572 4.63559	0 17.6341 1.1724
0.389893 4.40482 4.63575	0 18.799 1.24182
0.390137 5.17694 4.63681	0 21.5708 1.30792
0.390381 4.27705 4.63835	0 16.5272 1.35985
0.390625 4.67878 4.63991	0 33.2716 1.39113
0.390869 5.77252 4.64106	0 34.3173 1.40202
0.391113 3.56294 4.64151	0 15.7084 1.39919
0.391357 4.68652 4.64103	0 19.7704 1.39254
0.391602 4.95016 4.63952	0 24.6432 1.39099
0.391846 4.24608 4.63698	0 17.5239 1.3989
0.39209 4.79824 4.63348	0 21.6362 1.41509
0.392334 4.70414 4.62917	0 23.2388 1.43419
0.392578 5.00531 4.62429	0 26.671 1.44963
0.392822 4.59502 4.61915	0 22.4803 1.45622
0.393066 4.38728 4.61417	0 16.9934 1.45135
0.393311 4.30375 4.60976	0 15.5129 1.43467
0.393555 4.47652 4.60632	0 21.0381 1.40687
0.393799 5.07119 4.60414	0 27.1208 1.36887
0.394043 4.8254 4.60328	0 18.6779 1.32173
0.394287 4.16481 4.6035	0 17.718 1.26752
0.394531 4.2534 4.60425	0 13.7545 1.21002
0.394775 5.30831 4.60463	0 26.7725 1.15482
0.39502 3.80257 4.60356	0 12.2343 1.10835
0.395264 4.3284 4.5999	0 17.2879 1.0762
0.395508 5.55441 4.59271	0 35.1547 1.06138
0.395752 4.75434 4.58148	0 21.2937 1.06339
0.395996 4.43934 4.56632	0 17.2591 1.07859
0.39624 5.35952 4.54796	0 28.4724 1.10168
0.396484 4.33239 4.52769	0 28.1353 1.12769
0.396729 4.22707 4.50713	0 12.1573 1.15353
0.396973 4.36852 4.4879	0 23.3383 1.17846
0.397217 4.05226 4.47133	0 17.9088 1.20344
0.397461 4.06236 4.45825	0 13.0766 1.22977
0.397705 4.24818 4.44892	0 18.6491 1.25783
0.397949 4.49925 4.44314	0 20.6697 1.28641
0.398193 4.81424 4.44047	0 19.2658 1.31279
0.398438 4.77475 4.44045	0 36.5187 1.33343
0.398682 5.25753 4.4428	0 26.3055 1.34479
0.398926 3.41263 4.44746	0 13.0126 1.34416
0.39917 4.50764 4.45458	0 22.8539 1.33001
0.399414 3.98077 4.46428	0 13.0592 1.30223
0.399658 4.46999 4.47647	0 20.5271 1.26223
0.399902 4.49544 4.49067	0 18.4368 1.21292
0.400146 4.88323 4.50597	0 22.3804 1.15865
0.400391 3.71533 4.52106	0 15.5289 1.1047
0.400635 4.92948 4.53449	0 25.0971 1.05635
0.400879 4.7104 4.54488	0 20.0958 1.01785
0.401123 5.14677 4.55123	0 19.2601 0.99164
0.401367 4.37086 4.55307	0 19.8694 0.978132
0.401611 5.25699 4.55055	0 24.8504 0.97598
0.401855 4.01746 4.54443	0 12.352 0.982508
0.4021 4.56086 4.53585	0 30.455 0.994085
0.402344 4.5737 4.52616	0 16.675 1.00654
0.402588 3.86052 4.51673	0 15.7226 1.01586
0.402832 4.95996 4.50872	0 22.1106 1.01941
0.403076 4.46015 4.50302	0 17.1371 1.01724
0.40332 3.80577 4.50026	0 16.4444 1.01288
0.403564 5.25533 4.50075	0 25.4675 1.0129
0.403809 4.68564 4.50455	0 18.9143 1.02489
0.404053 4.28319 4.51146	0 13.4268 1.05465
0.404297 4.26294 4.52102	0 18.1046 1.1037
0.404541 3.98925 4.53245	0 16.7397 1.16813
0.404785 4.43739 4.54463	0 23.0694 1.23955
0.405029 5.4322 4.55615	0 25.3957 1.30738
0.405273 4.17485 4.56539	0 12.1 1.36168
0.405518 4.58843 4.57064	0 21.0994 1.39535
0.405762 4.78317 4.57035	0 20.0466 1.40508
0.406006 4.85331 4.5633	0 18.7477 1.39119
0.40625 4.75731 4.54883	0 22.382 1.35662
0.406494 4.31705 4.52692	0 20.5603 1.30578
0.406738 5.07228 4.49823	0 25.4298 1.24342
0.406982 4.48441 4.46408	0 15.5912 1.17389
0.407227 4.74939 4.42623	0 19.1741 1.10084
0.407471 3.84339 4.38668	0 15.0173 1.0273
0.407715 4.49631 4.34744	0 19.7326 0.956111
0.407959 4.01256 4.31027	0 11.7388 0.890363
0.408203 3.94713 4.27657	0 16.3012 0.83364
0.408447 4.10819 4.24729	0 18.1429 0.789818
0.408691 4.30444 4.22298	0 17.8563 0.762445
0.408936 4.34083 4.20386	0 15.2373 0.75388
0.40918 4.49764 4.18992	0 21.4338 0.764458
0.409424 3.984 4.18104	0 13.8533 0.79193
0.409668 3.44112 4.17705	0 13.505 0.831395
0.409912 4.56296 4.17764	0 23.3325 0.875917
0.410156 4.46408 4.18242	0 19.0038 0.917822
0.4104 3.82447 4.19081	0 15.5842 0.95046
0.410645 3.63831 4.20205	0 14.8454 0.969947
0.410889 4.16275 4.21525	0 16.6116 0.976242
0.411133 4.71544 4.22945	0 28.9481 0.973098
0.411377 4.57616 4.24376	0 18.4037 0.966815
0.411621 3.98607 4.25748	0 14.8434 0.964219
0.411865 4.71715 4.27016	0 22.9222 0.970636
0.412109 3.86667 4.28162	0 17.0176 0.988565
0.412354 4.26043 4.2919	0 14.6343 1.01738
0.412598 4.64312 4.30108	0 19.9762 1.05386
0.412842 4.24785 4.30923	0 14.9249 1.09307
0.413086 3.8547 4.31624	0 11.4618 1.12916
0.41333 4.62085 4.32181	0 22.1091 1.15588
0.413574 3.92242 4.32548	0 14.2023 1.16726
0.413818 4.61988 4.32672	0 15.5202 1.15871
0.414062 4.52419 4.32513	0 19.5336 1.12856
0.414307 4.55935 4.32052	0 18.9672 1.0795
0.414551 4.55524 4.31304	0 23.7585 1.01901
0.414795 4.31177 4.30318	0 14.4308 0.958212
0.415039 4.26621 4.29171	0 23.5425 0.908943
0.415283 4.46209 4.27955	0 16.0467 0.88024
0.415527 3.08213 4.26771	0 10.1994 0.875462
0.415771 4.47195 4.2571	0 20.4436 0.891413
0.416016 4.62229 4.24857	0 24.2499 0.919889
0.41626 4.12194 4.24282	0 16.0351 0.951004
0.416504 4.8589 4.24043	0 20.6349 0.976857
0.416748 4.08046 4.24175	0 12.9324 0.993916
0.416992 4.04637 4.24689	0 14.3392 1.00314
0.417236 3.93328 4.25556	0 13.2211 1.00802
0.41748 3.32279 4.26701	0 8.54123 1.01171
0.417725 4.73441 4.28001	0 20.1921 1.01516
0.417969 4.3837 4.29295	0 19.7919 1.01712
0.418213 4.16392 4.30403	0 19.0999 1.01595
0.418457 5.02905 4.31145	0 16.2338 1.01184
0.418701 4.83232 4.31375	0 25.9109 1.00758
0.418945 4.10196 4.30995	0 13.177 1.00736
0.419189 4.2624 4.29973	0 16.8545 1.01411
0.419434 4.48363 4.28345	0 22.6714 1.02742
0.419678 3.7954 4.26207	0 15.3909 1.04307
0.419922 4.44641 4.2371	0 20.2897 1.05475
0.420166 4.36681 4.2104	0 19.7367 1.05655
0.42041 4.87665 4.18401	0 21.7609 1.04526
0.420654 3.70561 4.16002	0 14.5502 1.02116
0.420898 4.0315 4.14028	0 17.616 0.987598
0.421143 3.44057 4.1263	0 11.6193 0.949682
0.421387 4.1207 4.11903	0 17.0575 0.912842
0.421631 3.57783 4.11877	0 10.7527 0.881694
0.421875 4.37599 4.12517	0 16.5331 0.859456
0.422119 4.49682 4.13727	0 15.5944 0.847833
0.422363 4.29595 4.15367	0 18.8248 0.847226
0.422607 3.26745 4.17275	0 10.2322 0.85703
0.422852 4.16381 4.1929	0 11.4515 0.875934
0.423096 4.66655 4.21273	0 20.0392 0.902275
0.42334 4.6485 4.23129	0 18.126 0.934449
0.423584 4.24409 4.24805	0 19.4972 0.97129
0.423828 4.70643 4.26295	0 19.0871 1.0121
0.424072 3.88342 4.2762	0 10.2814 1.05615
0.424316 4.35204 4.28811	0 20.5558 1.10188
0.424561 3.70379 4.29894	0 13.7059 1.14616
0.424805 4.29192 4.30871	0 20.005 1.18444
0.425049 3.92442 4.31714	0 23.2122 1.21169
0.425293 5.27486 4.32373	0 26.6031 1.22398
0.425537 4.36121 4.32786	0 14.7276 1.21982
0.425781 4.66963 4.32889	0 25.6543 1.20069
0.426025 4.05954 4.32633	0 19.5503 1.17062
0.42627 4.19382 4.31994	0 14.3032 1.135
0.426514 4.26437 4.30977	0 22.276 1.09922
0.426758 4.39194 4.29617	0 18.8852 1.06775
0.427002 4.53339 4.27978	0 20.2682 1.04363
0.427246 4.5189 4.26152	0 24.7389 1.02851
0.42749 4.01234 4.24255	0 13.2673 1.02294
0.427734 4.01355 4.22422	0 13.3516 1.02655
0.427979 4.37311 4.20795	0 20.4469 1.03812
0.428223 4.0143 4.19515	0 12.9379 1.05558
0.428467 4.35222 4.187	0 23.3024 1.07613
0.428711 4.30027 4.18426	0 18.0569 1.0966
0.428955 3.52324 4.18709	0 13.7797 1.11389
0.429199 4.042 4.19496	0 15.1233 1.12561
0.429443 3.66735 4.20668	0 10.3166 1.13037
0.429688 4.04495 4.22049	0 16.6831 1.1281
0.429932 4.65054 4.23437	0 14.9048 1.12009
0.430176 5.29525 4.24636	0 28.0769 1.10907
0.43042 4.01776 4.25486	0 17.7915 1.09898
0.430664 4.34898 4.25884	0 14.3939 1.0944
0.430908 4.29295 4.25803	0 13.4774 1.09935
0.431152 4.28571 4.25278	0 12.5664 1.11591
0.431396 4.34105 4.24393	0 15.1358 1.14312
0.431641 4.19362 4.2326	0 24.6396 1.17678
0.431885 4.18397 4.21986	0 15.5995 1.21036
0.432129 3.67242 4.20662	0 12.2961 1.23671
0.432373 4.61145 4.19348	0 24.7453 1.24975
0.432617 3.81663 4.18075	0 10.0276 1.24571
0.432861 4.33387 4.16859	0 21.0808 1.22349
0.433105 4.26759 4.15707	0 21.78 1.18442
0.43335 4.52238 4.14635	0 17.7839 1.13165
0.433594 3.86095 4.13674	0 10.3172 1.0696
0.433838 4.29602 4.12866	0 15.3918 1.00346
0.434082 4.20884 4.12258	0 18.4604 0.938713
0.434326 3.35645 4.11892	0 13.5009 0.880651
0.43457 4.11383 4.11787	0 13.4398 0.833678
0.434814 4.23791 4.11938	0 21.4249 0.800647
0.435059 4.07498 4.12312	0 17.9774 0.782368
0.435303 4.19618 4.12854	0 16.4676 0.777525
0.435547 3.95328 4.13503	0 13.6072 0.783162
0.435791 4.68117 4.14198	0 15.754 0.795603
0.436035 3.64828 4.14893	0 11.7403 0.811465
0.436279 4.84495 4.15555	0 25.6912 0.828275
0.436523 3.7896 4.16171	0 10.8179 0.844445
0.436768 4.25006 4.16733	0 10.3315 0.858778
0.437012 3.89573 4.17233	0 15.0182 0.870018
0.437256 3.64078 4.17659	0 12.532 0.876956
0.4375 4.86165 4.17987	0 20.2265 0.879139
0.437744 4.54951 4.18186	0 18.5327 0.87767
0.437988 3.73673 4.18217	0 11.644 0.875377
0.438232 4.26091 4.18043	0 17.9989 0.875954
0.438477 4.6269 4.17634	0 18.0635 0.882362
0.438721 3.93161 4.16971	0 14.495 0.895333
0.438965 3.81819 4.16057	0 14.5416 0.912856
0.439209 4.31499 4.14912	0 22.7758 0.930976
0.439453 4.27668 4.13587	0 19.1561 0.945516
0.439697 4.51107 4.12156	0 20.1684 0.953871
0.439941 3.97649 4.10711	0 16.4965 0.956058
0.440186 4.14742 4.09356	0 12.4768 0.954661
0.44043 4.21867 4.08189	0 12.4135 0.953816
0.440674 3.62261 4.07282	0 11.5167 0.957746
0.440918 3.57631 4.06672	0 10.4272 0.969332
0.441162 3.91777 4.06344	0 14.1959 0.989113
0.441406 4.2532 4.06239	0 20.7195 1.01486
0.44165 4.00799 4.06257	0 12.8886 1.04177
0.441895 4.48892 4.06281	0 13.5875 1.06335
0.442139 4.23478 4.0619	0 17.4239 1.07272
0.442383 4.18632 4.05885	0 21.2632 1.06436
0.442627 3.34609 4.05299	0 10.5362 1.03561
0.442871 4.3686 4.044	0 22.3498 0.987617
0.443115 4.86738 4.03198	0 17.4405 0.925297
0.443359 3.57661 4.0173	0 11.5763 0.856232
0.443604 3.97215 4.00059	0 14.2631 0.788934
0.443848 3.45155 3.98257	0 9.1726 0.731056
0.444092 4.34551 3.96406	0 18.0995 0.688125
0.444336 4.19556 3.94587	0 17.7652 0.663068
0.44458 3.62973 3.92879	0 9.32574 0.656398
0.444824 4.37515 3.91354	0 20.5923 0.666674
0.445068 3.51451 3.90074	0 12.0819 0.690912
0.445312 3.75876 3.8909	0 11.8691 0.72485
0.445557 3.25992 3.88437	0 9.11312 0.763277
0.445801 4.50242 3.88134	0 21.8021 0.800639
0.446045 3.9181 3.88185	0 12.638 0.832005
0.446289 3.71508 3.88589	0 11.9889 0.854148
0.446533 3.55066 3.89336	0 8.00907 0.866346
0.446777 4.03502 3.90421	0 21.8376 0.870529
0.447021 4.06674 3.91843	0 16.0557 0.870687
0.447266 3.82313 3.93603	0 17.4929 0.871799
0.44751 4.17836 3.95697	0 14.92 0.878746
0.447754 3.66204 3.98102	0 12.0016 0.895587
0.447998 3.82881 4.00767	0 18.0202 0.925269
0.448242 4.15916 4.03599	0 17.4615 0.969393
0.448486 3.52228 4.06455	0 11.4626 1.02766
0.44873 4.70371 4.09156	0 27.8997 1.09695
0.448975 3.34982 4.11499	0 8.23813 1.17056
0.449219 4.65097 4.13284	0 40.4388 1.23851
0.449463 4.68017 4.14352	0 20.1963 1.28938
0.449707 4.39429 4.1461	0 18.5158 1.31322
0.449951 4.53353 4.14055	0 19.4737 1.30455
0.450195 4.08379 4.1278	0 14.3836 1.26392
0.450439 4.70523 4.10961	0 32.2967 1.19769
0.450684 3.34677 4.08832	0 10.7058 1.11609
0.450928 4.14088 4.0665	0 23.5096 1.03084
0.451172 3.94 4.04663	0 12.9176 0.953025
0.451416 3.56472 4.03072	0 15.0993 0.8917
0.45166 3.76003 4.02024	0 14.9698 0.853133
0.451904 3.94041 4.01599	0 11.6906 0.840289
0.452148 4.04718 4.01824	0 12.0949 0.852583
0.452393 4.68387 4.02677	0 23.1671 0.88613
0.452637 3.56179 4.04103	0 12.2747 0.934744
0.452881 4.13952 4.06018	0 13.167 0.991563
0.453125 4.14664 4.08312	0 20.8069 1.05075
0.453369 3.27114 4.10846	0 11.9646 1.10855
0.453613 3.96961 4.13453	0 17.9127 1.16317
0.453857 4.39698 4.15944	0 18.4931 1.21388
0.454102 4.98079 4.1812	0 32.5781 1.25981
0.454346 3.96591 4.19794	0 13.1515 1.29922
0.45459 4.0537 4.20809	0 17.5378 1.32984
0.454834 4.93375 4.21063	0 25.4566 1.34963
0.455078 4.19959 4.20523	0 15.9128 1.3578
0.455322 4.5476 4.19228	0 22.2869 1.35524
0.455566 4.13204 4.17283	0 12.7023 1.34421
0.455811 3.99127 4.14843	0 9.93035 1.32769
0.456055 4.12435 4.12092	0 17.9196 1.30863
0.456299 3.99048 4.09215	0 17.7791 1.28962
0.456543 4.50817 4.06382	0 14.8546 1.27269
0.456787 3.35337 4.03729	0 8.20779 1.25913
0.457031 4.12602 4.01351	0 23.9314 1.24907
0.457275 3.50484 3.99299	0 9.58415 1.24108
0.45752 4.2124 3.97588	0 18.984 1.23215
0.457764 4.19836 3.96209	0 14.716 1.21846
0.458008 3.9151 3.95132	0 14.6741 1.19668
0.458252 4.14031 3.94321	0 18.2482 1.16529
0.458496 3.37051 3.93739	0 14.1494 1.12512
0.45874 3.84274 3.93345	0 10.5508 1.07902
0.458984 4.45784 3.931	0 16.6558 1.03073
0.459229 3.69287 3.92965	0 9.94104 0.983863
0.459473 3.69494 3.92904	0 13.4981 0.941233
0.459717 3.78242 3.92886	0 16.3718 0.90484
0.459961 4.24281 3.92893	0 18.8067 0.876024
0.460205 4.06833 3.92921	0 21.809 0.855564
0.460449 4.21407 3.92979	0 19.1031 0.843539
0.460693 3.93919 3.9309	0 14.9753 0.839127
0.460938 3.48249 3.93276	0 11.0993 0.84059
0.461182 3.65377 3.93554	0 17.0679 0.845617
0.461426 4.1283 3.93928	0 18.5718 0.851947
0.46167 3.41917 3.94379	0 12.1901 0.857975
0.461914 4.81989 3.94872	0 20.3559 0.862991
0.462158 3.88938 3.95357	0 12.8672 0.866911
0.462402 3.93419 3.95778	0 15.7902 0.869693
0.462646 3.28515 3.96087	0 7.56093 0.87086
0.462891 4.31344 3.96249	0 21.597 0.86951
0.463135 4.65421 3.96253	0 23.4432 0.864868
0.463379 3.7374 3.96106	0 13.3526 0.857052
0.463623 3.83226 3.95841	0 11.6112 0.847559
0.463867 3.80145 3.95504	0 13.0748 0.839115
0.464111 4.0336 3.95153	0 12.2587 0.83493
0.464355 3.92426 3.94853	0 17.6058 0.837676
0.4646 4.08401 3.94667	0 16.1419 0.84865
0.464844 3.72599 3.94656	0 15.2938 0.867467
0.465088 3.8761 3.94876	0 12.7216 0.892348
0.465332 3.81652 3.95373	0 13.8566 0.920838
0.465576 4.25829 3.96179	0 20.4972 0.950624
0.46582 4.38104 3.97302	0 16.9669 0.980087
0.466064 3.11279 3.9872	0 10.3661 1.00838
0.466309 3.80366 4.00374	0 15.642 1.03504
0.466553 4.20345 4.02166	0 15.2102 1.0593
0.466797 4.01835 4.03962	0 12.7293 1.07954
0.467041 3.9805 4.05608	0 16.1476 1.0932
0.467285 4.53152 4.06952	0 22.4935 1.09728
0.467529 3.65811 4.07861	0 11.8552 1.08937
0.467773 4.62563 4.08247	0 21.2678 1.06883
0.468018 4.27992 4.08084	0 17.051 1.03762
0.468262 4.97063 4.07402	0 27.4886 1.00045
0.468506 3.35804 4.06286	0 7.78906 0.964168
0.46875 3.91782 4.04854	0 16.1078 0.936324
0.468994 4.02949 4.03234	0 15.0718 0.92338
0.469238 3.74109 4.01542	0 13.0656 0.928814
0.469482 3.64278 3.99861	0 11.8742 0.9518
0.469727 4.3858 3.98237	0 18.3288 0.986946
0.469971 4.60562 3.96676	0 20.8488 1.02531
0.470215 3.4528 3.95155	0 8.45979 1.0565
0.470459 3.59834 3.93632	0 14.1189 1.07115
0.470703 4.3017 3.92066	0 18.33 1.06319
0.470947 3.66516 3.90428	0 17.8331 1.0312
0.471191 4.08474 3.88717	0 17.7306 0.978625
0.471436 3.587 3.86965	0 13.4664 0.912836
0.47168 4.9023 3.85245	0 15.9219 0.843352
0.471924 3.49309 3.83656	0 11.3322 0.77966
0.472168 3.25478 3.82319	0 8.03127 0.729231
0.472412 3.66883 3.81353	0 10.3813 0.696315
0.472656 4.43059 3.80854	0 17.8494 0.681829
0.4729 3.38109 3.80879	0 11.4302 0.684245
0.473145 2.94166 3.81432	0 6.06306 0.701009
0.473389 3.73643 3.82461	0 16.3446 0.729804
0.473633 4.16654 3.83874	0 13.9717 0.76912
0.473877 4.15174 3.85548	0 22.4049 0.817989
0.474121 4.10797 3.87361	0 20.0882 0.875164
0.474365 3.72078 3.89207	0 15.6576 0.938263
0.474609 3.43437 3.91018	0 12.6827 1.0034
0.474854 4.58055 3.92762	0 14.5479 1.06555
0.475098 4.13089 3.94442	0 15.7769 1.11957
0.475342 3.98558 3.96076	0 19.2147 1.16151
0.475586 3.46613 3.97681	0 13.1686 1.18963
0.47583 3.92246 3.99247	0 19.0321 1.20469
0.476074 3.73695 4.00727	0 13.179 1.20943
0.476318 4.09595 4.02033	0 13.4724 1.20731
0.476562 4.4676 4.03042	0 14.9179 1.20131
0.476807 3.68545 4.03623	0 11.8565 1.19319
0.477051 4.737 4.03653	0 25.9723 1.18344
0.477295 3.69875 4.03049	0 18.9588 1.17165
0.477539 4.61915 4.01784	0 16.0949 1.15715
0.477783 4.34512 3.99903	0 21.4919 1.13935
0.478027 3.87447 3.97515	0 23.9835 1.118
0.478271 3.63742 3.94783	0 15.8442 1.0932
0.478516 3.93065 3.91903	0 15.9692 1.06543
0.47876 3.91942 3.89078	0 18.8733 1.03543
0.479004 3.92709 3.86496	0 12.7599 1.00408
0.479248 3.65189 3.84307	0 11.0881 0.972377
0.479492 3.47194 3.82618	0 15.8654 0.941482
0.479736 3.32901 3.81482	0 8.27494 0.912854
0.47998 4.13201 3.80907	0 18.0685 0.888246
0.480225 4.09335 3.80856	0 16.3761 0.869494
0.480469 3.62063 3.81261	0 14.617 0.858156
0.480713 3.89897 3.82021	0 17.068 0.855197
0.480957 3.61031 3.83015	0 9.17279 0.860907
0.481201 3.58352 3.84102	0 15.4565 0.875042
0.481445 3.92041 3.85129	0 13.928 0.897013
0.481689 3.68827 3.85938	0 11.6302 0.925865
0.481934 4.42349 3.86389	0 18.1804 0.95996
0.482178 3.90329 3.86368	0 15.3793 0.99651
0.482422 4.18341 3.85813	0 20.6842 1.03131
0.482666 3.68054 3.84723	0 15.7743 1.05899
0.48291 4.10892 3.83164	0 28.9332 1.0739
0.483154 3.7624 3.81269	0 12.6367 1.07144
0.483398 4.54552 3.79213	0 23.6926 1.04943
0.483643 3.16467 3.77194	0 18.8295 1.00902
0.483887 3.32214 3.754	0 8.65763 0.954767
0.484131 3.47552 3.73983	0 13.2512 0.894057
0.484375 3.87753 3.73036	0 17.8099 0.835817
0.484619 3.47109 3.72585	0 11.0698 0.788992
0.484863 3.67867 3.72592	0 10.9926 0.760919
0.485107 3.48556 3.72972	0 12.9413 0.755927
0.485352 4.0966 3.73613	0 12.6967 0.774432
0.485596 3.7339 3.74401	0 13.7884 0.812816
0.48584 4.06863 3.75242	0 14.5462 0.864206
0.486084 3.70914 3.76076	0 10.628 0.919973
0.486328 3.60629 3.76879	0 11.1258 0.971544
0.486572 3.91459 3.77658	0 14.2181 1.01208
0.486816 3.54283 3.78437	0 13.1705 1.03764
0.487061 4.07966 3.79243	0 21.2713 1.04761
0.487305 3.45023 3.80089	0 28.8348 1.04425
0.487549 3.99 3.80966	0 23.1564 1.03149
0.487793 3.42535 3.81839	0 10.4193 1.01331
0.488037 4.26139 3.8265	0 16.424 0.992437
0.488281 3.40397 3.83336	0 13.7367 0.970021
0.488525 3.82779 3.83841	0 16.2742 0.946419
0.48877 4.57504 3.84131	0 14.0336 0.922651
0.489014 4.03077 3.84208	0 17.0864 0.901418
0.489258 3.62287 3.84109	0 9.34304 0.886858
0.489502 4.1162 3.83902	0 20.0163 0.883004
0.489746 3.26809 3.8367	0 8.63798 0.891742
0.48999 3.83559 3.83495	0 12.1586 0.911457
0.490234 3.55905 3.8344	0 13.4156 0.937149
0.490479 4.13319 3.83534	0 14.4419 0.961992
0.490723 4.06725 3.83777	0 18.481 0.979572
0.490967 3.29872 3.84135	0 9.73471 0.98581
0.491211 3.77654 3.84565	0 14.5558 0.97987
0.491455 3.81673 3.85024	0 14.3289 0.963856
0.491699 4.60221 3.85491	0 16.0975 0.941644
0.491943 3.67891 3.85977	0 14.1292 0.917408
0.492188 4.0402 3.86523	0 10.4525 0.894382
0.492432 3.74892 3.87192	0 11.3882 0.874211
0.492676 3.78636 3.88051	0 12.2965 0.85695
0.49292 3.67778 3.89145	0 15.5982 0.841603
0.493164 3.56525 3.90474	0 13.474 0.826943
0.493408 3.84689 3.91986	0 13.7444 0.812345
0.493652 3.67008 3.93568	0 13.1767 0.79833
0.493896 4.4282 3.9506	0 27.3046 0.786636
0.494141 3.99897 3.96282	0 12.9842 0.779769
0.494385 3.9959 3.97058	0 11.1137 0.780246
0.494629 4.41569 3.97253	0 17.5345 0.789841
0.494873 3.95407 3.96793	0 13.7612 0.809137
0.495117 4.45305 3.95682	0 18.7078 0.837409
0.495361 4.00574 3.94004	0 13.8593 0.872732
0.495605 3.75478 3.91911	0 12.0134 0.91217
0.49585 3.66231 3.89599	0 12.2663 0.952123
0.496094 3.90805 3.87271	0 12.6802 0.98904
0.496338 4.18268 3.85104	0 14.3601 1.02054
0.496582 3.46628 3.832	0 12.8684 1.0465
0.496826 3.50381 3.81544	0 14.1284 1.06948
0.49707 3.73107 3.79974	0 10.462 1.09375
0.497314 3.5643 3.78156	0 11.0031 1.12322
0.497559 3.68287 3.75582	0 12.5896 1.15902
0.497803 3.56819 3.71602	0 11.4781 1.19805
0.498047 3.68875 3.65469	0 14.4126 1.23337
0.498291 4.75372 3.5643	0 29.4811 1.25613
0.498535 4.92554 3.43825	0 28.1263 1.258
0.498779 3.33566 3.27202	0 11.1483 1.2331
0.499023 3.53998 3.06409	0 11.9654 1.1786
0.499268 3.65998 2.8167	0 14.2312 1.09453
0.499512 4.7109 2.53597	0 15.375 0.983527
0.499756 4.88521 1.91545	0 67.7282 0.704696
