0 0 2.06376	0 0 0.533911
0.000244141 4.03616 2.46734	0 16.2252 0.694162
0.000488281 4.11356 2.88641	0 22.1584 0.868584
0.000732422 3.83825 3.31118	0 15.098 1.05386
0.000976562 4.35568 3.73327	0 21.5738 1.24911
0.0012207 4.24758 4.1466	0 13.6788 1.45569
0.00146484 4.87466 4.54786	0 26.6072 1.67564
0.00170898 4.9517 4.93654	0 25.0311 1.90955
0.00195312 4.93837 5.31465	0 17.3177 2.15487
0.00219727 6.48123 5.68611	0 41.9768 2.40601
0.00244141 5.92102 6.05602	0 52.9138 2.65652
0.00268555 6.13694 6.42985	0 29.612 2.90302
0.00292969 6.27345 6.81259	0 55.4815 3.14887
0.00317383 7.6017 7.2079	0 55.937 3.40587
0.00341797 7.35126 7.6174	0 48.0499 3.69252
0.00366211 7.01776 8.04005	0 64.135 4.02942
0.00390625 7.26482 8.47175	0 45.9641 4.4337
0.00415039 8.24023 8.90536	0 73.6294 4.91517
0.00439453 8.97798 9.33119	0 72.858 5.475
0.00463867 12.2377 9.73781	0 119.101 6.10615
0.00488281 10.661 10.1133	0 77.2549 6.79306
0.00512695 10.6832 10.4467	0 146.132 7.50955
0.00537109 12.059 10.7295	0 215.427 8.21591
0.00561523 11.4351 10.9564	0 120.458 8.85887
0.00585938 14.1671 11.1263	0 250.348 9.37739
0.00610352 12.7296 11.2423	0 154.975 9.71469
0.00634766 11.9537 11.3108	0 101.74 9.83321
0.0065918 10.1086 11.3408	0 74.8916 9.72683
0.00683594 11.284 11.3422	0 119.323 9.42528
0.00708008 10.6849 11.3248	0 116.637 8.98825
0.00732422 10.685 11.297	0 111.057 8.49052
0.00756836 11.0478 11.2649	0 108.216 8.00269
0.0078125 12.2458 11.2323	0 108.552 7.57427
0.00805664 10.6319 11.2005	0 87.2489 7.22531
0.00830078 11.3041 11.1691	0 126.2 6.94952
0.00854492 11.5751 11.1364	0 114.371 6.72691
0.00878906 10.6337 11.1002	0 120.652 6.53965
0.0090332 11.4672 11.0585	0 127.324 6.3838
0.00927734 9.79466 11.0098	0 79.8134 6.27165
0.00952148 12.94 10.9536	0 166.806 6.22416
0.00976562 11.5666 10.8906	0 126.126 6.25749
0.0100098 9.7005 10.8222	0 75.0257 6.37042
0.0102539 12.8468 10.751	0 163.985 6.5393
0.010498 8.5978 10.6797	0 61.0681 6.72376
0.0107422 10.3113 10.6109	0 108.635 6.88107
0.0109863 10.2152 10.547	0 96.0541 6.98224
0.0112305 10.2275 10.4896	0 172.775 7.02166
0.0114746 10.0578 10.4399	0 99.5591 7.01575
0.0117188 12.2374 10.3981	0 137.737 6.99225
0.0119629 10.0316 10.3645	0 111.044 6.97695
0.012207 8.97387 10.3391	0 78.9685 6.98496
0.0124512 10.3341 10.3219	0 95.812 7.01927
0.0126953 10.7721 10.3135	0 133.812 7.07433
0.0129395 9.53241 10.3146	0 75.8264 7.13997
0.0131836 11.7243 10.3262	0 156.591 7.20332
0.0134277 9.56286 10.3495	0 100.344 7.24952
0.0136719 8.78501 10.3853	0 71.9706 7.26451
0.013916 11.5169 10.434	0 104.419 7.24107
0.0141602 10.5954 10.4951	0 82.8413 7.18526
0.0144043 9.67795 10.5672	0 92.8282 7.11853
0.0146484 9.42466 10.6474	0 90.3715 7.07189
0.0148926 11.7103 10.7317	0 143.913 7.07385
0.0151367 10.7612 10.8152	0 116.484 7.13824
0.0153809 11.0463 10.8925	0 143.03 7.2587
0.015625 10.7439 10.9583	0 114.121 7.41292
0.0158691 10.5405 11.0085	0 129.521 7.57328
0.0161133 14.7634 11.0406	0 231.796 7.71748
0.0163574 9.70968 11.0542	0 109.56 7.83327
0.0166016 11.8706 11.0515	0 120.636 7.9169
0.0168457 11.1656 11.0372	0 121.659 7.96915
0.0170898 11.1574 11.0172	0 122.26 7.99423
0.017334 12.367 10.9986	0 133.405 8.00298
0.0175781 8.09816 10.9879	0 62.8826 8.01728
0.0178223 11.1891 10.9901	0 106.287 8.07001
0.0180664 8.67921 11.008	0 61.3657 8.19752
0.0183105 12.1537 11.0416	0 113.446 8.42654
0.0185547 9.88675 11.0882	0 72.7242 8.76146
0.0187988 12.1929 11.1432	0 175.12 9.17826
0.019043 11.0101 11.201	0 87.8339 9.62828
0.0192871 10.9857 11.2562	0 112.722 10.0506
0.0195312 12.6837 11.3043	0 163.232 10.3883
0.0197754 12.379 11.3433	0 110.883 10.6038
0.0200195 12.1652 11.3732	0 122.369 10.6873
0.0202637 9.99101 11.3961	0 110.342 10.6577
0.0205078 12.5823 11.416	0 123.618 10.5552
0.020752 10.7544 11.4374	0 121.397 10.427
0.0209961 10.203 11.4646	0 82.8518 10.313
0.0212402 11.3213 11.5009	0 105.116 10.2337
0.0214844 11.8399 11.5483	0 124.938 10.1871
0.0217285 9.85157 11.6078	0 89.6554 10.156
0.0219727 11.1781 11.6793	0 110.54 10.1226
0.0222168 12.6679 11.763	0 137.714 10.0859
0.0224609 14.2331 11.8592	0 154.708 10.0713
0.0227051 12.1778 11.9693	0 118.731 10.128
0.0229492 11.9914 12.095	0 133.54 10.311
0.0231934 9.96447 12.2388	0 80.4604 10.6573
0.0234375 11.1731 12.4025	0 111.246 11.1662
0.0236816 11.8108 12.5867	0 245.12 11.7965
0.0239258 11.6355 12.7909	0 104.884 12.4814
0.0241699 13.7393 13.0127	0 193.143 13.1573
0.0244141 14.8408 13.2484	0 324.986 13.7887
0.0246582 13.5337 13.4936	0 246.77 14.3788
0.0249023 13.3102 13.7435	0 139.918 14.9589
0.0251465 12.7153 13.9939	0 127.296 15.5661
0.0253906 15.9921 14.2412	0 211.914 16.2201
0.0256348 13.0438 14.483	0 182.502 16.9116
0.0258789 17.2364 14.7175	0 218.635 17.6048
0.026123 14.2379 14.9439	0 199.378 18.2487
0.0263672 13.8481 15.1621	0 193.598 18.7911
0.0266113 16.2265 15.3727	0 239.356 19.1903
0.0268555 14.5661 15.5768	0 349.954 19.4237
0.0270996 18.1645 15.7763	0 357.872 19.492
0.0273438 15.9985 15.9733	0 265.746 19.4191
0.0275879 15.1728 16.1709	0 209.076 19.2464
0.027832 16.7918 16.3719	0 295.618 19.0249
0.0280762 15.4286 16.5794	0 266.476 18.8082
0.0283203 16.8606 16.7962	0 254.836 18.6502
0.0285645 16.2397 17.0241	0 249.337 18.6075
0.0288086 19.35 17.2645	0 317.701 18.7416
0.0290527 13.628 17.5178	0 142.097 19.1183
0.0292969 20.6253 17.7835	0 337.643 19.7959
0.029541 17.8596 18.061	0 230.913 20.8059
0.0297852 15.3285 18.3493	0 201.945 22.1273
0.0300293 20.3022 18.6478	0 415.373 23.6695
0.0302734 20.4504 18.9564	0 343.675 25.2753
0.0305176 18.0298 19.2759	0 355.408 26.7514
0.0307617 19.6591 19.6078	0 329.713 27.9204
0.0310059 21.2069 19.9543	0 659.74 28.6734
0.03125 17.8303 20.3185	0 319.466 28.9994
0.0314941 21.3928 20.704	0 380.115 28.9813
0.0317383 19.1106 21.1151	0 310.701 28.7631
0.0319824 19.173 21.5566	0 296.284 28.5106
0.0322266 25.7698 22.0338	0 668.34 28.3811
0.0324707 23.8789 22.5524	0 462.654 28.5117
0.0327148 22.2853 23.1173	0 394.834 29.0201
0.032959 21.7338 23.7324	0 591.96 30.0039
0.0332031 21.7975 24.3996	0 558.501 31.5304
0.0334473 21.4736 25.1189	0 432.749 33.6168
0.0336914 23.745 25.8878	0 534.235 36.2087
0.0339355 27.7771 26.7028	0 707.818 39.1743
0.0341797 30.4428 27.5602	0 724.716 42.3262
0.0344238 29.0159 28.4572	0 550.463 45.4735
0.034668 33.9384 29.3928	0 1036.19 48.4921
0.0349121 26.8065 30.3678	0 487.611 51.3875
0.0351562 26.8066 31.3845	0 776.473 54.3173
0.0354004 30.8017 32.4459	0 746.954 57.5547
0.0356445 33.1371 33.555	0 975.198 61.395
0.0358887 36.6599 34.7145	0 1654.75 66.0362
0.0361328 28.734 35.9274	0 798.351 71.4882
0.036377 44.4323 37.1986	0 2215.84 77.5579
0.0366211 35.2691 38.5363	0 1010.13 83.9311
0.0368652 42.5751 39.9536	0 1930.48 90.3217
0.0371094 39.2015 41.4696	0 1575.37 96.6224
0.0373535 42.5781 43.1093	0 1390.7 102.989
0.0375977 44.1034 44.9018	0 1699.94 109.827
0.0378418 40.6641 46.878	0 1697.88 117.711
0.0380859 42.6815 49.0669	0 1497.62 127.289
0.0383301 49.1713 51.492	0 2318.56 139.227
0.0385742 55.7475 54.1683	0 3341.76 154.194
0.0388184 50.0545 57.1005	0 3027.78 172.808
0.0390625 51.8935 60.2834	0 2296.4 195.516
0.0393066 51.1336 63.7051	0 2816.64 222.369
0.0395508 71.1639 67.3519	0 4509.97 252.8
0.0397949 73.7421 71.2159	0 3593.7 285.542
0.0400391 80.7434 75.3015	0 6166.46 318.826
0.0402832 81.3067 79.6321	0 6585.94 350.914
0.0405273 74.9679 84.2523	0 4268.74 380.893
0.0407715 89.6021 89.2272	0 7649.52 409.567
0.0410156 91.593 94.6362	0 6915.35 440.174
0.0412598 97.7798 100.564	0 10738.9 478.686
0.0415039 91.3183 107.087	0 9762.44 533.461
0.041748 90.5532 114.266	0 9011.05 614.06
0.0419922 98.3485 122.134	0 7400.47 729.27
0.0422363 127.736 130.698	0 17079.3 884.611
0.0424805 113.817 139.932	0 15683.7 1080.05
0.0427246 169.071 149.789	0 21491.9 1309
0.0429688 152.287 160.205	0 20695.2 1559.58
0.0432129 174.074 171.099	0 27732.4 1818.6
0.043457 199.989 182.378	0 61653 2076.9
0.0437012 165.46 193.931	0 37696.2 2333.59
0.0439453 198.782 205.627	0 48820.6 2595.93
0.0441895 185.819 217.311	0 24303.5 2873.85
0.0444336 250.864 228.8	0 43837.4 3171.01
0.0446777 231.69 239.894	0 41476.9 3477.47
0.0449219 266.311 250.378	0 67278.2 3768.81
0.045166 306.435 260.036	0 58339.8 4013.42
0.0454102 291.014 268.66	0 75570 4184.91
0.0456543 312.663 276.058	0 109130 4273.04
0.0458984 289.443 282.053	0 101255 4287.19
0.0461426 290.584 286.49	0 98072.3 4250.49
0.0463867 263.499 289.232	0 54177 4187.66
0.0466309 331.47 290.167	0 115007 4113.22
0.046875 340.585 289.219	0 146206 4025.92
0.0471191 315.364 286.355	0 89846.1 3911.94
0.0473633 343.609 281.599	0 129874 3754.43
0.0476074 314.936 275.04	0 84831.5 3544.04
0.0478516 292.381 266.829	0 71154.7 3285.14
0.0480957 233.81 257.17	0 49649.8 2995.13
0.0483398 238.053 246.308	0 68280.2 2698.08
0.048584 262.998 234.506	0 66440.7 2416.29
0.0488281 208.524 222.033	0 33602.8 2163.82
0.0490723 217.834 209.146	0 48121.5 1944.18
0.0493164 200.161 196.088	0 38658.3 1752.34
0.0495605 177.538 183.081	0 22006.6 1579.27
0.0498047 169.786 170.324	0 38316.3 1416.63
0.0500488 168.877 157.997	0 29621.9 1259.92
0.050293 122.319 146.255	0 16921.4 1109.05
0.0505371 97.2962 135.223	0 9055.88 966.997
0.0507812 115.214 124.994	0 19487.9 837.59
0.0510254 95.8504 115.621	0 6575.56 723.631
0.0512695 97.6943 107.121	0 11328.8 626.039
0.0515137 99.7309 99.4749	0 9900.99 544.007
0.0517578 82.7095 92.6337	0 4984.45 475.681
0.052002 76.8145 86.5253	0 5235.92 418.854
0.0522461 68.5181 81.0638	0 3690.25 371.363
0.0524902 75.5175 76.1573	0 4155.25 331.216
0.0527344 61.5366 71.7152	0 3658.98 296.603
0.0529785 72.6137 67.6537	0 5255.44 265.958
0.0532227 54.1715 63.901	0 2826.96 238.075
0.0534668 66.7114 60.4	0 4528.75 212.227
0.0537109 53.4389 57.1106	0 3481.23 188.18
0.0539551 61.0296 54.0097	0 3125.33 166.076
0.0541992 48.1369 51.0891	0 2393.95 146.234
0.0544434 44.8074 48.3523	0 1525.68 128.938
0.0546875 38.2203 45.8098	0 1385.81 114.292
0.0549316 43.045 43.4731	0 1983.97 102.173
0.0551758 30.3954 41.3508	0 783.064 92.2654
0.0554199 39.3127 39.4444	0 1644.01 84.1652
0.0556641 29.4103 37.7467	0 642.17 77.4801
0.0559082 40.5556 36.2421	0 1524.54 71.901
0.0561523 35.8482 34.9081	0 1013.44 67.2197
0.0563965 29.8898 33.7184	0 1028.15 63.3089
0.0566406 32.7521 32.6448	0 969.824 60.083
0.0568848 26.363 31.6609	0 585.927 57.463
0.0571289 32.3832 30.7431	0 843.388 55.3512
0.057373 33.5931 29.872	0 835.801 53.6146
0.0576172 31.4757 29.0328	0 1165.49 52.0748
0.0578613 22.9472 28.2154	0 396.019 50.5145
0.0581055 28.3822 27.4137	0 900.395 48.7088
0.0583496 23.7064 26.625	0 586.807 46.4838
0.0585938 27.7952 25.85	0 960.026 43.7831
0.0588379 28.2764 25.0916	0 819.033 40.7067
0.059082 22.9476 24.3544	0 402.584 37.4947
0.0593262 23.198 23.6442	0 576.169 34.4517
0.0595703 22.7014 22.9667	0 493.74 31.842
0.0598145 18.6699 22.3268	0 343.366 29.8039
0.0600586 21.1227 21.728	0 518.721 28.3213
0.0603027 19.8254 21.172	0 358.181 27.2597
0.0605469 23.2455 20.6585	0 705.437 26.4396
0.060791 18.1845 20.1855	0 326.076 25.7087
0.0610352 18.1776 19.7501	0 319.818 24.9829
0.0612793 21.2721 19.3495	0 430.126 24.2487
0.0615234 18.4432 18.9812	0 290.392 23.5424
0.0617676 17.7138 18.6436	0 349.929 22.9239
0.0620117 17.9853 18.3366	0 444.456 22.4571
0.0622559 18.5366 18.0607	0 297.369 22.1969
0.0625 17.712 17.8169	0 348.127 22.1764
0.0627441 17.0505 17.606	0 250.542 22.3899
0.0629883 13.6446 17.4278	0 168.267 22.7802
0.0632324 18.0562 17.2804	0 493.844 23.239
0.0634766 18.8232 17.1602	0 542.086 23.6292
0.0637207 15.7876 17.062	0 216.102 23.8243
0.0639648 14.6941 16.9791	0 270.612 23.7487
0.064209 18.0212 16.9047	0 425.002 23.3994
0.0644531 18.9273 16.8321	0 383.53 22.8395
0.0646973 15.8958 16.756	0 226.347 22.1685
0.0649414 16.1106 16.6732	0 220.07 21.4845
0.0651855 18.5462 16.583	0 476.871 20.8582
0.0654297 18.2529 16.4869	0 383.239 20.3247
0.0656738 16.8755 16.3884	0 350.953 19.8927
0.065918 11.5906 16.2921	0 135.219 19.5566
0.0661621 16.897 16.2027	0 294.788 19.3039
0.0664062 16.0596 16.1243	0 265.793 19.1125
0.0666504 17.3697 16.0593	0 281.334 18.9466
0.0668945 13.8755 16.0088	0 148.934 18.758
0.0671387 15.9601 15.9718	0 245.602 18.4989
0.0673828 17.2646 15.9463	0 272.598 18.1415
0.067627 15.3201 15.9292	0 447.068 17.6945
0.0678711 13.9439 15.9178	0 175.409 17.205
0.0681152 16.8181 15.9104	0 246.6 16.7435
0.0683594 16.827 15.9065	0 296.763 16.3767
0.0686035 17.6209 15.9077	0 309.907 16.1415
0.0688477 15.9961 15.9176	0 318.107 16.0345
0.0690918 16.1663 15.9408	0 294.683 16.0203
0.0693359 12.6941 15.9829	0 134.628 16.0557
0.0695801 15.5617 16.0486	0 263.616 16.1169
0.0698242 16.8668 16.1416	0 224.907 16.2175
0.0700684 13.6485 16.263	0 161.665 16.4093
0.0703125 17.0259 16.4114	0 366.461 16.7668
0.0705566 17.4947 16.5826	0 300.422 17.362
0.0708008 14.9985 16.7703	0 201.167 18.2405
0.0710449 17.2223 16.9669	0 297.302 19.4055
0.0712891 16.2183 17.164	0 333.133 20.8105
0.0715332 19.0998 17.3537	0 371.456 22.3582
0.0717773 19.3559 17.5295	0 334.756 23.9065
0.0720215 17.4865 17.6863	0 382.716 25.282
0.0722656 18.3259 17.8212	0 387.891 26.3082
0.0725098 19.0711 17.933	0 377.871 26.8461
0.0727539 15.4191 18.0224	0 252.36 26.8355
0.072998 19.4894 18.0919	0 417.602 26.3189
0.0732422 18.5899 18.1453	0 413.512 25.4346
0.0734863 16.1033 18.188	0 265.426 24.3779
0.0737305 22.0055 18.2263	0 366.13 23.3473
0.0739746 20.2436 18.2674	0 340.699 22.4989
0.0742188 16.5438 18.3185	0 261.457 21.9247
0.0744629 15.6728 18.3863	0 349.665 21.6566
0.074707 17.0986 18.4758	0 259.863 21.6819
0.0749512 18.3637 18.5902	0 357.513 21.9573
0.0751953 16.9237 18.7307	0 301.27 22.4168
0.0754395 20.4265 18.8967	0 413.982 22.9789
0.0756836 18.7502 19.0867	0 373.436 23.5655
0.0759277 20.1828 19.2992	0 503.732 24.1298
0.0761719 18.9177 19.5334	0 498.034 24.6848
0.076416 21.1763 19.789	0 359.699 25.3122
0.0766602 21.442 20.0663	0 314.202 26.1385
0.0769043 16.3485 20.3651	0 220.802 27.2831
0.0771484 21.3905 20.6839	0 423.974 28.7963
0.0773926 17.113 21.0194	0 355.414 30.619
0.0776367 20.8571 21.3665	0 408.019 32.5854
0.0778809 22.4244 21.719	0 471.06 34.4727
0.078125 22.627 22.0718	0 620.058 36.0781
0.0783691 27.104 22.4218	0 718.094 37.2859
0.0786133 23.6595 22.7702	0 562.014 38.0953
0.0788574 23.1982 23.1223	0 634.886 38.5994
0.0791016 22.5645 23.4875	0 377.35 38.9346
0.0793457 23.2232 23.8777	0 429.665 39.2295
0.0795898 22.6978 24.3043	0 475.349 39.5773
0.079834 24.1347 24.7761	0 522.789 40.0349
0.0800781 19.9127 25.2967	0 300.007 40.6361
0.0803223 23.5634 25.864	0 540.494 41.4084
0.0805664 26.9252 26.4698	0 707.113 42.3866
0.0808105 28.1594 27.1016	0 744.701 43.6245
0.0810547 31.5112 27.7448	0 838.413 45.2028
0.0812988 28.3106 28.3852	0 619.252 47.2233
0.081543 28.3638 29.0109	0 675.814 49.7812
0.0817871 30.7877 29.6148	0 795.827 52.9128
0.0820312 34.2532 30.1942	0 1129.57 56.5326
0.0822754 27.6673 30.7517	0 641.8 60.392
0.0825195 32.2925 31.294	0 1111.93 64.0938
0.0827637 27.2988 31.8314	0 1001.46 67.1864
0.0830078 34.9037 32.3766	0 1098.47 69.3215
0.083252 34.625 32.9438	0 1249.09 70.422
0.0834961 33.423 33.5475	0 1045.64 70.7833
0.0837402 35.4001 34.2015	0 1105.43 71.0481
0.0839844 29.3884 34.9176	0 650.618 72.0495
0.0842285 34.171 35.7042	0 795.966 74.5747
0.0844727 36.9492 36.5653	0 1336.62 79.1405
0.0847168 31.0913 37.5	0 587.835 85.8604
0.0849609 38.9697 38.5026	0 1409.46 94.4434
0.0852051 41.8432 39.5639	0 1773.86 104.305
0.0854492 37.896 40.6721	0 1159.66 114.744
0.0856934 45.5012 41.8155	0 2327.62 125.127
0.0859375 41.4936 42.9831	0 1529.14 135.043
0.0861816 43.1365 44.1657	0 1781.1 144.415
0.0864258 47.4926 45.3558	0 1918.62 153.522
0.0866699 50.3498 46.546	0 1985.02 162.923
0.0869141 45.4459 47.7277	0 1458.22 173.232
0.0871582 45.9084 48.8894	0 2020.14 184.799
0.0874023 45.831 50.0164	0 2108.63 197.387
0.0876465 52.7337 51.0916	0 3426.47 210.015
0.0878906 44.3426 52.0976	0 1913.12 221.096
0.0881348 67.3917 53.0203	0 5248.9 228.869
0.0883789 64.8634 53.8518	0 5295.92 231.992
0.088623 55.4615 54.5933	0 2353.58 230.046
0.0888672 53.8262 55.2549	0 2436.98 223.739
0.0891113 54.7494 55.8548	0 3094.63 214.764
0.0893555 49.4222 56.4152	0 1929.05 205.374
0.0895996 62.2058 56.9578	0 3214.25 197.869
0.0898438 56.9266 57.4986	0 3084.67 194.153
0.0900879 50.6887 58.044	0 1512.02 195.452
0.090332 59.0494 58.5877	0 3019.38 202.183
0.0905762 56.5196 59.1108	0 3004.61 213.936
0.0908203 65.955 59.5828	0 5580.26 229.512
0.0910645 63.2418 59.9649	0 3295.89 247.016
0.0913086 56.2307 60.2152	0 4479.31 264.019
0.0915527 60.2016 60.2936	0 4031.92 277.848
0.0917969 74.135 60.1676	0 4965.92 285.998
0.092041 60.3006 59.8166	0 3259.82 286.624
0.0922852 65.9558 59.235	0 3581.53 278.982
0.0925293 68.08 58.4339	0 4607.37 263.67
0.0927734 60.2191 57.4396	0 2610.29 242.546
0.0930176 52.3985 56.2908	0 2324.39 218.332
0.0932617 54.8506 55.0335	0 2834.1 194.008
0.0935059 49.8626 53.7161	0 1702.76 172.184
0.09375 52.2124 52.3836	0 2140.64 154.643
0.0939941 52.7211 51.0732	0 2884.66 142.161
0.0942383 49.7059 49.8113	0 2472.41 134.585
0.0944824 39.6871 48.6125	0 1431.69 131.074
0.0947266 43.4406 47.4799	0 2305.28 130.391
0.0949707 48.4902 46.4074	0 2086.44 131.174
0.0952148 52.4815 45.3829	0 2497.65 132.142
0.095459 40.5043 44.3916	0 1450.2 132.267
0.0957031 40.1295 43.419	0 1740.23 130.887
0.0959473 50.6697 42.454	0 2879.68 127.766
0.0961914 36.2684 41.4892	0 891.684 123.058
0.0964355 45.2694 40.5218	0 2031.38 117.192
0.0966797 37.7474 39.552	0 1297.28 110.695
0.0969238 39.676 38.5814	0 1443.03 104.028
0.097168 34.7334 37.6114	0 1017.76 97.4842
0.0974121 34.9861 36.6414	0 1198.19 91.19
0.0976562 31.0702 35.6687	0 699.843 85.1657
0.0979004 37.7657 34.6888	0 1844.21 79.4103
0.0981445 39.748 33.697	0 1215.55 73.9557
0.0983887 31.9247 32.6901	0 806.253 68.8746
0.0986328 30.2535 31.6685	0 1018.27 64.2505
0.098877 33.1995 30.637	0 831.116 60.1347
0.0991211 31.5547 29.6052	0 1338.53 56.5142
0.0993652 28.0811 28.587	0 764.821 53.3036
0.0996094 25.6514 27.5985	0 746.404 50.3623
0.0998535 20.8886 26.6562	0 463.203 47.5305
0.100098 25.3825 25.7745	0 820.348 44.6744
0.100342 26.3293 24.9645	0 470.862 41.7244
0.100586 23.2478 24.2324	0 399.005 38.6957
0.10083 20.7502 23.5793	0 442.151 35.6798
0.101074 21.9677 23.0014	0 446.759 32.8148
0.101318 21.8365 22.4908	0 543.927 30.2419
0.101562 20.3135 22.0368	0 438.802 28.0667
0.101807 21.472 21.6268	0 467.086 26.3327
0.102051 21.784 21.2482	0 508.505 25.0121
0.102295 21.7579 20.8892	0 332.462 24.0147
0.102539 21.4807 20.5397	0 482.513 23.212
0.102783 21.2588 20.1922	0 282.964 22.4727
0.103027 18.5453 19.8417	0 401.71 21.6978
0.103271 18.7113 19.486	0 365.086 20.8405
0.103516 19.6066 19.1251	0 299.14 19.9051
0.10376 19.2433 18.7612	0 377.533 18.9293
0.104004 17.1734 18.3978	0 295.687 17.9636
0.104248 20.7977 18.0396	0 431.943 17.0592
0.104492 17.2087 17.6915	0 261.84 16.2645
0.104736 16.993 17.3586	0 294.548 15.6213
0.10498 15.3625 17.0449	0 197.933 15.1551
0.105225 14.7106 16.7537	0 221.035 14.8629
0.105469 15.5588 16.4866	0 175.508 14.7103
0.105713 18.0435 16.2441	0 430.098 14.6434
0.105957 15.4571 16.0254	0 197.281 14.6123
0.106201 16.2523 15.8287	0 261.66 14.5914
0.106445 16.9984 15.6517	0 319.361 14.5833
0.106689 13.0726 15.4915	0 209.982 14.6043
0.106934 14.6287 15.3453	0 206.621 14.662
0.107178 15.3148 15.2101	0 192.361 14.7391
0.107422 15.1887 15.0827	0 297.074 14.796
0.107666 12.9801 14.9605	0 178.651 14.7888
0.10791 18.883 14.8409	0 495.417 14.6934
0.108154 14.2415 14.7221	0 196.201 14.5199
0.108398 13.7543 14.6028	0 198.674 14.3094
0.108643 15.4794 14.4823	0 218.939 14.1133
0.108887 13.1416 14.3605	0 173.008 13.9674
0.109131 12.9143 14.2379	0 156.826 13.8754
0.109375 13.4007 14.1153	0 155.384 13.8117
0.109619 17.8554 13.9937	0 382.426 13.7427
0.109863 12.5056 13.8744	0 159.932 13.6545
0.110107 14.6389 13.7585	0 179.813 13.5681
0.110352 12.2577 13.6472	0 145.879 13.5319
0.110596 13.0961 13.541	0 208.185 13.5942
0.11084 14.1903 13.4399	0 236.712 13.7704
0.111084 11.4019 13.3434	0 116.242 14.0252
0.111328 13.2047 13.2502	0 229.078 14.2786
0.111572 14.0715 13.159	0 179.018 14.4338
0.111816 13.6648 13.0688	0 270.7 14.4118
0.112061 13.8057 12.9797	0 175.081 14.1759
0.112305 12.2636 12.8932	0 149.562 13.7387
0.112549 12.3524 12.8124	0 148.655 13.1511
0.112793 14.8766 12.7416	0 241.112 12.4829
0.113037 10.9062 12.686	0 98.7207 11.8046
0.113281 12.108 12.6503	0 241.233 11.1764
0.113525 12.201 12.6381	0 163.159 10.6434
0.11377 10.7802 12.6508	0 107.056 10.2348
0.114014 12.0027 12.6874	0 139.262 9.96158
0.114258 11.7891 12.7445	0 202.107 9.81461
0.114502 13.7545 12.8168	0 130.351 9.76486
0.114746 13.7108 12.898	0 227.533 9.77015
0.11499 12.9532 12.9818	0 155.902 9.78901
0.115234 13.9861 13.0631	0 246.229 9.79774
0.115479 13.5705 13.1379	0 168.702 9.80369
0.115723 13.564 13.2039	0 138.606 9.84744
0.115967 13.3895 13.2604	0 152.329 9.9897
0.116211 12.47 13.3075	0 115.473 10.2851
0.116455 12.6285 13.346	0 152.503 10.752
0.116699 11.9985 13.377	0 106.564 11.3514
0.116943 15.379 13.4019	0 230.863 11.9894
0.117188 14.6808 13.4225	0 174.696 12.5443
0.117432 13.9912 13.4409	0 222.056 12.9106
0.117676 12.9824 13.4601	0 296.986 13.0396
0.11792 13.6992 13.4832	0 151.329 12.9569
0.118164 12.0645 13.5134	0 174.307 12.7495
0.118408 12.2066 13.5536	0 142.481 12.5302
0.118652 14.398 13.6055	0 213.497 12.3974
0.118896 13.6556 13.6694	0 125.089 12.4069
0.119141 12.5126 13.7441	0 157.369 12.5634
0.119385 15.1372 13.8267	0 254.453 12.8287
0.119629 13.6358 13.9131	0 140.909 13.1377
0.119873 14.5315 13.9982	0 207.759 13.4166
0.120117 11.7828 14.0771	0 154.665 13.5993
0.120361 15.2459 14.1458	0 224.665 13.6427
0.120605 14.5848 14.2018	0 189.787 13.5389
0.12085 16.6002 14.2452	0 234.56 13.3206
0.121094 15.1216 14.2784	0 212.505 13.0564
0.121338 14.0071 14.3066	0 200.599 12.8329
0.121582 13.5114 14.3363	0 219.277 12.7295
0.121826 15.4607 14.3744	0 199.102 12.7915
0.12207 13.6163 14.4271	0 168.563 13.0136
0.122314 10.5617 14.4981	0 127.869 13.3409
0.122559 14.1833 14.5882	0 174.797 13.6882
0.122803 13.7054 14.6949	0 173.338 13.9707
0.123047 15.5142 14.8134	0 226.291 14.1341
0.123291 17.4522 14.9374	0 229.274 14.1717
0.123535 15.3128 15.0608	0 219.234 14.122
0.123779 14.8592 15.179	0 195.118 14.0512
0.124023 16.4598 15.2898	0 285.526 14.0289
0.124268 15.9044 15.3941	0 187.108 14.1088
0.124512 14.938 15.4951	0 241.245 14.3188
0.124756 15.8053 15.5978	0 250.602 14.6611
0.125 13.5126 15.7078	0 172.701 15.1181
0.125244 16.3528 15.8301	0 282.646 15.6612
0.125488 15.8342 15.9678	0 337.374 16.2592
0.125732 15.704 16.122	0 222.143 16.8837
0.125977 15.6306 16.291	0 386.312 17.5092
0.126221 15.6171 16.4705	0 179.994 18.1081
0.126465 15.5934 16.6547	0 214.117 18.6437
0.126709 18.6058 16.8369	0 447.269 19.0695
0.126953 18.9789 17.0105	0 329.432 19.3372
0.127197 16.721 17.1704	0 332.852 19.414
0.127441 16.333 17.3135	0 234.124 19.3026
0.127686 18.381 17.4399	0 290.948 19.0526
0.12793 19.6838 17.5523	0 512.084 18.7595
0.128174 17.002 17.6567	0 248.613 18.5483
0.128418 19.1525 17.7606	0 463.15 18.5485
0.128662 17.1577 17.8727	0 396.407 18.8661
0.128906 14.5835 18.0009	0 189.535 19.5629
0.12915 18.3708 18.1513	0 275.888 20.647
0.129395 18.346 18.3272	0 352.739 22.0782
0.129639 16.8966 18.5284	0 345.108 23.7831
0.129883 19.0478 18.7508	0 425.686 25.6715
0.130127 16.9371 18.9872	0 278.785 27.6478
0.130371 22.3171 19.2282	0 493.82 29.6125
0.130615 18.2744 19.4632	0 348.282 31.4587
0.130859 19.3251 19.6815	0 310.755 33.0711
0.131104 21.8462 19.874	0 450.927 34.3355
0.131348 23.2321 20.0337	0 390.557 35.1596
0.131592 17.8758 20.1563	0 345.603 35.4993
0.131836 21.3017 20.2408	0 421.269 35.3801
0.13208 21.2471 20.2884	0 430.644 34.9014
0.132324 22.1747 20.303	0 489.299 34.2193
0.132568 17.6882 20.29	0 271.965 33.5116
0.132812 22.0976 20.2558	0 428.595 32.9348
0.133057 19.5465 20.2069	0 411.069 32.586
0.133301 20.6358 20.1495	0 347.301 32.484
0.133545 20.5165 20.0886	0 547.333 32.5742
0.133789 18.2411 20.0282	0 394.782 32.7546
0.134033 20.4597 19.9708	0 385.439 32.9114
0.134277 19.9998 19.9176	0 316.68 32.9505
0.134521 16.9367 19.8687	0 275.119 32.8158
0.134766 23.5639 19.8234	0 551.185 32.4938
0.13501 20.2914 19.7808	0 433.2 32.0103
0.135254 18.0241 19.7398	0 295.1 31.4239
0.135498 20.7428 19.6993	0 546.961 30.8158
0.135742 17.2384 19.6585	0 337.596 30.2692
0.135986 20.5634 19.6164	0 404.815 29.8399
0.13623 22.1406 19.5719	0 469.125 29.5255
0.136475 17.9108 19.5233	0 358.224 29.2509
0.136719 18.7039 19.4682	0 393.39 28.8867
0.136963 19.0446 19.4035	0 348.216 28.2955
0.137207 21.4378 19.3252	0 563.292 27.3896
0.137451 17.7284 19.2291	0 296.296 26.1698
0.137695 19.2263 19.1114	0 467.527 24.7274
0.137939 20.4179 18.9689	0 336.296 23.21
0.138184 18.9574 18.8002	0 291.739 21.7725
0.138428 20.9634 18.606	0 374.765 20.5343
0.138672 18.9187 18.389	0 347.334 19.5577
0.138916 18.8282 18.1543	0 348.952 18.8478
0.13916 15.6838 17.9083	0 230.512 18.3658
0.139404 16.5295 17.6585	0 274.859 18.049
0.139648 18.1058 17.4123	0 331.542 17.8311
0.139893 17.6561 17.176	0 373.062 17.6616
0.140137 17.3353 16.954	0 303.128 17.5175
0.140381 17.0318 16.7485	0 274.04 17.4025
0.140625 13.9598 16.5587	0 192.438 17.3337
0.140869 13.0563 16.3814	0 145.936 17.3202
0.141113 19.3061 16.2113	0 250.65 17.3454
0.141357 15.6431 16.0418	0 318.18 17.3619
0.141602 17.1232 15.8664	0 228.555 17.3014
0.141846 15.3472 15.6797	0 315.246 17.0961
0.14209 16.4954 15.4787	0 205.679 16.7015
0.142334 18.6548 15.2632	0 393.786 16.1119
0.142578 13.5972 15.036	0 159.388 15.3627
0.142822 13.7385 14.8026	0 177.696 14.5185
0.143066 13.9302 14.5702	0 253.498 13.653
0.143311 13.539 14.3467	0 227.661 12.8301
0.143555 15.7732 14.1392	0 274.182 12.0929
0.143799 13.1063 13.9534	0 202.764 11.4634
0.144043 12.3704 13.7923	0 123.563 10.9477
0.144287 12.0094 13.6559	0 114.551 10.5425
0.144531 13.0837 13.5418	0 110.905 10.2395
0.144775 13.4928 13.4449	0 179.851 10.0285
0.14502 14.9182 13.3584	0 320.179 9.89966
0.145264 12.5564 13.2751	0 175.537 9.84481
0.145508 13.9851 13.1881	0 189.157 9.85308
0.145752 11.7232 13.0916	0 127.517 9.90339
0.145996 15.5085 12.9822	0 216.796 9.95789
0.14624 12.888 12.8586	0 142.146 9.96314
0.146484 14.0323 12.722	0 246.443 9.86215
0.146729 12.0945 12.5759	0 137.627 9.61335
0.146973 11.2336 12.425	0 112.785 9.20766
0.147217 12.9771 12.2747	0 198.484 8.67539
0.147461 10.4722 12.1305	0 111.707 8.07985
0.147705 12.7303 11.997	0 143.007 7.50108
0.147949 11.9182 11.8772	0 110.145 7.01677
0.148193 11.2625 11.7727	0 87.0875 6.68684
0.148438 10.8267 11.6834	0 108.373 6.54472
0.148682 11.1872 11.6075	0 117.523 6.59496
0.148926 10.7181 11.5425	0 118.724 6.81573
0.14917 12.2862 11.4848	0 133.016 7.16446
0.149414 12.8608 11.431	0 183.316 7.58559
0.149658 10.964 11.3778	0 82.929 8.01904
0.149902 11.6864 11.3225	0 113.121 8.40724
0.150146 10.609 11.263	0 109.188 8.6999
0.150391 11.1699 11.198	0 115.601 8.85655
0.150635 10.3227 11.1269	0 122.292 8.84913
0.150879 12.2305 11.0498	0 158.691 8.66609
0.151123 11.2243 10.9671	0 114.228 8.31781
0.151367 11.7805 10.8798	0 128.101 7.8405
0.151611 10.9004 10.7891	0 164.219 7.2949
0.151855 9.50322 10.6961	0 78.218 6.75706
0.1521 9.85347 10.6017	0 83.4348 6.30229
0.152344 11.1661 10.5067	0 116.132 5.98685
0.152588 10.4651 10.4114	0 76.1169 5.83373
0.152832 10.2676 10.3159	0 102.859 5.82795
0.153076 9.65528 10.2204	0 91.1722 5.92332
0.15332 11.5772 10.1258	0 111.154 6.05794
0.153564 8.81236 10.0335	0 83.6094 6.17265
0.153809 10.8075 9.94602	0 96.3522 6.22637
0.154053 11.1482 9.86633	0 147.966 6.20418
0.154297 8.59043 9.79787	0 69.7579 6.11697
0.154541 8.79631 9.74374	0 105.034 5.99405
0.154785 9.01969 9.70603	0 87.0699 5.87151
0.155029 9.45763 9.68531	0 94.3599 5.78004
0.155273 8.44315 9.68036	0 68.2421 5.736
0.155518 9.24186 9.68825	0 86.1569 5.73869
0.155762 9.78455 9.70477	0 54.6912 5.77456
0.156006 12.0813 9.7252	0 138.676 5.82536
0.15625 8.89039 9.74502	0 64.9562 5.87577
0.156494 10.6747 9.76065	0 95.4707 5.91647
0.156738 9.12594 9.76991	0 96.6165 5.94231
0.156982 10.3747 9.77226	0 100.875 5.94843
0.157227 9.35426 9.7686	0 75.9973 5.92825
0.157471 10.6767 9.76102	0 118.88 5.87527
0.157715 8.82043 9.75224	0 59.3166 5.78762
0.157959 9.62991 9.74511	0 87.075 5.6727
0.158203 10.3076 9.74207	0 128.569 5.5491
0.158447 9.08639 9.74482	0 69.3427 5.44455
0.158691 9.76617 9.75402	0 133.092 5.3902
0.158936 9.68787 9.76936	0 93.3153 5.41284
0.15918 7.75414 9.78966	0 50.6872 5.5277
0.159424 10.5311 9.81329	0 118.374 5.73431
0.159668 11.6808 9.83851	0 131.101 6.01712
0.159912 9.24733 9.86395	0 74.5626 6.35031
0.160156 10.7869 9.88879	0 147.639 6.70474
0.1604 9.46852 9.91287	0 90.7231 7.05432
0.160645 9.99641 9.93651	0 86.6429 7.37987
0.160889 9.60851 9.96017	0 93.0935 7.67
0.161133 9.00227 9.98408	0 81.7628 7.91945
0.161377 10.3611 10.0079	0 106.463 8.12577
0.161621 10.2461 10.0305	0 90.6427 8.28571
0.161865 9.92269 10.0502	0 83.4319 8.39313
0.162109 9.53512 10.065	0 107.446 8.43948
0.162354 11.3839 10.0729	0 200.993 8.417
0.162598 10.767 10.0723	0 107.082 8.32305
0.162842 9.49993 10.0628	0 115.598 8.16331
0.163086 9.98739 10.0451	0 73.3392 7.95205
0.16333 10.3515 10.0209	0 86.4817 7.70975
0.163574 11.3547 9.99306	0 166.81 7.45918
0.163818 9.87853 9.96492	0 108.088 7.22142
0.164062 8.15553 9.93995	0 70.5242 7.01294
0.164307 8.81135 9.9213	0 74.2505 6.84407
0.164551 9.99607 9.91147	0 102.538 6.71921
0.164795 11.9697 9.91198	0 153.125 6.63859
0.165039 8.30648 9.9233	0 65.2231 6.60024
0.165283 10.7469 9.94482	0 120.612 6.60077
0.165527 9.13926 9.97495	0 106.972 6.63412
0.165771 9.18123 10.0113	0 80.5411 6.68985
0.166016 9.9386 10.0511	0 86.1686 6.75361
0.16626 10.0638 10.0913	0 86.0308 6.81181
0.166504 11.0503 10.1291	0 114.731 6.85879
0.166748 11.531 10.1624	0 123.654 6.90191
0.166992 9.34482 10.1897	0 71.4463 6.95947
0.167236 10.0798 10.2103	0 100.423 7.05003
0.16748 11.3439 10.2242	0 123.49 7.17753
0.167725 9.96657 10.2319	0 96.0096 7.32073
0.167969 9.5126 10.2341	0 81.9544 7.43452
0.168213 9.49292 10.2313	0 78.9545 7.46495
0.168457 9.9874 10.2244	0 116.188 7.37221
0.168701 11.0722 10.2144	0 167.025 7.15065
0.168945 11.4459 10.2028	0 145.138 6.83591
0.169189 9.81176 10.192	0 71.7464 6.49552
0.169434 11.6294 10.1851	0 91.8745 6.20754
0.169678 8.26062 10.1855	0 71.7314 6.037
0.169922 10.3698 10.1969	0 107.192 6.01935
0.170166 9.24576 10.2217	0 83.6714 6.15519
0.17041 10.6832 10.2613	0 105.628 6.41519
0.170654 8.43626 10.3144	0 101.448 6.75062
0.170898 9.68113 10.3778	0 125.12 7.10497
0.171143 11.7204 10.4463	0 116.147 7.42412
0.171387 10.2512 10.5133	0 93.4999 7.66419
0.171631 9.70063 10.5724	0 165.073 7.79729
0.171875 12.7682 10.6184	0 139.766 7.81569
0.172119 12.6367 10.6484	0 205.029 7.734
0.172363 9.39563 10.6623	0 81.7501 7.58863
0.172607 12.3136 10.6634	0 141.478 7.43299
0.172852 11.2786 10.6571	0 141.815 7.32757
0.173096 9.64714 10.6504	0 98.2162 7.32523
0.17334 9.55419 10.6502	0 70.5887 7.45477
0.173584 10.0761 10.6617	0 94.0756 7.70829
0.173828 9.09664 10.6876	0 72.5133 8.03798
0.174072 10.4135 10.7273	0 114.363 8.36616
0.174316 9.12682 10.7772	0 98.358 8.60672
0.174561 13.2131 10.831	0 178.793 8.69104
0.174805 10.9755 10.8816	0 205.128 8.58858
0.175049 11.9876 10.9218	0 101.689 8.31445
0.175293 11.3435 10.9461	0 155.685 7.92163
0.175537 11.8103 10.9514	0 168.079 7.48273
0.175781 11.0241 10.9374	0 87.0467 7.06959
0.176025 10.77 10.9065	0 108.148 6.73868
0.17627 11.7188 10.8633	0 124.667 6.52573
0.176514 10.7213 10.8134	0 107.838 6.44757
0.176758 10.4256 10.7626	0 136.449 6.50611
0.177002 10.2517 10.7161	0 72.3229 6.69025
0.177246 9.52569 10.6773	0 73.9585 6.97506
0.17749 10.0906 10.6482	0 123.343 7.32112
0.177734 9.91145 10.6293	0 73.8547 7.67828
0.177979 10.5776 10.6199	0 98.6725 7.99547
0.178223 12.6667 10.6194	0 119.495 8.23448
0.178467 10.4706 10.6269	0 96.1956 8.38192
0.178711 12.1379 10.6423	0 186.614 8.45335
0.178955 10.1842 10.6656	0 103.632 8.48666
0.179199 8.70131 10.6967	0 76.3893 8.52663
0.179443 9.53997 10.7348	0 74.9596 8.60726
0.179688 10.3267 10.778	0 107.495 8.73968
0.179932 10.1117 10.8231	0 113.407 8.91028
0.180176 13.2957 10.8656	0 187.588 9.08853
0.18042 10.6502 10.9009	0 123.991 9.23951
0.180664 11.5758 10.9241	0 118.549 9.33459
0.180908 12.3113 10.9314	0 165.692 9.35684
0.181152 10.4579 10.9205	0 73.7637 9.30125
0.181396 10.8779 10.8905	0 97.4646 9.17257
0.181641 11.0199 10.8421	0 101.278 8.98355
0.181885 10.8185 10.7775	0 122.915 8.75422
0.182129 11.6412 10.6996	0 167.921 8.51071
0.182373 9.19104 10.6118	0 79.002 8.28151
0.182617 12.3751 10.5178	0 169.337 8.09028
0.182861 9.24728 10.421	0 80.1898 7.94708
0.183105 10.5524 10.3246	0 105.335 7.84226
0.18335 10.3863 10.2311	0 159.766 7.74718
0.183594 9.91871 10.1427	0 80.8928 7.62346
0.183838 9.16157 10.0605	0 98.3609 7.43785
0.184082 9.85474 9.98522	0 98.4882 7.17646
0.184326 10.3755 9.91717	0 113.903 6.85157
0.18457 8.74951 9.85627	0 74.7923 6.49796
0.184814 10.8619 9.80248	0 93.4026 6.16034
0.185059 10.6229 9.75587	0 113.984 5.87803
0.185303 8.8709 9.7167	0 63.1384 5.67313
0.185547 9.27964 9.68533	0 95.241 5.54662
0.185791 9.79906 9.66197	0 99.1013 5.48241
0.186035 9.19926 9.64646	0 89.5296 5.45632
0.186279 8.43858 9.63792	0 89.1002 5.44554
0.186523 10.608 9.63469	0 96.1844 5.43508
0.186768 9.41581 9.63427	0 77.7001 5.41932
0.187012 9.89414 9.63355	0 80.8899 5.39944
0.187256 9.31728 9.62907	0 98.964 5.37851
0.1875 9.44702 9.61747	0 70.1307 5.35716
0.187744 10.9268 9.59588	0 116.333 5.33209
0.187988 9.69581 9.56221	0 88.4654 5.29787
0.188232 9.90539 9.51537	0 105.29 5.25049
0.188477 9.27643 9.45538	0 79.3852 5.18994
0.188721 9.50021 9.38324	0 115.344 5.11984
0.188965 9.70881 9.3008	0 90.6414 5.04493
0.189209 8.6867 9.21055	0 61.3295 4.96844
0.189453 10.0351 9.1154	0 99.393 4.8921
0.189697 8.2042 9.01849	0 63.3209 4.81868
0.189941 9.19155 8.923	0 63.6248 4.75485
0.190186 9.17552 8.83211	0 66.5997 4.71161
0.19043 7.51783 8.74884	0 49.9728 4.70087
0.190674 8.75421 8.67603	0 98.9714 4.72981
0.190918 8.9369 8.61622	0 61.6408 4.79646
0.191162 8.31372 8.57148	0 67.6099 4.88941
0.191406 8.32477 8.54324	0 81.3399 4.9924
0.19165 8.75188 8.53211	0 99.6167 5.09123
0.191895 7.41596 8.53768	0 73.0487 5.17913
0.192139 6.99883 8.55848	0 39.7561 5.25751
0.192383 8.38347 8.592	0 51.906 5.33184
0.192627 10.4706 8.63484	0 99.844 5.40515
0.192871 8.11203 8.68299	0 71.2343 5.47319
0.193115 9.83273 8.73217	0 99.6231 5.52415
0.193359 8.36708 8.77816	0 79.99 5.54351
0.193604 7.29791 8.81716	0 49.5633 5.52206
0.193848 9.21839 8.846	0 147.975 5.46315
0.194092 10.0022 8.86239	0 82.9649 5.38498
0.194336 10.5 8.86499	0 114.158 5.31522
0.19458 9.12678 8.85342	0 75.8657 5.27887
0.194824 7.43242 8.8282	0 46.016 5.28473
0.195068 9.02887 8.79061	0 103.999 5.31817
0.195312 8.1806 8.74246	0 70.7903 5.34547
0.195557 10.1776 8.68595	0 100.41 5.32859
0.195801 8.59385 8.62338	0 86.6549 5.24301
0.196045 8.77127 8.55706	0 72.5318 5.08878
0.196289 7.72786 8.48914	0 65.6686 4.88945
0.196533 7.81985 8.4215	0 71.1679 4.68018
0.196777 8.91261 8.35578	0 68.6413 4.49248
0.197021 7.83522 8.29332	0 63.5561 4.34322
0.197266 9.4398 8.23519	0 109.396 4.23211
0.19751 7.61752 8.18222	0 41.6368 4.14658
0.197754 7.69448 8.135	0 39.5025 4.07005
0.197998 7.13987 8.09394	0 46.7521 3.98926
0.198242 8.12242 8.05922	0 61.1111 3.89836
0.198486 9.49373 8.03083	0 107.655 3.79916
0.19873 7.95864 8.00852	0 73.4388 3.6986
0.198975 6.96993 7.99183	0 45.6134 3.60444
0.199219 7.01263 7.98015	0 41.4333 3.52113
0.199463 8.59219 7.9727	0 70.0254 3.44762
0.199707 8.02059 7.9687	0 61.6547 3.3783
0.199951 8.30594 7.96748	0 55.062 3.307
0.200195 8.45429 7.96857	0 94.8818 3.23173
0.200439 7.71482 7.97179	0 57.9445 3.15741
0.200684 7.41304 7.97731	0 42.5138 3.09475
0.200928 7.83109 7.98561	0 49.6823 3.05589
0.201172 7.89679 7.99736	0 57.2032 3.04955
0.201416 8.84071 8.01331	0 84.5655 3.07824
0.20166 7.6164 8.03403	0 51.6404 3.13842
0.201904 8.26316 8.05982	0 52.1539 3.22236
0.202148 7.16223 8.09046	0 37.9774 3.32003
0.202393 8.22424 8.12513	0 73.7146 3.42026
0.202637 7.46436 8.16239	0 64.7487 3.51161
0.202881 8.64898 8.20024	0 69.3106 3.58379
0.203125 8.59477 8.23622	0 66.3405 3.62987
0.203369 8.9898 8.26767	0 81.7061 3.64819
0.203613 8.08926 8.29193	0 74.2062 3.64293
0.203857 8.32609 8.30661	0 74.6827 3.62272
0.204102 7.20861 8.30992	0 56.1714 3.59796
0.204346 9.9817 8.30089	0 83.7936 3.57803
0.20459 8.14007 8.27958	0 50.9226 3.56947
0.204834 9.09705 8.24728	0 59.8406 3.57528
0.205078 8.06463 8.20649	0 70.1445 3.59491
0.205322 8.77952 8.16074	0 92.1287 3.62419
0.205566 7.42699 8.11432	0 53.7745 3.65487
0.205811 8.53716 8.07169	0 67.4696 3.67471
0.206055 6.48504 8.03698	0 46.4676 3.66915
0.206299 8.44041 8.01337	0 58.6268 3.62548
0.206543 7.86678 8.00266	0 46.3704 3.53882
0.206787 7.21276 8.00506	0 50.5061 3.41766
0.207031 6.70225 8.01923	0 35.1795 3.28549
0.207275 8.82173 8.04268	0 65.2231 3.17698
0.20752 8.07518 8.0723	0 52.5247 3.12905
0.207764 8.76514 8.10498	0 70.8512 3.1704
0.208008 8.84052 8.1382	0 56.6487 3.31327
0.208252 7.32505 8.1704	0 44.2278 3.55016
0.208496 9.64889 8.20104	0 105.354 3.85584
0.20874 7.59081 8.23045	0 53.1731 4.19305
0.208984 7.96609 8.25937	0 69.6564 4.52023
0.209229 7.62042 8.28853	0 45.6847 4.79946
0.209473 8.45259 8.31816	0 65.577 5.00366
0.209717 8.15949 8.34779	0 86.1549 5.12129
0.209961 7.71269 8.37623	0 62.5168 5.15723
0.210205 8.8892 8.40184	0 73.7849 5.12934
0.210449 9.28091 8.42287	0 66.9417 5.06182
0.210693 9.25872 8.43791	0 109.933 4.97821
0.210938 8.33189 8.44621	0 49.6537 4.89653
0.211182 7.85405 8.44781	0 58.4887 4.82761
0.211426 9.0868 8.44357	0 101.309 4.77545
0.21167 7.75933 8.43493	0 57.4595 4.73831
0.211914 9.12153 8.42361	0 75.422 4.70961
0.212158 7.88602 8.41138	0 73.9164 4.67946
0.212402 8.32718 8.39973	0 67.9746 4.63734
0.212646 8.26218 8.38975	0 60.204 4.57603
0.212891 8.17678 8.38209	0 55.7254 4.49488
0.213135 8.68945 8.37696	0 69.6185 4.40072
0.213379 9.04117 8.37421	0 59.9878 4.30575
0.213623 7.75849 8.37342	0 66.6353 4.22358
0.213867 7.13299 8.37408	0 60.8773 4.16559
0.214111 9.57794 8.3756	0 89.2342 4.13917
0.214355 8.29084 8.37752	0 58.3919 4.1478
0.2146 9.17578 8.37953	0 83.1456 4.19177
0.214844 7.37274 8.3816	0 38.8164 4.26829
0.215088 7.82865 8.38395	0 38.8004 4.37077
0.215332 9.44888 8.38707	0 58.2189 4.48818
0.215576 8.81867 8.39157	0 97.7823 4.60565
0.21582 7.8385 8.398	0 46.1431 4.70689
0.216064 8.5996 8.40669	0 66.7302 4.77742
0.216309 7.4491 8.41756	0 48.4907 4.80767
0.216553 8.21552 8.43005	0 90.6767 4.79444
0.216797 8.60633 8.44315	0 62.4511 4.7408
0.217041 8.51579 8.45561	0 67.6547 4.65443
0.217285 9.60352 8.46624	0 102.108 4.54556
0.217529 7.77919 8.47421	0 99.4696 4.42517
0.217773 8.26393 8.47938	0 55.1939 4.30401
0.218018 9.02287 8.48235	0 77.7857 4.19269
0.218262 9.37064 8.48437	0 82.391 4.1023
0.218506 8.83605 8.48705	0 65.0635 4.04469
0.21875 7.95551 8.49191	0 53.447 4.03132
0.218994 6.15869 8.49992	0 40.0095 4.07031
0.219238 8.71299 8.51116	0 53.7048 4.16221
0.219482 9.62965 8.52479	0 123.607 4.29633
0.219727 7.47989 8.53917	0 59.3903 4.4497
0.219971 8.91513 8.5523	0 73.7327 4.59062
0.220215 9.57439 8.56233	0 85.4618 4.6865
0.220459 8.94423 8.56805	0 70.0672 4.71384
0.220703 9.57256 8.56915	0 105.715 4.66651
0.220947 7.9888 8.56632	0 62.5154 4.55874
0.221191 6.9621 8.56093	0 41.298 4.42128
0.221436 9.7339 8.55476	0 62.0139 4.29238
0.22168 8.60246 8.5495	0 57.7061 4.20667
0.221924 7.39906 8.5464	0 60.3855 4.18601
0.222168 8.65276 8.54607	0 67.9823 4.23462
0.222412 7.95016 8.54847	0 59.911 4.33969
0.222656 9.98846 8.55297	0 141.273 4.47655
0.2229 8.3672 8.55859	0 67.6273 4.61659
0.223145 8.62095 8.56413	0 63.2276 4.73499
0.223389 9.42462 8.56834	0 142.501 4.81577
0.223633 6.65716 8.57003	0 53.5544 4.8528
0.223877 8.03885 8.56808	0 57.0424 4.84753
0.224121 10.2435 8.56159	0 100.172 4.80575
0.224365 8.62602 8.54992	0 64.2213 4.73529
0.224609 8.70334 8.53281	0 73.2303 4.6457
0.224854 8.35293 8.51051	0 53.6291 4.54862
0.225098 9.60658 8.48381	0 74.9916 4.45724
0.225342 7.4207 8.45405	0 51.6731 4.38386
0.225586 7.93223 8.42301	0 63.9544 4.33647
0.22583 8.28366 8.39276	0 107.531 4.31621
0.226074 9.42117 8.36538	0 72.7981 4.31771
0.226318 8.29053 8.34273	0 67.2236 4.33215
0.226562 8.12338 8.32616	0 54.455 4.35118
0.226807 7.74372 8.31628	0 82.8209 4.36928
0.227051 7.65704 8.3129	0 61.1479 4.38323
0.227295 7.50497 8.31499	0 43.4336 4.38998
0.227539 8.65424 8.32089	0 85.5414 4.38544
0.227783 9.09664 8.32851	0 99.4637 4.36585
0.228027 8.96407 8.33564	0 73.4158 4.3311
0.228271 8.78938 8.34031	0 58.2401 4.2873
0.228516 7.4577 8.34094	0 44.1621 4.2462
0.22876 8.39229 8.33648	0 61.2888 4.22122
0.229004 8.14792 8.32645	0 55.204 4.22225
0.229248 8.95995 8.31085	0 66.5412 4.25211
0.229492 7.99873 8.29004	0 70.0083 4.30633
0.229736 8.394 8.26459	0 57.418 4.37589
0.22998 8.64154 8.23517	0 86.075 4.45086
0.230225 9.06584 8.20238	0 49.6864 4.52313
0.230469 6.995 8.16676	0 61.7767 4.58747
0.230713 7.94019 8.12873	0 62.4781 4.64091
0.230957 7.1959 8.08872	0 49.0212 4.68143
0.231201 8.88664 8.04727	0 73.0992 4.70653
0.231445 8.70118 8.00525	0 70.3285 4.71232
0.231689 8.34541 7.96393	0 104.792 4.6935
0.231934 8.26959 7.92502	0 51.1233 4.64448
0.232178 7.16417 7.89053	0 55.5243 4.56162
0.232422 7.3411 7.86257	0 63.063 4.44603
0.232666 7.86625 7.843	0 64.3164 4.30547
0.23291 6.84583 7.83317	0 65.2702 4.15441
0.233154 7.57349 7.83368	0 82.0448 4.01135
0.233398 8.55211 7.84439	0 78.8617 3.89459
0.233643 7.21627 7.86452	0 50.1174 3.81808
0.233887 7.85604 7.89278	0 45.0516 3.78946
0.234131 9.29752 7.92768	0 112.563 3.81055
0.234375 6.57408 7.96765	0 36.8624 3.879
0.234619 8.43541 8.01119	0 73.1867 3.98937
0.234863 8.19415 8.05689	0 53.2119 4.13292
0.235107 7.46338 8.10344	0 70.9241 4.29677
0.235352 7.62405 8.14959	0 59.6211 4.46438
0.235596 8.72386 8.19414	0 82.1869 4.61813
0.23584 9.00193 8.23594	0 127.344 4.74361
0.236084 8.30925 8.27389	0 76.6989 4.83355
0.236328 9.1403 8.30692	0 65.0138 4.88922
0.236572 7.69445 8.33401	0 56.1816 4.91833
0.236816 7.48739 8.35422	0 51.7114 4.92988
0.237061 7.97566 8.36681	0 60.2002 4.92842
0.237305 8.70637 8.37139	0 67.6424 4.91078
0.237549 9.43092 8.36806	0 69.0826 4.86716
0.237793 9.15226 8.35756	0 113.522 4.78654
0.238037 9.27484 8.34123	0 99.5015 4.66362
0.238281 8.43395 8.32084	0 48.5381 4.50349
0.238525 6.85196 8.29831	0 39.4617 4.32163
0.23877 6.75331 8.27531	0 37.322 4.13965
0.239014 7.70478 8.25297	0 64.3649 3.97959
0.239258 9.60841 8.23166	0 72.5699 3.8595
0.239502 9.0831 8.21105	0 75.5736 3.79149
0.239746 8.36454 8.19021	0 70 3.78097
0.23999 7.62836 8.16799	0 52.8033 3.82566
0.240234 8.32259 8.14326	0 73.1629 3.91414
0.240479 7.42651 8.11532	0 47.4683 4.02564
0.240723 7.82345 8.08403	0 54.8191 4.13309
0.240967 8.49866 8.04997	0 57.3274 4.20957
0.241211 9.98641 8.01439	0 88.4834 4.23603
0.241455 7.35309 7.97906	0 37.2964 4.20675
0.241699 7.61978 7.94595	0 43.7634 4.12999
0.241943 6.62083 7.91693	0 54.2126 4.02394
0.242188 7.978 7.89335	0 84.325 3.91047
0.242432 7.91524 7.87575	0 42.5613 3.80937
0.242676 8.21158 7.86372	0 47.6023 3.7343
0.24292 6.87421 7.85585	0 52.8817 3.69015
0.243164 8.05045 7.85004	0 57.0764 3.67133
0.243408 8.1883 7.84383	0 76.6268 3.66195
0.243652 7.90054 7.83495	0 92.0529 3.63947
0.243896 8.19077 7.82174	0 56.661 3.58199
0.244141 8.12626 7.80356	0 78.9323 3.47726
0.244385 7.74602 7.78089	0 54.1584 3.32931
0.244629 8.19411 7.75522	0 59.7177 3.15933
0.244873 8.20154 7.72864	0 55.0681 3.0002
0.245117 7.86001 7.70333	0 55.104 2.88667
0.245361 6.33014 7.681	0 42.62 2.84485
0.245605 5.86328 7.66236	0 30.9495 2.88441
0.24585 8.06315 7.64697	0 66.7942 2.99548
0.246094 8.75564 7.63328	0 51.6648 3.1509
0.246338 7.06988 7.61901	0 55.0687 3.31327
0.246582 8.29229 7.60164	0 56.5644 3.44472
0.246826 8.24101 7.57902	0 86.9794 3.51674
0.24707 8.29895 7.54986	0 91.7026 3.51681
0.247314 6.79749 7.51406	0 58.1372 3.44994
0.247559 7.05045 7.4728	0 37.6763 3.33494
0.247803 7.69414 7.42847	0 53.6905 3.19747
0.248047 7.23741 7.38438	0 53.6641 3.06288
0.248291 8.1958 7.3444	0 67.0735 2.95132
0.248535 6.84624 7.31254	0 47.3544 2.87626
0.248779 6.75969 7.29249	0 43.654 2.84565
0.249023 7.21969 7.28717	0 52.4109 2.86429
0.249268 6.57598 7.29832	0 60.0682 2.93561
0.249512 6.81931 7.32625	0 55.2069 3.06182
0.249756 7.01879 7.36978	0 43.6907 3.24213
0.25 6.6315 7.42628	0 39.6106 3.47011
0.250244 7.56924 7.49203	0 52.7666 3.73177
0.250488 7.87723 7.56265	0 60.6102 4.00617
0.250732 8.87991 7.6336	0 85.3829 4.26899
0.250977 8.13627 7.70066	0 63.7738 4.49761
0.251221 7.04193 7.76026	0 56.4336 4.6755
0.251465 7.63662 7.80974	0 70.2791 4.7941
0.251709 8.20932 7.84743	0 96.435 4.85217
0.251953 7.62778 7.87268	0 57.8156 4.85402
0.252197 9.50764 7.88578	0 97.8056 4.80809
0.252441 7.63428 7.8879	0 65.1068 4.72627
0.252686 7.16501 7.88095	0 53.1634 4.6232
0.25293 8.84754 7.86749	0 86.6061 4.515
0.253174 7.7747 7.8505	0 62.9868 4.41691
0.253418 7.65694 7.83316	0 45.2211 4.34073
0.253662 7.78602 7.81854	0 66.7003 4.29258
0.253906 6.83764 7.80933	0 46.826 4.27208
0.25415 8.50607 7.80755	0 74.992 4.27348
0.254395 6.54411 7.81438	0 38.0615 4.2884
0.254639 8.52751 7.82997	0 69.8137 4.30906
0.254883 7.84593 7.85345	0 58.3505 4.33039
0.255127 8.04929 7.88307	0 37.5 4.34984
0.255371 6.41191 7.91632	0 31.7984 4.36506
0.255615 8.32996 7.95033	0 76.2553 4.37121
0.255859 8.75959 7.98218	0 69.6979 4.35992
0.256104 7.48265 8.00932	0 50.4719 4.32095
0.256348 9.02624 8.02987	0 60.3228 4.24615
0.256592 8.91425 8.04285	0 120.948 4.13355
0.256836 7.94959 8.04823	0 44.1943 3.98969
0.25708 7.707 8.04688	0 41.7464 3.82898
0.257324 7.98551 8.04039	0 66.2114 3.67058
0.257568 7.16216 8.03078	0 44.3944 3.53453
0.257812 7.91746 8.02023	0 44.8961 3.43847
0.258057 8.94648 8.01081	0 87.0773 3.39569
0.258301 8.54315 8.00416	0 50.2737 3.41391
0.258545 8.07709 8.00131	0 53.0661 3.49392
0.258789 7.32245 8.00244	0 34.6351 3.62856
0.259033 6.99816 8.0068	0 40.4711 3.8029
0.259277 7.29829 8.01274	0 51.311 3.99654
0.259521 7.64551 8.01786	0 68.2302 4.18801
0.259766 9.47688 8.01942	0 76.5042 4.35907
0.26001 8.98033 8.01471	0 80.4885 4.49701
0.260254 8.47045 8.00151	0 89.0549 4.59379
0.260498 8.0466 7.97852	0 59.639 4.64323
0.260742 7.32469 7.94552	0 59.4911 4.63895
0.260986 8.06173 7.90354	0 75.4983 4.5752
0.26123 7.81098 7.85474	0 57.5489 4.45084
0.261475 7.70956 7.80223	0 74.4501 4.27435
0.261719 7.97161 7.74981	0 41.5442 4.06687
0.261963 8.40355 7.70152	0 67.3118 3.86107
0.262207 8.03519 7.66128	0 57.1716 3.6955
0.262451 6.55009 7.6323	0 40.9222 3.606
0.262695 6.7777 7.61667	0 32.9064 3.61675
0.262939 6.77741 7.61501	0 56.3918 3.73368
0.263184 7.21095 7.62632	0 66.5384 3.9421
0.263428 7.13677 7.64817	0 58.094 4.20933
0.263672 8.05086 7.67711	0 54.9116 4.49146
0.263916 8.50684 7.70936	0 66.8857 4.74238
0.26416 8.53473 7.74147	0 86.6352 4.92302
0.264404 8.10563 7.77096	0 70.7224 5.00881
0.264648 7.09261 7.79668	0 47.7622 4.99385
0.264893 8.55089 7.81886	0 74.1266 4.8908
0.265137 7.16134 7.83887	0 46.263 4.7263
0.265381 8.52059 7.85877	0 71.8628 4.5332
0.265625 7.15411 7.88068	0 44.8831 4.34191
0.265869 7.68499 7.9063	0 44.9612 4.17419
0.266113 7.88276 7.93644	0 65.107 4.04151
0.266357 7.27357 7.97083	0 44.5546 3.94805
0.266602 7.74086 8.0081	0 73.1004 3.89578
0.266846 9.11696 8.04594	0 79.8665 3.88813
0.26709 8.09872 8.08137	0 60.4691 3.92986
0.267334 7.83367 8.11114	0 38.5628 4.023
0.267578 8.70158 8.13204	0 57.1047 4.16169
0.267822 8.29888 8.14135	0 115.894 4.32922
0.268066 8.08312 8.13713	0 57.6231 4.49942
0.268311 7.73217 8.11855	0 73.4991 4.64241
0.268555 9.15692 8.08607	0 100.498 4.73238
0.268799 8.573 8.04156	0 65.2116 4.75471
0.269043 9.07954 7.98814	0 85.6657 4.71015
0.269287 7.31931 7.9299	0 48.6657 4.61502
0.269531 7.78908 7.87142	0 71.0387 4.49728
0.269775 7.17251 7.81714	0 48.3255 4.38948
0.27002 7.04075 7.77083	0 64.2384 4.32
0.270264 6.9867 7.73516	0 53.6613 4.30534
0.270508 8.04941 7.71152	0 61.4198 4.34569
0.270752 7.09625 7.70007	0 62.4935 4.42594
0.270996 7.51377 7.7001	0 61.6911 4.52174
0.27124 8.93446 7.71032	0 97.5311 4.6085
0.271484 7.49009 7.72932	0 64.2336 4.66945
0.271729 7.87412 7.75572	0 62.949 4.69949
0.271973 7.52058 7.7882	0 63.1732 4.70382
0.272217 7.32463 7.82545	0 36.9918 4.69292
0.272461 7.99947 7.8659	0 82.35 4.67708
0.272705 6.33822 7.90765	0 42.1556 4.66336
0.272949 8.83836 7.94835	0 74.2031 4.65569
0.273193 8.04103 7.98545	0 85.2068 4.65637
0.273438 9.36423 8.01632	0 89.6288 4.66672
0.273682 8.12706 8.03862	0 54.8135 4.68526
0.273926 7.48669 8.05056	0 50.8635 4.7045
0.27417 8.93248 8.05106	0 103.108 4.70902
0.274414 7.7004 8.0398	0 55.5671 4.67746
0.274658 8.10953 8.0172	0 50.2477 4.58896
0.274902 7.85159 7.98431	0 60.244 4.43198
0.275146 8.93719 7.94274	0 63.2064 4.21132
0.275391 7.15637 7.89449	0 49.6304 3.95005
0.275635 8.06728 7.84198	0 48.9856 3.68465
0.275879 8.54985 7.78787	0 76.5984 3.45491
0.276123 7.40468 7.73501	0 39.2165 3.29242
0.276367 7.2467 7.68634	0 42.1336 3.21181
0.276611 6.9647 7.64463	0 60.7139 3.20831
0.276855 8.41686 7.61237	0 126.393 3.26177
0.2771 7.02674 7.59156	0 43.6777 3.34535
0.277344 6.90645 7.58349	0 50.461 3.43491
0.277588 7.31459 7.58865	0 37.493 3.516
0.277832 7.79942 7.6066	0 79.3581 3.58665
0.278076 7.90026 7.63595	0 64.2707 3.65585
0.27832 7.30079 7.6744	0 56.025 3.73885
0.278564 7.02447 7.71886	0 30.3751 3.85076
0.278809 7.76837 7.76567	0 50.6213 3.99995
0.279053 6.77592 7.81095	0 37.2979 4.18345
0.279297 10.2611 7.85094	0 127.437 4.38585
0.279541 7.08881 7.88241	0 37.1551 4.58254
0.279785 9.0348 7.90297	0 62.9468 4.7463
0.280029 8.28962 7.91126	0 94.3753 4.85471
0.280273 7.74979 7.90707	0 48.606 4.8953
0.280518 7.64315 7.89128	0 62.3473 4.86606
0.280762 7.42438 7.8657	0 39.1829 4.77184
0.281006 8.19146 7.83289	0 62.585 4.61907
0.28125 8.15345 7.79594	0 79.7001 4.41278
0.281494 8.65709 7.75812	0 58.8108 4.15787
0.281738 7.20192 7.72266	0 66.0876 3.86358
0.281982 7.46182 7.69245	0 58.0939 3.54747
0.282227 6.94779 7.66971	0 40.9919 3.2349
0.282471 7.50445 7.65588	0 45.1302 2.95343
0.282715 6.93616 7.6515	0 36.9338 2.72505
0.282959 6.49285 7.65625	0 41.086 2.56103
0.283203 9.08156 7.66914	0 75.3158 2.463
0.283447 8.55208 7.6887	0 57.7871 2.42931
0.283691 8.06037 7.71318	0 69.5366 2.4625
0.283936 7.38411 7.7407	0 54.5998 2.57209
0.28418 6.3375 7.76932	0 34.0877 2.7699
0.284424 7.36422 7.79707	0 43.1133 3.05969
0.284668 8.20217 7.82206	0 45.0329 3.42681
0.284912 8.60827 7.84251	0 77.0582 3.83445
0.285156 8.21874 7.85694	0 64.7183 4.22986
0.2854 8.3896 7.86428	0 58.7938 4.55928
0.285645 7.66303 7.86401	0 71.0843 4.78543
0.285889 8.48757 7.85609	0 127.456 4.89982
0.286133 7.59895 7.84095	0 67.4892 4.92421
0.286377 7.31913 7.81929	0 39.0589 4.90037
0.286621 7.1983 7.79195	0 46.6035 4.87257
0.286865 7.7724 7.75979	0 45.2935 4.87056
0.287109 9.00487 7.72369	0 87.4666 4.89994
0.287354 7.64608 7.68456	0 48.2096 4.94286
0.287598 7.95903 7.64342	0 90.0133 4.96708
0.287842 7.45289 7.60139	0 47.9832 4.93851
0.288086 7.43381 7.55974	0 49.2192 4.83216
0.28833 5.93941 7.5198	0 28.8445 4.63877
0.288574 9.04592 7.48287	0 73.6302 4.36645
0.288818 6.71406 7.45016	0 39.9705 4.03864
0.289062 7.85422 7.4227	0 69.746 3.68936
0.289307 6.53787 7.40133	0 34.5925 3.35712
0.289551 8.35168 7.38664	0 70.4169 3.07822
0.289795 6.78558 7.37888	0 46.0361 2.88047
0.290039 7.19695 7.3779	0 42.5813 2.77849
0.290283 7.31331 7.38304	0 50.3979 2.77147
0.290527 7.39223 7.39306	0 47.4203 2.8439
0.290771 6.70804 7.40619	0 34.083 2.96893
0.291016 7.19366 7.42029	0 51.6974 3.11372
0.29126 7.60416 7.43302	0 63.6991 3.24556
0.291504 8.48331 7.44225	0 55.093 3.3376
0.291748 7.80707 7.44639	0 82.9876 3.3731
0.291992 7.33737 7.44461	0 53.7218 3.34768
0.292236 7.42117 7.43702	0 53.7613 3.26916
0.29248 7.65093 7.42462	0 35.7682 3.15512
0.292725 7.59838 7.40914	0 50.8287 3.02852
0.292969 6.39607 7.39271	0 30.3059 2.91222
0.293213 8.36725 7.37755	0 52.3061 2.82387
0.293457 7.02735 7.36564	0 72.4535 2.77295
0.293701 6.66005 7.35849	0 36.1115 2.76119
0.293945 7.03923 7.35699	0 63.3733 2.78579
0.294189 7.46633 7.3614	0 62.5471 2.84352
0.294434 7.41424 7.37137	0 43.721 2.93288
0.294678 8.29033 7.38606	0 67.4924 3.05293
0.294922 6.91036 7.40423	0 45.2788 3.1999
0.295166 5.96899 7.42436	0 36.2226 3.3641
0.29541 9.19927 7.44481	0 113.677 3.5296
0.295654 6.69923 7.4639	0 41.1958 3.67688
0.295898 6.81929 7.48012	0 40.7267 3.78685
0.296143 8.42038 7.49227	0 59.5438 3.84418
0.296387 8.64327 7.49964	0 59.8503 3.83963
0.296631 6.69414 7.50211	0 54.8909 3.77229
0.296875 7.00279 7.50021	0 49.006 3.65237
0.297119 8.74164 7.49508	0 70.8215 3.50321
0.297363 7.11355 7.48834	0 45.2953 3.35958
0.297607 7.33738 7.48185	0 46.8228 3.26033
0.297852 7.21982 7.47745	0 40.4537 3.23644
0.298096 6.96828 7.47677	0 53.6771 3.29954
0.29834 7.55279 7.48092	0 83.0272 3.4367
0.298584 7.99581 7.49041	0 85.2828 3.6147
0.298828 7.1577 7.50499	0 60.7947 3.79228
0.299072 6.99837 7.52368	0 47.7496 3.93476
0.299316 7.83777 7.54484	0 56.7107 4.02463
0.299561 7.25483 7.5663	0 54.2077 4.06425
0.299805 7.93625 7.58567	0 53.8249 4.07068
0.300049 6.99554 7.60056	0 46.7575 4.06592
0.300293 8.3782 7.60903	0 71.7778 4.06727
0.300537 8.43619 7.60982	0 61.3857 4.08134
0.300781 7.40232 7.60261	0 49.264 4.10305
0.301025 7.40836 7.58812	0 41.8063 4.11862
0.30127 8.87942 7.56801	0 81.7705 4.11043
0.301514 6.72131 7.54462	0 34.7402 4.0618
0.301758 7.33501 7.5206	0 55.5969 3.96103
0.302002 7.19194 7.49845	0 71.0882 3.80465
0.302246 7.35041 7.4801	0 45.918 3.59986
0.30249 7.24785 7.46655	0 77.8614 3.36529
0.302734 6.90164 7.45777	0 53.35 3.12879
0.302979 8.68561 7.45266	0 54.6323 2.92166
0.303223 6.30143 7.44929	0 44.6503 2.77049
0.303467 7.48715 7.44533	0 47.8479 2.68942
0.303711 7.30311 7.43845	0 55.9967 2.67574
0.303955 8.35292 7.42693	0 78.2068 2.71057
0.304199 7.71211 7.40998	0 46.3726 2.76413
0.304443 8.16474 7.3881	0 70.0382 2.80393
0.304688 6.91995 7.36302	0 40.8302 2.80361
0.304932 6.79505 7.33752	0 36.3466 2.75063
0.305176 8.50745 7.31489	0 86.2224 2.65077
0.30542 6.28938 7.29831	0 38.0057 2.52769
0.305664 7.00368 7.29015	0 38.1211 2.41663
0.305908 6.32066 7.2914	0 32.2968 2.35326
0.306152 7.08355 7.30135	0 33.6267 2.36113
0.306396 7.13947 7.31761	0 40.0251 2.44282
0.306641 6.7533 7.3365	0 48.0453 2.57875
0.306885 7.61507 7.35369	0 40.6147 2.73446
0.307129 9.32936 7.36502	0 128.566 2.87323
0.307373 7.17927 7.36733	0 62.2024 2.96829
0.307617 8.00776 7.35906	0 73.4394 3.00969
0.307861 7.51207 7.34057	0 52.8621 3.00369
0.308105 7.25899 7.31409	0 60.3386 2.96659
0.30835 6.87525 7.28334	0 54.8007 2.91702
0.308594 7.79615 7.25283	0 44.9517 2.87073
0.308838 6.36204 7.22708	0 43.3052 2.83918
0.309082 7.49426 7.20985	0 47.2895 2.83096
0.309326 6.77788 7.20339	0 37.3307 2.85337
0.30957 6.29837 7.20817	0 34.5959 2.91231
0.309814 6.07059 7.22274	0 47.3522 3.01035
0.310059 8.1136 7.24411	0 71.6584 3.14427
0.310303 6.17935 7.26835	0 37.216 3.30373
0.310547 9.01378 7.29143	0 81.432 3.47197
0.310791 7.5656 7.31001	0 55.1806 3.62855
0.311035 8.1677 7.32212	0 75.0659 3.75328
0.311279 7.62002 7.32747	0 53.1054 3.83072
0.311523 6.91871 7.32735	0 57.9033 3.85381
0.311768 7.6159 7.32423	0 51.5599 3.82598
0.312012 6.92466 7.32102	0 65.113 3.76066
0.312256 6.95157 7.32029	0 39.608 3.67809
0.3125 7.13604 7.32372	0 41.69 3.60025
0.312744 5.28003 7.33167	0 42.4674 3.54519
0.312988 7.96075 7.34335	0 70.9765 3.52271
0.313232 8.02748 7.35706	0 45.8504 3.53253
0.313477 8.07675 7.37088	0 57.9855 3.56569
0.313721 8.39657 7.3832	0 48.9222 3.60842
0.313965 7.16883 7.39321	0 58.49 3.64713
0.314209 7.06124 7.40106	0 47.6914 3.67254
0.314453 7.28142 7.40774	0 59.0614 3.68167
0.314697 6.20842 7.4148	0 54.6238 3.67754
0.314941 8.95211 7.42375	0 73.6184 3.66746
0.315186 6.96709 7.43571	0 64.9413 3.66083
0.31543 7.09554 7.45096	0 33.4614 3.66688
0.315674 6.67148 7.4689	0 40.116 3.69213
0.315918 7.6646 7.48811	0 55.4229 3.73747
0.316162 7.00065 7.5067	0 43.7508 3.79608
0.316406 8.73913 7.52273	0 67.2258 3.85392
0.31665 8.13147 7.53465	0 68.6249 3.8937
0.316895 7.40931 7.54162	0 59.8553 3.90152
0.317139 8.23072 7.54374	0 68.1975 3.87309
0.317383 6.96444 7.54192	0 42.3893 3.81603
0.317627 7.28219 7.53775	0 66.2422 3.74692
0.317871 7.20891 7.53313	0 42.9386 3.6844
0.318115 7.62857 7.5299	0 57.2711 3.64185
0.318359 7.53107 7.52953	0 50.17 3.62309
0.318604 8.18613 7.53284	0 105.42 3.62247
0.318848 6.42888 7.53997	0 46.9513 3.6281
0.319092 7.44697 7.55029	0 58.8152 3.62591
0.319336 7.97684 7.56261	0 56.3025 3.60271
0.31958 6.9277 7.57531	0 35.5385 3.54813
0.319824 8.04875 7.58662	0 66.2452 3.45653
0.320068 8.15121 7.59483	0 72.2599 3.32944
0.320312 7.46249 7.59849	0 53.2676 3.17757
0.320557 8.19126 7.59653	0 81.1217 3.02038
0.320801 7.33386 7.58833	0 44.2993 2.8816
0.321045 7.04397 7.57373	0 39.0205 2.78158
0.321289 7.85723 7.55297	0 56.846 2.72961
0.321533 8.24931 7.52664	0 66.448 2.72024
0.321777 7.0361 7.49562	0 37.6425 2.73548
0.322021 7.79837 7.46103	0 80.406 2.75204
0.322266 6.92636 7.42416	0 77.8142 2.75007
0.32251 8.46778 7.38642	0 64.337 2.71964
0.322754 6.61771 7.34931	0 42.7171 2.66269
0.322998 7.02938 7.31427	0 57.6661 2.5909
0.323242 6.69894 7.28261	0 44.9835 2.5213
0.323486 8.06407 7.25541	0 46.8455 2.47169
0.32373 7.67551 7.23336	0 59.3297 2.45695
0.323975 6.53953 7.21675	0 46.8035 2.48622
0.324219 6.93556 7.20544	0 38.6652 2.56078
0.324463 6.3742 7.19889	0 43.3782 2.67297
0.324707 7.29686 7.19636	0 50.3989 2.80728
0.324951 7.61538 7.19703	0 48.4651 2.94418
0.325195 7.46905 7.20022	0 62.0185 3.06604
0.325439 7.63025 7.20547	0 56.3333 3.16243
0.325684 7.79992 7.21253	0 48.5839 3.23209
0.325928 6.66977 7.22132	0 36.6455 3.28049
0.326172 5.6731 7.23167	0 29.105 3.31466
0.326416 7.90143 7.24313	0 70.0499 3.33871
0.32666 7.01492 7.25487	0 55.4508 3.35243
0.326904 7.49754 7.26558	0 51.1658 3.35331
0.327148 7.69872 7.27365	0 52.5726 3.33943
0.327393 7.38368 7.27739	0 51.0361 3.31118
0.327637 6.93247 7.27532	0 46.335 3.27112
0.327881 7.57007 7.26652	0 62.5273 3.22313
0.328125 7.96048 7.25077	0 76.7913 3.17248
0.328369 7.27523 7.22869	0 57.6506 3.12687
0.328613 7.17185 7.2017	0 47.597 3.09696
0.328857 7.18705 7.17175	0 36.3857 3.09471
0.329102 7.32739 7.14116	0 48.426 3.12913
0.329346 6.64672 7.11224	0 29.5159 3.20135
0.32959 6.51564 7.08711	0 33.5548 3.30177
0.329834 6.58835 7.06743	0 54.1354 3.41143
0.330078 7.70026 7.05431	0 60.2532 3.50751
0.330322 7.30273 7.04819	0 49.9271 3.57052
0.330566 7.3603 7.04881	0 72.9354 3.59003
0.330811 6.36376 7.05518	0 40.2942 3.56664
0.331055 6.01855 7.06563	0 33.7287 3.50972
0.331299 7.46773 7.07793	0 51.0523 3.43264
0.331543 7.04319 7.08957	0 62.9938 3.34741
0.331787 7.26863 7.09808	0 42.2073 3.26067
0.332031 7.12839 7.1015	0 41.3561 3.17241
0.332275 8.05764 7.09874	0 68.6723 3.07813
0.33252 8.11478 7.08992	0 73.5184 2.97411
0.332764 6.1769 7.07641	0 32.9731 2.86397
0.333008 7.48614 7.06064	0 60.6738 2.76323
0.333252 6.94085 7.04562	0 39.9116 2.69823
0.333496 7.01176 7.0344	0 44.0306 2.69832
0.33374 5.68479 7.02936	0 32.5814 2.7836
0.333984 7.17117 7.03174	0 39.8317 2.95376
0.334229 6.27885 7.04141	0 37.9103 3.18354
0.334473 6.70502 7.05685	0 50.4952 3.42783
0.334717 8.40923 7.07556	0 77.2514 3.6347
0.334961 6.37652 7.09456	0 61.747 3.7612
0.335205 7.55001 7.11102	0 66.2162 3.78605
0.335449 7.70386 7.12279	0 64.1421 3.71493
0.335693 7.7563 7.12874	0 70.5381 3.57742
0.335938 7.13115 7.1288	0 47.8837 3.41738
0.336182 7.12566 7.12388	0 66.5241 3.28025
0.336426 5.92041 7.11544	0 36.232 3.201
0.33667 7.53683 7.10515	0 79.615 3.19604
0.336914 8.11599 7.09455	0 63.01 3.26067
0.337158 5.63201 7.08477	0 28.9845 3.37264
0.337402 6.60145 7.07653	0 53.5718 3.49995
0.337646 7.74699 7.07024	0 63.626 3.61029
0.337891 7.6972 7.06615	0 66.4134 3.67892
0.338135 7.21365 7.06456	0 36.9906 3.69282
0.338379 6.4764 7.06588	0 38.5683 3.65087
0.338623 7.79339 7.07064	0 61.8593 3.56128
0.338867 5.86382 7.07924	0 29.7995 3.43835
0.339111 7.28568 7.09179	0 44.9117 3.29987
0.339355 7.10801 7.10777	0 47.8135 3.16503
0.3396 7.0007 7.1259	0 47.0071 3.05196
0.339844 7.22325 7.1441	0 43.7043 2.97438
0.340088 5.82736 7.15965	0 30.0977 2.93818
0.340332 8.2494 7.16955	0 71.0949 2.9398
0.340576 8.36167 7.17094	0 73.7031 2.96785
0.34082 6.51275 7.1616	0 37.6324 3.008
0.341064 8.09981 7.14034	0 63.6711 3.04899
0.341309 6.9232 7.10721	0 32.4786 3.08672
0.341553 7.95143 7.06353	0 62.4382 3.12418
0.341797 6.61983 7.01172	0 37.7967 3.16714
0.342041 7.53293 6.95491	0 48.228 3.21823
0.342285 5.37074 6.89652	0 30.2478 3.27265
0.342529 7.25009 6.83978	0 55.1548 3.31823
0.342773 6.85386 6.78733	0 58.7697 3.33969
0.343018 6.65315 6.74096	0 42.6722 3.32467
0.343262 6.18024 6.70148	0 36.1416 3.26862
0.343506 6.66861 6.66877	0 35.3391 3.17631
0.34375 6.7155 6.64197	0 46.1099 3.06019
0.343994 6.23499 6.61978	0 32.7965 2.93683
0.344238 6.44497 6.60077	0 37.6165 2.82282
0.344482 6.79398 6.58374	0 60.0751 2.73105
0.344727 7.39574 6.56796	0 46.0688 2.66773
0.344971 6.28683 6.55334	0 28.8461 2.63062
0.345215 7.18437 6.54036	0 68.7044 2.60937
0.345459 6.10071 6.52998	0 32.2566 2.58874
0.345703 5.86403 6.52333	0 28.2493 2.55409
0.345947 5.77754 6.5215	0 36.5439 2.49744
0.346191 6.76729 6.52527	0 48.4628 2.42157
0.346436 7.33407 6.53494	0 50.0374 2.34001
0.34668 5.44131 6.55024	0 32.1291 2.2729
0.346924 7.05372 6.57037	0 65.4425 2.24001
0.347168 7.08444 6.5941	0 62.218 2.25365
0.347412 6.36633 6.61985	0 33.332 2.31393
0.347656 5.9241 6.64592	0 36.9658 2.4078
0.3479 6.00682 6.67061	0 43.6694 2.51225
0.348145 7.54371 6.69243	0 61.8574 2.60081
0.348389 7.75833 6.71024	0 65.6063 2.65119
0.348633 6.6618 6.7233	0 48.5324 2.6515
0.348877 7.07053 6.73138	0 52.3502 2.60297
0.349121 6.35624 6.73467	0 47.5585 2.51827
0.349365 6.47734 6.73373	0 42.3637 2.4167
0.349609 6.05605 6.72941	0 22.6748 2.31832
0.349854 6.6074 6.72279	0 28.6284 2.23911
0.350098 8.53425 6.71511	0 60.8494 2.18853
0.350342 5.80766 6.70772	0 35.9856 2.16947
0.350586 7.04323 6.70199	0 42.524 2.17972
0.35083 7.0345 6.69914	0 64.5759 2.21422
0.351074 5.78458 6.70004	0 28.3562 2.26684
0.351318 6.09175 6.70501	0 34.6384 2.33126
0.351562 7.39856 6.71364	0 64.1054 2.40104
0.351807 5.77652 6.72478	0 28.5196 2.46946
0.352051 6.73496 6.73668	0 38.9509 2.52991
0.352295 6.67114 6.74735	0 32.8379 2.57714
0.352539 8.24478 6.75493	0 77.2053 2.60918
0.352783 6.49255 6.75818	0 51.0638 2.62876
0.353027 6.88126 6.75677	0 50.8786 2.64341
0.353271 6.84587 6.7514	0 46.3401 2.66363
0.353516 7.33638 6.74371	0 44.1428 2.69959
0.35376 7.13108 6.73591	0 44.0305 2.75755
0.354004 5.42717 6.73044	0 29.7667 2.83742
0.354248 5.69232 6.72944	0 29.4992 2.9325
0.354492 6.26412 6.73442	0 46.9406 3.03164
0.354736 8.16967 6.74609	0 69.1857 3.1226
0.35498 6.77811 6.76425	0 42.5941 3.19507
0.355225 6.5347 6.78795	0 30.7515 3.24206
0.355469 6.71516 6.8156	0 50.9545 3.25973
0.355713 6.24154 6.84523	0 48.3212 3.24653
0.355957 6.69819 6.87466	0 45.9971 3.20322
0.356201 7.53334 6.90167	0 37.0106 3.13383
0.356445 7.1852 6.92415	0 39.7819 3.04668
0.356689 7.03663 6.94016	0 55.4467 2.95408
0.356934 7.22904 6.94807	0 53.5666 2.86976
0.357178 7.4161 6.94658	0 46.3866 2.80478
0.357422 6.06376 6.93484	0 40.8976 2.76367
0.357666 7.19514 6.91253	0 54.5819 2.74275
0.35791 7.38068 6.87996	0 58.6456 2.7315
0.358154 6.62853 6.83818	0 68.5515 2.7166
0.358398 7.92594 6.78895	0 66.4958 2.68675
0.358643 6.55056 6.73468	0 38.5142 2.63623
0.358887 6.82219 6.67818	0 35.4008 2.56597
0.359131 6.83323 6.62233	0 56.9051 2.48225
0.359375 5.72658 6.5697	0 32.5912 2.39419
0.359619 5.56382 6.52224	0 25.1902 2.31157
0.359863 6.53245 6.48102	0 37.6696 2.24347
0.360107 6.29519 6.44627	0 32.6144 2.19763
0.360352 6.11368 6.41754	0 32.5466 2.1798
0.360596 7.04502 6.39405	0 31.7914 2.19293
0.36084 7.22282 6.37503	0 55.4518 2.23643
0.361084 6.05026 6.36001	0 23.7937 2.30584
0.361328 6.41209 6.34898	0 36.8485 2.39315
0.361572 5.96969 6.34233	0 35.2016 2.4878
0.361816 6.04513 6.3407	0 37.4517 2.57858
0.362061 5.01378 6.34473	0 24.0651 2.65636
0.362305 7.51035 6.35484	0 56.1689 2.7173
0.362549 5.85308 6.37107	0 21.8432 2.76489
0.362793 7.55836 6.39303	0 46.7496 2.80921
0.363037 5.59254 6.41997	0 26.6172 2.86246
0.363281 6.07391 6.45083	0 33.9982 2.93231
0.363525 6.02632 6.48443	0 31.7885 3.01641
0.36377 6.80866 6.51954	0 38.9678 3.10135
0.364014 7.05052 6.55502	0 68.2187 3.16765
0.364258 7.05619 6.5898	0 62.9037 3.19843
0.364502 6.13519 6.6229	0 38.4249 3.18734
0.364746 7.17908 6.65339	0 43.104 3.1415
0.36499 6.13009 6.68037	0 31.7912 3.07784
0.365234 6.64103 6.70302	0 40.5317 3.0152
0.365479 5.9951 6.72069	0 33.9415 2.96663
0.365723 6.9621 6.73305	0 44.4216 2.93572
0.365967 8.60823 6.74024	0 73.3175 2.91801
0.366211 6.53095 6.74298	0 49.9999 2.90536
0.366455 6.9603 6.74253	0 49.6048 2.89039
0.366699 6.57645 6.74052	0 43.8753 2.86872
0.366943 6.43554 6.73865	0 45.9577 2.83943
0.367188 5.51441 6.73834	0 35.1469 2.80475
0.367432 7.15091 6.74042	0 57.991 2.77011
0.367676 6.3552 6.74499	0 36.2253 2.74395
0.36792 7.381 6.75139	0 53.6854 2.73622
0.368164 6.52926 6.75844	0 34.8011 2.75504
0.368408 6.54632 6.76471	0 44.0749 2.80231
0.368652 8.02047 6.76889	0 40.3207 2.87078
0.368896 6.34484 6.77007	0 34.2122 2.94456
0.369141 6.87726 6.76785	0 39.5617 3.00365
0.369385 6.32612 6.76244	0 50.4068 3.03086
0.369629 6.76017 6.75449	0 54.8992 3.01821
0.369873 7.75054 6.74487	0 49.9019 2.96996
0.370117 6.29345 6.73443	0 61.9969 2.90108
0.370361 6.06859 6.72377	0 35.7586 2.83186
0.370605 6.47032 6.71305	0 56.3069 2.78106
0.37085 7.05997 6.70186	0 43.082 2.76006
0.371094 7.70703 6.68936	0 39.1912 2.76983
0.371338 5.41663 6.67437	0 32.7653 2.80148
0.371582 6.16377 6.65567	0 33.367 2.83964
0.371826 7.46025 6.63234	0 55.8816 2.86753
0.37207 7.28247 6.60401	0 53.052 2.87223
0.372314 7.00192 6.57116	0 49.0083 2.84868
0.372559 6.84922 6.53513	0 40.5951 2.80109
0.372803 6.03951 6.49809	0 28.9297 2.741
0.373047 6.06444 6.46274	0 50.9584 2.68282
0.373291 6.1694 6.43204	0 33.9074 2.63846
0.373535 6.20782 6.40878	0 44.1654 2.61387
0.373779 6.40009 6.39525	0 39.8271 2.60924
0.374023 5.73686 6.39297	0 31.4142 2.62261
0.374268 6.86515 6.40245	0 53.6243 2.65483
0.374512 6.00445 6.42319	0 36.5828 2.71224
0.374756 6.23985 6.45359	0 31.643 2.80505
0.375 6.56094 6.4911	0 35.4664 2.94124
0.375244 5.93458 6.5324	0 27.704 3.11917
0.375488 6.24189 6.57365	0 34.7189 3.32296
0.375732 6.86763 6.61081	0 43.289 3.52354
0.375977 7.51136 6.64008	0 103.983 3.68576
0.376221 7.81271 6.6582	0 71.9148 3.77842
0.376465 6.26693 6.66282	0 31.5502 3.78328
0.376709 6.34211 6.65271	0 51.5338 3.69964
0.376953 7.46198 6.62784	0 46.3628 3.54347
0.377197 6.71931 6.58941	0 49.6158 3.34232
0.377441 6.00553 6.5396	0 32.333 3.12807
0.377686 7.34961 6.48144	0 49.6856 2.92993
0.37793 6.97732 6.41843	0 42.1173 2.7689
0.378174 6.09335 6.3542	0 47.3475 2.65504
0.378418 5.20906 6.29223	0 18.9242 2.58765
0.378662 6.10968 6.23552	0 27.1377 2.55835
0.378906 5.79917 6.18642	0 30.2561 2.55577
0.37915 6.9707 6.1465	0 53.0027 2.57017
0.379395 5.62684 6.11664	0 29.3423 2.59612
0.379639 5.01083 6.09706	0 21.8349 2.63242
0.379883 6.33154 6.08751	0 41.0974 2.68021
0.380127 7.01995 6.08737	0 43.2001 2.7405
0.380371 6.20806 6.09575	0 45.7652 2.81275
0.380615 5.2625 6.11155	0 24.4236 2.89482
0.380859 5.2689 6.13344	0 27.0218 2.98353
0.381104 6.47215 6.15989	0 38.7281 3.0752
0.381348 6.21768 6.18915	0 39.0792 3.16562
0.381592 6.97509 6.21939	0 72.0989 3.25001
0.381836 5.37863 6.24882	0 37.4702 3.32331
0.38208 6.98467 6.27583	0 61.7789 3.38094
0.382324 6.47042 6.2992	0 34.0892 3.41952
0.382568 6.2301 6.31817	0 35.051 3.43691
0.382812 6.19157 6.33257	0 30.0193 3.43189
0.383057 7.06982 6.34271	0 36.2995 3.40375
0.383301 5.7012 6.34937	0 27.8717 3.35254
0.383545 6.92522 6.35359	0 64.5336 3.28002
0.383789 5.98102 6.35648	0 31.5532 3.19072
0.384033 6.21478 6.35907	0 43.8951 3.09255
0.384277 6.45544 6.36212	0 42.1555 2.99633
0.384521 6.93265 6.36604	0 48.7365 2.91449
0.384766 5.56554 6.37089	0 33.9593 2.85908
0.38501 5.75222 6.37645	0 30.5511 2.83974
0.385254 6.59044 6.38239	0 38.7261 2.86196
0.385498 7.49609 6.38836	0 52.067 2.92592
0.385742 5.71755 6.39417	0 31.2226 3.02601
0.385986 7.35984 6.39974	0 52.8864 3.15102
0.38623 6.1371 6.40501	0 41.2622 3.28483
0.386475 6.43785 6.40972	0 37.1571 3.40771
0.386719 5.89836 6.41322	0 41.3834 3.49825
0.386963 5.31833 6.41432	0 28.9842 3.53635
0.387207 6.56212 6.41131	0 59.2209 3.50715
0.387451 7.03125 6.40219	0 67.0833 3.40518
0.387695 7.09976 6.38511	0 36.1724 3.23721
0.387939 6.69017 6.35884	0 53.0481 3.02208
0.388184 6.506 6.32323	0 46.6005 2.78711
0.388428 6.66798 6.27944	0 39.3694 2.56168
0.388672 6.50013 6.22996	0 29.5691 2.37044
0.388916 6.60945 6.17821	0 43.2705 2.22821
0.38916 5.36674 6.12803	0 30.2451 2.13807
0.389404 5.38449 6.08297	0 34.4558 2.09269
0.389648 5.84389 6.04566	0 41.659 2.0778
0.389893 5.12117 6.01739	0 27.1247 2.07656
0.390137 5.65462 5.99796	0 34.2168 2.07363
0.390381 6.58187 5.98589	0 51.5561 2.05832
0.390625 6.43123 5.97888	0 30.8781 2.02632
0.390869 5.38043 5.97444	0 23.8344 1.97976
0.391113 6.5745 5.97055	0 55.6053 1.92566
0.391357 6.20407 5.96612	0 35.5475 1.87355
0.391602 5.98558 5.96126	0 36.2339 1.83292
0.391846 6.53946 5.95727	0 34.7604 1.8117
0.39209 5.73326 5.95619	0 36.4544 1.8157
0.392334 5.80265 5.96036	0 29.5472 1.84864
0.392578 5.10367 5.97168	0 28.67 1.91179
0.392822 5.6445 5.99112	0 27.9243 2.00306
0.393066 5.53692 6.01832	0 25.2466 2.11578
0.393311 5.65696 6.05158	0 27.0017 2.23837
0.393555 6.05663 6.08806	0 42.17 2.35573
0.393799 6.83067 6.12434	0 62.0848 2.45223
0.394043 6.58153 6.15702	0 42.0304 2.51519
0.394287 6.8118 6.18336	0 43.4765 2.5376
0.394531 6.40239 6.20171	0 34.7253 2.51921
0.394775 5.89631 6.21175	0 37.9637 2.46597
0.39502 6.99491 6.21432	0 47.0359 2.3884
0.395264 6.14716 6.2112	0 33.9966 2.29964
0.395508 5.47859 6.20459	0 26.7123 2.21348
0.395752 5.94791 6.19662	0 34.0089 2.14261
0.395996 6.42607 6.18898	0 43.496 2.09721
0.39624 6.04517 6.18262	0 42.7289 2.08374
0.396484 5.80158 6.17774	0 36.3265 2.10398
0.396729 6.63511 6.17381	0 39.9135 2.15445
0.396973 6.4634 6.16989	0 49.9007 2.22644
0.397217 5.17291 6.16486	0 29.7863 2.30707
0.397461 6.75724 6.15773	0 42.9956 2.38158
0.397705 6.88433 6.14787	0 52.1558 2.43654
0.397949 6.41457 6.13514	0 37.0463 2.46334
0.398193 5.0566 6.1199	0 30.1267 2.46072
0.398438 6.46166 6.10292	0 38.4544 2.4354
0.398682 6.30094 6.0852	0 42.8918 2.40002
0.398926 6.60442 6.06776	0 40.4809 2.36923
0.39917 5.40995 6.0515	0 24.565 2.35504
0.399414 4.90111 6.03701	0 23.1299 2.36336
0.399658 6.77474 6.02457	0 52.6713 2.39297
0.399902 6.03149 6.01421	0 38.8822 2.43704
0.400146 6.1831 6.00579	0 43.3407 2.4862
0.400391 6.12267 5.99916	0 31.2165 2.53165
0.400635 6.03454 5.99427	0 52.4826 2.56675
0.400879 5.78161 5.99122	0 27.1036 2.58704
0.401123 5.66046 5.99023	0 31.9574 2.58899
0.401367 6.78277 5.99159	0 55.9186 2.56908
0.401611 5.15129 5.99549	0 26.5134 2.52416
0.401855 5.717 6.0019	0 25.4941 2.45327
0.4021 6.53974 6.01051	0 75.8811 2.35977
0.402344 5.91075 6.02064	0 37.0993 2.25229
0.402588 6.04269 6.0313	0 29.5692 2.14333
0.402832 5.52244 6.0413	0 23.5748 2.04585
0.403076 6.37012 6.04935	0 64.4802 1.96933
0.40332 6.5772 6.05426	0 40.7605 1.91718
0.403564 5.60148 6.05504	0 37.3634 1.88674
0.403809 6.81478 6.05101	0 51.6703 1.87154
0.404053 6.0443 6.04184	0 28.2957 1.86479
0.404297 5.84047 6.02759	0 30.7088 1.8624
0.404541 5.94327 6.00867	0 25.2732 1.86418
0.404785 5.99272 5.98579	0 40.2679 1.87279
0.405029 5.95357 5.95997	0 25.7559 1.89112
0.405273 6.15407 5.93247	0 26.2302 1.91957
0.405518 5.61917 5.90475	0 45.0038 1.95499
0.405762 7.03533 5.8784	0 50.0642 1.99196
0.406006 5.52699 5.85499	0 24.6004 2.02577
0.40625 4.49545 5.83595	0 19.8851 2.05507
0.406494 5.99229 5.82235	0 36.6837 2.08275
0.406738 5.72235 5.81483	0 23.3918 2.11437
0.406982 6.19001 5.81344	0 31.1597 2.15535
0.407227 5.42899 5.81765	0 25.0063 2.20863
0.407471 5.61625 5.82648	0 30.5241 2.27409
0.407715 5.90933 5.83856	0 26.775 2.34972
0.407959 6.10052 5.85239	0 46.8655 2.43329
0.408203 5.0561 5.86651	0 24.0124 2.52306
0.408447 7.28552 5.87963	0 38.6909 2.61675
0.408691 5.63147 5.8908	0 43.6561 2.70927
0.408936 5.65679 5.89943	0 32.1442 2.79097
0.40918 5.65938 5.90523	0 34.5951 2.8481
0.409424 5.98398 5.90821	0 43.1638 2.86628
0.409668 6.84053 5.90855	0 57.8998 2.83578
0.409912 5.31658 5.90652	0 24.9051 2.75627
0.410156 5.99254 5.90242	0 39.4336 2.63849
0.4104 5.263 5.89658	0 28.043 2.50191
0.410645 5.84643 5.88931	0 34.9112 2.36922
0.410889 6.95069 5.88102	0 41.5806 2.26027
0.411133 6.01201 5.87217	0 26.6182 2.18774
0.411377 5.46257 5.86335	0 30.8107 2.15594
0.411621 5.58565 5.8552	0 55.259 2.16223
0.411865 5.13635 5.84838	0 20.1753 2.19955
0.412109 7.05603 5.84347	0 57.1414 2.25855
0.412354 5.52223 5.84086	0 24.201 2.32874
0.412598 5.5192 5.84072	0 20.9089 2.39902
0.412842 5.75222 5.84294	0 48.0146 2.45853
0.413086 5.52874 5.84719	0 31.5575 2.49828
0.41333 6.36169 5.85304	0 41.6902 2.51329
0.413574 5.49935 5.86009	0 33.9645 2.50415
0.413818 5.326 5.86811	0 22.6097 2.47718
0.414062 6.87017 5.87708	0 47.8058 2.44297
0.414307 7.12594 5.88719	0 49.2803 2.41359
0.414551 5.00499 5.89871	0 24.6451 2.3993
0.414795 4.96358 5.91178	0 24.7971 2.40559
0.415039 5.55902 5.9262	0 29.8249 2.43149
0.415283 5.60922 5.94129	0 21.9704 2.46981
0.415527 6.87929 5.95586	0 56.874 2.50963
0.415771 6.40886 5.96834	0 33.504 2.5402
0.416016 5.49905 5.977	0 31.2345 2.55467
0.41626 5.70669 5.98033	0 39.6395 2.55183
0.416504 6.74837 5.97727	0 40.5642 2.53514
0.416748 6.49806 5.9675	0 39.5284 2.50984
0.416992 5.8627 5.95144	0 34.5136 2.48002
0.417236 6.03498 5.93017	0 30.572 2.44737
0.41748 5.59713 5.90513	0 41.1195 2.41198
0.417725 6.88652 5.87781	0 49.332 2.37415
0.417969 4.49447 5.84936	0 19.4524 2.33532
0.418213 5.43875 5.82045	0 31.0157 2.29733
0.418457 5.85865 5.79118	0 38.3268 2.26044
0.418701 5.91105 5.76127	0 36.8119 2.22178
0.418945 5.6231 5.73037	0 39.6881 2.17555
0.419189 6.74483 5.69843	0 48.1143 2.11533
0.419434 5.80943 5.666	0 27.6937 2.03737
0.419678 5.78739 5.63442	0 31.0443 1.94325
0.419922 5.74155 5.60567	0 26.7039 1.84065
0.420166 4.92843 5.58212	0 20.5569 1.74184
0.42041 4.69262 5.56609	0 14.6678 1.66067
0.420654 5.59932 5.55939	0 28.6552 1.60928
0.420898 4.9695 5.56288	0 21.9009 1.59562
0.421143 5.83584 5.57626	0 43.3788 1.62225
0.421387 6.06072 5.59809	0 25.6235 1.68627
0.421631 4.50917 5.62591	0 16.6347 1.78007
0.421875 5.69031 5.65668	0 33.0495 1.89243
0.422119 6.00142 5.68719	0 44.8287 2.01012
0.422363 5.99884 5.71449	0 30.9224 2.11978
0.422607 6.38127 5.73632	0 46.4794 2.20996
0.422852 5.72418 5.75133	0 40.3594 2.2726
0.423096 6.73136 5.75912	0 43.5062 2.30371
0.42334 5.38054 5.76021	0 33.651 2.30296
0.423584 4.76096 5.7558	0 19.3919 2.27283
0.423828 5.355 5.74747	0 22.673 2.21775
0.424072 7.1061 5.73687	0 52.5638 2.14372
0.424316 5.94792 5.72545	0 32.7975 2.05829
0.424561 5.4271 5.7142	0 21.9606 1.97052
0.424805 5.2542 5.70356	0 23.9595 1.89045
0.425049 5.09008 5.69342	0 19.0221 1.82816
0.425293 5.01397 5.68323	0 21.1165 1.79256
0.425537 6.78386 5.67221	0 42.6451 1.79022
0.425781 5.99653 5.6596	0 36.7539 1.82448
0.426025 6.45495 5.64492	0 34.3789 1.89443
0.42627 5.01839 5.62812	0 30.3815 1.9941
0.426514 5.51232 5.60969	0 24.3301 2.11203
0.426758 5.39583 5.59061	0 19.65 2.23224
0.427002 5.45265 5.57217	0 25.1087 2.33711
0.427246 6.0841 5.55579	0 58.5265 2.41172
0.42749 5.18083 5.5428	0 23.7514 2.44817
0.427734 5.28039 5.53426	0 28.0788 2.44804
0.427979 5.47524 5.53086	0 30.3686 2.42155
0.428223 5.09597 5.53287	0 27.9846 2.38374
0.428467 5.63609 5.54019	0 53.4333 2.34931
0.428711 5.93084 5.55237	0 23.5755 2.32836
0.428955 5.29836 5.56869	0 29.0025 2.32481
0.429199 5.47194 5.58824	0 37.7873 2.33751
0.429443 5.74242 5.60988	0 44.6933 2.36301
0.429688 5.83831 5.63233	0 44.3443 2.39802
0.429932 5.53058 5.65421	0 31.8313 2.44035
0.430176 4.77386 5.67415	0 35.928 2.48822
0.43042 5.54399 5.6909	0 34.9738 2.53889
0.430664 7.2959 5.70358	0 49.7012 2.58805
0.430908 5.80874 5.71172	0 37.6844 2.63038
0.431152 5.72307 5.71545	0 45.7813 2.66116
0.431396 5.29547 5.71539	0 31.5638 2.67788
0.431641 6.39823 5.71253	0 37.6878 2.68097
0.431885 5.46306 5.70806	0 27.1986 2.67324
0.432129 4.98425 5.70309	0 17.6812 2.65836
0.432373 5.60557 5.69851	0 24.2266 2.63934
0.432617 5.79611 5.69498	0 36.7891 2.61775
0.432861 5.39475 5.69297	0 31.4781 2.59424
0.433105 5.97895 5.69291	0 38.3455 2.56999
0.43335 5.83946 5.69534	0 29.9001 2.54802
0.433594 7.07431 5.70092	0 55.6459 2.53328
0.433838 5.38323 5.71039	0 27.9152 2.53089
0.434082 4.68059 5.72433	0 22.9109 2.54309
0.434326 4.79531 5.74292	0 20.0249 2.56648
0.43457 5.62661 5.76578	0 28.9418 2.59137
0.434814 5.78416 5.79184	0 43.2024 2.60414
0.435059 5.95106 5.8195	0 41.4484 2.59199
0.435303 6.55251 5.84684	0 37.6246 2.54796
0.435547 6.41943 5.87195	0 32.7467 2.47402
0.435791 6.27735 5.8932	0 44.5376 2.38089
0.436035 5.17867 5.90945	0 23.4974 2.28483
0.436279 5.68781 5.92009	0 33.6923 2.20265
0.436523 6.21711 5.92499	0 38.487 2.14665
0.436768 6.4333 5.92434	0 34.4172 2.12126
0.437012 5.49203 5.9185	0 33.6368 2.1222
0.437256 6.11316 5.90797	0 34.4896 2.13868
0.4375 5.2734 5.89326	0 21.2089 2.15744
0.437744 7.0535 5.87498	0 55.1529 2.1672
0.437988 5.8522 5.85381	0 32.5084 2.16163
0.438232 5.67664 5.83054	0 25.6411 2.13991
0.438477 5.38856 5.80605	0 26.1632 2.10513
0.438721 5.7202 5.78125	0 23.3839 2.06182
0.438965 6.1152 5.75699	0 35.7912 2.01418
0.439209 5.55355 5.734	0 29.4855 1.96586
0.439453 6.11248 5.71284	0 34.3421 1.92118
0.439697 4.65495 5.69383	0 19.6616 1.88662
0.439941 5.78638 5.67713	0 27.9292 1.87125
0.440186 6.22262 5.66269	0 34.5346 1.88495
0.44043 5.34343 5.65034	0 31.9729 1.93522
0.440674 6.51768 5.63974	0 31.8559 2.02358
0.440918 5.05942 5.63045	0 22.4419 2.14382
0.441162 4.58737 5.62184	0 20.9143 2.28281
0.441406 5.59601 5.6132	0 43.8236 2.42371
0.44165 6.63946 5.6037	0 49.4849 2.54999
0.441895 5.96675 5.59251	0 45.0302 2.64853
0.442139 5.62832 5.57897	0 34.832 2.71088
0.442383 4.2263 5.56267	0 20.7271 2.73306
0.442627 5.42266 5.54364	0 30.7531 2.71468
0.442871 7.1788 5.52238	0 44.743 2.65841
0.443115 5.97716 5.49989	0 33.6377 2.57001
0.443359 4.76804 5.47748	0 25.4428 2.45849
0.443604 5.24678 5.45666	0 28.0793 2.33574
0.443848 5.2354 5.43882	0 32.9778 2.21518
0.444092 4.90556 5.42509	0 20.1205 2.10958
0.444336 4.75408 5.41615	0 33.1825 2.02879
0.44458 6.07332 5.41221	0 39.3516 1.97795
0.444824 6.08505 5.41309	0 23.8478 1.95698
0.445068 4.70621 5.41831	0 18.9342 1.96123
0.445312 5.74721 5.42725	0 35.7538 1.98298
0.445557 5.27998 5.43927	0 29.0041 2.01298
0.445801 5.25388 5.45373	0 30.1744 2.04173
0.446045 5.59679 5.47001	0 24.6012 2.06039
0.446289 5.31077 5.48743	0 28.9963 2.06167
0.446533 5.39724 5.50522	0 31.6512 2.04087
0.446777 5.21827 5.52246	0 19.5603 1.99702
0.447021 6.38867 5.53811	0 47.9486 1.93341
0.447266 5.85818 5.551	0 34.6218 1.85702
0.44751 4.90231 5.56001	0 15.8624 1.77674
0.447754 5.2806 5.56418	0 32.4234 1.70123
0.447998 5.97436 5.56288	0 29.3903 1.63745
0.448242 5.39861 5.55596	0 32.5761 1.5905
0.448486 7.09311 5.5439	0 41.1453 1.56425
0.44873 4.71019 5.52779	0 23.732 1.56164
0.448975 5.56519 5.50926	0 26.5001 1.58349
0.449219 5.87887 5.49023	0 30.5055 1.62634
0.449463 5.09716 5.47257	0 20.8522 1.68078
0.449707 5.4516 5.4578	0 27.5933 1.73232
0.449951 4.59453 5.44674	0 20.1902 1.76529
0.450195 5.22034 5.43939	0 21.0113 1.7686
0.450439 5.69317 5.43498	0 31.0669 1.74042
0.450684 4.84665 5.43217	0 23.5682 1.68936
0.450928 5.66264 5.42942	0 27.671 1.63121
0.451172 6.66976 5.42536	0 42.8647 1.58283
0.451416 5.95396 5.41906	0 25.838 1.55609
0.45166 5.41289 5.41014	0 20.2744 1.55463
0.451904 3.87319 5.3988	0 16.5817 1.57465
0.452148 6.35452 5.3855	0 52.1325 1.60842
0.452393 4.98639 5.37081	0 22.1173 1.64862
0.452637 4.75283 5.35515	0 17.8891 1.69096
0.452881 5.48449 5.33863	0 40.4882 1.73451
0.453125 5.89997 5.32114	0 39.6963 1.78
0.453369 5.18054 5.30243	0 23.9647 1.82735
0.453613 5.66037 5.28232	0 32.0925 1.87395
0.453857 5.31595 5.26083	0 34.8808 1.91441
0.454102 5.17374 5.23829	0 27.2769 1.94186
0.454346 4.85221 5.21531	0 23.9691 1.95013
0.45459 5.44786 5.19268	0 28.4427 1.93581
0.454834 5.17154 5.17125	0 20.9934 1.89937
0.455078 5.18104 5.15173	0 28.0163 1.84493
0.455322 4.32901 5.13463	0 13.106 1.77909
0.455566 5.53603 5.12024	0 29.1647 1.70936
0.455811 4.63406 5.10865	0 15.2545 1.64274
0.456055 6.12743 5.09989	0 37.064 1.58468
0.456299 4.57682 5.09406	0 14.7841 1.53833
0.456543 4.80199 5.09141	0 25.0184 1.50428
0.456787 5.51205 5.09239	0 23.1515 1.48078
0.457031 4.92698 5.09766	0 24.3119 1.46445
0.457275 5.09096 5.10795	0 23.6001 1.45157
0.45752 4.66859 5.12395	0 21.2468 1.43948
0.457764 5.19739 5.14611	0 26.6995 1.42774
0.458008 5.24609 5.17452	0 33.1401 1.4187
0.458252 4.6591 5.20877	0 14.2121 1.41725
0.458496 5.36666 5.24791	0 30.2226 1.42975
0.45874 4.73536 5.29047	0 13.6673 1.46221
0.458984 6.15767 5.3345	0 30.4781 1.51803
0.459229 5.31883 5.37773	0 25.0482 1.59605
0.459473 5.0921 5.41767	0 21.0831 1.68941
0.459717 5.75096 5.45186	0 32.1768 1.78631
0.459961 5.89182 5.47806	0 36.8048 1.87249
0.460205 5.11026 5.49452	0 21.1983 1.93515
0.460449 5.5127 5.50019	0 37.4281 1.96688
0.460693 6.25548 5.4949	0 41.1741 1.96812
0.460938 6.28771 5.47951	0 38.5425 1.94699
0.461182 5.34469 5.45577	0 27.3419 1.91663
0.461426 5.77736 5.4262	0 24.2067 1.89119
0.46167 5.23368 5.39373	0 22.7053 1.88195
0.461914 4.40022 5.36134	0 15.54 1.89508
0.462158 5.38887 5.33164	0 50.3085 1.93117
0.462402 4.96906 5.30659	0 25.4002 1.98616
0.462646 4.93869 5.28737	0 18.5731 2.05282
0.462891 5.6409 5.27435	0 31.008 2.12236
0.463135 5.06698 5.26722	0 42.4559 2.18602
0.463379 6.13707 5.26516	0 39.5721 2.23647
0.463623 4.93216 5.26704	0 28.837 2.26885
0.463867 4.8538 5.27156	0 25.512 2.281
0.464111 4.49938 5.27739	0 15.4918 2.27281
0.464355 5.59479 5.28325	0 36.715 2.24526
0.4646 6.06202 5.28796	0 37.7479 2.1997
0.464844 5.06973 5.29053	0 26.0105 2.13809
0.465088 5.8279 5.29014	0 27.8038 2.0638
0.465332 4.88188 5.28623	0 29.3672 1.98244
0.465576 5.33365 5.27849	0 28.3341 1.90168
0.46582 5.52244 5.26683	0 38.5673 1.82973
0.466064 5.19862 5.25144	0 23.5428 1.77285
0.466309 4.67245 5.23278	0 15.8598 1.73317
0.466553 5.57973 5.2116	0 32.1699 1.70829
0.466797 5.39298 5.18899	0 35.155 1.69323
0.467041 5.4014 5.16637	0 28.1452 1.68372
0.467285 5.89184 5.14538	0 30.2334 1.67891
0.467529 4.50864 5.12777	0 22.3039 1.68152
0.467773 4.15723 5.11512	0 13.5724 1.69532
0.468018 5.32285 5.10862	0 25.1271 1.72141
0.468262 4.90466 5.10886	0 21.7109 1.75601
0.468506 4.41734 5.11565	0 19.5895 1.79123
0.46875 5.74617 5.12808	0 39.5896 1.8187
0.468994 5.16255 5.14459	0 29.3203 1.83383
0.469238 4.88682 5.1633	0 15.8606 1.83834
0.469482 5.3563 5.1823	0 30.4186 1.83959
0.469727 5.53073 5.20002	0 26.0995 1.84725
0.469971 5.02343 5.21553	0 23.3239 1.86886
0.470215 5.144 5.22878	0 26.1938 1.90656
0.470459 5.50639 5.24058	0 29.7711 1.95652
0.470703 5.77877 5.25249	0 35.5226 2.0112
0.470947 6.0047 5.26642	0 39.9213 2.06325
0.471191 4.8222 5.28425	0 21.754 2.1093
0.471436 3.98661 5.30722	0 20.125 2.15159
0.47168 4.45744 5.33563	0 21.4973 2.19685
0.471924 5.39057 5.36858	0 33.4693 2.25273
0.472168 5.13274 5.40409	0 25.7365 2.32358
0.472412 6.4432 5.43937	0 36.0393 2.40723
0.472656 5.94132 5.47135	0 28.8217 2.49422
0.4729 5.56153 5.49723	0 27.9016 2.56996
0.473145 5.91621 5.51491	0 45.292 2.61888
0.473389 6.02781 5.5233	0 46.9309 2.62925
0.473633 5.33437 5.52231	0 42.1402 2.59687
0.473877 5.1515 5.5127	0 23.2101 2.52619
0.474121 5.5698 5.49583	0 32.8604 2.42877
0.474365 5.82598 5.47331	0 37.1778 2.3197
0.474609 5.23162 5.44679	0 19.5758 2.21342
0.474854 4.93214 5.41778	0 19.2844 2.12038
0.475098 5.97155 5.38764	0 25.2001 2.04536
0.475342 5.58514 5.35757	0 27.9644 1.98784
0.475586 5.70231 5.32873	0 34.7159 1.94382
0.47583 4.20761 5.30223	0 13.4052 1.90869
0.476074 5.36592 5.27917	0 38.5567 1.88001
0.476318 5.60248 5.26059	0 27.2958 1.85926
0.476562 5.16279 5.24735	0 22.1159 1.85187
0.476807 4.89666 5.24008	0 27.0142 1.8653
0.477051 4.88332 5.23901	0 26.5602 1.90576
0.477295 5.75379 5.24392	0 28.2691 1.97485
0.477539 4.87487 5.25411	0 17.1445 2.06733
0.477783 4.91486 5.26848	0 22.13 2.17123
0.478027 5.26023 5.28558	0 30.0483 2.27031
0.478271 5.13763 5.30385	0 23.2481 2.34828
0.478516 5.91135 5.32184	0 82.7228 2.39339
0.47876 5.27356 5.33833	0 31.7146 2.40173
0.479004 5.91593 5.35255	0 32.5012 2.37814
0.479248 5.21228 5.3642	0 35.9396 2.33465
0.479492 5.47191 5.37338	0 26.4235 2.28695
0.479736 5.21777 5.38046	0 16.9267 2.25032
0.47998 5.20272 5.3859	0 26.8173 2.23622
0.480225 4.74432 5.39004	0 17.7639 2.25016
0.480469 6.23408 5.39297	0 34.9369 2.29095
0.480713 5.70457 5.3945	0 30.757 2.35118
0.480957 4.83781 5.39416	0 20.3018 2.41869
0.481201 4.8979 5.39136	0 24.9712 2.4792
0.481445 5.8873 5.38552	0 31.1984 2.51976
0.481689 6.58168 5.37624	0 54.8982 2.53227
0.481934 4.13551 5.36349	0 16.2686 2.51581
0.482178 5.70557 5.34763	0 36.875 2.47653
0.482422 6.32057 5.32949	0 24.5384 2.42509
0.482666 4.31598 5.31032	0 25.0587 2.37257
0.48291 5.21157 5.29167	0 23.6031 2.32673
0.483154 5.08373 5.27529	0 27.8287 2.29013
0.483398 5.9751 5.2629	0 30.2274 2.26072
0.483643 4.99843 5.25604	0 21.5865 2.23424
0.483887 5.0232 5.2558	0 27.8934 2.20701
0.484131 4.74285 5.26268	0 21.2188 2.17762
0.484375 5.40593 5.27644	0 36.8739 2.14685
0.484619 4.68058 5.29607	0 20.5244 2.11622
0.484863 5.42132 5.31986	0 35.3615 2.08627
0.485107 5.18315 5.34566	0 28.414 2.0558
0.485352 5.74309 5.37116	0 32.4234 2.02242
0.485596 5.09835 5.39425	0 20.8944 1.98417
0.48584 6.34093 5.41333	0 46.4975 1.9411
0.486084 6.04741 5.42749	0 41.497 1.89602
0.486328 5.08175 5.43655	0 24.2278 1.85361
0.486572 5.80939 5.44093	0 44.2837 1.81831
0.486816 4.90777 5.44142	0 21.0643 1.79183
0.487061 4.62319 5.43895	0 29.4366 1.77154
0.487305 5.57336 5.43434	0 21.9093 1.7512
0.487549 5.60917 5.42822	0 30.7131 1.7239
0.487793 6.22369 5.42097	0 40.5637 1.6864
0.488037 5.6779 5.41274	0 30.3037 1.64228
0.488281 5.08632 5.40355	0 23.9159 1.60211
0.488525 5.06255 5.39327	0 22.9479 1.57984
0.48877 4.96964 5.38171	0 25.3378 1.58709
0.489014 5.43669 5.36863	0 34.0238 1.62796
0.489258 6.22279 5.35367	0 41.8408 1.69732
0.489502 4.74927 5.33653	0 19.746 1.78301
0.489746 5.30927 5.31694	0 23.5989 1.87089
0.48999 5.61999 5.29483	0 43.0785 1.94983
0.490234 5.55094 5.2704	0 29.4785 2.01449
0.490479 5.16922 5.24419	0 20.0918 2.06486
0.490723 4.87827 5.21706	0 13.5958 2.10346
0.490967 5.81475 5.19011	0 47.2257 2.13199
0.491211 4.86682 5.16458	0 19.4811 2.14923
0.491455 4.87208 5.14166	0 29.4511 2.15135
0.491699 4.87441 5.12235	0 22.1957 2.13415
0.491943 4.98431 5.10739	0 31.4752 2.09603
0.492188 5.18063 5.09718	0 28.8686 2.04005
0.492432 4.98869 5.09178	0 35.8397 1.97363
0.492676 5.37728 5.09101	0 26.9166 1.90611
0.49292 4.75097 5.09449	0 30.9103 1.84517
0.493164 5.21823 5.10176	0 23.6514 1.79404
0.493408 4.77395 5.11232	0 18.9564 1.7509
0.493652 4.98487 5.12567	0 20.4234 1.71058
0.493896 5.38568 5.14132	0 28.2428 1.66774
0.494141 5.86464 5.15875	0 26.878 1.61979
0.494385 4.69776 5.17731	0 22.6908 1.56843
0.494629 4.55452 5.19624	0 21.73 1.51921
0.494873 5.21414 5.21454	0 23.1438 1.47945
0.495117 5.73491 5.23105	0 38.2459 1.45521
0.495361 5.01448 5.24446	0 19.8987 1.44864
0.495605 5.86705 5.25338	0 32.4084 1.45678
0.49585 4.63413 5.25643	0 30.5627 1.47253
0.496094 5.92491 5.25238	0 37.8689 1.48757
0.496338 5.36257 5.24009	0 23.7672 1.49598
0.496582 5.42807 5.2185	0 25.6294 1.49682
0.496826 5.16647 5.18644	0 21.0106 1.49409
0.49707 4.96416 5.1424	0 26.7563 1.49437
0.497314 5.33178 5.08417	0 24.3187 1.50323
0.497559 5.53858 5.00861	0 26.7561 1.52267
0.497803 5.13566 4.91143	0 27.167 1.55067
0.498047 4.90702 4.78733	0 24.9677 1.58269
0.498291 4.10385 4.6304	0 23.2681 1.61349
0.498535 5.22327 4.43497	0 19.9313 1.63751
0.498779 4.64961 4.19669	0 15.5565 1.64771
0.499023 4.90027 3.91379	0 21.2794 1.63416
0.499268 5.25287 3.58815	0 21.922 1.5847
0.499512 5.64775 3.22591	0 27.8702 1.48842
0.499756 6.3052 2.43629	0 83.6166 1.14906
