0 0 2.96729	0 0 1.08583
0.000244141 5.88609 3.52734	0 33.6907 1.33031
0.000488281 6.81657 4.10301	0 57.9185 1.56225
0.000732422 5.21468 4.68138	0 26.956 1.78001
0.000976562 6.57968 5.25249	0 41.3606 1.99505
0.0012207 6.54136 5.81039	0 39.7778 2.2292
0.00146484 5.84264 6.35337	0 27.7817 2.50888
0.00170898 6.94096 6.88332	0 58.091 2.85932
0.00195312 7.14802 7.40458	0 40.1432 3.30157
0.00219727 6.09038 7.92249	0 35.5744 3.85271
0.00244141 9.39401 8.442	0 69.0332 4.5275
0.00268555 9.00144 8.96656	0 68.5736 5.33851
0.00292969 9.19383 9.4975	0 73.6683 6.29301
0.00317383 9.1073 10.0338	0 48.159 7.3875
0.00341797 11.3989 10.5721	0 103.374 8.60313
0.00366211 9.15965 11.1075	0 96.6377 9.90605
0.00390625 13.6155 11.6339	0 148.207 11.2546
0.00415039 13.107 12.1448	0 204.111 12.6115
0.00439453 12.4132 12.6338	0 166.642 13.9545
0.00463867 13.2862 13.0956	0 220.261 15.2798
0.00488281 12.9482 13.5257	0 165.613 16.5948
0.00512695 16.0939 13.9213	0 248.279 17.9018
0.00537109 16.7184 14.2805	0 352.004 19.1813
0.00561523 14.8471 14.6021	0 233.118 20.3808
0.00585938 11.6176 14.8857	0 139.739 21.4167
0.00610352 17.4109 15.1302	0 238.074 22.187
0.00634766 14.2114 15.3345	0 243.577 22.5957
0.0065918 18.6619 15.4967	0 355.69 22.5796
0.00683594 13.6964 15.6151	0 151.811 22.1329
0.00708008 17.5018 15.6881	0 330.649 21.3192
0.00732422 16.736 15.7157	0 317.984 20.2656
0.00756836 16.6022 15.6997	0 296.639 19.1382
0.0078125 16.5763 15.6447	0 233.728 18.1056
0.00805664 16.0069 15.558	0 266.963 17.3032
0.00830078 16.7038 15.449	0 234.916 16.808
0.00854492 15.4579 15.3285	0 180.12 16.6301
0.00878906 14.0215 15.2072	0 185.332 16.7186
0.0090332 14.6191 15.0944	0 250.554 16.9771
0.00927734 13.1267 14.9968	0 262.361 17.286
0.00952148 11.9156 14.9181	0 117.05 17.5292
0.00976562 15.1776 14.8588	0 307.773 17.623
0.0100098 16.3855 14.8168	0 323.621 17.5414
0.0102539 17.104 14.789	0 405.767 17.3267
0.010498 13.2997 14.7718	0 156.518 17.078
0.0107422 15.7003 14.7627	0 223.909 16.9164
0.0109863 13.6424 14.7608	0 174.882 16.941
0.0112305 14.997 14.7667	0 353.052 17.1931
0.0114746 14.4064 14.7822	0 174.459 17.6422
0.0117188 15.3057 14.8097	0 249.002 18.1993
0.0119629 15.066 14.8509	0 220.005 18.7484
0.012207 13.0959 14.9064	0 232.503 19.1822
0.0124512 13.2182 14.9751	0 209.508 19.4329
0.0126953 14.283 15.0546	0 186.822 19.4883
0.0129395 17.3614 15.141	0 276.056 19.3924
0.0131836 15.4247 15.23	0 272.58 19.2287
0.0134277 16.143 15.3175	0 320.904 19.0938
0.0136719 16.1543 15.4002	0 286.531 19.0665
0.013916 15.464 15.4759	0 211.056 19.1843
0.0141602 12.9886 15.5437	0 206.663 19.4347
0.0144043 17.3896 15.6037	0 265.042 19.7642
0.0146484 15.8541 15.6567	0 227.774 20.1
0.0148926 17.1344 15.704	0 240.036 20.3739
0.0151367 13.2569 15.747	0 174.765 20.5412
0.0153809 16.5227 15.7874	0 294.786 20.5881
0.015625 13.5146 15.8271	0 202.633 20.5294
0.0158691 19.8925 15.8683	0 418.255 20.4012
0.0161133 16.5865 15.9136	0 337.206 20.2506
0.0163574 13.3432 15.9658	0 137.862 20.1241
0.0166016 17.4472 16.0273	0 208.247 20.0578
0.0168457 14.9522 16.1	0 247.089 20.0708
0.0170898 13.3094 16.1848	0 189.362 20.165
0.017334 18.1918 16.281	0 554.746 20.3322
0.0175781 15.2951 16.3865	0 191.557 20.5631
0.0178223 17.3859 16.4981	0 298.171 20.8526
0.0180664 16.3702 16.6116	0 187.639 21.1971
0.0183105 18.1181 16.7228	0 236.684 21.5853
0.0185547 15.8874 16.828	0 267.056 21.9901
0.0187988 17.2575 16.9244	0 213.257 22.3693
0.019043 17.2831 17.0109	0 290.966 22.6771
0.0192871 17.4634 17.0877	0 322.136 22.8819
0.0195312 17.5748 17.1567	0 366.01 22.981
0.0197754 17.7354 17.2209	0 376.325 23.0047
0.0200195 16.0542 17.2842	0 273.794 23.0044
0.0202637 18.518 17.3508	0 248.518 23.0313
0.0205078 16.4838 17.4244	0 310.089 23.1128
0.020752 17.7814 17.5082	0 331.258 23.2412
0.0209961 16.1117 17.6046	0 257.825 23.3789
0.0212402 15.5032 17.715	0 230.443 23.4828
0.0214844 19.6911 17.8408	0 341.57 23.5344
0.0217285 18.8961 17.9831	0 390.941 23.5642
0.0219727 17.0742 18.1438	0 307.284 23.6573
0.0222168 20.5226 18.3256	0 497.846 23.9364
0.0224609 17.7031 18.5316	0 325.91 24.5281
0.0227051 17.6629 18.7647	0 221.203 25.5243
0.0229492 15.9303 19.0269	0 381.108 26.9535
0.0231934 20.7746 19.3185	0 473.677 28.7697
0.0234375 17.8969 19.6372	0 256.972 30.8597
0.0236816 20.0323 19.9779	0 334.955 33.0638
0.0239258 18.3317 20.3338	0 308.042 35.2038
0.0241699 22.0169 20.6968	0 570.859 37.1134
0.0244141 19.8457 21.0596	0 355.122 38.6709
0.0246582 25.9873 21.4166	0 815.379 39.8274
0.0249023 23.5071 21.7648	0 588.942 40.622
0.0251465 20.9726 22.1049	0 414.82 41.1739
0.0253906 21.6369 22.4401	0 447.068 41.6488
0.0256348 22.2439 22.7752	0 509.286 42.2103
0.0258789 22.9658 23.1157	0 609.933 42.9744
0.026123 22.5447 23.4659	0 532.034 43.9819
0.0263672 22.023 23.8283	0 493.77 45.1941
0.0266113 23.9931 24.2033	0 514.556 46.5068
0.0268555 23.3578 24.5897	0 595.781 47.7766
0.0270996 28.9021 24.9857	0 934.445 48.8559
0.0273438 25.0372 25.39	0 822.956 49.6368
0.0275879 25.4753 25.8031	0 1182.2 50.0935
0.027832 27.1034 26.2277	0 548.518 50.3106
0.0280762 24.9213 26.6688	0 672.201 50.4783
0.0283203 28.4768 27.1332	0 765.508 50.8514
0.0285645 27.6117 27.6284	0 724.381 51.6813
0.0288086 25.0211 28.1611	0 584.761 53.1482
0.0290527 27.0025 28.7365	0 517.059 55.3186
0.0292969 28.966 29.3574	0 1011.27 58.1418
0.029541 28.2358 30.0245	0 920.857 61.482
0.0297852 31.8847 30.7363	0 1025.65 65.166
0.0300293 33.1062 31.4906	0 1113.44 69.029
0.0302734 28.179 32.2852	0 761.285 72.9425
0.0305176 35.7309 33.1188	0 1161.3 76.826
0.0307617 33.4905 33.9916	0 912.764 80.6491
0.0310059 35.5508 34.9053	0 990.411 84.4348
0.03125 36.3823 35.8631	0 963.028 88.2662
0.0314941 30.3738 36.8687	0 787.284 92.2907
0.0317383 37.1736 37.9264	0 1448.06 96.7099
0.0319824 41.9726 39.0403	0 1616.5 101.747
0.0322266 39.4612 40.2145	0 1504.74 107.593
0.0324707 38.5628 41.4533	0 1878.32 114.339
0.0327148 44.1343 42.7615	0 2250 121.932
0.032959 42.3826 44.1445	0 1725.71 130.155
0.0332031 44.9813 45.6089	0 1731.92 138.672
0.0334473 46.946 47.1618	0 1959.73 147.134
0.0336914 44.7986 48.8109	0 2527.78 155.344
0.0339355 51.1927 50.5643	0 2402.51 163.424
0.0341797 47.3856 52.4298	0 1905.81 171.937
0.0344238 55.8697 54.4152	0 2530.25 181.868
0.034668 57.1115 56.5288	0 3312.58 194.473
0.0349121 53.9998 58.7804	0 2705.34 211.033
0.0351562 55.9427 61.1821	0 3191.01 232.622
0.0354004 66.3967 63.7501	0 3735.22 260.01
0.0356445 62.7014 66.5052	0 5166.58 293.752
0.0358887 71.4106 69.4726	0 3386.99 334.406
0.0361328 64.0116 72.681	0 3873.86 382.73
0.036377 80.2022 76.1597	0 7347.78 439.68
0.0366211 75.6392 79.9352	0 8020.41 506.074
0.0368652 77.7418 84.028	0 5182.02 581.968
0.0371094 75.5982 88.4501	0 5083.2 665.987
0.0373535 78.1223 93.2052	0 5252.5 754.989
0.0375977 90.4261 98.2911	0 7619.54 844.471
0.0378418 114.493 103.705	0 13951.4 929.792
0.0380859 111.92 109.45	0 11137.4 1007.89
0.0383301 116.509 115.543	0 13659.1 1078.69
0.0385742 112.682 122.019	0 13100.9 1145.4
0.0388184 151.384 128.936	0 24058.9 1213.28
0.0390625 99.4331 136.372	0 8922.9 1287.21
0.0393066 125.407 144.427	0 12600.7 1369.52
0.0395508 149.494 153.213	0 22409 1459.3
0.0397949 151.901 162.847	0 18018.1 1553.89
0.0400391 171.234 173.438	0 26311.1 1652.24
0.0402832 190.55 185.072	0 43402.8 1758.24
0.0405273 169.498 197.796	0 21855.8 1882.34
0.0407715 165.91 211.601	0 25520.8 2040.28
0.0410156 195.659 226.411	0 45331.5 2249.29
0.0412598 243.395 242.079	0 36620.4 2523.57
0.0415039 224.882 258.386	0 48845.9 2871.25
0.041748 238.943 275.058	0 61136.8 3294.38
0.0419922 354.808 291.783	0 94585 3791.61
0.0422363 354.171 308.225	0 103646 4361.06
0.0424805 310.339 324.046	0 79390.2 5000.13
0.0427246 376.896 338.912	0 144765 5700.46
0.0429688 375.836 352.496	0 112259 6439.33
0.0432129 354.093 364.476	0 107591 7172.51
0.043457 387.476 374.537	0 185142 7834.03
0.0437012 351.888 382.376	0 145841 8346.39
0.0439453 468.812 387.722	0 235073 8639.32
0.0441895 509.961 390.355	0 299969 8670.23
0.0444336 383.617 390.137	0 132389 8437.84
0.0446777 452.249 387.032	0 171749 7982.93
0.0449219 502.54 381.12	0 218496 7376.31
0.045166 368.859 372.595	0 142159 6699.35
0.0454102 332.16 361.747	0 115401 6024.99
0.0456543 398.987 348.933	0 161494 5405.28
0.0458984 324.855 334.546	0 118053 4867.48
0.0461426 302.523 318.988	0 87091 4416.81
0.0463867 318.683 302.64	0 73835.5 4042.64
0.0466309 316.911 285.855	0 71286.9 3725.14
0.046875 248.031 268.948	0 60786.2 3441.36
0.0471191 253.874 252.192	0 77787.8 3170.46
0.0473633 229.224 235.828	0 50159.6 2897.93
0.0476074 202.775 220.054	0 50340.9 2617.86
0.0478516 169.06 205.032	0 22697.7 2332.83
0.0480957 189.957 190.886	0 34647.3 2051.33
0.0483398 149.967 177.696	0 23220.1 1783.96
0.048584 144.521 165.507	0 22148.8 1539.96
0.0488281 163.517 154.324	0 27738.8 1325.1
0.0490723 136.6 144.124	0 21366.1 1141.23
0.0493164 112.159 134.86	0 11763.1 987.051
0.0495605 114.247 126.466	0 13309.6 859.365
0.0498047 101.165 118.868	0 11740.7 754.265
0.0500488 113.816 111.984	0 9180.97 667.911
0.050293 98.5686 105.734	0 9188.61 596.936
0.0505371 95.79 100.039	0 9087.49 538.584
0.0507812 88.6162 94.8269	0 5688.88 490.696
0.0510254 91.8313 90.0363	0 10772.7 451.588
0.0512695 84.8333 85.6137	0 7253.11 419.844
0.0515137 72.9064 81.5156	0 3892.4 394.064
0.0517578 76.7826 77.7071	0 4840.26 372.696
0.052002 63.9733 74.1595	0 3309.01 354.03
0.0522461 72.5237 70.8485	0 2732.57 336.383
0.0524902 68.6609 67.7521	0 3626.4 318.363
0.0527344 60.462 64.8503	0 4157.17 299.083
0.0529785 56.7517 62.1244	0 3218.53 278.253
0.0532227 57.4447 59.5577	0 3201.94 256.131
0.0534668 61.9856 57.1368	0 4480.18 233.38
0.0537109 54.4559 54.8523	0 2302.29 210.881
0.0539551 47.773 52.699	0 2201.29 189.529
0.0541992 48.2827 50.6754	0 1812.59 170.083
0.0544434 53.3167 48.7825	0 2605.07 153.091
0.0546875 44.4112 47.0221	0 1579.81 138.908
0.0549316 35.5859 45.3943	0 1343.97 127.77
0.0551758 45.9482 43.8966	0 2178.74 119.818
0.0554199 37.5581 42.523	0 1461.61 115.051
0.0556641 37.0864 41.2648	0 1572.31 113.196
0.0559082 42.4137 40.1115	0 1538.49 113.607
0.0561523 41.0161 39.0529	0 1677.3 115.291
0.0563965 42.1895 38.0803	0 1597.8 117.075
0.0566406 34.6034 37.1873	0 1103.33 117.891
0.0568848 36.7855 36.3687	0 1273.35 117.025
0.0571289 29.3051 35.6199	0 810.937 114.25
0.057373 33.9905 34.9348	0 1232.09 109.789
0.0576172 31.3159 34.3049	0 1367.52 104.146
0.0578613 27.672 33.7185	0 770.76 97.9059
0.0581055 37.2371 33.1623	0 1411.1 91.5616
0.0583496 37.7744 32.6226	0 1620.12 85.4392
0.0585938 34.9885 32.0878	0 940.895 79.7026
0.0588379 35.5675 31.5502	0 981.599 74.4121
0.059082 26.6592 31.0077	0 559.819 69.591
0.0593262 26.8534 30.4628	0 736.312 65.2638
0.0595703 30.8014 29.923	0 1028.23 61.4545
0.0598145 27.5438 29.3981	0 867.236 58.1607
0.0600586 29.4365 28.8995	0 1215.75 55.3343
0.0603027 30.3868 28.4376	0 914.266 52.8967
0.0605469 28.7378 28.021	0 874.184 50.7853
0.060791 25.7519 27.6549	0 627.853 49.0044
0.0610352 23.1236 27.341	0 549.398 47.6382
0.0612793 24.7358 27.0766	0 600.975 46.807
0.0615234 27.7431 26.8553	0 844.148 46.5824
0.0617676 25.0419 26.6682	0 691.396 46.9085
0.0620117 25.5918 26.5052	0 710.474 47.5803
0.0622559 29.4414 26.3565	0 950.745 48.2942
0.0625 30.2213 26.2146	0 979.633 48.7488
0.0627441 24.8523 26.0749	0 657.979 48.7408
0.0629883 25.2457 25.9359	0 609.708 48.2121
0.0632324 27.9776 25.7986	0 593.514 47.2321
0.0634766 22.8701 25.6652	0 579.403 45.9399
0.0637207 22.8178 25.5373	0 395.483 44.4828
0.0639648 23.2978 25.4153	0 546.174 42.9801
0.064209 26.1962 25.2978	0 688.248 41.5167
0.0644531 27.2737 25.1821	0 605.24 40.1539
0.0646973 26.079 25.0649	0 696.386 38.9427
0.0649414 26.6348 24.9439	0 709.707 37.928
0.0651855 25.775 24.8185	0 648.081 37.1433
0.0654297 23.5667 24.6904	0 431.76 36.5988
0.0656738 22.9989 24.5635	0 414.879 36.2701
0.065918 25.0909 24.4438	0 565.523 36.0959
0.0661621 22.8484 24.3376	0 364.556 35.9928
0.0664062 22.9176 24.2518	0 609.299 35.8885
0.0666504 25.9379 24.1924	0 743.542 35.7634
0.0668945 24.0235 24.164	0 714.975 35.6828
0.0671387 23.7023 24.1701	0 363.084 35.7969
0.0673828 21.5783 24.2123	0 550.668 36.2963
0.067627 26.1232 24.2907	0 436.838 37.3319
0.0678711 22.0725 24.404	0 386.468 38.9272
0.0681152 23.7991 24.5499	0 457.888 40.9253
0.0683594 23.3121 24.7258	0 529.224 43.0013
0.0686035 26.1188 24.9298	0 778.467 44.7435
0.0688477 25.1529 25.1614	0 777.578 45.7753
0.0690918 26.816 25.422	0 1075.59 45.8701
0.0693359 25.8378 25.7153	0 753.672 45.0161
0.0695801 26.8768 26.0465	0 623.901 43.4139
0.0698242 24.8942 26.4213	0 714.641 41.4153
0.0700684 23.4684 26.844	0 572.007 39.4297
0.0703125 24.1836 27.3165	0 529.583 37.8282
0.0705566 27.2393 27.8368	0 725.608 36.8703
0.0708008 32.0332 28.3986	0 877.966 36.6687
0.0710449 21.7914 28.9921	0 372.009 37.1987
0.0712891 33.2541 29.6045	0 1076.46 38.3434
0.0715332 29.8059 30.2227	0 737.272 39.9556
0.0717773 36.1998 30.8342	0 1173.65 41.913
0.0720215 30.6409 31.4293	0 729.91 44.1523
0.0722656 31.902 32.0018	0 1183.18 46.6762
0.0725098 30.9471 32.5492	0 916.066 49.5369
0.0727539 33.125 33.0729	0 1243.88 52.7983
0.072998 35.7125 33.5766	0 1413.03 56.4857
0.0732422 36.3944 34.0665	0 673.52 60.5354
0.0734863 32.9615 34.5496	0 1048.61 64.7717
0.0737305 32.4911 35.0333	0 1329.51 68.9357
0.0739746 36.1692 35.5256	0 1344.83 72.7684
0.0742188 32.0561 36.0342	0 995.778 76.1191
0.0744629 41.053 36.5672	0 1377.91 79.0287
0.074707 41.1959 37.133	0 1898.23 81.7472
0.0749512 32.0111 37.74	0 1019.45 84.679
0.0751953 36.2473 38.3964	0 1266.4 88.289
0.0754395 37.3571 39.1088	0 1243.55 93.0182
0.0756836 45.6192 39.8818	0 2427.78 99.2402
0.0759277 34.8468 40.7166	0 1326.93 107.251
0.0761719 38.355 41.6104	0 1458.04 117.251
0.076416 41.6451 42.5563	0 1517.17 129.276
0.0766602 42.8089 43.5439	0 1378.63 143.092
0.0769043 48.1598 44.5607	0 1911.31 158.105
0.0771484 42.5728 45.5935	0 1905.24 173.384
0.0773926 49.931 46.6306	0 2196.36 187.844
0.0776367 45.5875 47.6629	0 2399.38 200.545
0.0778809 53.2394 48.6853	0 2320.93 210.978
0.078125 52.0428 49.6965	0 2571.98 219.196
0.0783691 48.5732 50.6989	0 1549.85 225.725
0.0786133 46.7877 51.6972	0 1512.93 231.3
0.0788574 49.5357 52.6981	0 2933.62 236.571
0.0791016 62.975 53.7086	0 5894.33 241.914
0.0793457 51.5252 54.7358	0 2027.33 247.421
0.0795898 54.2569 55.7869	0 2508.18 253.035
0.079834 57.4488 56.8688	0 2816.65 258.722
0.0800781 53.5996 57.9887	0 2565.65 264.614
0.0803223 65.6107 59.1542	0 5098.74 271.027
0.0805664 55.4125 60.3732	0 2660.6 278.411
0.0808105 56.4587 61.653	0 3493.03 287.249
0.0810547 68.7279 62.9993	0 4466.08 298.016
0.0812988 68.1213 64.4148	0 7659.09 311.185
0.081543 58.4834 65.8972	0 4170.69 327.259
0.0817871 61.5726 67.4382	0 4562.37 346.694
0.0820312 65.9617 69.023	0 3459.25 369.666
0.0822754 74.5912 70.6303	0 6160.11 395.71
0.0825195 66.6087 72.2342	0 3526.29 423.398
0.0827637 87.743 73.8066	0 7513.05 450.286
0.0830078 78.1055 75.321	0 5369.96 473.257
0.083252 66.9716 76.7561	0 3826.82 489.26
0.0834961 81.9632 78.0983	0 7540.55 496.225
0.0837402 78.817 79.3439	0 9383.67 493.859
0.0839844 90.058 80.4984	0 7335.49 484.017
0.0842285 90.0525 81.5734	0 8363.64 470.494
0.0844727 83.7985 82.582	0 5261.55 458.257
0.0847168 84.3138 83.5327	0 7250.59 452.295
0.0849609 67.2044 84.4241	0 5988.26 456.367
0.0852051 74.3114 85.2412	0 4536.41 471.943
0.0854492 87.9851 85.9556	0 6743.78 497.624
0.0856934 89.9926 86.5294	0 8933.99 529.268
0.0859375 103.947 86.9219	0 9978.8 560.918
0.0861816 94.8283 87.0979	0 8652.99 586.351
0.0864258 96.9024 87.0346	0 7080.27 600.826
0.0866699 95.5386 86.7258	0 10490.5 602.417
0.0869141 83.682 86.182	0 6333.85 592.433
0.0871582 90.5429 85.4272	0 8528.01 574.714
0.0874023 67.3549 84.4928	0 4108.75 554.073
0.0876465 89.2396 83.4117	0 7251.2 534.483
0.0878906 79.1797 82.2135	0 4465.56 517.78
0.0881348 76.8409 80.9223	0 5151.25 503.394
0.0883789 97.0371 79.5568	0 13084 489.174
0.088623 82.6999 78.132	0 7372.33 472.859
0.0888672 70.7327 76.661	0 5786.75 453.433
0.0891113 73.7492 75.156	0 7295.74 431.699
0.0893555 79.21 73.6277	0 5731.47 409.836
0.0895996 70.0517 72.0833	0 4722.2 390.261
0.0898438 59.4818 70.525	0 5040.75 374.454
0.0900879 68.4414 68.9485	0 4133.46 362.361
0.090332 63.9724 67.3434	0 3257.64 352.616
0.0905762 72.5491 65.6963	0 5416.51 343.327
0.0908203 73.5652 63.9938	0 5483.93 332.93
0.0910645 63.7455 62.2278	0 4327.97 320.649
0.0913086 62.1775 60.3985	0 3018.47 306.433
0.0915527 60.8245 58.5173	0 3405.45 290.568
0.0917969 51.531 56.6065	0 2567.35 273.312
0.092041 50.3108 54.6974	0 2059.61 254.805
0.0922852 61.7059 52.8268	0 3467.06 235.242
0.0925293 47.5722 51.0319	0 2282.03 215.113
0.0927734 43.9267 49.3458	0 1610.13 195.279
0.0930176 44.7592 47.7928	0 2097.08 176.821
0.0932617 42.6547 46.3859	0 2377.75 160.716
0.0935059 37.4555 45.1253	0 1117.6 147.537
0.09375 41.5872 43.9987	0 1507.83 137.305
0.0939941 43.3915 42.9844	0 1986.76 129.552
0.0942383 43.8778 42.0546	0 2597.27 123.523
0.0944824 43.6774 41.1804	0 1898.38 118.417
0.0947266 43.6284 40.3359	0 1986.54 113.565
0.0949707 37.0337 39.5015	0 1101.8 108.517
0.0952148 37.0743 38.6665	0 1384.72 103.051
0.095459 43.3652 37.8286	0 2073.74 97.1431
0.0957031 37.3344 36.9931	0 1248.41 90.9309
0.0959473 36.4471 36.1697	0 1599.15 84.6748
0.0961914 30.1772 35.3697	0 669.071 78.7091
0.0964355 32.454 34.6026	0 1133.35 73.3757
0.0966797 31.849 33.8743	0 1143.47 68.9433
0.0969238 33.9673 33.1858	0 1199.11 65.5275
0.097168 30.8802 32.5333	0 688.036 63.0378
0.0974121 31.8546 31.9102	0 1086.46 61.1806
0.0976562 32.3006 31.3081	0 1296.97 59.5316
0.0979004 33.3753 30.7192	0 1675.35 57.6702
0.0981445 33.0067 30.1373	0 1415.23 55.331
0.0983887 29.2791 29.5583	0 867.248 52.5078
0.0986328 25.6834 28.9803	0 834.263 49.4571
0.098877 25.3973 28.4032	0 454.9 46.5912
0.0991211 28.1215 27.8278	0 714.732 44.3067
0.0993652 25.521 27.2566	0 551.613 42.8275
0.0996094 29.3053 26.6933	0 716.7 42.1333
0.0998535 30.5065 26.1442	0 821.205 41.9977
0.100098 25.9675 25.6176	0 659.007 42.1052
0.100342 24.3846 25.1243	0 542.885 42.1823
0.100586 22.9068 24.6763	0 616.878 42.082
0.10083 20.7382 24.2846	0 475.409 41.7937
0.101074 20.502 23.9579	0 314.602 41.3912
0.101318 23.0156 23.7	0 635.151 40.9581
0.101562 23.3279 23.5086	0 572.732 40.5296
0.101807 22.9215 23.3754	0 529.26 40.071
0.102051 21.0017 23.287	0 468.758 39.4914
0.102295 22.1747 23.2264	0 491.613 38.6791
0.102539 24.2511 23.1757	0 633.389 37.5413
0.102783 26.2765 23.1185	0 683.134 36.0379
0.103027 26.8143 23.0422	0 592.505 34.1997
0.103271 22.8334 22.9388	0 381.606 32.1292
0.103516 21.7668 22.8056	0 456.054 29.9841
0.10376 20.4181 22.6451	0 282.878 27.9533
0.104004 25.0721 22.4631	0 591.747 26.2327
0.104248 21.5666 22.2682	0 405.043 25.0038
0.104492 24.5556 22.0696	0 532.501 24.4069
0.104736 19.9832 21.8759	0 466.925 24.5052
0.10498 19.2405 21.6942	0 280.017 25.2454
0.105225 20.8093 21.5294	0 466.22 26.4359
0.105469 21.4174 21.3837	0 413.079 27.7678
0.105713 24.0026 21.2569	0 639.751 28.887
0.105957 18.3148 21.1471	0 268.875 29.4997
0.106201 20.1937 21.0506	0 657.273 29.4677
0.106445 21.7811 20.9636	0 443.477 28.85
0.106689 20.795 20.8821	0 322.032 27.8687
0.106934 23.6771 20.8027	0 514.529 26.8116
0.107178 18.2309 20.7228	0 323.103 25.9152
0.107422 21.1627 20.6411	0 480.943 25.2803
0.107666 22.2452 20.557	0 425.662 24.852
0.10791 17.9253 20.4709	0 317.399 24.4677
0.108154 20.4879 20.3838	0 330.455 23.9436
0.108398 20.9535 20.2978	0 546.086 23.1617
0.108643 20.7723 20.2155	0 439.176 22.123
0.108887 18.1279 20.1406	0 288.673 20.9555
0.109131 22.6833 20.0773	0 404.488 19.8771
0.109375 21.5845 20.0302	0 458.774 19.132
0.109619 18.8667 20.0041	0 293.034 18.92
0.109863 15.5341 20.0027	0 219.793 19.3399
0.110107 18.9376 20.0283	0 307.162 20.3647
0.110352 20.4707 20.081	0 436.382 21.8545
0.110596 20.7194 20.1587	0 409.267 23.6002
0.11084 22.7144 20.2569	0 752.629 25.3797
0.111084 19.2213 20.3692	0 373.028 27.0066
0.111328 17.5011 20.4881	0 299.553 28.36
0.111572 19.6497 20.6062	0 375.097 29.3922
0.111816 22.5933 20.717	0 575.969 30.1236
0.112061 23.0936 20.8165	0 601.334 30.6298
0.112305 21.7034 20.9034	0 484.438 31.0226
0.112549 22.8876 20.9794	0 457.741 31.4253
0.112793 20.3015 21.0494	0 334.381 31.9459
0.113037 20.9254 21.1199	0 499.036 32.6556
0.113281 18.6449 21.1986	0 411.624 33.5809
0.113525 20.8738 21.2925	0 416.07 34.7114
0.11377 19.2601 21.4074	0 296.505 36.0168
0.114014 22.7861 21.547	0 880.474 37.4632
0.114258 22.0232 21.713	0 467.694 39.0178
0.114502 22.5024 21.9053	0 573.479 40.6408
0.114746 20.8049 22.1229	0 471.395 42.2712
0.11499 21.1435 22.364	0 462.041 43.8188
0.115234 22.6171 22.6271	0 543.514 45.1715
0.115479 23.5096 22.9107	0 699.243 46.2175
0.115723 24.4554 23.2131	0 673.147 46.8693
0.115967 22.9947 23.5325	0 705.509 47.0749
0.116211 23.1543 23.8657	0 546.173 46.8106
0.116455 22.8412 24.2088	0 339.651 46.0694
0.116699 19.6576 24.5567	0 317.962 44.8647
0.116943 28.9402 24.9041	0 899.482 43.2622
0.117188 27.1283 25.2458	0 631.899 41.4259
0.117432 26.9481 25.5785	0 791.83 39.6412
0.117676 25.085 25.9005	0 522.038 38.2791
0.11792 28.5387 26.2125	0 477.963 37.6967
0.118164 27.3118 26.5165	0 597.913 38.1134
0.118408 23.9184 26.8155	0 632.674 39.5249
0.118652 25.6557 27.1115	0 721.923 41.7067
0.118896 26.9308 27.4047	0 658.54 44.3128
0.119141 27.4077 27.6932	0 725.917 47.0239
0.119385 26.127 27.9727	0 535.682 49.6742
0.119629 31.5224 28.2374	0 812.291 52.2983
0.119873 31.0677 28.4811	0 1256.93 55.0788
0.120117 30.2698 28.6988	0 1025.77 58.2227
0.120361 27.8564 28.8872	0 643.02 61.8309
0.120605 27.9047 29.0459	0 711.247 65.8207
0.12085 28.9317 29.1771	0 969.054 69.9393
0.121094 32.2457 29.2858	0 1169.22 73.8557
0.121338 27.7486 29.3792	0 1018.48 77.2837
0.121582 30.0459 29.4653	0 1079.6 80.0737
0.121826 30.9107 29.5529	0 963.587 82.2351
0.12207 29.8411 29.6496	0 1116.51 83.8934
0.122314 27.578 29.7617	0 743.266 85.2193
0.122559 26.9297 29.8927	0 766.097 86.3756
0.122803 30.4669 30.043	0 1039.29 87.4989
0.123047 29.3596 30.2102	0 995.941 88.7018
0.123291 33.9881 30.3891	0 1371.43 90.0646
0.123535 28.0682 30.5728	0 748.022 91.5985
0.123779 28.1977 30.7539	0 928.73 93.1981
0.124023 30.4741 30.9258	0 899.623 94.6191
0.124268 40.531 31.0832	0 1616.72 95.5145
0.124512 31.12 31.223	0 907.885 95.5298
0.124756 29.2051 31.3437	0 816.315 94.4203
0.125 28.802 31.4451	0 809.608 92.1399
0.125244 28.9434 31.5274	0 772.521 88.8651
0.125488 32.1617 31.5909	0 1633.38 84.9493
0.125732 34.914 31.6356	0 1031.72 80.8344
0.125977 34.8299 31.661	0 1098.74 76.9535
0.126221 29.8889 31.6671	0 823.176 73.657
0.126465 31.8168 31.6541	0 909.09 71.1758
0.126709 29.2159 31.623	0 698.46 69.6198
0.126953 36.7096 31.5755	0 1102.98 68.9956
0.127197 28.7436 31.5138	0 747.088 69.2277
0.127441 31.4077 31.4402	0 745.897 70.1667
0.127686 31.6414 31.357	0 1014.83 71.5876
0.12793 28.2212 31.2656	0 687.211 73.1882
0.128174 35.0879 31.167	0 1083.16 74.6082
0.128418 32.5199 31.0614	0 968.936 75.4825
0.128662 28.6721 30.9484	0 785.597 75.5253
0.128906 29.8385 30.8266	0 929.411 74.6206
0.12915 32.989 30.694	0 984.632 72.884
0.129395 29.371 30.5475	0 1103.72 70.6628
0.129639 31.2356 30.383	0 1054.7 68.4603
0.129883 29.0012 30.1954	0 811.683 66.8004
0.130127 30.7611 29.9793	0 727.897 66.0707
0.130371 30.9751 29.7291	0 1095.47 66.3939
0.130615 30.1298 29.4406	0 970.621 67.5717
0.130859 28.4467 29.1112	0 573.59 69.125
0.131104 32.1297 28.741	0 856.077 70.4237
0.131348 29.4217 28.3331	0 1206.79 70.8693
0.131592 27.4715 27.8928	0 1096.31 70.0723
0.131836 29.3214 27.4277	0 662.145 67.9637
0.13208 25.2698 26.9458	0 566 64.8014
0.132324 24.9677 26.4549	0 706.326 61.0692
0.132568 24.3171 25.9611	0 832.59 57.3062
0.132812 27.4636 25.469	0 638.228 53.9293
0.133057 23.938 24.9814	0 666.765 51.1174
0.133301 22.3392 24.4999	0 581.785 48.7968
0.133545 26.1916 24.0264	0 509.27 46.7305
0.133789 27.1327 23.5636	0 1041.46 44.6664
0.134033 21.3737 23.1158	0 718.746 42.4718
0.134277 23.068 22.6885	0 548.15 40.1922
0.134521 22.8104 22.2879	0 433.909 38.0112
0.134766 17.2613 21.9202	0 302.21 36.1438
0.13501 20.3867 21.5898	0 387.021 34.7287
0.135254 19.4722 21.299	0 340.946 33.7739
0.135498 21.2783 21.0476	0 716.577 33.1755
0.135742 22.312 20.833	0 520.385 32.781
0.135986 22.6287 20.6512	0 584.071 32.4531
0.13623 18.4855 20.4971	0 333.71 32.1056
0.136475 18.1892 20.3657	0 265.146 31.7065
0.136719 21.1827 20.2527	0 381.725 31.2693
0.136963 20.7035 20.1543	0 292.323 30.848
0.137207 21.3328 20.0671	0 423.413 30.5364
0.137451 17.7901 19.9876	0 225.195 30.4577
0.137695 19.1016 19.9118	0 322.614 30.7309
0.137939 20.336 19.8347	0 430.223 31.4174
0.138184 21.6955 19.7501	0 443.54 32.468
0.138428 18.0013 19.6506	0 470.884 33.699
0.138672 19.4787 19.5285	0 315.268 34.8179
0.138916 19.2398 19.3761	0 480.396 35.4971
0.13916 21.7332 19.1874	0 530.665 35.471
0.139404 19.7297 18.9587	0 511.174 34.619
0.139648 20.327 18.6899	0 476.351 33.0024
0.139893 19.8751 18.3853	0 437.078 30.8394
0.140137 15.4036 18.0531	0 193.677 28.4356
0.140381 22.8581 17.7054	0 628.322 26.0977
0.140625 13.93 17.3567	0 174.83 24.0643
0.140869 17.2804 17.0224	0 415.378 22.472
0.141113 15.751 16.7169	0 224.539 21.356
0.141357 14.6151 16.4513	0 137.494 20.6745
0.141602 13.1875 16.233	0 183.694 20.3404
0.141846 16.7883 16.064	0 278.878 20.2504
0.14209 13.3572 15.9413	0 160.223 20.3045
0.142334 15.7119 15.8577	0 237.716 20.4152
0.142578 18.4772 15.8027	0 421.562 20.5077
0.142822 13.9478 15.7646	0 173.88 20.5152
0.143066 16.3514 15.7318	0 265.171 20.3769
0.143311 16.8272 15.6947	0 267.137 20.042
0.143555 15.0399 15.6462	0 259.119 19.4827
0.143799 17.5773 15.5828	0 228.551 18.7091
0.144043 15.0832 15.5042	0 270.944 17.7768
0.144287 17.7378 15.4131	0 337.603 16.7799
0.144531 13.5149 15.3138	0 216.48 15.8287
0.144775 15.4144 15.2117	0 234.441 15.0218
0.14502 13.6532 15.1117	0 167.277 14.4212
0.145264 13.6333 15.0181	0 152.839 14.0411
0.145508 15.0069 14.9335	0 191.291 13.8499
0.145752 16.0826 14.8592	0 273.169 13.7842
0.145996 15.6088 14.7953	0 172.904 13.7692
0.14624 13.5221 14.7413	0 251.302 13.7392
0.146484 14.9039 14.6966	0 199.913 13.6517
0.146729 14.1167 14.6608	0 155.678 13.4934
0.146973 15.1458 14.6339	0 159.231 13.2754
0.147217 14.4727 14.6164	0 222.526 13.0231
0.147461 13.6674 14.6085	0 168.215 12.765
0.147705 15.7372 14.6101	0 297.713 12.5239
0.147949 14.2148 14.6202	0 236.114 12.3113
0.148193 14.0195 14.6367	0 162.582 12.1246
0.148438 13.8481 14.656	0 177.668 11.9481
0.148682 13.9428 14.6738	0 187.166 11.76
0.148926 13.7255 14.6855	0 181.433 11.5454
0.14917 16.9154 14.6872	0 284.315 11.3121
0.149414 17.9209 14.6765	0 288.712 11.0996
0.149658 14.379 14.6533	0 170.793 10.9764
0.149902 13.1567 14.6198	0 169.849 11.0203
0.150146 15.9451 14.5808	0 267.611 11.2905
0.150391 14.6443 14.5426	0 243.157 11.8009
0.150635 11.8685 14.512	0 135.891 12.5082
0.150879 14.854 14.4959	0 275.799 13.3206
0.151123 14.4853 14.4996	0 279.143 14.125
0.151367 13.6537 14.5265	0 245.144 14.8222
0.151611 12.8955 14.5784	0 172.461 15.3562
0.151855 15.5833 14.6546	0 238.36 15.728
0.1521 14.3088 14.7532	0 151.882 15.9881
0.152344 16.3342 14.8709	0 279.464 16.2123
0.152588 13.2851 15.0037	0 169.494 16.4697
0.152832 15.3966 15.1468	0 249.648 16.7968
0.153076 15.039 15.2948	0 180.135 17.1862
0.15332 14.9203 15.4418	0 212.103 17.5945
0.153564 15.8704 15.5812	0 242.981 17.962
0.153809 17.1611 15.7063	0 281.683 18.2355
0.154053 13.9027 15.81	0 179.716 18.3846
0.154297 18.8572 15.8859	0 307.473 18.407
0.154541 15.6553 15.9289	0 216.011 18.3249
0.154785 14.5478 15.936	0 213.124 18.1732
0.155029 18.8394 15.9068	0 275.842 17.9847
0.155273 18.3105 15.844	0 333.404 17.7751
0.155518 15.7212 15.7534	0 199.929 17.5359
0.155762 13.5586 15.6433	0 149.828 17.2382
0.156006 17.7884 15.5233	0 294.91 16.8506
0.15625 15.5608 15.4034	0 235.354 16.3614
0.156494 13.0579 15.2923	0 162.351 15.7939
0.156738 13.1589 15.1964	0 176.681 15.2035
0.156982 13.3652 15.1193	0 114.61 14.6589
0.157227 15.4817 15.0619	0 260.05 14.2171
0.157471 17.1293 15.0229	0 275.468 13.9058
0.157715 15.2927 14.9998	0 283.176 13.7213
0.157959 13.6391 14.9903	0 156.407 13.6382
0.158203 14.9523 14.9927	0 220.972 13.6231
0.158447 17.3317 15.0069	0 316.281 13.6452
0.158691 14.382 15.0339	0 148.168 13.6834
0.158936 14.8548 15.0756	0 163.662 13.7308
0.15918 13.0795 15.1339	0 196.409 13.7975
0.159424 12.4699 15.2102	0 185.49 13.9104
0.159668 16.0668 15.3046	0 141.715 14.1053
0.159912 17.5164 15.4156	0 284.903 14.4123
0.160156 16.0807 15.5405	0 240.676 14.8393
0.1604 13.7397 15.6754	0 246.899 15.3623
0.160645 15.7156 15.8157	0 265.245 15.9297
0.160889 16.4112 15.9564	0 234.104 16.4793
0.161133 16.412 16.0927	0 238.135 16.9607
0.161377 15.9585 16.2201	0 255.173 17.3525
0.161621 16.9509 16.335	0 189.193 17.6658
0.161865 16.7893 16.4348	0 213.12 17.9351
0.162109 15.8502 16.5181	0 231.534 18.2034
0.162354 18.6477 16.5848	0 418.812 18.5097
0.162598 17.284 16.6362	0 252.421 18.8845
0.162842 14.4459 16.6745	0 179.379 19.3496
0.163086 20.343 16.7022	0 433.988 19.9157
0.16333 14.5155 16.7218	0 254.994 20.5724
0.163574 16.6015 16.7349	0 349.665 21.273
0.163818 15.932 16.7424	0 201.857 21.9251
0.164062 14.5751 16.7438	0 218.45 22.4012
0.164307 18.4862 16.7381	0 368.255 22.5733
0.164551 18.7208 16.7245	0 443.6 22.3627
0.164795 18.2291 16.7028	0 344.205 21.7802
0.165039 15.8149 16.6739	0 206.153 20.9337
0.165283 16.1129 16.6403	0 227.647 19.9958
0.165527 16.1805 16.6056	0 228.249 19.1439
0.165771 18.3487 16.5737	0 315.629 18.5042
0.166016 15.4396 16.5479	0 238.827 18.1214
0.16626 14.5736 16.53	0 310.173 17.965
0.166504 16.1773 16.5197	0 243.307 17.9593
0.166748 16.1131 16.5143	0 254.735 18.0183
0.166992 15.751 16.5093	0 210.951 18.0709
0.167236 18.2582 16.499	0 293.787 18.0707
0.16748 16.6049 16.4778	0 313.899 17.9967
0.167725 18.6366 16.4414	0 326.156 17.8489
0.167969 17.3567 16.387	0 335 17.6432
0.168213 15.6058 16.3141	0 204.827 17.4037
0.168457 16.0044 16.2239	0 228.272 17.1544
0.168701 15.5494 16.1188	0 184.17 16.9106
0.168945 17.673 16.0015	0 366.098 16.6735
0.169189 13.7328 15.8746	0 194.715 16.4305
0.169434 16.0486 15.7396	0 325.615 16.1598
0.169678 15.3842 15.5976	0 159.41 15.8381
0.169922 15.6525 15.4491	0 284.475 15.4512
0.170166 15.7525 15.2949	0 227.286 15.0051
0.17041 17.3604 15.1369	0 376.137 14.5368
0.170654 14.4113 14.9781	0 173.325 14.1176
0.170898 14.2871 14.8228	0 239.109 13.8445
0.171143 14.9203 14.676	0 184.556 13.8164
0.171387 14.6234 14.5427	0 246.384 14.1004
0.171631 12.6524 14.4269	0 160.467 14.7011
0.171875 13.5291 14.3308	0 209.605 15.5454
0.172119 12.2814 14.2541	0 176.228 16.4923
0.172363 14.1086 14.1941	0 308.687 17.3666
0.172607 15.2753 14.1461	0 248.109 18.0044
0.172852 15.0315 14.1038	0 223.962 18.2971
0.173096 15.7894 14.0609	0 213.223 18.2185
0.17334 11.9658 14.0112	0 137.265 17.8263
0.173584 13.8268 13.9498	0 174.437 17.2375
0.173828 15.4282 13.8735	0 204.171 16.587
0.174072 13.8835 13.7807	0 197.427 15.983
0.174316 13.311 13.6721	0 113.032 15.4774
0.174561 14.4641 13.5497	0 182.727 15.0607
0.174805 13.5164 13.4171	0 136.818 14.6827
0.175049 14.5468 13.2786	0 158.935 14.2872
0.175293 12.0183 13.1394	0 154.372 13.8442
0.175537 12.0838 13.0044	0 142.921 13.3645
0.175781 12.9746 12.8779	0 178.275 12.8914
0.176025 12.7439 12.7636	0 156.986 12.4766
0.17627 11.1909 12.6642	0 145.582 12.1545
0.176514 12.1149 12.5812	0 155.004 11.9276
0.176758 13.0408 12.5157	0 140.713 11.7692
0.177002 14.1567 12.4678	0 180.994 11.6391
0.177246 11.9217 12.4371	0 140.719 11.5024
0.17749 10.4748 12.4226	0 93.0288 11.3405
0.177734 12.4985 12.4223	0 173.774 11.1509
0.177979 12.205 12.4333	0 148.996 10.9384
0.178223 13.0623 12.4514	0 160.583 10.7058
0.178467 11.0898 12.4714	0 141.833 10.4504
0.178711 10.8638 12.4872	0 177.49 10.17
0.178955 14.8093 12.4929	0 208.157 9.87085
0.179199 14.4207 12.4832	0 174.721 9.57173
0.179443 13.2737 12.4543	0 159.464 9.29955
0.179688 11.3532 12.4045	0 185.347 9.07831
0.179932 13.3789 12.3343	0 139.303 8.91852
0.180176 12.4778 12.2463	0 121.61 8.81303
0.18042 12.6336 12.1448	0 234.439 8.74078
0.180664 10.5076 12.035	0 102.074 8.67483
0.180908 13.0292 11.9223	0 118.717 8.59039
0.181152 11.0583 11.8115	0 129.06 8.47049
0.181396 10.9486 11.707	0 100.087 8.31047
0.181641 11.7793 11.6115	0 197.041 8.12219
0.181885 11.8838 11.5271	0 153.951 7.93622
0.182129 10.3571 11.4543	0 119.913 7.79808
0.182373 11.4779 11.3929	0 93.6516 7.75576
0.182617 12.5702 11.3418	0 148.836 7.84149
0.182861 10.6133 11.299	0 106.729 8.05573
0.183105 10.5565 11.2618	0 91.6759 8.36211
0.18335 10.2965 11.2271	0 101.533 8.69676
0.183594 11.1037 11.1917	0 104.332 8.98754
0.183838 12.7134 11.1526	0 160.333 9.17449
0.184082 11.2668 11.1074	0 124.983 9.22404
0.184326 9.98594 11.0554	0 88.9947 9.13474
0.18457 13.0531 10.9968	0 178.708 8.93611
0.184814 12.4146 10.9337	0 159.649 8.6827
0.185059 10.5628 10.8688	0 122.426 8.44363
0.185303 8.65514 10.8055	0 63.1586 8.28757
0.185547 9.61818 10.7468	0 103.119 8.26502
0.185791 10.2273 10.6948	0 113.363 8.39377
0.186035 10.7564 10.6505	0 110.744 8.6535
0.186279 11.6156 10.6139	0 137.14 8.99278
0.186523 11.1004 10.5839	0 141.831 9.34592
0.186768 10.8717 10.5594	0 137.339 9.65307
0.187012 9.35947 10.5391	0 61.8727 9.87638
0.187256 9.69133 10.5228	0 134.558 10.0075
0.1875 11.4891 10.5106	0 149.171 10.0652
0.187744 12.0896 10.5038	0 113.46 10.0848
0.187988 9.83052 10.5038	0 93.1043 10.103
0.188232 8.96718 10.5119	0 76.7917 10.1439
0.188477 10.1956 10.5291	0 95.8364 10.211
0.188721 11.1125 10.5552	0 168.833 10.2874
0.188965 10.1585 10.5887	0 98.0897 10.3446
0.189209 9.6278 10.6272	0 97.8102 10.3524
0.189453 10.8396 10.6673	0 161.522 10.2868
0.189697 10.9403 10.7054	0 116.463 10.1324
0.189941 11.2331 10.7379	0 101.282 9.8823
0.190186 12.8875 10.7624	0 129.399 9.5383
0.19043 10.3268 10.7772	0 120.395 9.11315
0.190674 10.7596 10.7817	0 127.281 8.63258
0.190918 10.3392 10.7765	0 108.875 8.13379
0.191162 9.79757 10.7624	0 61.5433 7.65919
0.191406 11.2876 10.7407	0 113.913 7.24752
0.19165 11.8531 10.7124	0 101.512 6.92615
0.191895 10.1473 10.6784	0 132.457 6.70695
0.192139 10.2922 10.6395	0 82.5006 6.58606
0.192383 10.3806 10.5966	0 76.7295 6.54564
0.192627 10.8187 10.5513	0 113.833 6.55683
0.192871 11.0427 10.5056	0 82.1077 6.58404
0.193115 13.2211 10.4623	0 181.198 6.59133
0.193359 7.77589 10.4248	0 54.194 6.55065
0.193604 8.97487 10.3968	0 64.2302 6.4496
0.193848 11.0074 10.3816	0 100.493 6.29606
0.194092 9.51873 10.382	0 125.187 6.1175
0.194336 11.0852 10.3998	0 92.3555 5.95505
0.19458 9.78858 10.4359	0 97.1078 5.854
0.194824 9.80527 10.4896	0 76.7759 5.85379
0.195068 10.131 10.5593	0 83.0318 5.97956
0.195312 11.3846 10.6425	0 109.344 6.2373
0.195557 9.82659 10.7356	0 105.59 6.61295
0.195801 12.1685 10.8344	0 152.311 7.07538
0.196045 10.8407 10.9341	0 127.78 7.58243
0.196289 8.29351 11.0291	0 68.8941 8.0888
0.196533 12.8275 11.114	0 125.006 8.55378
0.196777 12.0311 11.183	0 187.43 8.94708
0.197021 12.0956 11.2311	0 200.677 9.25111
0.197266 10.6504 11.2544	0 94.7542 9.45913
0.19751 12.3547 11.2503	0 140.318 9.5708
0.197754 11.5764 11.2185	0 172.055 9.58739
0.197998 11.7514 11.161	0 151.947 9.50962
0.198242 13.6311 11.0819	0 226.072 9.33898
0.198486 8.48243 10.9873	0 54.1923 9.08121
0.19873 11.9197 10.8844	0 117.924 8.7493
0.198975 10.4434 10.781	0 118.738 8.36366
0.199219 10.8456 10.6841	0 109.574 7.94916
0.199463 8.62206 10.5997	0 65.7185 7.53068
0.199707 10.2811 10.5317	0 123.399 7.12958
0.199951 10.0077 10.4822	0 146.232 6.76276
0.200195 10.2743 10.4512	0 97.7887 6.44483
0.200439 10.3896 10.4371	0 104.771 6.19204
0.200684 11.0015 10.4372	0 117.954 6.02543
0.200928 10.1661 10.4486	0 72.7944 5.97036
0.201172 10.4372 10.4683	0 102.861 6.05045
0.201416 10.6128 10.4934	0 70.4513 6.27694
0.20166 10.7714 10.5216	0 86.6402 6.63728
0.201904 10.0543 10.5509	0 70.6452 7.08852
0.202148 10.9646 10.5794	0 126.629 7.56049
0.202393 9.68302 10.6053	0 102.221 7.96992
0.202637 10.8221 10.6268	0 173.414 8.24208
0.202881 10.506 10.6422	0 112.981 8.33246
0.203125 11.8643 10.65	0 148.16 8.24007
0.203369 11.107 10.6495	0 133.535 8.00663
0.203613 11.5808 10.6404	0 111.453 7.70203
0.203857 8.80173 10.6234	0 89.1301 7.40241
0.204102 10.6015 10.5999	0 111.728 7.17017
0.204346 11.9829 10.5721	0 113.327 7.04307
0.20459 10.0539 10.5425	0 62.834 7.03385
0.204834 10.0288 10.5137	0 103.876 7.13615
0.205078 11.4024 10.4882	0 120.058 7.33085
0.205322 9.75652 10.4681	0 77.9143 7.58943
0.205566 9.56408 10.4545	0 68.8161 7.87527
0.205811 10.8132 10.4477	0 130.183 8.14589
0.206055 9.85038 10.4472	0 110.56 8.35843
0.206299 10.8393 10.4516	0 111.135 8.47785
0.206543 10.1244 10.459	0 118.441 8.48497
0.206787 10.4258 10.4675	0 136.32 8.38183
0.207031 11.2269 10.4751	0 106.241 8.19225
0.207275 10.5523 10.4808	0 106.293 7.95737
0.20752 10.8231 10.4839	0 145.138 7.72619
0.207764 10.3193 10.4847	0 113.004 7.54281
0.208008 10.2179 10.4837	0 91.7967 7.43385
0.208252 10.724 10.482	0 92.4315 7.40077
0.208496 10.8493 10.4802	0 96.6139 7.42112
0.20874 10.186 10.4787	0 118.533 7.45925
0.208984 8.99621 10.4774	0 77.7345 7.48215
0.209229 9.72124 10.4758	0 118.36 7.47324
0.209473 11.7639 10.4731	0 130.715 7.43774
0.209717 12.1152 10.4689	0 162.359 7.3978
0.209961 10.4484 10.4631	0 85.2794 7.38045
0.210205 10.9735 10.4562	0 135.347 7.4046
0.210449 8.63264 10.4493	0 83.83 7.47277
0.210693 10.827 10.4437	0 86.6968 7.57022
0.210938 10.3168 10.4408	0 107.85 7.67072
0.211182 9.22869 10.4416	0 97.5346 7.74589
0.211426 11.3813 10.4467	0 85.1897 7.77418
0.21167 10.5769 10.4558	0 114.813 7.74624
0.211914 10.236 10.468	0 93.9841 7.66547
0.212158 11.7113 10.4816	0 97.1521 7.54427
0.212402 9.1785 10.4945	0 74.2496 7.39847
0.212646 10.0763 10.5043	0 92.092 7.24266
0.212891 10.5201 10.5083	0 116.854 7.08822
0.213135 11.1604 10.5042	0 108.132 6.94376
0.213379 10.9503 10.4903	0 85.9249 6.81642
0.213623 10.4714 10.4657	0 178.141 6.71171
0.213867 10.8966 10.4308	0 107.222 6.63139
0.214111 11.813 10.3869	0 121.551 6.5705
0.214355 10.4582 10.3362	0 97.0587 6.51611
0.2146 9.03279 10.2816	0 84.57 6.45004
0.214844 8.89322 10.2256	0 73.2771 6.35563
0.215088 11.6394 10.1699	0 135.838 6.22579
0.215332 9.55076 10.1154	0 105.305 6.06861
0.215576 8.91935 10.0615	0 74.5344 5.90719
0.21582 10.4311 10.0068	0 97.8413 5.77318
0.216064 10.0395 9.94941	0 62.1595 5.69624
0.216309 10.4402 9.88762	0 79.9382 5.6935
0.216553 10.8127 9.82059	0 117.022 5.763
0.216797 10.382 9.74873	0 102.01 5.88354
0.217041 9.70531 9.67386	0 71.2914 6.02068
0.217285 8.93673 9.59899	0 103.54 6.13684
0.217529 9.19548 9.52772	0 101.789 6.20213
0.217773 8.86131 9.46367	0 61.7076 6.20262
0.218018 10.0327 9.40974	0 107.392 6.14357
0.218262 7.62346 9.36769	0 68.949 6.04674
0.218506 9.14001 9.33787	0 75.2987 5.94231
0.21875 9.69194 9.3194	0 88.3439 5.85792
0.218994 9.53969 9.31047	0 93.191 5.80842
0.219238 8.89091 9.30889	0 58.452 5.79022
0.219482 10.3195 9.31258	0 164.381 5.78257
0.219727 8.10477 9.32	0 67.5003 5.75526
0.219971 10.4352 9.33028	0 115.279 5.67954
0.220215 10.2968 9.34314	0 87.95 5.53802
0.220459 7.88688 9.35863	0 67.413 5.33026
0.220703 8.30251 9.37662	0 98.1 5.07353
0.220947 10.243 9.39647	0 84.7032 4.79929
0.221191 10.5801 9.41674	0 91.0532 4.54674
0.221436 7.54108 9.43518	0 63.5399 4.35417
0.22168 8.89689 9.44906	0 75.7068 4.24972
0.221924 8.96733 9.45566	0 65.7446 4.24389
0.222168 11.37 9.45286	0 117.288 4.32642
0.222412 12.5893 9.4397	0 123.822 4.46884
0.222656 9.00627 9.41665	0 68.1492 4.63181
0.2229 8.33913 9.38556	0 65.4553 4.77441
0.223145 7.73175 9.34927	0 49.7856 4.86291
0.223389 9.60695 9.31103	0 115.836 4.87714
0.223633 10.1184 9.27384	0 81.3293 4.81367
0.223877 8.69269 9.23994	0 125.088 4.68524
0.224121 8.58475 9.2105	0 67.8642 4.51646
0.224365 8.19651 9.18559	0 71.8021 4.33681
0.224609 10.8961 9.16447	0 124.091 4.17337
0.224854 9.31426 9.14592	0 82.2361 4.04548
0.225098 8.60835 9.12877	0 70.7773 3.96268
0.225342 8.51627 9.11214	0 89.6333 3.92532
0.225586 10.3431 9.09571	0 90.1611 3.92652
0.22583 9.17807 9.07971	0 65.1046 3.95496
0.226074 8.06411 9.06476	0 72.9317 3.99916
0.226318 9.49344 9.0516	0 95.7319 4.05296
0.226562 8.70623 9.04073	0 70.9359 4.12055
0.226807 9.24453 9.03215	0 80.2107 4.21727
0.227051 8.41693 9.02512	0 56.0148 4.3634
0.227295 9.30781 9.01813	0 69.4555 4.57245
0.227539 8.73483 9.00906	0 69.5797 4.83926
0.227783 8.31838 8.99545	0 90.1998 5.13532
0.228027 10.5131 8.97496	0 145.751 5.41497
0.228271 8.56647 8.94585	0 81.6769 5.63024
0.228516 10.1148 8.90744	0 79.7937 5.74715
0.22876 8.64064 8.8603	0 69.2198 5.7555
0.229004 9.19185 8.80636	0 80.3811 5.66849
0.229248 8.17975 8.74865	0 68.6463 5.51416
0.229492 9.4233 8.6909	0 109.311 5.32435
0.229736 8.46597 8.63698	0 53.2714 5.12671
0.22998 7.71573 8.59031	0 64.4393 4.94164
0.230225 7.82071 8.55344	0 55.2347 4.78274
0.230469 7.76899 8.52783	0 63.2162 4.65767
0.230713 8.92839 8.51383	0 79.3255 4.56808
0.230957 8.07208 8.5109	0 63.486 4.50923
0.231201 9.25131 8.51798	0 65.7821 4.47153
0.231445 9.52534 8.53375	0 136.096 4.44467
0.231689 7.82911 8.55691	0 48.2842 4.42293
0.231934 7.55945 8.58624	0 52.265 4.40855
0.232178 9.04998 8.62051	0 81.1839 4.41074
0.232422 8.66865 8.65839	0 75.2327 4.44048
0.232666 8.24098 8.6983	0 58.1123 4.50426
0.23291 8.67888 8.73844	0 86.6344 4.60049
0.233154 8.36878 8.77693	0 72.8882 4.72079
0.233398 9.43796 8.81205	0 103.439 4.85518
0.233643 9.6631 8.84255	0 84.8235 4.99742
0.233887 9.12057 8.86792	0 62.1454 5.14684
0.234131 9.41846 8.88844	0 102.893 5.30517
0.234375 8.45056 8.90513	0 55.4584 5.47047
0.234619 8.34871 8.91946	0 63.6202 5.63201
0.234863 8.51582 8.93299	0 79.3398 5.77004
0.235107 9.39949 8.9469	0 91.0811 5.8613
0.235352 8.93361 8.96175	0 78.3041 5.88783
0.235596 9.33949 8.97723	0 90.8275 5.84433
0.23584 8.08624 8.99225	0 70.1442 5.74032
0.236084 8.348 9.00519	0 57.1675 5.5961
0.236328 10.147 9.01428	0 173.415 5.43541
0.236572 9.37131 9.01811	0 85.3435 5.27889
0.236816 8.89564 9.01602	0 63.5141 5.14125
0.237061 9.69065 9.00842	0 103.718 5.032
0.237305 9.716 8.99682	0 68.745 4.95698
0.237549 8.93119 8.98368	0 46.7645 4.91843
0.237793 8.28347 8.97194	0 54.2963 4.91328
0.238037 7.89201 8.96454	0 59.5732 4.93188
0.238281 8.66955 8.96382	0 71.163 4.95965
0.238525 9.49908 8.97104	0 79.5892 4.98219
0.23877 9.53836 8.98612	0 69.532 4.99154
0.239014 6.89406 9.00757	0 42.6772 4.9898
0.239258 10.8816 9.03266	0 111.814 4.98769
0.239502 7.44539 9.05788	0 48.1062 4.99818
0.239746 8.92296 9.07939	0 92.5214 5.0286
0.23999 11.0646 9.09366	0 153.541 5.07514
0.240234 9.46537 9.09793	0 88.3227 5.12212
0.240479 9.49583 9.09057	0 79.6587 5.14609
0.240723 8.02566 9.07131	0 65.6215 5.12264
0.240967 10.2666 9.0412	0 111.911 5.03343
0.241211 8.49464 9.00238	0 68.2875 4.87174
0.241455 9.13819 8.95778	0 76.7059 4.64529
0.241699 9.34205 8.91069	0 85.8623 4.37575
0.241943 8.51256 8.86444	0 61.5361 4.09471
0.242188 7.90102 8.82203	0 65.6429 3.83661
0.242432 9.16321 8.78596	0 77.165 3.63064
0.242676 8.30173 8.75812	0 70.1572 3.49432
0.24292 8.67055 8.73974	0 74.1496 3.43133
0.243164 8.67911 8.73144	0 47.8048 3.43455
0.243408 9.78759 8.73325	0 82.4952 3.49298
0.243652 6.99785 8.74456	0 46.066 3.59906
0.243896 8.57589 8.76416	0 51.1235 3.75259
0.244141 10.16 8.7902	0 105.843 3.95892
0.244385 7.82369 8.82024	0 60.3122 4.22237
0.244629 7.99365 8.85137	0 72.1378 4.5388
0.244873 9.02943 8.88051	0 118.218 4.89184
0.245117 8.90839 8.90468	0 112.696 5.25483
0.245361 11.4844 8.92142	0 115.803 5.59696
0.245605 8.26169 8.92906	0 89.5904 5.88948
0.24585 8.73855 8.92693	0 59.7543 6.10892
0.246094 8.67729 8.91538	0 72.8468 6.23734
0.246338 10.0307 8.89568	0 102.049 6.26216
0.246582 8.03728 8.86973	0 71.4217 6.17839
0.246826 9.02618 8.83976	0 93.5131 5.99329
0.24707 8.19487 8.80807	0 82.4181 5.73076
0.247314 9.0053 8.77675	0 135.339 5.43205
0.247559 9.77785 8.7476	0 90.7574 5.15034
0.247803 7.6425 8.722	0 49.6552 4.93986
0.248047 8.72091 8.701	0 65.5213 4.84241
0.248291 8.09261 8.68531	0 56.9663 4.8756
0.248535 8.97947 8.67536	0 71.1011 5.02711
0.248779 9.33186 8.67131	0 105.785 5.25741
0.249023 8.50411 8.67307	0 102.379 5.5114
0.249268 7.0838 8.68028	0 40.7934 5.73554
0.249512 9.96044 8.6923	0 188.876 5.89449
0.249756 8.42475 8.70825	0 86.5137 5.98022
0.25 8.89274 8.72706	0 66.9388 6.00968
0.250244 7.47646 8.74761	0 75.2283 6.01223
0.250488 9.65744 8.76887	0 125.589 6.01341
0.250732 8.52011 8.79012	0 89.8275 6.02342
0.250977 10.0313 8.81103	0 99.0601 6.03539
0.251221 8.99905 8.83171	0 72.3624 6.03318
0.251465 7.73244 8.85261	0 63.991 6.00302
0.251709 9.31335 8.87432	0 70.0297 5.94254
0.251953 8.34714 8.89733	0 87.5779 5.86247
0.252197 8.91786 8.92167	0 83.2347 5.7811
0.252441 8.79451 8.94678	0 54.6707 5.71504
0.252686 9.86271 8.97137	0 101.384 5.67125
0.25293 8.28631 8.99356	0 77.3326 5.64413
0.253174 8.35471 9.01112	0 91.3027 5.61847
0.253418 7.98153 9.02181	0 61.0934 5.57602
0.253662 12.1767 9.0238	0 154.89 5.50227
0.253906 10.3326 9.01594	0 129.815 5.39068
0.25415 7.05794 8.99786	0 40.528 5.24374
0.254395 9.69938 8.97002	0 109.03 5.07186
0.254639 8.2616 8.93345	0 48.7793 4.89148
0.254883 9.05175 8.88956	0 93.0305 4.72232
0.255127 8.64897 8.83988	0 62.7896 4.58308
0.255371 8.92826 8.78595	0 54.2377 4.48562
0.255615 9.51044 8.72935	0 65.1492 4.42958
0.255859 7.7768 8.67175	0 53.784 4.40079
0.256104 9.46271 8.61509	0 92.9775 4.37537
0.256348 7.96271 8.56169	0 48.481 4.32878
0.256592 9.55909 8.51421	0 73.6239 4.24552
0.256836 7.12656 8.47549	0 42.6209 4.1251
0.25708 8.91772 8.44815	0 75.6003 3.98195
0.257324 7.66257 8.4342	0 59.1958 3.84068
0.257568 8.51096 8.43455	0 56.3029 3.72975
0.257812 7.62179 8.44866	0 45.7411 3.67598
0.258057 8.09708 8.47444	0 60.7911 3.70021
0.258301 7.76818 8.50836	0 71.3137 3.8129
0.258545 8.10079 8.54587	0 68.8476 4.00943
0.258789 10.5399 8.582	0 96.6802 4.2667
0.259033 8.80674 8.61205	0 81.4652 4.5441
0.259277 8.65504 8.63227	0 108.678 4.79082
0.259521 9.33205 8.64032	0 94.9589 4.95833
0.259766 8.95217 8.63551	0 88.7162 5.01351
0.26001 8.74154 8.61882	0 83.8325 4.94735
0.260254 8.25062 8.59262	0 64.6688 4.77575
0.260498 8.08918 8.56024	0 55.46 4.53297
0.260742 9.01071 8.52545	0 64.5273 4.2608
0.260986 8.87912 8.49194	0 81.2873 3.99785
0.26123 8.42859 8.46276	0 86.1442 3.77189
0.261475 7.95205 8.43998	0 59.39 3.597
0.261719 7.98753 8.42444	0 54.6712 3.47541
0.261963 6.8797 8.4157	0 46.9914 3.40299
0.262207 8.31306 8.41221	0 48.4045 3.37582
0.262451 9.67804 8.41172	0 96.8225 3.39491
0.262695 8.45783 8.41171	0 66.1192 3.46669
0.262939 9.433 8.40994	0 84.7241 3.59863
0.263184 8.60209 8.40485	0 65.8972 3.79269
0.263428 7.44941 8.39585	0 43.5274 4.04013
0.263672 8.23939 8.38335	0 66.224 4.32092
0.263916 8.67965 8.36863	0 74.0691 4.60799
0.26416 8.81321 8.35357	0 83.8212 4.87397
0.264404 8.50269 8.34022	0 66.0705 5.09684
0.264648 8.15564 8.33044	0 54.681 5.26237
0.264893 7.3479 8.32556	0 49.6702 5.3634
0.265137 7.6351 8.32615	0 58.8271 5.39788
0.265381 8.73613 8.33191	0 71.9421 5.36755
0.265625 8.8111 8.34178	0 88.8625 5.27783
0.265869 7.89281 8.35405	0 88.8443 5.13814
0.266113 8.8215 8.36667	0 90.9269 4.96149
0.266357 8.88852 8.37757	0 87.573 4.76314
0.266602 6.83857 8.38498	0 47.6182 4.55877
0.266846 9.94389 8.38771	0 117.623 4.36316
0.26709 8.01423 8.38537	0 60.0363 4.18948
0.267334 8.13165 8.37843	0 72.5597 4.04848
0.267578 10.043 8.36815	0 91.3588 3.94734
0.267822 7.48718 8.35636	0 55.917 3.88819
0.268066 8.66366 8.34509	0 71.1105 3.86735
0.268311 7.812 8.33615	0 63.619 3.87622
0.268555 7.15828 8.33073	0 67.0479 3.90401
0.268799 8.9932 8.3291	0 92.4231 3.94147
0.269043 7.51907 8.33051	0 73.1783 3.98373
0.269287 8.81753 8.33332	0 74.4174 4.03068
0.269531 8.53639 8.33531	0 57.2097 4.08438
0.269775 8.17842 8.33419	0 67.43 4.14446
0.27002 8.54936 8.32805	0 71.033 4.20423
0.270264 9.70894 8.31581	0 132.86 4.24983
0.270508 7.93491 8.29747	0 61.027 4.26354
0.270752 8.30677 8.27421	0 65.106 4.23013
0.270996 7.53459 8.24813	0 59.6756 4.1437
0.27124 8.86068 8.22201	0 69.7225 4.01234
0.271484 8.0532 8.19883	0 77.2674 3.85872
0.271729 8.11526 8.18126	0 56.4572 3.71649
0.271973 7.37367 8.1713	0 66.2094 3.6233
0.272217 8.65851 8.16991	0 76.1106 3.61261
0.272461 6.71534 8.17699	0 48.591 3.70598
0.272705 8.56186 8.19138	0 72.3977 3.90785
0.272949 8.62684 8.21117	0 63.1421 4.20383
0.273193 7.47228 8.23416	0 42.7206 4.56293
0.273438 8.78997 8.25826	0 89.0159 4.9435
0.273682 8.59606 8.28195	0 73.2194 5.30122
0.273926 9.50019 8.30455	0 103.246 5.59717
0.27417 8.04872 8.32632	0 86.8935 5.80395
0.274414 7.52309 8.3483	0 71.6882 5.90862
0.274658 8.51146 8.37201	0 80.3591 5.91279
0.274902 7.71073 8.39908	0 68.9895 5.83066
0.275146 8.87959 8.43082	0 68.751 5.68611
0.275391 8.51902 8.46791	0 81.414 5.50925
0.275635 7.31678 8.51026	0 65.6155 5.33202
0.275879 9.00038 8.55696	0 79.2799 5.18281
0.276123 8.71001 8.60639	0 70.8847 5.08051
0.276367 9.53603 8.65644	0 71.5335 5.02998
0.276611 7.55504 8.70477	0 43.8981 5.02108
0.276855 9.26346 8.74903	0 128.44 5.03228
0.2771 8.80686 8.78717	0 85.9589 5.03811
0.277344 9.31381 8.81759	0 76.6948 5.01726
0.277588 8.79252 8.83936	0 94.4849 4.95814
0.277832 8.97114 8.85227	0 79.3216 4.85997
0.278076 8.39202 8.85686	0 65.5782 4.72999
0.27832 10.7833 8.85425	0 89.5418 4.57931
0.278564 9.19711 8.84601	0 134.761 4.41968
0.278809 7.40206 8.83391	0 70.1333 4.26226
0.279053 8.03885 8.81964	0 77.6128 4.11764
0.279297 8.0814 8.80467	0 60.3868 3.99603
0.279541 10.0452 8.7901	0 113.282 3.90659
0.279785 9.03917 8.77661	0 72.2602 3.85624
0.280029 10.0349 8.76446	0 62.6061 3.8483
0.280273 7.65799 8.75356	0 55.781 3.88163
0.280518 8.12586 8.74346	0 63.6909 3.95075
0.280762 8.28346 8.73346	0 70.8814 4.047
0.281006 8.67009 8.72271	0 69.4808 4.16075
0.28125 8.72281 8.71034	0 89.9504 4.28387
0.281494 9.72533 8.69561	0 72.3438 4.41158
0.281738 9.35414 8.6781	0 84.4672 4.54253
0.281982 8.85918 8.65779	0 59.5894 4.6767
0.282227 7.66995 8.63508	0 59.0745 4.81177
0.282471 8.11353 8.61076	0 57.274 4.93972
0.282715 9.46793 8.58579	0 93.1195 5.04583
0.282959 8.21951 8.56118	0 61.2468 5.11139
0.283203 7.65671 8.53782	0 70.3595 5.11926
0.283447 9.26128 8.51638	0 73.534 5.06014
0.283691 9.16618 8.49723	0 61.5569 4.93671
0.283936 8.02815 8.48043	0 67.1888 4.76409
0.28418 7.65417 8.46577	0 48.4641 4.56642
0.284424 9.28461 8.4528	0 83.5341 4.37099
0.284668 8.131 8.4409	0 87.4905 4.20198
0.284912 7.74 8.42939	0 42.6903 4.07538
0.285156 7.94968 8.41765	0 50.6003 3.9967
0.2854 10.0452 8.40525	0 88.9298 3.96181
0.285645 9.00999 8.39202	0 71.9332 3.96007
0.285889 8.04928 8.37811	0 73.5747 3.97822
0.286133 7.46285 8.36394	0 61.6447 4.00321
0.286377 7.85721 8.35016	0 54.6425 4.0234
0.286621 8.75337 8.33748	0 75.4307 4.02875
0.286865 8.62595 8.32658	0 59.9968 4.01142
0.287109 8.33268 8.318	0 69.8185 3.96699
0.287354 7.87949 8.31206	0 67.0933 3.89591
0.287598 9.54464 8.30881	0 77.0866 3.80375
0.287842 6.4191 8.30804	0 35.8877 3.69986
0.288086 8.82099 8.3093	0 58.1246 3.59462
0.28833 8.57917 8.31196	0 72.3083 3.49678
0.288574 8.09964 8.31527	0 73.7464 3.41198
0.288818 8.56218 8.31853	0 66.6953 3.34285
0.289062 8.29286 8.32118	0 65.8815 3.29072
0.289307 7.76246 8.32293	0 63.7139 3.25782
0.289551 9.81194 8.32386	0 85.2861 3.24919
0.289795 7.84797 8.32441	0 61.8634 3.27329
0.290039 7.98894 8.32534	0 78.2792 3.34071
0.290283 8.22922 8.3276	0 59.6488 3.46083
0.290527 7.82278 8.33221	0 55.7579 3.63716
0.290771 9.13124 8.34011	0 70.8832 3.86292
0.291016 7.87199 8.35199	0 68.4117 4.11867
0.29126 8.34643 8.36824	0 70.2128 4.37365
0.291504 8.18355 8.38889	0 51.9362 4.59124
0.291748 8.85417 8.41358	0 77.2989 4.73773
0.291992 7.76536 8.44163	0 63.6856 4.79192
0.292236 7.96957 8.47207	0 84.4829 4.75247
0.29248 9.08094 8.50373	0 103.662 4.63972
0.292725 9.3076 8.53531	0 97.476 4.4907
0.292969 8.15726 8.56545	0 65.0196 4.3486
0.293213 8.83532 8.59286	0 76.495 4.25076
0.293457 7.4199 8.61635	0 55.5997 4.21986
0.293701 9.34754 8.6349	0 80.0791 4.26129
0.293945 9.19293 8.64777	0 88.6102 4.36636
0.294189 8.77096 8.65453	0 85.2632 4.51821
0.294434 8.98866 8.65509	0 68.7581 4.69642
0.294678 8.55469 8.6497	0 101.225 4.8788
0.294922 8.55793 8.63897	0 80.2907 5.04153
0.295166 8.25888 8.62377	0 65.9798 5.16058
0.29541 8.42802 8.60522	0 87.4355 5.21609
0.295654 9.72436 8.58466	0 154.307 5.19827
0.295898 8.22998 8.56352	0 66.3336 5.11119
0.296143 8.347 8.54334	0 67.5447 4.9713
0.296387 8.19602 8.52571	0 50.7567 4.80135
0.296631 9.25168 8.51215	0 74.9597 4.62327
0.296875 7.61812 8.50406	0 70.4178 4.45441
0.297119 7.94767 8.50264	0 79.6084 4.30834
0.297363 9.08333 8.50871	0 57.8269 4.19778
0.297607 8.30889 8.52258	0 57.0097 4.13597
0.297852 8.86324 8.54395	0 72.3272 4.13409
0.298096 8.57353 8.57177	0 146.741 4.19619
0.29834 7.81766 8.6042	0 43.9554 4.31503
0.298584 7.62782 8.63875	0 67.0823 4.47191
0.298828 9.04055 8.67248	0 62.4465 4.64168
0.299072 9.1866 8.70237	0 119.624 4.80068
0.299316 9.28311 8.72574	0 84.3736 4.93426
0.299561 9.75269 8.74073	0 81.2086 5.03999
0.299805 8.39946 8.74658	0 83.3474 5.12518
0.300049 9.60908 8.74377	0 81.5862 5.19963
0.300293 7.82955 8.73401	0 44.8348 5.26733
0.300537 9.28472 8.7199	0 104.487 5.32108
0.300781 8.17223 8.70462	0 66.2302 5.34289
0.301025 8.13801 8.6914	0 69.4612 5.31004
0.30127 8.97809 8.68307	0 85.9332 5.20447
0.301514 9.55147 8.68174	0 90.4766 5.02162
0.301758 7.50656 8.68848	0 46.8437 4.77516
0.302002 7.98143 8.70319	0 61.7834 4.49574
0.302246 8.79756 8.72464	0 86.7491 4.22389
0.30249 8.9295 8.75055	0 81.4852 3.99975
0.302734 8.92241 8.77792	0 97.5489 3.85334
0.302979 8.431 8.80336	0 67.8016 3.79904
0.303223 9.17288 8.82352	0 59.0279 3.83601
0.303467 9.34319 8.83562	0 82.3733 3.95296
0.303711 8.79925 8.83778	0 71.8833 4.13368
0.303955 10.3909 8.82936	0 125.333 4.35947
0.304199 8.18235 8.8111	0 67.9071 4.60763
0.304443 8.15911 8.78504	0 59.616 4.84881
0.304688 9.02836 8.7543	0 84.7157 5.0476
0.304932 9.50472 8.72256	0 136.318 5.16901
0.305176 9.30978 8.69354	0 80.4442 5.18895
0.30542 7.7692 8.67031	0 58.6988 5.10334
0.305664 7.16655 8.65482	0 58.1819 4.93106
0.305908 8.21354 8.6475	0 61.5436 4.70901
0.306152 8.2579 8.64721	0 65.3663 4.48166
0.306396 8.92121 8.65146	0 71.6686 4.28942
0.306641 9.49497 8.6569	0 73.5759 4.15931
0.306885 8.84056 8.65998	0 58.7822 4.1002
0.307129 9.15493 8.65756	0 84.3736 4.10319
0.307373 8.05089 8.64742	0 67.1443 4.14667
0.307617 9.83266 8.6285	0 79.4971 4.20434
0.307861 9.41844 8.60089	0 97.7967 4.25307
0.308105 7.30097 8.56556	0 48.779 4.27775
0.30835 8.60639 8.52402	0 71.9803 4.27155
0.308594 8.60995 8.47794	0 66.1091 4.23308
0.308838 6.95854 8.42895	0 40.9078 4.16357
0.309082 9.50871 8.37849	0 176.516 4.06645
0.309326 8.59685 8.32793	0 117.288 3.94891
0.30957 8.66789 8.2786	0 60.371 3.82295
0.309814 8.58404 8.23194	0 62.577 3.7033
0.310059 7.94119 8.18942	0 48.2108 3.60267
0.310303 7.03281 8.15245	0 46.2217 3.52744
0.310547 8.42852 8.1222	0 56.7311 3.47688
0.310791 7.78808 8.09938	0 60.6011 3.44667
0.311035 7.5786 8.08414	0 64.252 3.43397
0.311279 7.55273 8.07608	0 57.9188 3.44032
0.311523 8.36882 8.07431	0 54.0554 3.47051
0.311768 9.09225 8.07768	0 91.4247 3.5287
0.312012 8.11441 8.08485	0 53.2717 3.61475
0.312256 8.50985 8.09438	0 77.9879 3.72332
0.3125 7.14989 8.10481	0 47.8027 3.84537
0.312744 7.22545 8.11457	0 50.3105 3.97033
0.312988 8.36325 8.12215	0 60.1324 4.08693
0.313232 8.32571 8.12616	0 60.4104 4.18279
0.313477 8.45274 8.12569	0 68.8786 4.24466
0.313721 8.33915 8.12064	0 53.9011 4.26102
0.313965 9.09696 8.11198	0 95.0209 4.22704
0.314209 8.24178 8.10185	0 64.0555 4.14893
0.314453 8.75056 8.09343	0 80.826 4.04453
0.314697 6.8952 8.09051	0 58.0328 3.93852
0.314941 7.988 8.09681	0 56.8171 3.85394
0.315186 6.54569 8.11528	0 51.1505 3.80418
0.31543 7.15256 8.14756	0 37.1995 3.78958
0.315674 10.1373 8.19355	0 109.952 3.80022
0.315918 7.18003 8.25153	0 47.7964 3.82305
0.316162 8.12656 8.31843	0 54.9484 3.84953
0.316406 6.96519 8.39052	0 46.7704 3.87985
0.31665 9.82755 8.46406	0 113.147 3.9221
0.316895 9.52061 8.53603	0 65.6142 3.98758
0.317139 9.38188 8.60448	0 75.0852 4.08506
0.317383 8.98114 8.66861	0 76.0602 4.217
0.317627 8.31537 8.72853	0 82.7449 4.37897
0.317871 8.03077 8.78474	0 61.8994 4.56184
0.318115 8.05988 8.83758	0 67.3581 4.7548
0.318359 9.27674 8.88676	0 114.051 4.94743
0.318604 8.02933 8.93116	0 61.5555 5.13029
0.318848 10.1456 8.96892	0 111.897 5.29422
0.319092 8.94992 8.99781	0 69.5558 5.42973
0.319336 9.49511 9.0158	0 81.9756 5.52739
0.31958 9.95955 9.02152	0 94.6944 5.57945
0.319824 9.4179 9.01466	0 92.3206 5.58234
0.320068 9.36913 8.99604	0 125.376 5.53883
0.320312 8.83257 8.96749	0 86.1278 5.45887
0.320557 7.96775 8.93154	0 72.5608 5.35806
0.320801 8.35877 8.89098	0 69.3026 5.25415
0.321045 9.05266 8.8485	0 64.47 5.16279
0.321289 9.61633 8.80636	0 70.093 5.0946
0.321533 9.55687 8.76623	0 114.632 5.05468
0.321777 7.88411 8.72907	0 62.1739 5.04431
0.322021 7.75424 8.69512	0 61.6394 5.06293
0.322266 8.72928 8.66403	0 72.4146 5.10884
0.32251 8.91142 8.63496	0 63.3609 5.17806
0.322754 8.66243 8.60686	0 69.2309 5.26301
0.322998 8.24711 8.57875	0 50.4623 5.35251
0.323242 8.45277 8.55006	0 61.6495 5.43422
0.323486 9.2778 8.52085	0 70.7675 5.49851
0.32373 9.19057 8.49194	0 66.7116 5.54172
0.323975 8.91581 8.46486	0 116.731 5.567
0.324219 7.31622 8.44152	0 49.4748 5.58206
0.324463 8.77496 8.42383	0 68.1937 5.59499
0.324707 7.02581 8.41326	0 47.1672 5.61015
0.324951 7.47032 8.41046	0 68.9268 5.62587
0.325195 8.67055 8.41509	0 55.0537 5.63493
0.325439 9.48437 8.42587	0 68.0935 5.6271
0.325684 8.40772 8.44079	0 67.4057 5.59272
0.325928 8.58049 8.45749	0 79.2501 5.5258
0.326172 8.03183 8.47363	0 68.1443 5.42598
0.326416 8.48897 8.48724	0 75.3692 5.29911
0.32666 9.07862 8.49699	0 63.2239 5.15641
0.326904 8.48988 8.50222	0 59.454 5.01234
0.327148 8.32063 8.50306	0 48.8181 4.88116
0.327393 8.99656 8.50024	0 83.7089 4.77273
0.327637 8.49564 8.495	0 85.2449 4.68875
0.327881 8.12295 8.48886	0 68.2138 4.62138
0.328125 8.99883 8.48331	0 86.1961 4.55539
0.328369 7.53963 8.47959	0 72.9104 4.47387
0.328613 9.32688 8.47836	0 73.7801 4.36526
0.328857 7.70754 8.47953	0 62.864 4.22858
0.329102 8.82436 8.48213	0 71.7138 4.07438
0.329346 7.28958 8.48439	0 42.0986 3.92094
0.32959 8.68058 8.48403	0 70.2847 3.78756
0.329834 9.27692 8.47862	0 88.8567 3.68796
0.330078 9.19861 8.46616	0 73.5272 3.62619
0.330322 8.16902 8.44551	0 73.6957 3.5961
0.330566 8.58327 8.41686	0 70.6923 3.58376
0.330811 8.93488 8.38181	0 77.938 3.5718
0.331055 8.96155 8.34327	0 66.2268 3.54456
0.331299 8.70776 8.30499	0 99.9931 3.49302
0.331543 7.12347 8.27098	0 52.5197 3.41841
0.331787 7.29289 8.24475	0 54.7563 3.33322
0.332031 8.06749 8.22873	0 51.7335 3.25849
0.332275 6.9643 8.22382	0 32.3516 3.21768
0.33252 8.67211 8.22927	0 59.7721 3.22867
0.332764 8.33018 8.24286	0 46.0095 3.29683
0.333008 9.55037 8.2613	0 63.7151 3.41207
0.333252 7.66095 8.2808	0 55.248 3.55124
0.333496 7.60794 8.29763	0 57.9805 3.68528
0.33374 8.80784 8.30868	0 70.6799 3.78793
0.333984 9.04174 8.31188	0 117.714 3.84274
0.334229 8.44235 8.30639	0 60.3958 3.84579
0.334473 8.34416 8.29268	0 45.805 3.80427
0.334717 8.33949 8.2724	0 69.4968 3.73308
0.334961 9.00162 8.24802	0 66.6687 3.65165
0.335205 8.2768 8.22245	0 60.9816 3.58183
0.335449 7.72366 8.19855	0 67.676 3.54539
0.335693 7.28994 8.17876	0 52.0339 3.55951
0.335938 6.98674 8.1648	0 58.3286 3.6304
0.336182 8.94875 8.15767	0 78.6071 3.74813
0.336426 7.83595 8.15772	0 67.9143 3.88665
0.33667 8.55087 8.16492	0 64.1013 4.01124
0.336914 8.71562 8.17906	0 93.2019 4.09105
0.337158 9.25542 8.1999	0 111.217 4.11079
0.337402 7.47441 8.22717	0 42.8818 4.07544
0.337646 6.45594 8.26041	0 34.7161 4.00575
0.337891 8.0735 8.2988	0 48.6333 3.92751
0.338135 8.59155 8.34101	0 55.8205 3.86124
0.338379 9.16306 8.38518	0 61.6365 3.8175
0.338623 7.75062 8.42904	0 89.5299 3.79919
0.338867 8.0403 8.47022	0 57.3426 3.80708
0.339111 10.4917 8.50653	0 113.546 3.84369
0.339355 8.95504 8.53622	0 90.0232 3.91244
0.3396 8.07785 8.55818	0 81.8126 4.01337
0.339844 8.02041 8.57196	0 61.2543 4.13946
0.340088 8.30716 8.57774	0 75.8271 4.27682
0.340332 8.53319 8.57627	0 86.4577 4.40915
0.340576 9.72111 8.5688	0 116.708 4.52308
0.34082 8.34289 8.55711	0 65.863 4.61098
0.341064 9.01402 8.54344	0 70.1534 4.66976
0.341309 8.39657 8.5305	0 56.2993 4.69784
0.341553 8.17937 8.52129	0 51.8732 4.69346
0.341797 7.77916 8.51883	0 53.4059 4.65635
0.342041 9.41428 8.52577	0 111.374 4.59113
0.342285 8.58784 8.544	0 68.388 4.50909
0.342529 7.31513 8.57418	0 50.3079 4.42579
0.342773 7.13704 8.61555	0 89.6905 4.35509
0.343018 9.30638 8.66583	0 70.9141 4.30323
0.343262 8.88391 8.72153	0 58.4137 4.26708
0.343506 8.62463 8.77836	0 64.1614 4.23788
0.34375 9.68104 8.83194	0 65.4873 4.20829
0.343994 9.01665 8.87846	0 90.352 4.17801
0.344238 8.62225 8.91524	0 83.2914 4.15445
0.344482 9.77037 8.94116	0 84.0553 4.14784
0.344727 10.2548 8.95663	0 81.4074 4.16407
0.344971 8.79542 8.96331	0 79.2439 4.19979
0.345215 8.4384 8.96362	0 80.6123 4.24285
0.345459 9.25021 8.96007	0 72.7313 4.27779
0.345703 7.54119 8.95473	0 51.8249 4.29315
0.345947 8.28697 8.94881	0 58.28 4.28684
0.346191 8.78139 8.94269	0 75.6484 4.26718
0.346436 9.85656 8.93602	0 66.4024 4.24928
0.34668 9.92835 8.92821	0 92.4787 4.24848
0.346924 9.05674 8.91878	0 62.9868 4.27339
0.347168 9.91322 8.9077	0 106.263 4.32144
0.347412 8.102 8.89553	0 59.4354 4.37904
0.347656 7.71876 8.88332	0 72.1824 4.427
0.3479 8.27823 8.87245	0 97.7783 4.44904
0.348145 8.87688 8.86432	0 87.4832 4.43964
0.348389 10.392 8.86019	0 105.829 4.4071
0.348633 8.73227 8.86096	0 71.0054 4.37038
0.348877 7.99728 8.86708	0 57.5691 4.35106
0.349121 9.05848 8.87849	0 91.2695 4.36442
0.349365 8.19455 8.89451	0 56.3566 4.41368
0.349609 9.64493 8.91378	0 106.729 4.48949
0.349854 9.22359 8.93425	0 85.1013 4.57417
0.350098 7.90507 8.95327	0 57.3671 4.64813
0.350342 7.77624 8.96786	0 58.9209 4.69512
0.350586 10.2869 8.97508	0 94.2907 4.70455
0.35083 10.0559 8.9726	0 82.4479 4.67083
0.351074 9.22887 8.95913	0 90.9902 4.59154
0.351318 8.72102 8.93475	0 70.7476 4.46677
0.351562 10.934 8.901	0 100.817 4.30069
0.351807 7.85295 8.86057	0 55.8038 4.10428
0.352051 9.14049 8.81686	0 85.0197 3.89702
0.352295 7.24802 8.77322	0 51.3671 3.70493
0.352539 8.29888 8.73241	0 65.6474 3.55454
0.352783 8.32079 8.69613	0 60.4087 3.46455
0.353027 8.53323 8.66482	0 58.649 3.43869
0.353271 9.72162 8.63789	0 72.1664 3.46355
0.353516 8.5145 8.61402	0 56.7695 3.5129
0.35376 8.79057 8.5917	0 63.2488 3.55697
0.354004 8.77478 8.56966	0 65.6247 3.5731
0.354248 7.9155 8.54722	0 52.9867 3.55339
0.354492 8.27031 8.52443	0 71.5479 3.50655
0.354736 9.63735 8.502	0 104.323 3.45371
0.35498 8.65573 8.48109	0 84.2886 3.42012
0.355225 7.43641 8.463	0 59.9679 3.42631
0.355469 8.37713 8.44888	0 87.2022 3.48162
0.355713 8.59003 8.43941	0 82.0094 3.58191
0.355957 7.87505 8.43474	0 55.6939 3.71125
0.356201 8.23516 8.43445	0 70.8236 3.84607
0.356445 8.27283 8.43768	0 72.6832 3.96034
0.356689 9.22644 8.44337	0 105.934 4.03095
0.356934 8.5132 8.45053	0 74.2144 4.04299
0.357178 8.40865 8.4584	0 70.3946 3.99456
0.357422 8.54991 8.46655	0 69.4403 3.89966
0.357666 8.30565 8.47487	0 64.874 3.78763
0.35791 8.7179 8.4834	0 92.8524 3.69786
0.358154 8.29284 8.49214	0 62.632 3.67041
0.358398 8.10982 8.50082	0 67.1641 3.73452
0.358643 8.59166 8.50889	0 70.5662 3.89843
0.358887 8.3803 8.51555	0 52.7579 4.14391
0.359131 8.33765 8.51994	0 59.1007 4.42826
0.359375 8.5704 8.52147	0 84.2874 4.69432
0.359619 9.4217 8.5201	0 88.9409 4.88606
0.359863 8.79508 8.51653	0 98.5871 4.96446
0.360107 9.31095 8.51215	0 74.9611 4.91763
0.360352 8.48352 8.50892	0 59.7039 4.76157
0.360596 6.9584 8.5089	0 45.9728 4.53188
0.36084 8.09501 8.51389	0 59.4075 4.27101
0.361084 7.761 8.52501	0 61.7951 4.01633
0.361328 9.10704 8.54249	0 71.1481 3.79312
0.361572 8.81683 8.56566	0 83.8707 3.61315
0.361816 8.96891 8.59307	0 94.3649 3.47721
0.362061 8.52302 8.62281	0 64.4789 3.37908
0.362305 8.22241 8.6528	0 82.9734 3.30896
0.362549 8.77578 8.68106	0 59.2361 3.25576
0.362793 9.20128 8.70586	0 69.2032 3.20887
0.363037 8.55527 8.72585	0 70.531 3.16011
0.363281 9.2146 8.73994	0 82.5673 3.10636
0.363525 7.81095 8.74728	0 55.8671 3.0519
0.36377 9.97615 8.7472	0 103.224 3.00842
0.364014 9.09576 8.7392	0 68.0323 2.99143
0.364258 7.66043 8.72298	0 41.2459 3.01344
0.364502 9.11135 8.69868	0 128.916 3.07701
0.364746 8.11556 8.667	0 57.1532 3.17166
0.36499 9.54882 8.62943	0 113.258 3.27705
0.365234 9.20828 8.58829	0 57.1215 3.37114
0.365479 9.67874 8.5466	0 74.3531 3.43941
0.365723 7.85122 8.50783	0 58.2061 3.48058
0.365967 7.49165 8.47535	0 59.3797 3.50645
0.366211 7.40542 8.45191	0 66.3511 3.53664
0.366455 8.20761 8.43922	0 82.7404 3.59092
0.366699 8.44472 8.43757	0 86.4512 3.68218
0.366943 7.65184 8.44592	0 54.737 3.81254
0.367188 9.21219 8.46211	0 81.6881 3.97354
0.367432 7.96144 8.48335	0 55.1071 4.15057
0.367676 9.71448 8.50667	0 126.034 4.32932
0.36792 9.12076 8.52948	0 83.8103 4.50124
0.368164 8.16549 8.54979	0 64.8935 4.66488
0.368408 7.9743 8.56643	0 73.6373 4.82243
0.368652 8.49654 8.57896	0 70.5395 4.97376
0.368896 8.35795 8.58764	0 73.3186 5.11216
0.369141 9.48002 8.59321	0 85.5509 5.22487
0.369385 8.52047 8.59685	0 64.2248 5.29819
0.369629 8.92327 8.59994	0 81.1949 5.32368
0.369873 8.58601 8.60394	0 65.6876 5.30163
0.370117 7.34192 8.61013	0 42.2774 5.24023
0.370361 10.1502 8.61935	0 80.9056 5.15241
0.370605 8.13849 8.63168	0 59.1326 5.05355
0.37085 7.77923 8.64628	0 64.5528 4.96135
0.371094 8.13389 8.66129	0 67.2224 4.89619
0.371338 8.14324 8.67399	0 45.1178 4.87858
0.371582 9.98577 8.6812	0 72.9778 4.92231
0.371826 9.07171 8.67983	0 65.8685 5.02598
0.37207 9.52632 8.66748	0 83.0036 5.16834
0.372314 7.51405 8.64303	0 74.64 5.31176
0.372559 10.8439 8.60697	0 99.0097 5.41384
0.372803 7.55002 8.56142	0 64.4951 5.44229
0.373047 9.75754 8.50985	0 90.9186 5.38602
0.373291 7.71832 8.45655	0 65.39 5.25766
0.373535 7.5145 8.40586	0 41.0621 5.08707
0.373779 8.35154 8.36144	0 69.0329 4.90965
0.374023 7.94522 8.32573	0 43.2836 4.75471
0.374268 7.66285 8.29966	0 54.5462 4.63816
0.374512 7.61774 8.28263	0 63.6889 4.56094
0.374756 8.85258 8.27287	0 90.3788 4.51242
0.375 8.32657 8.26799	0 54.2109 4.47643
0.375244 8.49921 8.26553	0 76.1085 4.43752
0.375488 9.76748 8.26347	0 94.4232 4.38552
0.375732 7.69233 8.26055	0 57.9883 4.31763
0.375977 7.1729 8.25629	0 76.3642 4.23805
0.376221 8.93265 8.25082	0 71.5013 4.15593
0.376465 8.87668 8.24463	0 74.6382 4.08282
0.376709 6.72124 8.23817	0 46.679 4.03031
0.376953 8.83029 8.23174	0 76.1084 4.0081
0.377197 7.30873 8.22534	0 39.5488 4.02231
0.377441 8.8297 8.21882	0 93.6298 4.07371
0.377686 9.08015 8.21212	0 62.5502 4.15613
0.37793 8.26867 8.20549	0 94.992 4.25572
0.378174 7.72705 8.19966	0 47.8076 4.35228
0.378418 8.2038 8.19583	0 68.4197 4.42322
0.378662 8.52603 8.19551	0 62.5938 4.44989
0.378906 8.00444 8.20014	0 62.6323 4.42428
0.37915 7.75629 8.21062	0 61.0831 4.35309
0.379395 8.52147 8.227	0 57.0881 4.25644
0.379639 7.22789 8.24816	0 53.6043 4.16054
0.379883 6.99695 8.27189	0 46.2051 4.08678
0.380127 8.8394 8.29515	0 54.2981 4.04251
0.380371 9.17736 8.31457	0 100.755 4.01846
0.380615 9.96232 8.32708	0 92.7963 3.99428
0.380859 7.72643 8.33046	0 82.336 3.94888
0.381104 8.86602 8.32377	0 75.2861 3.86935
0.381348 8.43402 8.30751	0 69.94 3.75407
0.381592 8.49573 8.28353	0 70.38 3.60973
0.381836 7.18487 8.25481	0 62.406 3.44616
0.38208 8.7413 8.22503	0 70.0962 3.27292
0.382324 7.91009 8.19816	0 67.0178 3.09947
0.382568 8.02438 8.17807	0 67.6962 2.93699
0.382812 8.48106 8.16819	0 64.6421 2.79943
0.383057 8.76285 8.1712	0 87.9818 2.70206
0.383301 6.27094 8.18874	0 36.186 2.65833
0.383545 7.79016 8.22121	0 53.1245 2.67699
0.383789 8.45872 8.26764	0 65.2524 2.76069
0.384033 8.10278 8.32558	0 61.6927 2.90622
0.384277 8.55135 8.39127	0 56.3382 3.10555
0.384521 7.26352 8.45994	0 53.7542 3.3467
0.384766 9.34645 8.5262	0 76.894 3.614
0.38501 10.0633 8.58476	0 169.159 3.88803
0.385254 7.69965 8.63102	0 49.563 4.14602
0.385498 8.24678 8.66178	0 42.9832 4.36365
0.385742 10.4521 8.6757	0 92.4906 4.51911
0.385986 9.3962 8.67355	0 84.6872 4.59882
0.38623 9.54896 8.6581	0 83.7927 4.60277
0.386475 8.33071 8.63373	0 50.4738 4.54637
0.386719 8.51713 8.60574	0 66.9626 4.45685
0.386963 7.32123 8.57946	0 37.209 4.36487
0.387207 7.66322 8.55942	0 59.734 4.29499
0.387451 7.95224 8.54871	0 49.4792 4.25923
0.387695 9.97361 8.54857	0 89.0157 4.25609
0.387939 7.7543 8.55835	0 64.9217 4.27396
0.388184 8.07351 8.57582	0 76.0685 4.2959
0.388428 8.61906 8.59771	0 86.6965 4.30342
0.388672 7.93907 8.62036	0 51.3315 4.27897
0.388916 10.5268 8.64037	0 99.2715 4.20905
0.38916 8.98808 8.65516	0 64.2213 4.08937
0.389404 8.92079 8.66326	0 62.5541 3.93052
0.389648 8.00726 8.66441	0 62.1721 3.76045
0.389893 8.50513 8.65947	0 57.2764 3.61953
0.390137 9.02357 8.6501	0 51.8182 3.54786
0.390381 8.83056 8.63835	0 68.7723 3.56916
0.390625 8.43022 8.62633	0 65.674 3.67885
0.390869 9.30446 8.61576	0 84.9611 3.84303
0.391113 6.68012 8.6078	0 44.3591 4.00981
0.391357 9.00319 8.6029	0 92.679 4.12825
0.391602 8.94132 8.60079	0 65.8392 4.16616
0.391846 8.51427 8.60057	0 65.7242 4.11916
0.39209 8.55676 8.60094	0 63.8768 4.00833
0.392334 9.18287 8.60033	0 103.864 3.86945
0.392578 8.5572 8.59716	0 72.7666 3.73993
0.392822 7.91312 8.58994	0 43.3281 3.6488
0.393066 9.51246 8.57748	0 67.1711 3.6118
0.393311 8.55127 8.55906	0 52.5119 3.63096
0.393555 7.40547 8.53455	0 49.516 3.69671
0.393799 9.34266 8.50461	0 65.0946 3.79157
0.394043 9.44124 8.47074	0 78.1168 3.89468
0.394287 8.66967 8.43531	0 61.6487 3.9865
0.394531 7.90701 8.40138	0 69.5636 4.05233
0.394775 8.13575 8.37239	0 57.1389 4.08329
0.39502 8.4822 8.35174	0 65.89 4.07553
0.395264 7.69368 8.34224	0 59.7529 4.02939
0.395508 7.73992 8.34566	0 66.6076 3.95059
0.395752 7.49442 8.36237	0 47.6748 3.85299
0.395996 8.37264 8.39126	0 69.4741 3.7602
0.39624 8.41632 8.42976	0 59.9371 3.70278
0.396484 9.14815 8.47421	0 59.1751 3.71022
0.396729 8.28804 8.52031	0 103.574 3.80034
0.396973 8.95331 8.56364	0 72.5272 3.97142
0.397217 7.67439 8.60017	0 54.1669 4.20088
0.397461 9.54481 8.62673	0 112.45 4.4513
0.397705 9.92016 8.64123	0 101.969 4.68076
0.397949 8.5897 8.64294	0 56.7929 4.85323
0.398193 8.34245 8.63237	0 76.1739 4.9455
0.398438 8.75325 8.61126	0 81.3371 4.94984
0.398682 8.0812 8.58222	0 90.3739 4.87335
0.398926 9.86409 8.54843	0 82.0116 4.73528
0.39917 8.32973 8.51317	0 61.9547 4.56328
0.399414 8.25563 8.47943	0 122.565 4.38838
0.399658 7.54017 8.44949	0 49.2569 4.23904
0.399902 8.80701 8.42467	0 59.5564 4.13505
0.400146 6.89935 8.40523	0 41.4643 4.08347
0.400391 8.24924 8.39047	0 55.536 4.07813
0.400635 9.85597 8.37899	0 113.416 4.10308
0.400879 8.17013 8.36905	0 69.782 4.13823
0.401123 9.08446 8.35897	0 54.3684 4.16479
0.401367 7.8734 8.34742	0 65.4978 4.16864
0.401611 8.03352 8.33359	0 92.2661 4.14157
0.401855 8.1603 8.3173	0 75.3375 4.08163
0.4021 9.32667 8.29885	0 96.1031 3.99355
0.402344 8.04238 8.27893	0 55.2423 3.88935
0.402588 7.10703 8.25838	0 45.1992 3.7876
0.402832 9.08255 8.23804	0 75.2135 3.71056
0.403076 8.38514 8.21862	0 78.4625 3.67891
0.40332 8.05875 8.20059	0 74.2659 3.70597
0.403564 7.5824 8.18421	0 53.7894 3.79347
0.403809 8.90674 8.1695	0 68.1786 3.93063
0.404053 7.25904 8.15628	0 47.111 4.097
0.404297 8.38073 8.14434	0 57.0942 4.26778
0.404541 8.59807 8.13339	0 67.5995 4.41953
0.404785 8.16289 8.12326	0 54.4984 4.53459
0.405029 7.2992 8.11381	0 58.258 4.6028
0.405273 9.21971 8.10501	0 100.146 4.62082
0.405518 8.17653 8.09683	0 67.3468 4.58986
0.405762 6.76189 8.08919	0 44.6751 4.51337
0.406006 8.79104 8.08188	0 77.8999 4.3961
0.40625 7.65048 8.0746	0 64.3768 4.24526
0.406494 8.29177 8.06703	0 71.1775 4.07299
0.406738 8.40377 8.05895	0 51.8537 3.89813
0.406982 7.18336 8.05041	0 53.9678 3.74534
0.407227 9.18807 8.0419	0 77.2682 3.64044
0.407471 8.28913 8.03438	0 55.8461 3.60362
0.407715 7.3736 8.02921	0 42.3637 3.64337
0.407959 8.44477 8.02794	0 54.2021 3.75422
0.408203 8.01886 8.03202	0 69.3117 3.91893
0.408447 6.85771 8.04245	0 56.2506 4.1136
0.408691 7.50547 8.05957	0 51.7062 4.31321
0.408936 8.67019 8.08295	0 63.6229 4.49576
0.40918 7.97035 8.11142	0 58.3746 4.64518
0.409424 7.37127 8.14335	0 59.0887 4.75349
0.409668 9.58327 8.17698	0 82.5265 4.82204
0.409912 8.42131 8.21076	0 96.4026 4.86081
0.410156 8.04346 8.24365	0 49.9939 4.88482
0.4104 7.75036 8.27526	0 71.2254 4.90893
0.410645 8.85266 8.3058	0 70.3522 4.94359
0.410889 7.82249 8.33593	0 57.6224 4.99391
0.411133 8.6812 8.3664	0 67.9177 5.0619
0.411377 9.36372 8.39769	0 79.1767 5.14912
0.411621 6.99861 8.42969	0 44.3001 5.25676
0.411865 8.71202 8.46151	0 82.1682 5.38246
0.412109 7.70448 8.49146	0 61.4069 5.51613
0.412354 7.52893 8.51725	0 51.0915 5.63853
0.412598 10.4397 8.53643	0 109.487 5.7244
0.412842 10.0352 8.54688	0 119.607 5.74922
0.413086 7.27997 8.54731	0 47.2554 5.69602
0.41333 9.53069 8.5377	0 101.896 5.55941
0.413574 8.09917 8.51942	0 72.9345 5.34576
0.413818 9.06699 8.49507	0 69.0373 5.07078
0.414062 8.88042 8.46811	0 72.787 4.75646
0.414307 8.11776 8.44221	0 48.0561 4.42851
0.414551 7.79901 8.42058	0 55.1759 4.11412
0.414795 7.80142 8.40537	0 44.9589 3.83935
0.415039 7.62243 8.39733	0 67.2284 3.62555
0.415283 8.01971 8.39579	0 51.2335 3.48555
0.415527 8.47644 8.39892	0 70.8889 3.42074
0.415771 9.74643 8.4043	0 67.1449 3.42076
0.416016 7.88639 8.40957	0 55.8182 3.46646
0.41626 9.01668 8.41303	0 76.2817 3.53539
0.416504 9.22422 8.41397	0 86.7105 3.60814
0.416748 7.57396 8.41278	0 42.5617 3.67331
0.416992 9.58759 8.41065	0 68.2725 3.72971
0.417236 7.60132 8.40907	0 48.7212 3.78529
0.41748 6.83134 8.4093	0 36.9832 3.85345
0.417725 8.99903 8.41177	0 67.2642 3.94747
0.417969 8.04302 8.41584	0 72.7641 4.07435
0.418213 8.36388 8.41974	0 54.7204 4.22945
0.418457 9.21188 8.42079	0 61.2061 4.39436
0.418701 8.34051 8.41592	0 87.4038 4.53979
0.418945 8.73412 8.4022	0 96.5964 4.63384
0.419189 8.25929 8.37742	0 91.5407 4.65304
0.419434 9.14457 8.34053	0 115.188 4.59129
0.419678 8.18467 8.29182	0 74.3991 4.46244
0.419922 9.68285 8.23293	0 102.833 4.29511
0.420166 8.12233 8.16655	0 80.8823 4.12248
0.42041 6.68672 8.09606	0 51.3963 3.97194
0.420654 7.89938 8.02501	0 59.8563 3.85875
0.420898 8.3225 7.95664	0 67.2405 3.7852
0.421143 7.59452 7.89357	0 44.8789 3.74413
0.421387 7.79129 7.83764	0 67.4783 3.72442
0.421631 7.03672 7.78986	0 32.9623 3.71664
0.421875 8.1097 7.75063	0 54.1419 3.71718
0.422119 7.08713 7.71996	0 50.6764 3.72978
0.422363 8.95814 7.69771	0 64.1706 3.76368
0.422607 7.30929 7.68382	0 50.1438 3.82874
0.422852 7.16905 7.67837	0 55.6182 3.92962
0.423096 7.41864 7.68153	0 46.9939 4.06207
0.42334 7.25395 7.6934	0 66.7132 4.21352
0.423584 8.60617 7.71382	0 70.7729 4.36753
0.423828 7.6132 7.74219	0 46.9534 4.50968
0.424072 6.31481 7.77735	0 35.7034 4.63108
0.424316 7.84223 7.81764	0 55.0547 4.72792
0.424561 8.15825 7.8611	0 63.1491 4.79794
0.424805 7.8909 7.90572	0 70.2102 4.83666
0.425049 8.4898 7.9498	0 53.3682 4.83641
0.425293 8.70536 7.99219	0 77.08 4.78901
0.425537 7.81586 8.03248	0 75.3912 4.69064
0.425781 8.03048 8.07091	0 96.5976 4.54621
0.426025 7.97367 8.10822	0 61.8344 4.3706
0.42627 8.38298 8.14528	0 46.6812 4.18611
0.426514 7.20311 8.18277	0 39.5513 4.01685
0.426758 8.4735 8.22088	0 76.2613 3.88206
0.427002 7.46488 8.25912	0 56.4671 3.79053
0.427246 9.41511 8.29635	0 79.0727 3.73816
0.42749 8.05303 8.33086	0 42.4684 3.70974
0.427734 9.03808 8.36066	0 65.8566 3.68485
0.427979 7.81809 8.38375	0 56.4504 3.64632
0.428223 9.11105 8.39842	0 127.176 3.58793
0.428467 7.78881 8.40348	0 69.5011 3.5178
0.428711 9.03746 8.39847	0 70.0059 3.45557
0.428955 8.63295 8.38373	0 82.233 3.4242
0.429199 8.21174 8.36038	0 67.8191 3.44034
0.429443 9.74465 8.33025	0 104.189 3.50783
0.429688 7.9667 8.29566	0 54.7855 3.61745
0.429932 7.1424 8.25918	0 56.5765 3.75219
0.430176 8.58147 8.22338	0 71.9038 3.89487
0.43042 7.30777 8.19063	0 58.7957 4.03415
0.430664 8.46817 8.16293	0 79.0143 4.16679
0.430908 8.63307 8.14188	0 49.6478 4.29631
0.431152 7.66377 8.12864	0 61.9024 4.42997
0.431396 8.12089 8.12396	0 81.0723 4.5757
0.431641 8.37155 8.12814	0 81.3772 4.73951
0.431885 7.82235 8.14107	0 55.9765 4.9231
0.432129 7.51481 8.16211	0 65.1676 5.12154
0.432373 7.97952 8.19012	0 69.3043 5.32166
0.432617 7.16834 8.22346	0 70.2628 5.50243
0.432861 9.81822 8.26009	0 95.4679 5.63823
0.433105 8.77912 8.2977	0 56.5625 5.70478
0.43335 7.55677 8.33392	0 49.3858 5.68613
0.433594 8.3744 8.36655	0 104.54 5.58054
0.433838 8.75724 8.39374	0 69.2475 5.40239
0.434082 8.35342 8.41422	0 72.8124 5.17916
0.434326 9.3022 8.42741	0 55.6732 4.94366
0.43457 7.19208 8.43357	0 47.4486 4.72478
0.434814 8.83394 8.43378	0 65.6382 4.54021
0.435059 10.2269 8.42988	0 94.0515 4.39399
0.435303 7.61522 8.42424	0 46.7736 4.27943
0.435547 8.46051 8.41944	0 57.6324 4.18532
0.435791 8.11421 8.41785	0 86.5707 4.10283
0.436035 7.96912 8.42117	0 77.1223 4.03038
0.436279 7.14759 8.43009	0 49.1045 3.97499
0.436523 9.09111 8.44415	0 71.9913 3.95005
0.436768 8.20779 8.46173	0 102.79 3.97008
0.437012 8.56593 8.48037	0 67.8883 4.04448
0.437256 9.55135 8.49718	0 78.747 4.17264
0.4375 7.9033 8.5094	0 69.4431 4.34242
0.437744 8.46383 8.51485	0 56.907 4.5328
0.437988 9.24287 8.51231	0 100.737 4.71931
0.438232 8.9198 8.50162	0 84.0174 4.87987
0.438477 9.35558 8.48358	0 70.9492 4.99851
0.438721 7.71297 8.45974	0 61.3675 5.06599
0.438965 8.25713 8.43196	0 59.2806 5.07843
0.439209 7.74757 8.40206	0 57.3815 5.03573
0.439453 8.09405 8.3716	0 63.9369 4.94122
0.439697 8.4202 8.34168	0 71.4954 4.80237
0.439941 8.57905 8.31297	0 74.1102 4.63094
0.440186 10.1786 8.2859	0 105.274 4.44156
0.44043 6.15916 8.26075	0 28.8955 4.24886
0.440674 8.24337 8.23783	0 66.3453 4.06499
0.440918 8.78837 8.21755	0 70.0051 3.89904
0.441162 8.33076 8.20033	0 70.1359 3.75891
0.441406 8.26749 8.18652	0 54.8674 3.65361
0.44165 7.35901 8.17627	0 47.9741 3.5936
0.441895 7.81026 8.16938	0 51.8937 3.58763
0.442139 8.47581 8.16531	0 74.1591 3.63733
0.442383 8.11243 8.16317	0 51.8134 3.73251
0.442627 8.25593 8.16181	0 53.3768 3.8509
0.442871 8.41249 8.15999	0 95.4575 3.96315
0.443115 8.45501 8.15645	0 48.4135 4.04147
0.443359 8.22631 8.15009	0 108.305 4.06751
0.443604 8.09166 8.14006	0 60.2642 4.03598
0.443848 7.10274 8.12588	0 60.2944 3.95321
0.444092 8.40929 8.10753	0 68.5577 3.83279
0.444336 8.95584 8.08562	0 132.708 3.69167
0.44458 8.02468 8.06144	0 60.1188 3.54815
0.444824 9.08326 8.03698	0 71.9082 3.42106
0.445068 7.17436 8.01481	0 48.0194 3.32803
0.445312 8.31347 7.99787	0 60.059 3.282
0.445557 6.53504 7.98907	0 34.4892 3.28712
0.445801 8.04792 7.99082	0 65.5136 3.3367
0.446045 8.03157 8.0046	0 69.6887 3.41504
0.446289 7.73202 8.03053	0 64.7571 3.5027
0.446533 8.3038 8.06716	0 56.3915 3.58268
0.446777 7.64761 8.11143	0 56.9409 3.64452
0.447021 7.13291 8.15896	0 42.2695 3.68475
0.447266 8.30875 8.20456	0 55.8386 3.70446
0.44751 7.64358 8.24295	0 44.7556 3.7061
0.447754 10.5208 8.26954	0 103.782 3.69158
0.447998 9.83537 8.28118	0 74.3972 3.66214
0.448242 7.91723 8.27666	0 48.1527 3.61897
0.448486 7.97779 8.25695	0 48.9107 3.56376
0.44873 9.56465 8.22496	0 123.224 3.49848
0.448975 7.26716 8.18509	0 45.9717 3.42509
0.449219 7.50073 8.14248	0 53.1973 3.34561
0.449463 8.2125 8.10216	0 74.8358 3.26272
0.449707 8.04031 8.0684	0 86.6963 3.18054
0.449951 7.28112 8.04409	0 47.2928 3.1051
0.450195 7.89747 8.0305	0 34.0372 3.04446
0.450439 7.33272 8.02729	0 35.7258 3.00805
0.450684 8.21489 8.03271	0 66.0315 3.00521
0.450928 8.8317 8.044	0 71.4978 3.04258
0.451172 7.6128 8.05789	0 54.934 3.12079
0.451416 7.38645 8.07104	0 44.3536 3.23207
0.45166 9.23239 8.08049	0 84.7312 3.36033
0.451904 8.19533 8.08395	0 46.824 3.48483
0.452148 8.35356 8.08004	0 57.3327 3.58636
0.452393 8.44313 8.06839	0 68.4885 3.65334
0.452637 7.68343 8.04962	0 43.9488 3.68502
0.452881 7.82607 8.02533	0 53.5682 3.69069
0.453125 7.76143 7.9979	0 65.0184 3.68566
0.453369 8.93506 7.97036	0 69.9399 3.68628
0.453613 8.20489 7.94607	0 48.5261 3.70618
0.453857 7.5961 7.9284	0 49.0067 3.75483
0.454102 7.25813 7.92036	0 47.6408 3.83846
0.454346 7.18048 7.92421	0 36.305 3.96242
0.45459 8.24121 7.94116	0 77.7294 4.13303
0.454834 6.52795 7.97114	0 32.0309 4.35734
0.455078 8.6398 8.0128	0 78.556 4.63969
0.455322 7.78995 8.06366	0 57.2152 4.97613
0.455566 7.77729 8.12037	0 61.3748 5.34953
0.455811 9.8588 8.17915	0 95.4997 5.72868
0.456055 7.55216 8.23624	0 76.7201 6.07337
0.456299 7.66261 8.28829	0 66.1095 6.34474
0.456543 8.13424 8.3327	0 60.6022 6.51707
0.456787 9.60235 8.36772	0 100.238 6.58656
0.457031 9.13382 8.39251	0 53.7275 6.57295
0.457275 9.36044 8.40688	0 120.602 6.5131
0.45752 7.35284 8.41109	0 53.4965 6.44839
0.457764 8.14146 8.40554	0 68.2382 6.41084
0.458008 7.76339 8.39052	0 57.2968 6.41284
0.458252 8.14911 8.36627	0 65.1827 6.44424
0.458496 9.34354 8.33307	0 84.2533 6.47688
0.45874 8.21836 8.29154	0 52.3388 6.47412
0.458984 9.49517 8.24306	0 70.416 6.40144
0.459229 8.55897 8.1899	0 95.7162 6.23478
0.459473 7.97044 8.13535	0 51.079 5.96518
0.459717 7.77388 8.08336	0 55.5154 5.59983
0.459961 7.3609 8.03802	0 76.6432 5.16045
0.460205 8.51243 8.00287	0 44.4951 4.67974
0.460449 6.84402 7.98021	0 42.3189 4.19647
0.460693 6.40018 7.97062	0 32.5874 3.74972
0.460938 8.13382 7.97286	0 74.7267 3.37328
0.461182 8.52034 7.984	0 63.545 3.09146
0.461426 7.5456 8.00005	0 51.7052 2.91717
0.46167 7.97352 8.0166	0 51.0697 2.8522
0.461914 10.3094 8.02959	0 115.285 2.88872
0.462158 8.2447 8.03589	0 70.4449 3.01084
0.462402 6.97341 8.03357	0 43.5668 3.19569
0.462646 8.25241 8.02202	0 63.0531 3.41482
0.462891 7.60007 8.00172	0 74.6484 3.63686
0.463135 9.06096 7.97395	0 91.7314 3.83198
0.463379 7.62162 7.94041	0 42.9242 3.97726
0.463623 7.47327 7.90289	0 46.6608 4.06084
0.463867 7.80019 7.86306	0 53.2948 4.0833
0.464111 8.77383 7.82233	0 89.7619 4.05586
0.464355 7.23342 7.78185	0 54.664 3.99653
0.4646 7.72581 7.74256	0 50.7115 3.92625
0.464844 6.82489 7.70529	0 41.3372 3.86607
0.465088 8.5813 7.67089	0 73.1766 3.8354
0.465332 6.66979 7.64028	0 55.5052 3.84994
0.465576 8.69318 7.61448	0 60.0626 3.91836
0.46582 7.92892 7.59446	0 56.7696 4.03828
0.466064 7.25688 7.58102	0 59.0089 4.19356
0.466309 7.10194 7.57447	0 47.2718 4.35538
0.466553 6.11896 7.5745	0 40.904 4.4881
0.466797 8.11156 7.58001	0 68.1374 4.55852
0.467041 6.88394 7.58918	0 39.6764 4.5449
0.467285 9.0419 7.59979	0 85.4753 4.44261
0.467529 6.56325 7.60957	0 32.7462 4.26469
0.467773 8.56794 7.6167	0 99.0048 4.03767
0.468018 8.29365 7.62026	0 63.7285 3.79473
0.468262 7.5975 7.62046	0 52.8562 3.56831
0.468506 7.58698 7.61868	0 53.9039 3.38415
0.46875 6.84633 7.61723	0 44.5643 3.25815
0.468994 8.78633 7.61889	0 48.2186 3.19618
0.469238 6.94452 7.62636	0 30.0657 3.19622
0.469482 6.78699 7.64173	0 54.6864 3.25123
0.469727 7.02013 7.66603	0 83.2297 3.35121
0.469971 7.8223 7.69905	0 47.0599 3.48405
0.470215 7.4621 7.7393	0 57.8678 3.63545
0.470459 8.21578 7.7843	0 45.9809 3.78928
0.470703 7.76269 7.8309	0 50.9403 3.92899
0.470947 8.18911 7.87577	0 50.5768 4.04022
0.471191 8.02132 7.91583	0 66.3004 4.11347
0.471436 8.42547 7.94858	0 55.09 4.14576
0.47168 8.05844 7.97241	0 51.1644 4.14052
0.471924 7.34994 7.98671	0 64.5716 4.10581
0.472168 8.75051 7.99192	0 69.1382 4.05192
0.472412 8.66813 7.98947	0 60.5936 3.98952
0.472656 7.34365 7.9816	0 53.3082 3.92865
0.4729 8.79451 7.97111	0 83.2132 3.87848
0.473145 7.70587 7.96107	0 55.9875 3.84709
0.473389 6.94062 7.95442	0 44.1717 3.84107
0.473633 8.52854 7.95364	0 62.8983 3.86529
0.473877 7.43574 7.96043	0 47.7808 3.92305
0.474121 7.31291 7.97556	0 68.3234 4.0165
0.474365 8.12984 7.99874	0 63.4955 4.14662
0.474609 7.92444 8.02877	0 55.2295 4.31253
0.474854 7.79999 8.06364	0 61.2468 4.51065
0.475098 8.57433 8.10083	0 70.1447 4.73495
0.475342 8.45986 8.13746	0 78.8808 4.97824
0.475586 8.87448 8.17062	0 70.907 5.23379
0.47583 6.94719 8.19749	0 47.2642 5.49539
0.476074 8.22393 8.21563	0 60.2511 5.75544
0.476318 8.36426 8.22318	0 68.1595 6.00219
0.476562 9.29439 8.21905	0 86.8989 6.21838
0.476807 8.22325 8.20317	0 72.4895 6.38303
0.477051 8.86706 8.17657	0 109.817 6.47601
0.477295 8.46081 8.14136	0 74.9042 6.48368
0.477539 8.39388 8.10052	0 48.2102 6.40319
0.477783 7.12411 8.05755	0 45.1059 6.24391
0.478027 8.42524 8.01603	0 70.1144 6.02587
0.478271 6.27271 7.97919	0 39.0791 5.77571
0.478516 8.21902 7.94948	0 69.49 5.5212
0.47876 8.74429 7.92848	0 84.9724 5.28572
0.479004 7.60353 7.91678	0 39.7278 5.0839
0.479248 7.08686 7.9142	0 38.0015 4.91989
0.479492 8.08633 7.92003	0 70.7857 4.78883
0.479736 7.02902 7.93326	0 46.9266 4.68115
0.47998 9.59336 7.95278	0 81.3286 4.58792
0.480225 8.2747 7.97747	0 86.5994 4.5052
0.480469 7.19324 8.0061	0 46.6286 4.43539
0.480713 7.77046 8.03724	0 62.5321 4.38534
0.480957 7.16168 8.06913	0 48.461 4.36208
0.481201 8.23857 8.09959	0 63.3859 4.36824
0.481445 9.37383 8.12613	0 111.553 4.39938
0.481689 7.18603 8.1462	0 87.9064 4.44455
0.481934 8.38771 8.15752	0 88.4463 4.48989
0.482178 9.58712 8.15849	0 74.3272 4.5238
0.482422 7.6803 8.14851	0 66.999 4.54106
0.482666 9.08669 8.12817	0 78.5532 4.54414
0.48291 8.43322 8.09914	0 94.9237 4.54117
0.483154 7.40069 8.06399	0 52.7545 4.54175
0.483398 7.6893 8.0258	0 56.6999 4.55296
0.483643 8.37344 7.98774	0 82.09 4.57732
0.483887 7.00847 7.95267	0 50.0658 4.61353
0.484131 7.80373 7.92296	0 52.7707 4.6591
0.484375 8.23207 7.90031	0 66.882 4.71313
0.484619 7.47763 7.88573	0 72.5157 4.77719
0.484863 8.76749 7.87963	0 76.4175 4.85367
0.485107 7.20143 7.8818	0 48.2087 4.94199
0.485352 8.04043 7.89148	0 57.4223 5.035
0.485596 7.06191 7.90731	0 56.231 5.11805
0.48584 7.93033 7.92738	0 61.2836 5.17209
0.486084 7.14087 7.94932	0 80.1899 5.17984
0.486328 8.7715 7.97043	0 85.0342 5.13221
0.486572 8.73149 7.98797	0 65.4815 5.03129
0.486816 7.62794 7.99946	0 49.5261 4.88853
0.487061 9.25922 8.00295	0 111.552 4.71894
0.487305 6.91682 7.99736	0 39.6754 4.53492
0.487549 8.87314 7.98258	0 84.906 4.34305
0.487793 7.68568 7.95954	0 53.9514 4.14546
0.488037 7.32447 7.93015	0 53.0451 3.94475
0.488281 9.15776 7.89707	0 79.497 3.7491
0.488525 8.52237 7.86337	0 87.9226 3.5742
0.48877 6.95811 7.83215	0 40.3523 3.44043
0.489014 7.32451 7.8061	0 53.4397 3.36594
0.489258 7.3611 7.78713	0 51.3571 3.35872
0.489502 7.49359 7.77614	0 43.6639 3.41127
0.489746 7.22087 7.773	0 36.6394 3.50047
0.48999 7.3169 7.77675	0 46.9978 3.5932
0.490234 8.76903 7.78592	0 91.316 3.65624
0.490479 7.8114 7.79902	0 81.5475 3.66689
0.490723 8.3904 7.81487	0 46.518 3.62064
0.490967 8.48971 7.83285	0 81.6141 3.53304
0.491211 6.5684 7.85282	0 39.5572 3.43472
0.491455 8.50555 7.87494	0 64.3035 3.36117
0.491699 7.47386 7.89926	0 67.3094 3.34061
0.491943 7.55947 7.92539	0 54.5117 3.38387
0.492188 6.65031 7.95226	0 48.401 3.48
0.492432 8.37977 7.97814	0 74.6998 3.59959
0.492676 9.34578 8.00085	0 60.5698 3.70493
0.49292 7.83587 8.01813	0 69.8441 3.76361
0.493164 8.55644 8.02813	0 80.8638 3.76023
0.493408 7.84969 8.02968	0 59.8333 3.7014
0.493652 8.40357 8.02252	0 72.874 3.61237
0.493896 9.26091 8.00723	0 88.2555 3.52706
0.494141 6.96671 7.98503	0 59.5402 3.47617
0.494385 7.32182 7.95749	0 59.7675 3.47808
0.494629 7.83811 7.92628	0 54.3177 3.53539
0.494873 7.62205 7.89302	0 61.5766 3.63728
0.495117 8.55786 7.85921	0 74.8559 3.76573
0.495361 8.19781 7.82636	0 77.3804 3.90268
0.495605 8.25558 7.79605	0 64.8978 4.03511
0.49585 7.0579 7.76992	0 35.245 4.15656
0.496094 7.7282 7.74949	0 58.1908 4.26496
0.496338 7.05515 7.7358	0 42.2905 4.35867
0.496582 8.24605 7.72878	0 66.7146 4.43339
0.496826 7.27007 7.72656	0 54.8101 4.48158
0.49707 7.51384 7.72471	0 62.4857 4.49464
0.497314 7.12005 7.71569	0 70.1384 4.46629
0.497559 7.40281 7.68873	0 54.005 4.39534
0.497803 8.0015 7.63007	0 46.8223 4.28671
0.498047 8.13131 7.52407	0 73.4035 4.15009
0.498291 8.85855 7.35479	0 94.4371 3.99641
0.498535 7.54924 7.10817	0 51.1436 3.8327
0.498779 9.33813 6.77449	0 69.5892 3.65715
0.499023 9.01105 6.3505	0 84.343 3.4573
0.499268 7.50803 5.84097	0 52.9369 3.21365
0.499512 9.04451 5.25915	0 124.62 2.90861
0.499756 9.60257 3.96719	0 115.952 2.11232
