0 0 1.77241	0 0 0.473942
0.000244141 3.43208 2.12686	0 14.6794 0.629195
0.000488281 2.86718 2.49891	0 11.1986 0.802257
0.000732422 3.82361 2.88149	0 14.5221 0.988261
0.000976562 3.76919 3.26887	0 13.5466 1.18277
0.0012207 4.00511 3.65728	0 17.7173 1.38186
0.00146484 4.30661 4.04504	0 19.8326 1.58147
0.00170898 3.82334 4.43226	0 11.0284 1.77659
0.00195312 3.99239 4.82033	0 14.1005 1.96136
0.00219727 5.11496 5.21116	0 25.4371 2.13052
0.00244141 5.34986 5.60655	0 31.9902 2.28238
0.00268555 6.05551 6.0077	0 33.4102 2.42182
0.00292969 6.34474 6.41501	0 42.8494 2.56207
0.00317383 7.27228 6.82794	0 81.9032 2.72339
0.00341797 6.78866 7.24502	0 44.37 2.92831
0.00366211 7.9781 7.66388	0 49.0211 3.19489
0.00390625 8.02949 8.0812	0 83.2046 3.53027
0.00415039 8.50948 8.49268	0 65.7789 3.92763
0.00439453 8.42319 8.89305	0 89.7846 4.3679
0.00463867 8.88415 9.27626	0 77.2263 4.82518
0.00488281 10.4258 9.63582	0 114.911 5.27301
0.00512695 10.8883 9.96545	0 118.403 5.68839
0.00537109 11.4123 10.2598	0 130.407 6.05252
0.00561523 9.72772 10.515	0 70.1477 6.34993
0.00585938 12.9431 10.7296	0 148.377 6.5691
0.00610352 12.9083 10.9041	0 178.574 6.70625
0.00634766 11.9491 11.0415	0 156.593 6.77066
0.0065918 10.34 11.1459	0 139.954 6.78716
0.00683594 10.3006 11.2224	0 74.4146 6.79191
0.00708008 11.0388 11.276	0 104.532 6.82139
0.00732422 10.761 11.3112	0 117.019 6.8991
0.00756836 11.1735 11.3315	0 124.208 7.02661
0.0078125 11.8527 11.3401	0 141.726 7.18309
0.00805664 14.4583 11.3398	0 178.917 7.33353
0.00830078 10.8461 11.3335	0 81.8903 7.44148
0.00854492 11.3384 11.3243	0 102.802 7.48146
0.00878906 10.0216 11.3154	0 107.035 7.44789
0.0090332 10.6902 11.3099	0 99.4223 7.35915
0.00927734 11.3859 11.3102	0 147.969 7.25671
0.00952148 10.7078 11.3174	0 103.703 7.19895
0.00976562 10.7147 11.3313	0 110.61 7.24992
0.0100098 11.6673 11.3499	0 70.0656 7.46425
0.0102539 12.8354 11.3702	0 131.377 7.8715
0.010498 11.0533 11.3879	0 90.474 8.46384
0.0107422 10.7545 11.3986	0 101.232 9.19174
0.0109863 10.8868 11.3981	0 83.6091 9.97053
0.0112305 11.378 11.3829	0 166.664 10.6984
0.0114746 14.3241 11.3506	0 300.173 11.2811
0.0117188 11.8419 11.3002	0 169.083 11.6553
0.0119629 11.0121 11.2323	0 156.594 11.8016
0.012207 8.97453 11.1491	0 84.8809 11.7421
0.0124512 12.8136 11.0542	0 213.144 11.5267
0.0126953 10.8517 10.9522	0 124.667 11.2159
0.0129395 11.5151 10.8485	0 146.825 10.8693
0.0131836 10.4849 10.7488	0 93.4271 10.5403
0.0134277 10.4608 10.6588	0 75.1457 10.2764
0.0136719 9.75796 10.5836	0 144.33 10.1163
0.013916 9.61508 10.5272	0 87.2951 10.0829
0.0141602 10.5166 10.4921	0 96.0522 10.1721
0.0144043 9.52844 10.4795	0 120.936 10.3458
0.0146484 11.024 10.4888	0 88.4403 10.5354
0.0148926 9.33054 10.5178	0 128.221 10.6583
0.0151367 10.1607 10.5632	0 135.906 10.6431
0.0153809 11.5981 10.6208	0 258.417 10.4541
0.015625 11.2428 10.6859	0 109.521 10.1035
0.0158691 10.3181 10.7539	0 128.79 9.64719
0.0161133 8.79628 10.8205	0 66.5045 9.16468
0.0163574 12.8628 10.8823	0 171.607 8.73421
0.0166016 10.7829 10.9371	0 96.2045 8.41211
0.0168457 11.8179 10.9836	0 121.672 8.22475
0.0170898 13.3548 11.0219	0 188.879 8.17303
0.017334 9.29394 11.053	0 77.8887 8.24372
0.0175781 9.2341 11.0785	0 56.5695 8.41947
0.0178223 10.8284 11.1004	0 112.392 8.68165
0.0180664 13.8288 11.1208	0 193.162 9.00535
0.0183105 10.3269 11.1419	0 97.3038 9.35182
0.0185547 10.9553 11.1654	0 131.042 9.66621
0.0187988 9.12584 11.1931	0 61.712 9.88616
0.019043 13.144 11.2265	0 171.776 9.96075
0.0192871 11.9098 11.2671	0 149.004 9.87201
0.0195312 11.1176 11.3159	0 135.634 9.64789
0.0197754 10.7764 11.3738	0 110.199 9.35862
0.0200195 9.59549 11.4409	0 84.8303 9.09656
0.0202637 11.4354 11.517	0 135.455 8.94809
0.0205078 12.6063 11.601	0 134.287 8.96946
0.020752 11.0382 11.692	0 98.05 9.17542
0.0209961 12.7404 11.7887	0 130.112 9.54253
0.0212402 11.5377 11.8901	0 124.333 10.023
0.0214844 12.0118 11.9957	0 146.079 10.5619
0.0217285 13.0461 12.1051	0 197.179 11.1128
0.0219727 12.4106 12.2183	0 140.953 11.6459
0.0222168 10.0027 12.335	0 139.599 12.1488
0.0224609 11.892 12.4546	0 114.515 12.62
0.0227051 13.3273 12.576	0 129.907 13.0578
0.0229492 14.1729 12.6977	0 159.361 13.452
0.0231934 11.292 12.8178	0 126.501 13.7814
0.0234375 13.681 12.9348	0 198.504 14.0208
0.0236816 14.2074 13.0477	0 155.497 14.1539
0.0239258 11.5837 13.1564	0 143.309 14.1857
0.0241699 13.817 13.2621	0 160.518 14.1483
0.0244141 15.4124 13.3668	0 273.538 14.0982
0.0246582 12.4743 13.4733	0 140.124 14.1041
0.0249023 12.8488 13.5844	0 138.268 14.23
0.0251465 12.3451 13.7028	0 173.356 14.5186
0.0253906 14.3998 13.8301	0 205.915 14.9782
0.0256348 14.1184 13.9669	0 176.112 15.5797
0.0258789 13.4309 14.1121	0 180.882 16.2621
0.026123 14.0333 14.2637	0 243.206 16.9489
0.0263672 14.7153 14.4191	0 260.58 17.5664
0.0266113 13.9069 14.5752	0 200.085 18.0604
0.0268555 15.6365 14.7294	0 183.067 18.4046
0.0270996 16.5423 14.8806	0 269.696 18.5987
0.0273438 14.4965 15.0288	0 175.213 18.6609
0.0275879 14.1163 15.1763	0 213.725 18.6185
0.027832 14.8026 15.3271	0 178.609 18.5026
0.0280762 17.3292 15.4865	0 435.057 18.3483
0.0283203 16.131 15.6609	0 186.255 18.1976
0.0285645 14.4729 15.8561	0 179.543 18.1014
0.0288086 15.8195 16.0769	0 195.449 18.115
0.0290527 14.591 16.326	0 278.808 18.2863
0.0292969 14.2518 16.603	0 154.125 18.6396
0.029541 16.4379 16.9049	0 221.336 19.1621
0.0297852 17.0129 17.2261	0 246.381 19.8013
0.0300293 19.9636 17.5592	0 306.125 20.4798
0.0302734 16.907 17.8963	0 396.896 21.1224
0.0305176 20.745 18.2303	0 421.439 21.6869
0.0307617 18.5511 18.5556	0 305.831 22.1826
0.0310059 17.133 18.8694	0 272.531 22.6677
0.03125 20.1907 19.1712	0 469.322 23.2258
0.0314941 19.7437 19.4639	0 362.342 23.93
0.0317383 20.0644 19.7526	0 401.381 24.8119
0.0319824 20.5182 20.0451	0 472.391 25.8453
0.0322266 20.4868 20.3504	0 411.219 26.9539
0.0324707 18.9577 20.6787	0 406.6 28.0395
0.0327148 20.5613 21.04	0 335.346 29.0215
0.032959 20.928 21.4435	0 356.764 29.8705
0.0332031 22.9419 21.8961	0 350.485 30.6243
0.0334473 20.4407 22.4019	0 397.402 31.3775
0.0336914 19.158 22.9618	0 318.974 32.2531
0.0339355 21.1652 23.5728	0 610.532 33.369
0.0341797 25.0062 24.2294	0 528.04 34.8158
0.0344238 25.5568 24.9235	0 538.644 36.6527
0.034668 27.6027 25.6462	0 512.731 38.9115
0.0349121 27.8453 26.3883	0 860.917 41.5969
0.0351562 25.5984 27.142	0 680.59 44.6672
0.0354004 26.3684 27.9011	0 542.842 48.0031
0.0356445 29.6081 28.6619	0 1165.71 51.3848
0.0358887 26.3994 29.4238	0 716.35 54.5111
0.0361328 31.4151 30.1899	0 1104.29 57.0793
0.036377 35.2844 30.9672	0 951.342 58.9154
0.0366211 32.563 31.7667	0 1199.17 60.1085
0.0368652 31.0539 32.6034	0 707.539 61.0845
0.0371094 28.8816 33.4949	0 926.169 62.5669
0.0373535 35.4045 34.4598	0 1252.36 65.4152
0.0375977 36.3508 35.5157	0 1176.02 70.3795
0.0378418 38.1113 36.6771	0 1418.07 77.8477
0.0380859 26.585 37.9543	0 696.686 87.6745
0.0383301 32.8094 39.3525	0 915.072 99.161
0.0385742 39.172 40.8729	0 1638.13 111.222
0.0388184 49.3952 42.5146	0 1966.38 122.712
0.0390625 48.9627 44.2768	0 2783.1 132.823
0.0393066 37.0995 46.1616	0 1410.67 141.389
0.0395508 54.3198 48.1754	0 2608.11 148.979
0.0397949 47.8397 50.3303	0 1468.25 156.713
0.0400391 41.7687 52.6436	0 1922.66 165.928
0.0402832 51.0774 55.1366	0 3665.89 177.904
0.0405273 63.7101 57.8323	0 4202.55 193.824
0.0407715 52.2452 60.7535	0 2750.32 214.984
0.0410156 69.4026 63.9204	0 4811.75 243.017
0.0412598 63.2174 67.3493	0 4936.14 279.831
0.0415039 58.4161 71.0524	0 5056.85 327.117
0.041748 63.3927 75.0399	0 2812.81 385.606
0.0419922 74.5637 79.3225	0 4712.59 454.461
0.0422363 88.3766 83.9157	0 12865.2 531.239
0.0424805 88.9066 88.8442	0 6222.76 612.554
0.0427246 102.01 94.1441	0 11965.1 695.248
0.0429688 96.7007 99.8632	0 9530.1 777.621
0.0432129 93.1484 106.058	0 6810.52 860.249
0.043457 98.6833 112.786	0 11824.2 946.08
0.0437012 101.306 120.097	0 13443.2 1039.78
0.0439453 120.247 128.023	0 18027.6 1146.59
0.0441895 135.11 136.567	0 15826.9 1271.25
0.0444336 139.474 145.697	0 22874.6 1417.41
0.0446777 138.901 155.34	0 24916.5 1588.11
0.0449219 136.679 165.382	0 14081.9 1786.86
0.045166 174.304 175.676	0 29534.4 2018.49
0.0454102 211.902 186.044	0 50258.4 2288.39
0.0456543 208.46 196.286	0 52997.6 2599.23
0.0458984 202.221 206.188	0 27564.5 2945.72
0.0461426 211.775 215.531	0 38928.2 3309.76
0.0463867 249.908 224.095	0 49799 3659.18
0.0466309 264.866 231.663	0 64698.3 3952.38
0.046875 243.557 238.032	0 43597.6 4148.21
0.0471191 236.036 243.018	0 69820.4 4217.7
0.0473633 273.269 246.471	0 60777.4 4152.77
0.0476074 278.78 248.286	0 66613.5 3968.27
0.0478516 292.624 248.417	0 62618.9 3696.96
0.0480957 299.869 246.884	0 80482.6 3379.78
0.0483398 273.465 243.775	0 67237.5 3055.43
0.048584 252.399 239.236	0 51282.1 2752.8
0.0488281 246.252 233.46	0 46628.4 2487.66
0.0490723 185.344 226.664	0 37847.7 2263.64
0.0493164 223.415 219.069	0 47547.2 2075.9
0.0495605 220.594 210.884	0 48410.1 1915.71
0.0498047 212.783 202.293	0 31161.6 1774.49
0.0500488 198.16 193.455	0 37012.1 1646.31
0.050293 201.17 184.497	0 35485.5 1528.67
0.0505371 166.091 175.526	0 21717.7 1421.65
0.0507812 150.413 166.626	0 27522.3 1326.31
0.0510254 153.576 157.862	0 17542.4 1243.02
0.0512695 150.073 149.286	0 29396.8 1170.47
0.0515137 126.938 140.933	0 15534 1105.58
0.0517578 131.112 132.827	0 14703.2 1044.2
0.052002 126.136 124.981	0 14384 982.241
0.0522461 119.544 117.404	0 12684 916.611
0.0524902 101.599 110.105	0 10130.4 845.779
0.0527344 103.877 103.095	0 13497.3 769.854
0.0529785 99.744 96.3893	0 9485.43 690.345
0.0532227 86.2157 90.0089	0 6622.36 609.711
0.0534668 68.5098 83.9757	0 4651.77 530.833
0.0537109 72.5463 78.3098	0 5212.06 456.445
0.0539551 64.1023 73.0266	0 3649.87 388.657
0.0541992 60.8553 68.1342	0 4245.05 328.669
0.0544434 62.6915 63.6328	0 3711.5 276.776
0.0546875 57.2174 59.5158	0 3531.53 232.604
0.0549316 50.3822 55.7711	0 1983.89 195.45
0.0551758 55.8046 52.3831	0 3000.35 164.578
0.0554199 41.0544 49.3338	0 1797.69 139.338
0.0556641 41.3994 46.6031	0 1604.9 119.151
0.0559082 33.2228 44.1688	0 1428.73 103.406
0.0561523 39.8312 42.0054	0 1326.28 91.3857
0.0563965 42.7244 40.0848	0 2120.8 82.2739
0.0566406 32.9434 38.376	0 907.792 75.2386
0.0568848 37.5123 36.8469	0 1564.93 69.5527
0.0571289 33.6342 35.4658	0 1004.9 64.6936
0.057373 31.6287 34.2032	0 1048.14 60.386
0.0576172 37.7824 33.0337	0 941.124 56.5749
0.0578613 29.5878 31.937	0 925.201 53.3466
0.0581055 29.6123 30.8976	0 832.17 50.8233
0.0583496 33.278 29.9047	0 998.262 49.0645
0.0585938 23.4935 28.9513	0 479.787 48.0008
0.0588379 26.7655 28.0333	0 876.447 47.4201
0.059082 27.5681 27.1486	0 927.011 47.0096
0.0593262 29.4259 26.2965	0 980.244 46.4353
0.0595703 23.6906 25.478	0 568.501 45.4276
0.0598145 25.7023 24.6953	0 680.436 43.8354
0.0600586 20.9563 23.9516	0 402.847 41.6355
0.0603027 21.7243 23.2513	0 526.06 38.9056
0.0605469 26.236 22.5991	0 669.235 35.7894
0.060791 19.5561 21.9992	0 451.373 32.4748
0.0610352 21.3936 21.4544	0 677.175 29.1842
0.0612793 16.1502 20.9653	0 247.001 26.1586
0.0615234 20.4497 20.5302	0 325.045 23.6195
0.0617676 18.7731 20.1446	0 300.742 21.7147
0.0620117 20.6065 19.8019	0 342.074 20.4707
0.0622559 19.6524 19.4945	0 364.311 19.7802
0.0625 20.6052 19.2142	0 511.473 19.438
0.0627441 18.3239 18.9534	0 303.13 19.2094
0.0629883 18.2491 18.7056	0 383.57 18.9031
0.0632324 19.0875 18.4657	0 414.125 18.4166
0.0634766 16.7416 18.23	0 340.577 17.7448
0.0637207 19.2209 17.9957	0 359.62 16.9545
0.0639648 17.2228 17.761	0 284.842 16.1455
0.064209 16.242 17.5248	0 228.687 15.4147
0.0644531 17.8754 17.2867	0 360.073 14.8337
0.0646973 20.101 17.0474	0 541.07 14.4404
0.0649414 14.6874 16.8081	0 263.57 14.2422
0.0651855 17.0061 16.5712	0 208.491 14.2234
0.0654297 18.2311 16.3397	0 449.204 14.3538
0.0656738 12.4409 16.1168	0 196.036 14.5952
0.065918 16.812 15.9056	0 243.06 14.907
0.0661621 15.0323 15.7088	0 215.046 15.2514
0.0664062 15.3913 15.528	0 328.567 15.5972
0.0666504 15.4532 15.364	0 235.794 15.9234
0.0668945 15.0481 15.2171	0 214.702 16.22
0.0671387 14.5082 15.0869	0 240.959 16.4857
0.0673828 14.1739 14.9734	0 167.599 16.7223
0.067627 15.6843 14.8764	0 290.695 16.929
0.0678711 16.0671 14.7964	0 300.889 17.0974
0.0681152 13.7851 14.734	0 169.614 17.211
0.0683594 14.2356 14.6895	0 256.872 17.2488
0.0686035 13.0619 14.6623	0 212.436 17.1913
0.0688477 15.1698 14.6507	0 273.432 17.0261
0.0690918 13.2789 14.6517	0 177.924 16.7516
0.0693359 14.3503 14.6606	0 187.428 16.3767
0.0695801 15.3867 14.6722	0 254.099 15.9187
0.0698242 14.8464 14.6814	0 217.679 15.3997
0.0700684 14.5248 14.6842	0 169.582 14.8446
0.0703125 17.7421 14.6782	0 342.426 14.2832
0.0705566 14.4533 14.6632	0 250.677 13.7536
0.0708008 15.1456 14.6416	0 179.335 13.3071
0.0710449 13.642 14.617	0 230.025 13.0068
0.0712891 14.5422 14.5941	0 187.814 12.9193
0.0715332 12.4682 14.5773	0 144.127 13.0972
0.0717773 13.6927 14.5704	0 211.107 13.5584
0.0720215 15.5304 14.5757	0 254.098 14.2666
0.0722656 15.1207 14.5939	0 223.969 15.1249
0.0725098 15.4644 14.6246	0 262.5 15.9864
0.0727539 12.3332 14.6665	0 109.358 16.6853
0.072998 15.913 14.7177	0 391.367 17.0823
0.0732422 15.3797 14.7766	0 241.335 17.1086
0.0734863 12.6893 14.842	0 165.216 16.792
0.0737305 15.5814 14.9134	0 223.926 16.2498
0.0739746 15.4887 14.991	0 172.013 15.6479
0.0742188 15.9918 15.0757	0 229.902 15.141
0.0744629 15.3413 15.169	0 172.339 14.8194
0.074707 12.7777 15.2723	0 262.16 14.6878
0.0749512 16.1303 15.3865	0 311.525 14.6858
0.0751953 15.9909 15.5116	0 267.763 14.7372
0.0754395 15.5852 15.6455	0 238.216 14.8013
0.0756836 13.8899 15.7846	0 176.388 14.8988
0.0759277 16.4142 15.923	0 271.132 15.0991
0.0761719 14.0571 16.0539	0 170.27 15.479
0.076416 17.9463 16.1698	0 267.299 16.0778
0.0766602 17.4724 16.2645	0 329.58 16.8735
0.0769043 18.8792 16.3341	0 446.133 17.7876
0.0771484 15.2144 16.3784	0 284.708 18.7129
0.0773926 18.211 16.4012	0 298.318 19.5485
0.0776367 19.139 16.4103	0 383.156 20.2277
0.0778809 14.3599 16.4169	0 160.788 20.7347
0.078125 14.2168 16.4335	0 226.271 21.1065
0.0783691 15.8385 16.4727	0 333.377 21.4219
0.0786133 15.7281 16.5451	0 275.896 21.775
0.0788574 16.7094 16.6578	0 267.083 22.241
0.0791016 15.2799 16.814	0 234.883 22.8461
0.0793457 14.4143 17.0122	0 235.104 23.5572
0.0795898 17.2225 17.2474	0 308.426 24.2999
0.079834 17.7669 17.5121	0 549.669 24.9979
0.0800781 18.2795 17.7976	0 384.875 25.6136
0.0803223 18.5374 18.0958	0 295.068 26.1718
0.0805664 19.6583 18.3997	0 482.29 26.7551
0.0808105 21.0616 18.7046	0 402.14 27.4757
0.0810547 16.1426 19.0076	0 246.312 28.4386
0.0812988 18.4427 19.3076	0 390.904 29.7066
0.081543 21.1446 19.6044	0 392.613 31.2772
0.0817871 17.0985 19.8981	0 326.123 33.0746
0.0820312 22.3989 20.1889	0 406.88 34.957
0.0822754 20.0891 20.4767	0 412.328 36.7415
0.0825195 21.2241 20.7616	0 734.787 38.2417
0.0827637 19.5946 21.0442	0 277.951 39.3135
0.0830078 25.9588 21.3265	0 926.647 39.8979
0.083252 18.1184 21.6119	0 413.006 40.051
0.0834961 21.7677 21.9053	0 473.878 39.9501
0.0837402 21.5583 22.2133	0 361.473 39.8698
0.0839844 26.3081 22.5431	0 779.078 40.1247
0.0842285 20.6532 22.9017	0 475.899 40.9905
0.0844727 19.9648 23.2947	0 433.358 42.6256
0.0847168 23.9609 23.7255	0 426.181 45.0187
0.0849609 23.1505 24.1943	0 561.225 47.9852
0.0852051 24.4396 24.698	0 641.262 51.2114
0.0854492 21.7405 25.2307	0 549.298 54.3305
0.0856934 30.6262 25.7849	0 1102.73 57.0028
0.0859375 22.3219 26.3527	0 481.044 58.9784
0.0861816 25.5104 26.9278	0 889.109 60.1335
0.0864258 35.8753 27.5061	0 1084.86 60.4849
0.0866699 29.4335 28.0868	0 989.439 60.1909
0.0869141 22.8749 28.6719	0 567.894 59.5405
0.0871582 29.3448 29.2649	0 668.973 58.9243
0.0874023 32.9191 29.8694	0 1084.87 58.7789
0.0876465 25.6132 30.4872	0 690.307 59.5009
0.0878906 31.5117 31.1173	0 963.906 61.3484
0.0881348 29.0364 31.7554	0 834.394 64.361
0.0883789 31.6686 32.3943	0 865.212 68.3407
0.088623 33.5475 33.0258	0 1036.86 72.9129
0.0888672 39.575 33.6423	0 1826.75 77.6554
0.0891113 36.2972 34.2383	0 1189.73 82.2406
0.0893555 36.326 34.8118	0 1613.91 86.53
0.0895996 33.0309 35.3646	0 1247.62 90.5819
0.0898438 35.7222 35.9016	0 1160.68 94.5802
0.0900879 31.4969 36.4296	0 1352.39 98.7272
0.090332 37.6039 36.9561	0 1445.24 103.15
0.0905762 41.152 37.4879	0 1671.92 107.847
0.0908203 39.7729 38.0302	0 1163.15 112.684
0.0910645 34.1421 38.5856	0 1226.55 117.434
0.0913086 39.9518 39.1542	0 1243.63 121.853
0.0915527 40.6389 39.7333	0 1665.33 125.791
0.0917969 38.5013 40.3174	0 1643.59 129.293
0.092041 38.7536 40.8991	0 1244.85 132.644
0.0922852 42.5084 41.4698	0 2180.94 136.318
0.0925293 45.0648 42.0203	0 2308.64 140.823
0.0927734 36.9478 42.5418	0 846.275 146.496
0.0930176 54.1362 43.0269	0 3021.59 153.33
0.0932617 42.8536 43.469	0 1779 160.909
0.0935059 44.503 43.8624	0 2495.25 168.478
0.09375 36.8713 44.2008	0 1370.95 175.122
0.0939941 45.9569 44.4764	0 1811.16 179.987
0.0942383 52.8941 44.6786	0 3788.06 182.463
0.0944824 41.6563 44.7945	0 1538.91 182.273
0.0947266 43.7653 44.8091	0 2177.39 179.457
0.0949707 40.2841 44.7081	0 1761.94 174.286
0.0952148 57.0721 44.4802	0 3247.52 167.169
0.095459 44.3112 44.12	0 1799.45 158.585
0.0957031 51.7338 43.6301	0 1727.12 149.042
0.0959473 44.5821 43.0217	0 2011.18 139.054
0.0961914 45.0867 42.3138	0 2720.4 129.091
0.0964355 38.3044 41.5306	0 1498.49 119.526
0.0966797 34.1762 40.6984	0 1272.21 110.593
0.0969238 41.4763 39.8417	0 1325.53 102.406
0.097168 39.4747 38.9804	0 1299.56 95.009
0.0974121 38.4157 38.1283	0 1569.89 88.4478
0.0976562 35.597 37.2926	0 1371.95 82.7948
0.0979004 31.5437 36.4748	0 789.283 78.121
0.0981445 40.3952 35.6729	0 1917.81 74.4229
0.0983887 38.4863 34.8828	0 1686.32 71.5507
0.0986328 34.7902 34.1003	0 862.315 69.1855
0.098877 30.0914 33.3221	0 1235.87 66.8936
0.0991211 30.0587 32.546	0 909.765 64.2483
0.0993652 34.405 31.7707	0 1401.55 60.9733
0.0996094 31.0616 30.9953	0 1372.9 57.0434
0.0998535 30.2712 30.2193	0 607.152 52.6939
0.100098 26.0756 29.4425	0 624.272 48.332
0.100342 29.8694 28.6655	0 632.293 44.392
0.100586 27.5854 27.8907	0 493.843 41.1972
0.10083 33.6536 27.1224	0 856.969 38.8822
0.101074 25.1405 26.3675	0 407.869 37.3957
0.101318 23.1355 25.6352	0 538.461 36.5629
0.101562 22.9461 24.9355	0 702.449 36.1709
0.101807 24.3078 24.2783	0 684.347 36.0358
0.102051 21.286 23.672	0 518.036 36.0313
0.102295 23.8237 23.1217	0 457.988 36.0792
0.102539 19.4163 22.6285	0 361.123 36.1201
0.102783 18.8161 22.1894	0 330.776 36.089
0.103027 24.2067 21.7976	0 586.086 35.9109
0.103271 24.8206 21.4427	0 642.327 35.5179
0.103516 19.6516 21.1122	0 382.796 34.8714
0.10376 17.7139 20.7928	0 273.868 33.9737
0.104004 20.5237 20.471	0 388.535 32.8606
0.104248 21.667 20.135	0 269.808 31.5801
0.104492 18.954 19.7758	0 316.444 30.1751
0.104736 22.5243 19.3883	0 436.852 28.6782
0.10498 19.9918 18.9718	0 278.842 27.1226
0.105225 21.1811 18.5303	0 601.769 25.5558
0.105469 20.0982 18.0718	0 392.513 24.044
0.105713 14.5161 17.607	0 233.015 22.6595
0.105957 14.6153 17.1472	0 135.014 21.4581
0.106201 15.3169 16.7031	0 223.617 20.4578
0.106445 16.0531 16.2826	0 255.553 19.6312
0.106689 14.7253 15.8906	0 248.208 18.9155
0.106934 15.2823 15.5288	0 221.875 18.2327
0.107178 15.8389 15.196	0 304.928 17.5107
0.107422 15.6643 14.8895	0 323.752 16.6973
0.107666 14.5766 14.6061	0 272.538 15.7664
0.10791 14.3676 14.3425	0 207.582 14.7175
0.108154 13.7521 14.096	0 179.854 13.574
0.108398 12.95 13.8639	0 163.021 12.3804
0.108643 12.8472 13.6436	0 210.817 11.1978
0.108887 12.469 13.4322	0 144.654 10.096
0.109131 15.2597 13.2261	0 220.303 9.1419
0.109375 11.271 13.0218	0 114.744 8.38501
0.109619 12.4369 12.8165	0 111.781 7.84468
0.109863 12.9708 12.6089	0 161.154 7.50415
0.110107 15.3401 12.3999	0 162.272 7.31497
0.110352 14.1656 12.1931	0 142.173 7.21148
0.110596 11.5449 11.9942	0 116.425 7.13029
0.11084 9.16442 11.8105	0 79.3186 7.02725
0.111084 10.78 11.6493	0 111.025 6.88557
0.111328 9.49111 11.5163	0 66.8818 6.71341
0.111572 10.9011 11.4149	0 164.71 6.53409
0.111816 10.5122 11.3451	0 98.8231 6.37481
0.112061 11.3902 11.3036	0 113.643 6.25892
0.112305 12.0339 11.2843	0 129.057 6.20338
0.112549 9.77007 11.2793	0 70.0421 6.21908
0.112793 13.8473 11.2802	0 204.218 6.31025
0.113037 10.2923 11.2788	0 97.5565 6.47061
0.113281 11.5293 11.2688	0 127.364 6.67796
0.113525 11.8849 11.2457	0 116.268 6.89204
0.11377 12.174 11.2075	0 156.287 7.06057
0.114014 9.77602 11.1551	0 71.8274 7.13383
0.114258 12.2512 11.0914	0 125.433 7.08216
0.114502 11.4221 11.0216	0 107.62 6.90811
0.114746 11.5054 10.9521	0 97.211 6.64706
0.11499 11.7391 10.8901	0 105.943 6.35629
0.115234 8.76989 10.8421	0 71.4877 6.09795
0.115479 10.0201 10.8134	0 124.818 5.92318
0.115723 8.35093 10.8072	0 61.5325 5.86242
0.115967 11.6176 10.8241	0 114.49 5.92301
0.116211 11.05 10.8624	0 113.004 6.09249
0.116455 10.1732 10.918	0 87.2289 6.34497
0.116699 9.26257 10.9856	0 96.4545 6.64859
0.116943 14.4468 11.0592	0 201.016 6.97232
0.117188 12.1858 11.1334	0 137.76 7.29082
0.117432 10.0177 11.2032	0 86.0819 7.58653
0.117676 11.1539 11.2649	0 113 7.84947
0.11792 10.4508 11.3163	0 139.404 8.07656
0.118164 11.0564 11.3558	0 110.728 8.27191
0.118408 12.8523 11.3829	0 184.639 8.44797
0.118652 12.3046 11.3978	0 168.173 8.62523
0.118896 12.2759 11.4006	0 116.335 8.82784
0.119141 10.6165 11.3918	0 87.3517 9.0748
0.119385 11.2921 11.3714	0 109.088 9.36971
0.119629 9.84334 11.3395	0 81.8566 9.69418
0.119873 11.6185 11.2964	0 130.703 10.0096
0.120117 11.5623 11.2426	0 128.724 10.2686
0.120361 12.3573 11.1796	0 159.209 10.4327
0.120605 11.4904 11.1097	0 126.904 10.4891
0.12085 13.2193 11.0367	0 169.638 10.4583
0.121094 10.585 10.9649	0 96.1479 10.3873
0.121338 9.56853 10.8992	0 109.004 10.3298
0.121582 9.2669 10.8437	0 55.3365 10.3225
0.121826 8.13128 10.8018	0 61.9668 10.3669
0.12207 12.1986 10.775	0 212.628 10.4287
0.122314 11.6526 10.7635	0 173.077 10.4529
0.122559 10.5625 10.7661	0 104.78 10.3894
0.122803 9.75994 10.7812	0 99.2811 10.2163
0.123047 11.7817 10.8069	0 144.532 9.952
0.123291 12.1482 10.8419	0 138.665 9.64967
0.123535 10.498 10.8853	0 99.4528 9.37726
0.123779 9.06729 10.9366	0 64.8696 9.19182
0.124023 12.0421 10.9953	0 149.073 9.11877
0.124268 9.10759 11.0604	0 94.0867 9.1454
0.124512 10.8455 11.1301	0 82.0525 9.2313
0.124756 12.0139 11.2023	0 234.965 9.33031
0.125 11.9746 11.2743	0 162.196 9.41274
0.125244 11.8042 11.3437	0 98.9357 9.47677
0.125488 10.9881 11.4086	0 109.114 9.54402
0.125732 12.0768 11.4681	0 116.401 9.64315
0.125977 11.5632 11.5226	0 93.6635 9.79111
0.126221 12.1893 11.5732	0 156.245 9.98168
0.126465 12.4817 11.6213	0 127.055 10.1857
0.126709 8.62219 11.6686	0 64.2634 10.3615
0.126953 11.832 11.7158	0 138.114 10.4693
0.127197 12.8921 11.7632	0 205.719 10.4844
0.127441 11.7549 11.81	0 242.098 10.4044
0.127686 10.2517 11.8551	0 69.0431 10.2487
0.12793 13.9991 11.8975	0 211.111 10.0514
0.128174 12.0576 11.9368	0 126.86 9.85165
0.128418 11.7516 11.9738	0 120.821 9.68528
0.128662 12.2492 12.0107	0 136.488 9.58226
0.128906 13.0209 12.0507	0 135.282 9.56751
0.12915 11.2539 12.0978	0 144.453 9.66187
0.129395 12.1842 12.156	0 120.843 9.87953
0.129639 11.3824 12.2284	0 102.364 10.2222
0.129883 11.025 12.3164	0 96.9662 10.6751
0.130127 10.4117 12.42	0 129.441 11.2094
0.130371 13.1835 12.5371	0 210.579 11.7919
0.130615 13.5977 12.6641	0 204.224 12.3968
0.130859 14.4419 12.7965	0 269.112 13.0108
0.131104 13.4053 12.9296	0 162.353 13.6273
0.131348 11.6728 13.0589	0 151.93 14.2347
0.131592 12.2295 13.1807	0 137.352 14.8056
0.131836 14.216 13.2923	0 269.312 15.2984
0.13208 13.7478 13.392	0 320.583 15.671
0.132324 13.5202 13.4795	0 219.66 15.9012
0.132568 14.6056 13.5553	0 179.784 16.0028
0.132812 14.5547 13.6212	0 254.405 16.0285
0.133057 13.2384 13.6794	0 172.902 16.0584
0.133301 13.5183 13.7325	0 199.632 16.1772
0.133545 12.3745 13.7832	0 141.178 16.4503
0.133789 14.1512 13.8336	0 232.44 16.9075
0.134033 14.4229 13.8852	0 233.105 17.5359
0.134277 13.9516 13.9389	0 171.057 18.2829
0.134521 13.0017 13.9949	0 162.347 19.0628
0.134766 13.0782 14.0529	0 171.585 19.7667
0.13501 17.7812 14.1125	0 371.349 20.2761
0.135254 12.7934 14.1733	0 164.832 20.4851
0.135498 13.428 14.2347	0 163.92 20.3283
0.135742 14.9949 14.2963	0 287.012 19.8071
0.135986 13.7374 14.3572	0 234.034 18.9995
0.13623 13.5352 14.4166	0 180.314 18.0447
0.136475 14.6028 14.4727	0 183.651 17.1054
0.136719 16.3318 14.5238	0 221.181 16.3205
0.136963 13.27 14.5678	0 164.297 15.7697
0.137207 15.76 14.6032	0 178.066 15.4629
0.137451 15.6455 14.6286	0 268.562 15.3529
0.137695 11.4377 14.6441	0 150.107 15.3629
0.137939 16.6041 14.6506	0 291.971 15.4135
0.138184 16.3971 14.6501	0 329.953 15.4411
0.138428 15.0107 14.6458	0 195.866 15.4069
0.138672 14.1669 14.6407	0 201.368 15.2986
0.138916 13.9087 14.6379	0 138.413 15.127
0.13916 13.4531 14.6395	0 209.61 14.9206
0.139404 11.8448 14.6462	0 166.157 14.7167
0.139648 16.6268 14.6574	0 226.119 14.5519
0.139893 16.6744 14.6709	0 232.25 14.454
0.140137 13.5108 14.6835	0 175.295 14.4377
0.140381 16.3062 14.6914	0 362.463 14.5041
0.140625 13.6101 14.6903	0 162.354 14.6428
0.140869 13.8646 14.6766	0 223.701 14.835
0.141113 15.3016 14.6468	0 222.482 15.055
0.141357 15.0483 14.5986	0 230.515 15.2706
0.141602 15.5219 14.5303	0 261.999 15.4446
0.141846 15.6507 14.4413	0 187.079 15.5379
0.14209 13.3754 14.3324	0 153.323 15.5145
0.142334 15.2988 14.2049	0 349.017 15.3496
0.142578 13.5366 14.0614	0 150.593 15.035
0.142822 14.5287 13.9052	0 227.743 14.583
0.143066 12.4481 13.7401	0 179.505 14.0254
0.143311 14.5503 13.5705	0 186.533 13.4076
0.143555 13.426 13.4008	0 152.248 12.7814
0.143799 13.7067 13.2354	0 201.071 12.1962
0.144043 12.3562 13.078	0 144.972 11.6909
0.144287 14.0076 12.9316	0 266.252 11.289
0.144531 10.5897 12.798	0 137.55 10.9965
0.144775 11.7152 12.6777	0 135.022 10.8031
0.14502 12.5117 12.5695	0 125.15 10.6872
0.145264 12.4439 12.4713	0 110.987 10.6229
0.145508 13.4029 12.3804	0 113.572 10.5855
0.145752 11.9614 12.294	0 180.502 10.5547
0.145996 12.6846 12.2097	0 98.0796 10.5138
0.14624 11.7916 12.1264	0 194.475 10.4459
0.146484 13.9556 12.0441	0 153.423 10.331
0.146729 11.5594 11.9634	0 148.036 10.147
0.146973 10.2152 11.886	0 82.1737 9.8768
0.147217 11.4148 11.813	0 132.938 9.51779
0.147461 11.2382 11.7455	0 141.301 9.08892
0.147705 12.8539 11.6836	0 170.867 8.62985
0.147949 11.309 11.6266	0 93.3294 8.19133
0.148193 10.3008 11.5734	0 86.8266 7.82063
0.148438 12.0089 11.5229	0 158.952 7.54981
0.148682 12.0937 11.4742	0 117.486 7.39222
0.148926 13.2474 11.4271	0 139.147 7.34828
0.14917 10.6105 11.3819	0 115.953 7.41524
0.149414 10.7264 11.3391	0 68.8333 7.59396
0.149658 11.3157 11.2992	0 113.707 7.88706
0.149902 11.1316 11.2616	0 136.419 8.28878
0.150146 8.01049 11.2249	0 57.9015 8.77217
0.150391 12.5697 11.186	0 136.814 9.28207
0.150635 12.837 11.141	0 238.698 9.74043
0.150879 10.5365 11.0852	0 84.2963 10.0642
0.151123 12.5984 11.0142	0 143.87 10.189
0.151367 11.0389 10.9244	0 116.134 10.0884
0.151611 10.6786 10.8135	0 98.1861 9.78034
0.151855 10.3369 10.6813	0 88.3368 9.31778
0.1521 11.938 10.5291	0 172.123 8.77079
0.152344 10.9688 10.3602	0 95.7971 8.20658
0.152588 10.5916 10.1793	0 126.222 7.67539
0.152832 9.13823 9.99185	0 81.3536 7.20481
0.153076 9.1254 9.8036	0 74.9161 6.80094
0.15332 10.0677 9.62019	0 92.2437 6.45392
0.153564 8.69132 9.44667	0 99.6249 6.14488
0.153809 9.26457 9.28718	0 101.117 5.85312
0.154053 9.34137 9.14483	0 64.1709 5.56241
0.154297 7.95698 9.02171	0 91.6815 5.26553
0.154541 8.14227 8.91894	0 68.7402 4.96616
0.154785 8.94741 8.83683	0 70.2915 4.67782
0.155029 9.69395 8.77503	0 92.8131 4.41996
0.155273 8.26596 8.73269	0 58.2617 4.21236
0.155518 7.7579 8.70851	0 59.4585 4.0697
0.155762 7.35449 8.70077	0 48.0518 3.99865
0.156006 9.13289 8.70731	0 74.295 3.99861
0.15625 10.3474 8.7254	0 105.508 4.06554
0.156494 8.02486 8.75173	0 107.363 4.19583
0.156738 8.50467 8.78233	0 78.9837 4.38669
0.156982 8.43843 8.81276	0 66.4238 4.63193
0.157227 7.56866 8.83836	0 53.3894 4.9156
0.157471 8.96383 8.85471	0 100.652 5.2085
0.157715 10.9217 8.85823	0 111.209 5.47146
0.157959 10.0164 8.84666	0 112.824 5.66504
0.158203 9.02752 8.81955	0 77.7578 5.76122
0.158447 9.38472 8.77836	0 76.1868 5.75125
0.158691 8.141 8.72625	0 64.2759 5.64634
0.158936 8.44992 8.66755	0 90.3135 5.47194
0.15918 8.60285 8.60705	0 65.5518 5.25924
0.159424 7.74626 8.54916	0 60.9005 5.03782
0.159668 9.32277 8.49724	0 107.398 4.83112
0.159912 6.69368 8.45329	0 46.61 4.65465
0.160156 8.4809 8.41786	0 82.3924 4.5159
0.1604 7.79091 8.3904	0 67.1335 4.41497
0.160645 8.81881 8.36976	0 57.8648 4.34586
0.160889 9.3697 8.3548	0 90.2953 4.29849
0.161133 9.26706 8.34483	0 64.32 4.2613
0.161377 8.15802 8.33983	0 72.1919 4.22439
0.161621 7.31267 8.34039	0 49.0884 4.18256
0.161865 8.2864 8.3474	0 106.949 4.13775
0.162109 6.98611 8.36161	0 44.6702 4.09989
0.162354 8.48966 8.3832	0 68.4889 4.08545
0.162598 9.46784 8.41149	0 82.0717 4.11389
0.162842 7.54196 8.44481	0 48.3175 4.20273
0.163086 8.71105 8.48063	0 72.305 4.36287
0.16333 8.2409 8.51585	0 47.2751 4.59519
0.163574 9.05627 8.54714	0 70.3972 4.889
0.163818 9.24009 8.57136	0 59.3766 5.22248
0.164062 7.86659 8.58591	0 48.3601 5.56463
0.164307 9.0599 8.58898	0 66.9189 5.8787
0.164551 9.24356 8.57978	0 108.386 6.12699
0.164795 9.11802 8.55849	0 77.4255 6.27696
0.165039 8.13389 8.52634	0 53.9122 6.30776
0.165283 8.38078 8.4854	0 68.6392 6.21583
0.165527 9.49161 8.43839	0 70.7863 6.01738
0.165771 6.97297 8.38847	0 68.0469 5.74649
0.166016 9.14369 8.33886	0 73.394 5.44883
0.16626 7.54434 8.29259	0 56.9777 5.17265
0.166504 9.28062 8.25221	0 109.277 4.95945
0.166748 8.22188 8.21955	0 45.9647 4.83678
0.166992 6.01725 8.1956	0 30.1804 4.8145
0.167236 7.56372 8.1805	0 48.8623 4.88516
0.16748 9.0776 8.1736	0 83.3153 5.02749
0.167725 9.74473 8.17371	0 105.052 5.21175
0.167969 6.97097 8.17925	0 39.9493 5.40493
0.168213 7.86407 8.18851	0 69.498 5.57469
0.168457 8.54663 8.19988	0 73.2487 5.692
0.168701 8.46841 8.21192	0 100.069 5.73336
0.168945 8.20697 8.22356	0 73.1056 5.68394
0.169189 6.93345 8.23416	0 69.2583 5.54154
0.169434 9.24271 8.24354	0 136.854 5.32016
0.169678 8.7666 8.25204	0 68.9795 5.05066
0.169922 8.48133 8.26049	0 51.7603 4.77669
0.170166 7.9902 8.27005	0 61.7281 4.54596
0.17041 8.58806 8.28201	0 48.9888 4.39897
0.170654 7.79357 8.29752	0 48.6827 4.35921
0.170898 6.97247 8.31732	0 35.9344 4.4278
0.171143 9.64714 8.34149	0 92.5828 4.58443
0.171387 7.61237 8.3694	0 48.0091 4.79376
0.171631 7.64358 8.39981	0 62.6741 5.0152
0.171875 8.86311 8.43108	0 62.3803 5.21287
0.172119 9.88913 8.4615	0 93.6163 5.36291
0.172363 7.92804 8.4896	0 41.9984 5.45586
0.172607 9.16669 8.51441	0 85.9195 5.49343
0.172852 7.83123 8.53558	0 103.592 5.48126
0.173096 8.25151 8.55337	0 75.9376 5.42177
0.17334 9.30108 8.56854	0 112.365 5.31138
0.173584 9.2628 8.58212	0 97.7866 5.14491
0.173828 6.94976 8.59523	0 47.1842 4.92559
0.174072 8.68809 8.6089	0 58.9824 4.67545
0.174316 9.21233 8.62391	0 94.2022 4.43928
0.174561 9.67096 8.64074	0 72.4856 4.27776
0.174805 7.16745 8.65947	0 39.3953 4.25034
0.175049 8.76734 8.67985	0 77.6163 4.39391
0.175293 8.21976 8.70127	0 60.6744 4.70623
0.175537 9.79588 8.72289	0 119.389 5.14168
0.175781 8.15574 8.74367	0 52.3461 5.62191
0.176025 8.84984 8.76258	0 79.9913 6.05742
0.17627 9.5874 8.77864	0 79.8037 6.37196
0.176514 7.83828 8.7911	0 50.9033 6.52084
0.176758 8.98 8.79944	0 77.2584 6.49808
0.177002 9.61995 8.80343	0 90.386 6.33184
0.177246 9.1335 8.80308	0 103.464 6.0719
0.17749 8.01616 8.79858	0 48.5917 5.7742
0.177734 8.78713 8.7902	0 52.1552 5.48727
0.177979 8.8135 8.77826	0 101.833 5.24347
0.178223 8.67511 8.7631	0 79.2293 5.05627
0.178467 9.46763 8.74511	0 67.7708 4.92257
0.178711 8.15617 8.72481	0 58.3126 4.82837
0.178955 9.36172 8.70295	0 98.3095 4.75545
0.179199 8.48144 8.68056	0 72.5648 4.68759
0.179443 7.97491 8.65902	0 49.8297 4.61508
0.179688 9.67705 8.64003	0 90.2794 4.53704
0.179932 8.01673 8.62548	0 50.3589 4.46108
0.180176 8.65847 8.61724	0 66.3569 4.4003
0.18042 8.06424 8.61696	0 73.2568 4.36815
0.180664 9.01476 8.62578	0 101.852 4.37296
0.180908 8.32156 8.64405	0 50.8968 4.4141
0.181152 7.91768 8.67121	0 84.8095 4.48159
0.181396 8.83913 8.70573	0 73.5292 4.55927
0.181641 8.16104 8.74522	0 63.6328 4.63012
0.181885 8.55405 8.78669	0 76.8872 4.68097
0.182129 9.58186 8.82689	0 85.0934 4.70453
0.182373 9.22442 8.86269	0 104.803 4.69829
0.182617 10.3807 8.89145	0 128.159 4.66194
0.182861 8.18017 8.91124	0 84.421 4.59564
0.183105 8.25721 8.92105	0 84.7761 4.50069
0.18335 8.73609 8.9208	0 87.4917 4.38242
0.183594 9.71711 8.91134	0 104.798 4.25353
0.183838 9.39127 8.89428	0 75.5268 4.13554
0.184082 9.37142 8.87186	0 80.0107 4.05649
0.184326 8.53442 8.84675	0 66.7512 4.04497
0.18457 8.75126 8.82173	0 75.2645 4.12227
0.184814 7.90055 8.79951	0 67.9521 4.29593
0.185059 9.12755 8.7824	0 71.0443 4.55721
0.185303 8.41051 8.7722	0 95.136 4.88307
0.185547 8.43195 8.76997	0 83.0689 5.24104
0.185791 8.4618 8.77604	0 82.9434 5.59421
0.186035 9.30348 8.78997	0 84.0491 5.90527
0.186279 9.40939 8.81058	0 74.47 6.14022
0.186523 7.83708 8.83598	0 64.5446 6.27323
0.186768 8.42449 8.86366	0 69.3626 6.29273
0.187012 9.72556 8.89056	0 117.832 6.20631
0.187256 8.22763 8.9133	0 43.8307 6.041
0.1875 9.28927 8.92848	0 96.0603 5.83677
0.187744 7.9681 8.93307	0 53.336 5.63462
0.187988 11.0737 8.92485	0 130.082 5.46375
0.188232 8.80079 8.9028	0 94.1632 5.33312
0.188477 10.6684 8.86728	0 126.992 5.23058
0.188721 8.09918 8.82005	0 66.0636 5.12987
0.188965 8.37997 8.76396	0 52.4831 5.00216
0.189209 8.17846 8.70249	0 57.8063 4.82792
0.189453 9.28496 8.63914	0 91.859 4.60445
0.189697 7.67735 8.57688	0 47.9481 4.34696
0.189941 8.83682 8.51777	0 53.6934 4.08295
0.190186 7.81424 8.46275	0 50.9743 3.84305
0.19043 8.65761 8.41181	0 69.1007 3.65214
0.190674 8.10694 8.36425	0 56.8508 3.52413
0.190918 7.57674 8.31917	0 45.1645 3.46148
0.191162 9.17077 8.27586	0 78.2104 3.45804
0.191406 9.86067 8.23406	0 97.9243 3.50305
0.19165 8.5537 8.19404	0 103.134 3.58439
0.191895 6.82008 8.15642	0 44.7858 3.69036
0.192139 7.25238 8.12188	0 55.5014 3.81038
0.192383 7.01024 8.09077	0 43.3136 3.93491
0.192627 8.31435 8.06285	0 90.8596 4.05525
0.192871 9.66347 8.03721	0 64.7706 4.16312
0.193115 7.42785 8.01233	0 47.3888 4.25046
0.193359 8.02174 7.9864	0 52.0116 4.30979
0.193604 7.28178 7.95767	0 58.1432 4.3349
0.193848 9.16096 7.92491	0 86.6152 4.32174
0.194092 7.72399 7.88763	0 52.3676 4.26889
0.194336 7.61854 7.84635	0 50.9897 4.17779
0.19458 8.95588 7.80255	0 100.626 4.05301
0.194824 6.96789 7.75853	0 34.0347 3.90314
0.195068 7.69036 7.71717	0 47.8725 3.74139
0.195312 7.99925 7.68161	0 56.324 3.58515
0.195557 5.87838 7.65492	0 36.7678 3.45349
0.195801 9.07852 7.63983	0 64.6132 3.36351
0.196045 6.74919 7.63849	0 63.1123 3.32739
0.196289 6.6724 7.65233	0 44.3082 3.35153
0.196533 8.0868 7.68192	0 47.6623 3.4378
0.196777 8.0761 7.72689	0 80.3409 3.58537
0.197021 7.57256 7.78581	0 61.2496 3.79111
0.197266 6.98945 7.85612	0 58.0753 4.0484
0.19751 7.77158 7.93411	0 72.661 4.34522
0.197754 7.10342 8.01504	0 64.485 4.66349
0.197998 8.94001 8.09337	0 73.0889 4.98075
0.198242 9.13744 8.16322	0 81.7968 5.27372
0.198486 7.40765 8.21897	0 49.8593 5.52236
0.19873 8.34427 8.25592	0 91.4578 5.71277
0.198975 9.60499 8.27095	0 84.4936 5.83802
0.199219 10.1605 8.26298	0 103.653 5.89708
0.199463 8.7337 8.23314	0 99.594 5.89268
0.199707 7.54882 8.18472	0 46.7653 5.82943
0.199951 7.21692 8.12267	0 45.5913 5.71323
0.200195 8.91446 8.05296	0 55.4687 5.55236
0.200439 8.05168 7.9818	0 82.612 5.35944
0.200684 6.84557 7.91483	0 66.3665 5.15252
0.200928 8.11484 7.8565	0 91.046 4.9537
0.201172 7.11738 7.80955	0 55.689 4.78478
0.201416 7.75351 7.77485	0 58.3621 4.66129
0.20166 6.70958 7.7515	0 51.4268 4.58713
0.201904 7.85262 7.73707	0 46.3926 4.55228
0.202148 7.76221 7.72815	0 84.3276 4.53485
0.202393 7.91679 7.72087	0 79.6967 4.50703
0.202637 8.58017 7.71144	0 51.0697 4.44333
0.202881 7.77034 7.69661	0 60.7076 4.32828
0.203125 8.16313 7.67399	0 58.0195 4.16091
0.203369 7.76121 7.64218	0 67.0606 3.95431
0.203613 6.99142 7.60084	0 62.656 3.73042
0.203857 7.14602 7.55065	0 51.894 3.5125
0.204102 7.9221 7.49327	0 46.8204 3.31827
0.204346 8.31313 7.43121	0 60.7078 3.15611
0.20459 7.44676 7.36768	0 54.8203 3.02523
0.204834 8.13543 7.30643	0 88.6257 2.9188
0.205078 6.30568 7.25139	0 32.1412 2.82838
0.205322 6.17766 7.2063	0 37.4674 2.74792
0.205566 7.08867 7.17431	0 49.476 2.67619
0.205811 6.40983 7.15762	0 62.7013 2.61681
0.206055 7.30379 7.1572	0 53.2292 2.57626
0.206299 6.8895 7.17275	0 46.5203 2.56059
0.206543 6.97053 7.20272	0 44.5321 2.57258
0.206787 6.43193 7.24451	0 36.3881 2.61087
0.207031 8.89256 7.29479	0 75.8312 2.67178
0.207275 6.70429 7.34972	0 46.8383 2.75274
0.20752 7.2571 7.40526	0 105.685 2.85503
0.207764 7.25369 7.45749	0 44.4813 2.98361
0.208008 6.83871 7.50277	0 40.5167 3.14342
0.208252 8.95935 7.53802	0 60.6241 3.33369
0.208496 8.29084 7.56094	0 48.3713 3.54343
0.20874 7.86921 7.57016	0 84.3146 3.75083
0.208984 7.30643 7.56536	0 55.2681 3.92747
0.209229 7.12208 7.5473	0 46.7459 4.0461
0.209473 8.67013 7.51775	0 96.9834 4.08909
0.209717 7.41392 7.4793	0 46.2958 4.0544
0.209961 7.22096 7.43514	0 40.5712 3.95659
0.210205 7.77304 7.38874	0 68.5826 3.82223
0.210449 6.70887 7.34354	0 46.6383 3.68084
0.210693 7.35731 7.30262	0 55.7274 3.55508
0.210938 7.10589 7.26842	0 55.5165 3.45427
0.211182 6.69719 7.24253	0 54.6699 3.37479
0.211426 7.36204 7.22559	0 93.4825 3.30669
0.21167 6.75443 7.21722	0 35.6923 3.24266
0.211914 7.42099 7.2162	0 54.4016 3.18374
0.212158 6.91594 7.22063	0 42.0788 3.1381
0.212402 6.88455 7.2283	0 53.8268 3.11406
0.212646 7.6583 7.23706	0 54.6733 3.11213
0.212891 7.44524 7.24515	0 47.3772 3.12198
0.213135 8.00327 7.25157	0 57.9713 3.12681
0.213379 6.85849 7.25617	0 53.3372 3.11311
0.213623 7.37044 7.25973	0 44.6975 3.08024
0.213867 7.21858 7.26373	0 44.6319 3.04442
0.214111 7.63025 7.27001	0 60.68 3.03423
0.214355 6.82851 7.28036	0 47.8904 3.07928
0.2146 6.82053 7.2961	0 41.2619 3.19649
0.214844 7.17577 7.31776	0 49.0904 3.37979
0.215088 6.7934 7.34493	0 57.117 3.59809
0.215332 7.01995 7.37637	0 67.1082 3.803
0.215576 7.84784 7.41022	0 58.2903 3.94443
0.21582 7.35293 7.44436	0 49.0616 3.98811
0.216064 9.18055 7.47683	0 86.6406 3.92793
0.216309 6.64403 7.50607	0 47.6069 3.78778
0.216553 7.69034 7.53107	0 84.4953 3.61245
0.216797 8.41733 7.55136	0 56.2134 3.45165
0.217041 6.57907 7.5669	0 52.7154 3.34446
0.217285 6.74489 7.57791	0 48.9938 3.31028
0.217529 7.71735 7.58479	0 55.3021 3.34837
0.217773 8.14056 7.58805	0 55.3203 3.44404
0.218018 8.82007 7.58838	0 89.2537 3.5766
0.218262 7.57253 7.58662	0 45.3641 3.72537
0.218506 7.08947 7.58381	0 47.5397 3.87207
0.21875 7.12962 7.58113	0 49.2452 4.00099
0.218994 7.68935 7.57974	0 49.5165 4.0991
0.219238 7.45069 7.58061	0 61.2388 4.15717
0.219482 7.34534 7.58437	0 58.5207 4.17169
0.219727 6.86327 7.59121	0 38.5324 4.146
0.219971 8.81684 7.60086	0 78.5014 4.0895
0.220215 8.09918 7.61262	0 64.8486 4.01522
0.220459 6.29196 7.62558	0 34.98 3.93672
0.220703 7.55539 7.63867	0 51.4113 3.86576
0.220947 8.0589 7.65091	0 71.2949 3.81128
0.221191 7.85148 7.66144	0 56.1744 3.77942
0.221436 8.22113 7.66959	0 54.1683 3.77359
0.22168 7.07593 7.67482	0 43.9804 3.79399
0.221924 8.65216 7.67667	0 61.2502 3.83664
0.222168 7.3594 7.67468	0 48.1621 3.89263
0.222412 5.97415 7.66823	0 39.1026 3.94848
0.222656 8.62269 7.65663	0 67.4648 3.98829
0.2229 8.7112 7.63914	0 67.623 3.99714
0.223145 6.8073 7.61515	0 42.874 3.9651
0.223389 8.21413 7.58442	0 62.344 3.88998
0.223633 7.41454 7.54723	0 59.1217 3.77782
0.223877 8.23594 7.50461	0 63.8232 3.64066
0.224121 7.14834 7.45831	0 49.7025 3.49241
0.224365 7.61313 7.41075	0 52.4276 3.34467
0.224609 6.77482 7.3648	0 28.4042 3.2042
0.224854 8.20413 7.3234	0 59.6841 3.07312
0.225098 6.18973 7.28923	0 46.522 2.95125
0.225342 7.05171 7.26437	0 58.1427 2.8394
0.225586 6.7875 7.24999	0 52.4006 2.74165
0.22583 7.22989 7.24621	0 43.7219 2.66549
0.226074 7.4693 7.25216	0 60.8156 2.61963
0.226318 7.10803 7.26612	0 64.6788 2.61029
0.226562 6.70835 7.28586	0 50.9178 2.63782
0.226807 6.83193 7.30902	0 43.7736 2.6955
0.227051 7.53562 7.33345	0 40.6142 2.77161
0.227295 9.23598 7.35756	0 111.486 2.85398
0.227539 7.5816 7.38036	0 77.8231 2.93486
0.227783 6.93461 7.40152	0 34.82 3.01342
0.228027 7.051 7.42117	0 53.7652 3.09428
0.228271 6.39731 7.43968	0 38.3122 3.18324
0.228516 7.4311 7.45752	0 61.3305 3.28281
0.22876 7.89668 7.47513	0 46.7049 3.39033
0.229004 7.36067 7.49289	0 66.453 3.49966
0.229248 8.35501 7.51117	0 67.0373 3.60488
0.229492 8.78267 7.5303	0 74.4231 3.7033
0.229736 6.20425 7.55053	0 38.9709 3.79583
0.22998 7.17988 7.57184	0 52.0311 3.88465
0.230225 6.9244 7.59378	0 60.3784 3.96989
0.230469 8.74088 7.6153	0 82.3649 4.04777
0.230713 6.19714 7.63484	0 45.7099 4.11126
0.230957 7.43624 7.65043	0 52.411 4.15307
0.231201 8.53928 7.66013	0 67.855 4.16914
0.231445 9.41054 7.66243	0 63.7177 4.16099
0.231689 7.99132 7.65668	0 80.3831 4.13562
0.231934 6.04852 7.64324	0 31.9506 4.10336
0.232178 8.78108 7.62352	0 74.0174 4.07432
0.232422 7.96069 7.59964	0 76.4656 4.05512
0.232666 7.13676 7.57399	0 51.0451 4.04675
0.23291 6.78638 7.54866	0 37.3818 4.04428
0.233154 6.63866 7.52499	0 37.985 4.03824
0.233398 7.84549 7.5033	0 63.0311 4.01739
0.233643 8.12603 7.48288	0 65.8533 3.97207
0.233887 8.03359 7.46218	0 72.245 3.89719
0.234131 6.06031 7.43926	0 33.0879 3.79424
0.234375 7.54957 7.41236	0 56.7147 3.67194
0.234619 7.65454 7.38037	0 57.5316 3.54542
0.234863 9.75481 7.34322	0 94.0149 3.43389
0.235107 6.07367 7.30209	0 49.0419 3.35693
0.235352 7.54614 7.25922	0 63.6953 3.32958
0.235596 7.06156 7.21763	0 58.7632 3.35741
0.23584 6.56959 7.18052	0 41.1834 3.43335
0.236084 6.82037 7.15065	0 48.0471 3.53788
0.236328 7.22305 7.12984	0 59.5259 3.64299
0.236572 6.81374 7.11857	0 58.0396 3.71865
0.236816 5.967 7.11594	0 42.0029 3.73987
0.237061 7.08825 7.11993	0 39.741 3.69233
0.237305 7.0725 7.1279	0 45.0449 3.57569
0.237549 8.07076 7.13723	0 73.7764 3.40425
0.237793 8.09918 7.14591	0 89.5395 3.20496
0.238037 6.94148 7.15296	0 37.2737 3.01274
0.238281 7.87455 7.15854	0 45.2593 2.86406
0.238525 6.18278 7.16377	0 35.3052 2.78966
0.23877 7.38687 7.17023	0 58.0447 2.80824
0.239014 7.31512 7.17947	0 38.677 2.92223
0.239258 5.14045 7.19241	0 17.8305 3.11667
0.239502 7.91525 7.20905	0 63.5175 3.3618
0.239746 6.83646 7.22839	0 41.7251 3.61942
0.23999 7.70221 7.24864	0 106.743 3.85194
0.240234 8.12981 7.26762	0 53.478 4.03124
0.240479 6.97719 7.28321	0 45.8841 4.14425
0.240723 7.613 7.29375	0 51.1433 4.19294
0.240967 7.62516 7.29835	0 65.0264 4.18949
0.241211 7.71804 7.29689	0 60.1963 4.14921
0.241455 6.52145 7.28997	0 44.6368 4.08474
0.241699 6.80434 7.27871	0 49.3278 4.00373
0.241943 7.53355 7.26445	0 65.9543 3.90976
0.242188 8.40662 7.24855	0 67.3483 3.80509
0.242432 6.61773 7.23217	0 35.1501 3.69328
0.242676 7.00958 7.21615	0 57.655 3.58066
0.24292 6.98478 7.20097	0 35.4251 3.47656
0.243164 7.07691 7.1868	0 77.3076 3.39235
0.243408 7.66582 7.17363	0 72.2061 3.33956
0.243652 6.32343 7.16139	0 39.5191 3.32688
0.243896 7.21165 7.15019	0 47.9395 3.35689
0.244141 7.60204 7.14037	0 64.7572 3.42377
0.244385 7.71867 7.13257	0 52.8775 3.51366
0.244629 8.02866 7.12755	0 57.595 3.6077
0.244873 6.42165 7.126	0 43.0258 3.68656
0.245117 5.63241 7.12829	0 31.9524 3.73414
0.245361 6.06276 7.13421	0 30.0429 3.73927
0.245605 8.04371 7.14295	0 59.1604 3.69573
0.24585 7.51054 7.15324	0 51.5625 3.60207
0.246094 7.34185 7.16363	0 51.2862 3.46232
0.246338 7.0252 7.17294	0 50.4743 3.28702
0.246582 8.40987 7.18058	0 59.5852 3.09291
0.246826 7.10016 7.1868	0 42.5908 2.90042
0.24707 6.95048 7.19266	0 41.9866 2.72908
0.247314 6.73088 7.19984	0 41.6715 2.59333
0.247559 7.03041 7.21019	0 37.5119 2.50057
0.247803 7.50067 7.2253	0 73.8205 2.45244
0.248047 6.14494 7.24606	0 46.2391 2.44784
0.248291 7.37574 7.2724	0 44.5578 2.48555
0.248535 7.7109 7.30318	0 50.4071 2.5643
0.248779 7.36201 7.33629	0 45.3653 2.68042
0.249023 6.69856 7.36895	0 49.3241 2.82489
0.249268 7.01705 7.39803	0 52.7558 2.98227
0.249512 8.91347 7.42045	0 76.9691 3.13337
0.249756 7.82397 7.43352	0 63.838 3.26052
0.25 7.55419 7.43526	0 69.9804 3.35304
0.250244 7.63944 7.42457	0 50.8247 3.40937
0.250488 6.9754 7.4014	0 61.2318 3.43485
0.250732 7.07167 7.36674	0 36.784 3.43666
0.250977 7.40053 7.32265	0 45.278 3.41936
0.251221 8.95137 7.27204	0 81.0797 3.38408
0.251465 7.66459 7.21842	0 67.1818 3.33125
0.251709 6.85169 7.16548	0 41.2108 3.26473
0.251953 6.38694 7.11661	0 60.9494 3.19373
0.252197 5.55932 7.07439	0 31.4999 3.13089
0.252441 6.38032 7.04026	0 51.806 3.08734
0.252686 8.21523 7.01427	0 76.9988 3.06734
0.25293 6.49688 6.99523	0 40.3912 3.06537
0.253174 7.11061 6.98103	0 46.3152 3.067
0.253418 6.46708 6.96916	0 42.189 3.05326
0.253662 7.61961 6.95733	0 80.021 3.00727
0.253906 7.73059 6.94396	0 47.2203 2.92086
0.25415 7.03457 6.92852	0 68.6326 2.79958
0.254395 6.81641 6.91154	0 45.2571 2.66378
0.254639 6.96876 6.89447	0 43.0274 2.545
0.254883 6.60246 6.87933	0 34.7194 2.47763
0.255127 5.81387 6.86819	0 34.0572 2.48823
0.255371 7.7365 6.86281	0 55.3203 2.58587
0.255615 5.6217 6.86428	0 26.709 2.75775
0.255859 7.6232 6.87289	0 51.0173 2.97204
0.256104 6.1776 6.88814	0 39.2893 3.18773
0.256348 7.30642 6.90885	0 43.5359 3.36749
0.256592 7.48089 6.93335	0 44.7217 3.48863
0.256836 6.18104 6.95977	0 35.0182 3.54771
0.25708 6.76756 6.98623	0 34.1138 3.5577
0.257324 7.34953 7.01103	0 42.4893 3.53956
0.257568 7.6057 7.03276	0 59.4331 3.51248
0.257812 6.53574 7.05037	0 40.3778 3.48668
0.258057 8.07158 7.06323	0 62.689 3.4611
0.258301 6.54882 7.07103	0 45.5836 3.42612
0.258545 7.01963 7.07382	0 57.4014 3.36952
0.258789 7.49175 7.07188	0 41.7154 3.28302
0.259033 6.64389 7.06573	0 68.2914 3.16682
0.259277 6.48034 7.05604	0 51.2963 3.03057
0.259521 8.25798 7.04359	0 52.0033 2.89095
0.259766 6.83199 7.02917	0 49.7617 2.76733
0.26001 7.51429 7.01347	0 62.1391 2.67751
0.260254 7.16685 6.99695	0 51.6748 2.63457
0.260498 5.91514 6.97969	0 30.4251 2.64499
0.260742 5.9859 6.96139	0 27.1174 2.70762
0.260986 7.42967 6.94143	0 55.6853 2.81346
0.26123 7.6463 6.91908	0 68.0332 2.94664
0.261475 6.76245 6.89374	0 34.702 3.08729
0.261719 7.53749 6.86529	0 56.0442 3.21568
0.261963 6.98548 6.83422	0 60.4044 3.31664
0.262207 7.19341 6.80168	0 75.2309 3.38258
0.262451 6.69042 6.76933	0 31.3683 3.41419
0.262695 6.00096 6.73904	0 53.9412 3.41884
0.262939 5.9434 6.71251	0 46.0717 3.40759
0.263184 6.76582 6.691	0 41.7028 3.39206
0.263428 6.23668 6.67512	0 27.6376 3.38183
0.263672 7.27579 6.66489	0 35.9635 3.38253
0.263916 7.07338 6.65979	0 44.6698 3.39481
0.26416 6.07095 6.65909	0 30.5086 3.4142
0.264404 6.72477 6.66199	0 39.6375 3.43235
0.264648 6.40612 6.66779	0 33.0059 3.43958
0.264893 7.50915 6.6759	0 80.3443 3.4284
0.265137 6.65734 6.68573	0 64.9772 3.39629
0.265381 5.96733 6.69659	0 33.5484 3.34632
0.265625 6.54634 6.70758	0 34.825 3.28519
0.265869 6.62721 6.71762	0 41.466 3.21963
0.266113 6.25782 6.72556	0 33.3307 3.15331
0.266357 6.8136 6.73043	0 43.2944 3.08586
0.266602 8.24304 6.73173	0 56.6719 3.01454
0.266846 7.5195 6.72956	0 39.1814 2.9372
0.26709 6.55348 6.72473	0 41.5432 2.85489
0.267334 5.74337 6.71857	0 25.4351 2.77314
0.267578 7.00182 6.71273	0 56.3297 2.70149
0.267822 5.88228 6.70881	0 47.0902 2.65175
0.268066 5.65127 6.70803	0 24.3846 2.6354
0.268311 7.3608 6.71104	0 48.9945 2.66062
0.268555 8.41666 6.71785	0 57.2369 2.72944
0.268799 6.05677 6.72789	0 39.2868 2.83611
0.269043 6.47074 6.74017	0 40.9642 2.96738
0.269287 5.90691 6.7535	0 40.2237 3.10516
0.269531 6.21305 6.76674	0 35.7191 3.23072
0.269775 7.53976 6.77897	0 50.1753 3.32907
0.27002 8.35341 6.78958	0 92.8257 3.3916
0.270264 6.34702 6.79829	0 25.4018 3.41616
0.270508 6.80711 6.80506	0 47.3144 3.40491
0.270752 6.17633 6.8099	0 28.3498 3.36153
0.270996 6.93909 6.81275	0 44.7745 3.28956
0.27124 6.24472 6.81332	0 35.118 3.19238
0.271484 6.7188 6.81108	0 35.1121 3.07423
0.271729 7.39487 6.80537	0 49.3845 2.94097
0.271973 6.79944 6.79559	0 46.5823 2.79982
0.272217 7.21875 6.78144	0 66.9412 2.6583
0.272461 7.50949 6.76308	0 57.5452 2.52344
0.272705 6.62907 6.74117	0 45.4106 2.40169
0.272949 6.61091 6.71687	0 40.196 2.29949
0.273193 5.89794 6.69158	0 35.029 2.22369
0.273438 6.66557 6.66682	0 48.1341 2.18154
0.273682 6.44497 6.64395	0 31.6697 2.18014
0.273926 6.71228 6.62414	0 33.6258 2.22575
0.27417 6.79915 6.60829	0 42.7389 2.32279
0.274414 6.53495 6.59707	0 37.3811 2.47245
0.274658 7.16368 6.59097	0 45.5537 2.67077
0.274902 6.27167 6.59032	0 38.7603 2.90692
0.275146 6.197 6.5952	0 32.0532 3.16301
0.275391 5.72743 6.60535	0 23.4488 3.4164
0.275635 6.91292 6.62011	0 39.6402 3.64429
0.275879 6.7295 6.63829	0 45.6717 3.82901
0.276123 6.99145 6.65826	0 42.1452 3.96175
0.276367 6.70663 6.67803	0 42.3726 4.04302
0.276611 6.39293 6.69551	0 74.1346 4.07983
0.276855 6.28998 6.70885	0 26.6336 4.08136
0.2771 7.31087 6.71667	0 70.3415 4.05518
0.277344 7.11784 6.71842	0 50.3138 4.00599
0.277588 7.50552 6.71441	0 56.6085 3.93679
0.277832 6.39929 6.70581	0 39.3409 3.85146
0.278076 7.39734 6.6944	0 109.506 3.75656
0.27832 5.82033 6.6822	0 26.45 3.66138
0.278564 6.55704 6.67102	0 43.5232 3.57574
0.278809 5.95401 6.66212	0 43.1681 3.50683
0.279053 6.00673 6.65592	0 35.0698 3.4566
0.279297 7.29427 6.65202	0 53.8175 3.42087
0.279541 6.71272 6.6493	0 41.6815 3.39076
0.279785 6.95101 6.64623	0 40.5109 3.35584
0.280029 7.07236 6.64123	0 54.9669 3.30759
0.280273 7.01732 6.63297	0 36.5127 3.24199
0.280518 5.90882 6.62057	0 28.5693 3.16001
0.280762 7.03356 6.60371	0 36.2796 3.06635
0.281006 6.46811 6.58261	0 36.5759 2.96758
0.28125 5.01164 6.55796	0 28.3599 2.87088
0.281494 8.82793 6.53081	0 84.9417 2.78386
0.281738 6.94551 6.50239	0 41.7067 2.71472
0.281982 5.3461 6.47402	0 32.1442 2.67144
0.282227 6.4569 6.44699	0 34.155 2.65988
0.282471 6.0617 6.42245	0 48.193 2.68159
0.282715 5.77066 6.4014	0 40.9334 2.73312
0.282959 7.21187 6.3847	0 49.3175 2.80751
0.283203 5.8419 6.37306	0 37.5123 2.89735
0.283447 7.32152 6.36716	0 64.6521 2.99728
0.283691 5.41947 6.36758	0 31.8091 3.10464
0.283936 6.97728 6.37479	0 38.0944 3.21794
0.28418 5.8425 6.38895	0 35.7647 3.33458
0.284424 6.29428 6.40979	0 36.438 3.44927
0.284668 5.53134 6.43634	0 22.7588 3.55362
0.284912 7.24374 6.46689	0 50.2229 3.63673
0.285156 6.29882 6.499	0 36.4081 3.68618
0.2854 6.0244 6.52975	0 46.7477 3.68932
0.285645 6.23599 6.55612	0 33.6141 3.63539
0.285889 6.99087 6.57541	0 56.034 3.51861
0.286133 8.46813 6.58572	0 92.2522 3.34162
0.286377 6.51296 6.58615	0 31.2136 3.11777
0.286621 7.30942 6.57691	0 43.5985 2.87066
0.286865 6.39631 6.55907	0 35.872 2.63015
0.287109 5.3686 6.53432	0 22.6202 2.42601
0.287354 5.91191 6.50459	0 32.0825 2.2809
0.287598 6.80687 6.47175	0 36.0332 2.20535
0.287842 6.8529 6.4376	0 35.4458 2.19632
0.288086 6.49387 6.40389	0 43.0459 2.23964
0.28833 6.33031 6.37253	0 32.36 2.31528
0.288574 6.1325 6.34569	0 38.6945 2.40347
0.288818 7.98792 6.32584	0 67.5289 2.48967
0.289062 5.72896 6.31547	0 23.5929 2.56734
0.289307 5.2585 6.31672	0 26.956 2.63817
0.289551 5.10265 6.33083	0 25.101 2.71036
0.289795 6.44381 6.35775	0 68.526 2.79529
0.290039 5.56533 6.39592	0 38.5098 2.90339
0.290283 6.18407 6.4424	0 35.8972 3.03986
0.290527 6.99911 6.49327	0 41.1219 3.20177
0.290771 6.72653 6.54428	0 40.0096 3.37781
0.291016 8.16946 6.59151	0 78.3986 3.55129
0.29126 6.82733 6.63195	0 78.8525 3.70504
0.291504 6.07096 6.66374	0 35.0265 3.82641
0.291748 7.26683 6.6862	0 57.7413 3.91015
0.291992 7.10478 6.69955	0 68.1636 3.95849
0.292236 5.25327 6.7046	0 27.1895 3.97883
0.29248 6.53087 6.70231	0 38.3927 3.98002
0.292725 7.51639 6.69361	0 57.5061 3.96865
0.292969 7.27644 6.6793	0 56.916 3.94632
0.293213 6.32409 6.66007	0 45.235 3.90878
0.293457 6.58829 6.63663	0 64.8484 3.84765
0.293701 7.12557 6.60983	0 63.8406 3.75403
0.293945 6.94863 6.58064	0 63.8863 3.62299
0.294189 6.36278 6.55015	0 36.5936 3.45673
0.294434 5.59531 6.51942	0 38.9415 3.26527
0.294678 6.73018 6.48939	0 39.6316 3.06428
0.294922 6.25442 6.46082	0 44.5937 2.87122
0.295166 5.51225 6.43433	0 32.119 2.70141
0.29541 7.81052 6.41054	0 73.2822 2.56539
0.295654 7.20824 6.39013	0 55.0929 2.46815
0.295898 5.80515 6.37395	0 35.2424 2.40968
0.296143 5.3557 6.36304	0 22.982 2.38611
0.296387 7.06282 6.35849	0 48.979 2.3907
0.296631 5.78728 6.36124	0 24.9384 2.41466
0.296875 5.64898 6.37187	0 49.586 2.4483
0.297119 6.65404 6.39036	0 61.8169 2.48275
0.297363 6.00368 6.41592	0 29.1734 2.51215
0.297607 7.61867 6.44694	0 64.025 2.53511
0.297852 5.85742 6.48096	0 40.2736 2.5546
0.298096 6.09668 6.51491	0 38.7075 2.57569
0.29834 5.85851 6.54534	0 34.7504 2.60209
0.298584 7.65144 6.56884	0 57.1786 2.63307
0.298828 6.25888 6.58253	0 33.8956 2.66229
0.299072 7.07473 6.58448	0 41.6551 2.67902
0.299316 7.74022 6.57415	0 46.0625 2.67138
0.299561 7.15985 6.55245	0 57.302 2.63041
0.299805 7.06156 6.52174	0 53.9674 2.55387
0.300049 5.86345 6.48539	0 34.9779 2.44855
0.300293 5.14586 6.44727	0 30.1254 2.3303
0.300537 7.2187 6.41107	0 51.2298 2.2208
0.300781 5.44736 6.37975	0 19.2754 2.1415
0.301025 5.76838 6.35513	0 25.8501 2.10653
0.30127 6.48072 6.33776	0 33.8897 2.11736
0.301514 7.08198 6.32705	0 45.2236 2.16198
0.301758 5.52862 6.32153	0 25.1301 2.21918
0.302002 6.70723 6.31924	0 46.5512 2.26623
0.302246 6.46033 6.31817	0 43.7862 2.28659
0.30249 6.79217 6.31654	0 47.6046 2.27451
0.302734 5.73902 6.31297	0 33.2749 2.23494
0.302979 6.32647 6.30664	0 36.6091 2.17988
0.303223 5.95671 6.29722	0 46.5715 2.12338
0.303467 7.11452 6.2848	0 64.6167 2.07757
0.303711 7.0765 6.2698	0 49.4568 2.05059
0.303955 4.96448 6.2528	0 32.052 2.04631
0.304199 6.79175 6.23441	0 50.1493 2.06484
0.304443 5.67011 6.21513	0 28.4836 2.10338
0.304688 6.06433 6.19531	0 37.4316 2.15695
0.304932 6.8524 6.17511	0 37.6068 2.21915
0.305176 5.78203 6.15452	0 46.5583 2.28285
0.30542 6.39836 6.13351	0 40.1234 2.34066
0.305664 5.66354 6.11213	0 29.5609 2.38542
0.305908 6.13381 6.09064	0 41.9694 2.41101
0.306152 6.94079 6.0696	0 43.0276 2.41358
0.306396 5.64917 6.04986	0 33.5948 2.39288
0.306641 5.9945 6.03243	0 34.4116 2.35292
0.306885 5.88288 6.0183	0 35.9536 2.3015
0.307129 5.7859 6.00822	0 33.2875 2.24834
0.307373 6.3132 6.00247	0 36.6569 2.20283
0.307617 5.42682 6.00078	0 22.4869 2.1721
0.307861 4.92664 6.0023	0 20.4962 2.16015
0.308105 6.66333 6.00582	0 41.5451 2.16807
0.30835 6.17509 6.01	0 35.6145 2.19509
0.308594 6.37394 6.01373	0 26.0464 2.23983
0.308838 6.95731 6.01628	0 44.0851 2.301
0.309082 5.86289 6.01745	0 25.0081 2.37727
0.309326 5.90226 6.01751	0 33.4431 2.46604
0.30957 5.42134 6.01696	0 27.966 2.56175
0.309814 5.90834 6.01637	0 35.6595 2.65489
0.310059 5.30737 6.01614	0 21.5403 2.73271
0.310303 6.02707 6.01642	0 36.8054 2.78232
0.310547 6.68599 6.01718	0 34.0446 2.79553
0.310791 6.57434 6.01832	0 60.778 2.77335
0.311035 5.8354 6.01981	0 28.9527 2.72769
0.311279 6.57632 6.02182	0 50.6709 2.67859
0.311523 5.65856 6.02473	0 29.7651 2.64732
0.311768 5.52722 6.02904	0 25.933 2.6482
0.312012 5.22029 6.03528	0 27.4422 2.68279
0.312256 6.22358 6.04392	0 63.2871 2.73937
0.3125 6.02876 6.05523	0 26.3735 2.79777
0.312744 7.67938 6.06935	0 67.7623 2.83717
0.312988 5.32112 6.0862	0 25.2654 2.84339
0.313232 6.01575 6.10562	0 38.5803 2.81283
0.313477 5.57896 6.12731	0 35.0793 2.75232
0.313721 6.10355 6.15091	0 42.5878 2.67555
0.313965 5.62877 6.17603	0 31.9373 2.59811
0.314209 6.78329 6.20222	0 41.2339 2.53274
0.314453 6.77505 6.22909	0 40.345 2.48632
0.314697 6.4476 6.25629	0 40.8604 2.45928
0.314941 6.06928 6.2835	0 36.6348 2.44728
0.315186 5.77693 6.3104	0 42.4734 2.44435
0.31543 6.59502 6.33659	0 46.0182 2.44607
0.315674 5.84914 6.36155	0 48.0176 2.45142
0.315918 6.86649 6.38453	0 44.3545 2.46262
0.316162 6.48218 6.40465	0 42.8112 2.48307
0.316406 6.36006 6.42094	0 51.0449 2.51437
0.31665 6.66313 6.43245	0 37.1082 2.55384
0.316895 5.95515 6.43848	0 27.2701 2.59368
0.317139 7.25399 6.43858	0 52.4791 2.62238
0.317383 6.72968 6.43266	0 38.2489 2.628
0.317627 7.0913 6.42091	0 51.5847 2.60213
0.317871 5.50205 6.40373	0 23.0757 2.54267
0.318115 6.15745 6.3816	0 54.2372 2.45482
0.318359 5.97055 6.35497	0 33.6062 2.34989
0.318604 6.36058 6.32429	0 30.4817 2.24304
0.318848 7.34777 6.28997	0 57.5897 2.15055
0.319092 6.4073 6.25247	0 35.17 2.08701
0.319336 6.41469 6.21234	0 43.4282 2.06239
0.31958 5.91341 6.17026	0 34.5348 2.07917
0.319824 5.63382 6.12695	0 42.2407 2.1305
0.320068 6.02466 6.08317	0 41.3804 2.20048
0.320312 5.89341 6.0396	0 40.126 2.26741
0.320557 6.23968 5.99681	0 30 2.30952
0.320801 6.15708 5.95524	0 52.0874 2.31145
0.321045 5.84586 5.91522	0 34.6233 2.26906
0.321289 5.91157 5.87704	0 42.3228 2.19094
0.321533 5.88249 5.84095	0 28.9766 2.09606
0.321777 5.50856 5.80718	0 34.3268 2.00854
0.322021 5.5782 5.77595	0 25.3396 1.95146
0.322266 5.68389 5.74738	0 30.6768 1.94116
0.32251 6.46141 5.7215	0 27.6215 1.98331
0.322754 4.69417 5.69819	0 24.5581 2.07146
0.322998 6.00362 5.67722	0 29.0992 2.18832
0.323242 6.16884 5.65827	0 41.639 2.30984
0.323486 4.96623 5.641	0 32.1548 2.41117
0.32373 4.9902 5.62518	0 24.467 2.47299
0.323975 6.59638 5.61069	0 37.2354 2.4859
0.324219 5.63682 5.5976	0 38.8983 2.45163
0.324463 6.1855 5.58616	0 40.1422 2.38085
0.324707 4.78169 5.57663	0 28.9275 2.28902
0.324951 4.98049 5.56926	0 22.2898 2.19234
0.325195 6.30068 5.56409	0 50.6121 2.10516
0.325439 5.0659 5.56094	0 20.1079 2.03892
0.325684 4.63333 5.55934	0 21.0278 2.00174
0.325928 6.88177 5.55867	0 40.8145 1.99751
0.326172 5.44623 5.55827	0 26.6669 2.02461
0.326416 5.73742 5.55763	0 25.1632 2.07507
0.32666 5.13846 5.55653	0 24.8628 2.13565
0.326904 5.6145 5.55513	0 29.3512 2.19109
0.327148 5.90247 5.55391	0 55.7022 2.2287
0.327393 5.51993 5.55355	0 30.3188 2.24199
0.327637 5.95621 5.55476	0 30.9937 2.23172
0.327881 4.86804 5.55802	0 19.5239 2.20394
0.328125 4.66221 5.5634	0 23.1878 2.16632
0.328369 5.92751 5.57053	0 41.4453 2.12507
0.328613 6.03161 5.57858	0 39.0119 2.08379
0.328857 5.42344 5.5865	0 32.6223 2.04448
0.329102 5.66915 5.59321	0 25.0443 2.00921
0.329346 5.78957 5.59795	0 38.4585 1.9812
0.32959 5.63594 5.60043	0 22.2865 1.96459
0.329834 5.82224 5.601	0 42.1851 1.9634
0.330078 5.89954 5.60051	0 33.5644 1.98026
0.330322 5.4001 5.60015	0 23.7779 2.01554
0.330566 6.18351 5.6011	0 35.5885 2.06669
0.330811 4.50114 5.60418	0 14.4137 2.12791
0.331055 4.80393 5.60957	0 23.1233 2.19023
0.331299 5.97528 5.61673	0 43.2503 2.24258
0.331543 5.36158 5.62448	0 23.797 2.27414
0.331787 5.92452 5.63131	0 34.3481 2.27755
0.332031 6.44995 5.63576	0 42.5454 2.25215
0.332275 5.95556 5.63683	0 35.0362 2.20604
0.33252 5.17962 5.63427	0 35.6493 2.15546
0.332764 6.49346 5.62869	0 29.6097 2.12131
0.333008 5.4436 5.62147	0 29.3102 2.12323
0.333252 5.06142 5.61443	0 25.0679 2.17289
0.333496 5.3071 5.60944	0 21.3712 2.26909
0.33374 5.37842 5.60799	0 32.9447 2.39656
0.333984 5.68599 5.61087	0 43.6182 2.52949
0.334229 6.05916 5.61802	0 32.9484 2.63868
0.334473 4.70475 5.62848	0 22.145 2.6998
0.334717 5.58738 5.6407	0 47.0604 2.70009
0.334961 5.78251 5.6528	0 28.8077 2.64119
0.335205 5.65982 5.66302	0 35.1504 2.53774
0.335449 6.74843 5.67009	0 69.3626 2.41257
0.335693 5.70336 5.67347	0 29.131 2.2905
0.335938 5.80352 5.67345	0 31.6675 2.19225
0.336182 5.88721 5.67105	0 39.6697 2.13022
0.336426 5.285 5.66782	0 24.5617 2.10663
0.33667 4.73198 5.66547	0 14.7677 2.1145
0.336914 5.83903 5.66553	0 37.0084 2.14112
0.337158 5.81893 5.66901	0 35.0888 2.17293
0.337402 5.86616 5.67628	0 32.8229 2.2
0.337646 5.63291 5.68689	0 37.5928 2.21849
0.337891 5.47132 5.69964	0 27.2087 2.22993
0.338135 5.42381 5.71274	0 26.8815 2.23823
0.338379 5.49566 5.72405	0 22.3996 2.2462
0.338623 5.97257 5.73137	0 36.6078 2.25354
0.338867 6.63317 5.73283	0 48.3942 2.25718
0.339111 5.33028 5.72715	0 23.8322 2.25327
0.339355 5.9309 5.71397	0 40.3098 2.23925
0.3396 6.73313 5.69387	0 51.4143 2.21458
0.339844 5.56295 5.66836	0 34.7615 2.18043
0.340088 5.28157 5.63966	0 25.9143 2.13871
0.340332 5.6924 5.6103	0 38.0172 2.09172
0.340576 5.49016 5.58278	0 29.0765 2.04212
0.34082 4.36762 5.55911	0 16.8477 1.99295
0.341064 5.73985 5.54063	0 39.2426 1.94686
0.341309 5.86827 5.52786	0 27.4921 1.90489
0.341553 5.36259 5.52056	0 23.0683 1.8657
0.341797 5.20241 5.51792	0 25.0272 1.82615
0.342041 5.9406 5.51886	0 47.8996 1.7831
0.342285 5.29084 5.52228	0 19.4129 1.73543
0.342529 5.68327 5.52729	0 30.9783 1.68481
0.342773 5.81145 5.53336	0 23.9173 1.63482
0.343018 5.4216 5.54033	0 35.164 1.58932
0.343262 5.04231 5.54834	0 24.7812 1.5512
0.343506 5.80488 5.55766	0 23.6846 1.52256
0.34375 6.22665 5.56848	0 38.0102 1.50581
0.343994 4.77488 5.5807	0 25.8243 1.50453
0.344238 5.61681 5.59376	0 25.2602 1.52284
0.344482 5.40999 5.60661	0 31.8041 1.56332
0.344727 5.21158 5.61773	0 22.7805 1.6245
0.344971 5.89733 5.6253	0 37.6117 1.69939
0.345215 6.33903 5.62747	0 35.1201 1.77626
0.345459 6.07424 5.62267	0 41.5679 1.84122
0.345703 5.13165 5.60992	0 23.9372 1.88161
0.345947 5.6021 5.58903	0 22.5178 1.88886
0.346191 6.57062 5.56071	0 59.0779 1.86013
0.346436 5.953 5.52649	0 43.658 1.79849
0.34668 4.85529 5.48863	0 20.1761 1.71225
0.346924 4.43486 5.44972	0 23.9811 1.61349
0.347168 6.07626 5.41244	0 26.6561 1.51633
0.347412 5.6272 5.37913	0 28.6666 1.43491
0.347656 5.26061 5.35153	0 21.3886 1.3814
0.3479 5.17381 5.33054	0 24.6705 1.36432
0.348145 4.35238 5.31617	0 16.5939 1.38712
0.348389 4.64675 5.30757	0 24.1842 1.44745
0.348633 5.47533 5.3033	0 29.0553 1.53695
0.348877 6.28866 5.30159	0 26.0969 1.64191
0.349121 5.48876 5.30073	0 25.4405 1.7453
0.349365 5.59896 5.29939	0 32.5295 1.83005
0.349609 4.99171 5.2968	0 38.953 1.88325
0.349854 5.05225 5.29291	0 26.3228 1.89993
0.350098 5.41248 5.28822	0 24.5832 1.88486
0.350342 5.20578 5.28369	0 26.0504 1.85147
0.350586 5.44215 5.28039	0 29.0408 1.81802
0.35083 5.26809 5.27924	0 17.0746 1.80259
0.351074 5.62464 5.28078	0 31.1738 1.81861
0.351318 4.13084 5.28499	0 14.3775 1.87234
0.351562 5.0241 5.29129	0 24.8733 1.96235
0.351807 5.44435 5.29863	0 23.5161 2.0803
0.352051 5.4167 5.3057	0 25.4468 2.21215
0.352295 6.38032 5.31113	0 29.1911 2.3395
0.352539 5.27983 5.31375	0 23.9357 2.44176
0.352783 5.51324 5.31278	0 56.0348 2.49962
0.353027 4.5815 5.30793	0 18.9001 2.49969
0.353271 4.72774 5.2994	0 26.8509 2.43849
0.353516 6.69502 5.2879	0 49.9706 2.32409
0.35376 4.88814 5.27448	0 21.7044 2.17409
0.354004 5.11879 5.26045	0 24.2329 2.01094
0.354248 5.64242 5.24722	0 32.0796 1.85672
0.354492 5.0285 5.23616	0 26.802 1.72956
0.354736 4.95215 5.22842	0 18.5959 1.64213
0.35498 4.84966 5.22478	0 21.6048 1.60172
0.355225 5.17961 5.22554	0 25.1394 1.61025
0.355469 5.21842 5.23045	0 27.6853 1.66388
0.355713 5.42716 5.23868	0 23.4906 1.75249
0.355957 5.00816 5.24887	0 32.5324 1.86034
0.356201 5.27765 5.25929	0 31.7474 1.96855
0.356445 5.23764 5.268	0 20.6679 2.05904
0.356689 5.56372 5.27311	0 34.2181 2.11864
0.356934 5.31451 5.27303	0 24.7479 2.14156
0.357178 5.21054 5.26672	0 38.6673 2.12934
0.357422 4.90103 5.25386	0 21.8582 2.08842
0.357666 7.21372 5.23492	0 53.0594 2.02675
0.35791 4.98664 5.21111	0 28.3402 1.95115
0.358154 4.41981 5.18421	0 19.5434 1.86652
0.358398 5.20117 5.15626	0 27.9845 1.77675
0.358643 4.89103 5.12928	0 20.4286 1.68645
0.358887 4.63075 5.1049	0 18.6435 1.60227
0.359131 5.09522 5.0842	0 24.931 1.53299
0.359375 5.35988 5.0675	0 24.068 1.48818
0.359619 5.03377 5.05445	0 23.2207 1.47581
0.359863 4.83927 5.04411	0 25.543 1.49971
0.360107 5.09799 5.03515	0 23.5603 1.55782
0.360352 4.73585 5.02611	0 27.9447 1.64186
0.360596 5.32518 5.01566	0 27.65 1.7387
0.36084 4.90371 5.00286	0 30.0417 1.8332
0.361084 5.27986 4.98729	0 35.4413 1.9116
0.361328 5.3594 4.96918	0 32.4868 1.96451
0.361572 5.37618 4.94931	0 26.005 1.98838
0.361816 4.63888 4.92894	0 34.4859 1.98503
0.362061 4.43621 4.90954	0 33.8542 1.95974
0.362305 4.48223 4.89257	0 16.6422 1.91883
0.362549 5.11432 4.87922	0 37.524 1.86793
0.362793 4.54006 4.87026	0 22.9047 1.8113
0.363037 5.26663 4.86597	0 34.2932 1.75195
0.363281 4.31586 4.86619	0 31.5271 1.6919
0.363525 4.89399 4.87038	0 25.0232 1.63243
0.36377 5.25297 4.87781	0 26.6487 1.57437
0.364014 4.61174 4.88766	0 23.9111 1.51862
0.364258 5.12339 4.8991	0 25.2737 1.46678
0.364502 4.73311 4.91135	0 23.2607 1.42126
0.364746 5.03757 4.92362	0 21.1683 1.38449
0.36499 5.11737 4.93517	0 19.2543 1.35754
0.365234 4.26372 4.94527	0 19.2848 1.33888
0.365479 5.21572 4.95328	0 24.6423 1.32407
0.365723 5.12478 4.95877	0 20.8634 1.30675
0.365967 4.99535 4.96169	0 19.3152 1.28065
0.366211 5.16656 4.96249	0 23.6093 1.24185
0.366455 5.52833 4.96216	0 21.4257 1.19059
0.366699 4.75647 4.9622	0 22.888 1.13186
0.366943 4.90698 4.96435	0 16.0586 1.07449
0.367188 4.94254 4.97027	0 23.8547 1.02883
0.367432 4.647 4.98113	0 18.5538 1.00397
0.367676 4.26549 4.99725	0 16.6512 1.00539
0.36792 4.73259 5.01791	0 16.0953 1.034
0.368164 4.94402 5.04132	0 26.138 1.08632
0.368408 5.24048 5.06486	0 27.9977 1.15574
0.368652 5.17283 5.08553	0 23.0508 1.23396
0.368896 5.59711 5.10045	0 29.4932 1.31233
0.369141 6.16883 5.10739	0 33.9288 1.38322
0.369385 5.00264 5.1052	0 20.3395 1.44127
0.369629 4.82065 5.09398	0 31.046 1.48439
0.369873 5.53945 5.07508	0 26.8184 1.51417
0.370117 4.7404 5.0508	0 25.5799 1.53536
0.370361 5.68353 5.02401	0 40.3224 1.55439
0.370605 4.6111 4.99765	0 20.5581 1.57729
0.37085 4.44629 4.97421	0 16.9852 1.60778
0.371094 4.43868 4.95542	0 24.0859 1.64608
0.371338 4.98077 4.94196	0 28.8984 1.68907
0.371582 5.08466 4.93348	0 20.8959 1.73129
0.371826 4.59059 4.92876	0 21.7973 1.76655
0.37207 4.77583 4.92602	0 25.4379 1.78924
0.372314 5.20056 4.92336	0 20.0105 1.79517
0.372559 5.44614 4.9191	0 34.9572 1.78189
0.372803 4.93754 4.91217	0 22.8546 1.7486
0.373047 5.32818 4.90225	0 30.73 1.69611
0.373291 4.68289 4.88977	0 21.1501 1.62678
0.373535 5.32322 4.87576	0 32.95 1.5448
0.373779 3.88243 4.86161	0 13.5057 1.4566
0.374023 4.87764 4.84868	0 23.1006 1.37098
0.374268 5.11316 4.83808	0 23.936 1.29855
0.374512 4.44409 4.83043	0 15.8582 1.25024
0.374756 4.96609 4.82587	0 24.0774 1.23508
0.375 4.47777 4.82404	0 21.7542 1.25807
0.375244 4.56368 4.82431	0 17.9447 1.31883
0.375488 5.32138 4.82597	0 27.1566 1.41161
0.375732 4.8847 4.82836	0 22.4864 1.5265
0.375977 5.92082 4.83106	0 35.9758 1.65123
0.376221 4.14046 4.83384	0 16.1899 1.77301
0.376465 3.99241 4.83668	0 21.1011 1.87979
0.376709 5.0971 4.83966	0 26.5238 1.9612
0.376953 4.35421 4.84291	0 21.1032 2.0097
0.377197 5.83077 4.84649	0 43.5951 2.02195
0.377441 4.53768 4.8504	0 16.1151 2.00018
0.377686 5.22584 4.85457	0 23.4293 1.95243
0.37793 4.7857 4.85883	0 24.0266 1.89102
0.378174 4.28476 4.86292	0 16.5095 1.82939
0.378418 4.84999 4.86645	0 25.5613 1.77835
0.378662 5.35343 4.8689	0 30.103 1.74339
0.378906 4.90068 4.86967	0 19.1849 1.72407
0.37915 4.21419 4.86811	0 16.8748 1.71562
0.379395 4.94557 4.86364	0 20.3457 1.71168
0.379639 5.65979 4.85592	0 25.662 1.70689
0.379883 4.85412 4.84494	0 27.9615 1.69822
0.380127 5.14643 4.83111	0 36.2445 1.68461
0.380371 4.54921 4.81522	0 25.0299 1.66583
0.380615 4.65904 4.79837	0 21.6761 1.64137
0.380859 4.62517 4.78179	0 20.4701 1.61041
0.381104 4.91754 4.76665	0 27.7521 1.57281
0.381348 5.03134 4.75389	0 24.5586 1.53056
0.381592 3.59732 4.74412	0 12.4946 1.48851
0.381836 5.06829 4.73756	0 20.5466 1.45381
0.38208 4.73851 4.7341	0 22.82 1.43382
0.382324 5.19499 4.73336	0 26.3698 1.43324
0.382568 4.53488 4.73481	0 16.2326 1.45171
0.382812 4.93881 4.73786	0 22.3332 1.48309
0.383057 4.09139 4.74191	0 12.524 1.51703
0.383301 5.07441 4.74637	0 20.5006 1.54257
0.383545 4.48412 4.75068	0 19.8353 1.55227
0.383789 4.96252 4.75427	0 23.9374 1.54507
0.384033 5.80185 4.75655	0 24.0815 1.52668
0.384277 3.49722 4.75693	0 11.6062 1.50707
0.384521 4.34147 4.75489	0 20.0351 1.49626
0.384766 5.83272 4.75005	0 33.9397 1.50017
0.38501 4.63813 4.74227	0 19.7213 1.51823
0.385254 4.69484 4.73174	0 24.8442 1.54386
0.385498 5.03934 4.71899	0 26.6898 1.56712
0.385742 4.93706 4.70491	0 33.5014 1.57869
0.385986 4.20298 4.69065	0 18.1204 1.57312
0.38623 4.613 4.67744	0 22.5928 1.55054
0.386475 4.64271 4.66646	0 18.2308 1.51623
0.386719 4.73273 4.65863	0 19.266 1.47863
0.386963 4.17643 4.65445	0 14.9365 1.44664
0.387207 4.87585 4.65392	0 22.2282 1.42704
0.387451 4.3102 4.65652	0 21.5313 1.42276
0.387695 4.6209 4.66121	0 16.3432 1.4323
0.387939 5.28745 4.66654	0 38.8587 1.45023
0.388184 4.25078 4.67083	0 16.0591 1.46865
0.388428 4.65347 4.67232	0 22.8523 1.47892
0.388672 4.70089 4.6694	0 26.5202 1.47351
0.388916 4.64136 4.66086	0 19.979 1.44759
0.38916 5.23462 4.64608	0 24.8022 1.4002
0.389404 5.31144 4.62518	0 36.945 1.33495
0.389648 4.25613 4.59908	0 18.2515 1.25982
0.389893 4.13514 4.56949	0 14.8959 1.18602
0.390137 5.26557 4.53872	0 23.6261 1.1257
0.390381 4.53703 4.50938	0 19.6208 1.08918
0.390625 4.03493 4.48408	0 16.4786 1.08219
0.390869 3.67993 4.46503	0 9.72285 1.10433
0.391113 4.77968 4.45373	0 19.8994 1.14926
0.391357 4.09794 4.45068	0 23.8583 1.20673
0.391602 4.02877 4.45531	0 20.7918 1.26578
0.391846 4.85049 4.46604	0 31.4879 1.31766
0.39209 4.13349 4.48043	0 14.3361 1.35746
0.392334 4.48665 4.49554	0 28.0274 1.38373
0.392578 4.18211 4.50838	0 18.7371 1.39683
0.392822 5.17014 4.5163	0 25.7353 1.39708
0.393066 5.26773 4.51742	0 37.4756 1.38375
0.393311 4.79337 4.51084	0 20.8635 1.35548
0.393555 4.54033 4.49684	0 22.5318 1.31163
0.393799 4.5735 4.47677	0 22.7391 1.2537
0.394043 4.11556 4.45289	0 16.9247 1.1861
0.394287 4.37972 4.42808	0 12.3339 1.11574
0.394531 4.29359 4.40547	0 18.1179 1.05079
0.394775 4.02645 4.38808	0 15.7761 0.999181
0.39502 4.89718 4.37848	0 19.3295 0.967252
0.395264 3.94694 4.37849	0 18.5064 0.958873
0.395508 4.036 4.38895	0 9.81924 0.975019
0.395752 4.34694 4.40953	0 19.7895 1.01363
0.395996 3.66054 4.43873	0 17.1003 1.06977
0.39624 4.38322 4.47401	0 13.3335 1.13601
0.396484 4.38036 4.51208	0 19.3616 1.20335
0.396729 4.95748 4.54937	0 27.3667 1.2623
0.396973 4.55434 4.58257	0 21.0576 1.30439
0.397217 4.95676 4.60916	0 30.3008 1.32371
0.397461 5.8503 4.62778	0 29.1884 1.31834
0.397705 5.24169 4.63839	0 27.0742 1.29135
0.397949 4.16791 4.64213	0 13.5666 1.2509
0.398193 4.56413 4.64097	0 19.3362 1.2091
0.398438 4.07429 4.63716	0 20.4011 1.17951
0.398682 4.23787 4.63268	0 15.7108 1.1739
0.398926 4.34202 4.62877	0 15.5788 1.19916
0.39917 4.50637 4.62575	0 15.9962 1.25538
0.399414 5.51201 4.62299	0 33.58 1.33583
0.399658 4.22207 4.61922	0 15.8091 1.42851
0.399902 4.71745 4.61286	0 22.4731 1.51881
0.400146 4.62675 4.60255	0 20.0621 1.59246
0.400391 4.7969 4.58745	0 33.0915 1.63812
0.400635 5.35958 4.56758	0 39.4686 1.64937
0.400879 4.77917 4.5438	0 24.4052 1.62579
0.401123 3.89263 4.51772	0 16.7089 1.57301
0.401367 4.10556 4.49139	0 12.5924 1.5014
0.401611 5.23841 4.46698	0 28.7091 1.42386
0.401855 3.84299 4.44635	0 12.1714 1.35306
0.4021 4.19914 4.43083	0 17.6383 1.29892
0.402344 3.87085 4.42102	0 14.9368 1.26709
0.402588 4.3409 4.41678	0 24.5182 1.25862
0.402832 4.45926 4.41737	0 28.1612 1.27076
0.403076 4.45424 4.42166	0 16.5861 1.29849
0.40332 5.16315 4.42836	0 30.5712 1.33609
0.403564 4.54411 4.43622	0 23.2645 1.37832
0.403809 4.06991 4.44408	0 21.698 1.42078
0.404053 4.38726 4.45096	0 18.7684 1.45936
0.404297 4.15852 4.456	0 14.2989 1.48938
0.404541 4.41652 4.45843	0 17.9884 1.50517
0.404785 4.65949 4.45761	0 23.0676 1.50081
0.405029 4.77893 4.45311	0 22.5726 1.47192
0.405273 4.23891 4.44484	0 16.2769 1.41779
0.405518 4.75101 4.43316	0 34.0899 1.3425
0.405762 5.25076 4.41895	0 23.3901 1.25453
0.406006 3.98106 4.4036	0 14.6236 1.16467
0.40625 4.00277 4.38878	0 13.0626 1.08338
0.406494 4.48567 4.37627	0 13.7166 1.01875
0.406738 4.09 4.36756	0 16.9821 0.975601
0.406982 3.93803 4.36363	0 19.4977 0.955912
0.407227 4.75529 4.36476	0 21.7826 0.959643
0.407471 3.665 4.37045	0 12.4866 0.985308
0.407715 4.38532 4.37957	0 18.365 1.02979
0.407959 4.15338 4.39055	0 16.9396 1.08769
0.408203 4.97355 4.40168	0 25.6351 1.15084
0.408447 5.13486 4.41133	0 29.645 1.20888
0.408691 4.59895 4.41821	0 20.056 1.25111
0.408936 3.67722 4.42141	0 9.77715 1.26913
0.40918 4.53159 4.42044	0 21.1618 1.25949
0.409424 4.4645 4.41515	0 21.3336 1.22511
0.409668 4.47772 4.4057	0 25.8193 1.17481
0.409912 4.4633 4.39244	0 27.8583 1.12106
0.410156 4.06718 4.37594	0 17.562 1.07645
0.4104 5.15275 4.35692	0 20.0087 1.05021
0.410645 4.5472 4.33628	0 20.5081 1.04573
0.410889 3.84856 4.31504	0 13.7782 1.06023
0.411133 4.30947 4.29419	0 16.7902 1.08644
0.411377 3.89002 4.27465	0 14.1224 1.11559
0.411621 4.75068 4.25708	0 34.0083 1.14037
0.411865 3.62431 4.24183	0 10.3869 1.15673
0.412109 3.89 4.22891	0 14.3161 1.16393
0.412354 4.59804 4.21801	0 17.5627 1.16316
0.412598 4.3947 4.20865	0 16.5961 1.15587
0.412842 4.18636 4.20026	0 18.2688 1.1426
0.413086 4.55148 4.19235	0 23.2171 1.12286
0.41333 4.00886 4.18458	0 17.2439 1.09607
0.413574 3.58936 4.17683	0 18.8391 1.06272
0.413818 4.78217 4.16926	0 21.1218 1.02524
0.414062 3.65762 4.16224	0 11.1937 0.98803
0.414307 4.20052 4.15637	0 21.0879 0.95635
0.414551 4.55904 4.15244	0 20.0827 0.934729
0.414795 4.26845 4.15126	0 17.7775 0.925383
0.415039 3.91475 4.15358	0 11.482 0.927419
0.415283 4.35929 4.15991	0 15.8255 0.937176
0.415527 3.5384 4.17033	0 14.2526 0.949554
0.415771 3.63644 4.18442	0 12.9724 0.959858
0.416016 4.4134 4.20122	0 22.3487 0.965478
0.41626 3.44983 4.21935	0 9.64076 0.966832
0.416504 5.65652 4.23719	0 27.3134 0.967232
0.416748 4.1768 4.25311	0 21.0372 0.971656
0.416992 4.50587 4.26578	0 22.9748 0.984809
0.417236 4.3294 4.27434	0 15.9951 1.00911
0.41748 4.00177 4.2785	0 18.2925 1.04343
0.417725 4.09514 4.2786	0 16.6922 1.0831
0.417969 5.03484 4.27552	0 26.8824 1.12138
0.418213 3.75099 4.27057	0 15.0874 1.15173
0.418457 4.38347 4.26531	0 14.0417 1.16982
0.418701 4.30393 4.26137	0 20.3837 1.17462
0.418945 4.46743 4.26022	0 12.9624 1.168
0.419189 3.77578 4.26299	0 13.4294 1.15362
0.419434 4.64675 4.27019	0 24.8602 1.13558
0.419678 3.30557 4.28161	0 11.4328 1.1176
0.419922 4.46015 4.29622	0 21.6921 1.10269
0.420166 4.19613 4.3122	0 21.0161 1.09297
0.42041 3.91607 4.32716	0 16.8503 1.08947
0.420654 4.74487 4.33842	0 18.3342 1.09177
0.420898 4.93177 4.34343	0 22.7615 1.09784
0.421143 5.22633 4.34013	0 23.8544 1.10416
0.421387 3.73148 4.32729	0 10.3939 1.10649
0.421631 4.78739 4.30474	0 23.564 1.10103
0.421875 4.29764 4.27338	0 20.7953 1.08579
0.422119 4.23528 4.2351	0 16.4367 1.0615
0.422363 4.5516 4.19256	0 22.4655 1.03189
0.422607 4.00252 4.14879	0 12.7785 1.00289
0.422852 3.80115 4.10687	0 9.9685 0.981335
0.423096 4.07673 4.0695	0 11.8309 0.973278
0.42334 3.88584 4.03868	0 18.1223 0.98261
0.423584 3.67224 4.01547	0 10.992 1.01005
0.423828 3.56367 3.99986	0 12.4753 1.05284
0.424072 3.49918 3.99091	0 13.0903 1.1052
0.424316 3.80359 3.9869	0 13.3322 1.15961
0.424561 5.05468 3.98569	0 23.9144 1.2085
0.424805 4.02576 3.98514	0 28.3852 1.24583
0.425049 4.06184 3.98348	0 14.2968 1.26783
0.425293 3.70465 3.97961	0 11.7244 1.27285
0.425537 3.90692 3.97328	0 16.7864 1.26076
0.425781 4.85484 3.96503	0 29.2876 1.23245
0.426025 3.91351 3.95607	0 14.9723 1.19003
0.42627 3.62561 3.94791	0 11.7868 1.13729
0.426514 3.54964 3.94209	0 14.2688 1.08006
0.426758 3.82264 3.93976	0 12.5633 1.02557
0.427002 3.8484 3.94149	0 13.2236 0.981019
0.427246 3.38373 3.94718	0 12.7469 0.9517
0.42749 4.22219 3.95609	0 13.4186 0.939388
0.427734 3.95052 3.96708	0 14.5863 0.941823
0.427979 4.3512 3.97887	0 23.2259 0.953484
0.428223 3.86616 3.99035	0 12.6658 0.967423
0.428467 4.40339 4.00078	0 19.7742 0.977471
0.428711 4.00666 4.00988	0 14.5718 0.979965
0.428955 4.33321 4.01773	0 16.1553 0.974348
0.429199 3.61557 4.02467	0 13.3872 0.962434
0.429443 3.82881 4.03095	0 11.3905 0.946739
0.429688 4.09229 4.03658	0 16.0385 0.928692
0.429932 3.65603 4.04119	0 13.8878 0.907687
0.430176 3.64791 4.04401	0 11.4795 0.881516
0.43042 4.73129 4.04404	0 19.7913 0.848029
0.430664 4.59214 4.04031	0 18.5827 0.807169
0.430908 3.78053 4.03215	0 12.4649 0.762292
0.431152 4.24949 4.01939	0 17.0664 0.720027
0.431396 4.39523 4.00246	0 14.9428 0.688648
0.431641 4.11346 3.98239	0 21.5356 0.67555
0.431885 3.96189 3.96059	0 13.2371 0.684764
0.432129 3.22683 3.93864	0 13.7397 0.715373
0.432373 3.37893 3.91805	0 9.48865 0.7614
0.432617 4.27526 3.90005	0 14.9565 0.813309
0.432861 3.88935 3.88553	0 15.8867 0.860744
0.433105 4.46789 3.87492	0 27.7645 0.895591
0.43335 3.34524 3.86831	0 13.438 0.914242
0.433594 3.52281 3.86548	0 11.5633 0.918189
0.433838 4.19047 3.8659	0 11.7154 0.912803
0.434082 3.81578 3.86884	0 13.5591 0.905015
0.434326 3.334 3.87335	0 8.71312 0.900967
0.43457 4.36696 3.87834	0 15.4967 0.90456
0.434814 3.71623 3.88266	0 12.0574 0.917091
0.435059 3.69669 3.88525	0 16.7153 0.937674
0.435303 4.49273 3.88529	0 25.9755 0.963921
0.435547 3.69421 3.88242	0 10.2737 0.992651
0.435791 4.05706 3.87687	0 10.9947 1.02063
0.436035 3.94623 3.86951	0 18.5486 1.04536
0.436279 4.37983 3.86185	0 21.1282 1.06568
0.436523 3.44375 3.85586	0 9.33282 1.08188
0.436768 3.83278 3.85365	0 13.6608 1.09499
0.437012 3.48049 3.85719	0 12.5219 1.10569
0.437256 3.52351 3.86789	0 9.44068 1.11339
0.4375 4.12226 3.88635	0 17.2779 1.11612
0.437744 2.95445 3.91215	0 9.82601 1.11143
0.437988 3.96957 3.94386	0 20.902 1.0977
0.438232 4.22709 3.97919	0 15.7213 1.07534
0.438477 4.04979 4.01535	0 10.1416 1.04721
0.438721 3.9769 4.04942	0 20.3282 1.01812
0.438965 4.35305 4.07883	0 21.2207 0.993573
0.439209 4.62081 4.10171	0 14.3112 0.978354
0.439453 4.50039 4.11713	0 18.14 0.975254
0.439697 4.31113 4.12519	0 19.9566 0.984377
0.439941 4.23497 4.12686	0 16.0273 1.00315
0.440186 3.54361 4.12373	0 13.1225 1.02709
0.44043 4.65651 4.11763	0 18.5807 1.05101
0.440674 3.97604 4.11026	0 14.3446 1.07051
0.440918 3.03796 4.10294	0 9.51037 1.08308
0.441162 4.27393 4.09644	0 14.1055 1.08863
0.441406 4.58982 4.09095	0 21.467 1.0892
0.44165 4.02002 4.08624	0 17.6353 1.08787
0.441895 4.24554 4.08185	0 13.0325 1.08745
0.442139 4.15401 4.07733	0 16.4533 1.08926
0.442383 3.5291 4.07235	0 10.5493 1.09274
0.442627 4.68181 4.06683	0 20.4155 1.09603
0.442871 4.09618 4.06085	0 21.0239 1.09729
0.443115 4.26311 4.05455	0 23.5127 1.09599
0.443359 3.72364 4.04795	0 11.0663 1.09336
0.443604 3.59 4.04082	0 11.8745 1.0917
0.443848 3.94622 4.03259	0 12.9346 1.09268
0.444092 3.89446 4.02248	0 10.4191 1.09566
0.444336 4.37048 4.00962	0 15.8824 1.0968
0.44458 4.12702 3.99331	0 16.7372 1.08997
0.444824 4.62964 3.9733	0 16.4128 1.06903
0.445068 4.20966 3.94996	0 26.5652 1.03068
0.445312 3.84445 3.92434	0 21.7309 0.976475
0.445557 3.54751 3.8981	0 12.8811 0.912898
0.445801 3.89821 3.87324	0 11.5648 0.849514
0.446045 3.32023 3.85189	0 13.3149 0.795892
0.446289 4.16317 3.83594	0 11.3951 0.758679
0.446533 3.7224 3.82683	0 15.0459 0.739956
0.446777 2.95186 3.82537	0 11.057 0.73735
0.447021 3.83482 3.83174	0 17.0385 0.745639
0.447266 4.14839 3.84546	0 15.2072 0.759106
0.44751 4.05954 3.8655	0 14.3432 0.7737
0.447754 3.68576 3.89036	0 12.9938 0.788259
0.447998 3.73236 3.91813	0 17.3611 0.80439
0.448242 3.87006 3.94665	0 9.67057 0.825144
0.448486 3.82071 3.97358	0 11.8785 0.853124
0.44873 4.06384 3.9966	0 19.8918 0.888902
0.448975 4.35942 4.01364	0 16.6743 0.930454
0.449219 4.02101 4.02316	0 10.8949 0.973795
0.449463 4.38232 4.02437	0 17.891 1.01442
0.449707 4.78244 4.01745	0 21.7491 1.04877
0.449951 3.965 4.00356	0 16.5771 1.07506
0.450195 4.27879 3.98471	0 22.4386 1.09314
0.450439 3.7452 3.96347	0 16.572 1.10351
0.450684 3.71178 3.94258	0 15.0626 1.10625
0.450928 3.45134 3.92448	0 14.4051 1.10034
0.451172 3.49932 3.91094	0 13.2573 1.08399
0.451416 3.85306 3.90287	0 17.2803 1.05578
0.45166 3.68234 3.90024	0 14.663 1.01598
0.451904 4.30221 3.9022	0 17.0129 0.967444
0.452148 3.60958 3.90735	0 10.8751 0.915503
0.452393 4.37503 3.91403	0 16.6332 0.866998
0.452637 3.99902 3.92064	0 18.3735 0.828909
0.452881 3.87719 3.92587	0 13.496 0.807073
0.453125 3.90299 3.92887	0 19.6056 0.805218
0.453369 3.38304 3.92932	0 12.1716 0.824315
0.453613 4.81144 3.92738	0 20.3246 0.862254
0.453857 4.04178 3.9236	0 9.90822 0.913965
0.454102 3.83393 3.91876	0 14.9625 0.972182
0.454346 3.72371 3.91371	0 11.4372 1.02889
0.45459 3.70404 3.90914	0 16.7337 1.07715
0.454834 3.942 3.90539	0 16.8922 1.11276
0.455078 3.63909 3.9024	0 14.5205 1.13508
0.455322 4.16908 3.89964	0 18.5888 1.14671
0.455566 3.38752 3.89623	0 6.97925 1.15206
0.455811 4.30872 3.89116	0 22.8493 1.15534
0.456055 3.70495 3.88354	0 10.8032 1.1588
0.456299 4.29021 3.87292	0 12.0802 1.16199
0.456543 4.042 3.85949	0 16.9556 1.16243
0.456787 4.52983 3.84419	0 34.9958 1.15718
0.457031 3.69849 3.82865	0 10.5704 1.14463
0.457275 3.11949 3.815	0 7.48434 1.1255
0.45752 4.04161 3.80546	0 16.3947 1.10242
0.457764 3.1851 3.80202	0 9.60242 1.07865
0.458008 3.61358 3.806	0 13.4678 1.05667
0.458252 3.75586 3.81782	0 12.7937 1.03748
0.458496 3.64624 3.83687	0 24.2831 1.02108
0.45874 3.64261 3.86156	0 15.9765 1.00736
0.458984 3.83632 3.88959	0 12.3302 0.996753
0.459229 4.26833 3.91827	0 16.694 0.990078
0.459473 3.52815 3.9449	0 16.7572 0.987789
0.459717 4.58008 3.96721	0 19.4477 0.989237
0.459961 4.59946 3.98358	0 19.5583 0.992608
0.460205 4.14136 3.99322	0 17.148 0.995648
0.460449 4.03496 3.99617	0 17.6363 0.996771
0.460693 3.85299 3.99312	0 16.0434 0.995877
0.460938 3.75478 3.98515	0 22.9388 0.994394
0.461182 4.09072 3.97349	0 15.9766 0.9945
0.461426 3.79464 3.95925	0 9.97578 0.997905
0.46167 4.09979 3.94323	0 13.7619 1.00482
0.461914 4.18518 3.92591	0 13.0119 1.01362
0.462158 3.13437 3.90747	0 8.52982 1.02138
0.462402 4.53206 3.88793	0 22.3194 1.02499
0.462646 3.43031 3.86737	0 11.9716 1.02246
0.462891 4.52138 3.84604	0 14.7182 1.01358
0.463135 3.78754 3.82448	0 14.024 0.999828
0.463379 3.93875 3.80354	0 17.9559 0.983607
0.463623 3.45843 3.78422	0 13.0935 0.96702
0.463867 3.83646 3.76755	0 10.2317 0.950973
0.464111 3.41849 3.75436	0 12.4825 0.934887
0.464355 3.80265 3.7451	0 12.6644 0.91716
0.4646 3.21089 3.73973	0 10.9467 0.896114
0.464844 3.33765 3.73777	0 10.9809 0.870918
0.465088 4.22294 3.73837	0 21.4614 0.842065
0.465332 4.34553 3.74053	0 14.5946 0.811239
0.465576 3.40988 3.7433	0 10.9324 0.78076
0.46582 3.75571 3.74596	0 13.698 0.752982
0.466064 3.98423 3.74814	0 13.6551 0.729939
0.466309 3.95269 3.74979	0 14.0581 0.713306
0.466553 3.22166 3.75116	0 9.44655 0.704488
0.466797 3.50199 3.75262	0 7.67726 0.704642
0.467041 3.99465 3.75452	0 14.9612 0.714536
0.467285 3.98831 3.75703	0 15.7432 0.734273
0.467529 3.93973 3.76003	0 27.7034 0.762969
0.467773 3.37756 3.76309	0 9.09441 0.798469
0.468018 3.45785 3.76543	0 10.742 0.837243
0.468262 3.91688 3.7661	0 15.1232 0.874655
0.468506 3.74251 3.76412	0 14.4851 0.90574
0.46875 3.84756 3.75865	0 20.0019 0.926394
0.468994 4.06723 3.74925	0 17.4487 0.934592
0.469238 4.37691 3.73602	0 16.366 0.931155
0.469482 3.54804 3.71959	0 10.3596 0.919729
0.469727 4.13018 3.70113	0 23.3885 0.906012
0.469971 2.94907 3.68212	0 10.2462 0.896522
0.470215 3.6876 3.6642	0 21.0659 0.897244
0.470459 3.04885 3.64886	0 7.45106 0.912413
0.470703 3.77408 3.63734	0 12.5326 0.943546
0.470947 3.78327 3.63047	0 14.3591 0.988912
0.471191 3.79779 3.6287	0 15.6991 1.04374
0.471436 3.22835 3.63212	0 8.40849 1.10137
0.47168 3.76951 3.64052	0 18.8798 1.15529
0.471924 3.48548 3.65344	0 11.8255 1.20135
0.472168 3.66044 3.67017	0 14.8203 1.23909
0.472412 3.64651 3.68974	0 12.0555 1.27149
0.472656 3.81894 3.7109	0 16.7003 1.30287
0.4729 3.09633 3.7321	0 7.85625 1.33609
0.473145 4.07958 3.75161	0 14.2964 1.37032
0.473389 4.0143 3.76761	0 14.7031 1.40067
0.473633 3.59007 3.77843	0 19.0918 1.41983
0.473877 4.30133 3.78276	0 14.7404 1.42077
0.474121 3.8815 3.77988	0 17.5469 1.39935
0.474365 4.06093 3.7698	0 12.9115 1.35556
0.474609 4.10117 3.75331	0 20.8381 1.29335
0.474854 3.7221 3.7319	0 13.5134 1.21932
0.475098 3.46554 3.70757	0 10.4738 1.14106
0.475342 3.60716 3.68256	0 15.6797 1.06563
0.475586 3.60821 3.65905	0 14.3447 0.998461
0.47583 3.3057 3.63891	0 11.1252 0.942665
0.476074 3.80331 3.62348	0 10.1024 0.898961
0.476318 3.06223 3.61347	0 10.1032 0.866121
0.476562 3.68431 3.6089	0 11.606 0.84191
0.476807 3.54095 3.60924	0 16.0411 0.824135
0.477051 3.89194 3.61347	0 15.497 0.811353
0.477295 3.35615 3.62023	0 13.5917 0.802927
0.477539 3.58511 3.62801	0 11.3495 0.798542
0.477783 3.76947 3.63528	0 12.2902 0.797586
0.478027 3.46428 3.64061	0 16.969 0.798835
0.478271 4.13629 3.64281	0 16.6205 0.800616
0.478516 3.48071 3.64097	0 9.85004 0.801268
0.47876 3.95334 3.63459	0 14.1469 0.7996
0.479004 3.36899 3.62355	0 10.2783 0.795156
0.479248 4.03939 3.60817	0 16.2299 0.788297
0.479492 3.76582 3.58914	0 13.3211 0.780146
0.479736 3.04415 3.56754	0 8.85608 0.772417
0.47998 3.7482 3.54467	0 12.4958 0.766995
0.480225 3.85589 3.52203	0 15.7047 0.765297
0.480469 3.03874 3.50117	0 6.40959 0.767654
0.480713 3.64814 3.48353	0 10.5389 0.773129
0.480957 3.34912 3.4703	0 11.0534 0.779983
0.481201 3.24999 3.46231	0 23.1777 0.786635
0.481445 3.46403 3.45988	0 11.7629 0.792553
0.481689 2.92845 3.46279	0 7.45592 0.798575
0.481934 3.52681 3.4703	0 14.1659 0.806569
0.482178 3.68598 3.48128	0 9.74387 0.818736
0.482422 2.90129 3.49436	0 8.91802 0.837008
0.482666 4.02562 3.50811	0 19.1864 0.862664
0.48291 3.75788 3.52134	0 16.1205 0.895988
0.483154 3.79264 3.53314	0 14.9276 0.93572
0.483398 3.43113 3.54305	0 10.0007 0.978432
0.483643 3.58676 3.55098	0 16.7233 1.01831
0.483887 3.49682 3.55718	0 17.478 1.04797
0.484131 3.39829 3.56211	0 19.234 1.06036
0.484375 3.63506 3.56634	0 20.1488 1.05121
0.484619 3.32153 3.57047	0 11.0442 1.02093
0.484863 3.47964 3.57514	0 11.9322 0.9749
0.485107 4.08527 3.58106	0 19.915 0.922035
0.485352 3.37172 3.58893	0 7.22203 0.872177
0.485596 4.27004 3.5995	0 14.7583 0.833454
0.48584 3.2787 3.61342	0 10.6394 0.81061
0.486084 2.87042 3.63113	0 8.4249 0.804684
0.486328 3.37848 3.65273	0 8.96119 0.813787
0.486572 3.89653 3.67784	0 12.6573 0.834353
0.486816 3.83185 3.70556	0 11.0921 0.862311
0.487061 3.40139 3.73457	0 9.7268 0.893864
0.487305 3.83728 3.76322	0 10.824 0.925933
0.487549 4.0946 3.78976	0 12.2612 0.956391
0.487793 4.17481 3.81252	0 21.1065 0.984209
0.488037 3.79576 3.83015	0 16.4046 1.00944
0.488281 3.92896 3.84172	0 17.2124 1.03296
0.488525 3.63486 3.84682	0 13.2797 1.05588
0.48877 4.41478 3.8456	0 17.9744 1.07891
0.489014 3.4756 3.83867	0 13.4788 1.10182
0.489258 4.35444 3.82713	0 23.9305 1.12341
0.489502 3.69405 3.81239	0 12.5204 1.14181
0.489746 3.83218 3.79608	0 18.4965 1.15515
0.48999 3.66465 3.77987	0 19.2827 1.16225
0.490234 4.01392 3.76529	0 15.2443 1.16294
0.490479 3.07114 3.75359	0 7.80561 1.15817
0.490723 3.81775 3.74561	0 13.3396 1.14965
0.490967 3.68156 3.74166	0 16.46 1.13946
0.491211 3.45344 3.74157	0 13.7729 1.1297
0.491455 3.8346 3.7447	0 14.8881 1.12221
0.491699 3.84646 3.75013	0 14.2238 1.11843
0.491943 3.88625 3.75681	0 18.4478 1.1192
0.492188 3.55679 3.76376	0 9.1808 1.12461
0.492432 4.1161 3.7702	0 12.5959 1.13378
0.492676 3.56373 3.7757	0 14.9966 1.14495
0.49292 3.76807 3.7802	0 14.0567 1.1558
0.493164 4.0639 3.78392	0 17.0051 1.16408
0.493408 4.07261 3.78727	0 16.8084 1.16822
0.493652 3.72122 3.79066	0 14.5739 1.16787
0.493896 3.41261 3.79431	0 13.371 1.16401
0.494141 3.3578 3.79814	0 9.63168 1.15865
0.494385 3.47983 3.80174	0 9.48924 1.15424
0.494629 4.39153 3.80441	0 15.4785 1.15302
0.494873 3.95657 3.80535	0 15.1714 1.15633
0.495117 3.94509 3.80385	0 15.3143 1.16438
0.495361 4.02389 3.79945	0 16.763 1.17629
0.495605 3.63217 3.79208	0 14.0353 1.19073
0.49585 4.28072 3.78194	0 18.5807 1.20687
0.496094 3.68693 3.76936	0 12.9529 1.22508
0.496338 3.62485 3.75446	0 17.6297 1.24683
0.496582 3.12854 3.73681	0 9.3706 1.27357
0.496826 3.93644 3.71507	0 13.5193 1.30465
0.49707 3.46053 3.6868	0 10.6611 1.33571
0.497314 3.52263 3.6484	0 10.2856 1.35835
0.497559 4.20022 3.5953	0 24.6261 1.36194
0.497803 4.02457 3.52229	0 20.7273 1.33689
0.498047 3.81057 3.42411	0 19.7896 1.27795
0.498291 3.88255 3.29614	0 12.951 1.18613
0.498535 3.3048 3.13513	0 9.45401 1.06826
0.498779 3.57451 2.93992	0 10.7909 0.934603
0.499023 3.65889 2.71201	0 11.9139 0.795771
0.499268 3.28196 2.45578	0 10.869 0.660347
0.499512 3.3736 2.17838	0 14.9605 0.53396
0.499756 3.14197 1.59899	0 15.7163 0.319257
