0 0 2.08631	0 0 0.429202
0.000244141 4.24757 2.48741	0 13.4723 0.580033
0.000488281 3.8214 2.90196	0 16.3232 0.754755
0.000732422 4.3569 3.32094	0 14.0914 0.951133
0.000976562 4.50205 3.73762	0 28.6874 1.16775
0.0012207 4.26576 4.14838	0 18.3965 1.40494
0.00146484 5.08904 4.55306	0 24.3219 1.66527
0.00170898 4.48115 4.95457	0 14.2244 1.95341
0.00195312 5.94769 5.35798	0 40.7951 2.27576
0.00219727 4.40739 5.76924	0 20.8457 2.6397
0.00244141 5.59112 6.19374	0 24.8606 3.05293
0.00268555 6.07305 6.63507	0 32.1357 3.52249
0.00292969 6.84473 7.09415	0 49.9618 4.05346
0.00317383 6.99431 7.56874	0 66.0848 4.64681
0.00341797 7.39555 8.05364	0 51.0744 5.29663
0.00366211 7.89967 8.54126	0 83.3375 5.98701
0.00390625 9.53532 9.02261	0 58.7193 6.69035
0.00415039 11.3458 9.48853	0 164.491 7.36899
0.00439453 10.0147 9.93073	0 84.6941 7.98144
0.00463867 12.2333 10.3427	0 120.395 8.49266
0.00488281 10.3245 10.72	0 132.398 8.88472
0.00512695 12.6579 11.0603	0 131.794 9.16326
0.00537109 11.6231 11.3628	0 126.42 9.35527
0.00561523 12.5107 11.6276	0 171.097 9.49734
0.00585938 10.0766 11.8545	0 88.5179 9.61828
0.00610352 12.245 12.0432	0 111.315 9.72374
0.00634766 12.3368 12.1926	0 128.058 9.79105
0.0065918 12.8493 12.3018	0 208.331 9.7786
0.00683594 13.1727 12.3702	0 164.57 9.64653
0.00708008 15.201 12.3991	0 189.004 9.37874
0.00732422 14.8146 12.3914	0 153.37 8.99462
0.00756836 12.8195 12.3527	0 222.015 8.54424
0.0078125 10.7553 12.2901	0 126.955 8.09003
0.00805664 10.1594 12.2122	0 106.042 7.68564
0.00830078 11.5295 12.1276	0 120.259 7.36324
0.00854492 13.1747 12.0442	0 138.6 7.13422
0.00878906 12.7108 11.9687	0 114.567 6.99936
0.0090332 10.5841 11.9058	0 89.3515 6.95961
0.00927734 10.4397 11.8583	0 101.363 7.0196
0.00952148 13.3889 11.8274	0 150.907 7.18241
0.00976562 12.4681 11.8127	0 166.212 7.441
0.0100098 9.75411 11.8122	0 79.307 7.77369
0.0102539 11.5928 11.8227	0 126.897 8.14836
0.010498 12.5123 11.8399	0 160.348 8.53316
0.0107422 11.2026 11.8588	0 110.208 8.90684
0.0109863 10.6222 11.8742	0 99.655 9.26186
0.0112305 11.8837 11.8812	0 103.807 9.5988
0.0114746 15.4749 11.8765	0 210.769 9.91597
0.0117188 12.5401 11.8586	0 182.644 10.2012
0.0119629 11.1634 11.8283	0 129.366 10.4304
0.012207 12.6612 11.789	0 123.879 10.5729
0.0124512 10.6718 11.7458	0 116.785 10.6025
0.0126953 12.4821 11.705	0 145.283 10.5077
0.0129395 9.68831 11.6733	0 116.122 10.3016
0.0131836 11.1654 11.6561	0 174.604 10.0236
0.0134277 11.9468 11.6577	0 116.765 9.73494
0.0136719 11.3432 11.6799	0 103.693 9.50446
0.013916 11.0148 11.7226	0 146.183 9.3921
0.0141602 10.56 11.7836	0 99.5367 9.43402
0.0144043 13.0771 11.8589	0 175.534 9.636
0.0146484 11.7333 11.9437	0 115.952 9.9765
0.0148926 12.0614 12.0323	0 129.27 10.4168
0.0151367 12.0571 12.1191	0 159.874 10.9131
0.0153809 13.1365 12.1986	0 144.599 11.4247
0.015625 11.3767 12.2663	0 149.923 11.9165
0.0158691 12.8406 12.3185	0 115.515 12.3551
0.0161133 13.1671 12.3531	0 168.511 12.7046
0.0163574 13.0839 12.3693	0 197.068 12.9256
0.0166016 11.301 12.3684	0 101.914 12.9831
0.0168457 14.7382 12.3534	0 371.643 12.861
0.0170898 11.6455 12.3289	0 213.037 12.5782
0.017334 12.8095 12.3004	0 142.01 12.1961
0.0175781 12.0044 12.2741	0 128.012 11.8112
0.0178223 11.6162 12.2558	0 127.437 11.5298
0.0180664 10.4509 12.2504	0 87.1383 11.4339
0.0183105 12.4945 12.2611	0 148.764 11.5528
0.0185547 12.0522 12.2896	0 127.269 11.8516
0.0187988 11.5226 12.3358	0 153.239 12.246
0.019043 12.2343 12.3985	0 151.633 12.6354
0.0192871 13.3325 12.4756	0 196.323 12.9412
0.0195312 14.0226 12.5651	0 200.47 13.131
0.0197754 11.048 12.6648	0 133.069 13.2215
0.0200195 11.1389 12.7731	0 93.5302 13.2589
0.0202637 14.8258 12.8885	0 234.576 13.2905
0.0205078 13.1378 13.0096	0 152.811 13.3405
0.020752 12.4913 13.1346	0 115.452 13.3998
0.0209961 12.936 13.2614	0 139.167 13.4325
0.0212402 12.5774 13.3872	0 165.981 13.3924
0.0214844 12.2476 13.5094	0 127.316 13.2433
0.0217285 15.8688 13.6251	0 289.448 12.9749
0.0219727 14.9712 13.7325	0 247.535 12.6091
0.0222168 14.2457 13.8309	0 161.429 12.1951
0.0224609 13.3409 13.9208	0 214.901 11.7956
0.0227051 15.113 14.0043	0 182.556 11.471
0.0229492 12.9072 14.0845	0 133.322 11.2665
0.0231934 13.8241 14.1649	0 194.614 11.205
0.0234375 14.0951 14.2493	0 193.75 11.2881
0.0236816 13.2036 14.341	0 189.748 11.5002
0.0239258 14.9968 14.4422	0 178.716 11.8153
0.0241699 15.8936 14.5546	0 246.637 12.2024
0.0244141 13.6815 14.6787	0 180.796 12.6299
0.0246582 13.2569 14.814	0 155.537 13.0673
0.0249023 16.5948 14.9596	0 294.132 13.4867
0.0251465 13.7903 15.1141	0 209.692 13.8648
0.0253906 15.9806 15.2762	0 208.234 14.1884
0.0256348 13.7346 15.4451	0 262.235 14.4618
0.0258789 16.518 15.621	0 295.409 14.713
0.026123 16.2927 15.8053	0 243.644 14.9956
0.0263672 16.6009 16.0008	0 232.483 15.3831
0.0266113 17.6468 16.2112	0 268.216 15.9545
0.0268555 14.9767 16.4401	0 251.562 16.7751
0.0270996 16.6425 16.6905	0 333.678 17.8765
0.0273438 14.3283 16.9632	0 189.026 19.2419
0.0275879 15.1436 17.2569	0 311.106 20.8017
0.027832 16.7794 17.5675	0 332.834 22.4427
0.0280762 17.8448 17.8891	0 276.878 24.0304
0.0283203 19.5125 18.215	0 342.377 25.4407
0.0285645 22.3792 18.5391	0 448.129 26.5953
0.0288086 20.0273 18.857	0 387.704 27.4871
0.0290527 19.5226 19.1668	0 354.762 28.1868
0.0292969 15.8491 19.4691	0 258.638 28.8225
0.029541 19.6766 19.7666	0 453.461 29.5388
0.0297852 21.3129 20.0632	0 452.801 30.4514
0.0300293 19.1732 20.3634	0 355.78 31.6153
0.0302734 20.9991 20.6718	0 466.602 33.0228
0.0305176 20.2291 20.9932	0 393.92 34.6281
0.0307617 20.3051 21.3324	0 483.89 36.3866
0.0310059 25.0357 21.695	0 765.483 38.2897
0.03125 19.5122 22.0877	0 394.684 40.3816
0.0314941 23.1236 22.5179	0 444.929 42.7532
0.0317383 24.7666 22.9935	0 706.338 45.5194
0.0319824 20.778 23.5221	0 299.33 48.7891
0.0322266 19.0682 24.11	0 285.702 52.6352
0.0324707 22.4181 24.7615	0 520.319 57.069
0.0327148 27.1289 25.4782	0 768.74 62.0213
0.032959 28.542 26.2584	0 841.632 67.3311
0.0332031 24.2544 27.0973	0 545.914 72.7534
0.0334473 28.9054 27.987	0 917.589 77.9921
0.0336914 26.941 28.9168	0 828.857 82.7637
0.0339355 30.8533 29.8744	0 940.407 86.8786
0.0341797 23.5885 30.847	0 521.858 90.3107
0.0344238 31.6219 31.823	0 1159.55 93.2166
0.034668 41.8246 32.7943	0 2188.83 95.8793
0.0349121 34.1572 33.7579	0 1263.2 98.587
0.0351562 38.1907 34.7177	0 1341.55 101.499
0.0354004 34.6139 35.6846	0 860.544 104.577
0.0356445 31.5451 36.6762	0 1242.56 107.622
0.0358887 36.9945 37.7147	0 1227.23 110.435
0.0361328 43.6413 38.824	0 2271.02 112.995
0.036377 35.9318 40.0272	0 1294.06 115.588
0.0366211 35.1408 41.3438	0 1134.86 118.794
0.0368652 40.0058 42.7877	0 1939.11 123.371
0.0371094 39.2709 44.3676	0 1682.01 130.068
0.0373535 45.353 46.0873	0 2550.63 139.47
0.0375977 46.5517 47.948	0 1853.96 151.876
0.0378418 59.3285 49.9513	0 2709.8 167.202
0.0380859 46.9174 52.1006	0 1728.34 184.91
0.0383301 48.9421 54.4044	0 2239.66 203.993
0.0385742 53.4068 56.8762	0 3277.13 223.138
0.0388184 61.2345 59.5355	0 4820.35 241.106
0.0390625 54.3627 62.4076	0 2558.16 257.3
0.0393066 67.7592 65.5228	0 4506.74 272.318
0.0395508 68.0204 68.9162	0 3518.32 288.249
0.0397949 61.893 72.6274	0 3181.29 308.524
0.0400391 69.5511 76.6998	0 4955.33 337.319
0.0402832 80.1472 81.1799	0 5249.27 378.704
0.0405273 78.9667 86.1153	0 4343.06 435.797
0.0407715 88.1988 91.551	0 7807.65 510.162
0.0410156 92.1456 97.5248	0 9566.01 601.555
0.0412598 92.0595 104.062	0 9255.03 708.071
0.0415039 108.955 111.168	0 8271.33 826.737
0.041748 97.8854 118.83	0 9455.69 954.599
0.0419922 101.01 127.013	0 11402.3 1090.21
0.0422363 136.592 135.668	0 23076.2 1235.11
0.0424805 142.415 144.741	0 17358.1 1394.67
0.0427246 157.699 154.184	0 20829.9 1577.65
0.0429688 186.509 163.964	0 32646.9 1794.26
0.0432129 169.005 174.07	0 23966 2053.15
0.043457 178.891 184.509	0 33295.4 2358.18
0.0437012 195.816 195.293	0 41978.4 2706.11
0.0439453 208.769 206.423	0 38600.9 3085.89
0.0441895 189.123 217.863	0 42464.1 3480.03
0.0444336 168.668 229.516	0 22514.2 3867.73
0.0446777 260.092 241.214	0 93679.4 4228.77
0.0449219 295.768 252.704	0 118961 4546.56
0.045166 217.478 263.665	0 45728.1 4809.33
0.0454102 282.35 273.723	0 76997.9 5009.12
0.0456543 343.407 282.483	0 137962 5140.25
0.0458984 333.323 289.57	0 115640 5198.7
0.0461426 308.047 294.66	0 112919 5183.4
0.0463867 346.029 297.515	0 152519 5098.36
0.0466309 350.629 298	0 146950 4953.74
0.046875 387.028 296.097	0 141281 4764.32
0.0471191 286.723 291.894	0 64065.3 4545.57
0.0473633 295.248 285.573	0 74105 4309.23
0.0476074 268.649 277.387	0 53201.7 4060.65
0.0478516 289.784 267.634	0 74521.6 3799.36
0.0480957 314.523 256.635	0 96539 3522.32
0.0483398 241.069 244.711	0 53314.6 3228.01
0.048584 190.941 232.166	0 31108.3 2919.41
0.0488281 244.986 219.278	0 64550.2 2604.33
0.0490723 204.844 206.293	0 33948.1 2293.46
0.0493164 172.142 193.421	0 31522.3 1997.44
0.0495605 157.4 180.838	0 28187 1724.59
0.0498047 187.402 168.686	0 32776.2 1480.14
0.0500488 158.695 157.08	0 39506.4 1266.63
0.050293 113.767 146.106	0 14030.7 1084.69
0.0505371 132.921 135.831	0 17917.3 933.323
0.0507812 108.843 126.295	0 15942.8 809.881
0.0510254 117.672 117.519	0 10626.3 710.065
0.0512695 88.2179 109.503	0 10925.6 628.529
0.0515137 101.446 102.224	0 13856.9 559.98
0.0517578 71.5962 95.6349	0 4338.98 500.261
0.052002 81.5247 89.6749	0 5835.88 446.878
0.0522461 84.9581 84.2673	0 6502.37 398.794
0.0524902 76.6099 79.3295	0 7085.72 355.758
0.0527344 72.0207 74.7799	0 5918.86 317.623
0.0529785 62.393 70.5459	0 4479.08 283.979
0.0532227 80.3791 66.5693	0 4830.23 254.181
0.0534668 61.1756 62.8109	0 4415.52 227.576
0.0537109 57.5085 59.2505	0 3037.51 203.705
0.0539551 48.5932 55.8853	0 2144.3 182.357
0.0541992 55.8918 52.7252	0 2494.81 163.448
0.0544434 37.8654 49.7873	0 1509.24 146.865
0.0546875 40.2672 47.0895	0 1784.22 132.374
0.0549316 48.4259 44.6454	0 2353.15 119.65
0.0551758 36.4547 42.4604	0 1383.61 108.412
0.0554199 33.2409 40.5296	0 828.175 98.5481
0.0556641 40.3122 38.8375	0 1461.17 90.1716
0.0559082 28.5535 37.3591	0 639.975 83.5557
0.0561523 35.2655 36.0626	0 1032.17 78.9698
0.0563965 36.4634 34.9124	0 1120.62 76.492
0.0566406 31.9914 33.8729	0 849.703 75.8781
0.0568848 32.4867 32.9116	0 1106.17 76.5507
0.0571289 38.4389 32.0018	0 1600.82 77.7182
0.057373 28.1195 31.1241	0 740.383 78.5748
0.0576172 32.0829 30.2673	0 1057.23 78.5028
0.0578613 29.5414 29.4272	0 771.966 77.199
0.0581055 26.9511 28.6054	0 754.784 74.6901
0.0583496 25.7704 27.8074	0 713.929 71.247
0.0585938 25.8992 27.0404	0 545.344 67.2508
0.0588379 25.8256 26.3116	0 919.471 63.0645
0.059082 26.8142 25.6271	0 692.812 58.9526
0.0593262 26.2107 24.9913	0 744.218 55.0579
0.0595703 19.9708 24.4063	0 388.86 51.4218
0.0598145 21.7642 23.8721	0 433.814 48.0265
0.0600586 26.4126 23.3871	0 690.21 44.838
0.0603027 19.085 22.9479	0 375.841 41.8387
0.0605469 24.4327 22.5499	0 765.525 39.0441
0.060791 23.7824 22.1872	0 573.281 36.504
0.0610352 18.22 21.8531	0 327.665 34.286
0.0612793 20.625 21.5402	0 394.346 32.4494
0.0615234 22.7494 21.241	0 424.008 31.0201
0.0617676 19.4731 20.9484	0 415.246 29.9779
0.0620117 21.9983 20.6564	0 437.275 29.2617
0.0622559 22.3013 20.361	0 434.739 28.7885
0.0625 19.5809 20.0603	0 311.185 28.4737
0.0627441 20.0672 19.7553	0 479.515 28.2423
0.0629883 18.7155 19.4495	0 351.051 28.0286
0.0632324 21.0539 19.1483	0 332.498 27.7724
0.0634766 18.7385 18.8587	0 360.6 27.4203
0.0637207 15.2786 18.5878	0 305.209 26.9377
0.0639648 16.7889 18.3426	0 317.634 26.3248
0.064209 19.2285 18.1285	0 251.129 25.6266
0.0644531 19.5168 17.9494	0 269.118 24.927
0.0646973 15.4492 17.8072	0 238.51 24.3268
0.0649414 15.4805 17.7015	0 221.047 23.9119
0.0651855 18.5436 17.6304	0 352.854 23.7226
0.0654297 19.0223 17.5898	0 372.702 23.7338
0.0656738 15.0315 17.574	0 245.483 23.8537
0.065918 17.0313 17.5762	0 295.992 23.9439
0.0661621 18.1576 17.5883	0 443.427 23.8588
0.0664062 17.9519 17.6021	0 349.675 23.493
0.0666504 17.4121 17.6096	0 463.928 22.8188
0.0668945 17.2668 17.6042	0 343.829 21.8978
0.0671387 19.8374 17.5811	0 346.392 20.8586
0.0673828 17.7235 17.5379	0 309.539 19.8501
0.067627 19.116 17.4751	0 303.241 18.9925
0.0678711 17.9347 17.3958	0 227.227 18.348
0.0681152 15.7763 17.305	0 208.556 17.9239
0.0683594 16.2109 17.2088	0 410.807 17.6996
0.0686035 20.6949 17.1131	0 384.312 17.6608
0.0688477 12.3901 17.0234	0 132.11 17.8198
0.0690918 16.3155 16.9438	0 254.077 18.2134
0.0693359 17.0613 16.8769	0 413.935 18.8818
0.0695801 17.8354 16.8243	0 343.952 19.8386
0.0698242 18.1016 16.7873	0 329.617 21.0476
0.0700684 15.6046 16.7669	0 317.014 22.4155
0.0703125 16.3962 16.7649	0 241.574 23.8055
0.0705566 15.9922 16.7832	0 337.65 25.0696
0.0708008 18.9548 16.8238	0 410.394 26.0858
0.0710449 15.4191 16.8881	0 217.281 26.7862
0.0712891 15.6888 16.976	0 321.804 27.1633
0.0715332 13.5405 17.0853	0 236.131 27.254
0.0717773 19.8221 17.2118	0 371.728 27.1153
0.0720215 15.7445 17.3493	0 183.511 26.8045
0.0722656 17.0511 17.4907	0 290.337 26.3742
0.0725098 19.9338 17.6292	0 388.391 25.877
0.0727539 19.763 17.7591	0 271.984 25.3696
0.072998 19.2538 17.8775	0 353.551 24.9075
0.0732422 15.1948 17.9844	0 239.696 24.5348
0.0734863 18.4434 18.083	0 361.678 24.278
0.0737305 17.8194 18.1792	0 276.64 24.1537
0.0739746 20.9648 18.2808	0 613.724 24.1876
0.0742188 16.9053 18.3962	0 259.089 24.4314
0.0744629 17.8581 18.5335	0 364.91 24.9578
0.074707 17.8551 18.699	0 252.05 25.829
0.0749512 15.4256 18.8966	0 181.395 27.0515
0.0751953 19.6712 19.1274	0 485.683 28.541
0.0754395 19.5182 19.3895	0 497.012 30.1207
0.0756836 20.826 19.6784	0 495.658 31.562
0.0759277 17.3333 19.988	0 337.155 32.6513
0.0761719 21.97 20.3107	0 473.405 33.2584
0.076416 21.3971 20.6393	0 418.916 33.3772
0.0766602 18.3334 20.9669	0 293.104 33.124
0.0769043 23.7592 21.2879	0 424.428 32.6971
0.0771484 22.2332 21.5984	0 395.318 32.3148
0.0773926 22.2554 21.8962	0 505.641 32.1578
0.0776367 22.8381 22.181	0 567.247 32.3351
0.0778809 20.8665 22.4539	0 361.506 32.8779
0.078125 22.65 22.7174	0 502.47 33.7561
0.0783691 24.5444 22.9751	0 538.49 34.9009
0.0786133 21.8308 23.2314	0 420.962 36.2235
0.0788574 25.2003 23.4916	0 482.007 37.6283
0.0791016 22.9646 23.7609	0 505.728 39.0267
0.0793457 23.5467 24.0451	0 580.834 40.358
0.0795898 23.5549 24.3494	0 440.939 41.6159
0.079834 25.4082 24.6784	0 818.823 42.8659
0.0800781 22.1269 25.0358	0 630.307 44.2384
0.0803223 27.3649 25.4242	0 628.634 45.8891
0.0805664 25.2924 25.8449	0 874.137 47.9424
0.0808105 22.965 26.2989	0 453.507 50.4459
0.0810547 26.3394 26.7864	0 1040.59 53.3631
0.0812988 28.1983 27.3083	0 759.171 56.6104
0.081543 30.7998 27.866	0 1221.84 60.1166
0.0817871 28.073 28.4619	0 795.208 63.8672
0.0820312 25.4343 29.0985	0 585.707 67.9051
0.0822754 30.2915 29.7785	0 1049.98 72.2883
0.0825195 30.4595 30.5033	0 887.641 77.0327
0.0827637 28.4352 31.2722	0 689.171 82.0798
0.0830078 29.6397 32.0822	0 1015.62 87.3129
0.083252 32.5903 32.9277	0 1520.14 92.6126
0.0834961 36.7598 33.8009	0 1166.13 97.9218
0.0837402 31.6738 34.6927	0 1057.64 103.291
0.0839844 39.7281 35.5936	0 1326.84 108.885
0.0842285 34.9531 36.4945	0 1000.24 114.957
0.0844727 40.2264 37.3877	0 1365.58 121.785
0.0847168 35.172 38.2671	0 1380.54 129.572
0.0849609 38.1107 39.1286	0 1293.81 138.323
0.0852051 41.2867 39.9707	0 1554.04 147.746
0.0854492 43.7876 40.7948	0 1857.12 157.264
0.0856934 39.8507 41.6056	0 1955.78 166.177
0.0859375 44.0524 42.4115	0 1867.37 173.969
0.0861816 40.4884 43.2247	0 1537.92 180.603
0.0864258 48.1136 44.0596	0 2169.48 186.652
0.0866699 47.9196 44.9308	0 2562.48 193.127
0.0869141 41.3836 45.8507	0 1561.69 201.061
0.0871582 42.3997 46.8256	0 1628.37 211.028
0.0874023 44.3189 47.8529	0 1921.54 222.835
0.0876465 44.595 48.9197	0 2354.63 235.549
0.0878906 52.4779 50.0024	0 2699.23 247.807
0.0881348 49.5912 51.0695	0 2681.23 258.278
0.0883789 51.5919 52.0856	0 2455.51 266.061
0.088623 59.5124 53.0168	0 3102.71 270.904
0.0888672 58.6741 53.836	0 4803.6 273.216
0.0891113 63.0412 54.5273	0 4746.26 273.947
0.0893555 54.4529 55.087	0 2499.76 274.39
0.0895996 65.5162 55.5235	0 7753.86 275.959
0.0898438 51.2993 55.8536	0 3228.05 279.937
0.0900879 44.7665 56.0977	0 1992.37 287.217
0.090332 59.0795 56.2746	0 3671.67 298.057
0.0905762 59.7469 56.3975	0 3021.13 311.917
0.0908203 51.8399 56.4705	0 3174.34 327.421
0.0910645 60.922 56.489	0 4505.5 342.503
0.0913086 56.9089 56.4411	0 2958.98 354.729
0.0915527 56.9892 56.3103	0 3371.95 361.745
0.0917969 60.0202 56.08	0 3036.11 361.785
0.092041 52.3805 55.7368	0 3310.93 354.099
0.0922852 65.1112 55.2737	0 3987.81 339.162
0.0925293 60.2784 54.6916	0 3361.21 318.588
0.0927734 49.9488 53.9991	0 2285.6 294.72
0.0930176 53.7589 53.2118	0 3730.76 270.031
0.0932617 55.5684 52.3485	0 3107.03 246.535
0.0935059 50.1975 51.4291	0 2195.14 225.402
0.09375 50.2989 50.4706	0 2075.24 206.884
0.0939941 46.338 49.4848	0 2164.13 190.534
0.0942383 47.5483 48.4774	0 2509.06 175.589
0.0944824 46.1308 47.4478	0 2420.75 161.367
0.0947266 43.9077 46.3908	0 2418.33 147.54
0.0949707 53.9623 45.2997	0 3395.03 134.214
0.0952148 45.4378 44.1688	0 2131.22 121.814
0.095459 45.8277 42.9963	0 1423.51 110.844
0.0957031 41.23 41.7863	0 1634.46 101.649
0.0959473 39.2014 40.5488	0 1336.81 94.2529
0.0961914 41.3612 39.2996	0 1364.3 88.3592
0.0964355 32.2087 38.0584	0 1146.83 83.4739
0.0966797 42.1723 36.8459	0 2134.77 79.1023
0.0969238 34.8368 35.6821	0 999.727 74.9225
0.097168 28.5389 34.5831	0 761.875 70.8689
0.0974121 31.3718 33.56	0 928.07 67.0985
0.0976562 32.511 32.6172	0 1023.78 63.867
0.0979004 30.5845 31.7529	0 759.163 61.3751
0.0981445 29.2838 30.9591	0 557.127 59.6519
0.0983887 30.4032 30.2229	0 1028.72 58.52
0.0986328 29.0215 29.5287	0 760.397 57.6469
0.098877 28.7897 28.8597	0 998.155 56.6535
0.0991211 28.6379 28.2008	0 725.89 55.2324
0.0993652 27.3744 27.5404	0 928.589 53.2298
0.0996094 27.1749 26.8718	0 486.664 50.6698
0.0998535 31.2307 26.1942	0 802.255 47.7206
0.100098 28.2291 25.5121	0 932.455 44.6234
0.100342 21.5179 24.8343	0 309.372 41.6168
0.100586 20.7221 24.1717	0 514.027 38.8844
0.10083 23.6917 23.5348	0 474.226 36.5367
0.101074 22.6178 22.9322	0 447.953 34.6211
0.101318 18.151 22.3681	0 490.649 33.1414
0.101562 22.0689 21.843	0 676.391 32.0678
0.101807 20.1127 21.3532	0 432.019 31.3374
0.102051 20.4824 20.8931	0 289.95 30.8538
0.102295 25.7704 20.4564	0 774.994 30.4997
0.102539 20.1958 20.0379	0 324.051 30.1639
0.102783 18.2612 19.6346	0 470.734 29.7692
0.103027 18.5683 19.2461	0 318.833 29.2835
0.103271 18.4011 18.8741	0 319.435 28.706
0.103516 18.2091 18.5212	0 381.674 28.0388
0.10376 15.0308 18.1902	0 320.722 27.2644
0.104004 20.3776 17.8832	0 626.752 26.3458
0.104248 15.488 17.6009	0 228.495 25.2497
0.104492 17.5134 17.3426	0 335.937 23.9756
0.104736 16.3154 17.1068	0 191.642 22.5719
0.10498 19.6999 16.8911	0 401.959 21.1288
0.105225 15.9237 16.6933	0 243.476 19.7518
0.105469 14.5694 16.5111	0 209.774 18.5295
0.105713 16.8806 16.3426	0 222.219 17.5109
0.105957 14.5782 16.1858	0 183.633 16.6971
0.106201 17.5585 16.0393	0 309.607 16.0459
0.106445 14.8497 15.9013	0 206.295 15.489
0.106689 16.4334 15.7703	0 340.553 14.9529
0.106934 16.1631 15.6446	0 318.024 14.3838
0.107178 14.7694 15.5227	0 187.106 13.7659
0.107422 15.9443 15.4029	0 255.729 13.1301
0.107666 14.5816 15.2836	0 193.794 12.5459
0.10791 15.2073 15.1627	0 234.959 12.099
0.108154 16.0442 15.0379	0 210.072 11.8611
0.108398 14.0365 14.9069	0 213.214 11.8626
0.108643 12.9609 14.7672	0 237.255 12.0767
0.108887 16.4631 14.6172	0 274.876 12.4207
0.109131 16.2691 14.4561	0 241.111 12.7766
0.109375 14.3096 14.285	0 226.365 13.0244
0.109619 13.4345 14.1065	0 192.107 13.0785
0.109863 15.4028 13.9255	0 241.108 12.9133
0.110107 13.0215 13.7477	0 140.415 12.5688
0.110352 13.8786 13.5801	0 180.646 12.1306
0.110596 11.0509 13.4293	0 111.35 11.6968
0.11084 12.9712 13.3007	0 187.701 11.344
0.111084 13.2316 13.1985	0 176.209 11.1092
0.111328 12.1371 13.1242	0 125.424 10.9901
0.111572 13.1014 13.0777	0 217.428 10.96
0.111816 12.2092 13.0566	0 116.068 10.9869
0.112061 12.3266 13.0571	0 178.68 11.0466
0.112305 14.5757 13.0743	0 235.766 11.1268
0.112549 13.2871 13.1029	0 162.402 11.2231
0.112793 12.1943 13.1375	0 124.118 11.3302
0.113037 12.5147 13.1732	0 128.998 11.435
0.113281 14.4672 13.2055	0 164.608 11.5146
0.113525 12.3429 13.2312	0 177.106 11.5425
0.11377 14.0207 13.2477	0 197.407 11.5002
0.114014 15.0431 13.2539	0 228.725 11.3869
0.114258 12.4901 13.2497	0 154.916 11.2218
0.114502 13.5462 13.2358	0 148.23 11.0354
0.114746 11.4518 13.2141	0 151.585 10.8553
0.11499 15.9248 13.1865	0 203.896 10.6954
0.115234 11.5344 13.1553	0 145.389 10.5574
0.115479 13.3952 13.1223	0 216.635 10.441
0.115723 12.7361 13.0891	0 195.755 10.3581
0.115967 12.7763 13.0568	0 165.631 10.3367
0.116211 13.0027 13.0258	0 204.04 10.4136
0.116455 14.4848 12.9964	0 201 10.6164
0.116699 10.5747 12.9689	0 114.288 10.9488
0.116943 14.5967 12.9434	0 189.899 11.3846
0.117188 13.0596 12.9207	0 174.469 11.8751
0.117432 12.8987 12.9013	0 126.017 12.3619
0.117676 12.8632 12.8864	0 163.254 12.7879
0.11792 11.7043 12.8771	0 124.546 13.1014
0.118164 12.6019 12.8746	0 159.073 13.2575
0.118408 13.4285 12.8802	0 243.236 13.2208
0.118652 12.6616 12.8952	0 180.886 12.9745
0.118896 12.6307 12.9209	0 198.522 12.5328
0.119141 12.8825 12.9592	0 115.752 11.9483
0.119385 14.8643 13.0116	0 252.956 11.3083
0.119629 11.3311 13.0797	0 162.274 10.7193
0.119873 12.4858 13.1644	0 186.065 10.2871
0.120117 11.9469 13.2657	0 121.037 10.0993
0.120361 13.5042 13.3823	0 133.701 10.2168
0.120605 14.8997 13.5111	0 252.059 10.6724
0.12085 12.9993 13.6476	0 169.743 11.4708
0.121094 12.1169 13.7861	0 98.8176 12.5863
0.121338 12.7196 13.9205	0 140.331 13.9592
0.121582 16.1715 14.0454	0 214.529 15.4951
0.121826 16.44 14.1564	0 288.08 17.074
0.12207 15.2851 14.2514	0 306.82 18.5688
0.122314 14.8735 14.3309	0 227.657 19.8685
0.122559 12.9629 14.3973	0 226.699 20.8994
0.122803 13.0607 14.4553	0 211.811 21.6377
0.123047 16.3252 14.5101	0 242.504 22.1107
0.123291 14.0982 14.5673	0 254.267 22.3871
0.123535 13.9088 14.6312	0 199.856 22.5573
0.123779 14.5095 14.7049	0 246.337 22.7076
0.124023 14.925 14.7894	0 216.825 22.8956
0.124268 11.9538 14.8838	0 158.708 23.1351
0.124512 17.2437 14.9857	0 313.221 23.397
0.124756 13.7488 15.0922	0 270.331 23.628
0.125 16.9876 15.2	0 262.141 23.7787
0.125244 16.8558 15.3065	0 293.041 23.8298
0.125488 13.941 15.4104	0 153.048 23.806
0.125732 15.567 15.5117	0 254.205 23.7725
0.125977 15.068 15.6119	0 182.474 23.8177
0.126221 15.506 15.7138	0 318.597 24.0298
0.126465 16.8927 15.8208	0 250.639 24.4737
0.126709 17.4307 15.9359	0 229.626 25.1756
0.126953 13.6073 16.0616	0 174.923 26.117
0.127197 15.8155 16.1985	0 286.919 27.2387
0.127441 16.1593 16.3455	0 227.475 28.452
0.127686 14.2349 16.4998	0 232.226 29.655
0.12793 17.3414 16.657	0 322.456 30.7506
0.128174 16.6767 16.8125	0 189.222 31.6617
0.128418 18.0627 16.9622	0 387.65 32.3441
0.128662 20.567 17.1037	0 319.079 32.7921
0.128906 18.5785 17.2364	0 368.285 33.035
0.12915 14.976 17.3616	0 303.325 33.1223
0.129395 16.604 17.4817	0 273.682 33.1008
0.129639 17.1093 17.5993	0 307.699 32.9915
0.129883 18.2202 17.7158	0 299.139 32.7769
0.130127 16.7411 17.8308	0 331.287 32.4068
0.130371 17.3868 17.9417	0 256.08 31.8223
0.130615 16.3112 18.0444	0 215.201 30.9872
0.130859 20.9182 18.1343	0 512.365 29.9147
0.131104 19.5311 18.2078	0 327.331 28.6777
0.131348 20.1959 18.2638	0 407.858 27.4008
0.131592 18.0905 18.3046	0 211.644 26.2373
0.131836 19.0931 18.3356	0 346.452 25.3422
0.13208 18.1361 18.3654	0 454.97 24.845
0.132324 18.2491 18.4036	0 393.672 24.8289
0.132568 15.3672 18.4593	0 239.957 25.3165
0.132812 19.4031 18.5389	0 456.91 26.265
0.133057 16.8856 18.6446	0 255.705 27.5711
0.133301 16.2372 18.7735	0 300.808 29.0886
0.133545 19.7899 18.9173	0 351.241 30.6564
0.133789 19.7687 19.0638	0 450.438 32.1311
0.134033 17.476 19.1986	0 256.694 33.4155
0.134277 21.8783 19.3068	0 590.676 34.471
0.134521 21.0221 19.3763	0 367.717 35.3109
0.134766 21.2932 19.3987	0 376.812 35.9754
0.13501 22.4415 19.3712	0 547.643 36.5003
0.135254 18.9703 19.2967	0 340.024 36.8946
0.135498 20.8522 19.1827	0 427.367 37.1353
0.135742 16.9401 19.0401	0 317.417 37.1784
0.135986 17.7629 18.8816	0 376.507 36.9789
0.13623 17.1136 18.7192	0 304.465 36.5079
0.136475 20.7018 18.563	0 372.03 35.7605
0.136719 17.7683 18.4198	0 436.77 34.7565
0.136963 18.2015 18.2931	0 373.232 33.5351
0.137207 14.6771 18.1823	0 198.445 32.1504
0.137451 18.6697 18.0842	0 303.24 30.6671
0.137695 19.3237 17.9927	0 325.452 29.1576
0.137939 19.7366 17.9005	0 373.185 27.6946
0.138184 17.3677 17.7991	0 235.949 26.3414
0.138428 16.9773 17.6806	0 256.464 25.139
0.138672 15.6969 17.5376	0 190.781 24.0946
0.138916 20.4602 17.365	0 306.573 23.1797
0.13916 16.9146 17.16	0 278.805 22.3388
0.139404 18.7099 16.9233	0 447.933 21.5083
0.139648 19.139 16.659	0 373.127 20.6387
0.139893 16.4675 16.3744	0 307.452 19.7117
0.140137 15.1439 16.0795	0 176.893 18.7464
0.140381 15.0646 15.7851	0 194.491 17.7908
0.140625 15.3421 15.5021	0 183.993 16.9052
0.140869 13.3216 15.2391	0 152.632 16.1409
0.141113 13.987 15.0016	0 217.459 15.5239
0.141357 13.9282 14.7914	0 222.707 15.0478
0.141602 14.1285 14.6065	0 205.067 14.6775
0.141846 13.9902 14.4418	0 199.515 14.3619
0.14209 14.6768 14.2911	0 174.357 14.0513
0.142334 16.0056 14.1478	0 307.34 13.7124
0.142578 13.0836 14.007	0 174.808 13.3381
0.142822 15.5354 13.8662	0 190.819 12.9487
0.143066 14.643 13.7256	0 226.458 12.5851
0.143311 13.6172 13.5878	0 178.593 12.2978
0.143555 11.8248 13.4565	0 168.204 12.1355
0.143799 11.9456 13.336	0 105.65 12.1358
0.144043 12.8429 13.2292	0 123.502 12.3191
0.144287 13.2397 13.1375	0 170.975 12.6834
0.144531 12.466 13.0595	0 193.863 13.1992
0.144775 10.9212 12.9922	0 161.92 13.8054
0.14502 15.4338 12.9306	0 190.213 14.4111
0.145264 13.35 12.8693	0 145.942 14.9069
0.145508 12.9399 12.803	0 130.298 15.1874
0.145752 13.764 12.7271	0 183.241 15.1763
0.145996 12.1068 12.6383	0 137.391 14.8469
0.14624 13.0822 12.5347	0 154.417 14.2263
0.146484 11.3832 12.4155	0 122.804 13.3832
0.146729 12.0566 12.2811	0 131.736 12.4044
0.146973 13.238 12.1326	0 191.035 11.3721
0.147217 12.7758 11.972	0 172.541 10.3508
0.147461 12.2116 11.802	0 131.766 9.38647
0.147705 12.4017 11.6257	0 239.469 8.51263
0.147949 9.54465 11.447	0 71.6189 7.75537
0.148193 11.6343 11.2698	0 146.52 7.13311
0.148438 10.8188 11.0982	0 114.871 6.65282
0.148682 10.3863 10.9362	0 145.057 6.30804
0.148926 11.4249 10.7873	0 102.078 6.08254
0.14917 10.4658 10.6547	0 105.834 5.95892
0.149414 9.93362 10.5409	0 85.4037 5.92751
0.149658 9.65096 10.4473	0 88.8488 5.99024
0.149902 10.6305 10.3748	0 80.8764 6.15708
0.150146 9.82896 10.323	0 94.8714 6.43638
0.150391 9.69847 10.2903	0 85.9759 6.82326
0.150635 10.4528 10.274	0 93.7491 7.29133
0.150879 9.66391 10.2704	0 90.2925 7.79182
0.151123 9.03134 10.2752	0 65.6048 8.26169
0.151367 11.2839 10.2836	0 154.467 8.63848
0.151611 11.0776 10.2911	0 107.626 8.87626
0.151855 11.157 10.2936	0 169.159 8.95621
0.1521 10.2653 10.2883	0 136.639 8.88754
0.152344 10.1501 10.2736	0 100.787 8.69906
0.152588 9.9085 10.2494	0 87.2701 8.42592
0.152832 9.58817 10.2168	0 92.5657 8.09764
0.153076 11.8509 10.1783	0 150.438 7.73248
0.15332 10.6018 10.1371	0 124.123 7.33929
0.153564 9.72052 10.0968	0 80.8595 6.92449
0.153809 9.43903 10.0607	0 128.73 6.4997
0.154053 9.40806 10.0316	0 60.199 6.08567
0.154297 9.28914 10.0108	0 80.8104 5.71039
0.154541 11.1361 9.99831	0 105.977 5.40238
0.154785 9.34269 9.99217	0 106.595 5.18228
0.155029 8.29666 9.98912	0 67.412 5.05648
0.155273 9.522 9.9848	0 72.4049 5.01494
0.155518 12.3865 9.97453	0 111.366 5.03362
0.155762 10.3403 9.95404	0 102.083 5.08003
0.156006 11.9253 9.9202	0 124.718 5.12015
0.15625 8.11367 9.87145	0 69.3274 5.12549
0.156494 10.2454 9.80814	0 84.6218 5.07932
0.156738 9.10129 9.73243	0 95.5744 4.98111
0.156982 10.2989 9.64797	0 113.456 4.8475
0.157227 11.0169 9.5594	0 77.4461 4.7082
0.157471 9.68642 9.47176	0 77.255 4.59691
0.157715 7.54551 9.38988	0 80.6509 4.5402
0.157959 8.33786 9.31792	0 53.2936 4.54923
0.158203 8.79811 9.25899	0 78.2901 4.61817
0.158447 10.3022 9.2151	0 99.9458 4.73016
0.158691 7.79934 9.18722	0 73.3418 4.86749
0.158936 9.6823 9.17541	0 84.3311 5.02075
0.15918 8.47383 9.17903	0 67.9334 5.19282
0.159424 10.3478 9.19693	0 128.612 5.39669
0.159668 10.8344 9.22743	0 118.886 5.64854
0.159912 6.42001 9.26836	0 35.7867 5.95904
0.160156 7.51378 9.31707	0 52.7739 6.32561
0.1604 9.77147 9.37053	0 89.672 6.72796
0.160645 9.80602 9.42558	0 131.868 7.12872
0.160889 10.4022 9.47921	0 98.3058 7.48019
0.161133 11.7067 9.52893	0 169.218 7.73653
0.161377 9.50951 9.57304	0 65.9861 7.86822
0.161621 9.07859 9.61068	0 132.727 7.87387
0.161865 7.62518 9.64174	0 63.9087 7.78368
0.162109 10.3428 9.6666	0 103.754 7.65154
0.162354 10.3726 9.6858	0 98.382 7.5369
0.162598 8.9642 9.69983	0 54.94 7.48257
0.162842 11.5197 9.70898	0 95.6214 7.49771
0.163086 8.99996 9.71343	0 92.8516 7.55358
0.16333 9.06659 9.71335	0 103.66 7.59489
0.163574 10.037 9.70917	0 167.633 7.56227
0.163818 9.55279 9.70181	0 74.5828 7.41664
0.164062 10.6578 9.69271	0 99.6298 7.15594
0.164307 9.34699 9.68382	0 90.1865 6.81823
0.164551 10.926 9.67739	0 108.447 6.47139
0.164795 8.43288 9.67561	0 69.477 6.19385
0.165039 8.65413 9.68025	0 55.4251 6.05307
0.165283 9.67515 9.69229	0 64.4039 6.08833
0.165527 8.86165 9.71168	0 68.4937 6.30226
0.165771 10.4889 9.73732	0 115.408 6.66305
0.166016 10.6999 9.76719	0 162.865 7.11548
0.16626 8.66315 9.79875	0 64.0855 7.59571
0.166504 9.78747 9.82932	0 96.6481 8.0439
0.166748 10.1869 9.85665	0 94.4575 8.41098
0.166992 9.74437 9.87922	0 65.4426 8.65967
0.167236 11.8057 9.89654	0 169.807 8.76339
0.16748 9.75199 9.90913	0 83.4575 8.70707
0.167725 8.61254 9.91832	0 65.8195 8.49119
0.167969 11.1842 9.92596	0 134.645 8.13713
0.168213 9.14976 9.93403	0 79.7202 7.68972
0.168457 9.24022 9.94425	0 69.5078 7.2132
0.168701 8.89834 9.95795	0 83.4909 6.77959
0.168945 11.2287 9.97595	0 95.5123 6.45265
0.169189 10.0968 9.99864	0 78.7275 6.27285
0.169434 10.8855 10.0262	0 112.121 6.24946
0.169678 9.50504 10.0586	0 86.207 6.3624
0.169922 8.75119 10.0958	0 68.92 6.5724
0.170166 10.7882 10.1376	0 146.816 6.83442
0.17041 11.2801 10.1839	0 109.706 7.10878
0.170654 8.69463 10.2337	0 71.9837 7.36689
0.170898 10.0133 10.2859	0 99.8784 7.59175
0.171143 10.5623 10.3386	0 125.221 7.77553
0.171387 10.2378 10.3896	0 95.8491 7.91698
0.171631 10.9994 10.436	0 100.883 8.01969
0.171875 11.7532 10.4751	0 121.672 8.09105
0.172119 9.6142 10.5038	0 91.4642 8.14133
0.172363 10.3966 10.5199	0 145.093 8.18243
0.172607 10.2431 10.5216	0 124.264 8.22664
0.172852 11.5591 10.5083	0 136.608 8.28544
0.173096 10.476 10.4803	0 97.8472 8.36787
0.17334 12.6428 10.4395	0 187.859 8.4781
0.173584 10.1037 10.3891	0 99.5306 8.61252
0.173828 8.77617 10.3332	0 55.866 8.75809
0.174072 9.65138 10.2769	0 70.9341 8.89431
0.174316 11.5311 10.2254	0 186.76 8.99962
0.174561 10.444 10.1835	0 114.627 9.06026
0.174805 9.632 10.155	0 109.089 9.07751
0.175049 9.14716 10.1419	0 91.3097 9.06929
0.175293 8.51663 10.1442	0 58.5847 9.06506
0.175537 9.97789 10.16	0 99.8178 9.09612
0.175781 10.6509 10.1851	0 111.467 9.18513
0.176025 9.50701 10.2144	0 69.7431 9.33818
0.17627 12.0095 10.242	0 109.849 9.54103
0.176514 10.0206 10.2622	0 112.803 9.76023
0.176758 10.9747 10.2705	0 98.3749 9.94914
0.177002 11.322 10.2639	0 126.858 10.0582
0.177246 9.19042 10.2413	0 67.8262 10.0474
0.17749 10.8954 10.2037	0 160.814 9.89701
0.177734 11.0414 10.1538	0 146.684 9.61277
0.177979 9.26156 10.0958	0 85.7336 9.22313
0.178223 9.91686 10.0345	0 118.953 8.77017
0.178467 10.5468 9.97541	0 166.414 8.29838
0.178711 10.2527 9.92364	0 91.556 7.84672
0.178955 8.60372 9.88356	0 66.3251 7.44634
0.179199 9.21212 9.85835	0 94.9747 7.12287
0.179443 9.33577 9.84959	0 82.7562 6.89879
0.179688 9.45741 9.85715	0 58.3711 6.7915
0.179932 10.4168 9.87911	0 107.554 6.80616
0.180176 9.21823 9.91201	0 70.7594 6.92689
0.18042 10.739 9.9512	0 89.9292 7.11252
0.180664 8.88599 9.99137	0 77.2467 7.30234
0.180908 9.55046 10.0272	0 69.7135 7.43188
0.181152 11.2588 10.0537	0 112.642 7.45326
0.181396 11.9098 10.0673	0 128.983 7.35081
0.181641 10.0286 10.0655	0 105.79 7.14437
0.181885 9.79128 10.0473	0 111.294 6.8783
0.182129 10.4757 10.013	0 95.4951 6.60167
0.182373 10.006 9.964	0 101.785 6.34945
0.182617 8.96848 9.90244	0 68.4659 6.13341
0.182861 10.4778 9.83081	0 183.97 5.94565
0.183105 10.2337 9.75173	0 84.54 5.77089
0.18335 9.04497 9.66785	0 63.2878 5.59936
0.183594 10.3211 9.5818	0 87.2108 5.43364
0.183838 9.57928 9.49613	0 99.5088 5.28697
0.184082 8.95541 9.41337	0 109.217 5.1762
0.184326 8.85863 9.33588	0 100.33 5.11388
0.18457 10.1824 9.26578	0 88.931 5.10337
0.184814 8.31044 9.20473	0 67.8339 5.13765
0.185059 8.64792 9.15381	0 54.0765 5.20108
0.185303 8.65223 9.11336	0 112.367 5.2733
0.185547 9.04868 9.08299	0 76.0349 5.33446
0.185791 9.72423 9.06164	0 83.2072 5.37105
0.186035 8.91409 9.0477	0 72.3107 5.38051
0.186279 8.49096 9.03922	0 71.9017 5.37273
0.186523 8.36626 9.03417	0 77.6371 5.36725
0.186768 10.9147 9.03062	0 110.206 5.38687
0.187012 7.6665 9.02695	0 57.9558 5.44974
0.187256 9.84983 9.02202	0 77.3882 5.56268
0.1875 8.07497 9.01521	0 40.8361 5.71758
0.187744 9.40641 9.00647	0 67.1892 5.89196
0.187988 10.206 8.99623	0 114.032 6.05358
0.188232 9.69539 8.98522	0 80.8015 6.16796
0.188477 7.03309 8.97435	0 40.995 6.2069
0.188721 7.94855 8.96451	0 63.2069 6.15558
0.188965 10.0642 8.95634	0 103.941 6.01595
0.189209 9.04827 8.95019	0 67.4426 5.80519
0.189453 9.02518 8.94598	0 61.7155 5.54995
0.189697 9.27403 8.94317	0 62.2969 5.27841
0.189941 8.79027 8.94073	0 90.7346 5.01333
0.190186 8.83866 8.93716	0 99.4852 4.76852
0.19043 7.81452 8.93055	0 64.1178 4.54928
0.190674 9.51124 8.91873	0 84.6604 4.3558
0.190918 8.98285 8.89953	0 82.5555 4.18716
0.191162 9.94723 8.87117	0 116.973 4.04388
0.191406 8.5763 8.83259	0 82.0017 3.9282
0.19165 8.55125 8.78388	0 67.1714 3.84303
0.191895 9.29763 8.72639	0 75.0555 3.79082
0.192139 10.4192 8.66275	0 106.499 3.77335
0.192383 8.55529 8.59652	0 48.3951 3.79209
0.192627 7.00915 8.53167	0 60.8265 3.84804
0.192871 8.00385 8.47193	0 56.7267 3.94036
0.193115 7.49329 8.42015	0 74.7914 4.06412
0.193359 8.58527 8.3779	0 67.6735 4.20883
0.193604 8.3913 8.34523	0 56.8739 4.35879
0.193848 7.97077 8.32083	0 62.5415 4.49576
0.194092 8.34375 8.30243	0 66.1779 4.60295
0.194336 8.26018 8.28729	0 67.4565 4.66883
0.19458 9.3013 8.27283	0 75.0598 4.68973
0.194824 8.11054 8.25707	0 54.099 4.67044
0.195068 8.6179 8.23896	0 50.3357 4.62297
0.195312 6.98102 8.21848	0 39.4444 4.56351
0.195557 8.76812 8.19655	0 106.902 4.50838
0.195801 9.4345 8.17477	0 83.6732 4.46959
0.196045 7.31855 8.15502	0 62.9 4.45143
0.196289 7.97635 8.1391	0 54.5755 4.44956
0.196533 7.12237 8.12835	0 57.508 4.45317
0.196777 8.72466 8.12344	0 56.1427 4.44989
0.197021 7.78963 8.12425	0 48.2498 4.43097
0.197266 6.98118 8.12995	0 40.1833 4.39437
0.19751 8.4887 8.13914	0 52.6669 4.34414
0.197754 10.4505 8.15012	0 109.377 4.28714
0.197998 7.22532 8.16104	0 46.9787 4.22963
0.198242 7.34673 8.17016	0 45.3508 4.17624
0.198486 8.50614 8.1759	0 85.5932 4.1314
0.19873 8.48361 8.17692	0 61.4783 4.10113
0.198975 7.3331 8.17217	0 45.2892 4.09243
0.199219 9.04483 8.16094	0 82.9742 4.10959
0.199463 9.0718 8.14298	0 56.9187 4.14938
0.199707 7.53852 8.11863	0 53.1422 4.19843
0.199951 7.45961 8.08897	0 64.8463 4.23529
0.200195 8.86327 8.05591	0 96.1767 4.23661
0.200439 8.67917 8.02213	0 58.9199 4.18507
0.200684 7.65099 7.9909	0 62.9725 4.076
0.200928 7.34007 7.9657	0 52.2559 3.92062
0.201172 8.58669 7.94971	0 75.7367 3.74529
0.201416 6.98418 7.94524	0 42.003 3.58674
0.20166 7.38056 7.9532	0 44.3889 3.48405
0.201904 7.84932 7.97279	0 53.8657 3.46875
0.202148 7.20655 8.00152	0 58.4499 3.55557
0.202393 6.98469 8.03546	0 71.0964 3.73691
0.202637 9.0029 8.06996	0 61.1762 3.98331
0.202881 8.73705 8.10037	0 89.3681 4.25006
0.203125 9.53596 8.12292	0 97.046 4.48794
0.203369 8.99061 8.13532	0 96.6205 4.65461
0.203613 7.70439 8.1371	0 54.2445 4.72331
0.203857 8.11921 8.12961	0 73.4803 4.68718
0.204102 8.0779 8.11563	0 64.7235 4.55895
0.204346 7.37239 8.09878	0 50.1881 4.36691
0.20459 7.66033 8.08291	0 71.279 4.14872
0.204834 8.07195 8.07135	0 47.0706 3.94421
0.205078 8.74406 8.06646	0 68.3962 3.78826
0.205322 8.53544 8.06918	0 65.8842 3.7049
0.205566 7.56676 8.07889	0 49.4646 3.70349
0.205811 6.08819 8.09348	0 35.6967 3.77774
0.206055 7.88192 8.10962	0 55.25 3.90787
0.206299 8.68682 8.1233	0 95.6948 4.06539
0.206543 8.70409 8.13051	0 63.1349 4.21887
0.206787 9.50391 8.12799	0 98.5851 4.3396
0.207031 8.8124 8.11394	0 66.5098 4.40582
0.207275 7.15456 8.08844	0 55.0235 4.40546
0.20752 9.52775 8.05354	0 92.0547 4.33748
0.207764 8.11057 8.01303	0 48.6447 4.21193
0.208008 6.77032 7.97178	0 40.1339 4.04847
0.208252 8.40904 7.9349	0 45.1373 3.87338
0.208496 7.05153 7.90686	0 48.6221 3.71535
0.20874 7.1141 7.89077	0 55.5304 3.60083
0.208984 7.34486 7.88794	0 44.4785 3.54983
0.209229 7.68284 7.8978	0 65.1027 3.57265
0.209473 7.7707 7.91815	0 51.4296 3.66815
0.209717 8.53279 7.94575	0 66.2537 3.8239
0.209961 7.96477 7.97697	0 52.6833 4.01863
0.210205 8.44129 8.00843	0 68.9404 4.2271
0.210449 8.09986 8.03754	0 51.4607 4.42653
0.210693 8.87531 8.06273	0 73.6437 4.60236
0.210938 7.39005 8.08349	0 38.5172 4.75123
0.211182 8.16475 8.10023	0 69.9882 4.87972
0.211426 8.224 8.1139	0 44.7449 4.99972
0.21167 8.13595 8.12574	0 88.0208 5.12298
0.211914 7.5944 8.13694	0 75.255 5.25739
0.212158 7.93874 8.14846	0 63.316 5.40576
0.212402 8.91666 8.16089	0 93.4902 5.56597
0.212646 8.48804 8.17449	0 117.162 5.73064
0.212891 6.99151 8.18918	0 51.5322 5.88565
0.213135 8.96614 8.20455	0 69.9902 6.00941
0.213379 8.3717 8.21996	0 77.2205 6.07515
0.213623 7.32686 8.23452	0 48.8779 6.05762
0.213867 9.11086 8.24714	0 103.641 5.94234
0.214111 7.70869 8.25665	0 67.3233 5.73335
0.214355 8.62755 8.2619	0 71.8919 5.45489
0.2146 8.26505 8.26195	0 69.6088 5.1456
0.214844 8.39605 8.25628	0 71.39 4.84708
0.215088 8.50975 8.24492	0 53.7635 4.59216
0.215332 8.73253 8.22858	0 75.4087 4.3975
0.215576 7.84345 8.20863	0 51.8361 4.26327
0.21582 8.85891 8.18697	0 91.6477 4.17837
0.216064 7.83514 8.16585	0 43.7915 4.12754
0.216309 7.34913 8.14753	0 55.8427 4.09692
0.216553 8.24917 8.13408	0 64.7963 4.07628
0.216797 7.83194 8.12714	0 42.873 4.05885
0.217041 8.02173 8.12778	0 78.5133 4.04063
0.217285 7.83215 8.13648	0 57.9992 4.02062
0.217529 9.26199 8.15317	0 79.3244 4.00205
0.217773 6.97402 8.17725	0 51.3826 3.99326
0.218018 8.13938 8.20768	0 74.0222 4.00701
0.218262 8.55188 8.24296	0 64.994 4.05783
0.218506 7.72745 8.28109	0 52.4245 4.15792
0.21875 9.33627 8.31957	0 78.7845 4.31293
0.218994 7.74677 8.3554	0 51.2341 4.51853
0.219238 8.10471 8.38529	0 54.3927 4.7584
0.219482 8.37086 8.40592	0 63.6181 5.00452
0.219727 8.71514 8.41444	0 83.752 5.22065
0.219971 8.15918 8.4089	0 89.7276 5.3694
0.220215 10.4948 8.38874	0 258.191 5.42205
0.220459 8.90622 8.35505	0 83.3921 5.36781
0.220703 8.72505 8.31054	0 79.9596 5.21901
0.220947 8.12819 8.25914	0 89.7297 5.00917
0.221191 7.78203 8.20543	0 50.4324 4.78417
0.221436 6.70008 8.15384	0 46.3109 4.58931
0.22168 7.61938 8.10798	0 78.068 4.45677
0.221924 8.1215 8.07011	0 47.9817 4.39778
0.222168 8.10347 8.04096	0 73.8781 4.4017
0.222412 7.87525 8.01988	0 46.5748 4.44208
0.222656 8.22169 8.00524	0 74.701 4.48721
0.2229 8.25577 7.99494	0 77.4664 4.5115
0.223145 8.31943 7.98695	0 61.9279 4.50351
0.223389 7.62561 7.97975	0 59.1484 4.46792
0.223633 7.74259 7.97254	0 75.7192 4.42115
0.223877 8.30078 7.96529	0 56.9605 4.38322
0.224121 7.98496 7.9586	0 48.49 4.36945
0.224365 8.41613 7.95347	0 84.4364 4.38551
0.224609 7.18041 7.95094	0 61.1968 4.42696
0.224854 8.10206 7.95177	0 76.5492 4.48223
0.225098 7.95576 7.95618	0 88.9042 4.5369
0.225342 7.25917 7.96367	0 45.7337 4.57775
0.225586 7.81645 7.97304	0 93.4797 4.59592
0.22583 7.92856 7.9825	0 51.3382 4.58929
0.226074 7.87565 7.98991	0 43.5319 4.56362
0.226318 9.77036 7.99318	0 123.576 4.53144
0.226562 7.93691 7.99059	0 54.2559 4.50792
0.226807 7.0833 7.98113	0 44.6881 4.50482
0.227051 7.81458 7.96471	0 62.601 4.52476
0.227295 8.96965 7.94224	0 77.9847 4.55904
0.227539 8.25121 7.91553	0 70.5846 4.59014
0.227783 7.50136 7.88711	0 45.204 4.5978
0.228027 8.36478 7.85985	0 56.173 4.56608
0.228271 6.80296 7.83653	0 51.964 4.48856
0.228516 7.90136 7.81942	0 63.5989 4.37046
0.22876 7.16519 7.8099	0 45.4938 4.22762
0.229004 8.39764 7.80824	0 63.4938 4.08334
0.229248 7.25129 7.81351	0 56.2851 3.96425
0.229492 6.36311 7.82382	0 43.3069 3.89554
0.229736 8.35493 7.83657	0 64.0295 3.89619
0.22998 8.94953 7.84895	0 72.2934 3.97455
0.230225 9.19385 7.85836	0 65.1021 4.125
0.230469 7.09398 7.86284	0 43.445 4.32678
0.230713 7.43655 7.86126	0 89.8739 4.54623
0.230957 7.92789 7.85348	0 48.7752 4.7426
0.231201 8.08494 7.84023	0 61.2758 4.87663
0.231445 7.88557 7.82291	0 65.3702 4.91964
0.231689 8.61818 7.80337	0 93.631 4.86033
0.231934 7.00226 7.78361	0 36.0299 4.70689
0.232178 7.86248 7.76554	0 53.4781 4.48368
0.232422 7.08498 7.75078	0 60.0012 4.22397
0.232666 8.10929 7.74051	0 66.5248 3.96188
0.23291 7.50994 7.73546	0 59.1222 3.72668
0.233154 7.04885 7.73586	0 52.9901 3.54083
0.233398 8.37875 7.74149	0 57.6469 3.42076
0.233643 7.82604 7.75172	0 67.4502 3.37767
0.233887 8.0383 7.76558	0 58.5998 3.41594
0.234131 7.60711 7.7818	0 67.7899 3.52907
0.234375 6.9704 7.79897	0 52.2622 3.6958
0.234619 7.2179 7.81563	0 48.5526 3.88
0.234863 9.04594 7.83051	0 113.636 4.03671
0.235107 7.44558 7.84279	0 54.4245 4.12343
0.235352 8.70322 7.85226	0 114.403 4.11241
0.235596 8.08728 7.85947	0 102.902 3.99877
0.23584 8.28569 7.86569	0 49.6969 3.80122
0.236084 7.43784 7.87266	0 61.4171 3.5552
0.236328 7.09211 7.88223	0 53.2869 3.30199
0.236572 7.605 7.89588	0 43.2868 3.07812
0.236816 8.263 7.91428	0 48.3073 2.90849
0.237061 7.40226 7.93694	0 55.428 2.80455
0.237305 7.81848 7.96211	0 50.0107 2.76621
0.237549 8.05262 7.98694	0 60.7191 2.78549
0.237793 8.12633 8.00782	0 48.8361 2.84982
0.238037 7.54364 8.02099	0 41.5094 2.94407
0.238281 9.15644 8.02315	0 55.566 3.0516
0.238525 8.60525 8.01207	0 69.0311 3.15562
0.23877 8.34534 7.98701	0 64.8892 3.24217
0.239014 8.97492 7.94886	0 65.2831 3.3044
0.239258 7.34555 7.89995	0 68.1615 3.34646
0.239502 7.6978 7.84371	0 67.0311 3.38379
0.239746 8.15729 7.78397	0 67.1576 3.43802
0.23999 6.70826 7.72439	0 38.6392 3.52684
0.240234 7.93986 7.6678	0 58.6851 3.65336
0.240479 6.56088 7.61592	0 47.9812 3.80042
0.240723 7.37527 7.56921	0 59.8941 3.93431
0.240967 8.314 7.52714	0 83.4048 4.0172
0.241211 7.27315 7.48857	0 69.744 4.02292
0.241455 7.79009 7.4523	0 41.169 3.94786
0.241699 6.85483 7.4176	0 50.8634 3.81147
0.241943 8.52783 7.38457	0 53.0445 3.64639
0.242188 7.28355 7.35425	0 46.0606 3.48411
0.242432 7.18226 7.32855	0 55.7921 3.34396
0.242676 7.30694 7.30982	0 67.0194 3.23042
0.24292 6.58653 7.30044	0 56.5033 3.13845
0.243164 6.51825 7.3022	0 40.2402 3.06175
0.243408 7.59376 7.31597	0 63.1149 2.99872
0.243652 6.84248 7.3414	0 38.3563 2.95343
0.243896 6.8886 7.37704	0 43.5827 2.93288
0.244141 6.98702 7.42052	0 45.3131 2.94401
0.244385 7.80355 7.46903	0 68.1966 2.99254
0.244629 9.23256 7.51976	0 92.1556 3.08371
0.244873 6.8578 7.57036	0 43.3426 3.22252
0.245117 8.16732 7.61914	0 60.0246 3.41167
0.245361 6.62985 7.66522	0 46.8192 3.64741
0.245605 8.50405 7.70847	0 64.0283 3.91564
0.24585 6.90488 7.74922	0 46.9354 4.19166
0.246094 8.54453 7.78814	0 63.5284 4.44459
0.246338 7.62324 7.82589	0 66.4028 4.64514
0.246582 7.90171 7.86294	0 58.5505 4.77334
0.246826 7.58757 7.89948	0 70.8985 4.82287
0.24707 8.24529 7.93525	0 62.2933 4.80056
0.247314 8.64596 7.96957	0 43.6416 4.72219
0.247559 6.09267 8.00135	0 33.9253 4.60681
0.247803 9.17063 8.02922	0 92.2372 4.47211
0.248047 8.33655 8.05166	0 61.0364 4.33203
0.248291 7.70565 8.06723	0 55.3051 4.19634
0.248535 8.69674 8.07484	0 99.3814 4.07127
0.248779 8.49852 8.07392	0 74.2805 3.96011
0.249023 7.79578 8.06461	0 61.7344 3.86359
0.249268 7.65524 8.04775	0 46.3083 3.78042
0.249512 9.58271 8.02476	0 93.6181 3.7086
0.249756 8.0367 7.99737	0 62.0097 3.64769
0.25 6.99392 7.96724	0 55.0486 3.60089
0.250244 7.5012 7.93565	0 50.4857 3.57564
0.250488 8.34606 7.90319	0 67.381 3.58154
0.250732 7.23271 7.86969	0 42.4292 3.6259
0.250977 7.76955 7.83439	0 55.7194 3.70862
0.251221 7.38695 7.7963	0 64.4808 3.819
0.251465 8.73115 7.75465	0 78.3236 3.93618
0.251709 9.51891 7.70932	0 74.8622 4.03362
0.251953 6.32631 7.66119	0 40.5417 4.08603
0.252197 8.24812 7.6121	0 55.536 4.07626
0.252441 7.67585 7.56468	0 43.8157 3.99988
0.252686 6.87965 7.52176	0 53.0719 3.86612
0.25293 6.89149 7.48588	0 46.8514 3.69531
0.253174 6.85343 7.45868	0 46.414 3.51366
0.253418 7.11084 7.44062	0 46.3639 3.3469
0.253662 7.69798 7.43097	0 67.6672 3.21407
0.253906 6.93496 7.42811	0 49.0868 3.12337
0.25415 7.22305 7.43007	0 37.5444 3.07138
0.254395 8.46963 7.43512	0 83.5508 3.04649
0.254639 7.68173 7.44228	0 55.5045 3.03539
0.254883 8.15013 7.45155	0 50.7196 3.02996
0.255127 8.02181 7.46385	0 52.5662 3.03122
0.255371 6.0005 7.48064	0 30.2947 3.04816
0.255615 7.27408 7.50335	0 55.2899 3.09222
0.255859 6.78751 7.53283	0 38.6961 3.17053
0.256104 6.07472 7.56895	0 41.8005 3.28136
0.256348 9.13652 7.61043	0 76.318 3.4141
0.256592 7.70818 7.655	0 49.4369 3.55287
0.256836 7.48995 7.69976	0 53.1044 3.68172
0.25708 8.84124 7.74171	0 101.897 3.78844
0.257324 8.05314 7.77816	0 50.2988 3.86593
0.257568 6.94518 7.80717	0 47.8438 3.91132
0.257812 8.24431 7.82774	0 57.1672 3.9245
0.258057 7.85154 7.83992	0 57.5474 3.90724
0.258301 8.00562 7.84469	0 86.6839 3.86341
0.258545 8.30817 7.84385	0 67.6269 3.79934
0.258789 7.82012 7.83976	0 64.9604 3.72366
0.259033 8.45325 7.83501	0 64.4575 3.64596
0.259277 7.04377 7.83214	0 41.0193 3.57503
0.259521 7.28613 7.8332	0 45.2535 3.51764
0.259766 7.79553 7.83951	0 48.0018 3.47866
0.26001 8.10364 7.85138	0 92.9596 3.46255
0.260254 6.74891 7.86808	0 39.4003 3.4749
0.260498 8.31387 7.88794	0 53.3031 3.52275
0.260742 7.39297 7.90864	0 60.9719 3.6127
0.260986 9.22614 7.92761	0 88.1312 3.7469
0.26123 8.01038 7.94243	0 57.1772 3.91887
0.261475 7.28298 7.95126	0 58.9173 4.11137
0.261719 9.59239 7.95306	0 75.725 4.29832
0.261963 7.24752 7.94769	0 55.9971 4.45095
0.262207 7.65225 7.93583	0 59.3259 4.54632
0.262451 8.12077 7.91871	0 85.9215 4.57486
0.262695 7.97212 7.89787	0 90.1685 4.54342
0.262939 9.12432 7.87478	0 59.303 4.47253
0.263184 7.04868 7.85061	0 47.7612 4.38894
0.263428 5.7233 7.82613	0 32.1593 4.31688
0.263672 8.22744 7.80165	0 46.4385 4.27185
0.263916 9.39363 7.7772	0 82.4785 4.2589
0.26416 7.23671 7.75264	0 63.3839 4.27465
0.264404 8.80005 7.72788	0 87.7845 4.31078
0.264648 6.89149 7.70292	0 33.9673 4.3566
0.264893 7.79226 7.6779	0 59.0724 4.39997
0.265137 7.38146 7.653	0 48.7168 4.42768
0.265381 7.42015 7.62843	0 57.6768 4.42641
0.265625 7.38896 7.60432	0 60.5909 4.38518
0.265869 6.60811 7.5808	0 47.5766 4.2982
0.266113 8.637 7.55803	0 77.4504 4.16712
0.266357 9.25719 7.53634	0 91.6528 4.00111
0.266602 6.7886 7.5163	0 41.0855 3.81479
0.266846 7.26606 7.49866	0 72.9698 3.62503
0.26709 6.84597 7.48431	0 55.8548 3.44767
0.267334 6.57124 7.47414	0 36.4222 3.29562
0.267578 7.04043 7.46891	0 41.503 3.17808
0.267822 8.55636 7.46915	0 58.8018 3.10055
0.268066 8.44138 7.47511	0 74.9608 3.06478
0.268311 7.25589 7.48679	0 51.6026 3.06852
0.268555 6.48384 7.50394	0 52.3938 3.10532
0.268799 7.116 7.52612	0 44.7881 3.16533
0.269043 6.86643 7.55276	0 37.8521 3.23755
0.269287 8.32199 7.5832	0 72.2271 3.31315
0.269531 8.85742 7.61669	0 83.066 3.38856
0.269775 6.56909 7.65242	0 44.6119 3.4664
0.27002 7.56321 7.68956	0 86.8558 3.55291
0.270264 8.77716 7.72717	0 70.3696 3.6526
0.270508 6.66773 7.76422	0 32.6852 3.76255
0.270752 6.90467 7.79955	0 41.9048 3.87
0.270996 9.33579 7.83184	0 71.6649 3.95538
0.27124 7.78921 7.85972	0 65.2748 4.00011
0.271484 7.76114 7.88178	0 51.7074 3.99524
0.271729 8.1096 7.89678	0 64.9523 3.94617
0.271973 7.95892 7.90378	0 51.2386 3.87076
0.272217 8.00616 7.90228	0 68.6444 3.79191
0.272461 8.28105 7.89233	0 55.6258 3.72839
0.272705 7.7733 7.8745	0 43.5815 3.68861
0.272949 8.36903 7.84983	0 60.6075 3.66978
0.273193 7.67188 7.81967	0 62.0911 3.66176
0.273438 8.44174 7.78547	0 52.2859 3.65301
0.273682 7.06168 7.74855	0 61.2468 3.63561
0.273926 5.8471 7.70995	0 42.2144 3.60765
0.27417 9.88643 7.67031	0 83.2301 3.57264
0.274414 7.47191 7.62988	0 61.3639 3.53712
0.274658 6.91439 7.5886	0 45.7283 3.50777
0.274902 7.3331 7.54629	0 33.4845 3.48909
0.275146 8.58588 7.50282	0 64.9496 3.48216
0.275391 7.3736 7.45832	0 53.082 3.48466
0.275635 7.46536 7.41336	0 59.8614 3.49187
0.275879 6.17666 7.36898	0 34.9466 3.49838
0.276123 7.62747 7.32671	0 65.2867 3.50006
0.276367 8.5295 7.28846	0 78.6878 3.4957
0.276611 7.16233 7.25627	0 45.252 3.48761
0.276855 6.29657 7.23206	0 33.8154 3.48066
0.2771 7.00622 7.21721	0 49.0786 3.47995
0.277344 6.74936 7.21234	0 43.9712 3.48811
0.277588 7.30587 7.217	0 61.3827 3.50332
0.277832 6.06344 7.22967	0 29.9938 3.51916
0.278076 7.53882 7.24786	0 51.4879 3.5262
0.27832 8.00083 7.26845	0 53.8398 3.51472
0.278564 7.71861 7.28813	0 59.8571 3.47739
0.278809 6.60296 7.30391	0 36.6593 3.41109
0.279053 6.9367 7.31355	0 44.1995 3.3178
0.279297 9.19027 7.31589	0 74.9295 3.2043
0.279541 7.8494 7.31091	0 43.4785 3.08105
0.279785 6.98949 7.29966	0 69.2609 2.9601
0.280029 6.57626 7.28394	0 44.2141 2.8524
0.280273 7.06808 7.26597	0 39.7734 2.76535
0.280518 6.82293 7.248	0 61.7953 2.70138
0.280762 7.56045 7.23198	0 55.6867 2.65823
0.281006 6.64827 7.21933	0 33.763 2.63071
0.28125 8.83498 7.2108	0 61.0285 2.61291
0.281494 6.48395 7.20645	0 40.3918 2.60025
0.281738 6.50172 7.2056	0 54.4481 2.5906
0.281982 7.20519 7.20701	0 53.2864 2.58472
0.282227 6.46284 7.20899	0 50.8126 2.58592
0.282471 7.85256 7.20969	0 51.9005 2.59889
0.282715 7.53546 7.20745	0 58.4067 2.62775
0.282959 7.26046 7.20121	0 51.9334 2.67352
0.283203 8.09352 7.19086	0 57.683 2.73197
0.283447 7.03945 7.17747	0 58.8978 2.7932
0.283691 6.3414 7.16336	0 45.0379 2.84369
0.283936 8.56476 7.15185	0 61.6795 2.87093
0.28418 7.03944 7.14681	0 61.1457 2.86925
0.284424 6.34831 7.15202	0 37.2065 2.84466
0.284668 5.73551 7.17045	0 24.3058 2.81637
0.284912 7.55669 7.20369	0 52.1211 2.8133
0.285156 6.59639 7.25151	0 42.496 2.8661
0.2854 6.82236 7.31186	0 39.0539 2.99687
0.285645 6.92691 7.38107	0 42.9151 3.21011
0.285889 7.73174 7.45442	0 54.4316 3.48876
0.286133 8.01904 7.52681	0 51.3151 3.79697
0.286377 8.34214 7.59338	0 87.08 4.08908
0.286621 8.8253 7.65009	0 81.4102 4.32158
0.286865 8.40368 7.69396	0 68.2403 4.46369
0.287109 6.10786 7.7232	0 37.8132 4.50337
0.287354 7.30874 7.73707	0 62.4211 4.44723
0.287598 7.86629 7.73576	0 69.3309 4.31598
0.287842 9.28262 7.72016	0 111.677 4.13775
0.288086 8.04441 7.69174	0 55.6994 3.94194
0.28833 7.58515 7.65245	0 49.5801 3.75485
0.288574 7.79856 7.6046	0 81.9585 3.59691
0.288818 7.19182 7.55077	0 47.6352 3.48105
0.289062 7.80802 7.49366	0 92.5243 3.41162
0.289307 7.33947 7.43597	0 36.5707 3.384
0.289551 6.40725 7.38021	0 31.6339 3.38581
0.289795 6.98737 7.32871	0 36.9274 3.40033
0.290039 8.38852 7.28355	0 89.5412 3.41192
0.290283 6.88333 7.24658	0 52.0931 3.41193
0.290527 7.1303 7.21933	0 51.5349 3.40267
0.290771 7.40736 7.20295	0 64.0135 3.3976
0.291016 6.89528 7.19795	0 40.5558 3.41722
0.29126 6.62057 7.20398	0 35.6896 3.48167
0.291504 7.1523 7.21964	0 36.6529 3.60253
0.291748 5.69075 7.24247	0 25.7919 3.77661
0.291992 6.90465 7.26909	0 47.8733 3.98453
0.292236 8.64882 7.29569	0 61.2129 4.19517
0.29248 7.66124 7.31852	0 50.1011 4.37484
0.292725 8.15858 7.33457	0 77.5169 4.4976
0.292969 8.11414 7.34201	0 75.5721 4.5521
0.293213 7.0657 7.34048	0 53.747 4.54193
0.293457 6.97549 7.33107	0 55.8731 4.48025
0.293701 7.69708 7.31606	0 65.9192 4.38198
0.293945 6.56436 7.29846	0 36.4971 4.25827
0.294189 7.36878 7.28158	0 58.4826 4.11545
0.294434 7.13954 7.26852	0 50.5799 3.9578
0.294678 7.84402 7.26185	0 56.3094 3.79145
0.294922 6.30314 7.26341	0 38.3852 3.62648
0.295166 7.06278 7.27422	0 55.1617 3.47634
0.29541 7.08383 7.29444	0 50.263 3.35507
0.295654 7.76191 7.32344	0 60.489 3.27399
0.295898 7.23096 7.35987	0 49.2815 3.23923
0.296143 7.13662 7.4018	0 58.0671 3.25062
0.296387 7.02971 7.44691	0 49.0668 3.30205
0.296631 6.71484 7.49267	0 34.6345 3.38264
0.296875 8.57544 7.5366	0 72.3328 3.47817
0.297119 8.2144 7.57652	0 61.2393 3.57254
0.297363 8.4713 7.6107	0 74.2004 3.64936
0.297607 7.37076 7.63796	0 49.1571 3.69401
0.297852 6.4561 7.65778	0 34.4741 3.69624
0.298096 8.05687 7.67016	0 60.5169 3.65252
0.29834 7.46233 7.67567	0 58.0744 3.567
0.298584 9.9415 7.67526	0 89.3621 3.45007
0.298828 6.17204 7.67026	0 24.9946 3.31493
0.299072 7.34782 7.6622	0 66.8685 3.17353
0.299316 7.75603 7.65271	0 57.1802 3.03413
0.299561 8.13332 7.64329	0 60.1795 2.90164
0.299805 8.26337 7.63499	0 66.067 2.78021
0.300049 7.12001 7.62815	0 55.4668 2.67618
0.300293 6.7918 7.62215	0 39.5178 2.59898
0.300537 7.67508 7.61535	0 56.2649 2.55914
0.300781 6.68419 7.6053	0 49.44 2.56378
0.301025 7.32536 7.58921	0 33.3549 2.61225
0.30127 8.30797 7.56462	0 81.5517 2.69398
0.301514 9.57238 7.53013	0 61.9927 2.79028
0.301758 8.1674 7.48604	0 47.0521 2.8795
0.302002 7.91027 7.43455	0 76.1583 2.94348
0.302246 6.63775 7.37961	0 33.8451 2.97251
0.30249 6.69181 7.32625	0 56.672 2.96682
0.302734 7.75446 7.27966	0 57.9103 2.93442
0.302979 6.01038 7.2441	0 36.8486 2.88688
0.303223 5.75564 7.22202	0 32.028 2.83549
0.303467 7.51991 7.21352	0 54.6117 2.7892
0.303711 6.51281 7.2164	0 41.3572 2.75451
0.303955 7.04104 7.22664	0 59.8427 2.73595
0.304199 7.957 7.23934	0 61.7729 2.736
0.304443 7.93815 7.24973	0 55.1734 2.75414
0.304688 7.843 7.25425	0 73.5064 2.7862
0.304932 7.80999 7.25113	0 54.8444 2.82516
0.305176 8.15477 7.24067	0 58.8994 2.86355
0.30542 6.93603 7.22494	0 39.269 2.89617
0.305664 6.33599 7.20722	0 51.6542 2.92172
0.305908 6.685 7.19112	0 39.024 2.94223
0.306152 6.81445 7.17981	0 41.1205 2.96129
0.306396 6.74467 7.1754	0 25.2878 2.98229
0.306641 7.10826 7.17864	0 49.8361 3.0078
0.306885 7.16263 7.18896	0 46.8753 3.03994
0.307129 7.36508 7.20475	0 43.7619 3.08069
0.307373 7.97024 7.22379	0 52.9015 3.1311
0.307617 6.85231 7.24371	0 39.846 3.18957
0.307861 6.66057 7.26233	0 45.2912 3.25017
0.308105 8.17124 7.27787	0 67.7227 3.3026
0.30835 7.94086 7.289	0 69.9621 3.3344
0.308594 6.67218 7.29485	0 34.8648 3.33501
0.308838 7.0701 7.29488	0 52.5419 3.29967
0.309082 6.71813 7.28894	0 46.6491 3.23167
0.309326 8.04303 7.27726	0 85.0207 3.14182
0.30957 7.61442 7.26049	0 45.6475 3.04582
0.309814 7.51356 7.2398	0 46.9492 2.96072
0.310059 7.62686 7.21678	0 63.3869 2.90181
0.310303 6.95146 7.19329	0 44.5393 2.88051
0.310547 7.65707 7.17117	0 60.2076 2.90303
0.310791 5.58283 7.15189	0 24.9799 2.96973
0.311035 6.99704 7.13618	0 56.2918 3.07509
0.311279 7.0837 7.1239	0 52.5375 3.20862
0.311523 6.68162 7.114	0 40.1577 3.35702
0.311768 7.81478 7.10479	0 73.1384 3.50701
0.312012 7.6413 7.09441	0 66.2911 3.6479
0.312256 6.46506 7.0814	0 39.9919 3.77266
0.3125 7.27656 7.06512	0 52.4471 3.87706
0.312744 8.01795 7.04619	0 64.5599 3.9574
0.312988 7.24526 7.0265	0 41.7867 4.00843
0.313232 6.81232 7.00901	0 47.9284 4.02319
0.313477 7.16376 6.99728	0 66.2403 3.9953
0.313721 6.58621 6.99485	0 50.0309 3.92274
0.313965 4.97891 7.00463	0 23.3611 3.81104
0.314209 6.75852 7.02836	0 41.7271 3.67394
0.314453 7.55859 7.06638	0 48.3584 3.53103
0.314697 7.16837 7.11756	0 44.9378 3.40334
0.314941 7.08667 7.1795	0 56.3249 3.30888
0.315186 7.01414 7.24883	0 31.4132 3.25955
0.31543 7.37136 7.32167	0 52.6638 3.26012
0.315674 8.01831 7.39393	0 64.5182 3.30871
0.315918 6.74159 7.4617	0 33.322 3.39812
0.316162 7.54986 7.52145	0 47.5599 3.51727
0.316406 8.87308 7.57025	0 68.542 3.65238
0.31665 7.44532 7.60583	0 42.4534 3.78808
0.316895 7.54652 7.62676	0 61.2471 3.90858
0.317139 7.76745 7.63244	0 62.5534 3.9996
0.317383 8.40338 7.62309	0 79.484 4.05117
0.317627 8.1234 7.59971	0 95.6093 4.06086
0.317871 7.10368 7.56388	0 47.1645 4.03602
0.318115 8.14443 7.5176	0 74.3363 3.99313
0.318359 7.29522 7.46304	0 56.4997 3.95326
0.318604 6.89656 7.40236	0 48.8989 3.93445
0.318848 7.44932 7.33762	0 54.7871 3.9441
0.319092 6.64058 7.27078	0 48.2883 3.9749
0.319336 8.00853 7.20379	0 106.223 4.00657
0.31958 7.42261 7.13872	0 58.4841 4.01296
0.319824 7.21824 7.07784	0 57.2187 3.97168
0.320068 6.89258 7.02367	0 41.4043 3.87224
0.320312 6.39031 6.97878	0 43.0096 3.72007
0.320557 6.72763 6.94553	0 59.9656 3.53523
0.320801 6.67202 6.92573	0 49.7046 3.34701
0.321045 6.98721 6.92022	0 58.327 3.18632
0.321289 6.15271 6.92862	0 39.3804 3.07855
0.321533 6.17932 6.94925	0 40.625 3.03838
0.321777 6.23656 6.97929	0 37.8665 3.06764
0.322021 8.32914 7.01509	0 50.279 3.15594
0.322266 6.78778 7.05277	0 59.3521 3.28354
0.32251 7.85892 7.08872	0 77.9433 3.42553
0.322754 7.68536 7.12009	0 51.8468 3.55639
0.322998 6.57955 7.14513	0 37.0811 3.65426
0.323242 7.08726 7.16318	0 50.2415 3.70413
0.323486 7.84985 7.17459	0 65.1095 3.69952
0.32373 7.95162 7.18025	0 74.3715 3.64242
0.323975 6.20513 7.18121	0 30.4262 3.54171
0.324219 7.12977 7.17822	0 54.9502 3.41052
0.324463 6.35753 7.17149	0 42.0853 3.26334
0.324707 6.83656 7.1606	0 53.7291 3.11333
0.324951 8.39768 7.1447	0 78.5818 2.97037
0.325195 7.28764 7.12285	0 49.9088 2.83983
0.325439 6.98871 7.09439	0 42.5547 2.722
0.325684 7.7588 7.05941	0 42.119 2.61253
0.325928 7.43153 7.01887	0 48.1762 2.50423
0.326172 6.90805 6.9747	0 39.2432 2.39041
0.326416 6.2362 6.92958	0 27.0594 2.26887
0.32666 7.19216 6.88655	0 48.4114 2.14497
0.326904 6.38264 6.84857	0 41.7755 2.03181
0.327148 6.87067 6.81816	0 46.5207 1.94695
0.327393 6.46065 6.797	0 40.4675 1.90685
0.327637 5.58711 6.78588	0 26.5778 1.92153
0.327881 7.10413 6.78464	0 53.2103 1.99199
0.328125 7.64214 6.79237	0 53.36 2.11124
0.328369 6.31161 6.80765	0 36.037 2.26798
0.328613 7.0007 6.82879	0 59.9344 2.45062
0.328857 5.99953 6.85404	0 26.771 2.64986
0.329102 7.89401 6.88179	0 54.1236 2.85885
0.329346 6.38071 6.9106	0 40.3504 3.07173
0.32959 6.85452 6.93929	0 41.577 3.28157
0.329834 7.53817 6.96694	0 48.3889 3.47886
0.330078 6.75376 6.99281	0 35.8736 3.6513
0.330322 6.59471 7.01632	0 37.9027 3.78536
0.330566 7.51206 7.03702	0 61.8439 3.86942
0.330811 7.39284 7.0545	0 59.6749 3.89801
0.331055 7.16235 7.06831	0 60.3376 3.8754
0.331299 6.83242 7.0779	0 61.5927 3.81656
0.331543 6.81481 7.08261	0 34.4192 3.74402
0.331787 6.93491 7.08168	0 42.4602 3.68078
0.332031 7.8361 7.07442	0 33.1773 3.642
0.332275 6.76977 7.06032	0 55.3582 3.62904
0.33252 7.06961 7.03931	0 36.9217 3.62894
0.332764 7.52395 7.01194	0 50.7033 3.61985
0.333008 7.59102 6.9794	0 75.4099 3.58011
0.333252 7.18484 6.94347	0 47.7035 3.4973
0.333496 6.50765 6.90629	0 59.2343 3.37393
0.33374 6.43115 6.86997	0 52.489 3.22791
0.333984 6.59721 6.83623	0 34.6867 3.08781
0.334229 6.50751 6.80607	0 54.0228 2.98434
0.334473 6.70687 6.77959	0 40.6429 2.94052
0.334717 5.75198 6.75611	0 28.5146 2.96371
0.334961 8.23058 6.73437	0 48.736 3.04252
0.335205 6.35015 6.71304	0 41.8189 3.15037
0.335449 7.04443 6.69113	0 64.5378 3.2548
0.335693 6.40685 6.66846	0 35.8292 3.32892
0.335938 6.9128 6.64579	0 62.9362 3.36058
0.336182 7.88968 6.62484	0 74.1076 3.35526
0.336426 5.94082 6.60799	0 30.1656 3.33201
0.33667 5.87594 6.59782	0 35.957 3.31438
0.336914 6.16887 6.59659	0 25.595 3.32035
0.337158 5.7259 6.60581	0 31.4094 3.35552
0.337402 6.28814 6.62594	0 48.0281 3.41184
0.337646 7.09407 6.65632	0 43.1666 3.47207
0.337891 6.78627 6.69531	0 58.756 3.51746
0.338135 6.92996 6.7405	0 57.98 3.53527
0.338379 6.71411 6.78911	0 51.4798 3.52292
0.338623 6.87056 6.8382	0 63.3394 3.48736
0.338867 7.43696 6.88499	0 54.1181 3.44054
0.339111 5.69102 6.92703	0 28.5918 3.39356
0.339355 7.52942 6.96238	0 50.6836 3.3526
0.3396 7.17079 6.9897	0 49.001 3.31834
0.339844 7.75236 7.00842	0 53.6408 3.28859
0.340088 7.32509 7.01878	0 48.6243 3.26205
0.340332 6.68571 7.02187	0 40.3331 3.24071
0.340576 7.96685 7.01948	0 52.2245 3.22982
0.34082 6.3655 7.01392	0 36.2809 3.23546
0.341064 6.87767 7.00771	0 44.9876 3.26171
0.341309 6.91271 7.0032	0 49.0958 3.30886
0.341553 6.36209 7.00222	0 46.5106 3.37352
0.341797 7.18169 7.00584	0 62.2561 3.45036
0.342041 7.04107 7.01419	0 48.4064 3.53435
0.342285 6.46396 7.02643	0 48.0883 3.62247
0.342529 7.27754 7.04083	0 56.4427 3.71425
0.342773 7.82855 7.0549	0 50.6179 3.81067
0.343018 6.64803 7.06572	0 44.3746 3.91213
0.343262 6.94837 7.07026	0 48.2033 4.01596
0.343506 6.59564 7.06575	0 34.8641 4.115
0.34375 7.71074 7.05019	0 52.8559 4.19815
0.343994 7.12945 7.02271	0 44.5108 4.25333
0.344238 8.39634 6.98387	0 69.8407 4.27187
0.344482 7.88892 6.93576	0 75.7901 4.25226
0.344727 6.5429 6.88187	0 44.6982 4.20123
0.344971 6.42607 6.82664	0 47.5168 4.13136
0.345215 5.65929 6.77488	0 34.4546 4.05661
0.345459 6.3454 6.73107	0 39.3922 3.98789
0.345703 6.80756 6.69863	0 53.7451 3.93067
0.345947 6.74871 6.67948	0 40.0221 3.88488
0.346191 5.99657 6.67372	0 40.6053 3.84616
0.346436 6.04039 6.67968	0 39.4732 3.8073
0.34668 6.52907 6.69421	0 39.7228 3.75959
0.346924 7.04591 6.71324	0 47.796 3.69465
0.347168 6.75447 6.73238	0 41.7464 3.60708
0.347412 7.25448 6.74765	0 51.6169 3.49749
0.347656 7.24426 6.75602	0 69.5406 3.37427
0.3479 7.64641 6.75585	0 44.8038 3.25266
0.348145 6.04329 6.74713	0 40.8486 3.15061
0.348389 7.02213 6.73135	0 35.1504 3.08289
0.348633 6.53775 6.7112	0 38.3301 3.05582
0.348877 7.28683 6.69013	0 64.186 3.06505
0.349121 7.27953 6.67167	0 56.2538 3.09711
0.349365 5.09898 6.65889	0 27.9755 3.13421
0.349609 5.63777 6.65388	0 30.444 3.16007
0.349854 6.79985 6.65742	0 36.6004 3.16515
0.350098 6.30976 6.66894	0 40.3507 3.14934
0.350342 7.57183 6.68667	0 65.3067 3.12175
0.350586 6.07436 6.70795	0 42.3529 3.09707
0.35083 7.47749 6.72968	0 47.5283 3.08984
0.351074 6.33973 6.74877	0 36.9322 3.10799
0.351318 7.55131 6.76253	0 52.8853 3.14851
0.351562 6.42953 6.76894	0 33.537 3.19725
0.351807 6.76295 6.76684	0 33.4704 3.23373
0.352051 6.94939 6.75596	0 47.5582 3.23943
0.352295 8.05269 6.73687	0 65.8979 3.20596
0.352539 5.75051 6.71085	0 36.4276 3.13929
0.352783 6.31436 6.67969	0 32.2097 3.05767
0.353027 7.61975 6.6455	0 48.7948 2.9844
0.353271 7.03551 6.61042	0 37.6745 2.93897
0.353516 4.94555 6.57641	0 27.631 2.93096
0.35376 6.81294 6.54503	0 48.0745 2.95883
0.354004 6.56056 6.51727	0 53.6484 3.01287
0.354248 6.71409 6.49354	0 43.9282 3.07915
0.354492 6.48822 6.47362	0 34.1371 3.14216
0.354736 5.98486 6.45685	0 48.5804 3.18569
0.35498 5.71266 6.44222	0 34.6986 3.19399
0.355225 7.0539 6.42866	0 74.4206 3.15498
0.355469 7.49407 6.41515	0 42.9954 3.06517
0.355713 6.06141 6.40093	0 40.0633 2.93383
0.355957 6.08092 6.3856	0 50.4726 2.783
0.356201 6.08512 6.36909	0 35.4389 2.64225
0.356445 6.67111 6.35167	0 37.0847 2.53968
0.356689 6.32609 6.33392	0 32.4423 2.49312
0.356934 6.23514 6.3166	0 32.0794 2.50497
0.357178 6.48779 6.3006	0 52.6169 2.56247
0.357422 6.03658 6.28686	0 35.2461 2.64278
0.357666 6.51343 6.27632	0 40.8892 2.72052
0.35791 6.05325 6.26982	0 33.8198 2.77499
0.358154 5.865 6.26797	0 31.5033 2.795
0.358398 6.48096 6.2711	0 50.1673 2.77996
0.358643 6.1862 6.2791	0 44.2181 2.73755
0.358887 6.26608 6.29137	0 36.396 2.67938
0.359131 5.55416 6.30684	0 24.9976 2.6166
0.359375 7.02321 6.32398	0 46.8551 2.55743
0.359619 6.13027 6.34103	0 40.7722 2.5067
0.359863 6.30887 6.35624	0 32.5052 2.46678
0.360107 6.49499 6.36819	0 37.2322 2.43843
0.360352 6.21977 6.37614	0 33.1011 2.4209
0.360596 7.05957 6.38021	0 44.328 2.41173
0.36084 6.66349 6.38148	0 43.0693 2.40743
0.361084 7.17519 6.38182	0 53.4673 2.40502
0.361328 6.25358 6.38352	0 39.0528 2.40382
0.361572 5.47688 6.38881	0 22.4424 2.40585
0.361816 5.56633 6.39934	0 24.2502 2.41433
0.362061 6.14575 6.4157	0 43.2569 2.43086
0.362305 5.31776 6.43731	0 26.8401 2.45325
0.362549 7.41429 6.46239	0 42.8245 2.47553
0.362793 7.53425 6.48838	0 67.8214 2.49023
0.363037 6.40497 6.51242	0 37.2836 2.49181
0.363281 6.26985 6.53187	0 32.2923 2.47914
0.363525 6.39174 6.54481	0 46.3703 2.45573
0.36377 7.706 6.55035	0 51.8502 2.42772
0.364014 6.63157 6.5487	0 40.0669 2.40099
0.364258 6.77551 6.54104	0 47.153 2.37906
0.364502 5.62911 6.52923	0 34.4166 2.36281
0.364746 6.60202 6.51548	0 53.33 2.35199
0.36499 6.43502 6.50194	0 51.5652 2.3472
0.365234 6.98832 6.4904	0 50.4536 2.35096
0.365479 6.21541 6.48203	0 47.6661 2.36706
0.365723 5.75962 6.47733	0 31.5961 2.39843
0.365967 6.64364 6.47616	0 40.6058 2.44486
0.366211 6.37114 6.47781	0 40.0742 2.50162
0.366455 6.41459 6.48129	0 35.0592 2.56017
0.366699 6.66317 6.48556	0 40.6361 2.61072
0.366943 6.71176 6.48976	0 36.0546 2.64588
0.367188 6.6216 6.49332	0 67.2171 2.66405
0.367432 7.17419 6.49605	0 59.3264 2.67096
0.367676 6.11021 6.49803	0 27.4912 2.67833
0.36792 5.8377 6.49942	0 21.0996 2.69978
0.368164 6.61549 6.50032	0 52.3559 2.74513
0.368408 6.27977 6.50054	0 31.0484 2.81556
0.368652 6.50211 6.49951	0 46.6599 2.90161
0.368896 6.87107 6.49632	0 33.719 2.98525
0.369141 6.81666 6.48979	0 39.5559 3.04559
0.369385 5.82395 6.4787	0 37.6233 3.06608
0.369629 7.14461 6.46197	0 40.2718 3.04045
0.369873 6.52326 6.43891	0 38.7194 2.97478
0.370117 6.94944 6.40937	0 51.8817 2.88468
0.370361 5.80679 6.37384	0 20.0226 2.7891
0.370605 6.41558 6.33349	0 37.1615 2.70347
0.37085 6.26149 6.29006	0 32.117 2.63537
0.371094 7.11223 6.24576	0 54.4795 2.58407
0.371338 6.09867 6.20296	0 46.0613 2.54334
0.371582 5.83898 6.16397	0 35.5108 2.50546
0.371826 5.34579 6.13074	0 21.6784 2.46472
0.37207 5.77463 6.10455	0 29.9619 2.41924
0.372314 6.55776 6.08592	0 37.5176 2.37122
0.372559 5.36153 6.07457	0 31.9917 2.32578
0.372803 5.97508 6.06952	0 48.4708 2.28896
0.373047 6.29706 6.06937	0 33.8746 2.26555
0.373291 6.36252 6.07254	0 47.1643 2.25756
0.373535 5.60564 6.07759	0 30.7983 2.26396
0.373779 7.27301 6.08341	0 52.4728 2.28148
0.374023 5.9923 6.0893	0 34.0944 2.30591
0.374268 4.93486 6.09494	0 24.2688 2.33313
0.374512 6.51572 6.10027	0 36.7132 2.35976
0.374756 6.1071 6.10532	0 31.3303 2.3837
0.375 6.66127 6.11004	0 60.8855 2.40468
0.375244 5.30769 6.11429	0 35.6451 2.42461
0.375488 6.09008 6.11786	0 38.9623 2.44717
0.375732 6.42589 6.12056	0 41.1102 2.47633
0.375977 6.37553 6.12246	0 42.8638 2.51418
0.376221 5.8057 6.12399	0 22.0296 2.55918
0.376465 6.74459 6.12608	0 41.8917 2.6057
0.376709 5.90225 6.13004	0 41.3931 2.64511
0.376953 6.70902 6.13742	0 39.8047 2.66801
0.377197 5.28111 6.14961	0 25.6765 2.66679
0.377441 6.40851 6.16746	0 57.7234 2.6378
0.377686 5.48332 6.19092	0 29.2834 2.58262
0.37793 5.1478 6.21881	0 31.2476 2.50809
0.378174 6.19154 6.24886	0 43.9867 2.42499
0.378418 7.3778 6.27792	0 40.1387 2.34534
0.378662 6.69378 6.30243	0 31.3855 2.27909
0.378906 6.362 6.31902	0 39.4401 2.23136
0.37915 5.76645 6.32506	0 32.436 2.20141
0.379395 7.62454 6.31913	0 55.877 2.18387
0.379639 6.71311 6.30128	0 56.4723 2.17173
0.379883 7.32276 6.273	0 37.8391 2.15972
0.380127 5.07751 6.23698	0 25.35 2.14657
0.380371 5.88869 6.19675	0 30.1672 2.13522
0.380615 6.20505 6.15611	0 38.1407 2.13127
0.380859 5.68523 6.11874	0 33.7936 2.14062
0.381104 6.28434 6.08771	0 42.0899 2.16736
0.381348 6.3725 6.06528	0 35.4478 2.21244
0.381592 5.40252 6.05269	0 27.1921 2.27332
0.381836 5.93388 6.05023	0 30.1626 2.34448
0.38208 5.01974 6.05726	0 30.346 2.4191
0.382324 5.82934 6.07242	0 35.8843 2.49136
0.382568 7.22505 6.09381	0 49.9526 2.55887
0.382812 6.86761 6.11918	0 43.2339 2.62368
0.383057 5.14896 6.14613	0 19.2735 2.69094
0.383301 5.77398 6.17227	0 27.0841 2.76557
0.383545 6.65289 6.19541	0 51.954 2.8485
0.383789 5.95749 6.21372	0 31.4579 2.93473
0.384033 6.46901 6.22589	0 37.0165 3.01439
0.384277 7.11552 6.23132	0 46.7318 3.07622
0.384521 5.7579 6.23015	0 32.795 3.11172
0.384766 7.05913 6.22328	0 58.4092 3.11804
0.38501 5.97335 6.21226	0 30.1865 3.09867
0.385254 6.74557 6.19899	0 36.9836 3.06202
0.385498 5.60976 6.18546	0 42.4901 3.019
0.385742 5.28492 6.17343	0 22.491 2.98041
0.385986 5.97134 6.1642	0 41.3929 2.95467
0.38623 5.95098 6.15853	0 27.3477 2.94622
0.386475 6.79042 6.15666	0 33.6843 2.95499
0.386719 6.29063 6.15838	0 31.5288 2.97711
0.386963 6.14283 6.16318	0 35.1064 3.00706
0.387207 7.2086 6.17025	0 51.484 3.04029
0.387451 5.3457 6.17854	0 34.183 3.07524
0.387695 4.89267 6.18663	0 19.734 3.11331
0.387939 6.44511 6.1928	0 45.2853 3.15662
0.388184 6.7956 6.19498	0 39.4251 3.20452
0.388428 5.7195 6.19103	0 39.1465 3.2508
0.388672 6.65106 6.17898	0 34.2286 3.28356
0.388916 7.23222 6.1574	0 54.9829 3.28825
0.38916 6.77619 6.12577	0 57.9076 3.25288
0.389404 5.11636 6.08465	0 31.949 3.17296
0.389648 6.93164 6.03577	0 35.5422 3.05373
0.389893 6.0068 5.98187	0 35.7178 2.90848
0.390137 5.04386 5.92641	0 22.7869 2.754
0.390381 5.97688 5.87323	0 33.0628 2.60537
0.390625 5.65272 5.826	0 30.9871 2.47271
0.390869 6.52944 5.7879	0 40.3153 2.3608
0.391113 5.19127 5.7612	0 26.4848 2.27088
0.391357 4.83242 5.74709	0 25.7898 2.20272
0.391602 5.31072 5.74554	0 26.9658 2.15555
0.391846 5.45654 5.75546	0 37.2879 2.12754
0.39209 5.35714 5.77489	0 34.7898 2.11498
0.392334 5.72565 5.8014	0 25.4722 2.11253
0.392578 7.51605 5.83238	0 49.9538 2.11488
0.392822 6.58777 5.86542	0 47.8295 2.11916
0.393066 4.21627 5.89844	0 18.2424 2.12664
0.393311 6.24801 5.9297	0 36.6265 2.14239
0.393555 5.63838 5.95777	0 25.9083 2.1729
0.393799 6.85869 5.98136	0 39.2588 2.22229
0.394043 5.14208 5.99926	0 33.141 2.28892
0.394287 6.43517 6.0104	0 38.8608 2.36394
0.394531 5.4967 6.01398	0 21.5352 2.43277
0.394775 7.08351 6.0097	0 47.2827 2.47921
0.39502 6.43429 5.99801	0 48.8175 2.49088
0.395264 6.22774 5.98026	0 42.8615 2.46376
0.395508 6.46655 5.9586	0 26.8935 2.40399
0.395752 5.1867 5.93583	0 27.9571 2.32613
0.395996 5.76418 5.91495	0 27.097 2.2486
0.39624 5.47362 5.8987	0 32.2309 2.18807
0.396484 5.20909 5.88909	0 23.5026 2.15479
0.396729 6.32226 5.88714	0 34.3694 2.15044
0.396973 5.62248 5.89265	0 31.8306 2.16876
0.397217 5.68069 5.90436	0 29.8664 2.19882
0.397461 5.47735 5.92021	0 34.5536 2.22949
0.397705 6.61262 5.93766	0 61.6471 2.25348
0.397949 6.02273 5.95421	0 34.068 2.26951
0.398193 6.19766 5.9677	0 32.6584 2.28174
0.398438 6.38292 5.97664	0 37.6956 2.29682
0.398682 5.69004 5.98034	0 30.7014 2.31998
0.398926 6.12401 5.97888	0 29.3333 2.35198
0.39917 6.45771 5.97294	0 47.2956 2.38804
0.399414 5.37517 5.96366	0 33.6964 2.41897
0.399658 6.37279 5.95228	0 37.6907 2.43387
0.399902 5.52346 5.93996	0 23.3646 2.4231
0.400146 6.25241 5.92762	0 26.1514 2.38098
0.400391 5.24378 5.91585	0 34.1684 2.3075
0.400635 5.85232 5.90495	0 46.0973 2.20917
0.400879 5.98813 5.895	0 41.7349 2.09852
0.401123 6.17241 5.88596	0 36.8823 1.99211
0.401367 6.86196 5.87776	0 48.329 1.90685
0.401611 5.41891 5.87026	0 22.9986 1.85561
0.401855 5.45347 5.86332	0 23.1759 1.84353
0.4021 5.18457 5.85666	0 21.5176 1.867
0.402344 5.59776 5.84988	0 27.2331 1.91588
0.402588 6.34196 5.84242	0 48.7884 1.97789
0.402832 6.39866 5.83364	0 50.5803 2.04289
0.403076 5.75086 5.82289	0 24.1188 2.1047
0.40332 6.58421 5.80957	0 46.1626 2.15999
0.403564 4.99223 5.79326	0 23.977 2.20572
0.403809 5.39686 5.77369	0 40.9413 2.23737
0.404053 6.35109 5.75082	0 30.7706 2.24963
0.404297 5.28938 5.7248	0 26.6885 2.23933
0.404541 5.69783 5.69599	0 51.1812 2.20839
0.404785 6.52729 5.66496	0 43.1213 2.16482
0.405029 5.58751 5.63248	0 26.4391 2.12058
0.405273 5.79925 5.59943	0 27.5162 2.0873
0.405518 4.77463 5.56676	0 23.4741 2.07182
0.405762 5.66741 5.53533	0 26.7796 2.07381
0.406006 4.97379 5.50583	0 28.1027 2.08613
0.40625 6.43773 5.4787	0 42.3381 2.09736
0.406494 4.89796 5.45417	0 30.2977 2.09521
0.406738 5.01882 5.43235	0 24.6786 2.06968
0.406982 5.39876 5.41339	0 34.3223 2.01559
0.407227 5.48829 5.39765	0 34.1544 1.93448
0.407471 5.88775 5.38584	0 41.4352 1.83555
0.407715 6.18063 5.37895	0 37.6755 1.73475
0.407959 4.59734 5.37809	0 18.018 1.65163
0.408203 5.00785 5.38426	0 19.4899 1.6042
0.408447 4.88779 5.39799	0 29.9854 1.60349
0.408691 5.36324 5.41909	0 26.9915 1.6501
0.408936 4.58877 5.44655	0 25.7875 1.73395
0.40918 4.99623 5.47863	0 25.8161 1.8373
0.409424 6.6028 5.51314	0 33.4166 1.93971
0.409668 6.28183 5.54784	0 48.0224 2.02326
0.409912 5.43962 5.5808	0 22.1391 2.07646
0.410156 6.10638 5.61072	0 33.0698 2.09635
0.4104 5.48867 5.63702	0 26.8712 2.08827
0.410645 5.37716 5.65983	0 27.8125 2.06383
0.410889 5.33118 5.67972	0 32.2037 2.03743
0.411133 5.83857 5.69747	0 22.0141 2.02227
0.411377 5.42648 5.71377	0 26.9696 2.02694
0.411621 5.91789 5.72895	0 19.6706 2.0534
0.411865 6.8453 5.7429	0 57.8228 2.09693
0.412109 5.16351 5.75496	0 20.3192 2.14789
0.412354 5.42005 5.76405	0 21.576 2.19465
0.412598 4.9155 5.76878	0 19.8632 2.22677
0.412842 6.44364 5.76774	0 47.5994 2.23755
0.413086 6.02153 5.7598	0 40.4182 2.22533
0.41333 6.30129 5.74441	0 34.9143 2.1932
0.413574 6.67109 5.72184	0 41.1907 2.14751
0.413818 5.33001 5.69328	0 21.6455 2.09563
0.414062 5.68457 5.66081	0 32.0238 2.04398
0.414307 5.3355 5.6271	0 23.4667 1.99702
0.414551 5.43073 5.5951	0 28.1182 1.95731
0.414795 5.37387 5.56756	0 36.9951 1.92642
0.415039 5.74227 5.54665	0 32.3115 1.90573
0.415283 4.7965 5.53366	0 26.1918 1.89677
0.415527 4.86857 5.52891	0 20.2716 1.90084
0.415771 5.85536 5.5318	0 40.0131 1.9183
0.416016 5.56947 5.54102	0 30.2875 1.94791
0.41626 6.04788 5.55489	0 25.7703 1.98654
0.416504 5.11038 5.57163	0 22.3222 2.02938
0.416748 5.70598 5.58967	0 35.2219 2.07064
0.416992 5.99855 5.60782	0 41.2499 2.10469
0.417236 5.41668 5.62524	0 36.7175 2.12721
0.41748 5.85789 5.64146	0 33.1081 2.13597
0.417725 5.77474 5.65624	0 35.8311 2.13085
0.417969 5.24041 5.6694	0 39.1978 2.11355
0.418213 4.8768 5.68074	0 18.4164 2.08727
0.418457 6.79105 5.69003	0 39.9331 2.05683
0.418701 5.59426 5.69698	0 33.575 2.0288
0.418945 5.89213 5.70134	0 27.7576 2.01105
0.419189 5.63427 5.70292	0 34.9837 2.01105
0.419434 5.78273 5.70167	0 20.9767 2.03355
0.419678 5.95641 5.69763	0 28.2203 2.07825
0.419922 5.62702 5.69087	0 39.3887 2.13884
0.420166 5.34067 5.6815	0 25.7674 2.20399
0.42041 5.43361 5.66957	0 35.5491 2.2599
0.420654 5.86767 5.65516	0 37.1001 2.29392
0.420898 5.96556 5.63841	0 33.2688 2.29797
0.421143 5.36117 5.61959	0 30.2227 2.27107
0.421387 6.10546 5.59918	0 36.3523 2.22024
0.421631 6.06315 5.57782	0 36.0867 2.15961
0.421875 5.24327 5.55625	0 36.5098 2.10752
0.422119 5.24618 5.53515	0 18.9625 2.08189
0.422363 5.10459 5.515	0 27.8325 2.0948
0.422607 4.97565 5.49601	0 21.5795 2.14784
0.422852 5.42179 5.47814	0 24.2136 2.23012
0.423096 6.38083 5.4612	0 45.2154 2.32059
0.42334 5.47549 5.44507	0 36.3565 2.39437
0.423584 5.43003 5.42989	0 41.6059 2.43082
0.423828 5.84253 5.41624	0 57.7578 2.42002
0.424072 5.02978 5.40513	0 23.5634 2.36496
0.424316 4.57562 5.39789	0 23.0232 2.27883
0.424561 6.15294 5.39596	0 27.7897 2.17932
0.424805 5.2315 5.40049	0 21.534 2.08296
0.425049 4.96621 5.4121	0 21.7915 2.00171
0.425293 5.23081 5.43058	0 28.0475 1.94248
0.425537 4.89235 5.4548	0 22.3233 1.90851
0.425781 5.34654 5.48274	0 29.5711 1.90095
0.426025 5.70443 5.51174	0 24.8461 1.91973
0.42627 5.98941 5.53887	0 34.1838 1.96318
0.426514 5.68447 5.56129	0 32.3397 2.02709
0.426758 5.94447 5.57675	0 28.4917 2.1039
0.427002 5.87425 5.58383	0 22.3477 2.18272
0.427246 5.60078 5.58218	0 27.4168 2.25073
0.42749 5.69338 5.57253	0 38.0681 2.29578
0.427734 5.85884 5.55647	0 41.3905 2.30937
0.427979 5.60639 5.53625	0 35.5369 2.28891
0.428223 5.5183 5.51434	0 24.6053 2.23826
0.428467 5.10003 5.49309	0 27.653 2.16623
0.428711 4.892 5.47447	0 35.9127 2.08373
0.428955 5.40318 5.45987	0 27.4782 2.00094
0.429199 5.49984 5.45004	0 24.7669 1.92544
0.429443 5.47197 5.44517	0 40.0945 1.86205
0.429688 5.50584 5.44504	0 20.5734 1.81405
0.429932 5.47321 5.44912	0 30.3667 1.78474
0.430176 5.86577 5.45674	0 27.5867 1.77843
0.43042 5.2253 5.4671	0 25.8624 1.80012
0.430664 4.84298 5.47931	0 29.7761 1.85382
0.430908 5.4694 5.4924	0 19.4582 1.9401
0.431152 5.66088 5.50529	0 26.448 2.05408
0.431396 5.18077 5.51691	0 35.7782 2.18478
0.431641 6.1191 5.52619	0 41.1733 2.31647
0.431885 6.44827 5.53226	0 51.6303 2.4318
0.432129 5.04027 5.53451	0 22.1332 2.51564
0.432373 5.23464 5.5327	0 24.3436 2.55861
0.432617 5.18607 5.52699	0 31.0389 2.55923
0.432861 5.88745 5.51793	0 37.2977 2.52426
0.433105 6.24685 5.5064	0 37.8517 2.46704
0.43335 5.43242 5.4935	0 28.2083 2.40426
0.433594 4.80453 5.48036	0 39.4119 2.35185
0.433838 5.45444 5.46796	0 37.6121 2.32093
0.434082 6.21344 5.45695	0 30.3109 2.31526
0.434326 4.88645 5.44752	0 22.8419 2.33077
0.43457 5.05118 5.43933	0 26.5981 2.35763
0.434814 4.90464 5.43167	0 25.2118 2.38388
0.435059 5.25175 5.42354	0 35.2605 2.39937
0.435303 6.47544 5.41405	0 52.1347 2.39867
0.435547 5.71864 5.40259	0 24.7703 2.38178
0.435791 5.80716 5.3891	0 27.1831 2.35287
0.436035 5.22822 5.37405	0 23.2316 2.31779
0.436279 5.6944 5.35833	0 35.5799 2.28175
0.436523 4.37253 5.34301	0 18.6672 2.24815
0.436768 4.90107 5.32901	0 23.1686 2.21905
0.437012 5.18651 5.31685	0 30.4022 2.1963
0.437256 5.55043 5.30653	0 30.4477 2.18244
0.4375 5.48626 5.29759	0 33.8492 2.18015
0.437744 4.80815 5.28927	0 30.0472 2.19048
0.437988 5.96469 5.28081	0 32.9896 2.21097
0.438232 6.18575 5.27171	0 39.9457 2.23512
0.438477 4.39347 5.26189	0 18.8278 2.25417
0.438721 4.90214 5.25179	0 44.1229 2.26058
0.438965 5.55135 5.24219	0 34.5935 2.25136
0.439209 5.23165 5.2341	0 33.1882 2.22962
0.439453 5.61568 5.22843	0 28.9007 2.20316
0.439697 4.76213 5.22578	0 21.3893 2.18107
0.439941 5.01898 5.22629	0 18.1704 2.16974
0.440186 4.36533 5.22964	0 16.6272 2.17007
0.44043 5.36371 5.23509	0 35.2094 2.1771
0.440674 5.78027 5.24175	0 36.3926 2.18202
0.440918 5.45612 5.24882	0 19.4404 2.17587
0.441162 6.11005 5.25578	0 36.9587 2.1536
0.441406 5.01409 5.26257	0 32.9012 2.1168
0.44165 4.61766 5.26957	0 19.2846 2.07406
0.441895 4.76511 5.2775	0 25.2128 2.03834
0.442139 6.18887 5.28714	0 27.4725 2.0223
0.442383 4.80111 5.29908	0 19.3221 2.0334
0.442627 5.39115 5.31341	0 23.5631 2.0709
0.442871 5.21793 5.32959	0 34.0135 2.12598
0.443115 5.38661 5.34632	0 27.8161 2.1849
0.443359 4.98783 5.36174	0 26.7982 2.23365
0.443604 4.70908 5.37364	0 27.8866 2.26195
0.443848 5.60082 5.37995	0 31.416 2.26524
0.444092 6.80634 5.37911	0 55.7687 2.24432
0.444336 6.1765 5.37054	0 29.9363 2.20348
0.44458 5.2832 5.35484	0 21.2712 2.14831
0.444824 4.88572 5.33383	0 21.1275 2.08416
0.445068 5.35438 5.31031	0 27.7517 2.01589
0.445312 5.41845 5.28761	0 29.5826 1.94828
0.445557 4.87106 5.26906	0 23.6323 1.88656
0.445801 5.01288 5.25732	0 22.8834 1.83631
0.446045 4.92503 5.25401	0 23.4455 1.8025
0.446289 4.32229 5.25937	0 13.6198 1.78836
0.446533 5.52222 5.27227	0 40.4213 1.79467
0.446777 5.29915 5.29045	0 27.6861 1.82013
0.447021 5.06664 5.31092	0 33.8743 1.86235
0.447266 6.05195 5.33048	0 35.2776 1.91893
0.44751 5.58947 5.34615	0 34.9209 1.98773
0.447754 5.58021 5.35563	0 25.5689 2.06617
0.447998 5.88395 5.35742	0 35.8066 2.14974
0.448242 4.85663 5.35092	0 21.2614 2.23061
0.448486 6.14402 5.33631	0 31.9612 2.29711
0.44873 4.75953 5.3144	0 33.0911 2.335
0.448975 4.25715 5.28645	0 18.5883 2.33085
0.449219 6.00349 5.25405	0 37.0999 2.27661
0.449463 6.01154 5.21903	0 33.0239 2.17381
0.449707 5.65855 5.1833	0 43.0734 2.03509
0.449951 4.7863 5.14879	0 24.6638 1.88168
0.450195 4.66617 5.11729	0 23.4312 1.7371
0.450439 4.39293 5.09024	0 19.9054 1.61956
0.450684 5.20849 5.06859	0 22.4771 1.53632
0.450928 4.81797 5.05271	0 16.8609 1.48277
0.451172 4.77742 5.0424	0 31.5828 1.44636
0.451416 5.35792 5.03705	0 24.2824 1.41343
0.45166 5.17163 5.03581	0 44.3122 1.3753
0.451904 5.02939 5.03788	0 15.4024 1.33099
0.452148 4.77395 5.04268	0 22.3271 1.28607
0.452393 5.46655 5.04999	0 32.2749 1.24909
0.452637 5.49932 5.05985	0 21.3548 1.22814
0.452881 4.67452 5.07251	0 27.8492 1.22913
0.453125 4.35696 5.08816	0 16.5159 1.25599
0.453369 5.03205 5.10677	0 19.7315 1.31158
0.453613 4.67394 5.12792	0 19.4076 1.398
0.453857 5.9521 5.15076	0 30.3355 1.51559
0.454102 5.22251 5.17402	0 27.4604 1.66075
0.454346 5.20401 5.19617	0 36.6091 1.8238
0.45459 5.17532 5.21553	0 25.824 1.9882
0.454834 5.03389 5.23051	0 26.4438 2.13213
0.455078 5.44732 5.23977	0 36.2662 2.23279
0.455322 5.76269 5.24243	0 36.2611 2.27233
0.455566 5.24007 5.23814	0 33.865 2.24352
0.455811 4.69641 5.2273	0 35.972 2.15307
0.456055 5.75897 5.21097	0 25.472 2.02058
0.456299 6.09967 5.19089	0 34.4779 1.87328
0.456543 5.11685 5.16924	0 24.5288 1.73805
0.456787 4.64493 5.1484	0 22.4789 1.63377
0.457031 4.90515 5.13059	0 36.0151 1.56701
0.457275 4.31911 5.11752	0 19.8424 1.53265
0.45752 4.97646 5.11016	0 25.0068 1.51881
0.457764 5.42037 5.10856	0 35.6665 1.51342
0.458008 4.8602 5.11186	0 22.6761 1.50956
0.458252 5.35175 5.11846	0 23.1539 1.50722
0.458496 5.05334 5.12629	0 28.6102 1.51144
0.45874 5.14491 5.13316	0 33.5997 1.52826
0.458984 5.50215 5.13706	0 29.3662 1.56079
0.459229 4.40662 5.13652	0 17.8969 1.60732
0.459473 6.08516 5.13076	0 26.4665 1.66206
0.459717 5.49717 5.11979	0 26.6155 1.71769
0.459961 5.4158 5.10437	0 33.9159 1.76849
0.460205 4.75626 5.08589	0 21.4217 1.81227
0.460449 5.04581 5.06614	0 25.1629 1.85045
0.460693 3.85509 5.04712	0 14.0431 1.88663
0.460938 5.57732 5.03078	0 31.303 1.92465
0.461182 5.52416 5.01887	0 28.4091 1.96731
0.461426 4.89202 5.01284	0 28.3561 2.01607
0.46167 4.5719 5.01378	0 25.3306 2.07143
0.461914 4.77709 5.02236	0 16.8136 2.13316
0.462158 4.77979 5.03884	0 22.8969 2.19986
0.462402 5.02528 5.063	0 29.0302 2.26825
0.462646 5.4037 5.09414	0 27.1534 2.3328
0.462891 4.65355 5.13101	0 21.1837 2.38623
0.463135 5.7754 5.1718	0 33.1849 2.42112
0.463379 4.18509 5.21419	0 17.7344 2.43181
0.463623 5.37499 5.25552	0 28.853 2.41592
0.463867 5.39309 5.29295	0 23.0625 2.37477
0.464111 5.28508 5.32382	0 28.2456 2.31282
0.464355 6.51357 5.34596	0 39.1661 2.23637
0.4646 5.45203 5.35801	0 22.9866 2.15214
0.464844 5.94467 5.35959	0 30.7764 2.0662
0.465088 4.52527 5.35141	0 20.6876 1.98355
0.465332 6.07686 5.3351	0 33.4474 1.90847
0.465576 5.4763 5.31295	0 29.364 1.84517
0.46582 5.31404 5.28751	0 30.8406 1.79843
0.466064 4.90965 5.26117	0 15.9823 1.77333
0.466309 4.80904 5.2358	0 16.0223 1.77379
0.466553 4.47917 5.21257	0 14.5788 1.8004
0.466797 5.89709 5.19185	0 33.8062 1.84841
0.467041 4.77493 5.17339	0 21.1229 1.90724
0.467285 5.21415 5.15654	0 21.5855 1.96231
0.467529 5.84539 5.14057	0 53.819 1.99893
0.467773 5.4235 5.12498	0 23.9979 2.00687
0.468018 4.53498 5.10962	0 15.6811 1.98367
0.468262 5.11292 5.09478	0 22.6909 1.93532
0.468506 5.31252 5.08112	0 35.2947 1.87397
0.46875 4.79823 5.06946	0 26.7314 1.81353
0.468994 4.89488 5.0606	0 16.2428 1.76511
0.469238 4.80523 5.05512	0 25.1663 1.73388
0.469482 5.13091 5.05326	0 24.1056 1.71832
0.469727 5.34761 5.05485	0 21.6114 1.71201
0.469971 4.55224 5.05939	0 14.8344 1.70701
0.470215 4.74863 5.0661	0 20.2081 1.69765
0.470459 6.08585 5.0741	0 39.0035 1.68324
0.470703 4.2463 5.08253	0 15.4117 1.6684
0.470947 5.49996 5.09073	0 26.4606 1.66096
0.471191 5.37962 5.09827	0 27.2554 1.66825
0.471436 4.89222 5.10502	0 22.4157 1.69354
0.47168 5.21453 5.11113	0 27.7083 1.73479
0.471924 4.55492 5.11689	0 22.3434 1.78617
0.472168 5.78126 5.12265	0 31.5587 1.84167
0.472412 5.25815 5.12861	0 22.3593 1.89843
0.472656 5.02345 5.13473	0 20.6306 1.9579
0.4729 4.72203 5.14063	0 20.2979 2.02412
0.473145 4.45263 5.14562	0 21.4885 2.10028
0.473389 5.34321 5.14879	0 43.2596 2.18579
0.473633 5.96896 5.14921	0 32.3938 2.27542
0.473877 5.11032 5.14615	0 17.742 2.36108
0.474121 5.55877 5.13923	0 27.2871 2.43497
0.474365 5.55051 5.12848	0 35.8503 2.49236
0.474609 4.56581 5.11433	0 19.2152 2.53241
0.474854 5.49027 5.09749	0 30.1978 2.55674
0.475098 4.3722 5.07872	0 18.9434 2.5667
0.475342 4.72832 5.0587	0 20.9966 2.561
0.475586 4.96293 5.03795	0 33.6733 2.53534
0.47583 5.73815 5.01678	0 30.5264 2.4844
0.476074 5.0343 4.9954	0 24.0811 2.40526
0.476318 5.51931 4.97399	0 26.9984 2.3004
0.476562 4.15834 4.95284	0 14.0245 2.1787
0.476807 4.9794 4.93232	0 24.9765 2.05364
0.477051 5.18212 4.9129	0 25.5711 1.93928
0.477295 4.82878 4.89506	0 22.7789 1.84577
0.477539 4.56582 4.87917	0 20.0767 1.77605
0.477783 4.37602 4.86545	0 17.0299 1.72532
0.478027 5.08522 4.85388	0 25.4047 1.68335
0.478271 5.47531 4.84426	0 27.0663 1.63884
0.478516 4.44186 4.83622	0 23.492 1.58381
0.47876 5.21506 4.8293	0 27.2256 1.51626
0.479004 4.30532 4.82307	0 27.3334 1.44006
0.479248 4.5493 4.81716	0 20.1756 1.36266
0.479492 4.69735 4.81143	0 24.497 1.29195
0.479736 5.8268 4.80595	0 27.2255 1.23392
0.47998 4.33212 4.80113	0 16.7769 1.19175
0.480225 5.00048 4.79764	0 33.7328 1.16638
0.480469 4.87752 4.79643	0 18.3572 1.15759
0.480713 4.57628 4.79856	0 26.1796 1.16494
0.480957 4.38667 4.8051	0 22.3808 1.18799
0.481201 4.72592 4.81696	0 36.9071 1.22607
0.481445 4.74489 4.83474	0 20.7701 1.27768
0.481689 4.68779 4.85859	0 20.1722 1.34015
0.481934 5.03953 4.88814	0 23.3256 1.40959
0.482178 5.24574 4.92249	0 26.7061 1.48122
0.482422 4.48546 4.9602	0 17.6732 1.5499
0.482666 4.54128 4.99947	0 23.254 1.61054
0.48291 5.13782 5.03827	0 24.2937 1.6587
0.483154 5.00047 5.07458	0 17.7789 1.69132
0.483398 5.90848 5.10667	0 50.7748 1.70789
0.483643 4.80742 5.13329	0 30.7082 1.71159
0.483887 6.26907 5.15384	0 35.1497 1.70993
0.484131 5.00673 5.1684	0 17.8599 1.71388
0.484375 5.22492 5.17762	0 23.626 1.73529
0.484619 4.91102 5.18252	0 20.2562 1.78311
0.484863 4.5631 5.1842	0 17.5435 1.85963
0.485107 5.44918 5.18356	0 26.3295 1.95871
0.485352 5.8547 5.18112	0 34.7191 2.06704
0.485596 4.21626 5.17691	0 17.5366 2.16814
0.48584 5.43704 5.17049	0 28.2265 2.24727
0.486084 5.55027 5.16116	0 40.1134 2.29499
0.486328 5.1785 5.14814	0 22.3399 2.30785
0.486572 5.45257 5.13083	0 30.821 2.28647
0.486816 4.30327 5.10907	0 15.3999 2.23285
0.487061 5.58037 5.08327	0 25.2605 2.14879
0.487305 6.2682 5.05446	0 43.0011 2.03651
0.487549 4.3332 5.02421	0 16.1731 1.90059
0.487793 5.05678 4.99449	0 20.9925 1.7497
0.488037 4.8074 4.96739	0 20.9923 1.59673
0.488281 4.27553 4.94485	0 21.0815 1.45694
0.488525 4.58757 4.92839	0 23.9832 1.34491
0.48877 5.16056 4.91897	0 20.8013 1.2716
0.489014 5.24646 4.91688	0 39.3144 1.24235
0.489258 4.75134 4.92172	0 15.286 1.25637
0.489502 4.17325 4.93256	0 18.452 1.30737
0.489746 5.02735 4.9481	0 22.8676 1.38504
0.48999 4.907 4.96683	0 22.0288 1.47693
0.490234 5.61457 4.98728	0 28.1433 1.57033
0.490479 4.87361 5.00818	0 22.3228 1.65403
0.490723 4.99844 5.02851	0 18.934 1.71977
0.490967 5.09246 5.0476	0 28.2177 1.7632
0.491211 5.27407 5.06506	0 25.9179 1.78404
0.491455 5.19214 5.08074	0 21.3616 1.78546
0.491699 4.7646 5.0946	0 21.3033 1.77265
0.491943 4.48841 5.10666	0 17.1029 1.75116
0.492188 5.88647 5.11696	0 35.3897 1.72554
0.492432 4.98018 5.12552	0 25.7372 1.69878
0.492676 5.55631 5.13234	0 27.5767 1.67232
0.49292 5.32148 5.13746	0 25.9609 1.64646
0.493164 4.58058 5.14097	0 19.2833 1.62094
0.493408 5.03627 5.143	0 19.9668 1.59569
0.493652 5.22075 5.14373	0 29.293 1.57183
0.493896 5.37948 5.14341	0 33.8464 1.55258
0.494141 5.67008 5.14236	0 27.5556 1.54317
0.494385 4.12448 5.14099	0 14.7301 1.54958
0.494629 5.71857 5.13977	0 37.1716 1.57618
0.494873 4.99718 5.1392	0 14.7857 1.62382
0.495117 4.80797 5.13976	0 29.4208 1.68915
0.495361 6.05792 5.14169	0 40.188 1.76585
0.495605 5.28155 5.14489	0 40.4734 1.84652
0.49585 3.76657 5.14865	0 12.9723 1.92433
0.496094 5.40149 5.15153	0 38.3448 1.99349
0.496338 4.55703 5.15125	0 17.4703 2.04887
0.496582 5.77866 5.14464	0 35.2684 2.08573
0.496826 5.41172 5.12768	0 22.4042 2.10011
0.49707 5.99048 5.09562	0 40.6306 2.08997
0.497314 4.84818 5.04312	0 19.4684 2.05621
0.497559 5.33919 4.96443	0 34.7644 2.00276
0.497803 5.14284 4.85374	0 18.614 1.93546
0.498047 5.21246 4.70558	0 20.5007 1.85977
0.498291 4.62386 4.51544	0 21.7308 1.77855
0.498535 5.03077 4.28052	0 31.2621 1.69059
0.498779 5.57724 4.00052	0 31.8196 1.59095
0.499023 4.79028 3.67833	0 14.0883 1.47302
0.499268 3.98275 3.3204	0 19.0779 1.3316
0.499512 4.35787 2.93664	0 19.5552 1.16597
0.499756 4.19232 2.14392	0 41.1339 0.788928
