0 0 2.68617	0 0 0.642645
0.000244141 5.01359 3.2109	0 20.7766 0.866047
0.000488281 5.45876 3.75532	0 29.7677 1.1259
0.000732422 5.53699 4.30664	0 20.3664 1.41874
0.000976562 5.67095 4.85398	0 30.3896 1.73978
0.0012207 4.75412 5.38946	0 20.3452 2.08276
0.00146484 6.29617 5.90877	0 32.3404 2.43982
0.00170898 6.75675 6.41104	0 55.532 2.8028
0.00195312 7.41087 6.8983	0 39.7972 3.16653
0.00219727 7.40135 7.37451	0 64.1324 3.53409
0.00244141 8.25182 7.84453	0 64.623 3.92156
0.00268555 7.13537 8.3132	0 63.5996 4.35881
0.00292969 7.95978 8.78454	0 66.0094 4.88343
0.00317383 9.47298 9.2613	0 90.5275 5.52796
0.00341797 9.18376 9.74473	0 65.9657 6.30448
0.00366211 11.6841 10.2345	0 135.165 7.19286
0.00390625 10.0055 10.7289	0 143.759 8.13824
0.00415039 10.6993 11.2244	0 133.94 9.05962
0.00439453 11.556 11.7163	0 172.727 9.86709
0.00463867 13.9925 12.1983	0 123.423 10.4827
0.00488281 11.948 12.6629	0 140.643 10.8591
0.00512695 11.3701 13.1015	0 111.516 10.9923
0.00537109 14.0866 13.5052	0 167.391 10.924
0.00561523 16.6363 13.8651	0 318.261 10.7326
0.00585938 14.881 14.1739	0 175.019 10.514
0.00610352 16.0032 14.4266	0 241.893 10.3547
0.00634766 15.2063 14.6213	0 295.096 10.308
0.0065918 16.1811 14.7598	0 234.539 10.3813
0.00683594 15.3873 14.8476	0 312.532 10.541
0.00708008 17.4905 14.8931	0 230.837 10.7339
0.00732422 13.7624 14.9071	0 122.828 10.9152
0.00756836 13.1188 14.9009	0 215.585 11.0727
0.0078125 15.7203 14.8852	0 191.22 11.2354
0.00805664 13.415 14.8691	0 191.151 11.4652
0.00830078 14.8994 14.859	0 244.879 11.8331
0.00854492 15.3902 14.8582	0 246.918 12.3906
0.00878906 13.2223 14.8674	0 211.203 13.1454
0.0090332 13.387 14.8848	0 174.544 14.0515
0.00927734 18.0962 14.9072	0 231.674 15.0157
0.00952148 15.981 14.9309	0 327.433 15.9208
0.00976562 12.0158 14.9522	0 143.642 16.6557
0.0100098 16.221 14.9685	0 242.113 17.1422
0.0102539 16.219 14.9782	0 221.975 17.3508
0.010498 13.759 14.981	0 187.961 17.3009
0.0107422 16.0104 14.9778	0 276.118 17.0481
0.0109863 16.4905 14.9702	0 246.223 16.6663
0.0112305 12.1995 14.9602	0 138.76 16.2295
0.0114746 15.6176 14.9499	0 202.208 15.8005
0.0117188 13.6711 14.941	0 205.624 15.4263
0.0119629 17.037 14.9346	0 314.169 15.1395
0.012207 13.2928 14.9314	0 143.078 14.9604
0.0124512 15.5851 14.9316	0 295.698 14.8997
0.0126953 16.3649 14.935	0 231.486 14.9586
0.0129395 12.994 14.9411	0 144.106 15.1279
0.0131836 14.6476 14.9494	0 251.024 15.3881
0.0134277 14.7428 14.9592	0 178.568 15.7137
0.0136719 16.65 14.97	0 293.064 16.0803
0.013916 14.9359 14.9812	0 204.896 16.4747
0.0141602 14.2514 14.9925	0 228.296 16.9002
0.0144043 14.9392 15.0037	0 301.494 17.3721
0.0146484 14.8317 15.0149	0 176.467 17.9031
0.0148926 15.1268 15.0266	0 214.115 18.481
0.0151367 15.3501 15.0394	0 215.954 19.0544
0.0153809 14.7863 15.0545	0 276.596 19.5354
0.015625 15.7599 15.0729	0 232.704 19.8253
0.0158691 14.8178 15.0958	0 205.587 19.8537
0.0161133 16.0068 15.1239	0 296.467 19.6139
0.0163574 13.2325 15.1574	0 141.113 19.1744
0.0166016 14.3994 15.196	0 169.064 18.6613
0.0168457 15.1391 15.2389	0 231.851 18.2173
0.0170898 16.0286 15.2851	0 243.524 17.9597
0.017334 14.3097 15.3345	0 160.982 17.9531
0.0175781 18.1087 15.3873	0 393.047 18.2078
0.0178223 16.6852 15.4454	0 329.18 18.698
0.0180664 14.0998 15.5112	0 194.493 19.3866
0.0183105 14.3801 15.5879	0 194.485 20.2431
0.0185547 14.5831 15.6782	0 335.804 21.2478
0.0187988 15.7944 15.7839	0 237.619 22.3849
0.019043 16.3535 15.9045	0 315.141 23.6298
0.0192871 14.0821 16.0376	0 186.251 24.9386
0.0195312 16.927 16.1785	0 357.351 26.2412
0.0197754 15.0914 16.3215	0 219.467 27.4409
0.0200195 16.04 16.4605	0 267.55 28.4196
0.0202637 19.0387 16.5903	0 337.637 29.053
0.0205078 19.1847 16.7076	0 400.541 29.2337
0.020752 18.321 16.8115	0 475.659 28.9011
0.0209961 16.5464 16.9036	0 300.135 28.0666
0.0212402 13.0741 16.9873	0 160.634 26.8241
0.0214844 17.1108 17.0673	0 240.936 25.3389
0.0217285 17.3275 17.1486	0 272.546 23.8168
0.0219727 18.2899 17.2367	0 319.875 22.465
0.0222168 17.1853 17.3362	0 308.562 21.4583
0.0224609 16.8839 17.452	0 228.473 20.9195
0.0227051 17.9818 17.5885	0 313.659 20.9144
0.0229492 17.2631 17.75	0 296.583 21.4542
0.0231934 17.9586 17.9403	0 242.449 22.498
0.0234375 16.6083 18.1625	0 284.718 23.9519
0.0236816 18.7696 18.4177	0 329.059 25.6676
0.0239258 17.4592 18.7049	0 294.994 27.4484
0.0241699 16.5019 19.0203	0 234.01 29.0683
0.0244141 19.8406 19.3572	0 438.549 30.3038
0.0246582 19.4844 19.7065	0 437.368 30.9747
0.0249023 19.9147 20.0575	0 338.931 30.9853
0.0251465 22.3163 20.3997	0 661.678 30.3544
0.0253906 20.8259 20.7236	0 646.277 29.2254
0.0256348 22.9778 21.0224	0 587.462 27.8456
0.0258789 20.7575 21.2929	0 286.46 26.5185
0.026123 24.684 21.5354	0 545.431 25.5387
0.0263672 20.0442 21.754	0 289.447 25.1295
0.0266113 22.1674 21.9557	0 512.731 25.4005
0.0268555 22.4343 22.1495	0 454.125 26.3326
0.0270996 21.0161 22.3453	0 339.584 27.7889
0.0273438 23.0513 22.5532	0 750.43 29.5451
0.0275879 21.9389 22.7827	0 558.498 31.3323
0.027832 20.7431 23.0421	0 369.052 32.8878
0.0280762 25.4423 23.3389	0 661.724 34.01
0.0283203 22.7289 23.6791	0 494.477 34.6074
0.0285645 23.2324 24.0675	0 556.934 34.732
0.0288086 22.9441 24.5073	0 434.235 34.5831
0.0290527 25.2146 25.0001	0 768.949 34.4753
0.0292969 21.8594 25.5454	0 450.346 34.772
0.029541 29.8992 26.1409	0 605.901 35.7985
0.0297852 23.0457 26.7825	0 621.543 37.7609
0.0300293 24.9067 27.465	0 769.773 40.6931
0.0302734 30.0809 28.1833	0 926.54 44.4529
0.0305176 27.8723 28.9336	0 734.226 48.765
0.0307617 33.1842 29.7145	0 1004.87 53.3044
0.0310059 29.8435 30.5286	0 663.812 57.7984
0.03125 30.4187 31.3822	0 984.793 62.1208
0.0314941 34.0129 32.2855	0 950.293 66.3488
0.0317383 27.2896 33.2508	0 593.597 70.7592
0.0319824 35.5772 34.2908	0 1133.43 75.7591
0.0322266 37.2753 35.416	0 1652.52 81.7733
0.0324707 32.0751 36.6322	0 856.538 89.1241
0.0327148 34.3739 37.9394	0 1598.01 97.938
0.032959 33.1832 39.3307	0 999.553 108.097
0.0332031 40.9906 40.7935	0 1682.62 119.237
0.0334473 41.6315 42.3119	0 1352.94 130.789
0.0336914 50.049 43.8696	0 2706.52 142.059
0.0339355 46.3051 45.4537	0 1969.59 152.348
0.0341797 50.4238 47.0574	0 2214.06 161.103
0.0344238 43.0718 48.6831	0 2027.38 168.077
0.034668 50.5632 50.3423	0 3040.6 173.478
0.0349121 56.574 52.0559	0 3478.62 178.046
0.0351562 53.4299 53.8524	0 2766.48 183.043
0.0354004 49.2225 55.7662	0 2745.53 190.131
0.0356445 55.9054 57.835	0 2590.83 201.142
0.0358887 50.7959 60.0989	0 2557.99 217.789
0.0361328 61.3571 62.5977	0 2918.72 241.324
0.036377 65.3924 65.3706	0 4007.21 272.194
0.0366211 72.0554 68.4542	0 5157.95 309.763
0.0368652 64.79 71.8815	0 2894.92 352.233
0.0371094 65.5181 75.6808	0 5279.86 396.936
0.0373535 66.0319 79.8751	0 3542.64 441.172
0.0375977 80.5995 84.483	0 6098.74 483.513
0.0378418 76.2805 89.5196	0 6802.03 525.275
0.0380859 100.787 94.9997	0 12618.9 571.502
0.0383301 101.127 100.941	0 9847.22 630.828
0.0385742 106.087 107.365	0 6663.69 713.869
0.0388184 107.602 114.303	0 11380.6 830.517
0.0390625 110.489 121.792	0 8519.26 987.159
0.0393066 109.964 129.875	0 10270.8 1185.14
0.0395508 130.747 138.603	0 13936.2 1421.44
0.0397949 144.905 148.022	0 26312.5 1691.36
0.0400391 147.438 158.178	0 19172.1 1992.22
0.0402832 174.657 169.105	0 30746.9 2325.91
0.0405273 164.943 180.824	0 18479.4 2699.03
0.0407715 174.446 193.334	0 32107.4 3119.85
0.0410156 169.031 206.609	0 27849.3 3593.45
0.0412598 227.64 220.597	0 52520.4 4116.68
0.0415039 214.902 235.213	0 54140.1 4675.34
0.041748 244.218 250.337	0 63697.1 5244.78
0.0419922 300.19 265.811	0 94880.3 5794
0.0422363 289.341 281.44	0 80698.4 6292.06
0.0424805 261.445 296.986	0 104401 6714.64
0.0427246 304.317 312.169	0 77981.3 7048.7
0.0429688 319.761 326.677	0 100982 7293.67
0.0432129 343.756 340.172	0 114783 7459
0.043457 406.328 352.307	0 131195 7559.33
0.0437012 437.835 362.745	0 226229 7609.33
0.0439453 385.243 371.182	0 131793 7619.75
0.0441895 424.977 377.359	0 150971 7595.55
0.0444336 386.691 381.08	0 117208 7535.84
0.0446777 411.627 382.218	0 152525 7435.08
0.0449219 446.581 380.72	0 194198 7285.19
0.045166 416.606 376.608	0 190197 7078.63
0.0454102 365.837 369.978	0 159391 6811.96
0.0456543 434.339 360.996	0 243739 6488.78
0.0458984 371.043 349.894	0 111550 6120.39
0.0461426 371.425 336.965	0 133556 5723.39
0.0463867 345.519 322.544	0 143532 5314.92
0.0466309 257.273 307.002	0 70293.1 4907.97
0.046875 329.923 290.718	0 93169.6 4509.11
0.0471191 287.27 274.065	0 86552.7 4119.61
0.0473633 240.888 257.388	0 48192 3738.64
0.0476074 201.268 240.984	0 39329.4 3366.57
0.0478516 210.147 225.098	0 49304 3006.46
0.0480957 202.01 209.909	0 33627.5 2663.6
0.0483398 181.718 195.538	0 26856.6 2343.79
0.048584 161.295 182.051	0 25231.4 2051.57
0.0488281 173.936 169.472	0 25668.6 1789.15
0.0490723 147.19 157.793	0 18041.7 1556.35
0.0493164 132.048 146.986	0 19019.9 1351.31
0.0495605 113.335 137.015	0 12897.4 1171.5
0.0498047 141.384 127.841	0 11220 1014.54
0.0500488 105.271 119.424	0 10866.6 878.614
0.050293 107.143 111.728	0 12938.9 762.424
0.0505371 86.9027 104.714	0 7097.11 664.842
0.0507812 82.7259 98.3406	0 6192.55 584.496
0.0510254 94.9921 92.5634	0 12592.6 519.495
0.0512695 80.0068 87.3322	0 6062.74 467.371
0.0515137 69.1445 82.5925	0 4366.98 425.286
0.0517578 79.8319 78.2878	0 5735.47 390.37
0.052002 79.0004 74.3615	0 7357.03 360.069
0.0522461 67.5469 70.7608	0 5546.96 332.399
0.0524902 57.1461 67.4384	0 2861.27 306.042
0.0527344 57.1893 64.3554	0 2731.28 280.338
0.0529785 62.9899 61.482	0 3478.11 255.191
0.0532227 68.9328 58.7971	0 4391.32 230.933
0.0534668 52.382 56.2883	0 2190.66 208.145
0.0537109 48.6877 53.9493	0 2249.94 187.462
0.0539551 50.0884 51.7772	0 2903.45 169.393
0.0541992 42.8912 49.7707	0 2009.4 154.207
0.0544434 44.1468 47.9266	0 1605.05 141.875
0.0546875 47.6382 46.2385	0 2223.56 132.087
0.0549316 41.7194 44.6962	0 1588.96 124.31
0.0551758 42.436 43.2856	0 2032.05 117.885
0.0554199 38.5093 41.9901	0 1223.78 112.153
0.0556641 42.5153 40.7922	0 1787.48 106.588
0.0559082 38.2774 39.6753	0 1364.16 100.899
0.0561523 42.9443 38.6249	0 2022.87 95.0672
0.0563965 38.5045 37.6298	0 1410.52 89.2972
0.0566406 26.996 36.6817	0 766.449 83.9031
0.0568848 38.5258 35.7752	0 1566.52 79.1785
0.0571289 35.6878 34.9075	0 1137.44 75.2996
0.057373 32.8169 34.0772	0 1395.67 72.2897
0.0576172 36.044 33.2844	0 960.184 70.0444
0.0578613 31.3154 32.53	0 1070.54 68.39
0.0581055 30.5348 31.816	0 1120.77 67.1434
0.0583496 26.1581 31.1445	0 865.717 66.1519
0.0585938 33.1907 30.5188	0 1123.04 65.3068
0.0588379 31.9197 29.9421	0 715.592 64.5372
0.059082 27.9224 29.4175	0 727.982 63.795
0.0593262 25.4791 28.9476	0 711.47 63.0397
0.0595703 30.2299 28.5331	0 972.048 62.2302
0.0598145 27.5218 28.1726	0 554.412 61.3219
0.0600586 24.3947 27.8613	0 859.866 60.2701
0.0603027 27.487 27.5916	0 537.364 59.0344
0.0605469 24.0153 27.3525	0 533.871 57.5885
0.060791 29.0076 27.131	0 1062.32 55.9343
0.0610352 27.6337 26.9132	0 565.074 54.1196
0.0612793 29.3391 26.686	0 931.967 52.2474
0.0615234 29.8314 26.439	0 695.933 50.4642
0.0617676 24.0731 26.1653	0 840.388 48.9176
0.0620117 21.9233 25.8633	0 373.803 47.6976
0.0622559 29.668 25.5365	0 964.375 46.7853
0.0625 28.6845 25.193	0 795.872 46.0412
0.0627441 22.8916 24.8448	0 427.684 45.2488
0.0629883 23.7022 24.506	0 519.384 44.2017
0.0632324 25.3999 24.1902	0 654.507 42.7977
0.0634766 22.6137 23.9086	0 508.769 41.0933
0.0637207 20.7092 23.6679	0 298.238 39.2918
0.0639648 19.5005 23.4693	0 365.746 37.668
0.064209 21.5846 23.3082	0 354.001 36.4686
0.0644531 22.2044 23.1757	0 462.048 35.8322
0.0646973 25.1558 23.0607	0 419.079 35.7633
0.0649414 26.9114 22.9525	0 732.621 36.1585
0.0651855 25.8358 22.844	0 630.117 36.8628
0.0654297 21.8895 22.7332	0 310.555 37.7184
0.0656738 24.979 22.6237	0 540.622 38.5866
0.065918 17.812 22.5243	0 267.234 39.3453
0.0661621 21.3208 22.4473	0 382.076 39.8803
0.0664062 23.4173 22.4052	0 751.887 40.0918
0.0666504 21.7186 22.4091	0 490.851 39.9191
0.0668945 18.4764 22.4658	0 241.626 39.3695
0.0671387 22.6485 22.5768	0 470.875 38.5277
0.0673828 18.9432 22.7381	0 482.504 37.5367
0.067627 22.8146 22.9408	0 618.337 36.5559
0.0678711 28.3061 23.1724	0 777.231 35.7161
0.0681152 22.2238 23.4187	0 467.214 35.0914
0.0683594 21.207 23.6659	0 498.526 34.6948
0.0686035 26.5715 23.9019	0 907.508 34.4963
0.0688477 22.6496 24.1175	0 595.985 34.4521
0.0690918 26.386 24.3077	0 768.816 34.5345
0.0693359 27.1875 24.4711	0 661.669 34.7534
0.0695801 25.8729 24.6099	0 535.069 35.16
0.0698242 23.5082 24.729	0 420.955 35.832
0.0700684 23.6404 24.8349	0 759.54 36.8413
0.0703125 21.8992 24.9348	0 556.607 38.218
0.0705566 26.7528 25.0361	0 564.404 39.923
0.0708008 26.2667 25.1455	0 528.292 41.845
0.0710449 24.6304 25.2697	0 561.713 43.8253
0.0712891 24.5021 25.4153	0 627.319 45.7049
0.0715332 26.9493 25.589	0 529.455 47.3815
0.0717773 26.884 25.7974	0 543.83 48.8524
0.0720215 21.0597 26.0473	0 388.048 50.225
0.0722656 28.4581 26.3447	0 1250.85 51.68
0.0725098 25.0422 26.6941	0 670.659 53.3931
0.0727539 23.1705 27.0981	0 368.044 55.4456
0.072998 30.1405 27.5566	0 922.579 57.7664
0.0732422 25.9039 28.0668	0 464.633 60.1439
0.0734863 27.7345 28.6237	0 933.295 62.3104
0.0737305 27.4073 29.2201	0 845.293 64.0618
0.0739746 31.2393 29.8477	0 783.246 65.3487
0.0742188 30.7106 30.4973	0 849.335 66.2923
0.0744629 36.8852 31.1595	0 1039.23 67.1174
0.074707 25.3393 31.8245	0 570.637 68.0464
0.0749512 31.2761 32.4828	0 936.14 69.2171
0.0751953 35.7287 33.1253	0 1203.38 70.6698
0.0754395 32.0987 33.7443	0 1331.67 72.4027
0.0756836 34.2725 34.3344	0 1025.54 74.4544
0.0759277 37.1445 34.8938	0 1071.47 76.9571
0.0761719 43.5591 35.4253	0 1799.26 80.1311
0.076416 32.0558 35.9371	0 1430.53 84.2269
0.0766602 36.0137 36.4429	0 1320.1 89.4447
0.0769043 39.8392 36.9608	0 1972.34 95.8638
0.0771484 30.5631 37.5123	0 1027.38 103.393
0.0773926 35.7752 38.1204	0 1516.24 111.754
0.0776367 44.2702 38.8073	0 1934.22 120.508
0.0778809 32.7855 39.5927	0 1408.35 129.163
0.078125 41.5331 40.4916	0 2400.08 137.344
0.0783691 41.2935 41.5134	0 2500.8 144.993
0.0786133 33.7161 42.66	0 1012.2 152.5
0.0788574 43.8784 43.926	0 1728.43 160.684
0.0791016 47.6412 45.2991	0 2127.7 170.585
0.0793457 39.6552 46.7609	0 1738.99 183.142
0.0795898 44.3436 48.2896	0 2263.12 198.85
0.079834 56.346 49.8629	0 2752.08 217.562
0.0800781 55.681 51.4606	0 2654.44 238.494
0.0803223 50.4409 53.0672	0 2586.75 260.466
0.0805664 59.6023 54.6735	0 5856.01 282.285
0.0808105 53.6507 56.2761	0 3595.52 303.148
0.0810547 58.7329 57.8759	0 3137.61 322.9
0.0812988 57.3182 59.475	0 2382.42 342.04
0.081543 63.2465 61.0732	0 4025.59 361.431
0.0817871 60.8768 62.6648	0 4859.78 381.797
0.0820312 57.2224 64.2373	0 2850.31 403.207
0.0822754 64.6217 65.7718	0 3797.03 424.81
0.0825195 73.041 67.246	0 4172.11 445.008
0.0827637 68.1954 68.6384	0 5012 462.061
0.0830078 70.7748 69.9338	0 4794.76 474.877
0.083252 81.1885 71.1275	0 6757.38 483.589
0.0834961 88.0827 72.2276	0 7807.32 489.645
0.0837402 67.1162 73.2538	0 3173.42 495.351
0.0839844 71.9617 74.2329	0 6526.19 503.115
0.0842285 71.429 75.1929	0 4236.65 514.718
0.0844727 70.2079 76.1551	0 4756.35 530.852
0.0847168 70.8623 77.1285	0 4900.23 550.998
0.0849609 71.6978 78.1064	0 4573.68 573.578
0.0852051 78.5396 79.0667	0 7890.5 596.286
0.0854492 93.2305 79.9755	0 6213.34 616.55
0.0856934 86.2723 80.7928	0 10223 632.039
0.0859375 84.6386 81.4789	0 6008.85 641.138
0.0861816 83.6144 81.9998	0 7932.14 643.248
0.0864258 86.9759 82.3317	0 8563.66 638.832
0.0866699 80.4637 82.4616	0 5584.76 629.179
0.0869141 89.0937 82.388	0 6459.21 615.966
0.0871582 81.7161 82.1188	0 7460.08 600.75
0.0874023 82.6147 81.669	0 6270.13 584.587
0.0876465 86.9048 81.059	0 7923.82 567.891
0.0878906 79.4848 80.3118	0 7353.81 550.592
0.0881348 88.9398 79.4514	0 7320.11 532.501
0.0883789 67.7706 78.5003	0 4867.41 513.675
0.088623 89.8376 77.4775	0 7836.86 494.593
0.0888672 62.377 76.3972	0 4068.89 476.02
0.0891113 74.2155 75.2669	0 5627.78 458.612
0.0893555 78.8148 74.0874	0 6673.41 442.464
0.0895996 77.2092 72.8536	0 6001.96 426.857
0.0898438 75.0941 71.556	0 5121.31 410.385
0.0900879 63.0686 70.1844	0 4368.41 391.463
0.090332 72.6849 68.7302	0 6499.35 369.009
0.0905762 63.7285 67.1907	0 3571.32 342.971
0.0908203 74.4865 65.5708	0 7080.23 314.463
0.0910645 71.0303 63.8842	0 5773.09 285.442
0.0913086 67.2779 62.1522	0 3926.02 258.096
0.0915527 53.0171 60.4017	0 3110.95 234.231
0.0917969 56.8532 58.6614	0 2888.13 214.888
0.092041 47.0733 56.9574	0 2002.41 200.246
0.0922852 53.983 55.3107	0 2916.14 189.763
0.0925293 55.7752 53.7348	0 3133.29 182.391
0.0927734 49.5914 52.2357	0 1691.48 176.812
0.0930176 50.1578 50.8131	0 1965.33 171.661
0.0932617 56.4506 49.4622	0 4326.45 165.771
0.0935059 44.3034 48.1756	0 1570.04 158.394
0.09375 48.2673 46.9449	0 2846.66 149.354
0.0939941 44.584 45.7608	0 2136.75 139.04
0.0942383 36.457 44.6134	0 1070.56 128.238
0.0944824 46.4987 43.4921	0 2039.03 117.861
0.0947266 40.1982 42.386	0 1212.95 108.684
0.0949707 43.106 41.2851	0 1847.93 101.187
0.0952148 38.6235 40.1822	0 1333.94 95.5101
0.095459 46.1021 39.0748	0 2146.43 91.4953
0.0957031 40.7632 37.9669	0 1722.32 88.7692
0.0959473 39.8496 36.8689	0 1182.53 86.84
0.0961914 28.6577 35.7967	0 495.889 85.205
0.0964355 31.8027 34.7695	0 1032.74 83.4616
0.0966797 35.3166 33.8059	0 1265.58 81.3929
0.0969238 26.6717 32.921	0 1080.53 78.988
0.097168 31.0063 32.1232	0 969.918 76.3801
0.0974121 33.6929 31.4125	0 1154.4 73.7306
0.0976562 26.602 30.7807	0 928.55 71.1199
0.0979004 25.6274 30.2124	0 980.03 68.5054
0.0981445 31.2187 29.6879	0 784.05 65.7672
0.0983887 32.2155 29.1863	0 821.649 62.8058
0.0986328 29.1595 28.6891	0 772.557 59.6263
0.098877 32.6901 28.1825	0 950.77 56.3601
0.0991211 27.2441 27.6594	0 646.764 53.213
0.0993652 28.3063 27.1198	0 732.53 50.3781
0.0996094 23.8493 26.5698	0 683.442 47.9633
0.0998535 27.451 26.0196	0 903.936 45.9661
0.100098 24.4021 25.4811	0 447.19 44.2924
0.100342 25.1512 24.9654	0 987.819 42.7977
0.100586 19.0627 24.4806	0 597.405 41.3265
0.10083 27.6753 24.0307	0 520.908 39.7431
0.101074 18.2749 23.6154	0 287.738 37.9594
0.101318 23.7279 23.2309	0 807.416 35.9603
0.101562 22.8992 22.8715	0 859.834 33.8186
0.101807 26.5048 22.5312	0 619.64 31.6835
0.102051 24.2228 22.2055	0 575.708 29.7376
0.102295 19.248 21.8923	0 352.427 28.1332
0.102539 20.2321 21.5924	0 460.199 26.9385
0.102783 20.2108 21.3092	0 513.406 26.1195
0.103027 24.3276 21.0475	0 491.468 25.5678
0.103271 17.946 20.8125	0 336.533 25.1589
0.103516 21.7197 20.6084	0 393.16 24.8102
0.10376 16.6112 20.4377	0 315.007 24.5139
0.104004 19.3278 20.3004	0 352.331 24.3313
0.104248 19.9646 20.1942	0 333.31 24.3561
0.104492 20.0464 20.1147	0 328.909 24.6626
0.104736 23.9808 20.0564	0 427.389 25.2606
0.10498 18.8599 20.0128	0 258.607 26.0719
0.105225 19.0785 19.9774	0 373.295 26.9408
0.105469 16.9745 19.9445	0 277.968 27.6749
0.105713 21.4983 19.9092	0 471.336 28.1043
0.105957 19.8708 19.8681	0 443.747 28.1352
0.106201 22.5661 19.8192	0 664.65 27.7796
0.106445 19.6454 19.7625	0 297.561 27.1469
0.106689 19.0922 19.6991	0 311.072 26.4043
0.106934 19.8712 19.6314	0 290.351 25.7255
0.107178 21.7208 19.5621	0 423.712 25.2477
0.107422 16.5298 19.4937	0 206.175 25.0556
0.107666 18.7299 19.4279	0 346.436 25.1878
0.10791 16.2237 19.3657	0 283.765 25.6561
0.108154 21.3667 19.3075	0 416.713 26.4579
0.108398 20.5207 19.2536	0 359.543 27.5714
0.108643 22.0063 19.205	0 332.001 28.9348
0.108887 18.4684 19.1633	0 345.059 30.4265
0.109131 19.3341 19.1313	0 404.475 31.8634
0.109375 17.7788 19.1124	0 373.02 33.0304
0.109619 18.2157 19.1097	0 368.106 33.7347
0.109863 15.817 19.1257	0 275.87 33.8642
0.110107 16.4682 19.1613	0 293.687 33.4242
0.110352 25.2454 19.2161	0 773.718 32.5357
0.110596 19.5597 19.2876	0 287.234 31.3989
0.11084 17.6938 19.3725	0 314.981 30.2357
0.111084 19.1508 19.4657	0 376.16 29.235
0.111328 20.4602 19.5618	0 491.873 28.5117
0.111572 17.3928 19.6543	0 278.057 28.0878
0.111816 19.7353 19.7366	0 323.14 27.8943
0.112061 19.8859 19.8023	0 481.578 27.7939
0.112305 22.7021 19.8461	0 578.06 27.6228
0.112549 18.1451 19.8646	0 287.143 27.2419
0.112793 21.4462 19.8574	0 360.915 26.5834
0.113037 24.3474 19.8278	0 562.369 25.6733
0.113281 18.1373 19.7826	0 280.374 24.6215
0.113525 19.5813 19.7317	0 323.302 23.5851
0.11377 18.4198 19.6869	0 393.112 22.7215
0.114014 20.2467 19.6602	0 405.316 22.1542
0.114258 16.8145 19.6623	0 305.841 21.963
0.114502 18.2814 19.7008	0 383.005 22.1945
0.114746 18.6145 19.7796	0 289.264 22.879
0.11499 19.7217 19.8984	0 510.912 24.0348
0.115234 21.1945 20.0529	0 423.977 25.6527
0.115479 19.853 20.2364	0 391.295 27.6682
0.115723 18.4242 20.4403	0 268.534 29.9414
0.115967 21.4694 20.6563	0 419.019 32.2659
0.116211 19.6944 20.8773	0 520.841 34.4142
0.116455 25.9728 21.0984	0 764.82 36.2068
0.116699 18.991 21.3179	0 347.14 37.5727
0.116943 22.9049 21.5365	0 515.986 38.5709
0.117188 22.5845 21.7573	0 562.389 39.3601
0.117432 19.5585 21.9843	0 346.939 40.1303
0.117676 22.8043 22.2212	0 477.703 41.0261
0.11792 20.227 22.4703	0 449.215 42.0962
0.118164 22.8689 22.7313	0 370.923 43.2882
0.118408 23.3823 23.0016	0 434.822 44.4876
0.118652 20.285 23.2766	0 382.245 45.5846
0.118896 24.1359 23.5507	0 693.666 46.5386
0.119141 28.0747 23.8188	0 862.805 47.4159
0.119385 23.296 24.0776	0 477.362 48.3815
0.119629 26.1642 24.3257	0 677.2 49.648
0.119873 25.8196 24.5644	0 447.922 51.4019
0.120117 25.0281 24.7962	0 709.385 53.7345
0.120361 21.4527 25.0243	0 438.881 56.6036
0.120605 23.8766 25.2509	0 780.838 59.8323
0.12085 23.1458 25.4771	0 599.369 63.143
0.121094 28.0828 25.7023	0 769.523 66.2129
0.121338 26.3123 25.9251	0 985.563 68.7407
0.121582 26.1183 26.1439	0 554.202 70.5136
0.121826 32.3441 26.3583	0 775.71 71.4599
0.12207 24.9734 26.569	0 675.566 71.6725
0.122314 25.8707 26.778	0 762.589 71.3943
0.122559 25.9712 26.9878	0 559.404 70.9703
0.122803 23.0682 27.2007	0 553.109 70.7817
0.123047 27.5945 27.4175	0 638.729 71.1831
0.123291 29.7987 27.6367	0 952.652 72.4494
0.123535 28.3639 27.8549	0 1096.83 74.7308
0.123779 25.8679 28.0666	0 601.55 78.006
0.124023 33.4257 28.2654	0 890.054 82.0425
0.124268 28.9345 28.4447	0 681.729 86.3896
0.124512 22.0372 28.5987	0 336.151 90.4409
0.124756 33.66 28.7236	0 1203.42 93.5775
0.125 30.0698 28.8181	0 1481.91 95.3576
0.125244 25.7183 28.8844	0 1348.95 95.676
0.125488 32.3337 28.9283	0 904.378 94.814
0.125732 32.4887 28.9588	0 1233.36 93.345
0.125977 27.366 28.9871	0 471.033 91.9324
0.126221 30.1845 29.0254	0 864.787 91.1075
0.126465 26.5204 29.084	0 745.947 91.1155
0.126709 24.5145 29.1696	0 547.774 91.8767
0.126953 29.1546 29.2832	0 747.637 93.0562
0.127197 29.4188 29.4195	0 787.332 94.194
0.127441 26.9142 29.5668	0 673.595 94.8394
0.127686 29.2667 29.7088	0 942.634 94.6522
0.12793 31.1463 29.8273	0 712.107 93.4504
0.128174 35.7752 29.9047	0 992.154 91.2097
0.128418 35.4366 29.9271	0 1620.82 88.0279
0.128662 26.264 29.8855	0 750.747 84.0778
0.128906 32.4921 29.7769	0 922.574 79.5686
0.12915 27.9208 29.6041	0 828.86 74.7297
0.129395 31.181 29.3741	0 736.599 69.8146
0.129639 27.5844 29.0971	0 604.373 65.1065
0.129883 28.9892 28.7846	0 983.225 60.903
0.130127 30.1784 28.4485	0 737.772 57.4705
0.130371 28.8757 28.1001	0 637.753 54.9797
0.130615 27.0925 27.7495	0 679.96 53.4556
0.130859 27.637 27.4052	0 1001.45 52.7709
0.131104 25.7618 27.0738	0 563.743 52.6923
0.131348 24.3436 26.7595	0 607.046 52.9603
0.131592 27.7909 26.464	0 534.718 53.3654
0.131836 24.8391 26.1862	0 711.455 53.7892
0.13208 26.3892 25.9224	0 459.056 54.1993
0.132324 24.5394 25.6667	0 502.251 54.6095
0.132568 29.9659 25.4115	0 891.605 55.031
0.132812 18.998 25.1491	0 283.435 55.4361
0.133057 26.6737 24.872	0 846.733 55.7457
0.133301 27.4155 24.575	0 695.569 55.8441
0.133545 25.3237 24.2551	0 525.038 55.611
0.133789 23.9523 23.9129	0 744.224 54.9618
0.134033 23.6548 23.5522	0 830.041 53.8811
0.134277 25.2439 23.1793	0 555.776 52.4362
0.134521 22.4655 22.8029	0 723.864 50.7613
0.134766 18.2583 22.4319	0 216.523 49.0154
0.13501 24.4887 22.0749	0 650.739 47.3284
0.135254 19.071 21.7384	0 435.5 45.7582
0.135498 21.5864 21.4271	0 380.477 44.2763
0.135742 20.3301 21.1428	0 494.365 42.7888
0.135986 20.7195 20.8852	0 473.19 41.1823
0.13623 20.1933 20.6526	0 554.259 39.3783
0.136475 22.7514 20.4424	0 607.971 37.3753
0.136719 17.989 20.2517	0 316.332 35.2658
0.136963 20.1022 20.078	0 389.887 33.2218
0.137207 19.7584 19.919	0 406.477 31.4509
0.137451 22.0271 19.7725	0 446.55 30.1354
0.137695 17.2084 19.6362	0 240.013 29.3756
0.137939 17.2709 19.5068	0 251.845 29.1567
0.138184 21.7105 19.3803	0 373.508 29.3534
0.138428 19.388 19.2516	0 315.21 29.7697
0.138672 18.9554 19.1149	0 301.731 30.1967
0.138916 16.6175 18.9649	0 216.608 30.4656
0.13916 20.589 18.7967	0 511.758 30.4776
0.139404 22.1339 18.6073	0 601.969 30.2052
0.139648 19.4893 18.3957	0 333.41 29.673
0.139893 17.0099 18.1634	0 208.35 28.9313
0.140137 16.8657 17.9138	0 277.024 28.0355
0.140381 18.4282 17.6521	0 393.621 27.0375
0.140625 16.6811 17.3844	0 254.715 25.9864
0.140869 17.5477 17.1167	0 365.882 24.9321
0.141113 16.6382 16.8546	0 240.549 23.9239
0.141357 15.4229 16.6026	0 194.391 23.0013
0.141602 17.8248 16.3638	0 363.55 22.1803
0.141846 14.6576 16.1406	0 161.136 21.4424
0.14209 14.5629 15.9338	0 201.563 20.7356
0.142334 16.7218 15.7441	0 375.03 19.9918
0.142578 16.3823 15.5714	0 344.58 19.1557
0.142822 14.8607 15.4158	0 205.463 18.2163
0.143066 13.7891 15.2774	0 218.054 17.2238
0.143311 15.314 15.1561	0 255.795 16.2845
0.143555 16.7303 15.0515	0 218.444 15.5293
0.143799 13.2467 14.9629	0 147.757 15.0684
0.144043 15.0808 14.8884	0 191.035 14.9505
0.144287 13.4714 14.8252	0 288.028 15.143
0.144531 13.8969 14.7695	0 240.699 15.5431
0.144775 15.1299 14.7166	0 168.564 16.0133
0.14502 15.5727 14.6616	0 284.877 16.425
0.145264 15.6353 14.5998	0 219.667 16.6904
0.145508 14.5334 14.5276	0 187.104 16.7734
0.145752 15.1359 14.4425	0 271.768 16.6807
0.145996 14.4352 14.3437	0 265.684 16.4415
0.14624 14.9965 14.2318	0 360.203 16.089
0.146484 13.1113 14.1087	0 146.197 15.6497
0.146729 13.0182 13.9769	0 137.987 15.1408
0.146973 13.8045 13.84	0 141.651 14.5751
0.147217 16.5104 13.7014	0 254.086 13.9686
0.147461 12.749 13.5655	0 213.593 13.3458
0.147705 12.0741 13.4366	0 102.429 12.7398
0.147949 12.4521 13.3196	0 164.496 12.186
0.148193 14.4861 13.2199	0 256.956 11.7125
0.148438 12.712 13.1432	0 149.64 11.3349
0.148682 13.615 13.0946	0 151.095 11.0566
0.148926 11.0928 13.0789	0 151.168 10.8778
0.14917 13.2853 13.0989	0 171.185 10.8038
0.149414 11.7548 13.155	0 141.346 10.849
0.149658 11.8502 13.2447	0 170.034 11.0307
0.149902 12.9454 13.3618	0 134.908 11.3551
0.150146 11.5006 13.4971	0 128.786 11.8029
0.150391 15.3405 13.6386	0 210.446 12.3225
0.150635 15.3129 13.773	0 186.256 12.8383
0.150879 13.0214 13.8871	0 200.829 13.2705
0.151123 15.0782 13.9695	0 245.166 13.5587
0.151367 15.1719 14.0119	0 209.441 13.679
0.151611 17.0417 14.0102	0 356.795 13.6468
0.151855 13.354 13.9655	0 188.379 13.5085
0.1521 15.7408 13.8832	0 202.51 13.3236
0.152344 13.2941 13.7729	0 199.872 13.1468
0.152588 14.0832 13.6469	0 233.015 13.0118
0.152832 12.7235 13.5183	0 124.056 12.9224
0.153076 12.1892 13.3992	0 110.42 12.8534
0.15332 13.2713 13.2995	0 359.164 12.7646
0.153564 11.6638 13.2255	0 111.063 12.6222
0.153809 11.5086 13.1794	0 154.668 12.4175
0.154053 13.1697 13.1597	0 127.829 12.1714
0.154297 11.879 13.1622	0 153.437 11.9228
0.154541 14.1449 13.1813	0 242.479 11.7062
0.154785 13.828 13.2115	0 192.696 11.5343
0.155029 15.4843 13.2486	0 195.307 11.3961
0.155273 14.5315 13.2906	0 220.611 11.2715
0.155518 11.4459 13.3377	0 101.274 11.1531
0.155762 13.7887 13.3918	0 215.716 11.0625
0.156006 11.0997 13.4555	0 123.444 11.0489
0.15625 13.0225 13.531	0 129.99 11.1699
0.156494 13.5981 13.6197	0 217.82 11.4637
0.156738 12.7847 13.7212	0 129.776 11.9248
0.156982 14.5677 13.8337	0 242.793 12.4991
0.157227 15.2613 13.9539	0 227.037 13.1021
0.157471 14.0613 14.0782	0 273.022 13.6531
0.157715 13.4925 14.2025	0 238.155 14.1118
0.157959 14.1749 14.323	0 194.564 14.4973
0.158203 16.1667 14.4366	0 326.081 14.8832
0.158447 11.7083 14.5408	0 90.0346 15.3669
0.158691 15.4904 14.6338	0 211.137 16.0286
0.158936 16.1621 14.7148	0 299.766 16.8942
0.15918 15.7045 14.7836	0 366.752 17.9177
0.159424 15.8843 14.841	0 250.09 18.9871
0.159668 13.3813 14.8883	0 288.058 19.9533
0.159912 14.3463 14.9275	0 188.655 20.672
0.160156 15.3179 14.9613	0 291.646 21.0457
0.1604 13.6338 14.9927	0 242.269 21.0532
0.160645 15.2783 15.025	0 212.344 20.7591
0.160889 19.6259 15.0617	0 436.662 20.2978
0.161133 13.2878 15.1057	0 172.912 19.8383
0.161377 13.0291 15.1591	0 191.494 19.5406
0.161621 15.2811 15.2227	0 177.185 19.516
0.161865 13.0809 15.2953	0 145.696 19.8041
0.162109 16.0952 15.3739	0 212.025 20.3711
0.162354 16.0986 15.4539	0 272.276 21.1298
0.162598 13.7492 15.5297	0 231.121 21.9702
0.162842 19.041 15.5952	0 440.597 22.7928
0.163086 15.3525 15.6454	0 188.156 23.532
0.16333 17.2265 15.6766	0 432.518 24.1623
0.163574 14.9777 15.6869	0 199.806 24.6878
0.163818 16.4484 15.6764	0 261.431 25.1213
0.164062 15.7015 15.647	0 203.579 25.4625
0.164307 14.8241 15.6013	0 236.682 25.6873
0.164551 15.9032 15.5428	0 318.972 25.7523
0.164795 14.2977 15.475	0 193.913 25.6119
0.165039 17.6477 15.4012	0 302.458 25.2413
0.165283 15.5295 15.3242	0 279.726 24.6556
0.165527 13.5098 15.2467	0 135.12 23.916
0.165771 15.9725 15.1711	0 242.834 23.1198
0.166016 14.0762 15.0996	0 227.448 22.3761
0.16626 16.6543 15.0343	0 224.586 21.7732
0.166504 13.6572 14.9772	0 155.375 21.3512
0.166748 14.2377 14.9296	0 176.385 21.091
0.166992 16.2701 14.8927	0 341.765 20.9238
0.167236 14.9467 14.8664	0 213.799 20.7579
0.16748 12.8161 14.85	0 184.61 20.511
0.167725 14.8953 14.842	0 208.767 20.1353
0.167969 13.047 14.8402	0 110.96 19.6295
0.168213 17.4182 14.842	0 264.339 19.0369
0.168457 15.3364 14.8449	0 246.317 18.4338
0.168701 14.4015 14.847	0 201.847 17.9128
0.168945 15.29 14.8469	0 183.001 17.5641
0.169189 16.1355 14.8439	0 239.372 17.4549
0.169434 12.0899 14.8379	0 137.231 17.6133
0.169678 14.5569 14.8292	0 237.121 18.0208
0.169922 16.6881 14.8179	0 285.093 18.618
0.170166 14.0251 14.8035	0 160.713 19.3244
0.17041 16.0544 14.785	0 310.275 20.0654
0.170654 13.8687 14.7602	0 236.697 20.795
0.170898 12.8381 14.7259	0 145.371 21.5032
0.171143 17.53 14.6783	0 275.22 22.2006
0.171387 14.3772 14.6132	0 188.785 22.8873
0.171631 14.2688 14.5266	0 182.96 23.5195
0.171875 13.0587 14.4161	0 129.008 23.9955
0.172119 16.5556 14.281	0 304.619 24.174
0.172363 15.1815 14.1237	0 273.527 23.9207
0.172607 15.8029 13.9493	0 333.817 23.1659
0.172852 15.4051 13.7654	0 193.7 21.9431
0.173096 12.8767 13.5812	0 126.327 20.3889
0.17334 10.54 13.4063	0 91.7743 18.7035
0.173584 11.4872 13.2487	0 103.296 17.0902
0.173828 11.0527 13.1142	0 122.598 15.7003
0.174072 13.1578 13.0051	0 187.861 14.604
0.174316 14.0127 12.9208	0 192.692 13.7937
0.174561 12.5932 12.858	0 122.252 13.2087
0.174805 12.6704 12.8114	0 184.969 12.769
0.175049 13.8698 12.7753	0 222.029 12.4026
0.175293 14.2505 12.7442	0 158.204 12.0622
0.175537 10.6106 12.713	0 101.656 11.7292
0.175781 11.9422 12.6778	0 112.094 11.4088
0.176025 12.3914 12.6355	0 145.656 11.1192
0.17627 14.3664 12.5838	0 215.276 10.8795
0.176514 12.738 12.5211	0 113.141 10.6984
0.176758 12.0973 12.4466	0 117.69 10.5682
0.177002 12.6064 12.3603	0 161.789 10.467
0.177246 12.8905 12.2631	0 147.939 10.3665
0.17749 13.1467 12.1571	0 157.599 10.2442
0.177734 11.4644 12.0452	0 122.508 10.0927
0.177979 11.3491 11.9311	0 109.006 9.92293
0.178223 10.9677 11.8189	0 132.134 9.75905
0.178467 13.5012 11.7128	0 173.548 9.63118
0.178711 9.94473 11.6168	0 110.002 9.5683
0.178955 11.8539 11.534	0 121.27 9.59514
0.179199 11.1937 11.4667	0 125.606 9.73134
0.179443 11.0419 11.4162	0 137.958 9.99
0.179688 10.5104 11.3822	0 107.94 10.3729
0.179932 11.377 11.3631	0 111.489 10.8619
0.180176 11.5952 11.356	0 142.059 11.4109
0.18042 10.9892 11.3571	0 106.003 11.9418
0.180664 10.4421 11.3622	0 114.445 12.3523
0.180908 11.7144 11.3671	0 167.855 12.5365
0.181152 11.6103 11.3686	0 144.933 12.4143
0.181396 12.9133 11.3648	0 278.417 11.9605
0.181641 12.2489 11.3554	0 110.58 11.2194
0.181885 11.1394 11.3418	0 94.7324 10.2984
0.182129 11.6882 11.3265	0 124.877 9.34045
0.182373 10.652 11.3123	0 94.1988 8.48635
0.182617 9.55055 11.3018	0 93.8858 7.84111
0.182861 9.7173 11.2967	0 119.703 7.45494
0.183105 12.3638 11.2969	0 166.613 7.32191
0.18335 12.3364 11.3011	0 166.88 7.3929
0.183594 11.8807 11.3066	0 131.667 7.59557
0.183838 10.7209 11.3102	0 116.47 7.85465
0.184082 10.7089 11.3085	0 87.6446 8.10751
0.184326 12.3121 11.2987	0 130.183 8.31264
0.18457 10.7453 11.2787	0 101.973 8.45105
0.184814 12.4235 11.2479	0 114.801 8.52239
0.185059 11.766 11.2065	0 205.921 8.53831
0.185303 11.0121 11.1556	0 106.118 8.51533
0.185547 11.9104 11.0965	0 200.515 8.46857
0.185791 9.38248 11.0307	0 87.1006 8.40689
0.186035 10.8921 10.9592	0 101.668 8.33024
0.186279 10.1455 10.8826	0 79.1521 8.23044
0.186523 11.2709 10.8014	0 111.614 8.09572
0.186768 11.6383 10.7158	0 144.431 7.9177
0.187012 11.796 10.6265	0 141.65 7.69756
0.187256 10.2554 10.5347	0 98.5069 7.44812
0.1875 10.3404 10.442	0 104.413 7.19055
0.187744 10.0133 10.3509	0 69.8272 6.94739
0.187988 10.4796 10.2637	0 108.616 6.73552
0.188232 8.71271 10.1827	0 72.3752 6.56191
0.188477 9.88244 10.1094	0 67.6408 6.42364
0.188721 10.0712 10.0446	0 97.8469 6.31146
0.188965 10.5992 9.98846	0 133.29 6.21528
0.189209 10.0061 9.94035	0 92.6093 6.12959
0.189453 9.01193 9.89967	0 97.1734 6.0567
0.189697 10.1672 9.8659	0 87.9789 6.00649
0.189941 10.3835 9.83902	0 122.581 5.99264
0.190186 9.60827 9.81957	0 76.6274 6.02738
0.19043 9.55956 9.80862	0 97.7781 6.11704
0.190674 10.0461 9.80749	0 116.709 6.26081
0.190918 9.452 9.81749	0 99.2111 6.45237
0.191162 9.60507 9.83958	0 120.205 6.68258
0.191406 7.75319 9.87415	0 58.7699 6.94137
0.19165 10.3341 9.92096	0 100.17 7.21807
0.191895 11.789 9.97914	0 110.908 7.50176
0.192139 8.90416 10.0474	0 58.6384 7.7832
0.192383 10.1543 10.1241	0 79.305 8.05798
0.192627 9.5177 10.2076	0 101.796 8.32809
0.192871 11.7412 10.2957	0 137.708 8.59846
0.193115 10.6618 10.3864	0 93.7445 8.86859
0.193359 8.22955 10.4772	0 49.3992 9.12374
0.193604 10.8509 10.565	0 128.304 9.33267
0.193848 10.5842 10.6468	0 104.522 9.45583
0.194092 11.801 10.7194	0 245.397 9.461
0.194336 10.9619 10.7799	0 136.334 9.33753
0.19458 11.9752 10.8261	0 128.651 9.10052
0.194824 10.8057 10.857	0 122.922 8.78304
0.195068 10.4601 10.8728	0 83.3221 8.42199
0.195312 11.435 10.875	0 166.165 8.04685
0.195557 10.9784 10.8661	0 137.195 7.67662
0.195801 11.6375 10.849	0 118.599 7.32369
0.196045 11.4525 10.8268	0 105.121 6.99881
0.196289 9.38273 10.8021	0 65.8629 6.71249
0.196533 8.82489 10.7766	0 65.7573 6.47273
0.196777 11.1275 10.751	0 148.794 6.28243
0.197021 11.0029 10.7254	0 122.534 6.13988
0.197266 12.5471 10.699	0 198.144 6.04257
0.19751 11.4988 10.6713	0 94.1333 5.99142
0.197754 9.09939 10.6417	0 71.3937 5.99201
0.197998 11.6107 10.61	0 159.696 6.05161
0.198242 8.53985 10.5768	0 65.7672 6.17358
0.198486 10.7742 10.5426	0 102.679 6.35249
0.19873 12.4277 10.5085	0 93.0033 6.57289
0.198975 9.52911 10.4753	0 90.5134 6.8123
0.199219 10.972 10.4438	0 108.831 7.04728
0.199463 9.66312 10.4147	0 129.435 7.25979
0.199707 9.39318 10.3882	0 90.5214 7.44128
0.199951 10.0173 10.3647	0 78.3928 7.5934
0.200195 12.9867 10.3444	0 142.412 7.72557
0.200439 9.87324 10.3277	0 106.437 7.8509
0.200684 8.86994 10.3152	0 58.6213 7.98206
0.200928 9.98633 10.3078	0 86.2439 8.12822
0.201172 11.3302 10.3065	0 128.677 8.29352
0.201416 10.1348 10.3122	0 130.929 8.47713
0.20166 9.79674 10.3257	0 88.7545 8.67495
0.201904 10.7463 10.3473	0 92.1522 8.88258
0.202148 9.63158 10.3764	0 151.272 9.09797
0.202393 10.2667 10.4117	0 68.1471 9.32212
0.202637 9.46206 10.4511	0 75.0468 9.55667
0.202881 11.4438 10.4919	0 179.786 9.79926
0.203125 10.2489 10.5314	0 126.851 10.0394
0.203369 11.0934 10.5668	0 121.424 10.2575
0.203613 10.0825 10.5962	0 92.1663 10.4277
0.203857 13.3642 10.6184	0 202.731 10.5247
0.204102 10.0311 10.633	0 81.6485 10.5305
0.204346 9.69801 10.6403	0 93.0835 10.4403
0.20459 10.39 10.6414	0 100.224 10.2652
0.204834 10.4067 10.6373	0 99.9494 10.0307
0.205078 10.7703 10.6292	0 98.1559 9.77232
0.205322 10.5004 10.6186	0 96.4047 9.52945
0.205566 10.5041 10.6066	0 106.455 9.339
0.205811 12.0681 10.5946	0 135.787 9.23031
0.206055 10.6576 10.5836	0 89.0097 9.22112
0.206299 11.8807 10.5745	0 126.56 9.31385
0.206543 8.48911 10.5671	0 66.4424 9.4927
0.206787 8.35877 10.5604	0 54.7225 9.72323
0.207031 11.0462 10.552	0 121.297 9.95697
0.207275 9.94516 10.5387	0 122.667 10.1411
0.20752 12.3233 10.5171	0 167.948 10.2307
0.207764 11.8621 10.4843	0 130.712 10.1987
0.208008 10.306 10.4389	0 87.5175 10.0402
0.208252 11.1949 10.382	0 123.07 9.77141
0.208496 10.2442 10.3167	0 139.637 9.42348
0.20874 11.4637 10.2486	0 125.129 9.03645
0.208984 9.89441 10.184	0 82.8631 8.653
0.209229 8.40158 10.1294	0 51.5933 8.31299
0.209473 9.10681 10.0899	0 93.6041 8.04785
0.209717 8.4323 10.0677	0 75.7593 7.87518
0.209961 10.4295 10.0626	0 124.279 7.79483
0.210205 9.49342 10.0711	0 91.1283 7.78834
0.210449 10.4952 10.0878	0 126.004 7.82321
0.210693 9.21036 10.1066	0 91.1933 7.8618
0.210938 12.7261 10.1216	0 120.478 7.87259
0.211182 10.7243 10.1287	0 103.797 7.84019
0.211426 11.0582 10.1261	0 82.7804 7.77033
0.21167 9.2289 10.1144	0 83.3189 7.68766
0.211914 11.3245 10.0961	0 112.395 7.62684
0.212158 9.09279 10.0747	0 72.1105 7.62044
0.212402 8.01248 10.0539	0 53.4304 7.68836
0.212646 10.5357 10.0363	0 115.914 7.83232
0.212891 9.66564 10.0232	0 109.183 8.03645
0.213135 9.9513 10.0143	0 103.512 8.2722
0.213379 9.86855 10.0082	0 138.235 8.5048
0.213623 10.6617 10.0025	0 81.0552 8.69922
0.213867 11.0896 9.99473	0 152.487 8.82498
0.214111 10.8043 9.98262	0 108.647 8.86023
0.214355 9.12012 9.96444	0 73.567 8.79484
0.2146 8.82764 9.93902	0 88.3895 8.63209
0.214844 9.43358 9.90565	0 92.206 8.38814
0.215088 10.9757 9.86398	0 135.359 8.0888
0.215332 11.4826 9.814	0 121.772 7.76443
0.215576 7.68422 9.75601	0 56.3362 7.44399
0.21582 10.9378 9.69082	0 122.993 7.14994
0.216064 9.98648 9.61982	0 119.128 6.89508
0.216309 8.94198 9.54512	0 80.6162 6.68175
0.216553 9.64395 9.46947	0 143.868 6.50309
0.216797 10.628 9.3961	0 128.481 6.34583
0.217041 8.43498 9.32841	0 55.3739 6.19403
0.217285 7.79832 9.26957	0 53.9041 6.03347
0.217529 9.64613 9.22211	0 85.1356 5.85592
0.217773 8.7011 9.18755	0 53.5979 5.66243
0.218018 9.05477 9.16624	0 76.1606 5.46438
0.218262 9.67186 9.15722	0 107.193 5.28123
0.218506 8.53343 9.15841	0 56.3698 5.13492
0.21875 8.07146 9.16688	0 54.6402 5.04196
0.218994 9.88044 9.17929	0 89.0153 5.00633
0.219238 8.7801 9.19239	0 67.7351 5.01613
0.219482 10.0504 9.20354	0 107.249 5.0463
0.219727 9.9947 9.21106	0 146.81 5.06648
0.219971 10.0746 9.21445	0 71.7166 5.05116
0.220215 7.65772 9.21429	0 52.9003 4.98777
0.220459 10.6988 9.21201	0 98.9932 4.87996
0.220703 8.18747 9.20943	0 54.4924 4.74568
0.220947 8.22114 9.20836	0 80.0826 4.6118
0.221191 9.27099 9.2101	0 96.0804 4.50779
0.221436 9.27019 9.21527	0 70.2613 4.46009
0.22168 9.98742 9.22364	0 116.648 4.48769
0.221924 8.44672 9.23428	0 45.8205 4.59876
0.222168 9.65839 9.24576	0 92.3825 4.78924
0.222412 9.92441 9.25635	0 77.179 5.04448
0.222656 8.04994 9.26433	0 55.8509 5.34434
0.2229 9.54134 9.26813	0 101.208 5.67043
0.223145 9.06829 9.26645	0 64.2895 6.01194
0.223389 11.2694 9.25836	0 112.908 6.36697
0.223633 8.99645 9.24333	0 72.5884 6.7384
0.223877 8.75918 9.22125	0 57.8162 7.1264
0.224121 7.58153 9.19251	0 54.3866 7.52186
0.224365 9.83032 9.15807	0 93.9594 7.90406
0.224609 10.2836 9.11946	0 134.143 8.24372
0.224854 9.53737 9.07869	0 79.3774 8.50962
0.225098 9.77268 9.0381	0 97.8981 8.67581
0.225342 8.56712 8.99994	0 92.8168 8.72681
0.225586 7.05016 8.96604	0 59.8057 8.65971
0.22583 9.54957 8.93735	0 97.8999 8.4834
0.226074 7.54464 8.91375	0 72.9858 8.21573
0.226318 9.27699 8.894	0 76.3794 7.87958
0.226562 8.96124 8.87603	0 59.8069 7.49871
0.226807 9.01865 8.85744	0 67.1514 7.09439
0.227051 9.08731 8.83605	0 129.713 6.68365
0.227295 10.6093 8.81044	0 108.273 6.27909
0.227539 9.20427 8.78027	0 92.0485 5.88985
0.227783 8.73226 8.74634	0 69.3739 5.5225
0.228027 6.09566 8.7105	0 38.2454 5.18171
0.228271 8.21525 8.67527	0 54.7006 4.87082
0.228516 9.99313 8.64352	0 111.193 4.59302
0.22876 9.22017 8.6181	0 78.044 4.35292
0.229004 8.84182 8.60144	0 84.4768 4.15771
0.229248 8.04828 8.59535	0 62.0134 4.0164
0.229492 7.52678 8.60067	0 48.8924 3.93697
0.229736 8.47785 8.61716	0 86.8411 3.92256
0.22998 7.98063 8.64338	0 70.2272 3.96885
0.230225 8.27266 8.67673	0 78.6109 4.0644
0.230469 9.5661 8.71376	0 96.4932 4.1941
0.230713 8.80059 8.75056	0 63.5693 4.3441
0.230957 8.58029 8.78337	0 71.3834 4.5055
0.231201 8.78206 8.80911	0 73.7812 4.67474
0.231445 10.9391 8.82586	0 100.355 4.85031
0.231689 7.97473 8.83308	0 43.3115 5.02762
0.231934 9.50466 8.83158	0 73.8207 5.19529
0.232178 8.87211 8.82319	0 77.3828 5.33541
0.232422 9.04377 8.81027	0 98.1987 5.42862
0.232666 7.8924 8.79523	0 78.6692 5.46195
0.23291 7.07099 8.78006	0 61.1175 5.43581
0.233154 8.92355 8.76609	0 88.178 5.36642
0.233398 10.3928 8.75395	0 118.386 5.28177
0.233643 9.19258 8.74369	0 77.4918 5.2121
0.233887 9.15093 8.73504	0 81.7865 5.17858
0.234131 6.89228 8.72762	0 42.0705 5.18523
0.234375 9.02859 8.72118	0 112.396 5.21769
0.234619 8.48699 8.71573	0 65.8324 5.25
0.234863 9.8139 8.71157	0 103.966 5.25619
0.235107 8.98115 8.70939	0 99.8196 5.22124
0.235352 7.24419 8.7102	0 46.6734 5.14665
0.235596 7.9072 8.71526	0 85.8506 5.04827
0.23584 10.6569 8.72593	0 125.263 4.94892
0.236084 9.51792 8.74341	0 95.3968 4.86963
0.236328 7.55159 8.7684	0 41.9899 4.82394
0.236572 8.06112 8.80076	0 85.177 4.81637
0.236816 7.90238 8.83925	0 55.8711 4.84437
0.237061 9.2742 8.88147	0 155.036 4.90121
0.237305 8.51005 8.92406	0 58.8279 4.97808
0.237549 8.20242 8.96316	0 56.4444 5.0646
0.237793 10.3039 8.99512	0 110.768 5.14878
0.238037 11.1322 9.01711	0 85.9727 5.21757
0.238281 9.59477 9.02771	0 87.9897 5.25936
0.238525 8.44978 9.02711	0 52.8976 5.26784
0.23877 8.44651 9.01705	0 84.1619 5.24561
0.239014 8.89192 9.0004	0 84.321 5.20517
0.239258 8.91268 8.9805	0 65.2953 5.16565
0.239502 8.9285 8.96054	0 75.9593 5.1458
0.239746 9.45847 8.94297	0 86.6492 5.15577
0.23999 8.03695 8.92924	0 58.0044 5.19136
0.240234 8.75351 8.91971	0 77.9086 5.23391
0.240479 7.72492 8.91389	0 54.5015 5.25674
0.240723 9.5697 8.91082	0 63.0117 5.23629
0.240967 9.88585 8.90943	0 95.0402 5.16334
0.241211 10.2372 8.90887	0 103.333 5.04905
0.241455 8.13993 8.90865	0 48.6777 4.92262
0.241699 8.23923 8.90849	0 42.7045 4.82121
0.241943 8.87324 8.90813	0 79.4941 4.77672
0.242188 8.23549 8.90702	0 72.3936 4.80533
0.242432 9.14622 8.90417	0 57.3547 4.90387
0.242676 8.50863 8.89809	0 49.8202 5.0532
0.24292 9.68549 8.88702	0 82.4225 5.22566
0.243164 8.94997 8.86936	0 68.8066 5.39267
0.243408 8.73785 8.8442	0 66.1381 5.53011
0.243652 9.95946 8.81176	0 91.6204 5.62151
0.243896 9.05805 8.77366	0 96.3646 5.66037
0.244141 9.12783 8.73298	0 68.5089 5.65215
0.244385 7.5425 8.69392	0 66.2251 5.61498
0.244629 9.18923 8.6612	0 98.9348 5.57683
0.244873 8.30655 8.63944	0 62.2159 5.56791
0.245117 7.56579 8.6323	0 56.4684 5.60993
0.245361 7.73439 8.642	0 60.4426 5.70675
0.245605 8.29489 8.66885	0 50.1991 5.84164
0.24585 9.22958 8.71126	0 90.4499 5.9838
0.246094 8.48881 8.76594	0 70.5394 6.10192
0.246338 8.45192 8.8284	0 104.042 6.17894
0.246582 9.03931 8.89358	0 84.6452 6.22067
0.246826 9.21211 8.95656	0 73.7808 6.25395
0.24707 8.64597 9.01311	0 75.563 6.31466
0.247314 11.1328 9.06012	0 123.527 6.43091
0.247559 9.2984 9.09573	0 115.715 6.60863
0.247803 8.90865 9.1193	0 80.1815 6.82572
0.248047 9.08105 9.13112	0 79.5641 7.03745
0.248291 7.93693 9.13204	0 81.2953 7.19103
0.248535 10.2032 9.12312	0 104.218 7.24373
0.248779 9.168 9.10544	0 110.056 7.17727
0.249023 8.50357 9.07994	0 80.5728 7.00267
0.249268 9.81729 9.04751	0 100.118 6.75408
0.249512 9.26497 9.00914	0 81.1219 6.475
0.249756 9.14476 8.96601	0 56.8242 6.20362
0.25 8.17737 8.91959	0 46.1725 5.96358
0.250244 10.3826 8.87152	0 115.355 5.76264
0.250488 8.65639 8.82344	0 84.3333 5.5971
0.250732 7.4175 8.77676	0 36.2457 5.45764
0.250977 8.58437 8.73252	0 88.2442 5.3332
0.251221 7.85507 8.69128	0 68.4596 5.21232
0.251465 9.61171 8.65321	0 77.4709 5.08382
0.251709 8.8603 8.6184	0 71.0348 4.93897
0.251953 8.25845 8.58702	0 92.4451 4.775
0.252197 9.77176 8.5596	0 86.859 4.59827
0.252441 7.6504 8.53703	0 46.0867 4.42427
0.252686 9.41366 8.5204	0 66.6406 4.27391
0.25293 7.25049 8.51068	0 31.6805 4.16746
0.253174 7.98552 8.5083	0 52.4897 4.11906
0.253418 8.34398 8.51285	0 76.2274 4.13415
0.253662 8.0566 8.52294	0 52.1947 4.20966
0.253906 8.58285 8.53636	0 51.8996 4.33517
0.25415 8.34241 8.5505	0 66.0848 4.49359
0.254395 9.56743 8.56281	0 79.7123 4.66147
0.254639 8.52883 8.5714	0 86.8125 4.81073
0.254883 11.0087 8.57535	0 145.441 4.91369
0.255127 6.99852 8.57478	0 57.9655 4.95044
0.255371 8.58602 8.57073	0 75.3828 4.91576
0.255615 8.05377 8.5647	0 60.7881 4.82173
0.255859 8.2148 8.55825	0 61.3458 4.6943
0.256104 8.06589 8.55255	0 68.084 4.56488
0.256348 8.77234 8.54818	0 85.6102 4.4608
0.256592 9.20126 8.54511	0 92.5553 4.39834
0.256836 8.6843 8.54288	0 86.9661 4.38065
0.25708 7.96716 8.54086	0 47.3595 4.40036
0.257324 9.54635 8.53857	0 97.3336 4.44449
0.257568 7.43257 8.53588	0 52.2709 4.49894
0.257812 8.96124 8.53308	0 73.5354 4.55074
0.258057 8.74077 8.53087	0 66.8948 4.58819
0.258301 8.81889 8.53009	0 84.4817 4.60044
0.258545 8.08555 8.53153	0 64.0005 4.57844
0.258789 8.77117 8.53568	0 92.9917 4.51795
0.259033 7.6009 8.54249	0 82.9718 4.42313
0.259277 8.21636 8.55143	0 50.7971 4.30833
0.259521 9.05448 8.56149	0 79.2439 4.19585
0.259766 8.6619 8.5715	0 74.3295 4.1093
0.26001 7.95936 8.58039	0 61.2884 4.06503
0.260254 9.8772 8.58747	0 79.3942 4.06559
0.260498 9.9872 8.59263	0 77.6355 4.0988
0.260742 7.42661 8.59633	0 55.8302 4.14328
0.260986 7.51887 8.59942	0 58.0605 4.17835
0.26123 8.70042 8.60282	0 77.8548 4.19345
0.261475 9.1958 8.60715	0 104.76 4.19291
0.261719 8.6482 8.61237	0 53.1725 4.1941
0.261963 7.95568 8.61767	0 56.8781 4.22027
0.262207 8.56024 8.6214	0 67.4718 4.29125
0.262451 8.73822 8.62138	0 67.0964 4.41561
0.262695 8.59039 8.61531	0 51.1737 4.58677
0.262939 8.28123 8.60127	0 65.4051 4.78429
0.263184 10.3352 8.57821	0 111.719 4.97973
0.263428 9.04254 8.54631	0 90.9749 5.14529
0.263672 8.8781 8.50707	0 97.8005 5.26196
0.263916 7.71417 8.46313	0 66.0905 5.32411
0.26416 8.21241 8.4179	0 58.5117 5.33905
0.264404 8.33822 8.37497	0 69.605 5.32249
0.264648 7.86673 8.33755	0 64.5026 5.29252
0.264893 7.97977 8.30797	0 84.3494 5.26476
0.265137 7.85561 8.28742	0 80.2216 5.24966
0.265381 7.85081 8.27584	0 52.5907 5.25195
0.265625 9.04794 8.27207	0 103.847 5.27115
0.265869 7.64027 8.27414	0 67.1949 5.30279
0.266113 9.36096 8.27961	0 58.9307 5.3398
0.266357 8.02065 8.28594	0 64.3365 5.37386
0.266602 7.82557 8.29083	0 48.6143 5.39635
0.266846 7.54701 8.29244	0 84.9135 5.39917
0.26709 9.1708 8.28961	0 73.6482 5.37544
0.267334 9.11446 8.28195	0 100.954 5.32043
0.267578 8.28492 8.26978	0 73.3435 5.23264
0.267822 9.08955 8.25407	0 87.1951 5.11471
0.268066 7.00015 8.23617	0 44.1402 4.97389
0.268311 7.66555 8.21762	0 51.3334 4.8218
0.268555 8.55522 8.19982	0 82.148 4.67326
0.268799 8.8706 8.18389	0 63.7924 4.54395
0.269043 7.10574 8.17053	0 45.8405 4.44733
0.269287 7.97027 8.16004	0 61.0715 4.3914
0.269531 8.19888 8.15252	0 72.3458 4.37692
0.269775 9.06256 8.148	0 69.3458 4.3977
0.27002 8.70181 8.14667	0 81.5452 4.44305
0.270264 6.75364 8.14896	0 47.542 4.50101
0.270508 7.94348 8.15553	0 65.3435 4.56063
0.270752 8.80654 8.16711	0 59.5392 4.61246
0.270996 8.25705 8.18427	0 74.7334 4.64798
0.27124 8.54463 8.20708	0 61.4838 4.65904
0.271484 7.12519 8.23494	0 52.8023 4.63845
0.271729 7.43497 8.2664	0 66.6559 4.58157
0.271973 8.05419 8.29934	0 56.3341 4.48792
0.272217 9.70363 8.33119	0 74.5843 4.36164
0.272461 7.28747 8.35937	0 44.755 4.21079
0.272705 9.2568 8.38173	0 75.7552 4.04615
0.272949 10.2307 8.39688	0 100.296 3.88046
0.273193 8.38787 8.40444	0 75.2407 3.72803
0.273438 8.06837 8.40489	0 64.8531 3.60393
0.273682 7.36213 8.39943	0 65.5793 3.52196
0.273926 7.464 8.38964	0 60.9351 3.49127
0.27417 9.52758 8.37714	0 64.7845 3.5133
0.274414 8.5055 8.3634	0 100.452 3.58087
0.274658 8.23427 8.3496	0 69.4975 3.68029
0.274902 8.8088 8.33669	0 103.238 3.79546
0.275146 8.37384 8.32538	0 62.3668 3.9118
0.275391 7.21585 8.31624	0 47.2141 4.01788
0.275635 8.7871 8.30969	0 81.9955 4.10483
0.275879 8.12742 8.30588	0 52.1356 4.16503
0.276123 8.94362 8.30468	0 78.3632 4.19214
0.276367 7.58838 8.30549	0 45.0386 4.18302
0.276611 8.34998 8.30723	0 72.1223 4.14015
0.276855 7.99324 8.30844	0 42.4733 4.07234
0.2771 7.74222 8.30738	0 52.4405 3.99264
0.277344 9.07892 8.30236	0 82.8561 3.91416
0.277588 9.72981 8.29204	0 90.8548 3.84601
0.277832 7.47031 8.27574	0 60.6514 3.79131
0.278076 8.02135 8.25371	0 69.1706 3.74783
0.27832 9.14329 8.2272	0 70.6934 3.71029
0.278564 7.9818 8.19843	0 49.1994 3.67306
0.278809 7.7893 8.17036	0 55.9881 3.63231
0.279053 8.23565 8.14626	0 64.7208 3.58768
0.279297 8.70827 8.12928	0 85.9135 3.54333
0.279541 7.4627 8.12197	0 47.4129 3.5079
0.279785 6.90033 8.12587	0 36.5057 3.49298
0.280029 8.24863 8.14127	0 71.2437 3.51003
0.280273 7.64015 8.16728	0 39.4939 3.5669
0.280518 7.03541 8.20195	0 45.776 3.66601
0.280762 9.81393 8.24273	0 80.4333 3.80526
0.281006 9.00052 8.28685	0 68.8956 3.98129
0.28125 8.58137 8.33176	0 106.983 4.19241
0.281494 7.73599 8.37537	0 48.587 4.43857
0.281738 8.71365 8.41618	0 58.3135 4.71723
0.281982 8.17673 8.45325	0 72.1008 5.01699
0.282227 7.83451 8.4861	0 49.8676 5.31327
0.282471 9.02069 8.51456	0 77.8106 5.5698
0.282715 8.70583 8.5387	0 66.0648 5.74725
0.282959 9.10786 8.5588	0 101.641 5.81613
0.283203 8.69864 8.57536	0 85.4053 5.76858
0.283447 8.49024 8.58907	0 55.1528 5.6234
0.283691 8.43271 8.60083	0 103.716 5.42182
0.283936 8.50891 8.61164	0 65.3755 5.21504
0.28418 8.83937 8.62253	0 88.0101 5.04868
0.284424 8.2394 8.63445	0 49.9683 4.94978
0.284668 7.75962 8.64816	0 69.1609 4.92127
0.284912 10.2946 8.66417	0 115.354 4.94513
0.285156 8.2328 8.6827	0 53.6312 4.99233
0.2854 8.83888 8.70372	0 81.4531 5.03507
0.285645 7.4163 8.72686	0 50.0797 5.05704
0.285889 9.39571 8.75146	0 88.1469 5.05854
0.286133 9.43757 8.77654	0 71.7524 5.05544
0.286377 7.79487 8.80078	0 56.0264 5.07269
0.286621 9.45662 8.82254	0 99.1203 5.13454
0.286865 8.72091 8.83992	0 81.762 5.25439
0.287109 9.2592 8.85089	0 122.387 5.4279
0.287354 8.2348 8.85342	0 62.742 5.6321
0.287598 9.38907 8.84575	0 130.61 5.83133
0.287842 8.98553 8.82664	0 61.5 5.98792
0.288086 9.37238 8.79562	0 102.501 6.07341
0.28833 9.06467 8.75322	0 74.9651 6.07575
0.288574 9.41489 8.70113	0 116.619 6.00037
0.288818 8.0947 8.64217	0 65.5662 5.86562
0.289062 8.03595 8.58022	0 57.3608 5.69612
0.289307 8.81927 8.51984	0 68.9897 5.51741
0.289551 9.32319 8.46585	0 128.221 5.35352
0.289795 7.80308 8.42277	0 52.815 5.22625
0.290039 7.98695 8.39417	0 74.1902 5.15359
0.290283 6.674 8.38215	0 48.0122 5.14568
0.290527 9.28369 8.38694	0 68.0362 5.1995
0.290771 7.26181 8.40686	0 47.3704 5.29601
0.291016 6.98726 8.43846	0 33.7719 5.40277
0.29126 8.68189 8.47714	0 92.5167 5.48262
0.291504 11.0045 8.51779	0 102.698 5.50522
0.291748 8.2502 8.55566	0 77.6617 5.45694
0.291992 8.6566 8.58696	0 77.2694 5.34503
0.292236 9.39574 8.60931	0 112.235 5.19499
0.29248 8.48213 8.62189	0 61.569 5.04223
0.292725 8.55252 8.62521	0 72.5013 4.92069
0.292969 8.60148 8.62077	0 61.7367 4.85174
0.293213 8.65007 8.61052	0 64.1457 4.83663
0.293457 8.0797 8.59651	0 42.5543 4.85526
0.293701 8.55773 8.58052	0 105.68 4.87225
0.293945 8.63034 8.56394	0 101.464 4.84919
0.294189 8.45231 8.54773	0 87.244 4.75848
0.294434 10.5352 8.53253	0 182.802 4.59367
0.294678 6.627 8.51875	0 49.6391 4.37187
0.294922 8.43458 8.5067	0 56.5848 4.12782
0.295166 7.94055 8.49666	0 56.8174 3.90254
0.29541 8.77011 8.48893	0 68.9801 3.73134
0.295654 10.0371 8.48382	0 91.0011 3.63543
0.295898 7.62662 8.48161	0 48.7869 3.61884
0.296143 7.82325 8.48242	0 61.2595 3.67009
0.296387 8.56526 8.48617	0 73.9609 3.76707
0.296631 8.8332 8.49239	0 103.148 3.8833
0.296875 8.12519 8.50014	0 62.7368 3.99422
0.297119 8.46474 8.50804	0 53.7793 4.08209
0.297363 8.61554 8.51428	0 52.3345 4.13852
0.297607 8.06415 8.51691	0 51.5253 4.16438
0.297852 9.04196 8.51409	0 96.6481 4.16743
0.298096 8.39147 8.50448	0 67.0611 4.15875
0.29834 9.18832 8.4875	0 72.6098 4.14943
0.298584 9.34587 8.46356	0 70.8066 4.14819
0.298828 8.83957 8.43403	0 51.1452 4.1606
0.299072 7.7649 8.40106	0 57.4238 4.1893
0.299316 7.18328 8.36723	0 59.5627 4.23505
0.299561 8.73981 8.33512	0 77.5325 4.29753
0.299805 8.99211 8.30691	0 106.698 4.37553
0.300049 7.29727 8.28406	0 57.1336 4.46603
0.300293 7.51818 8.26725	0 56.1508 4.56241
0.300537 8.56289 8.25641	0 69.8103 4.65299
0.300781 9.18722 8.25091	0 88.22 4.72158
0.301025 7.74944 8.2499	0 71.1679 4.75124
0.30127 7.53202 8.25251	0 56.648 4.73086
0.301514 9.32835 8.25808	0 86.7185 4.66172
0.301758 8.37173 8.26619	0 71.1295 4.56033
0.302002 7.63962 8.2766	0 57.4129 4.455
0.302246 8.47592 8.2891	0 80.2501 4.37661
0.30249 8.33943 8.30335	0 69.4475 4.34734
0.302734 7.4685 8.31875	0 40.7151 4.37235
0.302979 7.95396 8.33442	0 76.2673 4.43802
0.303223 9.65522 8.34936	0 86.9254 4.51715
0.303467 7.76966 8.3626	0 50.4682 4.57868
0.303711 8.73224 8.37346	0 56.7731 4.59792
0.303955 8.81434 8.38171	0 78.3849 4.56371
0.304199 8.55719 8.38767	0 87.6045 4.48046
0.304443 9.25791 8.39214	0 90.3381 4.36515
0.304688 6.25819 8.39621	0 29.7612 4.24082
0.304932 8.66829 8.40097	0 66.1916 4.12913
0.305176 8.98922 8.4073	0 96.6828 4.04476
0.30542 8.44144 8.41556	0 75.3948 3.99317
0.305664 7.95092 8.42552	0 65.8099 3.97185
0.305908 8.26548 8.4363	0 70.0742 3.97343
0.306152 8.6618 8.44643	0 74.7358 3.98871
0.306396 8.81663 8.45402	0 59.8589 4.00824
0.306641 8.24403 8.45695	0 57.7634 4.02269
0.306885 8.70431 8.45313	0 66.805 4.02285
0.307129 8.4188 8.44077	0 72.2906 4.00048
0.307373 8.71831 8.41864	0 94.5995 3.95013
0.307617 8.12405 8.38629	0 55.4339 3.87147
0.307861 8.89631 8.34419	0 79.5656 3.77085
0.308105 9.61666 8.29377	0 113.523 3.66122
0.30835 7.96509 8.23726	0 66.6045 3.56003
0.308594 8.1644 8.1775	0 64.9197 3.48528
0.308838 7.4016 8.11766	0 49.5864 3.45096
0.309082 6.84549 8.06091	0 28.3912 3.46316
0.309326 9.13432 8.01023	0 53.1167 3.5181
0.30957 7.1834 7.9683	0 42.053 3.60291
0.309814 7.63434 7.93739	0 67.457 3.69853
0.310059 9.11248 7.91939	0 77.7436 3.78412
0.310303 7.33542 7.91567	0 52.7718 3.84162
0.310547 8.08889 7.92702	0 50.9069 3.85959
0.310791 7.00697 7.95338	0 53.5864 3.83535
0.311035 7.3187 7.99369	0 95.1156 3.77469
0.311279 7.20854 8.0458	0 44.8186 3.68896
0.311523 7.75489 8.10656	0 66.1345 3.59101
0.311768 8.55989 8.1721	0 81.6469 3.4916
0.312012 8.97519 8.23831	0 109.131 3.39834
0.312256 9.23469 8.30128	0 83.1717 3.31709
0.3125 8.38581 8.35775	0 59.4694 3.25421
0.312744 9.27829 8.40534	0 73.9653 3.21786
0.312988 7.16816 8.4426	0 47.5675 3.21701
0.313232 8.97898 8.46886	0 68.5254 3.25911
0.313477 7.92822 8.48407	0 62.5276 3.34745
0.313721 8.11548 8.48859	0 76.1037 3.47952
0.313965 10.8255 8.48308	0 139.398 3.64635
0.314209 7.56718 8.46857	0 49.9337 3.83314
0.314453 8.57344 8.44651	0 67.9905 4.02094
0.314697 7.89367 8.41896	0 59.4968 4.1902
0.314941 9.54305 8.38855	0 78.5098 4.32542
0.315186 7.49145 8.35842	0 95.5394 4.41991
0.31543 9.88426 8.3319	0 91.1735 4.4781
0.315674 7.17419 8.31217	0 71.4204 4.51368
0.315918 7.80649 8.30178	0 60.1153 4.54395
0.316162 7.24424 8.3023	0 52.088 4.58267
0.316406 8.22158 8.31417	0 58.4243 4.63521
0.31665 7.84187 8.33668	0 67.6163 4.69842
0.316895 7.64901 8.36829	0 41.698 4.76497
0.317139 10.5 8.40688	0 110.658 4.82935
0.317383 9.24131 8.45026	0 75.8428 4.89141
0.317627 7.56556 8.49632	0 51.7183 4.9553
0.317871 7.93579 8.54328	0 48.3241 5.02429
0.318115 8.67473 8.58957	0 68.0228 5.09495
0.318359 8.03965 8.63375	0 109.825 5.1542
0.318604 9.24237 8.67434	0 84.7309 5.18126
0.318848 9.0351 8.70978	0 76.6211 5.15366
0.319092 8.5593 8.73848	0 68.4431 5.05483
0.319336 9.23729 8.75898	0 74.7663 4.88045
0.31958 8.98423 8.77023	0 56.7287 4.64172
0.319824 8.51323 8.77184	0 73.6701 4.36496
0.320068 8.61339 8.76428	0 90.2046 4.08771
0.320312 10.2937 8.74887	0 115.444 3.85201
0.320557 8.57014 8.72766	0 59.1762 3.69568
0.320801 9.35728 8.7031	0 108.47 3.64347
0.321045 7.54069 8.67765	0 61.2462 3.70035
0.321289 7.69294 8.6534	0 60.2693 3.84938
0.321533 8.42445 8.63173	0 76.5904 4.05566
0.321777 8.49319 8.61327	0 89.3618 4.27563
0.322021 8.79996 8.5979	0 66.6283 4.46903
0.322266 10.7563 8.58506	0 146.078 4.60958
0.32251 6.6954 8.574	0 38.1498 4.69096
0.322754 8.47427 8.56411	0 65.3563 4.72641
0.322998 9.04827 8.55502	0 115.369 4.74244
0.323242 8.69309 8.5467	0 91.8242 4.76878
0.323486 8.82302 8.5393	0 74.3721 4.82738
0.32373 8.31274 8.53292	0 47.0094 4.92396
0.323975 7.76419 8.52745	0 67.4024 5.04516
0.324219 8.53369 8.52239	0 68.5545 5.16252
0.324463 7.91219 8.51684	0 82.2881 5.24264
0.324707 9.337 8.50965	0 95.9588 5.25931
0.324951 9.28243 8.49965	0 96.5515 5.20295
0.325195 7.64598 8.486	0 50.2073 5.08319
0.325439 9.41979 8.46846	0 74.1067 4.9237
0.325684 7.96086 8.4476	0 90.1236 4.75187
0.325928 8.65326 8.42489	0 70.2552 4.58781
0.326172 9.07927 8.40262	0 81.2824 4.43771
0.326416 7.80142 8.38361	0 41.4955 4.29421
0.32666 7.91956 8.37092	0 51.3898 4.14359
0.326904 8.25548 8.3674	0 59.7848 3.97646
0.327148 7.97249 8.37527	0 91.0486 3.79681
0.327393 8.06152 8.3957	0 67.0069 3.62505
0.327637 8.53403 8.42853	0 61.9127 3.49307
0.327881 8.67092 8.47213	0 64.2179 3.43303
0.328125 7.77805 8.52336	0 60.8458 3.46424
0.328369 7.52316 8.57789	0 44.0223 3.58369
0.328613 8.21987 8.63054	0 67.2059 3.76418
0.328857 11.0974 8.676	0 104.628 3.96131
0.329102 8.24631 8.70941	0 76.9729 4.12684
0.329346 8.96719 8.72714	0 76.3087 4.22376
0.32959 10.343 8.72722	0 75.4863 4.23743
0.329834 8.64282 8.70972	0 81.3259 4.17886
0.330078 9.12889 8.67663	0 60.3251 4.07947
0.330322 7.78139 8.63164	0 56.5441 3.97975
0.330566 9.17952 8.57948	0 93.5189 3.91644
0.330811 8.14626 8.52531	0 60.3812 3.9127
0.331055 9.57142 8.47393	0 84.6649 3.97398
0.331299 6.60933 8.4292	0 47.2229 4.08952
0.331543 7.51889 8.39363	0 52.5071 4.2375
0.331787 8.22407 8.36822	0 65.7992 4.39086
0.332031 8.81861 8.35259	0 69.8194 4.52206
0.332275 8.33005 8.34523	0 92.0657 4.60643
0.33252 8.9224 8.34399	0 71.7218 4.62529
0.332764 7.97272 8.34657	0 71.3109 4.56982
0.333008 8.02235 8.35088	0 70.2702 4.445
0.333252 8.31844 8.35542	0 59.3069 4.27179
0.333496 9.18394 8.35934	0 68.2607 4.08526
0.33374 8.66326 8.36253	0 65.1294 3.92779
0.333984 7.95451 8.36543	0 69.4832 3.83901
0.334229 8.159 8.36887	0 64.6445 3.84568
0.334473 8.20505 8.37382	0 73.0777 3.95519
0.334717 7.599 8.38124	0 66.7577 4.15482
0.334961 9.42488 8.39183	0 83.9916 4.41632
0.335205 8.40028 8.40596	0 59.2149 4.70384
0.335449 7.81143 8.42348	0 65.9148 4.98228
0.335693 8.59749 8.44371	0 88.809 5.22336
0.335938 8.7886 8.46537	0 63.3156 5.40824
0.336182 8.4752 8.48667	0 67.1911 5.52674
0.336426 7.72643 8.50544	0 60.7874 5.57475
0.33667 7.24521 8.51946	0 59.622 5.55212
0.336914 9.78974 8.5268	0 103.756 5.46258
0.337158 10.4895 8.52622	0 156.22 5.31542
0.337402 8.38797 8.5174	0 79.5088 5.12692
0.337646 9.03316 8.50111	0 74.4704 4.91908
0.337891 7.44897 8.47904	0 53.7823 4.71499
0.338135 8.77735 8.45351	0 70.998 4.53287
0.338379 8.1663 8.42704	0 59.5892 4.38213
0.338623 7.93473 8.4019	0 45.7692 4.26381
0.338867 7.59665 8.37982	0 53.8932 4.17468
0.339111 9.03667 8.36191	0 83.0688 4.11194
0.339355 8.11356 8.34869	0 47.9904 4.07507
0.3396 8.32281 8.34034	0 54.1682 4.06371
0.339844 9.34419 8.33693	0 65.7812 4.07345
0.340088 8.16027 8.33859	0 57.332 4.093
0.340332 7.85721 8.34554	0 50.1039 4.10542
0.340576 8.04884 8.35797	0 79.8477 4.09336
0.34082 7.97672 8.37581	0 53.6455 4.04551
0.341064 8.44967 8.39854	0 65.7757 3.96106
0.341309 7.7739 8.42497	0 76.9994 3.84984
0.341553 9.81814 8.45325	0 105.368 3.72852
0.341797 7.3489 8.48102	0 54.6016 3.61515
0.342041 8.55644 8.50565	0 71.7932 3.52462
0.342285 8.98694 8.52469	0 65.8526 3.46649
0.342529 9.09931 8.53622	0 66.7687 3.44493
0.342773 8.44627 8.53917	0 70.2652 3.45983
0.343018 8.8129 8.53349	0 73.8558 3.50764
0.343262 10.0551 8.52013	0 81.5523 3.58165
0.343506 7.39805 8.50081	0 47.0703 3.67214
0.34375 8.20622 8.47775	0 58.0393 3.76719
0.343994 8.51956 8.45323	0 72.5546 3.85483
0.344238 7.68046 8.42933	0 73.7312 3.92619
0.344482 8.60241 8.40771	0 75.4211 3.97829
0.344727 8.11146 8.38955	0 61.9756 4.01495
0.344971 8.82923 8.37556	0 64.6329 4.0448
0.345215 9.0384 8.36614	0 99.2908 4.07735
0.345459 8.36149 8.36141	0 71.3376 4.11914
0.345703 6.68364 8.36125	0 62.0145 4.17182
0.345947 9.18988 8.36528	0 64.2539 4.23274
0.346191 7.93519 8.37274	0 66.5859 4.29707
0.346436 9.02197 8.38242	0 92.2362 4.35955
0.34668 8.13013 8.39267	0 68.2794 4.41515
0.346924 7.82677 8.40156	0 55.578 4.45907
0.347168 8.30658 8.40706	0 112.011 4.48715
0.347412 7.68704 8.40746	0 44.4576 4.49758
0.347656 10.7531 8.4016	0 140.09 4.49288
0.3479 9.00478 8.38911	0 65.0476 4.48032
0.348145 8.4296 8.37048	0 64.494 4.46957
0.348389 8.08669 8.34684	0 58.4795 4.46805
0.348633 7.03308 8.31974	0 35.856 4.47717
0.348877 7.98592 8.29077	0 57.696 4.49214
0.349121 8.03732 8.26126	0 72.9376 4.50626
0.349365 9.35076 8.2321	0 73.8811 4.51693
0.349609 7.73023 8.20368	0 51.0398 4.52892
0.349854 9.29418 8.17598	0 81.9733 4.55194
0.350098 8.00931 8.14872	0 54.4069 4.59348
0.350342 6.79343 8.12155	0 40.4813 4.65161
0.350586 8.001 8.09417	0 44.6267 4.71286
0.35083 8.02254 8.06647	0 63.2715 4.75719
0.351074 8.95232 8.03858	0 60.8105 4.76737
0.351318 9.70549 8.01092	0 95.7358 4.73712
0.351562 6.55671 7.98414	0 50.7473 4.67352
0.351807 6.95486 7.95923	0 43.3164 4.59315
0.352051 7.02343 7.93742	0 47.5833 4.5154
0.352295 9.10357 7.92019	0 104.01 4.45727
0.352539 8.56167 7.90916	0 67.6296 4.4317
0.352783 8.47602 7.90594	0 74.9722 4.44826
0.353027 6.76539 7.91184	0 66.1897 4.51293
0.353271 7.89474 7.9276	0 76.1382 4.62538
0.353516 7.17067 7.9531	0 46.6312 4.77507
0.35376 7.12738 7.98719	0 57.7547 4.93946
0.354004 7.72822 8.02774	0 56.439 5.08755
0.354248 8.67806 8.07187	0 68.1706 5.18841
0.354492 7.82286 8.11637	0 57.1047 5.22143
0.354736 9.78129 8.15822	0 92.9933 5.183
0.35498 8.5946 8.19507	0 69.9027 5.08634
0.355225 7.56394 8.22554	0 64.9212 4.95465
0.355469 8.80103 8.24932	0 64.1107 4.81138
0.355713 8.11221 8.267	0 69.8224 4.67244
0.355957 7.98249 8.2797	0 63.4318 4.54389
0.356201 8.03047 8.28876	0 53.1183 4.42494
0.356445 8.5245 8.29528	0 58.5559 4.31366
0.356689 7.94761 8.29999	0 51.2337 4.21181
0.356934 9.26785 8.30308	0 82.8486 4.1267
0.357178 7.30842 8.30433	0 55.8205 4.06979
0.357422 8.30124 8.30323	0 96.3212 4.05314
0.357666 8.71836 8.2992	0 65.2623 4.08527
0.35791 9.43591 8.29173	0 93.0892 4.16749
0.358154 7.91575 8.28052	0 44.3598 4.2914
0.358398 7.26093 8.26545	0 48.989 4.43832
0.358643 8.33463 8.24661	0 56.5897 4.58133
0.358887 8.79678 8.2242	0 76.0289 4.68999
0.359131 8.94658 8.19853	0 99.4929 4.73747
0.359375 7.42838 8.17	0 53.6456 4.70802
0.359619 7.83597 8.13912	0 90.5518 4.60248
0.359863 8.34622 8.10664	0 60.0612 4.4392
0.360107 8.04012 8.07358	0 52.8653 4.24938
0.360352 8.38319 8.04128	0 62.7022 4.06812
0.360596 8.0798 8.01138	0 47.9837 3.92427
0.36084 8.6891 7.98564	0 85.4022 3.83292
0.361084 7.71048 7.96581	0 51.8171 3.79321
0.361328 6.13251 7.95331	0 40.6005 3.79185
0.361572 7.19819 7.94906	0 45.2379 3.81023
0.361816 9.46671 7.95333	0 99.8169 3.83234
0.362061 7.92772 7.96565	0 67.9254 3.85035
0.362305 7.3145 7.98493	0 67.8439 3.86591
0.362549 7.76987 8.00953	0 49.5942 3.88724
0.362793 8.81405 8.03753	0 64.9631 3.92333
0.363037 7.81392 8.06686	0 67.9875 3.97854
0.363281 7.69714 8.09552	0 60.1038 4.04988
0.363525 8.09217 8.12177	0 56.5857 4.12819
0.36377 8.76376 8.1442	0 79.8445 4.20148
0.364014 8.53526 8.16192	0 85.3115 4.25802
0.364258 7.7228 8.17459	0 44.015 4.28727
0.364502 8.56685 8.18242	0 76.2756 4.27908
0.364746 7.8795 8.18614	0 78.628 4.22347
0.36499 8.60654 8.18691	0 81.5319 4.11287
0.365234 9.49946 8.18608	0 72.3239 3.94677
0.365479 6.29656 8.1851	0 50.3793 3.73624
0.365723 8.39542 8.18528	0 74.0817 3.50503
0.365967 7.00349 8.18772	0 52.2982 3.28563
0.366211 9.25315 8.19326	0 84.0817 3.11119
0.366455 8.86998 8.20244	0 72.0683 3.00663
0.366699 8.03573 8.21559	0 60.6912 2.9824
0.366943 8.00185 8.23274	0 38.8074 3.0331
0.367188 7.57006 8.25367	0 55.4918 3.14092
0.367432 8.92457 8.2778	0 83.0181 3.28192
0.367676 7.24223 8.30422	0 59.2471 3.43278
0.36792 8.57439 8.33164	0 89.3728 3.57584
0.368164 8.75094 8.35854	0 56.2684 3.70193
0.368408 8.27579 8.38338	0 67.7429 3.81072
0.368652 8.8588 8.40481	0 80.4842 3.90903
0.368896 7.91698 8.42198	0 39.9052 4.00735
0.369141 9.33462 8.43471	0 75.6773 4.11576
0.369385 8.4098 8.4435	0 67.4881 4.24056
0.369629 8.87765 8.44948	0 71.9222 4.38303
0.369873 8.07984 8.45412	0 54.7467 4.54019
0.370117 8.69071 8.45892	0 57.5413 4.70611
0.370361 7.42462 8.4651	0 54.8386 4.87232
0.370605 8.13612 8.47336	0 57.9547 5.02715
0.37085 8.49031 8.48384	0 97.1089 5.15531
0.371094 8.73031 8.49618	0 95.9737 5.23952
0.371338 8.969 8.50971	0 97.0674 5.26486
0.371582 8.58473 8.52365	0 55.8607 5.22388
0.371826 9.1653 8.53722	0 69.9741 5.11969
0.37207 8.5946 8.54974	0 62.6535 4.96503
0.372314 7.56125 8.56051	0 85.5876 4.77783
0.372559 8.37556 8.56873	0 68.2172 4.57561
0.372803 8.49451 8.57337	0 69.3221 4.37204
0.373047 8.78716 8.57324	0 101.016 4.17688
0.373291 9.18308 8.56708	0 90.9598 3.9987
0.373535 8.69059 8.55387	0 58.7991 3.84801
0.373779 8.61934 8.53313	0 109.199 3.73861
0.374023 8.57105 8.50522	0 65.2397 3.68608
0.374268 8.86037 8.47147	0 73.5954 3.70383
0.374512 8.77908 8.4341	0 102.427 3.798
0.374756 8.37016 8.39592	0 72.1559 3.96305
0.375 8.78522 8.35988	0 72.6423 4.17972
0.375244 6.87706 8.32843	0 39.8009 4.4169
0.375488 8.56292 8.30305	0 94.4644 4.63758
0.375732 7.29667 8.28389	0 52.5991 4.80788
0.375977 7.08617 8.26977	0 55.7664 4.90643
0.376221 9.61395 8.25839	0 82.2519 4.93047
0.376465 8.64852 8.24688	0 65.1935 4.89612
0.376709 8.20523 8.23243	0 63.955 4.83205
0.376953 8.62071 8.21293	0 48.5117 4.76909
0.377197 9.30383 8.18738	0 83.3393 4.72939
0.377441 8.22684 8.15614	0 50.401 4.71925
0.377686 7.31539 8.12081	0 46.4909 4.72781
0.37793 7.88568 8.08393	0 47.7444 4.73159
0.378174 7.76048 8.04857	0 67.3839 4.70308
0.378418 7.73176 8.01773	0 58.9695 4.6202
0.378662 8.70682 7.99397	0 84.2346 4.4735
0.378906 7.53412 7.97895	0 51.7361 4.26872
0.37915 8.48918 7.97321	0 75.1867 4.02422
0.379395 6.67863 7.97603	0 33.4842 3.76505
0.379639 7.22285 7.98548	0 42.2146 3.51655
0.379883 8.4535 7.9987	0 70.0036 3.30013
0.380127 7.37175 8.01225	0 58.5303 3.13183
0.380371 8.78189 8.02268	0 85.7495 3.02257
0.380615 9.14442 8.02701	0 71.316 2.97797
0.380859 8.75789 8.02323	0 67.8294 2.99702
0.381104 8.11632 8.01064	0 67.5785 3.07033
0.381348 7.34345 7.98991	0 43.0328 3.17984
0.381592 6.97238 7.96294	0 40.7151 3.30146
0.381836 9.39599 7.93257	0 75.3678 3.41056
0.38208 7.95612 7.90211	0 52.9841 3.48821
0.382324 7.98971 7.87483	0 64.8367 3.52597
0.382568 6.92257 7.85355	0 56.4896 3.52714
0.382812 6.61835 7.84028	0 51.9089 3.50434
0.383057 7.79646 7.83597	0 89.7472 3.47442
0.383301 9.3555 7.8405	0 88.5591 3.45268
0.383545 7.58249 7.85271	0 54.5999 3.44822
0.383789 6.35442 7.87067	0 53.2208 3.4618
0.384033 7.62824 7.89195	0 63.2855 3.48662
0.384277 8.92534 7.91404	0 67.4839 3.51156
0.384521 8.67915 7.93469	0 82.6016 3.52536
0.384766 7.62277 7.9522	0 50.1071 3.51999
0.38501 8.00445 7.96566	0 81.1944 3.49209
0.385254 7.79367 7.9749	0 60.0337 3.44261
0.385498 8.51877 7.98034	0 64.2721 3.37557
0.385742 8.98013 7.98272	0 57.9883 3.29719
0.385986 6.64377 7.98266	0 46.4848 3.21579
0.38623 7.78406 7.98036	0 50.4711 3.14165
0.386475 7.63384 7.97536	0 53.8751 3.08608
0.386719 7.89992 7.96655	0 81.6884 3.05924
0.386963 8.35239 7.95237	0 64.4131 3.06772
0.387207 7.73897 7.93127	0 56.0237 3.11298
0.387451 8.69926 7.90218	0 87.9364 3.19142
0.387695 9.02183 7.86497	0 65.7679 3.296
0.387939 8.21525 7.82076	0 69.54 3.41835
0.388184 6.80779 7.77193	0 56.4404 3.55024
0.388428 8.37058 7.72195	0 50.6992 3.68383
0.388672 6.34817 7.67487	0 43.6788 3.81092
0.388916 7.76248 7.63478	0 56.9794 3.9222
0.38916 8.01355 7.60522	0 57.0245 4.00767
0.389404 6.98363 7.58863	0 70.3741 4.05918
0.389648 6.78019 7.58608	0 65.589 4.07447
0.389893 7.12575 7.59707	0 55.4898 4.06101
0.390137 7.87642 7.61966	0 62.4856 4.03718
0.390381 7.37611 7.65078	0 61.1211 4.02869
0.390625 8.07738 7.68661	0 71.6498 4.06105
0.390869 7.05927 7.72317	0 36.0553 4.15069
0.391113 8.2377 7.75679	0 70.3515 4.29861
0.391357 8.73915 7.7846	0 78.3521 4.48921
0.391602 8.15059 7.80485	0 67.8154 4.69439
0.391846 7.54014 7.81703	0 54.2135 4.88106
0.39209 8.3805 7.82183	0 62.0625 5.01936
0.392334 7.49686 7.82091	0 70.0087 5.08976
0.392578 7.13628 7.81654	0 88.7134 5.08754
0.392822 8.72416 7.81121	0 62.4699 5.02425
0.393066 7.42294 7.80712	0 45.3856 4.92532
0.393311 7.67233 7.80586	0 59.9558 4.82417
0.393555 7.26011 7.80807	0 52.981 4.7535
0.393799 8.05682 7.81334	0 77.9598 4.73588
0.394043 8.02151 7.82022	0 58.2745 4.77618
0.394287 6.9391 7.82651	0 46.8961 4.85834
0.394531 7.54026 7.82966	0 50.1024 4.94839
0.394775 8.28006 7.82736	0 66.3946 5.00363
0.39502 9.11192 7.81809	0 92.0916 4.98551
0.395264 8.18823 7.80162	0 83.0442 4.8718
0.395508 8.11755 7.77923	0 65.765 4.6637
0.395752 7.75203 7.7537	0 72.6618 4.38518
0.395996 7.82806 7.72894	0 38.3601 4.07545
0.39624 7.47319 7.70938	0 53.921 3.77774
0.396484 5.75439 7.69929	0 29.5889 3.5286
0.396729 8.28317 7.70199	0 75.559 3.3509
0.396973 6.71859 7.71935	0 53.2143 3.25192
0.397217 7.8672 7.75142	0 49.5256 3.22579
0.397461 8.23201 7.79638	0 63.7583 3.25844
0.397705 7.5711 7.85074	0 43.1044 3.33286
0.397949 7.6607 7.90978	0 74.2633 3.43276
0.398193 7.07519 7.96815	0 46.8174 3.54408
0.398438 8.19031 8.02051	0 97.8083 3.65459
0.398682 8.72364 8.06217	0 50.3923 3.75266
0.398926 10.1937 8.08962	0 92.4778 3.82634
0.39917 8.54791 8.10087	0 91.395 3.86355
0.399414 8.24271 8.09553	0 71.241 3.85358
0.399658 7.1033 8.0747	0 78.8847 3.78995
0.399902 7.57499 8.04072	0 67.6283 3.67378
0.400146 9.2662 7.99674	0 100.841 3.51634
0.400391 6.97046 7.94637	0 33.4046 3.33929
0.400635 8.30375 7.8934	0 52.9255 3.17162
0.400879 8.92752 7.84148	0 84.5496 3.04351
0.401123 6.98969 7.79396	0 49.3666 2.97892
0.401367 7.02686 7.75379	0 38.9032 2.98935
0.401611 7.6473 7.72332	0 54.3833 3.07053
0.401855 7.35494 7.70422	0 50.9762 3.20308
0.4021 8.36215 7.69737	0 76.4179 3.35678
0.402344 6.88082 7.70284	0 42.9101 3.49732
0.402588 6.46458 7.71989	0 24.7012 3.59409
0.402832 8.79482 7.74708	0 84.7611 3.62737
0.403076 7.22775 7.78243	0 46.0867 3.59306
0.40332 8.67945 7.82357	0 65.2879 3.5037
0.403564 7.42222 7.86793	0 44.4493 3.38492
0.403809 8.09678 7.9129	0 62.5664 3.26799
0.404053 7.74379 7.95596	0 45.2254 3.18049
0.404297 7.82013 7.99478	0 50.1455 3.13793
0.404541 7.86544 8.02737	0 60.6928 3.13973
0.404785 8.44391 8.05217	0 67.4813 3.17132
0.405029 9.16102 8.0681	0 80.3848 3.21198
0.405273 8.13645 8.07463	0 54.949 3.24496
0.405518 8.41481 8.07174	0 71.5731 3.26504
0.405762 7.44516 8.05983	0 67.0851 3.27954
0.406006 8.11729 8.03965	0 57.1176 3.30232
0.40625 7.94105 8.01221	0 58.2357 3.3443
0.406494 7.17304 7.97881	0 39.0121 3.4062
0.406738 9.5379 7.94103	0 94.4234 3.47773
0.406982 7.91273 7.90082	0 65.128 3.54353
0.407227 7.48715 7.86058	0 58.4287 3.59184
0.407471 8.65843 7.82304	0 92.3006 3.62088
0.407715 6.72433 7.79113	0 40.0084 3.63957
0.407959 7.70704 7.76766	0 73.9316 3.66285
0.408203 7.7165 7.75494	0 73.9381 3.70438
0.408447 7.22576 7.75437	0 54.5807 3.77035
0.408691 7.33436 7.76616	0 40.6249 3.85665
0.408936 7.01503 7.78917	0 43.2401 3.9502
0.40918 7.97075 7.82097	0 48.8361 4.03408
0.409424 8.15469 7.85816	0 77.0255 4.09436
0.409668 7.77606 7.89671	0 43.377 4.12604
0.409912 8.61995 7.93252	0 85.4475 4.13549
0.410156 8.20917 7.96193	0 60.1031 4.13772
0.4104 7.26028 7.98207	0 38.2327 4.1496
0.410645 9.11218 7.99121	0 76.1152 4.18202
0.410889 8.57918 7.98886	0 67.5614 4.23466
0.411133 7.57129 7.97572	0 71.5273 4.29559
0.411377 8.52382 7.95348	0 71.481 4.3454
0.411621 7.09324 7.92454	0 54.5038 4.3637
0.411865 8.92002 7.89168	0 133.167 4.33559
0.412109 7.1112 7.85764	0 56.6367 4.25633
0.412354 7.80298 7.82485	0 54.814 4.13318
0.412598 7.52401 7.79522	0 54.6085 3.98421
0.412842 7.92347 7.76999	0 67.637 3.83431
0.413086 7.47301 7.74978	0 55.1088 3.70925
0.41333 7.24174 7.73474	0 65.9939 3.62948
0.413574 7.9917 7.72471	0 56.693 3.60579
0.413818 7.37729 7.71939	0 40.6521 3.63836
0.414062 8.89237 7.71849	0 116.072 3.71914
0.414307 7.77803 7.72173	0 54.5207 3.83583
0.414551 6.91438 7.72878	0 56.2732 3.97529
0.414795 7.98032 7.73908	0 67.9736 4.12471
0.415039 6.65148 7.7517	0 50.6595 4.27086
0.415283 7.48431 7.76538	0 57.2073 4.39941
0.415527 8.59622 7.77854	0 72.7991 4.49586
0.415771 7.5955 7.78957	0 44.8154 4.54882
0.416016 8.44949 7.79718	0 56.5134 4.5542
0.41626 8.03589 7.80065	0 58.5046 4.51844
0.416504 7.94895 7.8001	0 58.8701 4.45903
0.416748 8.21094 7.79649	0 72.9412 4.40127
0.416992 7.67313 7.79139	0 66.857 4.37174
0.417236 7.62458 7.78662	0 49.281 4.38983
0.41748 7.08933 7.78385	0 45.4889 4.46043
0.417725 6.89402 7.78416	0 36.9422 4.57112
0.417969 8.782 7.78782	0 57.7976 4.696
0.418213 7.17535 7.79422	0 49.8703 4.80559
0.418457 7.57093 7.80204	0 89.5397 4.8786
0.418701 8.40022 7.8095	0 98.5092 4.91032
0.418945 8.01697 7.81467	0 49.3405 4.91307
0.419189 8.77639 7.81578	0 63.8843 4.9082
0.419434 7.55491 7.81138	0 64.8819 4.91335
0.419678 7.2402 7.80046	0 44.9277 4.93091
0.419922 7.45818 7.78245	0 41.6634 4.94336
0.420166 7.73298 7.75723	0 57.4481 4.91786
0.42041 8.20636 7.72507	0 91.3394 4.81828
0.420654 8.59299 7.68663	0 67.2882 4.6193
0.420898 8.25106 7.64291	0 72.0141 4.31676
0.421143 7.12636 7.59522	0 48.4633 3.9302
0.421387 7.19048 7.54513	0 49.1962 3.49735
0.421631 6.8157 7.49442	0 42.5796 3.06391
0.421875 6.54514 7.44505	0 46.4235 2.67273
0.422119 8.50762 7.39903	0 51.8708 2.35612
0.422363 8.30616 7.35844	0 54.5568 2.13259
0.422607 7.54291 7.32524	0 60.1713 2.0075
0.422852 6.73373 7.3011	0 35.4625 1.9758
0.423096 5.6146 7.28717	0 27.747 2.02531
0.42334 7.94695 7.2839	0 48.5373 2.13923
0.423584 6.3097 7.29093	0 40.3473 2.29799
0.423828 6.84781 7.30708	0 45.4891 2.48089
0.424072 7.35076 7.33057	0 68.6378 2.66856
0.424316 8.96742 7.35937	0 85.3645 2.84588
0.424561 7.05016 7.39155	0 49.1757 3.00466
0.424805 7.09697 7.42561	0 56.5557 3.14469
0.425049 8.01847 7.46068	0 62.7576 3.27223
0.425293 7.41758 7.4965	0 44.7062 3.3968
0.425537 7.07176 7.53323	0 50.4063 3.52737
0.425781 6.89221 7.57114	0 49.536 3.66953
0.426025 8.31945 7.6102	0 59.8046 3.8241
0.42627 7.98289 7.64985	0 62.8172 3.98681
0.426514 6.78179 7.68879	0 67.008 4.14845
0.426758 8.31243 7.72502	0 74.706 4.2949
0.427002 7.31154 7.75606	0 57.4027 4.40765
0.427246 6.49886 7.77934	0 44.977 4.466
0.42749 9.46506 7.7926	0 114.426 4.45181
0.427734 9.39086 7.79437	0 115.98 4.35594
0.427979 8.52836 7.78425	0 81.7969 4.18361
0.428223 7.11552 7.76306	0 48.065 3.95577
0.428467 6.68384 7.73275	0 53.1583 3.70503
0.428711 7.24876 7.69613	0 40.4329 3.46781
0.428955 9.04599 7.65648	0 78.4339 3.27608
0.429199 7.79845 7.61706	0 55.2083 3.15177
0.429443 7.38521 7.58067	0 41.4422 3.10501
0.429688 6.59762 7.54939	0 39.9214 3.13554
0.429932 7.16272 7.52427	0 47.7541 3.23541
0.430176 6.8802 7.50545	0 47.2465 3.39153
0.43042 8.42564 7.49224	0 83.5023 3.58712
0.430664 7.07256 7.48345	0 64.9832 3.80236
0.430908 7.3147 7.47776	0 48.9617 4.01496
0.431152 8.39548 7.47407	0 84.6661 4.20176
0.431396 7.35752 7.47174	0 58.5088 4.34202
0.431641 7.48166 7.47069	0 63.2303 4.42194
0.431885 7.58649 7.47128	0 50.7274 4.43865
0.432129 7.0161 7.47408	0 57.7381 4.40202
0.432373 7.50431 7.47955	0 68.8251 4.33298
0.432617 7.3302 7.48773	0 51.053 4.25842
0.432861 6.45482 7.49804	0 43.4829 4.204
0.433105 8.08851 7.50924	0 54.7332 4.18678
0.43335 7.72928 7.51953	0 53.8893 4.20971
0.433594 7.63903 7.52689	0 81.7739 4.25976
0.433838 7.58987 7.5293	0 48.3706 4.31087
0.434082 8.07517 7.52519	0 60.4731 4.3314
0.434326 8.05143 7.51358	0 97.3356 4.29413
0.43457 7.49581 7.4943	0 72.3257 4.18557
0.434814 6.23166 7.46802	0 34.1436 4.01083
0.435059 8.35271 7.43619	0 67.7114 3.79211
0.435303 8.01182 7.40088	0 57.7081 3.56144
0.435547 6.7857 7.36466	0 46.373 3.35081
0.435791 7.3947 7.33033	0 47.5382 3.1836
0.436035 7.10623 7.30068	0 49.2946 3.07023
0.436279 7.77974 7.27815	0 58.2982 3.00844
0.436523 6.74229 7.26458	0 28.5766 2.98707
0.436768 6.24588 7.26094	0 38.7603 2.99123
0.437012 7.09261 7.26718	0 56.2558 3.0073
0.437256 6.78595 7.28224	0 52.5595 3.02668
0.4375 8.51308 7.30418	0 86.5283 3.0476
0.437744 6.47793 7.33046	0 42.1545 3.07473
0.437988 6.86555 7.35833	0 38.5371 3.11662
0.438232 8.42038 7.38516	0 63.1976 3.1815
0.438477 8.07357 7.40873	0 61.6046 3.273
0.438721 8.01578 7.4274	0 55.6481 3.3872
0.438965 6.52524 7.44012	0 43.1684 3.51223
0.439209 6.37874 7.44635	0 46.1309 3.63083
0.439453 8.58634 7.44597	0 59.7042 3.72484
0.439697 7.85437 7.43916	0 93.4971 3.78036
0.439941 7.43966 7.42636	0 52.2768 3.79166
0.440186 6.41355 7.4083	0 35.1833 3.76299
0.44043 8.48708 7.38608	0 75.1702 3.70758
0.440674 7.52112 7.36123	0 41.0161 3.64435
0.440918 7.84403 7.3357	0 67.8429 3.59294
0.441162 6.77022 7.31185	0 37.893 3.56874
0.441406 6.27169 7.29224	0 29.0407 3.57957
0.44165 7.4534 7.27944	0 40.8081 3.62511
0.441895 8.05833 7.27572	0 59.6679 3.69865
0.442139 6.97362 7.28283	0 74.0862 3.78966
0.442383 6.39836 7.30179	0 30.5772 3.88522
0.442627 6.44459 7.3327	0 43.9285 3.97048
0.442871 7.38709 7.37471	0 52.0742 4.02929
0.443115 8.43057 7.42606	0 81.5583 4.04677
0.443359 7.04551 7.48417	0 53.0715 4.01368
0.443604 7.08201 7.54584	0 36.7984 3.93051
0.443848 8.28155 7.60754	0 84.975 3.80889
0.444092 6.92554 7.6657	0 43.1403 3.66887
0.444336 7.82205 7.71713	0 62.9273 3.533
0.44458 8.27366 7.75932	0 67.8808 3.41972
0.444824 8.10638 7.7908	0 56.1591 3.33862
0.445068 9.28047 7.81124	0 86.8734 3.28941
0.445312 7.30262 7.82141	0 48.9559 3.26471
0.445557 8.06437 7.82291	0 70.6637 3.2552
0.445801 8.37828 7.8177	0 82.0865 3.25446
0.446045 6.9698 7.80759	0 45.5515 3.26129
0.446289 6.49323 7.79376	0 44.0477 3.27853
0.446533 8.17158 7.77654	0 71.0778 3.30933
0.446777 7.16885 7.75541	0 62.0584 3.35328
0.447021 9.07464 7.7294	0 89.7087 3.40464
0.447266 7.82308 7.69754	0 40.589 3.45361
0.44751 8.15527 7.65949	0 62.6171 3.49029
0.447754 7.44343 7.61595	0 47.0751 3.50969
0.447998 8.64765 7.56881	0 74.8073 3.51567
0.448242 7.64887 7.52102	0 65.2753 3.52153
0.448486 6.79684 7.47606	0 34.6923 3.54649
0.44873 6.7523 7.43735	0 44.0539 3.60862
0.448975 6.35696 7.40766	0 35.1316 3.71691
0.449219 6.73123 7.38859	0 43.3011 3.86593
0.449463 8.25367 7.38047	0 65.2507 4.03564
0.449707 7.01116 7.38242	0 51.7419 4.19686
0.449951 6.69833 7.3927	0 38.1385 4.32031
0.450195 9.54493 7.40914	0 115.816 4.38582
0.450439 6.88145 7.42959	0 35.3199 4.38791
0.450684 6.31624 7.45213	0 28.9824 4.33615
0.450928 7.67046 7.47526	0 57.3485 4.25036
0.451172 7.9042 7.49777	0 52.2302 4.15318
0.451416 8.04959 7.51864	0 77.1592 4.06319
0.45166 7.25193 7.53683	0 52.8062 3.99112
0.451904 6.91367 7.55117	0 43.1373 3.93991
0.452148 7.1306 7.56041	0 76.5778 3.90782
0.452393 8.40082 7.56327	0 66.226 3.89259
0.452637 8.14376 7.55877	0 68.9324 3.89414
0.452881 7.49779 7.54643	0 57.3588 3.91477
0.453125 7.97741 7.5266	0 52.7281 3.95666
0.453369 7.88126 7.50056	0 55.469 4.01836
0.453613 6.7924 7.47056	0 38.7251 4.09285
0.453857 7.35003 7.43964	0 47.5293 4.16864
0.454102 8.02169 7.4113	0 109.729 4.23402
0.454346 7.5321 7.38907	0 49.6473 4.28192
0.45459 7.11195 7.37604	0 43.2294 4.31226
0.454834 5.88892 7.37442	0 35.7654 4.3303
0.455078 6.63894 7.38527	0 57.8693 4.3418
0.455322 7.49049 7.40834	0 78.3556 4.34829
0.455566 8.17617 7.44217	0 63.0304 4.3454
0.455811 7.47035 7.48431	0 49.9545 4.3254
0.456055 7.30672 7.53169	0 45.9223 4.28244
0.456299 6.77318 7.58101	0 56.3991 4.21773
0.456543 8.29721 7.62916	0 70.2351 4.14186
0.456787 8.74841 7.67352	0 84.766 4.07272
0.457031 7.33742 7.71222	0 39.4852 4.02957
0.457275 7.9018 7.74427	0 49.1356 4.02526
0.45752 7.01086 7.76959	0 36.0644 4.06018
0.457764 8.46334 7.78893	0 61.2946 4.12063
0.458008 7.88797 7.80369	0 60.7879 4.18287
0.458252 9.02837 7.8156	0 74.1405 4.22118
0.458496 7.31982 7.82639	0 43.3937 4.21663
0.45874 7.21435 7.83734	0 45.1787 4.16315
0.458984 6.79986 7.84899	0 41.1073 4.06895
0.459229 8.55597 7.86093	0 74.7502 3.95341
0.459473 7.53281 7.87186	0 60.4851 3.84102
0.459717 7.6976 7.87991	0 68.0042 3.75429
0.459961 7.45245 7.88312	0 51.5212 3.70767
0.460205 9.35458 7.88002	0 80.9178 3.70403
0.460449 8.6602 7.87015	0 74.2493 3.73489
0.460693 8.68798 7.85429	0 62.6529 3.78439
0.460938 7.20164 7.83439	0 40.6516 3.83548
0.461182 7.63102 7.81311	0 76.8575 3.87604
0.461426 7.21791 7.7931	0 50.8952 3.90229
0.46167 7.6985 7.77631	0 54.6133 3.91834
0.461914 7.16374 7.76328	0 41.5087 3.93253
0.462158 6.36489 7.75296	0 37.1299 3.95253
0.462402 8.30068 7.74281	0 77.3754 3.98133
0.462646 8.27371 7.72941	0 55.6929 4.01579
0.462891 8.13724 7.70923	0 66.3502 4.04762
0.463135 7.79368 7.67959	0 50.5106 4.06603
0.463379 10.0621 7.63933	0 96.7845 4.06092
0.463623 7.52488 7.58914	0 73.4277 4.02567
0.463867 6.99115 7.53158	0 39.38 3.95913
0.464111 6.73013 7.47058	0 44.9505 3.86659
0.464355 7.12029 7.41078	0 42.5128 3.75944
0.4646 7.48203 7.35675	0 60.5513 3.65365
0.464844 6.00088 7.31234	0 28.5245 3.56683
0.465088 7.85536 7.28018	0 39.1886 3.51447
0.465332 6.69879 7.26138	0 37.2243 3.50613
0.465576 8.39573 7.25555	0 62.0502 3.54263
0.46582 6.02508 7.26084	0 42.0428 3.61526
0.466064 7.01836 7.27427	0 56.5789 3.70742
0.466309 7.05323 7.29203	0 43.9101 3.79828
0.466553 6.95592 7.31001	0 59.2999 3.86736
0.466797 8.00069 7.32426	0 70.4388 3.89865
0.467041 7.68034 7.33156	0 50.3063 3.88317
0.467285 8.15284 7.32985	0 70.1758 3.81971
0.467529 7.67459 7.31856	0 64.9078 3.71413
0.467773 7.67425 7.29865	0 73.0176 3.57796
0.468018 6.99633 7.27234	0 50.9332 3.42657
0.468262 7.83526 7.24271	0 46.6397 3.27671
0.468506 6.87896 7.21304	0 65.6312 3.14349
0.46875 5.60138 7.18623	0 32.4996 3.03717
0.468994 6.62391 7.16435	0 35.3933 2.9614
0.469238 7.03275 7.14837	0 51.8866 2.91373
0.469482 8.05333 7.13823	0 65.8769 2.88831
0.469727 7.97728 7.13303	0 41.6243 2.87923
0.469971 6.89266 7.13141	0 38.6022 2.88228
0.470215 6.49069 7.13197	0 54.1889 2.89423
0.470459 6.78256 7.13361	0 34.111 2.91039
0.470703 6.83972 7.13579	0 32.4726 2.92301
0.470947 7.8711 7.13863	0 73.018 2.92215
0.471191 8.14294 7.14284	0 80.6056 2.89947
0.471436 6.84084 7.1496	0 36.5036 2.85292
0.47168 6.43221 7.16016	0 35.5371 2.78968
0.471924 7.01595 7.17549	0 41.9252 2.72538
0.472168 7.45227 7.19593	0 55.0414 2.6798
0.472412 6.47997 7.22084	0 39.0742 2.6707
0.472656 6.69916 7.24857	0 41.5298 2.70839
0.4729 7.4986 7.27656	0 45.4952 2.79272
0.473145 6.88212 7.30179	0 38.5887 2.9136
0.473389 7.77791 7.32128	0 60.2799 3.05438
0.473633 9.1952 7.33272	0 73.6744 3.19717
0.473877 7.56967 7.3349	0 51.768 3.32822
0.474121 6.78256 7.32802	0 40.8077 3.44177
0.474365 7.8771 7.3136	0 55.038 3.54113
0.474609 7.04792 7.29419	0 55.9815 3.6371
0.474854 7.19773 7.27288	0 58.2061 3.74448
0.475098 6.5476 7.25275	0 44.3098 3.87826
0.475342 6.9689 7.23641	0 62.3732 4.05071
0.475586 6.88003 7.22571	0 54.1783 4.26941
0.47583 7.72508 7.22169	0 67.2114 4.53607
0.476074 7.33504 7.22469	0 45.8676 4.84545
0.476318 6.69858 7.2345	0 77.9939 5.18443
0.476562 7.14623 7.25066	0 53.1964 5.53229
0.476807 7.9227 7.27256	0 65.3968 5.8628
0.477051 7.33554 7.29948	0 51.1341 6.14824
0.477295 7.15225 7.33056	0 64.1806 6.36393
0.477539 6.22669 7.3647	0 44.3699 6.49151
0.477783 7.85873 7.4004	0 65.0943 6.52013
0.478027 6.63953 7.43574	0 62.7777 6.446
0.478271 8.89762 7.46839	0 123.193 6.27196
0.478516 6.66092 7.49576	0 45.1746 6.00785
0.47876 8.88257 7.5152	0 88.4796 5.67131
0.479004 7.29491 7.52423	0 45.5573 5.28751
0.479248 7.38621 7.52089	0 57.5934 4.88623
0.479492 7.26727 7.50401	0 56.7479 4.49679
0.479736 7.71201 7.47354	0 50.487 4.14247
0.47998 8.25482 7.4307	0 77.9769 3.83743
0.480225 8.11565 7.37811	0 63.5594 3.58759
0.480469 7.40208 7.31965	0 59.9445 3.39503
0.480713 7.61471 7.26012	0 52.0642 3.26308
0.480957 6.52838 7.20462	0 38.914 3.19866
0.481201 7.31177 7.15789	0 54.7201 3.21008
0.481445 5.51755 7.12359	0 25.559 3.30088
0.481689 6.60328 7.10374	0 48.5204 3.46332
0.481934 6.11467 7.09843	0 51.5925 3.67526
0.482178 6.76487 7.106	0 35.4555 3.90264
0.482422 8.76851 7.12341	0 105.243 4.10683
0.482666 6.97202 7.14698	0 55.5138 4.25386
0.48291 7.38024 7.17314	0 41.6434 4.32209
0.483154 7.04382 7.19904	0 60.7981 4.30612
0.483398 7.21855 7.223	0 49.8786 4.2166
0.483643 8.09566 7.24453	0 78.564 4.07651
0.483887 7.82576 7.26416	0 80.1676 3.91525
0.484131 6.40845 7.28292	0 40.1366 3.76199
0.484375 6.5008 7.30179	0 37.9764 3.63976
0.484619 6.63228 7.32118	0 45.0055 3.56192
0.484863 8.69806 7.34057	0 62.1416 3.53121
0.485107 6.47268 7.35842	0 40.8691 3.54084
0.485352 8.00293 7.37239	0 46.0327 3.57645
0.485596 7.07571 7.37977	0 57.8878 3.61816
0.48584 7.08166 7.37812	0 53.3473 3.64328
0.486084 7.85331 7.36592	0 65.6961 3.63058
0.486328 8.92335 7.34306	0 104.849 3.56613
0.486572 7.71631 7.31109	0 54.114 3.44903
0.486816 7.78594 7.27313	0 57.0691 3.29394
0.487061 6.82365 7.23343	0 59.2506 3.12806
0.487305 6.70525 7.19669	0 40.4775 2.98289
0.487549 5.30314 7.16728	0 32.6591 2.88395
0.487793 7.25949 7.14857	0 65.467 2.84314
0.488037 7.03559 7.14245	0 43.959 2.85712
0.488281 7.06401 7.14926	0 41.6237 2.91195
0.488525 7.07713 7.16789	0 55.3669 2.99094
0.48877 7.09555 7.19619	0 47.4528 3.08152
0.489014 7.38518 7.23147	0 51.7332 3.17805
0.489258 7.81029 7.27094	0 46.3698 3.28022
0.489502 7.3986 7.31209	0 46.851 3.38925
0.489746 6.82671 7.35283	0 44.3147 3.50442
0.48999 7.24083 7.39159	0 68.4225 3.62163
0.490234 7.19888 7.42724	0 61.307 3.7341
0.490479 8.52594 7.45901	0 71.243 3.83399
0.490723 6.87369 7.48632	0 34.3458 3.9142
0.490967 8.11704 7.50862	0 51.79 3.96987
0.491211 7.76928 7.52529	0 48.7313 3.99943
0.491455 7.26114 7.53555	0 43.2755 4.00469
0.491699 7.51339 7.53837	0 52.7347 3.98947
0.491943 6.86279 7.53261	0 52.5835 3.95694
0.492188 7.7584 7.51724	0 60.6852 3.90687
0.492432 8.15445 7.49164	0 62.7282 3.83467
0.492676 8.03334 7.45603	0 57.0342 3.73373
0.49292 7.66532 7.41185	0 58.4878 3.60068
0.493164 7.91933 7.36198	0 83.4834 3.44097
0.493408 7.42619 7.31073	0 45.9806 3.27164
0.493652 6.71588 7.26353	0 36.986 3.11891
0.493896 7.18499 7.2263	0 50.0714 3.01114
0.494141 6.92291 7.20465	0 39.887 2.97003
0.494385 6.31831 7.20292	0 33.2498 3.00425
0.494629 6.41454 7.22334	0 38.2764 3.10803
0.494873 6.46724 7.26547	0 46.0888 3.26462
0.495117 7.02836 7.32596	0 53.8386 3.45192
0.495361 6.36391 7.39881	0 42.0842 3.64728
0.495605 7.75687 7.47601	0 58.7013 3.82989
0.49585 8.62694 7.54852	0 79.9251 3.98154
0.496094 8.25946 7.60731	0 61.536 4.08758
0.496338 7.86182 7.64434	0 57.212 4.13904
0.496582 8.91009 7.65324	0 59.8367 4.13509
0.496826 9.11661 7.62945	0 73.1819 4.08398
0.49707 7.39397 7.57	0 44.5329 4.00067
0.497314 7.75194 7.47278	0 57.2913 3.90173
0.497559 7.26831 7.33575	0 58.1351 3.79957
0.497803 7.67173 7.15611	0 75.0283 3.69872
0.498047 6.34177 6.93007	0 56.5964 3.59548
0.498291 7.80062 6.65303	0 58.676 3.48059
0.498535 6.0761 6.32057	0 38.7484 3.34286
0.498779 6.89718 5.9299	0 53.3227 3.17187
0.499023 7.48175 5.48152	0 40.1739 2.95948
0.499268 7.40251 4.98059	0 47.7319 2.7008
0.499512 7.3939 4.43768	0 59.5681 2.39587
0.499756 6.84742 3.29226	0 123.543 1.68453
