0 0 1.24072	0 0 0.169978
0.000244141 2.5234 1.48414	0 8.6828 0.224091
0.000488281 2.33262 1.73862	0 4.76547 0.286226
0.000732422 2.45299 1.99937	0 6.26981 0.35622
0.000976562 2.63588 2.26266	0 6.77054 0.433825
0.0012207 2.91051 2.52622	0 7.36895 0.518472
0.00146484 2.1515 2.78947	0 4.62044 0.609254
0.00170898 2.8662 3.05342	0 9.5125 0.705434
0.00195312 2.80875 3.32044	0 7.2062 0.80747
0.00219727 4.01631 3.59394	0 19.3152 0.918053
0.00244141 4.10173 3.87799	0 20.8173 1.04239
0.00268555 3.72127 4.177	0 12.9568 1.18715
0.00292969 4.19582 4.4953	0 15.8048 1.35836
0.00317383 4.96798 4.83688	0 17.0515 1.55933
0.00341797 3.91247 5.20495	0 12.3206 1.79015
0.00366211 5.02649 5.60168	0 22.8941 2.04933
0.00390625 5.47318 6.02786	0 48.9754 2.33695
0.00415039 6.57085 6.48284	0 40.1887 2.65735
0.00439453 5.89971 6.96461	0 31.7361 3.01954
0.00463867 7.6509 7.4701	0 52.3419 3.43486
0.00488281 6.45932 7.99579	0 48.2914 3.91342
0.00512695 9.68932 8.5383	0 72.9536 4.46201
0.00537109 8.61389 9.09505	0 74.3062 5.08568
0.00561523 10.5396 9.66458	0 107.2 5.79353
0.00585938 11.0688 10.2465	0 134.002 6.60643
0.00610352 11.7094 10.8411	0 187.531 7.56253
0.00634766 9.0559 11.4484	0 107.949 8.71547
0.0065918 12.3468 12.0672	0 143.399 10.1221
0.00683594 11.0385 12.6941	0 126.012 11.8208
0.00708008 11.1447 13.3234	0 134.83 13.807
0.00732422 13.995 13.9466	0 126.92 16.0165
0.00756836 15.976 14.5534	0 353.682 18.3242
0.0078125 18.2189 15.1329	0 279.512 20.5618
0.00805664 15.818 15.6742	0 283.415 22.5495
0.00830078 19.1254 16.1677	0 432.851 24.1306
0.00854492 17.0434 16.6057	0 332.688 25.2016
0.00878906 15.6944 16.9822	0 307.084 25.7289
0.0090332 16.1628 17.2932	0 310.669 25.753
0.00927734 19.2157 17.5362	0 275.562 25.3779
0.00952148 21.1982 17.7097	0 367.685 24.7485
0.00976562 17.9778 17.8136	0 338.248 24.0204
0.0100098 18.1781 17.8485	0 314.206 23.3298
0.0102539 20.1455 17.8165	0 354.671 22.7731
0.010498 17.8029 17.7207	0 305.987 22.4007
0.0107422 19.4189 17.5655	0 389.24 22.2203
0.0109863 16.4421 17.3563	0 256.366 22.2013
0.0112305 16.6016 17.0995	0 338.098 22.2752
0.0114746 17.4677 16.8026	0 277.434 22.3362
0.0117188 17.4908 16.4743	0 305.527 22.2553
0.0119629 17.4273 16.1243	0 550.554 21.9143
0.012207 15.9266 15.7635	0 331.56 21.2514
0.0124512 16.1036 15.4034	0 283.77 20.2965
0.0126953 14.2751 15.0563	0 233.358 19.1743
0.0129395 12.9144 14.7338	0 196.812 18.0682
0.0131836 12.7082 14.4465	0 154.927 17.1588
0.0134277 14.0038 14.2026	0 200.089 16.5643
0.0136719 13.8706 14.0081	0 183.952 16.3051
0.013916 11.285 13.8653	0 112.302 16.3067
0.0141602 13.666 13.7739	0 242.962 16.4344
0.0144043 14.8081 13.7307	0 380.347 16.5448
0.0146484 11.8607 13.7302	0 143.479 16.5328
0.0148926 13.0666 13.7658	0 200.97 16.3591
0.0151367 12.5956 13.8299	0 170.729 16.0511
0.0153809 14.5764 13.9155	0 282.649 15.6808
0.015625 16.5426 14.0157	0 255.449 15.3325
0.0158691 14.0281 14.1251	0 158.296 15.0764
0.0161133 12.1548 14.2396	0 163.12 14.9556
0.0163574 14.205 14.356	0 232.236 14.9921
0.0166016 15.6933 14.4727	0 289.402 15.2004
0.0168457 14.154 14.5885	0 189.575 15.5975
0.0170898 15.2399 14.7032	0 180.74 16.2006
0.017334 14.1233 14.8167	0 188.807 17.0091
0.0175781 15.6577 14.929	0 238.786 17.9833
0.0178223 14.2794 15.0402	0 172.449 19.0322
0.0180664 16.2177 15.1503	0 349.925 20.0224
0.0183105 14.7621 15.2592	0 291.897 20.807
0.0185547 13.4185 15.3669	0 233.596 21.2661
0.0187988 17.0152 15.4734	0 382.268 21.3418
0.019043 16.7742 15.5791	0 227.059 21.0537
0.0192871 15.8148 15.6843	0 313.715 20.4899
0.0195312 13.8016 15.7898	0 319.009 19.7796
0.0197754 18.4001 15.896	0 350.016 19.0593
0.0200195 14.0353 16.0035	0 174.911 18.4469
0.0202637 17.2983 16.1122	0 341.818 18.0297
0.0205078 12.1359 16.2217	0 154.324 17.8645
0.020752 19.0071 16.331	0 396.007 17.9835
0.0209961 17.628 16.4391	0 358.076 18.399
0.0212402 16.9644 16.5448	0 292.867 19.1016
0.0214844 16.6036 16.647	0 294.378 20.0553
0.0217285 15.7031 16.7452	0 233.957 21.1902
0.0219727 17.0352 16.839	0 413.035 22.4013
0.0222168 16.28 16.9288	0 316.182 23.5567
0.0224609 17.2384 17.0154	0 313.991 24.5177
0.0227051 18.8659 17.1002	0 490.999 25.1687
0.0229492 14.9482 17.1852	0 171.334 25.4496
0.0231934 19.0017 17.2733	0 561.71 25.3773
0.0234375 19.447 17.3676	0 321.346 25.0472
0.0236816 14.2862 17.4719	0 189.929 24.6102
0.0239258 16.0117 17.5901	0 284.797 24.2307
0.0241699 19.3723 17.7257	0 320.058 24.0421
0.0244141 16.9922 17.8815	0 376.381 24.1157
0.0246582 17.7701 18.0596	0 256.271 24.4548
0.0249023 17.4813 18.2602	0 314.943 25.0138
0.0251465 19.7369 18.4818	0 285.806 25.7333
0.0253906 19.4628 18.7212	0 342.378 26.5745
0.0256348 15.3258 18.9729	0 192.025 27.5364
0.0258789 17.2651 19.2302	0 272.375 28.649
0.026123 20.9402 19.4856	0 471.593 29.9398
0.0263672 21.2246 19.7321	0 407.455 31.3886
0.0266113 22.0946 19.9636	0 582.256 32.8878
0.0268555 21.7171 20.1767	0 415.907 34.2321
0.0270996 20.5177 20.3704	0 441.438 35.151
0.0273438 19.5218 20.5469	0 424.234 35.3823
0.0275879 20.2644 20.7103	0 665.034 34.7626
0.027832 20.1836 20.8664	0 323.609 33.3004
0.0280762 23.7077 21.0208	0 582.834 31.1994
0.0283203 19.823 21.1788	0 404.074 28.8171
0.0285645 18.8869 21.344	0 409.545 26.5725
0.0288086 20.6531 21.5188	0 386.484 24.838
0.0290527 22.5367 21.7042	0 380.813 23.8578
0.0292969 21.3711 21.9008	0 479.055 23.7235
0.029541 25.9043 22.109	0 692.081 24.4098
0.0297852 20.8769 22.33	0 365.05 25.843
0.0300293 23.2224 22.5657	0 416.57 27.9623
0.0302734 21.6444 22.8187	0 536.694 30.7399
0.0305176 20.1333 23.0918	0 342.892 34.1539
0.0307617 22.8393 23.3872	0 742.85 38.1326
0.0310059 23.8547 23.7059	0 588.593 42.5046
0.03125 27.8448 24.0473	0 719.981 46.9814
0.0314941 21.5902 24.4087	0 592.635 51.1853
0.0317383 23.0277 24.7855	0 379.647 54.7137
0.0319824 25.9598 25.1716	0 1120.4 57.2216
0.0322266 22.8836 25.5604	0 964.454 58.4944
0.0324707 30.1007 25.9453	0 1017.22 58.4888
0.0327148 25.0318 26.3219	0 648.513 57.3329
0.032959 26.4223 26.6885	0 904.607 55.2907
0.0332031 29.2149 27.0472	0 608.648 52.7104
0.0334473 29.9698 27.4041	0 843.388 49.9748
0.0336914 26.9541 27.7687	0 551.951 47.4629
0.0339355 29.2277 28.1526	0 695.615 45.5199
0.0341797 24.934 28.5671	0 624.207 44.4328
0.0344238 25.9029 29.022	0 468.964 44.4115
0.034668 28.0418 29.523	0 624.723 45.5818
0.0349121 29.9462 30.0715	0 1262.6 47.9936
0.0351562 27.4771 30.6646	0 615.663 51.637
0.0354004 32.584 31.2959	0 955.271 56.4493
0.0356445 33.7077 31.9574	0 874.717 62.3019
0.0358887 35.1504 32.641	0 1304.25 68.9683
0.0361328 34.2185 33.3405	0 936.299 76.0982
0.036377 32.2947 34.0526	0 1297.04 83.2282
0.0366211 32.021 34.7775	0 1049.89 89.8471
0.0368652 34.6951 35.5189	0 1366.92 95.5057
0.0371094 37.0697 36.2832	0 1813.79 99.9355
0.0373535 35.9912 37.0796	0 1367.41 103.13
0.0375977 44.1986 37.9182	0 2006.69 105.36
0.0378418 35.8594 38.8089	0 1337.8 107.111
0.0380859 38.2059 39.7606	0 1346.68 108.993
0.0383301 35.0488 40.7793	0 1409.79 111.628
0.0385742 39.2926 41.8678	0 1392.12 115.572
0.0388184 41.3317 43.0255	0 1875.65 121.268
0.0390625 43.1742 44.2489	0 1720.2 129.004
0.0393066 51.2515 45.5326	0 2417.76 138.87
0.0395508 47.865 46.8704	0 2162.88 150.696
0.0397949 43.7631 48.2566	0 1784.91 164.001
0.0400391 54.2358 49.6863	0 2779.25 178.009
0.0402832 44.6076 51.1557	0 1989.96 191.76
0.0405273 52.6328 52.6621	0 3495.53 204.337
0.0407715 54.3299 54.2039	0 3689.9 215.131
0.0410156 52.8994 55.7804	0 3127.69 224.036
0.0412598 57.5776 57.3926	0 3561.84 231.484
0.0415039 62.1176 59.0433	0 4028.08 238.278
0.041748 64.6195 60.7372	0 3194.37 245.326
0.0419922 57.5106 62.4802	0 3078.2 253.421
0.0422363 66.0099 64.2773	0 4039.43 263.186
0.0424805 63.007 66.1311	0 4731.67 275.194
0.0427246 69.3449 68.039	0 4645.62 290.121
0.0429688 60.631 69.9919	0 3440.35 308.737
0.0432129 63.9429 71.9748	0 3356.57 331.656
0.043457 84.0373 73.9679	0 5132.04 358.909
0.0437012 70.4138 75.9505	0 4569.6 389.572
0.0439453 95.3382 77.9049	0 8641.86 421.727
0.0441895 74.2725 79.8195	0 4691.79 452.85
0.0444336 89.6225 81.691	0 7007.11 480.565
0.0446777 81.7634 83.5244	0 6166.24 503.464
0.0449219 80.4863 85.3296	0 6038.58 521.684
0.045166 87.0817 87.1184	0 7009.37 537.011
0.0454102 87.6295 88.8986	0 5617.12 552.449
0.0456543 84.6685 90.6705	0 7901.94 571.364
0.0458984 87.9052 92.4228	0 7685.4 596.4
0.0461426 111.969 94.1321	0 12319.1 628.458
0.0463867 82.1379 95.7623	0 7501.75 666.004
0.0466309 104.853 97.2676	0 12373.8 704.997
0.046875 102.998 98.5958	0 10140.5 739.576
0.0471191 96.7986 99.6924	0 10629.1 763.458
0.0473633 108.413 100.506	0 9156.1 771.655
0.0476074 108.376 100.994	0 11431.6 761.948
0.0478516 100.662 101.126	0 9616.77 735.562
0.0480957 115.726 100.886	0 13243.2 696.775
0.0483398 115.443 100.275	0 13094.6 651.61
0.048584 99.5309 99.3088	0 8764.77 606.118
0.0488281 101.107 98.0134	0 10502.9 564.852
0.0490723 96.776 96.4216	0 7042.66 530.026
0.0493164 93.1529 94.5677	0 11453.3 501.542
0.0495605 83.2686 92.4842	0 6533.82 477.716
0.0498047 95.0861 90.2005	0 9802.2 456.332
0.0500488 94.2625 87.7433	0 6403.8 435.549
0.050293 93.8324 85.1392	0 6071.33 414.37
0.0505371 82.4639 82.4161	0 6006.61 392.637
0.0507812 98.4573 79.6045	0 7528.84 370.731
0.0510254 68.1172 76.737	0 5136.9 349.227
0.0512695 60.7152 73.8457	0 3766.98 328.642
0.0515137 62.3088 70.9594	0 3485.55 309.282
0.0517578 66.7344 68.1015	0 4093.29 291.138
0.052002 70.969 65.2882	0 3760.4 273.856
0.0522461 60.7733 62.5297	0 4298.47 256.831
0.0524902 67.8532 59.8312	0 5354.37 239.463
0.0527344 64.0799 57.1961	0 5437.87 221.482
0.0529785 44.7064 54.6276	0 1810.89 203.143
0.0532227 43.9362 52.1299	0 1990.31 185.145
0.0534668 48.0283 49.7088	0 1786.09 168.298
0.0537109 49.3297 47.3708	0 2160.67 153.136
0.0539551 46.8145 45.1225	0 2418.44 139.699
0.0541992 43.8256 42.9699	0 2557.42 127.611
0.0544434 35.6788 40.9177	0 1238.81 116.359
0.0546875 38.2385 38.97	0 1522.84 105.592
0.0549316 33.1008 37.1296	0 1093.06 95.2673
0.0551758 37.6679 35.3988	0 1535.12 85.6046
0.0554199 32.3921 33.7792	0 1103.54 76.9239
0.0556641 29.5733 32.2706	0 954.278 69.4747
0.0559082 28.9874 30.8717	0 770.93 63.3401
0.0561523 29.4249 29.5782	0 990.084 58.4268
0.0563965 24.1309 28.3835	0 458.159 54.5112
0.0566406 27.0151 27.2781	0 929.942 51.3025
0.0568848 25.7919 26.2501	0 523.093 48.4987
0.0571289 25.1249 25.286	0 922.797 45.8299
0.057373 23.5304 24.372	0 564.114 43.0906
0.0576172 21.5575 23.4958	0 499.903 40.1625
0.0578613 25.6797 22.6472	0 645.545 37.0233
0.0581055 22.2509 21.82	0 357.563 33.7383
0.0583496 20.5498 21.012	0 364.101 30.4354
0.0585938 22.9879 20.2248	0 389.49 27.2693
0.0588379 18.7733 19.463	0 269.681 24.3823
0.059082 14.4753 18.7325	0 181.694 21.8729
0.0593262 17.0014 18.0395	0 281.547 19.7762
0.0595703 17.1608 17.3887	0 417.518 18.063
0.0598145 14.3865 16.7828	0 193.993 16.6574
0.0600586 17.0297 16.2221	0 319.184 15.4647
0.0603027 16.4733 15.7048	0 273.538 14.4015
0.0605469 14.1493 15.228	0 148.206 13.4151
0.060791 15.0887 14.7881	0 181.612 12.4863
0.0610352 13.2231 14.3819	0 172.419 11.6196
0.0612793 14.6011 14.0068	0 243.759 10.8284
0.0615234 13.1089 13.6605	0 152.997 10.1231
0.0617676 13.9042 13.3411	0 219.638 9.50865
0.0620117 9.86914 13.0466	0 94.1363 8.98646
0.0622559 13.4421 12.7743	0 145.011 8.55785
0.0625 12.3248 12.5208	0 168.476 8.22293
0.0627441 12.0286 12.2822	0 150.6 7.97568
0.0629883 12.2551 12.0539	0 112.694 7.79886
0.0632324 12.5225 11.832	0 181.525 7.66393
0.0634766 11.1758 11.6128	0 82.9267 7.5375
0.0637207 12.4984 11.3936	0 128.735 7.39159
0.0639648 11.3576 11.1728	0 111.396 7.21232
0.064209 9.32545 10.9501	0 70.55 7.00249
0.0644531 12.0528 10.7257	0 117.516 6.77759
0.0646973 10.4242 10.5009	0 109.733 6.55772
0.0649414 9.2044 10.2773	0 86.8106 6.35939
0.0651855 9.642 10.0573	0 87.6196 6.19004
0.0654297 10.66 9.84317	0 77.3212 6.04666
0.0656738 10.8413 9.63769	0 163.889 5.91818
0.065918 8.79091 9.44353	0 64.303 5.79112
0.0661621 8.88187 9.26315	0 87.3991 5.65624
0.0664062 8.47255 9.09834	0 87.6363 5.51347
0.0666504 7.4434 8.94998	0 65.4125 5.3724
0.0668945 8.41117 8.81777	0 68.5251 5.24759
0.0671387 9.39716 8.70018	0 63.4933 5.1508
0.0673828 7.63556 8.59466	0 73.1342 5.08426
0.067627 9.63617 8.49799	0 126.615 5.03808
0.0678711 8.65591 8.40679	0 65.3022 4.99288
0.0681152 7.99456 8.31804	0 44.6617 4.92585
0.0683594 8.31884 8.2295	0 52.9951 4.81727
0.0686035 8.12914 8.14006	0 47.5912 4.65575
0.0688477 7.72826 8.04983	0 67.6543 4.44102
0.0690918 8.35463 7.96016	0 87.685 4.18433
0.0693359 8.73303 7.87336	0 73.67 3.90638
0.0695801 7.86098 7.79243	0 43.1913 3.633
0.0698242 6.20411 7.72061	0 42.0079 3.38965
0.0700684 7.76766 7.66092	0 37.1887 3.19641
0.0703125 6.91847 7.61567	0 54.6442 3.06524
0.0705566 7.63369 7.58615	0 69.82 3.00013
0.0708008 7.73873 7.57231	0 39.772 2.99955
0.0710449 6.41701 7.57276	0 49.5977 3.05906
0.0712891 7.13812 7.5849	0 55.0274 3.17245
0.0715332 8.05478 7.60519	0 57.1479 3.33079
0.0717773 7.80604 7.62963	0 79.6534 3.52039
0.0720215 7.93702 7.65424	0 54.7114 3.72172
0.0722656 7.27209 7.67553	0 57.6024 3.91104
0.0725098 9.28508 7.69086	0 131.037 4.06508
0.0727539 7.06271 7.6987	0 51.1238 4.16746
0.072998 8.01699 7.69866	0 46.6698 4.21382
0.0732422 7.23769 7.69146	0 52.6722 4.2131
0.0734863 7.96024 7.67866	0 58.9387 4.18372
0.0737305 8.6163 7.66238	0 60.0246 4.14623
0.0739746 6.53278 7.64493	0 47.7318 4.11549
0.0742188 8.11518 7.62842	0 92.7344 4.09614
0.0744629 7.23058 7.61443	0 45.5259 4.08338
0.074707 7.31843 7.60372	0 65.6402 4.06814
0.0749512 7.21831 7.59607	0 51.0582 4.04346
0.0751953 7.30787 7.59027	0 53.4679 4.00846
0.0754395 8.97672 7.58423	0 67.9701 3.96768
0.0756836 6.57535 7.57534	0 64.8561 3.92709
0.0759277 6.84903 7.56089	0 41.5838 3.88962
0.0761719 9.16582 7.53866	0 102.689 3.85354
0.076416 6.64227 7.50739	0 33.9814 3.81468
0.0766602 9.26605 7.46719	0 75.3637 3.77062
0.0769043 7.68971 7.41973	0 61.512 3.72382
0.0771484 7.44702 7.36813	0 58.0583 3.68125
0.0773926 6.73887 7.31654	0 57.8297 3.65102
0.0776367 6.83121 7.26955	0 48.2988 3.63825
0.0778809 7.26835 7.23147	0 60.1063 3.6431
0.078125 6.43426 7.20566	0 35.2341 3.66157
0.0783691 6.39669 7.19409	0 26.767 3.68796
0.0786133 6.75145 7.19706	0 53.9821 3.71678
0.0788574 7.31846 7.21331	0 56.1425 3.74293
0.0791016 6.87282 7.24034	0 52.057 3.76106
0.0793457 8.33531 7.27482	0 78.8929 3.76538
0.0795898 7.41066 7.31304	0 44.1598 3.75122
0.079834 7.38188 7.35136	0 55.9578 3.71769
0.0800781 7.19205 7.38646	0 45.1741 3.66974
0.0803223 7.21227 7.41556	0 56.8341 3.61808
0.0805664 6.78897 7.43652	0 42.6724 3.57627
0.0808105 8.17394 7.448	0 84.8556 3.55606
0.0810547 9.16858 7.4495	0 76.707 3.56294
0.0812988 6.85721 7.44148	0 33.1544 3.59393
0.081543 6.88097 7.42539	0 44.974 3.6389
0.0817871 8.37325 7.40358	0 67.5449 3.68494
0.0820312 7.33412 7.3791	0 42.255 3.72183
0.0822754 7.66235 7.35539	0 43.9148 3.74618
0.0825195 5.66712 7.33587	0 28.6913 3.76223
0.0827637 7.72398 7.32348	0 61.5393 3.77914
0.0830078 7.78854 7.32031	0 74.5427 3.80611
0.083252 6.35403 7.32732	0 50.4688 3.84749
0.0834961 6.89922 7.34424	0 41.7085 3.89971
0.0837402 7.02215 7.36966	0 36.9385 3.95135
0.0839844 7.8715 7.40134	0 77.368 3.98643
0.0842285 7.87712 7.4366	0 54.4379 3.9902
0.0844727 6.86698 7.47283	0 46.5378 3.95482
0.0847168 7.70219 7.50793	0 57.807 3.88243
0.0849609 8.1169 7.54074	0 89.3548 3.78391
0.0852051 7.83565 7.57116	0 46.3824 3.6744
0.0854492 7.8399 7.6001	0 65.8278 3.56826
0.0856934 7.48486 7.6292	0 72.2616 3.47656
0.0859375 8.10072 7.66035	0 95.065 3.40738
0.0861816 6.95219 7.69519	0 32.5361 3.36708
0.0864258 6.53218 7.73461	0 41.2207 3.36023
0.0866699 7.53559 7.77851	0 66.8137 3.38736
0.0869141 7.73535 7.82578	0 63.1277 3.44238
0.0871582 8.38861 7.87456	0 46.7246 3.51239
0.0874023 7.98205 7.92265	0 59.3895 3.58119
0.0876465 9.30135 7.96807	0 80.9609 3.63552
0.0878906 8.2557 8.00942	0 61.325 3.67079
0.0881348 7.56212 8.04619	0 41.4336 3.69369
0.0883789 7.41164 8.07878	0 64.673 3.72047
0.088623 8.22892 8.10827	0 64.0658 3.77194
0.0888672 8.64996 8.1361	0 81.8661 3.8675
0.0891113 8.51332 8.16367	0 67.405 4.01991
0.0893555 8.01463 8.19198	0 67.1315 4.23186
0.0895996 7.54889 8.22144	0 58.2129 4.49424
0.0898438 7.1082 8.25181	0 41.0614 4.78624
0.0900879 8.32578 8.28233	0 81.7153 5.07729
0.090332 9.56267 8.31195	0 106.605 5.33127
0.0905762 8.99041 8.33953	0 89.3467 5.51261
0.0908203 8.49292 8.36407	0 76.8542 5.59314
0.0910645 8.73752 8.38478	0 77.4343 5.55772
0.0913086 7.91511 8.4011	0 65.573 5.40703
0.0915527 7.22197 8.41268	0 49.9727 5.15699
0.0917969 7.77632 8.41945	0 46.6196 4.83572
0.092041 9.82131 8.42164	0 87.7392 4.47931
0.0922852 8.28891 8.41997	0 57.3479 4.12764
0.0925293 10.177 8.41577	0 90.5964 3.82035
0.0927734 8.25205 8.41102	0 60.1199 3.59276
0.0930176 7.78174 8.40821	0 43.1782 3.47196
0.0932617 7.88807 8.40995	0 84.988 3.47385
0.0935059 8.23448 8.41853	0 63.6937 3.60219
0.09375 7.85221 8.43534	0 69.8862 3.84983
0.0939941 8.19371 8.46044	0 59.893 4.20101
0.0942383 8.04713 8.49234	0 56.5355 4.63336
0.0944824 8.48065 8.52806	0 81.6849 5.11851
0.0947266 8.32687 8.56344	0 84.6421 5.62133
0.0949707 9.76931 8.59372	0 117.248 6.0996
0.0952148 9.40345 8.61416	0 74.3692 6.50625
0.095459 8.49166 8.62067	0 122.345 6.7957
0.0957031 8.42773 8.61039	0 84.4099 6.93362
0.0959473 8.24378 8.58194	0 85.2757 6.90678
0.0961914 10.0275 8.53566	0 138.424 6.72857
0.0964355 9.78504 8.47349	0 92.8832 6.4368
0.0966797 8.17573 8.3987	0 49.6248 6.08394
0.0969238 7.45523 8.31556	0 68.817 5.72354
0.097168 8.42023 8.22878	0 79.8875 5.39803
0.0974121 7.05425 8.14313	0 40.3541 5.13222
0.0976562 8.55307 8.06291	0 65.9126 4.93316
0.0979004 7.36395 7.99159	0 84.3343 4.79487
0.0981445 8.90459 7.93151	0 85.1693 4.70438
0.0983887 7.37992 7.88368	0 56.067 4.64692
0.0986328 7.49112 7.8477	0 60.1087 4.60895
0.098877 6.9207 7.82179	0 57.8071 4.57989
0.0991211 6.71363 7.803	0 50.4904 4.55312
0.0993652 8.30708 7.78757	0 72.8474 4.52642
0.0996094 8.62702 7.77134	0 57.8414 4.50148
0.0998535 7.98873 7.75034	0 54.3047 4.4816
0.100098 8.67798 7.72122	0 142.926 4.46802
0.100342 7.84394 7.68162	0 70.9668 4.45613
0.100586 7.27549 7.63038	0 48.8905 4.43374
0.10083 8.40734 7.56755	0 82.6796 4.38305
0.101074 6.1265 7.49426	0 37.5862 4.28655
0.101318 7.93154 7.41252	0 60.9409 4.13453
0.101562 8.82123 7.32498	0 62.3064 3.93114
0.101807 5.54251 7.23473	0 37.6512 3.69535
0.102051 7.64326 7.14505	0 76.4015 3.45623
0.102295 8.05423 7.05922	0 50.6827 3.24437
0.102539 5.84529 6.98018	0 36.0155 3.08344
0.102783 7.04475 6.91028	0 60.6049 2.98512
0.103027 6.42411 6.85085	0 38.6361 2.94859
0.103271 5.98791 6.80201	0 38.8721 2.96289
0.103516 6.53059 6.76242	0 45.6726 3.01038
0.10376 6.72863 6.72947	0 47.307 3.06984
0.104004 6.67232 6.69948	0 57.3704 3.11947
0.104248 6.41215 6.66836	0 45.0812 3.14004
0.104492 7.34019 6.63224	0 58.812 3.11826
0.104736 6.94344 6.58822	0 47.9839 3.04907
0.10498 7.19872 6.53492	0 48.1952 2.93624
0.105225 7.38864 6.47279	0 62.2016 2.79105
0.105469 6.54167 6.40404	0 38.19 2.62983
0.105713 5.8734 6.33228	0 30.8742 2.47124
0.105957 5.76803 6.26184	0 26.2529 2.33376
0.106201 6.31093 6.19699	0 27.1215 2.2333
0.106445 4.54619 6.14128	0 18.3501 2.18112
0.106689 6.57675 6.09693	0 43.5201 2.18215
0.106934 5.44001 6.06463	0 25.8914 2.23442
0.107178 5.58897 6.04357	0 23.1132 2.32963
0.107422 6.34127 6.03173	0 48.819 2.45467
0.107666 7.00288 6.02631	0 50.4151 2.59349
0.10791 5.97366 6.02415	0 31.9545 2.7288
0.108154 5.23339 6.02214	0 23.543 2.84351
0.108398 5.84046 6.01744	0 45.1164 2.92227
0.108643 6.73157 6.00765	0 56.9999 2.95348
0.108887 6.38416 5.9908	0 36.6179 2.93149
0.109131 6.10406 5.9654	0 42.1889 2.85801
0.109375 5.84609 5.93041	0 38.303 2.7419
0.109619 5.35861 5.88532	0 27.6168 2.59688
0.109863 6.12198 5.83027	0 35.8008 2.43809
0.110107 6.47244 5.76612	0 52.5595 2.27906
0.110352 6.24881 5.69457	0 35.2345 2.13013
0.110596 5.74238 5.61812	0 28.3938 1.99847
0.11084 5.46032 5.53993	0 31.3093 1.88884
0.111084 4.99412 5.46347	0 29.3963 1.80421
0.111328 5.73591 5.39218	0 28.6077 1.74565
0.111572 4.49992 5.32899	0 20.5584 1.71216
0.111816 4.58659 5.276	0 16.8162 1.70072
0.112061 5.2304 5.23431	0 34.9512 1.70693
0.112305 4.80569 5.20395	0 19.4239 1.72591
0.112549 5.16965 5.18413	0 24.1341 1.75288
0.112793 5.24954 5.17353	0 36.1402 1.78329
0.113037 5.42528 5.17056	0 34.5857 1.8125
0.113281 5.96571 5.17369	0 24.5849 1.83558
0.113525 4.68452 5.18151	0 15.282 1.84764
0.11377 4.87728 5.1928	0 21.1991 1.84505
0.114014 4.40044 5.2064	0 20.7121 1.82685
0.114258 5.42638 5.22114	0 30.6512 1.79549
0.114502 5.27819 5.23583	0 29.8658 1.75586
0.114746 6.02328 5.24926	0 28.6809 1.71295
0.11499 4.71146 5.26038	0 22.5483 1.66918
0.115234 5.29991 5.26841	0 36.1077 1.6234
0.115479 5.76063 5.27298	0 44.3157 1.57251
0.115723 6.02868 5.27409	0 31.6611 1.51472
0.115967 5.03744 5.272	0 20.6796 1.45262
0.116211 5.23342 5.26704	0 23.3414 1.39363
0.116455 4.55352 5.25941	0 26.2797 1.34746
0.116699 4.42931 5.24905	0 17.4961 1.32186
0.116943 5.52294 5.23566	0 34.7749 1.31905
0.117188 5.94172 5.21888	0 39.652 1.33486
0.117432 5.18883 5.19856	0 26.2457 1.3609
0.117676 6.19684 5.175	0 37.9119 1.38848
0.11792 5.58835 5.14912	0 23.2883 1.41206
0.118164 4.66472 5.12237	0 17.2482 1.43073
0.118408 4.22404 5.09659	0 18.0765 1.44734
0.118652 5.08885 5.07353	0 25.1303 1.46602
0.118896 5.03083 5.05453	0 28.0861 1.48959
0.119141 4.46663 5.04017	0 18.2945 1.51789
0.119385 5.08662 5.03016	0 23.9217 1.54767
0.119629 4.89194 5.0234	0 20.5631 1.57359
0.119873 5.20193 5.0183	0 21.5163 1.59013
0.120117 4.85676 5.01321	0 26.0447 1.59365
0.120361 5.64829 5.00674	0 30.032 1.584
0.120605 5.37618 4.99819	0 29.8411 1.56523
0.12085 5.35922 4.9876	0 37.8665 1.54477
0.121094 4.7203 4.97573	0 19.2297 1.53091
0.121338 4.38597 4.96381	0 21.7421 1.52936
0.121582 4.74612 4.95324	0 24.4931 1.54039
0.121826 5.11524 4.94517	0 27.1727 1.55802
0.12207 4.54153 4.94031	0 23.1329 1.57227
0.122314 4.88313 4.93868	0 29.1347 1.57342
0.122559 5.59061 4.93964	0 32.6953 1.55634
0.122803 4.29818 4.942	0 13.6027 1.52249
0.123047 4.94388 4.9443	0 25.3523 1.47886
0.123291 4.76924 4.94503	0 17.6034 1.43416
0.123535 5.17926 4.94296	0 24.0803 1.39485
0.123779 5.97113 4.93737	0 28.1139 1.36274
0.124023 4.63835 4.92814	0 16.4786 1.33533
0.124268 5.14682 4.91573	0 20.3417 1.30821
0.124512 4.7937 4.90103	0 17.735 1.27787
0.124756 4.43742 4.88517	0 19.1528 1.24331
0.125 4.97891 4.86921	0 20.6143 1.20609
0.125244 4.83962 4.85396	0 19.9748 1.16914
0.125488 4.08393 4.83984	0 17.5743 1.13554
0.125732 5.27718 4.82688	0 27.7363 1.10789
0.125977 5.33761 4.81478	0 29.5367 1.08824
0.126221 4.2425 4.80311	0 14.8077 1.07825
0.126465 5.08867 4.79149	0 23.0922 1.07896
0.126709 4.88266 4.77968	0 15.9821 1.09044
0.126953 4.83177 4.76771	0 28.0799 1.11161
0.127197 4.98927 4.75584	0 25.2818 1.14081
0.127441 4.17374 4.74448	0 16.0922 1.17676
0.127686 4.51719 4.73406	0 22.3236 1.21921
0.12793 5.55504 4.72495	0 30.4629 1.26841
0.128174 3.99372 4.71737	0 16.165 1.32352
0.128418 4.25451 4.71139	0 15.3823 1.38097
0.128662 5.22423 4.70692	0 22.4031 1.43414
0.128906 4.92414 4.70374	0 25.8057 1.47492
0.12915 4.72533 4.70154	0 42.6505 1.49654
0.129395 4.73755 4.69984	0 17.8372 1.49601
0.129639 4.63976 4.698	0 21.331 1.47488
0.129883 4.63645 4.69511	0 21.9417 1.43817
0.130127 4.27758 4.69005	0 18.8626 1.39253
0.130371 4.28005 4.68156	0 23.3907 1.34464
0.130615 4.83445 4.66848	0 21.7353 1.3004
0.130859 5.43755 4.64999	0 29.5432 1.26468
0.131104 5.28848 4.62592	0 23.1805 1.24106
0.131348 4.77162 4.59697	0 27.1641 1.2314
0.131592 4.50642 4.56476	0 16.312 1.23544
0.131836 4.71388 4.53173	0 20.5573 1.2508
0.13208 3.6903 4.50083	0 14.8364 1.2737
0.132324 4.26854 4.47511	0 21.8246 1.30016
0.132568 4.54474 4.45722	0 17.9715 1.32719
0.132812 4.01236 4.44902	0 20.3388 1.35326
0.133057 4.37835 4.45122	0 15.4816 1.37798
0.133301 4.43856 4.46331	0 15.454 1.40109
0.133545 3.70202 4.48352	0 12.3366 1.42167
0.133789 4.13863 4.50911	0 39.9728 1.43795
0.134033 4.8697 4.53671	0 24.632 1.44786
0.134277 5.39519 4.56276	0 28.4622 1.44972
0.134521 4.92585 4.58396	0 18.6957 1.44244
0.134766 3.97979 4.5977	0 12.5049 1.42524
0.13501 4.94452 4.60234	0 27.8852 1.39732
0.135254 5.80872 4.59737	0 40.5165 1.35811
0.135498 4.21267 4.58342	0 15.1181 1.30828
0.135742 4.4549 4.56207	0 19.5263 1.25086
0.135986 4.33678 4.53563	0 23.0213 1.19154
0.13623 4.98843 4.50675	0 23.5415 1.13777
0.136475 4.51461 4.47812	0 22.302 1.09649
0.136719 3.70534 4.45207	0 16.492 1.07178
0.136963 4.61709 4.43039	0 20.2227 1.06331
0.137207 3.95492 4.41417	0 12.9854 1.06648
0.137451 4.20276 4.40379	0 21.7907 1.07413
0.137695 4.48452 4.39905	0 28.9191 1.07916
0.137939 4.32746 4.39934	0 15.8869 1.07697
0.138184 4.52748 4.4039	0 23.6764 1.06713
0.138428 4.55723 4.41201	0 20.2922 1.05368
0.138672 4.66718 4.42312	0 17.9448 1.04434
0.138916 4.36719 4.43691	0 14.8822 1.0485
0.13916 3.9424 4.45325	0 14.5189 1.07457
0.139404 4.81794 4.47206	0 21.4764 1.12706
0.139648 3.80826 4.49313	0 13.6299 1.20436
0.139893 4.26574 4.51603	0 15.3587 1.29814
0.140137 5.48817 4.53996	0 20.8137 1.39491
0.140381 4.86982 4.56372	0 24.6543 1.47933
0.140625 3.78455 4.58578	0 21.7347 1.5382
0.140869 4.10008 4.60444	0 12.3244 1.56364
0.141113 5.08967 4.61802	0 41.8262 1.55433
0.141357 5.08764 4.62516	0 23.7884 1.51492
0.141602 4.73541 4.6251	0 21.7726 1.45391
0.141846 5.08869 4.61787	0 30.5293 1.3812
0.14209 5.11031 4.60442	0 23.5055 1.306
0.142334 4.52875 4.58653	0 22.0774 1.23558
0.142578 4.14773 4.56665	0 13.3167 1.17494
0.142822 4.4467 4.54749	0 19.4088 1.12736
0.143066 4.2798 4.53162	0 16.5777 1.09529
0.143311 4.76894 4.52101	0 26.6874 1.08099
0.143555 3.92848 4.5167	0 16.3558 1.08633
0.143799 4.11077 4.5186	0 17.8185 1.11161
0.144043 4.28802 4.52548	0 17.0262 1.15401
0.144287 5.00389 4.53522	0 22.6566 1.20674
0.144531 4.16021 4.54514	0 19.3651 1.25963
0.144775 4.76679 4.55253	0 26.4512 1.30146
0.14502 4.71054 4.55515	0 16.7225 1.32292
0.145264 5.22718 4.5516	0 29.905 1.31922
0.145508 5.35105 4.54154	0 27.8302 1.2911
0.145752 4.71474 4.52564	0 17.2781 1.24409
0.145996 4.11564 4.50542	0 16.9846 1.18638
0.14624 3.67399 4.48279	0 17.4953 1.1263
0.146484 4.43885 4.45965	0 23.4298 1.07027
0.146729 4.04891 4.43756	0 12.3465 1.02187
0.146973 5.15969 4.41742	0 28.4963 0.982099
0.147217 3.84763 4.39951	0 16.6247 0.950363
0.147461 4.23492 4.3836	0 13.9235 0.925715
0.147705 4.85502 4.36918	0 19.0555 0.907727
0.147949 4.14948 4.35575	0 15.26 0.896727
0.148193 4.99963 4.34307	0 21.6949 0.893485
0.148438 3.87761 4.33129	0 14.4508 0.898704
0.148682 4.25294 4.32096	0 16.7422 0.912671
0.148926 4.60371 4.31292	0 16.9513 0.93521
0.14917 4.01494 4.3081	0 13.8418 0.965742
0.149414 4.07299 4.30729	0 15.5179 1.00321
0.149658 4.22058 4.31091	0 14.8998 1.04578
0.149902 4.18455 4.31892	0 15.0807 1.09054
0.150146 4.11682 4.33072	0 17.6567 1.13371
0.150391 4.2205 4.34526	0 14.8539 1.17138
0.150635 4.67275 4.36119	0 28.972 1.20049
0.150879 4.33454 4.37709	0 17.3734 1.21953
0.151123 4.76888 4.39167	0 22.9174 1.22851
0.151367 4.38728 4.40401	0 17.4889 1.2282
0.151611 4.01399 4.41366	0 16.5247 1.21945
0.151855 5.20674 4.42073	0 27.8735 1.20284
0.1521 4.18456 4.42579	0 15.5225 1.17928
0.152344 4.75533 4.42981	0 25.9677 1.15083
0.152588 3.98004 4.43397	0 12.8481 1.12135
0.152832 4.15864 4.43943	0 19.9719 1.09643
0.153076 4.52726 4.44723	0 19.7312 1.0824
0.15332 4.47498 4.45806	0 19.8599 1.08481
0.153564 4.38085 4.4722	0 17.3836 1.10676
0.153809 4.48812 4.48944	0 22.4931 1.14767
0.154053 4.68955 4.50909	0 18.4317 1.20287
0.154297 4.05649 4.53003	0 16.6035 1.26409
0.154541 4.48505 4.55081	0 17.1623 1.32105
0.154785 4.54874 4.56987	0 29.8432 1.36378
0.155029 5.03813 4.58573	0 18.6841 1.38532
0.155273 4.36176 4.59725	0 17.8496 1.384
0.155518 5.17099 4.60379	0 27.7985 1.36442
0.155762 5.00582 4.60541	0 20.5257 1.3368
0.156006 4.49128 4.60278	0 25.9503 1.31429
0.15625 4.83891 4.59713	0 28.6539 1.30903
0.156494 4.1809 4.58992	0 15.1498 1.32815
0.156738 4.65358 4.58258	0 22.9791 1.37121
0.156982 3.96096 4.57614	0 22.6626 1.43013
0.157227 4.6955 4.57102	0 17.7363 1.49196
0.157471 4.68401 4.56693	0 28.1569 1.54324
0.157715 4.1518 4.56287	0 14.7246 1.57432
0.157959 4.50139 4.55743	0 15.4248 1.58169
0.158203 5.22924 4.54907	0 22.3078 1.56763
0.158447 4.78031 4.53653	0 21.5532 1.53767
0.158691 4.25446 4.51912	0 22.1795 1.49748
0.158936 4.63134 4.49701	0 16.3211 1.45085
0.15918 5.16066 4.47125	0 23.4775 1.39958
0.159424 4.81803 4.44362	0 33.7277 1.34502
0.159668 4.00956 4.41638	0 21.2698 1.28983
0.159912 3.54798 4.39179	0 14.5127 1.23895
0.160156 4.40267 4.37171	0 17.0692 1.19874
0.1604 4.11351 4.35725	0 21.7942 1.17477
0.160645 4.64912 4.34856	0 19.3205 1.16912
0.160889 3.22265 4.3448	0 10.5695 1.17866
0.161133 4.59293 4.3444	0 20.9692 1.19524
0.161377 4.46469 4.3454	0 17.083 1.20802
0.161621 5.12927 4.34583	0 33.4918 1.20706
0.161865 4.54091 4.34416	0 27.0588 1.18675
0.162109 4.22737 4.33956	0 38.1064 1.14764
0.162354 4.75853 4.33202	0 15.9735 1.09601
0.162598 4.18329 4.32234	0 12.3865 1.04168
0.162842 3.50102 4.31189	0 15.9157 0.995026
0.163086 4.9528 4.30241	0 21.3883 0.964503
0.16333 3.85481 4.29568	0 13.452 0.955142
0.163574 4.17813 4.29328	0 16.5139 0.968131
0.163818 4.69867 4.29638	0 19.6377 1.00097
0.164062 3.93183 4.30556	0 12.4129 1.04781
0.164307 4.13854 4.32076	0 16.2954 1.09999
0.164551 3.77292 4.34126	0 14.2379 1.14713
0.164795 4.64389 4.3657	0 23.1738 1.17909
0.165039 4.15195 4.3922	0 17.7884 1.18875
0.165283 5.00723 4.41857	0 21.9024 1.17457
0.165527 4.04576 4.4425	0 16.9486 1.14165
0.165771 4.62616 4.46183	0 22.1073 1.10032
0.166016 4.77116 4.47483	0 26.4376 1.06241
0.16626 4.62392 4.48043	0 19.1399 1.03698
0.166504 5.107 4.47833	0 22.1329 1.02727
0.166748 4.36116 4.4691	0 27.8085 1.03037
0.166992 4.61419 4.45408	0 13.8251 1.03963
0.167236 4.04287 4.43525	0 12.5068 1.04839
0.16748 4.73614 4.41493	0 23.5034 1.05335
0.167725 4.27262 4.39551	0 15.6415 1.05594
0.167969 4.52879 4.37917	0 18.3157 1.06139
0.168213 4.05902 4.36757	0 12.0172 1.07594
0.168457 3.7887 4.36174	0 12.343 1.10349
0.168701 3.58718 4.36202	0 9.89134 1.14328
0.168945 4.94712 4.36811	0 20.3127 1.18957
0.169189 4.66039 4.37921	0 29.2777 1.23358
0.169434 4.46419 4.39418	0 22.0183 1.2667
0.169678 4.62997 4.41171	0 18.2008 1.28365
0.169922 4.34713 4.43043	0 26.0139 1.28413
0.170166 3.69285 4.44895	0 9.90559 1.27229
0.17041 4.60139 4.46594	0 22.2798 1.25457
0.170654 4.86442 4.48008	0 21.6485 1.23665
0.170898 4.47497 4.49016	0 20.6019 1.22102
0.171143 4.66861 4.49509	0 19.6111 1.20606
0.171387 4.6999 4.49401	0 20.8563 1.18705
0.171631 4.77154 4.48645	0 27.8944 1.15868
0.171875 3.98965 4.47238	0 15.7138 1.11801
0.172119 5.06272 4.45228	0 30.4901 1.06654
0.172363 4.40177 4.42716	0 17.9783 1.01042
0.172607 4.62706 4.39847	0 12.5703 0.958649
0.172852 4.29074 4.36797	0 14.9289 0.920108
0.173096 4.2884 4.33753	0 21.7551 0.900739
0.17334 4.2036 4.30891	0 15.4103 0.902031
0.173584 3.96496 4.2836	0 33.7708 0.921269
0.173828 4.11258 4.26265	0 14.7209 0.953104
0.174072 3.71071 4.24662	0 12.2025 0.991516
0.174316 5.15864 4.2356	0 20.4287 1.03132
0.174561 3.91646 4.22934	0 17.5636 1.06877
0.174805 3.67087 4.22738	0 13.5356 1.10141
0.175049 4.14768 4.2293	0 15.9632 1.12743
0.175293 4.66253 4.23481	0 17.6965 1.14532
0.175537 4.52871 4.24391	0 19.1496 1.15388
0.175781 4.36219 4.25683	0 17.0102 1.15293
0.176025 3.92679 4.27398	0 18.65 1.14409
0.17627 3.912 4.29575	0 12.0679 1.13104
0.176514 4.3195 4.32229	0 13.2701 1.1189
0.176758 3.92402 4.35335	0 12.1918 1.1128
0.177002 4.60646 4.38814	0 20.1328 1.11643
0.177246 4.32335 4.42533	0 26.3225 1.1312
0.17749 4.2152 4.46317	0 16.9371 1.15645
0.177734 4.77498 4.49961	0 17.9136 1.19021
0.177979 4.74596 4.53261	0 26.1298 1.23001
0.178223 4.93441 4.56033	0 20.5108 1.27294
0.178467 4.70614 4.58138	0 25.7268 1.31537
0.178711 4.55366 4.59493	0 29.4618 1.35249
0.178955 4.15296 4.6008	0 14.9944 1.37855
0.179199 5.68265 4.59944	0 30.8561 1.38803
0.179443 4.6099 4.59186	0 22.2111 1.37748
0.179688 4.54969 4.57951	0 19.6198 1.34727
0.179932 3.77258 4.56409	0 12.4212 1.30224
0.180176 5.15636 4.5474	0 30.7939 1.25085
0.18042 4.77196 4.53113	0 23.4255 1.2028
0.180664 4.31683 4.51668	0 13.1162 1.16623
0.180908 3.90107 4.50506	0 12.4244 1.1454
0.181152 4.50014 4.49678	0 19.1746 1.13996
0.181396 4.36534 4.49182	0 25.4122 1.14584
0.181641 4.56507 4.48966	0 13.8162 1.15724
0.181885 4.585 4.48936	0 26.3013 1.16872
0.182129 4.70243 4.48967	0 21.3889 1.17648
0.182373 4.46008 4.48921	0 24.9414 1.17843
0.182617 4.26846 4.48662	0 23.0254 1.17346
0.182861 4.34933 4.48078	0 15.3482 1.1608
0.183105 4.63234 4.47095	0 18.8499 1.13985
0.18335 4.68001 4.45693	0 16.4884 1.11091
0.183594 5.05513 4.43913	0 20.5465 1.07619
0.183838 4.54005 4.41854	0 23.8772 1.0403
0.184082 4.63269 4.39658	0 23.5432 1.00961
0.184326 3.87161 4.37493	0 10.5745 0.990612
0.18457 3.71707 4.35522	0 13.4431 0.9878
0.184814 4.17741 4.33884	0 17.7893 1.00198
0.185059 4.14218 4.32669	0 9.5942 1.02979
0.185303 4.77288 4.31919	0 31.0695 1.06455
0.185547 4.70895 4.31623	0 24.5588 1.09805
0.185791 3.61711 4.31729	0 13.6894 1.12259
0.186035 4.21633 4.32165	0 15.5545 1.13265
0.186279 4.31323 4.32845	0 17.6971 1.12592
0.186523 4.55491 4.33686	0 25.5063 1.10341
0.186768 4.55229 4.34613	0 18.1586 1.06903
0.187012 4.3679 4.35555	0 21.008 1.02871
0.187256 4.37544 4.36444	0 19.3112 0.989075
0.1875 4.03233 4.3721	0 18.5745 0.956088
0.187744 4.47717 4.37782	0 13.2713 0.933615
0.187988 4.00477 4.3809	0 13.0371 0.922568
0.188232 4.63796 4.38079	0 25.1821 0.920933
0.188477 4.76433 4.37716	0 21.1344 0.924793
0.188721 4.82561 4.37005	0 30.8589 0.929955
0.188965 4.23922 4.35994	0 17.4796 0.933393
0.189209 4.79536 4.3477	0 19.3865 0.933854
0.189453 3.81263 4.33451	0 7.96632 0.931517
0.189697 3.86881 4.32167	0 11.3478 0.927231
0.189941 4.30805 4.31041	0 22.8278 0.922016
0.190186 4.50264 4.30167	0 24.2962 0.917155
0.19043 4.18562 4.29603	0 18.8501 0.914517
0.190674 4.32408 4.29356	0 22.5098 0.916513
0.190918 4.25667 4.29392	0 14.3604 0.92535
0.191162 3.75987 4.29636	0 11.2395 0.941937
0.191406 5.02763 4.29993	0 20.1868 0.965179
0.19165 3.73101 4.30359	0 14.1725 0.992252
0.191895 4.30539 4.30635	0 18.9836 1.01979
0.192139 4.8811 4.30746	0 25.354 1.04532
0.192383 4.18975 4.30649	0 14.6663 1.06805
0.192627 4.66795 4.30335	0 23.544 1.08857
0.192871 4.34219 4.29834	0 19.384 1.10758
0.193115 3.6314 4.29202	0 10.1978 1.12464
0.193359 4.77671 4.2851	0 21.6153 1.13748
0.193604 3.96833 4.27837	0 13.9282 1.14267
0.193848 4.26505 4.27248	0 30.8379 1.13725
0.194092 4.52022 4.26792	0 24.6445 1.12037
0.194336 4.02169 4.26492	0 15.8095 1.09413
0.19458 4.2623 4.2635	0 17.4783 1.06298
0.194824 4.28832 4.26348	0 17.4044 1.03198
0.195068 3.36726 4.26459	0 16.147 1.00484
0.195312 5.01892 4.26654	0 16.0543 0.982782
0.195557 4.87658 4.2691	0 20.9704 0.964778
0.195801 4.4002 4.27213	0 17.3173 0.948984
0.196045 3.5127 4.27553	0 11.3383 0.934627
0.196289 4.13492 4.2792	0 21.7846 0.923293
0.196533 4.23536 4.28294	0 11.9573 0.918886
0.196777 4.71764 4.28644	0 19.5436 0.926123
0.197021 4.06291 4.28919	0 12.9684 0.948113
0.197266 4.24195 4.29057	0 15.1553 0.98413
0.19751 3.95305 4.2899	0 12.4763 1.02867
0.197754 5.29299 4.28653	0 25.6396 1.07247
0.197998 4.25942 4.27995	0 15.7961 1.10512
0.198242 3.95751 4.26984	0 11.5038 1.11836
0.198486 4.29763 4.25615	0 28.6355 1.10843
0.19873 4.26929 4.23906	0 16.8399 1.07691
0.198975 3.84866 4.21897	0 12.8594 1.02984
0.199219 5.22151 4.19645	0 23.1281 0.975878
0.199463 3.91463 4.17222	0 20.3705 0.924437
0.199707 3.77606 4.1471	0 12.735 0.884153
0.199951 4.11201 4.12199	0 11.0771 0.861678
0.200195 4.38828 4.09784	0 18.5242 0.860668
0.200439 3.5367 4.07569	0 13.1516 0.881107
0.200684 4.40895 4.05659	0 14.3494 0.919306
0.200928 3.94092 4.04162	0 10.0231 0.968826
0.201172 4.20791 4.03177	0 21.036 1.02207
0.201416 3.4402 4.0279	0 12.1769 1.07195
0.20166 4.61521 4.03056	0 16.7789 1.11297
0.201904 3.29658 4.03988	0 10.3972 1.14162
0.202148 3.73734 4.05552	0 19.8129 1.15619
0.202393 4.03138 4.07656	0 15.902 1.15653
0.202637 3.86168 4.10162	0 12.9349 1.14364
0.202881 4.6519 4.12892	0 24.4909 1.1194
0.203125 4.29815 4.15653	0 15.8381 1.08622
0.203369 4.11066 4.18254	0 15.682 1.04688
0.203613 3.94255 4.20533	0 15.9428 1.00451
0.203857 4.47655 4.2237	0 22.0736 0.962673
0.204102 4.76206 4.23697	0 18.5963 0.92526
0.204346 4.58913 4.245	0 17.7925 0.895655
0.20459 4.00126 4.24814	0 13.9701 0.87553
0.204834 3.80348 4.24708	0 18.5644 0.86388
0.205078 4.34842 4.24268	0 23.354 0.857183
0.205322 4.37794 4.23584	0 20.9424 0.850939
0.205566 4.76651 4.22729	0 20.6975 0.841878
0.205811 4.06452 4.21752	0 20.5647 0.829543
0.206055 3.66233 4.20672	0 12.036 0.816314
0.206299 4.01813 4.19486	0 14.0294 0.805916
0.206543 3.92014 4.18173	0 15.4219 0.801417
0.206787 4.97552 4.16717	0 18.0892 0.803936
0.207031 4.35218 4.1512	0 14.9845 0.812626
0.207275 4.3128 4.13413	0 17.1669 0.825592
0.20752 3.969 4.11665	0 16.429 0.840913
0.207764 3.89176 4.09975	0 14.5293 0.857093
0.208008 4.01552 4.08455	0 12.5528 0.872886
0.208252 4.20295 4.07212	0 17.8683 0.886957
0.208496 3.82193 4.06324	0 16.696 0.897876
0.20874 3.74472 4.05825	0 14.5313 0.904587
0.208984 3.68441 4.05696	0 12.8949 0.907016
0.209229 4.39146 4.05868	0 18.4827 0.906325
0.209473 3.78744 4.06238	0 12.1861 0.90459
0.209717 4.33948 4.06684	0 16.8094 0.90406
0.209961 4.50824 4.0709	0 19.9386 0.906415
0.210205 4.121 4.0736	0 17.6234 0.912332
0.210449 4.09066 4.07434	0 11.3318 0.921328
0.210693 3.76099 4.07289	0 14.463 0.931719
0.210938 3.97249 4.06947	0 14.2948 0.940606
0.211182 4.1633 4.06467	0 15.2575 0.944126
0.211426 4.13453 4.05942	0 13.2503 0.938273
0.21167 4.31334 4.05489	0 14.8459 0.920396
0.211914 3.99299 4.05235	0 13.001 0.890904
0.212158 4.45647 4.05297	0 21.8778 0.854339
0.212402 3.68534 4.05759	0 10.3884 0.818986
0.212646 3.4403 4.06648	0 11.9601 0.794846
0.212891 3.6775 4.07918	0 12.5421 0.790667
0.213135 3.74557 4.09446	0 12.6524 0.811299
0.213379 4.45523 4.11043	0 23.8734 0.8565
0.213623 4.88129 4.12486	0 21.9229 0.921502
0.213867 3.70549 4.13556	0 11.5694 0.99879
0.214111 4.03949 4.1408	0 20.556 1.08008
0.214355 5.13725 4.13967	0 22.7374 1.15781
0.2146 4.50721 4.13227	0 18.3432 1.22584
0.214844 4.43136 4.11966	0 20.2253 1.27974
0.215088 3.86875 4.10365	0 16.4925 1.31667
0.215332 3.47637 4.08645	0 9.39058 1.33528
0.215576 3.59297 4.07019	0 12.8721 1.33552
0.21582 3.9916 4.0566	0 23.1459 1.31851
0.216064 4.13488 4.04674	0 19.4712 1.28653
0.216309 4.23719 4.04094	0 20.2722 1.24305
0.216553 3.77607 4.03887	0 13.8047 1.19252
0.216797 4.28557 4.03976	0 17.8122 1.13988
0.217041 3.94172 4.04266	0 14.3338 1.08993
0.217285 3.23271 4.04672	0 12.2877 1.04668
0.217529 5.22497 4.05136	0 25.8231 1.0131
0.217773 3.82711 4.05634	0 12.5459 0.991121
0.218018 4.72332 4.06179	0 25.4962 0.981675
0.218262 3.64219 4.06803	0 14.3336 0.984716
0.218506 3.34629 4.07541	0 11.0568 0.99918
0.21875 3.85994 4.08414	0 16.1127 1.02313
0.218994 4.3659 4.09415	0 19.9725 1.05414
0.219238 4.5792 4.10494	0 23.8516 1.08971
0.219482 3.77731 4.11566	0 11.9277 1.1275
0.219727 3.96877 4.12518	0 17.8778 1.16508
0.219971 4.24679 4.13217	0 16.5742 1.19955
0.220215 4.53544 4.13532	0 24.8076 1.22733
0.220459 4.01746 4.1335	0 16.442 1.2445
0.220703 4.39364 4.12584	0 17.2943 1.24763
0.220947 4.04207 4.11194	0 15.9187 1.23476
0.221191 4.1733 4.09186	0 15.2516 1.20603
0.221436 4.41666 4.06614	0 29.9028 1.16388
0.22168 4.13582 4.03587	0 15.1079 1.11259
0.221924 3.92445 4.00248	0 14.8409 1.05755
0.222168 3.98566 3.96777	0 14.7333 1.00416
0.222412 3.86176 3.93367	0 10.1926 0.956687
0.222656 3.92789 3.90211	0 14.2242 0.917437
0.2229 3.76506 3.87492	0 15.1199 0.886345
0.223145 3.14185 3.85362	0 9.34972 0.861396
0.223389 4.33853 3.83937	0 17.7496 0.839725
0.223633 3.12018 3.8329	0 10.2402 0.819047
0.223877 4.24822 3.83444	0 16.6382 0.798828
0.224121 4.08973 3.84374	0 15.0845 0.780674
0.224365 3.12944 3.86003	0 11.069 0.76777
0.224609 3.63663 3.88213	0 12.2125 0.763617
0.224854 4.02165 3.90846	0 14.5024 0.770683
0.225098 3.74331 3.93721	0 12.9102 0.789527
0.225342 4.09266 3.96647	0 13.1543 0.818697
0.225586 3.95837 3.99444	0 15.002 0.855247
0.22583 4.9836 4.01954	0 20.4059 0.895537
0.226074 4.0944 4.04056	0 12.541 0.935953
0.226318 3.55861 4.05676	0 9.06194 0.973378
0.226562 3.81913 4.06785	0 15.793 1.00544
0.226807 4.71831 4.07399	0 15.5882 1.0306
0.227051 3.85062 4.07574	0 18.2693 1.04814
0.227295 4.04274 4.07396	0 11.6651 1.05816
0.227539 4.57624 4.06972	0 22.0396 1.06149
0.227783 4.14687 4.06417	0 18.6039 1.05962
0.228027 3.88539 4.0584	0 13.2522 1.05461
0.228271 3.95676 4.05327	0 15.1905 1.04882
0.228516 3.59354 4.04927	0 13.2023 1.04456
0.22876 3.48668 4.04649	0 12.5038 1.0436
0.229004 4.85473 4.04453	0 19.0147 1.04678
0.229248 3.86228 4.04269	0 14.0834 1.05371
0.229492 4.26899 4.04002	0 18.8763 1.06281
0.229736 4.12386 4.03564	0 16.1317 1.07166
0.22998 3.60893 4.02884	0 13.3223 1.07755
0.230225 4.01928 4.01932	0 15.6055 1.07813
0.230469 5.06904 4.00719	0 21.3016 1.072
0.230713 3.80688 3.99293	0 17.019 1.05899
0.230957 4.27936 3.97723	0 16.627 1.04017
0.231201 3.1856 3.96085	0 9.83543 1.01752
0.231445 3.3572 3.94437	0 9.52201 0.993395
0.231689 4.21425 3.92812	0 20.8791 0.96994
0.231934 4.16889 3.91212	0 15.7192 0.948481
0.232178 3.70222 3.8962	0 11.2609 0.929056
0.232422 4.15202 3.8801	0 18.128 0.910198
0.232666 4.22614 3.86364	0 19.727 0.889192
0.23291 3.26668 3.84682	0 8.14907 0.862953
0.233154 4.77855 3.82988	0 27.9935 0.829367
0.233398 3.45136 3.8132	0 13.2019 0.788596
0.233643 3.2941 3.79723	0 9.12282 0.743699
0.233887 3.82727 3.78238	0 13.098 0.700188
0.234131 3.1439 3.76896	0 7.68908 0.664657
0.234375 4.09665 3.75723	0 11.2942 0.643001
0.234619 3.88009 3.74743	0 13.9365 0.638853
0.234863 4.16904 3.73993	0 14.3928 0.652659
0.235107 3.96677 3.73517	0 20.2139 0.681546
0.235352 3.57871 3.73372	0 12.6186 0.720004
0.235596 3.42694 3.7361	0 14.2472 0.761312
0.23584 3.61013 3.7426	0 13.0172 0.799454
0.236084 2.81619 3.75315	0 7.85531 0.831029
0.236328 3.84636 3.7672	0 21.2248 0.856463
0.236572 3.90619 3.78379	0 16.5805 0.879917
0.236816 4.10743 3.80168	0 15.0362 0.90778
0.237061 3.97458 3.8196	0 15.3182 0.946217
0.237305 4.35893 3.83648	0 19.4893 0.998703
0.237549 3.84726 3.85157	0 12.0427 1.06456
0.237793 3.55633 3.86455	0 10.6434 1.13902
0.238037 3.538 3.87543	0 12.3877 1.21483
0.238281 4.44457 3.88445	0 25.5624 1.28445
0.238525 3.6786 3.89186	0 10.9833 1.34199
0.23877 3.54663 3.89786	0 9.50708 1.3839
0.239014 3.94532 3.90243	0 16.4129 1.40837
0.239258 4.21171 3.90543	0 14.4898 1.4141
0.239502 4.04981 3.90657	0 23.2113 1.39947
0.239746 4.05525 3.90557	0 14.2649 1.36273
0.23999 3.70716 3.90219	0 13.1732 1.30323
0.240234 3.83891 3.89635	0 18.4695 1.22303
0.240479 3.6921 3.88814	0 15.866 1.12781
0.240723 4.78958 3.87779	0 24.4622 1.02654
0.240967 3.28309 3.86567	0 10.6861 0.929708
0.241211 4.05276 3.85224	0 18.3626 0.846895
0.241455 3.78046 3.83807	0 14.3854 0.784518
0.241699 3.45252 3.82374	0 13.7887 0.744786
0.241943 3.74098 3.80992	0 16.0473 0.72623
0.242188 4.22886 3.79731	0 16.0822 0.725374
0.242432 4.03546 3.78662	0 11.9376 0.738566
0.242676 3.94732 3.77847	0 13.7417 0.76295
0.24292 2.97644 3.77326	0 8.521 0.796212
0.243164 3.68549 3.77111	0 12.5952 0.835521
0.243408 3.63626 3.77164	0 18.4706 0.876601
0.243652 3.84119 3.77399	0 17.4194 0.91374
0.243896 3.57359 3.77685	0 12.6956 0.940913
0.244141 4.15186 3.77857	0 21.0582 0.95346
0.244385 3.89747 3.77747	0 15.7045 0.949489
0.244629 3.32387 3.77207	0 8.34674 0.930309
0.244873 3.99941 3.76139	0 14.9766 0.899828
0.245117 4.8295 3.74518	0 16.592 0.863298
0.245361 3.76158 3.72396	0 13.6575 0.826023
0.245605 3.58388 3.69894	0 18.7417 0.792415
0.24585 3.75722 3.67182	0 10.6263 0.765502
0.246094 3.18491 3.6445	0 11.5821 0.746779
0.246338 3.24682 3.61876	0 10.3664 0.736323
0.246582 3.34969 3.59604	0 12.8142 0.733135
0.246826 3.77398 3.57729	0 15.7517 0.735639
0.24707 3.53304 3.56299	0 12.076 0.742177
0.247314 3.51789 3.55326	0 11.5813 0.751283
0.247559 3.51196 3.54793	0 9.59805 0.761682
0.247803 3.85217 3.54672	0 13.2287 0.772131
0.248047 3.72595 3.54924	0 13.0939 0.781343
0.248291 3.27444 3.55503	0 10.0518 0.788111
0.248535 2.92416 3.56353	0 8.22124 0.791548
0.248779 3.45127 3.57399	0 10.1396 0.791272
0.249023 3.418 3.58553	0 11.3834 0.787411
0.249268 3.9195 3.59721	0 16.2782 0.78049
0.249512 4.40607 3.6081	0 15.3699 0.771311
0.249756 3.73481 3.6175	0 14.9181 0.760871
0.25 3.20369 3.625	0 8.71984 0.750257
0.250244 3.27339 3.63062	0 11.1812 0.740413
0.250488 3.83263 3.63478	0 12.0471 0.731831
0.250732 3.83091 3.63824	0 17.7956 0.72434
0.250977 3.88121 3.64196	0 11.1528 0.717239
0.251221 3.66481 3.64688	0 13.9569 0.709793
0.251465 3.52062 3.65377	0 10.0811 0.701886
0.251709 3.19366 3.66303	0 9.71428 0.694447
0.251953 3.3906 3.67462	0 23.8509 0.68931
0.252197 3.82127 3.68802	0 14.1227 0.688515
0.252441 3.3433 3.70238	0 7.43761 0.693375
0.252686 4.09866 3.71664	0 17.4422 0.703849
0.25293 4.06654 3.72977	0 18.9124 0.718589
0.253174 3.982 3.74093	0 16.7042 0.73565
0.253418 4.15777 3.74958	0 19.4456 0.75341
0.253662 3.35957 3.7555	0 7.58247 0.771133
0.253906 3.38613 3.75877	0 12.4627 0.788869
0.25415 3.7011 3.75962	0 13.7293 0.806808
0.254395 4.07176 3.75841	0 15.2015 0.824556
0.254639 3.44048 3.75554	0 12.0316 0.840781
0.254883 4.18523 3.7514	0 13.6071 0.853476
0.255127 3.7777 3.74645	0 10.9722 0.860684
0.255371 3.87846 3.74114	0 10.4141 0.861339
0.255615 3.84558 3.73593	0 15.8701 0.855813
0.255859 3.25826 3.73123	0 9.98711 0.845957
0.256104 3.72355 3.72725	0 17.3401 0.834634
0.256348 3.71773 3.72396	0 15.5739 0.824955
0.256592 3.84328 3.72101	0 17.2425 0.819447
0.256836 3.01564 3.7178	0 7.97356 0.81937
0.25708 4.03546 3.71354	0 10.6495 0.824359
0.257324 3.88838 3.70743	0 10.8453 0.832498
0.257568 4.51773 3.69887	0 22.2712 0.840844
0.257812 3.58351 3.68755	0 13.55 0.846288
0.258057 3.05647 3.67358	0 8.29658 0.846516
0.258301 4.06685 3.65746	0 20.0952 0.840742
0.258545 3.59411 3.63997	0 13.4365 0.830001
0.258789 3.64508 3.62201	0 12.7482 0.816874
0.259033 3.51485 3.60446	0 11.9249 0.804703
0.259277 3.76772 3.58802	0 12.6347 0.796491
0.259521 3.1495 3.57314	0 10.2124 0.79381
0.259766 3.03525 3.56001	0 10.6371 0.796106
0.26001 3.90935 3.54864	0 8.20471 0.800697
0.260254 3.82512 3.53897	0 17.1116 0.803568
0.260498 3.59355 3.53096	0 11.7798 0.800666
0.260742 3.92411 3.52466	0 15.297 0.789191
0.260986 3.2737 3.5202	0 13.1307 0.768338
0.26123 3.02797 3.51776	0 8.17857 0.739271
0.261475 3.34498 3.5175	0 9.0802 0.704508
0.261719 3.31796 3.5194	0 9.06787 0.667194
0.261963 3.78083 3.52331	0 14.0609 0.630631
0.262207 4.02387 3.52885	0 18.1765 0.598175
0.262451 3.20328 3.53546	0 10.975 0.573254
0.262695 3.33495 3.54251	0 11.8745 0.559215
0.262939 3.62719 3.54933	0 14.3842 0.55884
0.263184 3.68208 3.55532	0 9.82556 0.57362
0.263428 3.38805 3.56002	0 7.90829 0.603065
0.263672 3.97605 3.56313	0 12.9421 0.644359
0.263916 3.60247 3.56458	0 14.3194 0.692567
0.26416 3.18506 3.56448	0 8.6618 0.741407
0.264404 3.94928 3.5631	0 18.2428 0.784406
0.264648 3.41451 3.56084	0 12.8259 0.816121
0.264893 3.59483 3.5581	0 15.3249 0.833114
0.265137 3.37988 3.55527	0 15.19 0.834459
0.265381 3.81809 3.55255	0 19.5268 0.821681
0.265625 3.77661 3.54998	0 12.596 0.798121
0.265869 2.81846 3.54738	0 6.83905 0.76794
0.266113 3.41856 3.5444	0 9.72304 0.73512
0.266357 3.45991 3.54065	0 12.7671 0.702887
0.266602 4.38522 3.53573	0 15.2245 0.673763
0.266846 3.5743 3.52943	0 16.9847 0.64998
0.26709 3.73704 3.52174	0 9.30912 0.633728
0.267334 3.13979 3.51288	0 10.9076 0.626785
0.267578 3.35884 3.50323	0 10.0539 0.629622
0.267822 3.34373 3.49325	0 19.8692 0.640582
0.268066 3.81917 3.48338	0 15.5775 0.6558
0.268311 3.34627 3.4739	0 11.3596 0.670137
0.268555 3.34367 3.46492	0 10.0446 0.678794
0.268799 2.9076 3.45639	0 11.8256 0.678885
0.269043 4.47815 3.44811	0 14.8923 0.670299
0.269287 3.22199 3.43982	0 10.7914 0.655565
0.269531 3.34366 3.43132	0 8.99373 0.638868
0.269775 3.20283 3.4225	0 11.4 0.624703
0.27002 3.38154 3.41343	0 8.9615 0.616664
0.270264 3.37831 3.40437	0 14.5446 0.616727
0.270508 3.91457 3.39575	0 16.4159 0.625063
0.270752 3.53766 3.38813	0 11.3365 0.640239
0.270996 2.91166 3.3821	0 9.81631 0.659648
0.27124 3.18821 3.37821	0 11.3536 0.6801
0.271484 3.38578 3.37682	0 12.3637 0.698565
0.271729 3.26144 3.37807	0 7.65984 0.712964
0.271973 3.39769 3.3818	0 10.5398 0.722714
0.272217 3.2919 3.38757	0 14.0074 0.728706
0.272461 3.3338 3.39473	0 12.6012 0.732622
0.272705 3.74129 3.40244	0 14.2356 0.735839
0.272949 3.16327 3.40983	0 9.99653 0.738506
0.273193 3.75435 3.41602	0 14.0376 0.739298
0.273438 3.38557 3.42025	0 12.1707 0.736009
0.273682 3.06662 3.42189	0 9.45596 0.726703
0.273926 3.62354 3.42056	0 13.7399 0.710828
0.27417 3.61976 3.41609	0 14.3421 0.689712
0.274414 3.35286 3.4086	0 10.6957 0.666167
0.274658 3.8201 3.39847	0 9.43211 0.643427
0.274902 3.29861 3.38632	0 9.16296 0.623985
0.275146 3.51431 3.37292	0 16.6964 0.608989
0.275391 2.97376 3.35912	0 8.69103 0.598487
0.275635 3.09365 3.34572	0 11.6895 0.592278
0.275879 3.53874 3.33346	0 9.88412 0.590705
0.276123 3.28195 3.32291	0 10.9423 0.594786
0.276367 3.43502 3.3145	0 9.46988 0.605586
0.276611 3.26397 3.30853	0 9.94606 0.623252
0.276855 2.91385 3.30522	0 8.86505 0.646383
0.2771 3.49106 3.30471	0 10.8364 0.672172
0.277344 3.54991 3.30704	0 16.3014 0.697208
0.277588 3.27952 3.31216	0 10.068 0.718497
0.277832 3.04721 3.31977	0 10.0359 0.734148
0.278076 3.11201 3.32936	0 9.53153 0.743467
0.27832 3.39662 3.34015	0 9.96141 0.746543
0.278564 3.04849 3.35118	0 9.93941 0.743668
0.278809 3.31136 3.36136	0 12.7242 0.734964
0.279053 3.79472 3.3697	0 11.313 0.720432
0.279297 3.87866 3.37539	0 14.4534 0.700397
0.279541 3.61572 3.37798	0 12.7347 0.67604
0.279785 3.24151 3.37737	0 11.1747 0.649664
0.280029 2.83606 3.3738	0 7.04119 0.624459
0.280273 3.63894 3.36776	0 13.3359 0.603822
0.280518 3.29288 3.35982	0 10.7176 0.590517
0.280762 3.35654 3.35053	0 10.6538 0.585998
0.281006 3.50232 3.34037	0 11.1524 0.590098
0.28125 3.27766 3.32966	0 8.85539 0.601075
0.281494 3.15456 3.31867	0 8.83061 0.615947
0.281738 3.36686 3.30764	0 15.3308 0.631017
0.281982 3.47393 3.29691	0 12.7422 0.642528
0.282227 3.11049 3.28692	0 9.59169 0.647413
0.282471 3.5795 3.27832	0 15.4202 0.644034
0.282715 3.20717 3.27187	0 13.1988 0.632765
0.282959 2.99441 3.26845	0 9.03453 0.616243
0.283203 3.01357 3.26887	0 8.5814 0.599081
0.283447 3.61945 3.27374	0 11.825 0.586917
0.283691 2.91424 3.28332	0 10.9897 0.584853
0.283936 3.41943 3.29737	0 11.2135 0.595654
0.28418 3.06155 3.31507	0 10.6954 0.618394
0.284424 3.05001 3.33503	0 10.9836 0.648262
0.284668 3.21844 3.35541	0 10.4201 0.677887
0.284912 3.43705 3.37411	0 20.811 0.699794
0.285156 3.70245 3.38904	0 15.5851 0.708965
0.2854 3.77836 3.39841	0 12.2084 0.704361
0.285645 3.9855 3.40098	0 14.3361 0.688815
0.285889 3.29035 3.39621	0 10.0526 0.667558
0.286133 3.48155 3.38436	0 17.1484 0.646267
0.286377 3.06073 3.36637	0 6.69015 0.629532
0.286621 3.79993 3.34375	0 15.8292 0.620156
0.286865 3.09405 3.31835	0 8.20128 0.619135
0.287109 3.16672 3.29214	0 10.0301 0.625941
0.287354 3.3916 3.26697	0 11.1775 0.638819
0.287598 3.24166 3.24442	0 13.5794 0.655108
0.287842 3.08152 3.22565	0 10.1974 0.671756
0.288086 3.04344 3.21133	0 9.13296 0.686077
0.28833 2.66843 3.20164	0 7.31125 0.696555
0.288574 3.17279 3.19629	0 10.0154 0.703271
0.288818 3.70967 3.19465	0 10.8153 0.707575
0.289062 3.05009 3.19583	0 9.52647 0.711007
0.289307 3.23306 3.19884	0 8.95753 0.713944
0.289551 3.0656 3.20276	0 11.761 0.714779
0.289795 3.0913 3.20685	0 6.6156 0.710204
0.290039 3.28679 3.21064	0 18.4324 0.696648
0.290283 3.40041 3.21402	0 13.8869 0.672168
0.290527 3.48365 3.21715	0 12.2792 0.63787
0.290771 3.30285 3.22044	0 8.92829 0.598099
0.291016 3.06066 3.22441	0 10.5507 0.559312
0.29126 2.86994 3.22956	0 9.77439 0.528136
0.291504 3.24717 3.23623	0 11.5856 0.509432
0.291748 2.94679 3.24453	0 8.06395 0.505019
0.291992 3.06114 3.25429	0 6.5971 0.513405
0.292236 3.61668 3.26514	0 13.4754 0.530442
0.29248 4.04472 3.27652	0 19.3029 0.550605
0.292725 2.82544 3.2878	0 8.56647 0.568463
0.292969 3.12241 3.29835	0 12.175 0.579954
0.293213 3.07663 3.30758	0 6.44111 0.583197
0.293457 3.31553 3.31501	0 10.6742 0.578727
0.293701 3.7906 3.32025	0 14.6688 0.569147
0.293945 3.34639 3.32304	0 13.9493 0.558305
0.294189 3.51193 3.32327	0 11.8955 0.550161
0.294434 2.96131 3.32094	0 9.32463 0.547672
0.294678 3.57189 3.31622	0 11.3599 0.552056
0.294922 3.2245 3.30945	0 6.96339 0.562725
0.295166 3.44015 3.30112	0 12.1585 0.577872
0.29541 3.08572 3.29192	0 8.95059 0.595406
0.295654 3.49571 3.28268	0 14.2581 0.613755
0.295898 3.28286 3.27436	0 13.699 0.63222
0.296143 3.20667 3.26798	0 7.89388 0.650845
0.296387 3.24608 3.26451	0 12.1919 0.670018
0.296631 3.17491 3.26474	0 12.947 0.690102
0.296875 3.24233 3.26909	0 8.15059 0.711277
0.297119 2.89693 3.27747	0 5.97123 0.733591
0.297363 3.23214 3.28919	0 11.5073 0.757053
0.297607 3.1443 3.30293	0 10.0945 0.781571
0.297852 3.24072 3.31684	0 8.89063 0.806599
0.298096 3.53545 3.32877	0 8.7845 0.830627
0.29834 3.32974 3.33657	0 10.8569 0.850827
0.298584 3.54653 3.33842	0 11.3789 0.863288
0.298828 3.88117 3.33321	0 19.1834 0.863991
0.299072 3.76892 3.32069	0 15.9296 0.850262
0.299316 3.27112 3.30163	0 11.091 0.822054
0.299561 3.28653 3.27768	0 9.21492 0.782415
0.299805 3.30301 3.25113	0 14.7327 0.73682
0.300049 3.01911 3.2246	0 9.07206 0.691642
0.300293 2.78616 3.20052	0 7.48586 0.652375
0.300537 3.21412 3.18083	0 7.70137 0.622329
0.300781 3.27494 3.16663	0 15.1711 0.602206
0.301025 2.54321 3.15806	0 7.63105 0.590592
0.30127 2.7628 3.15429	0 7.9474 0.584959
0.301514 3.12007 3.15378	0 7.69727 0.582706
0.301758 3.50065 3.15453	0 9.99217 0.581846
0.302002 3.50456 3.15455	0 13.4276 0.581258
0.302246 3.54367 3.15215	0 10.6839 0.580663
0.30249 2.92454 3.14628	0 8.47273 0.580498
0.302734 3.39474 3.13666	0 12.7561 0.581762
0.302979 3.27038 3.12371	0 13.0565 0.585745
0.303223 3.09074 3.10844	0 10.1462 0.593524
0.303467 2.97615 3.09215	0 8.05222 0.605329
0.303711 2.95551 3.07615	0 9.86507 0.620031
0.303955 2.53214 3.06146	0 6.96736 0.635117
0.304199 3.41819 3.0487	0 14.6048 0.647272
0.304443 2.75261 3.03799	0 8.7697 0.653361
0.304688 3.0348 3.02905	0 11.9116 0.651376
0.304932 2.98227 3.02134	0 8.05984 0.640926
0.305176 3.34678 3.01433	0 12.9436 0.623136
0.30542 2.93961 3.00765	0 10.8772 0.60017
0.305664 3.18598 3.00124	0 11.5754 0.57466
0.305908 3.0638 2.99546	0 21.522 0.549256
0.306152 2.94579 2.99099	0 8.4171 0.5263
0.306396 2.73493 2.98875	0 6.51183 0.507526
0.306641 3.01368 2.9897	0 10.1514 0.493773
0.306885 2.79249 2.99464	0 6.16201 0.484848
0.307129 2.77352 3.00407	0 9.20386 0.479701
0.307373 3.002 3.018	0 13.3703 0.476943
0.307617 3.04988 3.03597	0 8.32911 0.475503
0.307861 3.14634 3.057	0 8.61448 0.475081
0.308105 2.68689 3.07971	0 7.13539 0.4761
0.30835 3.23578 3.10246	0 9.03131 0.479088
0.308594 3.24734 3.12355	0 11.1966 0.483776
0.308838 3.4068 3.14138	0 11.5808 0.488432
0.309082 2.84562 3.15474	0 8.94545 0.489947
0.309326 3.47063 3.16292	0 10.6313 0.484872
0.30957 3.64643 3.16583	0 10.9298 0.471035
0.309814 3.34446 3.16399	0 11.4211 0.448936
0.310059 3.24388 3.1585	0 8.25546 0.422079
0.310303 3.15138 3.15075	0 8.24253 0.395944
0.310547 2.55765 3.1423	0 6.81191 0.376043
0.310791 2.61225 3.13455	0 6.15849 0.36605
0.311035 3.8876 3.12854	0 13.0111 0.366852
0.311279 2.87733 3.12486	0 6.5694 0.376811
0.311523 3.21878 3.12352	0 10.0601 0.392817
0.311768 2.78118 3.1241	0 8.37878 0.411434
0.312012 2.91443 3.12579	0 8.28098 0.429654
0.312256 3.419 3.12766	0 11.5325 0.445212
0.3125 3.15372 3.12882	0 8.89088 0.456722
0.312744 3.27279 3.1286	0 7.91509 0.463865
0.312988 3.18474 3.1267	0 10.8793 0.467576
0.313232 3.7572 3.12318	0 12.2053 0.469995
0.313477 2.77504 3.11841	0 8.09487 0.473924
0.313721 2.61098 3.1129	0 7.87596 0.481827
0.313965 3.55113 3.10711	0 9.11273 0.494718
0.314209 2.85585 3.10126	0 7.59057 0.511411
0.314453 2.83796 3.09521	0 9.80854 0.528538
0.314697 3.08455 3.08845	0 10.631 0.541417
0.314941 3.1007 3.08017	0 9.15008 0.545487
0.315186 3.08002 3.0695	0 10.0842 0.537812
0.31543 3.30774 3.05573	0 11.1264 0.518093
0.315674 3.57751 3.03856	0 9.9994 0.488863
0.315918 3.08115 3.01825	0 8.21061 0.454847
0.316162 3.0418 2.99561	0 7.37272 0.421793
0.316406 2.9637 2.97194	0 8.19603 0.395218
0.31665 2.45102 2.94877	0 5.20173 0.37946
0.316895 3.31022 2.92761	0 12.4629 0.377154
0.317139 2.39079 2.90968	0 4.57266 0.389059
0.317383 2.51962 2.89572	0 6.76509 0.414033
0.317627 3.07432 2.88595	0 9.14114 0.449115
0.317871 2.65171 2.88012	0 6.15319 0.489814
0.318115 3.0952 2.87761	0 13.0354 0.530764
0.318359 2.87333 2.87768	0 8.54736 0.566734
0.318604 3.276 2.87961	0 13.1243 0.59372
0.318848 2.84266 2.88279	0 7.4287 0.609683
0.319092 2.67627 2.88683	0 6.74202 0.614638
0.319336 2.60287 2.89145	0 5.29088 0.610112
0.31958 2.96094 2.89651	0 10.386 0.598304
0.319824 2.99538 2.90192	0 11.9613 0.581403
0.320068 2.93665 2.9076	0 8.19713 0.561299
0.320312 2.62017 2.91348	0 5.74117 0.539674
0.320557 3.25134 2.91955	0 9.55731 0.518181
0.320801 3.05985 2.92579	0 7.41313 0.498441
0.321045 3.23991 2.93226	0 10.9516 0.481721
0.321289 2.52387 2.93896	0 5.49811 0.468451
0.321533 2.62247 2.94583	0 4.60921 0.457901
0.321777 2.68285 2.9527	0 7.23997 0.448302
0.322021 3.74052 2.9592	0 11.4686 0.43748
0.322266 2.56528 2.96482	0 5.70805 0.423746
0.32251 3.14819 2.96896	0 7.26359 0.406622
0.322754 2.79729 2.97102	0 8.92204 0.387068
0.322998 3.33956 2.97054	0 10.6474 0.36711
0.323242 2.7002 2.96731	0 5.49902 0.349121
0.323486 3.3081 2.96145	0 8.36294 0.335091
0.32373 3.28857 2.95346	0 10.1568 0.32621
0.323975 2.70507 2.94414	0 7.02851 0.322831
0.324219 2.82146 2.93451	0 7.34908 0.324703
0.324463 2.89835 2.92573	0 9.77448 0.33126
0.324707 2.66551 2.91888	0 6.25444 0.341825
0.324951 3.0396 2.91487	0 9.82436 0.355707
0.325195 2.85832 2.9143	0 7.39703 0.37227
0.325439 2.91826 2.9174	0 9.42147 0.391034
0.325684 2.69563 2.924	0 8.25719 0.411746
0.325928 2.76667 2.93352	0 7.12429 0.434305
0.326172 2.95447 2.94511	0 10.94 0.458462
0.326416 2.84547 2.95771	0 6.82226 0.483381
0.32666 3.46147 2.97021	0 11.5443 0.507343
0.326904 2.75973 2.98161	0 11.0762 0.527898
0.327148 3.21608 2.99114	0 9.9586 0.542576
0.327393 2.80238 2.99838	0 8.8884 0.549939
0.327637 3.05023 3.00329	0 12.4196 0.550489
0.327881 3.65377 3.00615	0 13.9707 0.546925
0.328125 2.82267 3.00752	0 5.22271 0.543491
0.328369 2.69842 3.00803	0 6.87145 0.544568
0.328613 3.22759 3.00825	0 10.9423 0.553042
0.328857 2.55449 3.00854	0 5.04541 0.569056
0.329102 2.9749 3.00899	0 5.49579 0.589693
0.329346 2.88209 3.00939	0 7.74251 0.609741
0.32959 3.15066 3.00933	0 23.3352 0.623302
0.329834 3.44531 3.00832	0 10.4256 0.625725
0.330078 3.08724 3.00592	0 12.0172 0.615186
0.330322 3.24072 3.00187	0 7.26924 0.593427
0.330566 2.40497 2.99618	0 5.97084 0.565415
0.330811 2.87378 2.98908	0 8.34713 0.538029
0.331055 3.50505 2.98101	0 11.8943 0.518137
0.331299 2.85711 2.97246	0 7.55355 0.510637
0.331543 3.1131 2.96384	0 7.83431 0.517016
0.331787 2.87192 2.95539	0 8.84557 0.534904
0.332031 2.70398 2.947	0 7.84402 0.558769
0.332275 2.69882 2.9383	0 8.99312 0.581528
0.33252 2.89442 2.92863	0 9.68225 0.596563
0.332764 2.95222 2.91727	0 9.18718 0.599451
0.333008 2.99105 2.90362	0 6.98818 0.588925
0.333252 3.5038 2.88738	0 12.9943 0.566815
0.333496 3.20054 2.86874	0 9.20703 0.537159
0.33374 2.81655 2.84844	0 8.61281 0.50485
0.333984 2.47959 2.82769	0 3.99019 0.474347
0.334229 2.80549 2.80803	0 6.62977 0.448799
0.334473 2.5525 2.79111	0 5.79905 0.429777
0.334717 2.6509 2.77844	0 7.52993 0.417525
0.334961 2.48669 2.77122	0 5.88744 0.41151
0.335205 2.58339 2.7702	0 4.1473 0.411002
0.335449 3.12225 2.77563	0 10.4782 0.415488
0.335693 2.81892 2.78726	0 9.1523 0.424775
0.335938 2.55694 2.80441	0 6.75772 0.438775
0.336182 2.80679 2.82605	0 9.15235 0.457099
0.336426 2.41714 2.8509	0 7.00467 0.478665
0.33667 2.38981 2.87757	0 5.85285 0.50158
0.336914 3.69495 2.90472	0 11.8688 0.52343
0.337158 3.26278 2.93112	0 11.4205 0.541883
0.337402 2.8528 2.95582	0 7.30684 0.555387
0.337646 3.32546 2.97813	0 18.0108 0.563636
0.337891 2.62115 2.99762	0 6.28975 0.567634
0.338135 2.97481 3.01406	0 10.7349 0.569316
0.338379 3.08343 3.02726	0 11.0482 0.570878
0.338623 3.16086 3.03703	0 7.01242 0.574032
0.338867 3.00461 3.04309	0 10.4467 0.579392
0.339111 2.87114 3.04508	0 8.01027 0.586177
0.339355 3.45367 3.04272	0 8.79536 0.592324
0.3396 2.6866 3.03585	0 6.76199 0.595043
0.339844 3.53727 3.02462	0 13.8113 0.591714
0.340088 3.3302 3.0096	0 14.2971 0.580853
0.340332 3.19623 2.99171	0 12.231 0.562776
0.340576 2.76914 2.97219	0 6.43258 0.53966
0.34082 2.65555 2.95242	0 6.51661 0.514948
0.341064 2.96172 2.93371	0 7.57711 0.492369
0.341309 2.46748 2.9171	0 5.37548 0.474964
0.341553 2.75869 2.90326	0 8.88907 0.464441
0.341797 3.28256 2.89247	0 12.4106 0.460959
0.342041 2.60537 2.88464	0 5.60483 0.463251
0.342285 3.17386 2.87947	0 8.2006 0.46902
0.342529 2.73775 2.87659	0 6.32575 0.475545
0.342773 2.85731 2.87567	0 8.97638 0.480423
0.343018 2.75726 2.87649	0 5.33269 0.482247
0.343262 3.03306 2.87896	0 6.62662 0.480938
0.343506 3.19593 2.88299	0 9.36481 0.477524
0.34375 2.66791 2.88844	0 4.10627 0.473415
0.343994 2.35304 2.89496	0 5.03797 0.469519
0.344238 2.75176 2.902	0 6.07891 0.46565
0.344482 3.11172 2.90878	0 10.3376 0.460592
0.344727 3.05669 2.91438	0 8.16354 0.452804
0.344971 3.01169 2.91792	0 12.0944 0.441447
0.345215 3.42998 2.9187	0 13.1381 0.427173
0.345459 2.77125 2.91633	0 8.77985 0.412224
0.345703 2.65484 2.9109	0 7.61247 0.399715
0.345947 3.40386 2.90293	0 10.0877 0.392432
0.346191 2.56334 2.89336	0 5.49875 0.391739
0.346436 2.98195 2.88338	0 6.75205 0.397126
0.34668 2.85912 2.8743	0 8.13198 0.406578
0.346924 2.83379 2.86726	0 11.2855 0.417478
0.347168 2.95824 2.86311	0 8.32794 0.427553
0.347412 2.51327 2.86215	0 5.10564 0.435409
0.347656 2.63754 2.86412	0 6.81617 0.440533
0.3479 2.52804 2.86816	0 5.04086 0.442926
0.348145 3.09332 2.87299	0 8.92078 0.442694
0.348389 2.64967 2.87705	0 5.26629 0.439855
0.348633 3.4678 2.87887	0 12.8171 0.434438
0.348877 3.22778 2.8773	0 10.0862 0.426754
0.349121 2.98101 2.87171	0 7.52659 0.417633
0.349365 2.96417 2.86214	0 7.0207 0.408396
0.349609 2.83718 2.84926	0 7.29022 0.400555
0.349854 2.66454 2.83419	0 5.37663 0.39533
0.350098 2.61653 2.81834	0 5.50281 0.393257
0.350342 3.07785 2.80313	0 9.9871 0.394067
0.350586 2.35664 2.78977	0 6.00667 0.396872
0.35083 2.93558 2.77915	0 9.26764 0.400535
0.351074 2.71842 2.77171	0 6.23367 0.404035
0.351318 2.39275 2.76751	0 4.58032 0.406741
0.351562 2.70824 2.76631	0 6.64762 0.408621
0.351807 3.14637 2.76767	0 9.4949 0.410418
0.352051 2.85753 2.77106	0 9.83666 0.413738
0.352295 2.53992 2.77598	0 3.67754 0.420867
0.352539 2.80644 2.78199	0 7.96253 0.434158
0.352783 2.99664 2.78876	0 10.7553 0.455036
0.353027 2.37539 2.79603	0 4.62567 0.482992
0.353271 2.99317 2.8036	0 7.91535 0.51506
0.353516 2.60932 2.81135	0 6.56041 0.54621
0.35376 3.05167 2.81913	0 9.2275 0.57066
0.354004 3.09215 2.82685	0 20.6638 0.583663
0.354248 2.56605 2.8344	0 6.33415 0.583036
0.354492 2.74679 2.84165	0 8.5203 0.56978
0.354736 2.97436 2.84841	0 6.51366 0.547561
0.35498 2.73952 2.85446	0 8.01159 0.521324
0.355225 3.04564 2.8595	0 10.7959 0.495685
0.355469 2.84222 2.86319	0 7.7935 0.473713
0.355713 2.60176 2.86516	0 5.70374 0.456489
0.355957 2.99158 2.86514	0 9.96923 0.443464
0.356201 3.07059 2.86298	0 5.73767 0.433327
0.356445 2.98169 2.85872	0 8.72363 0.424963
0.356689 3.12615 2.85263	0 7.49053 0.418103
0.356934 2.48582 2.84513	0 4.89949 0.413406
0.357178 3.0597 2.83675	0 7.92492 0.412018
0.357422 2.93615 2.82801	0 7.06662 0.414846
0.357666 2.29383 2.81931	0 4.15121 0.421915
0.35791 2.63802 2.8109	0 5.22552 0.432087
0.358154 2.89829 2.80284	0 9.23855 0.443255
0.358398 2.98748 2.79507	0 9.67144 0.452889
0.358643 3.03972 2.7875	0 10.2411 0.458723
0.358887 2.63724 2.78008	0 8.3221 0.45933
0.359131 3.04601 2.77288	0 9.03857 0.454437
0.359375 2.46261 2.76609	0 7.65089 0.444911
0.359619 2.77703 2.76002	0 6.23141 0.432471
0.359863 2.83817 2.75498	0 6.05366 0.419216
0.360107 2.47016 2.75126	0 5.80025 0.407082
0.360352 2.60946 2.74904	0 6.09458 0.397364
0.360596 2.74582 2.74844	0 11.0703 0.390419
0.36084 2.99962 2.74954	0 8.4855 0.385659
0.361084 2.75789 2.75241	0 5.67523 0.381852
0.361328 2.73682 2.75722	0 9.36178 0.377642
0.361572 2.72066 2.7642	0 8.05723 0.372114
0.361816 2.79303 2.77365	0 8.31313 0.365186
0.362061 2.77729 2.78577	0 6.94811 0.357684
0.362305 2.58569 2.8006	0 5.29269 0.351056
0.362549 2.93317 2.81784	0 8.64921 0.346859
0.362793 2.27486 2.83678	0 5.10801 0.346219
0.363037 2.84736 2.85629	0 7.73626 0.349472
0.363281 2.85126 2.87491	0 4.73781 0.356116
0.363525 3.45591 2.89097	0 11.8219 0.36507
0.36377 3.07844 2.90286	0 8.77965 0.375119
0.364014 2.63042 2.90914	0 6.66641 0.385323
0.364258 3.43837 2.90881	0 12.1107 0.395187
0.364502 2.9418 2.90136	0 9.20322 0.404466
0.364746 3.08361 2.88686	0 10.1276 0.412702
0.36499 2.55152 2.86589	0 5.33707 0.418775
0.365234 3.32 2.8395	0 10.1588 0.420796
0.365479 2.80057 2.80906	0 8.44983 0.416533
0.365723 2.53327 2.77617	0 4.97171 0.404285
0.365967 2.81915 2.74252	0 7.81522 0.383818
0.366211 2.80055 2.70976	0 10.6237 0.356913
0.366455 2.66127 2.6794	0 5.76247 0.327221
0.366699 2.51384 2.65271	0 5.13705 0.299414
0.366943 2.19455 2.63063	0 3.61417 0.277958
0.367188 2.70916 2.61375	0 6.82947 0.265964
0.367432 2.52563 2.60227	0 5.78385 0.264563
0.367676 2.44313 2.59606	0 4.65026 0.272965
0.36792 2.63712 2.5947	0 5.16898 0.289059
0.368164 2.33623 2.59757	0 7.25634 0.310208
0.368408 2.85585 2.60393	0 4.31439 0.333877
0.368652 2.63994 2.61298	0 6.10713 0.357892
0.368896 2.69874 2.62394	0 5.80902 0.380406
0.369141 2.31753 2.63602	0 4.49721 0.399779
0.369385 2.66471 2.64849	0 6.05749 0.414606
0.369629 2.70915 2.66067	0 6.49422 0.423955
0.369873 2.69782 2.67195	0 7.9117 0.427703
0.370117 2.6896 2.68184	0 6.72789 0.426727
0.370361 2.95032 2.68998	0 6.83385 0.422766
0.370605 2.56867 2.69622	0 4.53852 0.417933
0.37085 2.94905 2.70057	0 9.07509 0.414063
0.371094 2.67138 2.70323	0 5.6501 0.412151
0.371338 2.53607 2.70452	0 5.25244 0.412114
0.371582 2.87721 2.70485	0 8.39695 0.412926
0.371826 2.52516 2.7046	0 6.72768 0.413053
0.37207 2.58341 2.70409	0 4.7618 0.411004
0.372314 2.85265 2.70354	0 8.53861 0.405841
0.372559 2.96389 2.70306	0 9.53686 0.397499
0.372803 2.3637 2.70261	0 4.67017 0.386851
0.373047 2.53002 2.70209	0 6.31914 0.37548
0.373291 3.20892 2.70133	0 9.93902 0.365229
0.373535 2.32649 2.70016	0 6.15055 0.357658
0.373779 3.08634 2.69845	0 11.6681 0.353552
0.374023 2.24917 2.69616	0 6.0037 0.352654
0.374268 3.0241 2.69346	0 7.94146 0.353695
0.374512 2.3888 2.69067	0 6.79893 0.354753
0.374756 2.87038 2.68833	0 9.79207 0.353866
0.375 2.91482 2.68712	0 6.12596 0.349719
0.375244 3.0868 2.68775	0 13.1864 0.342191
0.375488 2.05396 2.69083	0 4.2437 0.332519
0.375732 2.62935 2.69668	0 6.60279 0.322997
0.375977 2.15168 2.70525	0 5.536 0.316255
0.376221 2.7189 2.71602	0 6.8199 0.314384
0.376465 2.85086 2.7281	0 8.26269 0.318235
0.376709 2.78376 2.74034	0 7.38802 0.327171
0.376953 3.10613 2.75156	0 8.7759 0.339388
0.377197 2.95262 2.76077	0 6.93046 0.352631
0.377441 2.79061 2.76737	0 6.0275 0.365005
0.377686 2.73985 2.7712	0 6.64948 0.375552
0.37793 2.73776 2.77259	0 6.44618 0.384363
0.378174 2.95388 2.77219	0 7.5395 0.392283
0.378418 2.93192 2.77084	0 8.01981 0.400358
0.378662 2.32684 2.76932	0 5.04254 0.409296
0.378906 2.65707 2.76819	0 7.15643 0.419119
0.37915 2.73049 2.76768	0 7.89996 0.429104
0.379395 2.62407 2.76762	0 6.40987 0.437974
0.379639 3.27055 2.76757	0 12.1704 0.444222
0.379883 2.40464 2.76683	0 4.50846 0.446502
0.380127 2.66267 2.76471	0 5.53255 0.443998
0.380371 3.13725 2.76059	0 11.087 0.436734
0.380615 3.20505 2.75408	0 10.8941 0.425727
0.380859 2.58885 2.74511	0 4.79451 0.412879
0.381104 2.53207 2.73388	0 7.36353 0.400532
0.381348 2.67569 2.72091	0 5.1056 0.390787
0.381592 2.57411 2.70693	0 5.00432 0.384862
0.381836 2.98373 2.69282	0 9.90924 0.382777
0.38208 2.7634 2.67952	0 7.78293 0.383562
0.382324 2.65999 2.668	0 8.25681 0.385838
0.382568 2.34907 2.65911	0 6.70082 0.388433
0.382812 2.59334 2.65348	0 6.91305 0.39065
0.383057 2.7042 2.65152	0 6.66954 0.392077
0.383301 2.5564 2.65323	0 8.06085 0.392116
0.383545 2.58854 2.65831	0 8.22645 0.389658
0.383789 2.25026 2.66612	0 4.12376 0.383229
0.384033 2.70694 2.67581	0 8.14507 0.371694
0.384277 2.67933 2.68653	0 5.70547 0.355216
0.384521 3.19233 2.69754	0 13.9907 0.335949
0.384766 2.79427 2.70838	0 8.66331 0.317962
0.38501 2.79828 2.71892	0 5.87961 0.306252
0.385254 3.03357 2.72936	0 6.58509 0.305141
0.385498 2.10051 2.74007	0 3.15097 0.31674
0.385742 2.73921 2.75144	0 6.80354 0.340131
0.385986 2.66521 2.76371	0 4.37569 0.371602
0.38623 2.53274 2.77683	0 6.30883 0.40577
0.386475 2.86457 2.79042	0 6.34614 0.437077
0.386719 3.11662 2.8038	0 8.19684 0.461086
0.386963 2.69128 2.81611	0 6.41906 0.475238
0.387207 2.95637 2.82646	0 8.1721 0.479007
0.387451 3.23427 2.83409	0 6.89646 0.473608
0.387695 2.55536 2.83848	0 6.12269 0.461468
0.387939 2.61975 2.83945	0 7.7011 0.445625
0.388184 3.27952 2.83713	0 10.4683 0.429112
0.388428 2.94913 2.83194	0 7.90435 0.4144
0.388672 2.90088 2.82451	0 7.1012 0.40293
0.388916 2.51117 2.81558	0 6.04657 0.394859
0.38916 3.01029 2.8059	0 8.21311 0.389129
0.389404 2.62397 2.79615	0 7.2119 0.383913
0.389648 2.61779 2.78684	0 6.58136 0.377308
0.389893 2.88025 2.77834	0 7.86172 0.368063
0.390137 2.78808 2.77082	0 7.03894 0.356028
0.390381 2.64855 2.76429	0 5.46863 0.342215
0.390625 3.00232 2.75863	0 8.32968 0.328509
0.390869 2.83508 2.75362	0 6.47057 0.31724
0.391113 2.25176 2.74894	0 5.14124 0.31075
0.391357 2.93013 2.74423	0 8.35175 0.310997
0.391602 2.91346 2.73904	0 9.21602 0.319149
0.391846 2.65805 2.73291	0 6.94317 0.335172
0.39209 2.72233 2.72539	0 7.12322 0.357587
0.392334 2.49739 2.71608	0 7.72678 0.38362
0.392578 3.11024 2.70477	0 8.36006 0.409829
0.392822 2.67414 2.69142	0 8.21515 0.432996
0.393066 2.77966 2.67631	0 7.46851 0.450915
0.393311 2.9077 2.66001	0 7.52059 0.462714
0.393555 2.20879 2.64336	0 5.23544 0.46865
0.393799 2.80149 2.62743	0 7.34486 0.469626
0.394043 2.5587 2.61335	0 5.82475 0.466768
0.394287 2.54386 2.6022	0 5.84388 0.461293
0.394531 2.65284 2.59483	0 9.96809 0.454579
0.394775 2.22834 2.59172	0 6.89101 0.448217
0.39502 2.61609 2.59292	0 5.41021 0.443802
0.395264 2.20608 2.59799	0 3.5793 0.442473
0.395508 2.79909 2.60611	0 6.24158 0.444445
0.395752 2.03162 2.6162	0 3.43313 0.448844
0.395996 3.23586 2.62716	0 12.5453 0.454012
0.39624 3.11905 2.638	0 9.74569 0.458165
0.396484 2.45736 2.64804	0 4.5611 0.460026
0.396729 2.68357 2.65699	0 5.63546 0.459098
0.396973 2.62954 2.66487	0 7.63682 0.455482
0.397217 2.86606 2.67196	0 8.62471 0.44948
0.397461 2.30876 2.67865	0 4.33938 0.441305
0.397705 2.71887 2.68525	0 8.53241 0.431125
0.397949 2.29839 2.69187	0 6.60512 0.419344
0.398193 2.9619 2.69842	0 7.55678 0.406872
0.398438 2.78687 2.70453	0 6.40582 0.395144
0.398682 2.99306 2.70968	0 7.95487 0.385828
0.398926 2.61956 2.71326	0 6.60183 0.380345
0.39917 2.71283 2.71471	0 6.28288 0.379386
0.399414 2.71494 2.7136	0 8.65311 0.38261
0.399658 2.61217 2.70973	0 7.87388 0.388643
0.399902 2.62736 2.70324	0 6.65587 0.395444
0.400146 2.97829 2.69458	0 10.1012 0.400985
0.400391 2.86024 2.68455	0 6.46325 0.404053
0.400635 3.31598 2.67412	0 10.5444 0.404863
0.400879 2.13991 2.66435	0 4.72937 0.405181
0.401123 2.36538 2.65614	0 6.43755 0.407767
0.401367 2.4209 2.65004	0 6.48482 0.415277
0.401611 2.39685 2.64613	0 5.46475 0.429028
0.401855 2.31726 2.64397	0 6.04237 0.448167
0.4021 3.00692 2.64272	0 9.22722 0.469683
0.402344 2.9166 2.64131	0 8.56501 0.489339
0.402588 2.63591 2.63872	0 8.79546 0.503162
0.402832 2.96382 2.63418	0 8.32255 0.508853
0.403076 2.83524 2.62739	0 8.15804 0.506495
0.40332 2.58259 2.61854	0 4.99956 0.498287
0.403564 2.28047 2.60825	0 4.40748 0.487497
0.403809 2.65501 2.59746	0 9.14732 0.47717
0.404053 2.3908 2.58721	0 5.90427 0.469186
0.404297 2.73208 2.57842	0 9.20676 0.463977
0.404541 2.58531 2.57182	0 8.95703 0.460864
0.404785 2.42065 2.56779	0 5.9001 0.458668
0.405029 2.18983 2.56641	0 10.6214 0.456262
0.405273 2.72036 2.56748	0 6.04565 0.452848
0.405518 2.69166 2.57064	0 6.3269 0.448022
0.405762 2.70989 2.57547	0 5.25968 0.441732
0.406006 2.15039 2.58152	0 5.67956 0.434232
0.40625 2.90058 2.58845	0 7.42802 0.425993
0.406494 2.96863 2.59597	0 11.214 0.417527
0.406738 2.2625 2.60386	0 5.34995 0.409134
0.406982 2.32051 2.61189	0 3.58623 0.400735
0.407227 2.69655 2.61985	0 12.0087 0.391924
0.407471 2.59278 2.62747	0 6.33834 0.382284
0.407715 2.68405 2.63447	0 7.70933 0.371815
0.407959 2.94443 2.64058	0 6.48995 0.361217
0.408203 2.63665 2.64562	0 5.63732 0.35186
0.408447 2.66076 2.6495	0 8.35749 0.345436
0.408691 2.41943 2.65226	0 4.87466 0.343466
0.408936 2.8413 2.65406	0 7.81371 0.346861
0.40918 2.79365 2.65511	0 6.26237 0.355667
0.409424 2.41694 2.65559	0 6.40418 0.369018
0.409668 2.8698 2.65563	0 9.53382 0.385235
0.409912 2.42423 2.6552	0 4.71324 0.402084
0.410156 2.56967 2.6541	0 4.95788 0.417187
0.4104 2.79472 2.652	0 5.99681 0.428605
0.410645 2.69448 2.64851	0 9.21221 0.435457
0.410889 2.43222 2.64326	0 6.3444 0.438294
0.411133 2.69074 2.63603	0 5.94498 0.43896
0.411377 3.5739 2.62683	0 8.44751 0.439851
0.411621 2.19643 2.61597	0 5.4156 0.44289
0.411865 2.33889 2.60405	0 6.78073 0.448683
0.412109 2.54195 2.59193	0 4.77345 0.456326
0.412354 2.7957 2.58067	0 8.65079 0.463899
0.412598 2.39362 2.57134	0 4.38762 0.469349
0.412842 2.58294 2.56496	0 6.17099 0.471248
0.413086 2.69911 2.56232	0 9.05396 0.469099
0.41333 2.2261 2.5639	0 4.87507 0.463172
0.413574 2.29532 2.56977	0 8.3437 0.45411
0.413818 2.67948 2.5796	0 5.18866 0.44259
0.414062 2.15346 2.59267	0 4.58623 0.429148
0.414307 2.97629 2.60797	0 11.8375 0.414152
0.414551 2.64189 2.62435	0 6.86191 0.397852
0.414795 2.59324 2.64068	0 6.14721 0.380457
0.415039 2.80166 2.65595	0 7.52347 0.362293
0.415283 2.92417 2.66941	0 9.56328 0.344034
0.415527 2.6642 2.68062	0 7.71126 0.326932
0.415771 2.65543 2.68941	0 5.69872 0.312888
0.416016 2.57413 2.69584	0 7.9477 0.304226
0.41626 2.90673 2.70012	0 5.85675 0.303146
0.416504 2.33146 2.70253	0 4.76114 0.311008
0.416748 3.0603 2.70338	0 6.48043 0.327728
0.416992 2.75328 2.70294	0 6.89688 0.351553
0.417236 2.59662 2.70146	0 4.61076 0.379345
0.41748 2.82764 2.69917	0 4.80769 0.407282
0.417725 2.42216 2.69632	0 6.34072 0.431702
0.417969 2.81399 2.69312	0 11.4302 0.44983
0.418213 2.97472 2.6898	0 8.71205 0.460176
0.418457 2.48075 2.68655	0 5.23065 0.462571
0.418701 2.84141 2.68352	0 7.38366 0.457927
0.418945 2.25384 2.68078	0 5.13957 0.447805
0.419189 2.52008 2.67838	0 8.50922 0.433977
0.419434 3.13054 2.67631	0 10.0737 0.418073
0.419678 2.76933 2.67456	0 6.08117 0.401461
0.419922 2.46322 2.67312	0 6.05721 0.385351
0.420166 2.72457 2.672	0 10.0508 0.371026
0.42041 2.65345 2.67119	0 5.75079 0.359994
0.420654 2.8872 2.67063	0 9.6697 0.353822
0.420898 2.4693 2.67011	0 5.11305 0.353595
0.421143 2.42321 2.6693	0 4.78181 0.359188
0.421387 2.58349 2.66769	0 4.51997 0.368765
0.421631 2.77476 2.66469	0 5.40357 0.37893
0.421875 2.73704 2.65971	0 7.55494 0.385618
0.422119 3.16205 2.65228	0 9.73209 0.385436
0.422363 2.58411 2.64222	0 8.32814 0.376858
0.422607 2.45886 2.62969	0 6.06633 0.360783
0.422852 2.73713 2.61529	0 9.41609 0.34027
0.423096 2.6967 2.59996	0 7.97011 0.319657
0.42334 2.52025 2.58493	0 5.79449 0.303419
0.423584 2.61952 2.57151	0 5.95858 0.295085
0.423828 2.55083 2.56095	0 6.06297 0.29645
0.424072 2.2353 2.55417	0 3.91188 0.307214
0.424316 2.28213 2.55169	0 5.69859 0.325173
0.424561 2.34905 2.55346	0 5.74669 0.346945
0.424805 2.72868 2.5589	0 6.21962 0.369007
0.425049 2.46426 2.56699	0 9.01635 0.388652
0.425293 2.68755 2.57639	0 10.2639 0.404455
0.425537 2.52251 2.58565	0 6.13753 0.416105
0.425781 2.68609 2.59346	0 7.0583 0.42381
0.426025 2.81085 2.59878	0 11.6951 0.427678
0.42627 2.75787 2.60102	0 5.39617 0.427436
0.426514 2.74726 2.60009	0 8.44892 0.4226
0.426758 2.46247 2.59634	0 5.47942 0.412922
0.427002 2.59712 2.59054	0 5.68713 0.398811
0.427246 2.7543 2.58365	0 8.09807 0.381492
0.42749 2.55704 2.5767	0 5.85813 0.362799
0.427734 2.19932 2.57062	0 3.92584 0.344717
0.427979 2.48959 2.56613	0 6.6601 0.328859
0.428223 2.67845 2.56362	0 9.21689 0.316108
0.428467 2.41869 2.56322	0 4.31814 0.306562
0.428711 2.6551 2.56479	0 6.13394 0.299793
0.428955 2.27159 2.56803	0 4.65756 0.295287
0.429199 3.10216 2.57258	0 8.66212 0.292802
0.429443 2.29922 2.57807	0 5.12457 0.292471
0.429688 2.63797 2.58424	0 5.23337 0.294576
0.429932 2.72447 2.59093	0 7.85562 0.299134
0.430176 2.35467 2.59807	0 6.56365 0.305555
0.43042 2.63621 2.60566	0 7.39648 0.312584
0.430664 2.39134 2.61373	0 6.25481 0.318605
0.430908 3.01489 2.62225	0 7.77632 0.32218
0.431152 2.65301 2.63107	0 6.49631 0.322535
0.431396 2.5028 2.63992	0 6.4595 0.319794
0.431641 2.66375 2.64833	0 11.6258 0.314836
0.431885 2.33091 2.65569	0 5.56579 0.308907
0.432129 2.58769 2.66133	0 4.97328 0.303155
0.432373 3.1036 2.6646	0 8.61432 0.298304
0.432617 2.53819 2.66507	0 5.99805 0.294544
0.432861 3.14287 2.66262	0 7.52093 0.291668
0.433105 2.65831 2.65762	0 6.34754 0.289364
0.43335 2.56045 2.65086	0 4.7137 0.287542
0.433594 2.80985 2.64357	0 7.39349 0.286573
0.433838 2.82905 2.63716	0 9.45042 0.287334
0.434082 2.01575 2.63305	0 3.63885 0.291038
0.434326 2.489 2.63231	0 5.33317 0.298921
0.43457 2.79855 2.63549	0 7.64154 0.311917
0.434814 2.45588 2.64243	0 6.65736 0.330433
0.435059 2.27986 2.65224	0 4.06234 0.354289
0.435303 2.19592 2.66343	0 4.84675 0.382783
0.435547 3.00029 2.67415	0 9.49443 0.414776
0.435791 3.48806 2.68244	0 9.88401 0.44867
0.436035 2.88251 2.68656	0 8.22358 0.482297
0.436279 2.73316 2.68525	0 5.94375 0.512824
0.436523 2.70403 2.67787	0 6.41392 0.536925
0.436768 2.64399 2.66447	0 8.50338 0.55132
0.437012 2.29695 2.64577	0 5.87704 0.553604
0.437256 2.90769 2.62304	0 6.78003 0.543031
0.4375 3.11476 2.59797	0 10.6015 0.520858
0.437744 2.51255 2.57245	0 5.10554 0.49006
0.437988 2.40981 2.54843	0 4.96717 0.454542
0.438232 2.25041 2.52766	0 3.78535 0.418204
0.438477 2.14115 2.51154	0 4.26739 0.38424
0.438721 2.53715 2.50097	0 5.55246 0.354849
0.438965 2.45907 2.49624	0 5.41461 0.331277
0.439209 2.18608 2.49704	0 4.35635 0.313992
0.439453 2.29534 2.50253	0 5.59547 0.302806
0.439697 2.86198 2.5115	0 6.93766 0.296966
0.439941 2.33288 2.52257	0 5.264 0.2953
0.440186 2.78999 2.53438	0 8.35596 0.296491
0.44043 2.54484 2.54579	0 6.41459 0.299438
0.440674 2.64489 2.55598	0 5.35596 0.303534
0.440918 2.75034 2.56448	0 5.71118 0.30874
0.441162 2.51377 2.57116	0 9.13964 0.315423
0.441406 2.47286 2.57611	0 6.21838 0.324061
0.44165 2.61745 2.57954	0 9.51042 0.334922
0.441895 2.46801 2.58168	0 5.2546 0.347853
0.442139 2.6133 2.58266	0 5.96931 0.362216
0.442383 2.43356 2.58257	0 6.49055 0.376985
0.442627 2.9163 2.58137	0 9.01479 0.390922
0.442871 2.61456 2.57903	0 6.95778 0.402754
0.443115 2.52043 2.57553	0 6.62435 0.411298
0.443359 2.63671 2.57098	0 4.05067 0.415558
0.443604 2.28452 2.56562	0 5.34428 0.414892
0.443848 2.80328 2.55984	0 5.29055 0.409284
0.444092 2.66169 2.55419	0 7.76862 0.399633
0.444336 2.63754 2.54926	0 6.88532 0.387848
0.44458 2.26771 2.5456	0 4.82004 0.376549
0.444824 2.7215 2.54368	0 5.9749 0.368358
0.445068 2.1398 2.54372	0 4.70492 0.365011
0.445312 2.50356 2.5457	0 4.29212 0.366685
0.445557 2.41206 2.54937	0 6.63324 0.371866
0.445801 2.76048 2.5543	0 7.95698 0.377852
0.446045 2.55044 2.55998	0 9.74924 0.381697
0.446289 2.63767 2.56597	0 7.00618 0.381192
0.446533 2.7043 2.57191	0 7.06393 0.375522
0.446777 2.64765 2.57763	0 5.86848 0.365377
0.447021 2.66667 2.58305	0 9.11721 0.352583
0.447266 2.40211 2.58815	0 5.17057 0.339475
0.44751 2.5845 2.59282	0 4.72728 0.328273
0.447754 2.37234 2.59679	0 4.7019 0.32062
0.447998 2.31824 2.59966	0 4.68349 0.317328
0.448242 2.86478 2.6009	0 7.76186 0.318278
0.448486 2.78875 2.6	0 6.30316 0.322461
0.44873 2.76533 2.59669	0 9.27765 0.328136
0.448975 2.77434 2.59096	0 7.27661 0.333166
0.449219 2.96966 2.58325	0 11.0618 0.335477
0.449463 2.27095 2.5743	0 4.36323 0.333575
0.449707 2.42908 2.56511	0 6.71939 0.326951
0.449951 2.45063 2.5567	0 5.23927 0.316242
0.450195 2.57359 2.54989	0 7.10385 0.303078
0.450439 2.21556 2.54519	0 5.83667 0.28967
0.450684 2.24615 2.54272	0 4.34921 0.278283
0.450928 2.74522 2.54221	0 5.67439 0.270764
0.451172 2.67831 2.54315	0 5.79592 0.268263
0.451416 2.81021 2.54496	0 7.88702 0.271169
0.45166 2.56288 2.54711	0 6.67114 0.279207
0.451904 2.45745 2.54928	0 6.03222 0.291576
0.452148 2.57316 2.55138	0 7.42782 0.307043
0.452393 2.3954 2.55354	0 4.82647 0.324007
0.452637 2.49583 2.55601	0 5.12075 0.340588
0.452881 2.89217 2.55912	0 9.28045 0.354845
0.453125 2.49487 2.56311	0 5.69338 0.365113
0.453369 2.01269 2.56815	0 3.79658 0.370392
0.453613 2.66383 2.57424	0 6.87824 0.370605
0.453857 2.83807 2.58127	0 9.24379 0.366619
0.454102 2.72865 2.58898	0 6.254 0.359977
0.454346 2.46555 2.59704	0 5.22339 0.352443
0.45459 2.63889 2.60505	0 4.75896 0.345535
0.454834 2.54526 2.61254	0 4.85893 0.340247
0.455078 2.38706 2.61903	0 9.10115 0.33705
0.455322 2.80361 2.62404	0 6.34503 0.336097
0.455566 2.63417 2.6271	0 10.517 0.337459
0.455811 3.03984 2.62787	0 7.98977 0.341216
0.456055 2.42235 2.62615	0 6.41783 0.34731
0.456299 2.46775 2.6219	0 8.32199 0.355275
0.456543 3.03128 2.61537	0 10.7208 0.363991
0.456787 2.6941 2.60699	0 7.34926 0.371696
0.457031 2.3198 2.59743	0 5.9061 0.376332
0.457275 2.6835 2.58752	0 7.43496 0.376205
0.45752 2.3816 2.57818	0 7.00993 0.370741
0.457764 2.61037 2.57034	0 8.15751 0.361007
0.458008 2.75775 2.56484	0 6.44939 0.349697
0.458252 2.44404 2.56231	0 6.8259 0.340397
0.458496 2.57764 2.56308	0 6.98778 0.336302
0.45874 2.05039 2.56713	0 3.64537 0.338855
0.458984 2.63334 2.574	0 6.11316 0.346948
0.459229 2.50257 2.58289	0 6.30222 0.357212
0.459473 2.5549 2.59271	0 5.86578 0.365395
0.459717 2.57029 2.60227	0 8.20625 0.368274
0.459961 3.03534 2.61044	0 10.1682 0.365172
0.460205 2.69063 2.61638	0 5.70778 0.358278
0.460449 2.78581 2.61965	0 6.93523 0.351635
0.460693 2.54191 2.62033	0 5.44268 0.349336
0.460938 2.60741 2.61896	0 6.73302 0.35389
0.461182 2.84578 2.61644	0 8.39867 0.365511
0.461426 2.4635 2.61385	0 6.26227 0.382508
0.46167 2.54958 2.61224	0 6.33363 0.402331
0.461914 2.42166 2.6124	0 5.39198 0.422626
0.462158 2.54271 2.6147	0 5.56746 0.441786
0.462402 2.3772 2.61904	0 4.28962 0.458902
0.462646 2.65498 2.62483	0 7.54946 0.473385
0.462891 2.52377 2.63118	0 6.41098 0.484619
0.463135 2.85745 2.637	0 8.49741 0.491909
0.463379 2.9072 2.64129	0 8.52992 0.494775
0.463623 2.68701 2.64323	0 8.3127 0.49337
0.463867 2.71281 2.64238	0 6.34077 0.48876
0.464111 2.79535 2.63864	0 6.08597 0.482844
0.464355 2.48728 2.63222	0 6.39003 0.477895
0.4646 2.89049 2.62351	0 8.97117 0.475923
0.464844 2.37265 2.61291	0 4.8597 0.47811
0.465088 2.53008 2.60079	0 6.13928 0.48455
0.465332 2.08393 2.58737	0 5.98123 0.494326
0.465576 2.86936 2.57284	0 9.49682 0.505816
0.46582 2.97842 2.55738	0 10.2935 0.517084
0.466064 2.52958 2.54134	0 7.47746 0.526208
0.466309 2.72786 2.52529	0 8.60916 0.531532
0.466553 2.39417 2.51008	0 6.39021 0.531847
0.466797 2.64644 2.49671	0 8.06125 0.526529
0.467041 2.16649 2.48621	0 4.68249 0.515596
0.467285 2.22649 2.47944	0 5.33298 0.49965
0.467529 2.27909 2.47692	0 5.98697 0.479682
0.467773 2.24346 2.47871	0 6.98731 0.45682
0.468018 2.45339 2.48437	0 6.13887 0.432135
0.468262 2.67701 2.49307	0 8.05933 0.40659
0.468506 2.59605 2.50371	0 6.1718 0.381148
0.46875 2.56079 2.51511	0 6.06022 0.356904
0.468994 2.70204 2.52616	0 7.16544 0.335137
0.469238 2.55934 2.536	0 4.9354 0.317196
0.469482 2.05936 2.54405	0 4.42243 0.304274
0.469727 3.06251 2.55007	0 8.33003 0.29717
0.469971 2.24945 2.55413	0 3.70368 0.296128
0.470215 3.03793 2.55656	0 8.60851 0.300746
0.470459 2.80454 2.5579	0 7.61416 0.309953
0.470703 1.89966 2.55877	0 2.9939 0.322072
0.470947 2.50855 2.55984	0 5.30004 0.335061
0.471191 2.79627 2.5617	0 5.72876 0.346946
0.471436 2.74675 2.56476	0 6.42238 0.35635
0.47168 2.29571 2.56924	0 3.28082 0.362831
0.471924 2.34378 2.57511	0 5.96657 0.366811
0.472168 2.64171 2.58212	0 6.9419 0.369071
0.472412 2.57531 2.58988	0 6.58154 0.370116
0.472656 2.69507 2.59798	0 5.67677 0.369842
0.4729 2.38955 2.60606	0 4.74976 0.367769
0.473145 3.00244 2.61394	0 13.2794 0.363718
0.473389 2.87669 2.6216	0 7.25728 0.35851
0.473633 2.5628 2.6292	0 7.20145 0.354141
0.473877 2.36237 2.6369	0 5.18457 0.353246
0.474121 2.68742 2.64475	0 7.49784 0.358015
0.474365 2.52747 2.65254	0 5.08177 0.369096
0.474609 2.35565 2.65969	0 4.42081 0.385041
0.474854 2.6265 2.66527	0 7.59916 0.402593
0.475098 2.81585 2.66814	0 8.34238 0.417712
0.475342 3.1168 2.66714	0 11.0719 0.426915
0.475586 2.622 2.66139	0 4.9696 0.428356
0.47583 2.50977 2.65052	0 5.0725 0.422237
0.476074 3.64456 2.63487	0 12.0121 0.410488
0.476318 2.47374 2.61549	0 4.2699 0.395948
0.476562 2.54558 2.59409	0 6.86266 0.381481
0.476807 2.45304 2.57275	0 5.26721 0.369333
0.477051 2.02097 2.55363	0 3.94999 0.360845
0.477295 2.81956 2.53863	0 11.0786 0.356449
0.477539 2.07152 2.52907	0 4.10081 0.355787
0.477783 2.26525 2.5256	0 4.16579 0.357896
0.478027 2.31496 2.52804	0 3.9487 0.361473
0.478271 2.82703 2.53555	0 7.33561 0.36524
0.478516 2.59037 2.54676	0 6.44086 0.368345
0.47876 2.32726 2.56002	0 5.11043 0.37064
0.479004 2.69149 2.57358	0 5.69357 0.372657
0.479248 2.92229 2.58586	0 7.04652 0.375247
0.479492 2.67655 2.59554	0 4.68066 0.379043
0.479736 2.34278 2.6017	0 6.93425 0.383989
0.47998 2.57397 2.60383	0 6.25014 0.389198
0.480225 2.935 2.60186	0 7.7123 0.393167
0.480469 2.95319 2.59614	0 7.28673 0.394235
0.480713 2.53034 2.58733	0 6.50921 0.39109
0.480957 2.26542 2.5764	0 6.04054 0.383175
0.481201 2.78399 2.5645	0 10.5358 0.370916
0.481445 2.34204 2.55286	0 4.45408 0.355753
0.481689 2.58394 2.54268	0 7.08676 0.339936
0.481934 2.65589 2.53502	0 5.39297 0.326059
0.482178 2.35954 2.53066	0 4.31703 0.316376
0.482422 2.2119 2.53004	0 4.32263 0.312127
0.482666 2.57642 2.53321	0 6.53877 0.313151
0.48291 2.66416 2.5398	0 9.95751 0.318009
0.483154 2.31795 2.54907	0 4.60804 0.324612
0.483398 2.08725 2.56004	0 4.28629 0.331118
0.483643 2.81493 2.57162	0 6.89221 0.33671
0.483887 2.85725 2.58279	0 7.95775 0.341933
0.484131 3.22598 2.59273	0 8.5732 0.348447
0.484375 2.38344 2.60089	0 5.2809 0.358294
0.484619 2.37312 2.60707	0 4.47845 0.372979
0.484863 2.72763 2.61134	0 8.20374 0.392693
0.485107 2.31163 2.61397	0 4.26994 0.415987
0.485352 2.91134 2.61532	0 9.68567 0.440017
0.485596 2.51728 2.61575	0 7.47036 0.461263
0.48584 2.66294 2.61557	0 5.77691 0.476493
0.486084 2.64954 2.61496	0 5.7538 0.483625
0.486328 2.5454 2.61403	0 6.38182 0.48218
0.486572 2.71512 2.61282	0 5.31899 0.473211
0.486816 2.52487 2.61134	0 6.65013 0.458769
0.487061 2.74487 2.60966	0 9.20036 0.441191
0.487305 2.20202 2.60789	0 4.26995 0.422561
0.487549 2.72344 2.60622	0 6.87037 0.404506
0.487793 3.11469 2.60491	0 14.7672 0.388309
0.488037 2.73507 2.60424	0 9.53118 0.375084
0.488281 2.09641 2.60443	0 5.31734 0.365777
0.488525 2.51198 2.6056	0 4.95629 0.360964
0.48877 2.57092 2.60771	0 5.90866 0.360586
0.489014 2.2528 2.61058	0 3.82847 0.363849
0.489258 2.88431 2.61393	0 7.93525 0.3694
0.489502 2.86239 2.61747	0 6.63989 0.375728
0.489746 2.727 2.621	0 6.50976 0.381619
0.48999 2.71827 2.62443	0 5.16624 0.386491
0.490234 2.59664 2.62784	0 6.52221 0.390497
0.490479 2.52612 2.63143	0 7.2277 0.394373
0.490723 2.50613 2.63542	0 4.8391 0.399058
0.490967 2.35249 2.63994	0 3.78404 0.405204
0.491211 2.94953 2.64494	0 10.2822 0.412721
0.491455 2.55377 2.65016	0 8.26021 0.420532
0.491699 2.4758 2.65517	0 4.52069 0.426681
0.491943 2.92884 2.65938	0 7.06891 0.428859
0.492188 2.5888 2.66222	0 6.42701 0.425227
0.492432 2.65347 2.66318	0 7.4315 0.415257
0.492676 3.24146 2.66193	0 9.43511 0.400168
0.49292 2.51467 2.65835	0 4.9234 0.382648
0.493164 2.2333 2.65253	0 5.77587 0.365882
0.493408 2.90211 2.6447	0 7.28933 0.352302
0.493652 2.81202 2.63522	0 7.51829 0.342685
0.493896 2.49712 2.62454	0 4.67704 0.336047
0.494141 2.33598 2.61312	0 4.36818 0.330372
0.494385 2.80125 2.6015	0 8.92861 0.32371
0.494629 2.8135 2.5903	0 6.31006 0.315098
0.494873 2.46635 2.5802	0 5.247 0.304891
0.495117 2.51587 2.57197	0 6.38302 0.294492
0.495361 2.61763 2.56639	0 6.06498 0.28575
0.495605 2.48071 2.56419	0 6.09243 0.280354
0.49585 2.51318 2.56586	0 6.1541 0.279457
0.496094 2.0845 2.57153	0 3.61192 0.283524
0.496338 2.55343 2.58076	0 4.60437 0.29235
0.496582 2.89216 2.59237	0 8.26274 0.305145
0.496826 2.60801 2.60434	0 8.03294 0.320635
0.49707 2.15677 2.61371	0 7.00572 0.337178
0.497314 2.56209 2.61664	0 5.10255 0.352892
0.497559 2.8443 2.60856	0 7.23801 0.3658
0.497803 3.20425 2.58447	0 9.82813 0.374022
0.498047 2.59276 2.53935	0 4.35746 0.376011
0.498291 2.9512 2.46875	0 12.4932 0.370785
0.498535 3.09339 2.36941	0 5.39753 0.358056
0.498779 2.54975 2.23985	0 6.1957 0.338172
0.499023 3.00042 2.08088	0 10.4312 0.311912
0.499268 2.36758 1.89584	0 5.67717 0.280285
0.499512 2.93911 1.69048	0 6.64197 0.244471
0.499756 2.40402 1.25081	0 11.4128 0.166532
