0 0 2.15555	0 0 0.574269
0.000244141 3.65713 2.58472	0 15.6406 0.757969
0.000488281 4.41751 3.035	0 18.0668 0.958152
0.000732422 5.09471 3.49804	0 25.1172 1.16811
0.000976562 3.95363 3.96705	0 16.6771 1.38446
0.0012207 4.43835 4.43737	0 20.5592 1.60919
0.00146484 4.56828 4.90648	0 15.4362 1.85019
0.00170898 5.32562 5.37352	0 30.0044 2.12031
0.00195312 5.57525 5.83848	0 30.164 2.43521
0.00219727 5.51744 6.30136	0 20.3566 2.81053
0.00244141 6.46503 6.76151	0 53.2223 3.25874
0.00268555 6.93627 7.2173	0 39.3947 3.78576
0.00292969 9.2066 7.66628	0 73.4839 4.38773
0.00317383 7.28832 8.10551	0 50.5046 5.04862
0.00341797 8.85301 8.53216	0 79.6345 5.73987
0.00366211 11.5807 8.94404	0 99.3183 6.42343
0.00390625 8.37512 9.33994	0 85.6131 7.05872
0.00415039 9.47951 9.71972	0 78.3066 7.61294
0.00439453 10.5942 10.0841	0 87.4354 8.07189
0.00463867 9.82266 10.4345	0 135.47 8.44706
0.00488281 11.386 10.7721	0 114.907 8.77454
0.00512695 11.9914 11.098	0 151.854 9.10384
0.00537109 10.0122 11.4124	0 90.7436 9.47914
0.00561523 11.1733 11.7149	0 111.619 9.92016
0.00585938 14.4174 12.0038	0 198.506 10.4116
0.00610352 10.6452 12.2769	0 91.2202 10.9078
0.00634766 13.8233 12.5313	0 194.319 11.3524
0.0065918 13.2241 12.7636	0 140.777 11.7053
0.00683594 12.7989 12.9701	0 251.429 11.9641
0.00708008 13.3706 13.1474	0 132.869 12.1677
0.00732422 14.2509 13.292	0 237.774 12.3793
0.00756836 13.3189 13.4011	0 140.192 12.6546
0.0078125 14.52 13.4728	0 224.497 13.0102
0.00805664 14.769 13.5062	0 194.489 13.4062
0.00830078 13.399 13.5021	0 212.106 13.7544
0.00854492 13.1737 13.463	0 190.671 13.9462
0.00878906 15.0952 13.3929	0 297.479 13.8915
0.0090332 13.6895 13.2979	0 252.456 13.5516
0.00927734 14.3063 13.1851	0 206.166 12.9543
0.00952148 13.1276 13.0623	0 137.657 12.1866
0.00976562 11.2278 12.9374	0 123.559 11.3687
0.0100098 11.0781 12.8177	0 128.533 10.6206
0.0102539 13.6348 12.7093	0 166.224 10.0304
0.010498 11.5738 12.617	0 104.889 9.63593
0.0107422 13.005 12.5439	0 179.349 9.4233
0.0109863 12.7598 12.4918	0 160.429 9.34035
0.0112305 12.8024 12.4608	0 363.671 9.32097
0.0114746 11.2406 12.4497	0 130.612 9.31052
0.0117188 12.3936 12.456	0 210.494 9.28401
0.0119629 11.3926 12.476	0 87.2499 9.25118
0.012207 10.7501 12.5049	0 137.894 9.2488
0.0124512 13.247 12.5375	0 227.342 9.3253
0.0126953 14.8108 12.5688	0 206.751 9.5251
0.0129395 12.4057 12.5945	0 161.987 9.87767
0.0131836 13.2112 12.6119	0 169.633 10.392
0.0134277 13.365 12.6205	0 171.465 11.0542
0.0136719 11.6839 12.6216	0 126.768 11.8254
0.013916 13.9927 12.6184	0 152.65 12.6407
0.0141602 11.8282 12.6152	0 157.365 13.4109
0.0144043 12.3606 12.6169	0 175.513 14.0329
0.0146484 11.2263 12.6273	0 149.183 14.4092
0.0148926 13.2833 12.6493	0 162.223 14.4735
0.0151367 11.0198 12.6838	0 83.061 14.2133
0.0153809 13.4061 12.7299	0 291.095 13.6792
0.015625 12.494 12.785	0 125.771 12.9747
0.0158691 13.0142 12.8453	0 174.411 12.2309
0.0161133 13.7996 12.9063	0 141.984 11.5722
0.0163574 12.1618 12.9634	0 164.315 11.0878
0.0166016 12.8166 13.0129	0 142.605 10.8147
0.0168457 14.8036 13.0519	0 174.861 10.7365
0.0170898 13.5389 13.0794	0 127.685 10.7956
0.017334 11.299 13.0962	0 130.696 10.9137
0.0175781 14.019 13.1048	0 149.47 11.0145
0.0178223 15.0109 13.1098	0 182.02 11.0425
0.0180664 12.2761 13.117	0 153.514 10.972
0.0183105 12.5325 13.1327	0 170.028 10.8069
0.0185547 12.8382 13.163	0 173.614 10.5707
0.0187988 14.45 13.2127	0 216.751 10.295
0.019043 10.5431 13.2842	0 125.756 10.0099
0.0192871 11.3353 13.3773	0 126.213 9.74153
0.0195312 12.7829 13.4889	0 141.069 9.51458
0.0197754 14.3068 13.6135	0 179.012 9.35588
0.0200195 15.0026 13.7445	0 185.406 9.2931
0.0202637 13.9588 13.8755	0 161.279 9.34736
0.0205078 14.8512 14.0014	0 263.416 9.52399
0.020752 14.7243 14.1196	0 224.864 9.80833
0.0209961 15.8109 14.2303	0 236.784 10.1711
0.0212402 14.044 14.3364	0 206.537 10.5819
0.0214844 14.0529 14.4427	0 183.642 11.0241
0.0217285 13.5244 14.5544	0 161.018 11.5032
0.0219727 12.5716 14.6765	0 167.003 12.0449
0.0222168 15.5626 14.8125	0 236.419 12.6841
0.0224609 12.4628 14.9639	0 175.312 13.4513
0.0227051 17.3658 15.1305	0 362.927 14.361
0.0229492 15.6995 15.3103	0 183.008 15.4087
0.0231934 15.719 15.5002	0 259.662 16.5764
0.0234375 15.2776 15.6967	0 319.392 17.8438
0.0236816 15.2937 15.8958	0 212.293 19.2001
0.0239258 16.1745 16.0934	0 216.601 20.6474
0.0241699 17.5464 16.2854	0 296.41 22.1926
0.0244141 14.2845 16.4681	0 227.358 23.8287
0.0246582 17.6545 16.6381	0 212.297 25.5155
0.0249023 15.3759 16.7931	0 356.288 27.1692
0.0251465 20.1263 16.9324	0 358.321 28.6716
0.0253906 18.3059 17.0573	0 401.114 29.8949
0.0256348 17.0001 17.1709	0 330.578 30.7336
0.0258789 19.6237 17.2783	0 409.198 31.1311
0.026123 14.0427 17.3855	0 206.459 31.0897
0.0263672 16.51 17.4987	0 321.415 30.6645
0.0266113 16.7269 17.6234	0 270.653 29.9447
0.0268555 16.7264 17.7637	0 538.198 29.0307
0.0270996 19.1494 17.922	0 371.307 28.0144
0.0273438 19.1047 18.0992	0 363.213 26.9691
0.0275879 17.3325 18.2956	0 284.872 25.9528
0.027832 17.3917 18.5109	0 368.295 25.0225
0.0280762 20.0493 18.7457	0 483.303 24.2514
0.0283203 17.095 19.0014	0 285.922 23.7373
0.0285645 21.5719 19.2809	0 562.811 23.5956
0.0288086 18.3117 19.5881	0 313.039 23.9364
0.0290527 16.7719 19.9275	0 255.423 24.8361
0.0292969 24.2502 20.3036	0 476.861 26.3145
0.029541 19.0789 20.7198	0 376.717 28.3221
0.0297852 18.2811 21.1772	0 334.375 30.7396
0.0300293 19.3353 21.6746	0 402.319 33.3867
0.0302734 24.1044 22.2072	0 584.315 36.0418
0.0305176 21.5076 22.7676	0 480.835 38.4718
0.0307617 22.2861 23.3462	0 516.02 40.4713
0.0310059 24.7105 23.9321	0 558.757 41.9032
0.03125 24.096 24.5153	0 605.608 42.7348
0.0314941 29.2932 25.0878	0 1036.1 43.0559
0.0317383 23.7052 25.645	0 445.044 43.0746
0.0319824 29.151 26.187	0 739.79 43.0864
0.0322266 24.0296 26.7186	0 599.724 43.4207
0.0324707 31.2366 27.2488	0 733.622 44.3705
0.0327148 26.4116 27.7906	0 635.655 46.1189
0.032959 26.1007 28.3591	0 900.102 48.6785
0.0332031 27.7193 28.9703	0 694.953 51.869
0.0334473 28.0297 29.6397	0 1004.22 55.3497
0.0336914 29.5758 30.3809	0 791.085 58.7173
0.0339355 28.9596 31.2043	0 1033.23 61.6427
0.0341797 36.4279 32.1162	0 1486.1 64.0012
0.0344238 27.933 33.1175	0 704.408 65.9343
0.034668 32.4267 34.2043	0 797.87 67.8123
0.0349121 30.619 35.3673	0 915.675 70.1068
0.0351562 32.9339 36.5945	0 963.134 73.2311
0.0354004 45.4572 37.8725	0 1867 77.4165
0.0356445 36.1641 39.1908	0 1197.69 82.6725
0.0358887 39.1513 40.5448	0 1436.87 88.8396
0.0361328 44.5647 41.9397	0 1788.39 95.7069
0.036377 51.8062 43.3915	0 2818.94 103.149
0.0366211 44.0012 44.9277	0 2035.76 111.228
0.0368652 38.8248 46.5849	0 1117.86 120.233
0.0371094 45.3602 48.4039	0 2201.01 130.624
0.0373535 50.5174 50.425	0 2133.98 142.905
0.0375977 43.5727 52.6811	0 1624.96 157.452
0.0378418 47.4689 55.1941	0 2481.07 174.337
0.0380859 54.3523 57.9722	0 3149.73 193.24
0.0383301 50.232 61.0108	0 2644.64 213.484
0.0385742 64.601 64.2961	0 4435.9 234.213
0.0388184 69.0929 67.8106	0 4556.67 254.657
0.0390625 65.2232 71.5398	0 4661.73 274.369
0.0393066 93.4315 75.4769	0 9002.38 293.302
0.0395508 77.7524 79.6267	0 3770.78 311.748
0.0397949 75.4452 84.0053	0 5595.03 330.249
0.0400391 76.4436 88.6384	0 5440.15 349.721
0.0402832 92.6324 93.5573	0 7095.57 371.862
0.0405273 91.7841 98.795	0 11267.4 399.695
0.0407715 98.015 104.384	0 21004.7 437.85
0.0410156 100.992 110.357	0 11361.8 492.268
0.0412598 119.628 116.745	0 11505.7 569.386
0.0415039 105.863 123.588	0 8496.75 675.253
0.041748 149.778 130.926	0 23005.6 815.061
0.0419922 126.267 138.812	0 18160.2 993.109
0.0422363 133.598 147.296	0 19783.6 1212.61
0.0424805 146.388 156.425	0 21891.7 1474.58
0.0427246 175.752 166.227	0 27076 1775.76
0.0429688 147.711 176.697	0 24436.8 2106.47
0.0432129 147.908 187.785	0 20062.7 2450.27
0.043457 194.145 199.385	0 30222.7 2786.73
0.0437012 221.9 211.331	0 67565 3097.07
0.0439453 215.127 223.403	0 36717.6 3370.21
0.0441895 232.634 235.331	0 59454.1 3606.11
0.0444336 244.757 246.819	0 60337.1 3813.87
0.0446777 305.93 257.559	0 66631.1 4004.96
0.0449219 288.919 267.254	0 59159.5 4184.63
0.045166 302.61 275.64	0 88445.7 4346.06
0.0454102 268.092 282.5	0 69723.3 4470.72
0.0456543 353.368 287.677	0 87475.8 4535.47
0.0458984 297.422 291.075	0 70427.5 4523.68
0.0461426 338.065 292.657	0 147272 4435.12
0.0463867 341.799 292.436	0 110109 4289.31
0.0466309 335.154 290.462	0 124629 4119.72
0.046875 253.042 286.808	0 43841.9 3960.4
0.0471191 238.36 281.559	0 62752.7 3831.26
0.0473633 298.59 274.81	0 77358.8 3729.27
0.0476074 332.763 266.67	0 157277 3630.67
0.0478516 281.577 257.266	0 73250.7 3502.8
0.0480957 309.581 246.76	0 99786.3 3319.72
0.0483398 222.874 235.35	0 51281.9 3073.53
0.048584 197.645 223.274	0 52944.4 2776.96
0.0488281 222.751 210.797	0 64526.8 2457.16
0.0490723 211.111 198.198	0 31744.4 2145.4
0.0493164 164.77 185.747	0 22026.4 1867.36
0.0495605 143.533 173.681	0 18713.9 1637.65
0.0498047 149.877 162.188	0 20762.9 1458.96
0.0500488 146.157 151.397	0 23128.9 1324.57
0.050293 108.706 141.373	0 12581.4 1222.3
0.0505371 113.417 132.124	0 16101.9 1138.48
0.0507812 134.513 123.616	0 13762.6 1061.33
0.0510254 114.961 115.788	0 20324.5 983.027
0.0512695 111.233 108.565	0 11252.6 900.544
0.0515137 93.959 101.876	0 8103.15 814.902
0.0517578 80.3112 95.6583	0 5365.93 729.408
0.052002 96.0348 89.8667	0 9726.65 647.604
0.0522461 68.3593 84.4703	0 5393.14 571.83
0.0524902 84.9674 79.4503	0 9933.6 502.847
0.0527344 67.0699 74.7961	0 4350.66 440.382
0.0529785 67.9852 70.4991	0 4305.22 384
0.0532227 64.8231 66.5488	0 3007.61 333.722
0.0534668 51.2998 62.9289	0 2789.56 290.1
0.0537109 54.7998 59.6163	0 2669.49 253.85
0.0539551 46.9009 56.5811	0 1850.98 225.326
0.0541992 49.7714 53.7886	0 3033.08 204.124
0.0544434 63.8729 51.203	0 4142.09 189.01
0.0546875 46.1183 48.7906	0 2364.17 178.134
0.0549316 46.9659 46.5236	0 2183.42 169.457
0.0551758 43.304 44.3819	0 1545.17 161.183
0.0554199 36.0668 42.3544	0 1432.82 152.074
0.0556641 42.5973 40.438	0 2484.8 141.559
0.0559082 37.3866 38.6355	0 1553.02 129.661
0.0561523 32.253 36.9536	0 980.035 116.811
0.0563965 33.33 35.3992	0 1001.87 103.658
0.0566406 35.7433 33.9777	0 1557.93 90.9029
0.0568848 31.6851 32.6906	0 1071.23 79.1892
0.0571289 24.0756 31.5346	0 507.568 69.0174
0.057373 28.1561 30.501	0 764.856 60.6846
0.0576172 29.8354 29.5766	0 970.533 54.2546
0.0578613 26.9172 28.7446	0 683.532 49.5705
0.0581055 29.454 27.9864	0 890.167 46.313
0.0583496 28.0622 27.2837	0 797.933 44.0882
0.0585938 24.1383 26.6203	0 539.092 42.5173
0.0588379 28.4634 25.984	0 994.393 41.3029
0.059082 26.0986 25.3671	0 652.71 40.2549
0.0593262 24.9271 24.7671	0 702.831 39.2779
0.0595703 23.966 24.1858	0 431.164 38.3336
0.0598145 21.5515 23.6281	0 410.599 37.403
0.0600586 25.1887 23.1004	0 545.428 36.468
0.0603027 19.176 22.6088	0 367.249 35.5152
0.0605469 21.3208 22.1573	0 331.386 34.5526
0.060791 21.5357 21.7472	0 488.687 33.6161
0.0610352 19.5904 21.3764	0 315.964 32.7573
0.0612793 19.025 21.0396	0 334.462 32.0153
0.0615234 21.7406 20.7296	0 393.323 31.3928
0.0617676 21.9572 20.4379	0 383.121 30.8509
0.0620117 22.4781 20.1565	0 649.096 30.3291
0.0622559 18.8728 19.8785	0 526.906 29.7769
0.0625 19.0646 19.5991	0 401.164 29.1778
0.0627441 17.5517 19.3158	0 324.918 28.5531
0.0629883 20.9782 19.0288	0 433.557 27.9449
0.0632324 18.7845 18.7405	0 267.958 27.3916
0.0634766 18.3094 18.4551	0 403.918 26.9096
0.0637207 17.8905 18.1787	0 333.833 26.4881
0.0639648 18.7036 17.9182	0 374.111 26.0951
0.064209 18.7837 17.6805	0 339.939 25.69
0.0644531 14.6498 17.4722	0 205.45 25.236
0.0646973 16.1997 17.298	0 247.68 24.7132
0.0649414 15.2036 17.1606	0 197.72 24.126
0.0651855 16.4197 17.0596	0 286.49 23.5054
0.0654297 18.2425 16.992	0 338.798 22.9004
0.0656738 16.2489 16.9519	0 224.1 22.3619
0.065918 16.099 16.932	0 275.866 21.9259
0.0661621 17.0976 16.9237	0 380.274 21.6057
0.0664062 18.4099 16.9193	0 374.571 21.3971
0.0666504 14.7141 16.9122	0 317.326 21.2937
0.0668945 17.9159 16.8977	0 310.605 21.2992
0.0671387 20.3803 16.8738	0 372.322 21.4275
0.0673828 18.1446 16.8402	0 237.722 21.6856
0.067627 14.6216 16.7982	0 297.234 22.0502
0.0678711 15.1269 16.7498	0 196.205 22.4526
0.0681152 15.2957 16.6966	0 224.68 22.7849
0.0683594 17.4017 16.6395	0 280.239 22.9309
0.0686035 16.3969 16.5786	0 230.389 22.8081
0.0688477 17.0296 16.5133	0 529.732 22.4009
0.0690918 19.3415 16.4432	0 335.793 21.7666
0.0693359 15.6088 16.3681	0 181.17 21.0106
0.0695801 15.5149 16.2891	0 205.13 20.2423
0.0698242 16.4292 16.2086	0 346.313 19.5356
0.0700684 16.1599 16.1299	0 305.011 18.9117
0.0703125 16.4933 16.0569	0 250.161 18.3489
0.0705566 14.7965 15.9939	0 178.547 17.811
0.0708008 14.4026 15.9447	0 251.122 17.2751
0.0710449 16.7655 15.9126	0 243.723 16.7464
0.0712891 15.3412 15.9	0 226.293 16.2557
0.0715332 16.6514 15.9083	0 332.354 15.8444
0.0717773 16.4196 15.9384	0 291.934 15.5447
0.0720215 13.3747 15.9899	0 136.691 15.3658
0.0722656 16.9037 16.0619	0 295.384 15.2907
0.0725098 15.2153 16.1527	0 350.927 15.2857
0.0727539 16.2129 16.2598	0 236.315 15.3171
0.072998 16.413 16.3808	0 285.817 15.3653
0.0732422 16.0956 16.5136	0 197.367 15.4318
0.0734863 15.265 16.6568	0 269.573 15.5347
0.0737305 19.6653 16.8106	0 288.166 15.7006
0.0739746 16.3364 16.9763	0 274.551 15.9571
0.0742188 17.659 17.1567	0 373.912 16.3277
0.0744629 18.964 17.3548	0 331.282 16.8265
0.074707 16.4519 17.5726	0 335.151 17.4467
0.0749512 13.7718 17.811	0 200.298 18.1469
0.0751953 16.0237 18.0682	0 220.151 18.8446
0.0754395 17.1561 18.3407	0 228.075 19.4287
0.0756836 19.0608 18.6232	0 428.319 19.7963
0.0759277 23.6607 18.9108	0 709.385 19.9026
0.0761719 19.2318 19.1996	0 512.707 19.8016
0.076416 23.8597 19.4885	0 519.235 19.6539
0.0766602 16.1681 19.7787	0 209.266 19.6921
0.0769043 19.1561 20.0738	0 375.711 20.1549
0.0771484 18.0356 20.3786	0 283.56 21.2144
0.0773926 21.3447 20.6971	0 450.008 22.9277
0.0776367 21.0849 21.0317	0 385.31 25.2243
0.0778809 20.6771 21.3817	0 415.794 27.9279
0.078125 19.2566 21.7442	0 492.208 30.7984
0.0783691 24.066 22.1138	0 585.247 33.577
0.0786133 22.029 22.4848	0 598.359 36.0274
0.0788574 24.3649 22.8527	0 833.919 37.9713
0.0791016 23.2321 23.2154	0 358.515 39.3208
0.0793457 26.2057 23.5743	0 651.007 40.1057
0.0795898 23.1274 23.9341	0 719.051 40.4866
0.079834 25.9476 24.3019	0 727.807 40.7437
0.0800781 23.0781 24.686	0 481.225 41.231
0.0803223 23.1348 25.0935	0 519.476 42.3008
0.0805664 24.1418 25.5294	0 605.564 44.2133
0.0808105 21.4211 25.9954	0 463.519 47.0589
0.0810547 25.9271 26.4905	0 717.13 50.7155
0.0812988 25.6441 27.0118	0 436.559 54.8579
0.081543 38.6269 27.5555	0 1361 59.0232
0.0817871 26.1414 28.1191	0 778.598 62.725
0.0820312 26.5579 28.7011	0 735.713 65.596
0.0822754 28.4598 29.3017	0 1318.42 67.5181
0.0825195 30.5343 29.9214	0 988.545 68.6864
0.0827637 25.892 30.5607	0 695.866 69.5665
0.0830078 30.8608 31.2188	0 762.524 70.744
0.083252 29.3103 31.8936	0 795.677 72.7277
0.0834961 36.5787 32.5821	0 1495.62 75.7983
0.0837402 32.4768 33.2819	0 1016.3 79.9786
0.0839844 37.9188 33.9917	0 848.289 85.1318
0.0842285 36.7078 34.7124	0 1182.4 91.1235
0.0844727 31.51 35.4465	0 1208.31 97.9479
0.0847168 39.2578 36.1976	0 1326 105.746
0.0849609 32.5925 36.9686	0 1040.03 114.709
0.0852051 32.4612 37.7604	0 798.313 124.906
0.0854492 38.2931 38.5705	0 1692.89 136.132
0.0856934 41.4376 39.3931	0 1600.86 147.819
0.0859375 42.2172 40.2193	0 1889.37 159.073
0.0861816 42.6484 41.0386	0 1701.24 168.827
0.0864258 46.0306 41.8404	0 3591.24 176.093
0.0866699 37.7297 42.6149	0 1225.63 180.242
0.0869141 40.4077 43.3544	0 2006.83 181.209
0.0871582 48.2625 44.0534	0 1862.81 179.543
0.0874023 47.0863 44.7086	0 2792.14 176.247
0.0876465 50.6459 45.3185	0 3018.38 172.475
0.0878906 38.1916 45.8829	0 1070.35 169.203
0.0881348 48.3207 46.4028	0 2739.66 167.005
0.0883789 49.6353 46.8802	0 2121.29 166.03
0.088623 42.1918 47.3183	0 1811.36 166.142
0.0888672 52.4076 47.7212	0 3120.83 167.13
0.0891113 51.809 48.0933	0 3597.69 168.864
0.0893555 48.7039 48.4387	0 2096.23 171.311
0.0895996 51.2931 48.7595	0 2646.01 174.423
0.0898438 43.4154 49.0544	0 2243.51 177.97
0.0900879 48.5004 49.3172	0 2962.68 181.442
0.090332 44.3062 49.5372	0 2125.16 184.109
0.0905762 44.9472 49.6991	0 2150.12 185.255
0.0908203 66.4824 49.7855	0 5915.01 184.467
0.0910645 51.1859 49.779	0 3288.49 181.843
0.0913086 52.9648 49.6649	0 2506.95 177.975
0.0915527 45.5821 49.4331	0 1490.84 173.736
0.0917969 57.7747 49.0796	0 2672.15 169.957
0.092041 45.0431 48.606	0 1878.73 167.165
0.0922852 49.3709 48.0199	0 2439.04 165.454
0.0925293 46.7948 47.3336	0 2304.19 164.502
0.0927734 43.2266 46.563	0 2318.09 163.687
0.0930176 54.135 45.7273	0 2437.5 162.257
0.0932617 48.4698 44.8477	0 2468.49 159.518
0.0935059 44.4714 43.9459	0 2161.4 155.018
0.09375 39.8084 43.042	0 1840.68 148.678
0.0939941 41.319 42.1527	0 1426.26 140.823
0.0942383 33.6494 41.2885	0 736.437 132.093
0.0944824 41.3442 40.4526	0 1934.62 123.253
0.0947266 36.2813 39.6405	0 1302.79 114.975
0.0949707 41.9794 38.8412	0 1459 107.683
0.0952148 33.7712 38.0402	0 941.549 101.504
0.095459 41.8028 37.2226	0 2358.65 96.3351
0.0957031 46.3425 36.3764	0 1445.43 91.9638
0.0959473 39.6122 35.4952	0 1849.49 88.1759
0.0961914 26.2399 34.5792	0 1154.05 84.7986
0.0964355 30.9174 33.6352	0 1021.21 81.6753
0.0966797 34.148 32.6749	0 1159.57 78.6128
0.0969238 32.4918 31.7129	0 1037.86 75.3577
0.097168 29.498 30.7651	0 1032.12 71.6386
0.0974121 31.9324 29.8462	0 1095.87 67.2682
0.0976562 27.8358 28.9684	0 969.363 62.2515
0.0979004 28.434 28.1404	0 1054.1 56.84
0.0981445 22.2784 27.3669	0 626.921 51.4911
0.0983887 25.2296 26.6481	0 510.164 46.7409
0.0986328 25.2951 25.9805	0 902.506 43.042
0.098877 24.3665 25.3572	0 632.752 40.6296
0.0991211 23.5577 24.7694	0 474.984 39.4658
0.0993652 29.92 24.2078	0 955.228 39.2735
0.0996094 24.255 23.6639	0 633.682 39.6357
0.0998535 20.3363 23.1318	0 460.464 40.1165
0.100098 18.6481 22.6084	0 418.642 40.3611
0.100342 27.8073 22.0941	0 803.474 40.1486
0.100586 20.9774 21.5922	0 460.295 39.3966
0.10083 20.4592 21.1083	0 346.405 38.1309
0.101074 19.4057 20.6486	0 345.292 36.4459
0.101318 21.9199 20.2188	0 1038.79 34.471
0.101562 15.1976 19.8226	0 251.153 32.3518
0.101807 19.5481 19.4606	0 364.977 30.2399
0.102051 19.426 19.1302	0 368.494 28.2816
0.102295 15.6032 18.8255	0 273.995 26.5992
0.102539 18.7805 18.5385	0 349.353 25.2663
0.102783 19.0297 18.2604	0 462.44 24.2866
0.103027 21.2537 17.9828	0 431.393 23.5867
0.103271 18.7807 17.6994	0 342.186 23.0322
0.103516 18.0107 17.4062	0 449.628 22.4623
0.10376 16.7866 17.1024	0 241.991 21.7351
0.104004 13.9447 16.7891	0 177.06 20.7663
0.104248 16.4577 16.4696	0 232.614 19.5498
0.104492 17.5425 16.1478	0 283.029 18.1542
0.104736 14.7652 15.8284	0 243.486 16.6989
0.10498 16.6028 15.5157	0 221.421 15.3177
0.105225 14.9274 15.2145	0 206.156 14.1233
0.105469 14.3719 14.9292	0 197.843 13.1822
0.105713 15.5955 14.6642	0 213.81 12.5057
0.105957 13.734 14.4232	0 202.923 12.0586
0.106201 12.9648 14.2093	0 149.852 11.7774
0.106445 12.8607 14.0239	0 187.973 11.5908
0.106689 13.4575 13.8664	0 117.483 11.4341
0.106934 12.4514 13.7341	0 171.136 11.2574
0.107178 15.3905 13.6222	0 227.026 11.0289
0.107422 10.6033 13.5245	0 103.822 10.7376
0.107666 14.6593 13.4347	0 177.811 10.395
0.10791 13.4039 13.3468	0 191.248 10.0335
0.108154 15.7725 13.2567	0 224.085 9.7001
0.108398 14.1404 13.1625	0 228.557 9.44534
0.108643 11.5961 13.0648	0 148.517 9.31059
0.108887 14.6998 12.9659	0 228.809 9.31774
0.109131 10.5249 12.8689	0 124.588 9.46452
0.109375 12.3148 12.7771	0 144.885 9.72629
0.109619 12.2846 12.692	0 238.771 10.0624
0.109863 12.4388 12.6137	0 184.5 10.4238
0.110107 11.585 12.54	0 149.422 10.7574
0.110352 11.9756 12.4672	0 142.042 11.0095
0.110596 14.6291 12.391	0 232.961 11.128
0.11084 12.0745 12.3076	0 147.961 11.0708
0.111084 13.9309 12.2147	0 245.365 10.8173
0.111328 12.2065 12.1121	0 171.899 10.3807
0.111572 12.1921 12.0022	0 132.023 9.81241
0.111816 11.3983 11.8893	0 104.231 9.19273
0.112061 11.6749 11.7794	0 128.03 8.61041
0.112305 10.7847 11.6792	0 90.1427 8.13659
0.112549 11.2704 11.5947	0 122.861 7.80374
0.112793 11.2793 11.5313	0 86.7006 7.59805
0.113037 10.7832 11.4925	0 114.182 7.46919
0.113281 10.3936 11.48	0 109.569 7.35447
0.113525 11.6326 11.4936	0 183.334 7.20799
0.11377 12.5088 11.5313	0 183.841 7.02177
0.114014 9.60333 11.5894	0 73.4458 6.82888
0.114258 12.1923 11.6633	0 185.156 6.68729
0.114502 11.2974 11.7472	0 81.3277 6.65291
0.114746 11.6838 11.8349	0 150.493 6.75542
0.11499 12.4538 11.9204	0 147.326 6.98764
0.115234 12.3291 11.9982	0 94.0803 7.31106
0.115479 11.5762 12.0637	0 146.727 7.6722
0.115723 13.345 12.1142	0 183.565 8.02089
0.115967 13.3626 12.1484	0 141.186 8.32379
0.116211 12.9682 12.1673	0 153.791 8.56994
0.116455 10.5759 12.173	0 97.6334 8.76928
0.116699 13.4246 12.169	0 186.46 8.94589
0.116943 11.943 12.1589	0 108.374 9.12844
0.117188 10.7714 12.1464	0 173.73 9.34034
0.117432 11.945 12.1342	0 133.068 9.59233
0.117676 12.2689 12.1238	0 122.829 9.87966
0.11792 12.4873 12.1158	0 167.629 10.1843
0.118164 11.8095 12.1097	0 170.659 10.4803
0.118408 12.6525 12.1044	0 202.883 10.7401
0.118652 11.8558 12.0986	0 107.258 10.9391
0.118896 12.4753 12.0912	0 120.257 11.059
0.119141 11.7075 12.0816	0 125.906 11.0905
0.119385 11.9391 12.0701	0 132.956 11.0362
0.119629 12.8331 12.0574	0 164.991 10.9115
0.119873 11.795 12.0452	0 107.794 10.744
0.120117 12.8718 12.0354	0 136.921 10.5693
0.120361 10.7693 12.0297	0 172.42 10.4246
0.120605 12.4749 12.03	0 114.281 10.3398
0.12085 10.951 12.0374	0 101.244 10.3315
0.121094 11.9186 12.0526	0 132.708 10.3982
0.121338 12.3506 12.0759	0 114.41 10.5229
0.121582 10.4082 12.1076	0 79.4617 10.6784
0.121826 14.1171 12.1483	0 240.546 10.8378
0.12207 12.8047 12.1991	0 140.523 10.9833
0.122314 12.8797 12.2615	0 136.588 11.1118
0.122559 10.8003 12.3375	0 105.242 11.2349
0.122803 11.5048 12.4289	0 146.248 11.3747
0.123047 12.7421 12.5368	0 159.168 11.5578
0.123291 11.3914 12.6607	0 156.054 11.8094
0.123535 11.9541 12.7986	0 183.13 12.1489
0.123779 13.0103 12.9465	0 212.993 12.586
0.124023 15.2649 13.0987	0 242.788 13.116
0.124268 11.5448 13.2489	0 115.897 13.7155
0.124512 13.6213 13.3909	0 125.761 14.3402
0.124756 13.5736 13.5197	0 166.536 14.9278
0.125 14.5579 13.6326	0 303.204 15.4087
0.125244 15.5663 13.7297	0 185.289 15.7228
0.125488 14.5715 13.814	0 241.036 15.8408
0.125732 14.3352 13.891	0 205.044 15.7805
0.125977 14.622 13.9674	0 285.084 15.6125
0.126221 11.8733 14.0499	0 129.694 15.4458
0.126465 11.965 14.144	0 135.667 15.3969
0.126709 13.7263 14.2527	0 195.242 15.5503
0.126953 11.2658 14.3764	0 162.798 15.9272
0.127197 16.9823 14.5131	0 255.178 16.4787
0.127441 16.0473 14.6589	0 220.937 17.1074
0.127686 16.471 14.809	0 286.7 17.7099
0.12793 16.4123 14.9587	0 276.953 18.2191
0.128174 13.0189 15.1035	0 157.192 18.6282
0.128418 13.2591 15.2399	0 120.359 18.9854
0.128662 15.3247 15.365	0 285.923 19.3639
0.128906 16.7901 15.4763	0 199.274 19.8241
0.12915 14.3862 15.5718	0 159.887 20.3846
0.129395 19.7789 15.6497	0 313.477 21.0164
0.129639 14.653 15.7091	0 196.275 21.6585
0.129883 15.6559 15.7496	0 223.922 22.2449
0.130127 16.7931 15.7717	0 315.379 22.7287
0.130371 14.5529 15.7771	0 235.478 23.0899
0.130615 15.8079 15.768	0 201.976 23.3276
0.130859 15.9829 15.7479	0 338.741 23.4419
0.131104 17.1457 15.7206	0 185.523 23.4199
0.131348 16.1789 15.6906	0 376.127 23.2344
0.131592 12.3426 15.6628	0 172.61 22.8578
0.131836 17.948 15.642	0 366.904 22.2841
0.13208 16.3291 15.6329	0 232.576 21.5461
0.132324 14.7276 15.639	0 203.74 20.7178
0.132568 14.236 15.6628	0 226.372 19.8998
0.132812 14.6494 15.7047	0 142.609 19.1931
0.133057 15.9743 15.7633	0 248.098 18.6733
0.133301 13.6288 15.8347	0 136.924 18.3769
0.133545 17.7924 15.9138	0 263.703 18.3028
0.133789 17.2201 15.994	0 261.925 18.4261
0.134033 15.3151 16.0683	0 230.963 18.7138
0.134277 16.3838 16.13	0 212.321 19.1332
0.134521 17.746 16.173	0 216.489 19.6509
0.134766 15.8152 16.1924	0 266.785 20.2249
0.13501 14.9851 16.1847	0 213.941 20.798
0.135254 19.2166 16.1476	0 289.358 21.2996
0.135498 15.3463 16.0804	0 190.233 21.6555
0.135742 16.2384 15.9833	0 232.222 21.8028
0.135986 15.8803 15.8581	0 273.304 21.7032
0.13623 17.7093 15.707	0 250.078 21.3496
0.136475 15.3564 15.5338	0 201.324 20.765
0.136719 16.1464 15.3424	0 253.698 19.9937
0.136963 13.2212 15.1378	0 178.664 19.0895
0.137207 14.1826 14.9253	0 223.726 18.1052
0.137451 15.3554 14.7108	0 164.379 17.0866
0.137695 16.9466 14.5001	0 234.446 16.0725
0.137939 13.3871 14.2988	0 138.519 15.0968
0.138184 15.4925 14.112	0 241.239 14.192
0.138428 10.3178 13.9435	0 90.5708 13.3894
0.138672 12.8757 13.7953	0 133.605 12.7165
0.138916 11.7347 13.668	0 153.127 12.193
0.13916 15.3894 13.5598	0 243.615 11.827
0.139404 13.9445 13.4676	0 191.093 11.6127
0.139648 13.8092 13.3873	0 168.541 11.5296
0.139893 13.1837 13.314	0 127.389 11.5451
0.140137 11.247 13.243	0 130.841 11.6191
0.140381 14.957 13.1699	0 285.932 11.7106
0.140625 15.5662 13.0908	0 233.424 11.7827
0.140869 10.8277 13.0026	0 115.05 11.805
0.141113 10.8399 12.9027	0 98.5906 11.753
0.141357 14.5086 12.7893	0 212.806 11.6083
0.141602 12.932 12.6616	0 120.176 11.3606
0.141846 13.5121 12.5202	0 205.685 11.0136
0.14209 13.8768 12.3672	0 168.71 10.5895
0.142334 11.5262 12.206	0 141.712 10.129
0.142578 13.0891 12.0419	0 121.704 9.68416
0.142822 10.5805 11.8805	0 94.201 9.30721
0.143066 11.3271 11.7278	0 114.928 9.04019
0.143311 9.89793 11.589	0 106.778 8.90918
0.143555 12.0507 11.4677	0 186.92 8.92319
0.143799 10.6727 11.3657	0 82.579 9.0752
0.144043 10.791 11.2823	0 68.8547 9.34257
0.144287 11.6267 11.2152	0 140.395 9.68671
0.144531 10.919 11.1602	0 145.025 10.054
0.144775 10.4187 11.1126	0 128.538 10.3812
0.14502 10.62 11.0675	0 145.36 10.6054
0.145264 12.8635 11.0205	0 160.597 10.6793
0.145508 11.4219 10.9684	0 128.203 10.5858
0.145752 10.5841 10.9091	0 97.7284 10.3466
0.145996 12.3338 10.8418	0 179.967 10.0205
0.14624 9.54049 10.7668	0 81.9799 9.6865
0.146484 10.038 10.6849	0 73.7844 9.41814
0.146729 10.3513 10.5971	0 123.776 9.2573
0.146973 11.1439 10.5047	0 125.591 9.19959
0.147217 10.1336 10.4086	0 117.888 9.19804
0.147461 11.3895 10.31	0 157.266 9.18324
0.147705 10.191 10.2103	0 89.5125 9.09059
0.147949 9.91996 10.111	0 111.35 8.88302
0.148193 9.54743 10.0142	0 68.4584 8.56077
0.148438 9.51071 9.92229	0 123.693 8.15716
0.148682 10.9887 9.83753	0 140.958 7.72476
0.148926 9.28957 9.76205	0 81.7468 7.31837
0.14917 8.93519 9.6973	0 50.0548 6.9805
0.149414 9.59791 9.64375	0 79.1607 6.73189
0.149658 8.50475 9.6008	0 102.273 6.56836
0.149902 9.27157 9.56683	0 81.5384 6.46412
0.150146 9.40178 9.53954	0 80.43 6.3806
0.150391 10.1731 9.51629	0 113.925 6.2785
0.150635 10.4935 9.49465	0 134.37 6.12914
0.150879 10.2894 9.47273	0 98.4917 5.92105
0.151123 8.61802 9.44947	0 71.3191 5.6598
0.151367 9.64635 9.42472	0 100.941 5.36292
0.151611 8.12666 9.39916	0 65.121 5.05358
0.151855 8.40296 9.37409	0 64.2891 4.75682
0.1521 10.8457 9.35111	0 130.302 4.49884
0.152344 11.0574 9.33188	0 99.1598 4.30674
0.152588 8.61542 9.3177	0 71.6889 4.20561
0.152832 8.52542 9.30924	0 56.9066 4.21224
0.153076 7.90507 9.30625	0 54.4524 4.32836
0.15332 8.87985 9.30744	0 96.7411 4.538
0.153564 9.3001 9.31047	0 66.5595 4.81107
0.153809 10.7156 9.31219	0 135.978 5.11162
0.154053 9.43726 9.30899	0 118.576 5.40635
0.154297 9.27285 9.29737	0 112.707 5.66927
0.154541 9.6144 9.27448	0 81.4078 5.88192
0.154785 8.46313 9.23858	0 67.5383 6.03137
0.155029 11.4252 9.18935	0 153.5 6.10928
0.155273 8.17329 9.12802	0 61.1071 6.11295
0.155518 10.1107 9.0571	0 104.051 6.04692
0.155762 9.11144 8.98009	0 74.7545 5.92295
0.156006 8.33602 8.9009	0 65.1079 5.75778
0.15625 7.81578 8.82333	0 64.9683 5.57003
0.156494 8.69532 8.75059	0 81.5091 5.37818
0.156738 8.98609 8.68495	0 74.0878 5.19999
0.156982 8.00692 8.6277	0 65.4485 5.05174
0.157227 7.90112 8.57916	0 63.3078 4.94583
0.157471 9.42473 8.53898	0 74.3679 4.88673
0.157715 9.38615 8.50642	0 101.941 4.8674
0.157959 7.48341 8.48064	0 48.7274 4.86885
0.158203 7.38612 8.46095	0 50.6643 4.8641
0.158447 9.67531 8.44686	0 79.4219 4.82579
0.158691 8.23533 8.43812	0 54.0956 4.73476
0.158936 8.88798 8.43458	0 76.2122 4.58645
0.15918 6.92759 8.43607	0 43.3114 4.39276
0.159424 9.23945 8.44229	0 86.1567 4.17861
0.159668 8.20565 8.45275	0 56.5129 3.97452
0.159912 8.17306 8.46679	0 50.1533 3.808
0.160156 8.25916 8.48364	0 51.6189 3.69698
0.1604 8.25027 8.50256	0 48.5228 3.64761
0.160645 10.4956 8.5229	0 172.324 3.65619
0.160889 8.05066 8.54419	0 60.6265 3.7132
0.161133 8.13192 8.56611	0 67.0241 3.80632
0.161377 7.30857 8.58846	0 49.2089 3.92106
0.161621 9.22087 8.61107	0 80.5803 4.04004
0.161865 8.48666 8.63371	0 55.1271 4.14351
0.162109 9.62877 8.65601	0 95.7695 4.21296
0.162354 8.88046 8.67746	0 84.3138 4.23689
0.162598 8.45786 8.6974	0 57.576 4.2155
0.162842 7.90482 8.7151	0 61.1484 4.16121
0.163086 8.2824 8.72988	0 67.0027 4.09442
0.16333 9.54955 8.74124	0 88.1198 4.03707
0.163574 9.22172 8.74899	0 78.7805 4.00701
0.163818 8.50297 8.75334	0 73.4311 4.01527
0.164062 10.1486 8.75497	0 94.2034 4.06589
0.164307 7.66492 8.75485	0 39.234 4.15685
0.164551 7.98217 8.75418	0 58.6644 4.2811
0.164795 10.4296 8.75409	0 93.8178 4.42763
0.165039 8.23758 8.75552	0 65.3235 4.58285
0.165283 6.62419 8.75909	0 42.8959 4.73234
0.165527 7.94133 8.76511	0 41.9952 4.86261
0.165771 11.5634 8.77369	0 157.09 4.96261
0.166016 10.0611 8.7849	0 80.239 5.02501
0.16626 7.41618 8.79888	0 56.7307 5.04751
0.166504 7.96792 8.81582	0 71.7905 5.03381
0.166748 8.84205 8.83589	0 82.9574 4.99341
0.166992 9.23172 8.85905	0 75.443 4.93945
0.167236 8.1242 8.88483	0 42.1575 4.88503
0.16748 9.55291 8.91225	0 73.0443 4.83989
0.167725 8.25189 8.93979	0 63.8801 4.80922
0.167969 8.9497 8.96553	0 70.0888 4.79576
0.168213 9.26833 8.98744	0 82.4216 4.80318
0.168457 9.63369 9.0037	0 119.296 4.83811
0.168701 10.0413 9.01293	0 109.824 4.9083
0.168945 8.25592 9.01442	0 58.0267 5.01713
0.169189 8.74879 9.00818	0 89.2953 5.15756
0.169434 9.22402 8.99485	0 105.067 5.30951
0.169678 9.66383 8.97562	0 74.5269 5.44346
0.169922 9.09834 8.95195	0 110.725 5.52977
0.170166 7.30344 8.92546	0 45.7355 5.54992
0.17041 9.84716 8.89769	0 101.054 5.50455
0.170654 9.55848 8.87007	0 132.467 5.41415
0.170898 8.65435 8.84375	0 70.679 5.31186
0.171143 7.32185 8.81965	0 44.5995 5.23119
0.171387 10.2216 8.7984	0 120.712 5.19427
0.171631 7.94386 8.78038	0 80.3917 5.20587
0.171875 8.55522 8.76569	0 58.1403 5.25556
0.172119 9.43128 8.75421	0 164.926 5.326
0.172363 8.83511 8.74563	0 102.915 5.40234
0.172607 7.85092 8.73944	0 61.705 5.47798
0.172852 8.9942 8.73503	0 79.1416 5.55471
0.173096 9.33386 8.73166	0 59.1514 5.63911
0.17334 7.0499 8.72856	0 47.5223 5.73861
0.173584 10.624 8.72491	0 127.477 5.85931
0.173828 8.21136 8.71991	0 98.3876 6.00485
0.174072 8.72415 8.7128	0 58.6306 6.17405
0.174316 8.92209 8.70294	0 78.5309 6.35667
0.174561 8.64614 8.68993	0 85.0147 6.52946
0.174805 7.33783 8.67372	0 57.0117 6.65678
0.175049 9.47079 8.65475	0 105.049 6.69833
0.175293 9.79498 8.63404	0 90.894 6.62244
0.175537 8.39226 8.6132	0 79.9547 6.41935
0.175781 9.16616 8.59421	0 75.8206 6.10816
0.176025 8.29579 8.57915	0 75.0788 5.7341
0.17627 7.14107 8.56977	0 50.1965 5.35752
0.176514 8.44843 8.56702	0 67.9537 5.03911
0.176758 8.79055 8.5708	0 69.1736 4.82635
0.177002 8.2022 8.57982	0 58.3843 4.74425
0.177246 7.55388 8.59185	0 49.2434 4.79163
0.17749 9.33147 8.60411	0 77.5898 4.94299
0.177734 8.75448 8.61394	0 82.1188 5.15521
0.177979 10.4763 8.61936	0 126.645 5.37773
0.178223 8.642 8.61951	0 62.4205 5.56358
0.178467 8.32046 8.6148	0 76.8198 5.67816
0.178711 8.5863 8.60667	0 57.2015 5.70396
0.178955 8.30017 8.59715	0 66.49 5.64055
0.179199 7.95592 8.58819	0 58.9594 5.5013
0.179443 8.81005 8.58106	0 62.4343 5.30829
0.179688 8.59371 8.5759	0 64.3638 5.08705
0.179932 7.63181 8.57164	0 53.3879 4.86184
0.180176 8.44099 8.56622	0 61.8285 4.65219
0.18042 8.57539 8.55714	0 62.1161 4.47109
0.180664 9.39432 8.54217	0 70.076 4.32552
0.180908 9.56171 8.51996	0 110.132 4.21927
0.181152 9.22111 8.49054	0 107.495 4.15708
0.181396 8.5716 8.45538	0 69.0361 4.14736
0.181641 8.17142 8.41713	0 54.6456 4.20082
0.181885 7.69834 8.37906	0 46.6144 4.32396
0.182129 8.11888 8.34439	0 100.511 4.50973
0.182373 7.74403 8.31562	0 80.7251 4.73123
0.182617 7.24236 8.29418	0 58.7494 4.94364
0.182861 7.57786 8.28031	0 47.4057 5.09627
0.183105 9.81349 8.2733	0 107.434 5.15053
0.18335 8.83359 8.27187	0 77.8318 5.09551
0.183594 8.8201 8.2746	0 58.4973 4.95357
0.183838 8.36152 8.28024	0 101.249 4.77301
0.184082 6.62439 8.28789	0 33.8382 4.61129
0.184326 8.00484 8.29691	0 64.8444 4.51633
0.18457 8.96046 8.30675	0 70.6909 4.51288
0.184814 8.33719 8.31672	0 78.6825 4.59794
0.185059 8.9227 8.32579	0 59.4799 4.74466
0.185303 7.66019 8.33255	0 57.8504 4.91198
0.185547 8.33841 8.33524	0 64.3081 5.05677
0.185791 8.22039 8.33198	0 74.8797 5.14527
0.186035 8.70169 8.32099	0 90.7624 5.16144
0.186279 8.67614 8.30096	0 82.1712 5.1097
0.186523 8.92725 8.27129	0 83.3868 5.01108
0.186768 8.32402 8.23232	0 76.1613 4.89373
0.187012 7.61108 8.18541	0 51.5811 4.78166
0.187256 8.66037 8.13281	0 71.4025 4.6867
0.1875 8.63554 8.07744	0 75.2624 4.60725
0.187744 8.00375 8.02245	0 67.5335 4.53407
0.187988 7.2141 7.97077	0 47.5639 4.45928
0.188232 7.91989 7.92465	0 48.8772 4.38321
0.188477 7.08183 7.88533	0 51.5844 4.31528
0.188721 6.97556 7.85286	0 49.0894 4.26849
0.188965 8.40676 7.8263	0 61.5389 4.25151
0.189209 7.68508 7.80398	0 58.6954 4.26318
0.189453 8.61448 7.784	0 88.4523 4.29301
0.189697 7.71645 7.76467	0 75.1775 4.32713
0.189941 7.69227 7.74494	0 61.8797 4.35596
0.190186 8.65354 7.7245	0 50.6939 4.37881
0.19043 7.30064 7.70376	0 51.5149 4.40289
0.190674 7.42872 7.68359	0 48.1025 4.43709
0.190918 6.97495 7.66494	0 46.0987 4.48447
0.191162 7.76273 7.64851	0 36.9712 4.5371
0.191406 6.99133 7.63455	0 63.4756 4.57598
0.19165 8.16101 7.6228	0 77.0526 4.57581
0.191895 7.74584 7.61263	0 61.1793 4.51277
0.192139 7.90341 7.60332	0 69.4072 4.37254
0.192383 7.55497 7.5944	0 87.4487 4.15611
0.192627 6.71858 7.58591	0 39.0181 3.88177
0.192871 8.78823 7.57856	0 84.0172 3.58282
0.193115 7.83059 7.5737	0 58.7475 3.30129
0.193359 7.18253 7.57307	0 40.7122 3.07913
0.193604 7.35713 7.57848	0 50.1989 2.94906
0.193848 6.86739 7.5913	0 47.8612 2.92757
0.194092 7.0103 7.61207	0 46.6937 3.01203
0.194336 8.39002 7.64022	0 72.1477 3.18254
0.19458 7.25385 7.67391	0 53.7402 3.40723
0.194824 6.90359 7.71025	0 41.1346 3.6488
0.195068 7.96336 7.74557	0 74.6765 3.87039
0.195312 7.77294 7.77605	0 54.4887 4.04015
0.195557 9.37978 7.79821	0 97.7864 4.13475
0.195801 7.85804 7.80952	0 56.9241 4.14242
0.196045 8.23697 7.80872	0 75.0984 4.06487
0.196289 7.36266 7.79595	0 47.0233 3.91704
0.196533 8.79072 7.7727	0 69.6496 3.72372
0.196777 8.06642 7.74145	0 46.6665 3.51353
0.197021 6.10893 7.70528	0 28.2428 3.31205
0.197266 8.16092 7.6674	0 51.9372 3.13662
0.19751 6.81878 7.63073	0 41.8021 2.99458
0.197754 8.15733 7.5976	0 68.5856 2.88518
0.197998 8.96805 7.56951	0 100.763 2.80364
0.198242 5.83433 7.54707	0 27.01 2.74527
0.198486 7.5616 7.53009	0 47.9625 2.70778
0.19873 7.01234 7.51771	0 57.162 2.69138
0.198975 6.80528 7.50867	0 34.0749 2.69737
0.199219 8.44729 7.50162	0 57.099 2.72655
0.199463 8.16502 7.49539	0 52.8069 2.7783
0.199707 7.54451 7.48922	0 47.7541 2.85056
0.199951 7.71933 7.48286	0 68.1385 2.94021
0.200195 7.94968 7.47642	0 50.7594 3.04341
0.200439 6.28435 7.47026	0 34.6128 3.15579
0.200684 6.83812 7.46468	0 36.3301 3.27284
0.200928 7.27423 7.45964	0 48.7691 3.39068
0.201172 7.93586 7.4547	0 67.2104 3.50703
0.201416 8.00486 7.4489	0 50.4166 3.62155
0.20166 7.59913 7.44095	0 43.302 3.73525
0.201904 7.48068 7.42948	0 60.2931 3.84891
0.202148 6.88471 7.4133	0 48.7947 3.96142
0.202393 7.60985 7.39177	0 89.7117 4.06918
0.202637 7.53081 7.36505	0 52.0017 4.16704
0.202881 6.67687 7.33429	0 44.5234 4.25048
0.203125 9.38861 7.30157	0 63.6185 4.31793
0.203369 7.1567 7.26972	0 48.4494 4.37192
0.203613 6.81659 7.24195	0 42.02 4.41796
0.203857 7.05626 7.22135	0 47.2495 4.46113
0.204102 6.05527 7.2104	0 37.0485 4.50185
0.204346 6.26448 7.21052	0 49.5068 4.53306
0.20459 6.44037 7.22194	0 42.9923 4.5413
0.204834 7.62983 7.24369	0 72.7088 4.5122
0.205078 8.28775 7.27394	0 80.606 4.43828
0.205322 8.35476 7.31032	0 74.3901 4.32471
0.205566 7.23395 7.35042	0 44.1761 4.18954
0.205811 5.6937 7.39207	0 31.2757 4.05746
0.206055 7.1814 7.43355	0 48.4163 3.95054
0.206299 8.12485 7.47353	0 65.1389 3.88064
0.206543 8.01763 7.51098	0 65.5858 3.84734
0.206787 8.73674 7.54481	0 62.8454 3.8414
0.207031 6.82053 7.57369	0 52.7849 3.85071
0.207275 7.08278 7.59585	0 55.3503 3.86493
0.20752 6.72187 7.60908	0 38.4203 3.87728
0.207764 7.59576 7.61087	0 63.1319 3.88381
0.208008 8.35645 7.59884	0 86.257 3.88217
0.208252 9.19305 7.5712	0 63.4972 3.87106
0.208496 7.77119 7.52724	0 49.2905 3.85031
0.20874 7.77515 7.46767	0 60.3329 3.82081
0.208984 7.95098 7.39476	0 60.6755 3.784
0.209229 7.18777 7.31215	0 63.9836 3.74107
0.209473 6.84631 7.22449	0 42.3738 3.69278
0.209717 6.85455 7.13682	0 55.7514 3.63996
0.209961 6.44205 7.05397	0 46.731 3.58434
0.210205 6.79594 6.98003	0 40.75 3.52876
0.210449 7.04495 6.91798	0 35.0211 3.47634
0.210693 6.27585 6.86951	0 51.7745 3.42878
0.210938 7.22698 6.835	0 38.9799 3.38468
0.211182 5.91921 6.81376	0 49.7636 3.33904
0.211426 7.03383 6.80418	0 58.4192 3.28472
0.21167 6.19776 6.80417	0 51.7622 3.21578
0.211914 7.36947 6.81138	0 57.7687 3.13139
0.212158 6.26469 6.82356	0 47.8564 3.03834
0.212402 6.95968 6.83879	0 49.6399 2.95006
0.212646 8.07668 6.85563	0 73.5158 2.88191
0.212891 6.50395 6.87319	0 41.6753 2.84427
0.213135 6.4659 6.89108	0 38.8896 2.83676
0.213379 6.84778 6.90933	0 44.3519 2.84697
0.213623 7.00795 6.92825	0 39.4456 2.85497
0.213867 6.05231 6.94834	0 47.1891 2.84204
0.214111 8.40016 6.97023	0 72.0241 2.79936
0.214355 6.50485 6.99468	0 44.6017 2.73245
0.2146 6.26682 7.02262	0 43.8445 2.65895
0.214844 7.48178 7.0551	0 45.2955 2.60125
0.215088 7.20544 7.09317	0 38.0335 2.5778
0.215332 7.83022 7.13768	0 53.6482 2.59739
0.215576 7.10634 7.18894	0 49.2653 2.65877
0.21582 5.76484 7.24635	0 35.8444 2.75448
0.216064 6.42759 7.30811	0 41.7417 2.87594
0.216309 7.80065 7.37115	0 67.0349 3.01636
0.216553 8.02231 7.43133	0 56.362 3.17029
0.216797 6.81459 7.4839	0 60.1225 3.33087
0.217041 8.30949 7.52425	0 65.5573 3.48747
0.217285 7.32992 7.54867	0 52.9317 3.62561
0.217529 9.52673 7.55505	0 86.1124 3.72963
0.217773 9.10387 7.54333	0 85.8961 3.78661
0.218018 7.34698 7.51544	0 55.8918 3.78956
0.218262 6.71641 7.47502	0 37.2735 3.73881
0.218506 7.45793 7.42667	0 59.1875 3.64166
0.21875 5.58054 7.37518	0 29.4305 3.51133
0.218994 7.98746 7.32473	0 57.3513 3.36575
0.219238 7.39775 7.27835	0 71.205 3.22587
0.219482 7.90971 7.23762	0 36.7753 3.11269
0.219727 5.61079 7.20277	0 26.3576 3.04293
0.219971 7.30879 7.17293	0 45.1822 3.02462
0.220215 7.08935 7.1466	0 45.0786 3.05449
0.220459 8.20646 7.12213	0 58.1371 3.11894
0.220703 7.16533 7.09815	0 45.0634 3.19824
0.220947 6.92463 7.07383	0 56.0804 3.27238
0.221191 6.4435 7.04897	0 29.8315 3.32585
0.221436 8.02669 7.024	0 63.2493 3.35009
0.22168 6.13674 6.99976	0 54.4341 3.34344
0.221924 7.49891 6.97731	0 62.6686 3.30947
0.222168 6.47814 6.9577	0 33.0293 3.25515
0.222412 6.53872 6.94177	0 42.6347 3.18928
0.222656 7.2767 6.93	0 66.0265 3.12155
0.2229 6.79045 6.92256	0 49.642 3.06169
0.223145 7.15678 6.91927	0 51.6079 3.01821
0.223389 6.69371 6.91977	0 45.3936 2.9968
0.223633 5.96901 6.92363	0 34.3976 2.99878
0.223877 8.05206 6.93048	0 46.7382 3.0209
0.224121 6.23207 6.94012	0 49.287 3.05672
0.224365 8.05288 6.95246	0 73.5513 3.09925
0.224609 6.4469 6.96746	0 44.9015 3.14325
0.224854 7.0444 6.98501	0 53.3053 3.18589
0.225098 6.77258 7.00468	0 51.371 3.22581
0.225342 6.01209 7.02566	0 31.6371 3.26189
0.225586 7.85091 7.04676	0 77.8677 3.29337
0.22583 6.3702 7.06657	0 44.2027 3.32144
0.226074 7.25194 7.08373	0 62.3854 3.3509
0.226318 7.50462 7.09735	0 65.2167 3.38997
0.226562 8.36946 7.10729	0 84.4476 3.44755
0.226807 7.61292 7.11436	0 52.6086 3.52917
0.227051 6.24028 7.12027	0 50.2386 3.6339
0.227295 7.22459 7.12735	0 55.4436 3.75401
0.227539 6.13858 7.13804	0 42.5646 3.87716
0.227783 7.45514 7.15437	0 41.2401 3.99004
0.228027 7.20978 7.17746	0 67.2838 4.08148
0.228271 6.23073 7.20717	0 36.3481 4.14437
0.228516 6.81714 7.24208	0 43.6511 4.17637
0.22876 7.93932 7.27962	0 72.2692 4.17941
0.229004 7.33258 7.31657	0 40.3654 4.15852
0.229248 7.26105 7.34953	0 49.9782 4.12005
0.229492 8.28808 7.37547	0 95.5847 4.06991
0.229736 7.81454 7.3922	0 72.1615 4.01272
0.22998 7.37503 7.39862	0 59.5194 3.95226
0.230225 7.84703 7.39479	0 54.029 3.89305
0.230469 6.79253 7.38178	0 47.6761 3.8419
0.230713 7.96645 7.36146	0 53.799 3.8082
0.230957 6.68721 7.3361	0 38.8479 3.8023
0.231201 7.70736 7.30811	0 74.2666 3.83235
0.231445 7.67061 7.27967	0 54.0582 3.90101
0.231689 6.98242 7.25261	0 61.5341 4.00351
0.231934 6.01657 7.2283	0 36.5199 4.12797
0.232178 7.51098 7.20758	0 47.5384 4.25762
0.232422 7.77348 7.19089	0 59.1723 4.37374
0.232666 7.23467 7.17827	0 48.3711 4.45843
0.23291 6.61296 7.16948	0 44.0759 4.49644
0.233154 7.59281 7.16396	0 74.4898 4.47664
0.233398 6.97491 7.16088	0 58.172 4.39317
0.233643 7.19921 7.15913	0 35.5455 4.24665
0.233887 5.92928 7.15733	0 34.8944 4.04476
0.234131 8.24054 7.15391	0 69.951 3.8021
0.234375 7.17069 7.14735	0 56.5218 3.53872
0.234619 7.09817 7.13636	0 63.3039 3.27753
0.234863 7.70695 7.12026	0 38.2483 3.04083
0.235107 6.70687 7.09914	0 41.4082 2.84649
0.235352 6.88185 7.07409	0 46.4659 2.70512
0.235596 8.54489 7.04706	0 61.3188 2.61894
0.23584 7.08995 7.02065	0 56.2808 2.58303
0.236084 6.39619 6.99768	0 43.921 2.58789
0.236328 6.66961 6.98065	0 50.671 2.62237
0.236572 5.86226 6.97133	0 28.2375 2.67554
0.236816 6.06986 6.97034	0 31.5894 2.73758
0.237061 6.67318 6.97714	0 57.1468 2.80011
0.237305 8.65915 6.99015	0 67.6912 2.85709
0.237549 6.56553 7.00709	0 34.4353 2.9061
0.237793 7.5117 7.02545	0 56.1166 2.9493
0.238037 7.12051 7.04289	0 52.6926 2.99267
0.238281 7.18254 7.05766	0 42.0376 3.04339
0.238525 6.67181 7.06879	0 30.4389 3.10618
0.23877 6.59135 7.07616	0 43.6368 3.18086
0.239014 6.77325 7.0805	0 77.994 3.26244
0.239258 8.90803 7.08312	0 66.2394 3.34341
0.239502 7.63517 7.08572	0 50.8543 3.41654
0.239746 6.3496 7.08997	0 35.4042 3.47623
0.23999 6.4584 7.09719	0 34.7863 3.51814
0.240234 6.08877 7.10805	0 38.0408 3.53846
0.240479 7.25612 7.12241	0 61.6584 3.53426
0.240723 6.39884 7.13934	0 39.7677 3.50519
0.240967 8.29601 7.15736	0 64.8836 3.45527
0.241211 7.22769 7.17473	0 40.8152 3.39325
0.241455 7.59037 7.18983	0 54.9346 3.33059
0.241699 7.95418 7.20145	0 56.9038 3.27827
0.241943 7.14147 7.20883	0 56.107 3.24381
0.242188 6.69353 7.2117	0 37.4131 3.22962
0.242432 7.13868 7.21004	0 44.0738 3.233
0.242676 6.49474 7.20398	0 38.9256 3.24747
0.24292 7.76521 7.19368	0 41.2802 3.26515
0.243164 6.41663 7.17941	0 46.3401 3.28009
0.243408 8.11344 7.16169	0 51.1756 3.29215
0.243652 7.15716 7.14141	0 50.2032 3.30956
0.243896 9.3226 7.11992	0 73.5442 3.3486
0.244141 5.97896 7.09885	0 30.4707 3.4287
0.244385 6.9015 7.07991	0 40.0747 3.56421
0.244629 5.69924 7.06448	0 30.4311 3.75548
0.244873 6.26365 7.05338	0 23.3144 3.98354
0.245117 6.88389 7.04669	0 81.6411 4.21167
0.245361 7.18 7.04395	0 39.616 4.39456
0.245605 7.91287 7.04433	0 77.5326 4.49251
0.24585 8.09898 7.04705	0 55.7815 4.48555
0.246094 7.64958 7.0516	0 56.3079 4.38171
0.246338 6.69994 7.05782	0 50.3713 4.21543
0.246582 5.68986 7.06573	0 32.6394 4.03631
0.246826 6.72463 7.07532	0 47.9374 3.89249
0.24707 6.61317 7.08624	0 33.6974 3.81533
0.247314 7.18541 7.09764	0 43.9268 3.81113
0.247559 7.51146 7.10828	0 58.2296 3.86245
0.247803 7.96899 7.11672	0 77.0905 3.93746
0.248047 7.12588 7.1217	0 71.0514 4.00244
0.248291 7.40108 7.12249	0 58.4712 4.03246
0.248535 6.94592 7.11911	0 38.6025 4.01662
0.248779 7.5554 7.11233	0 52.3944 3.95712
0.249023 6.59705 7.10353	0 43.7171 3.86435
0.249268 7.31194 7.0944	0 69.2525 3.75106
0.249512 6.51127 7.0866	0 49.8142 3.62867
0.249756 6.90936 7.08142	0 40.7223 3.50671
0.25 7.4593 7.07965	0 52.1756 3.39432
0.250244 6.67568 7.08146	0 38.8426 3.30131
0.250488 6.78759 7.08654	0 43.3716 3.23698
0.250732 7.78092 7.09421	0 44.7459 3.20683
0.250977 6.90514 7.10361	0 36.5065 3.20942
0.251221 6.90677 7.11389	0 44.5274 3.236
0.251465 7.59098 7.1243	0 62.703 3.27406
0.251709 6.86342 7.13423	0 40.1967 3.31291
0.251953 7.2242 7.14317	0 88.2882 3.34807
0.252197 6.83488 7.15068	0 54.7066 3.38155
0.252441 7.57641 7.15632	0 62.3252 3.41787
0.252686 7.40337 7.1596	0 73.8641 3.45814
0.25293 6.90383 7.16006	0 40.8663 3.49617
0.253174 6.414 7.15733	0 37.072 3.51932
0.253418 6.98639 7.15119	0 55.4528 3.5142
0.253662 9.07807 7.1417	0 78.2513 3.47474
0.253906 6.80158 7.12913	0 60.8776 3.40803
0.25415 7.33446 7.11389	0 41.6491 3.33477
0.254395 6.72185 7.09635	0 44.4117 3.2831
0.254639 6.67774 7.07665	0 51.6281 3.27827
0.254883 6.64185 7.05457	0 48.6324 3.33202
0.255127 6.58672 7.02957	0 36.9548 3.43633
0.255371 6.89688 7.00094	0 46.0429 3.56423
0.255615 8.21802 6.96808	0 74.4268 3.67786
0.255859 7.98672 6.93086	0 87.1909 3.74114
0.256104 6.8871 6.88987	0 55.2674 3.73218
0.256348 6.40793 6.84651	0 60.4047 3.65034
0.256592 6.49475 6.80288	0 50.8554 3.51552
0.256836 6.43592 6.76148	0 47.437 3.36017
0.25708 7.30894 6.72484	0 42.9074 3.21808
0.257324 5.67779 6.69512	0 29.1115 3.11475
0.257568 6.37001 6.67385	0 35.2587 3.06266
0.257812 6.26144 6.66183	0 60.7579 3.06183
0.258057 7.54126 6.65917	0 56.7817 3.1039
0.258301 5.92494 6.66548	0 37.7349 3.17682
0.258545 7.11697 6.68003	0 51.6235 3.26795
0.258789 6.63869 6.70192	0 45.4805 3.36509
0.259033 6.75209 6.73013	0 42.2837 3.45637
0.259277 5.96568 6.7635	0 34.9891 3.53046
0.259521 7.61057 6.80061	0 44.7044 3.57785
0.259766 6.00407 6.83973	0 43.0386 3.59274
0.26001 7.02227 6.87882	0 37.2712 3.57432
0.260254 7.03545 6.91569	0 52.8144 3.52652
0.260498 6.31461 6.94824	0 62.3482 3.45649
0.260742 6.85107 6.97481	0 39.9769 3.37284
0.260986 9.21834 6.99445	0 66.0228 3.28453
0.26123 7.63259 7.00707	0 54.9737 3.20045
0.261475 6.75267 7.01345	0 33.4732 3.12892
0.261719 5.96968 7.01495	0 33.3615 3.07672
0.261963 7.04946 7.01317	0 59.3141 3.04803
0.262207 6.17833 7.0095	0 42.4905 3.04432
0.262451 7.20636 7.00485	0 41.2628 3.06549
0.262695 7.51071 6.99946	0 59.5047 3.1116
0.262939 7.331 6.99298	0 59.5279 3.18325
0.263184 6.47501 6.98476	0 30.4768 3.27991
0.263428 6.86879 6.9742	0 39.641 3.39697
0.263672 7.4124 6.96114	0 51.9337 3.52389
0.263916 7.17025 6.94607	0 52.0036 3.64559
0.26416 7.50847 6.9302	0 52.8118 3.74695
0.264404 6.92146 6.91528	0 38.5255 3.81825
0.264648 6.91304 6.90319	0 59.3482 3.85812
0.264893 5.90085 6.89548	0 30.9223 3.87236
0.265137 6.55047 6.89294	0 46.3589 3.86925
0.265381 6.3165 6.8953	0 27.5584 3.85444
0.265625 6.32277 6.90117	0 48.6306 3.82833
0.265869 7.56575 6.90822	0 59.4665 3.78714
0.266113 8.05671 6.91364	0 46.3668 3.72611
0.266357 6.56234 6.91459	0 35.8419 3.64241
0.266602 7.39546 6.90871	0 54.4425 3.53576
0.266846 7.03063 6.89453	0 47.9442 3.40721
0.26709 6.97024 6.87156	0 46.7241 3.25752
0.267334 7.04495 6.84038	0 48.7098 3.08724
0.267578 6.3543 6.80244	0 50.7323 2.89865
0.267822 7.02988 6.75981	0 56.9546 2.69819
0.268066 6.93267 6.71499	0 42.4677 2.49751
0.268311 6.86333 6.6706	0 37.5276 2.31177
0.268555 5.96867 6.62928	0 25.9108 2.15591
0.268799 6.25684 6.59345	0 31.9379 2.0409
0.269043 6.85475 6.56524	0 38.0416 1.9718
0.269287 6.49256 6.5463	0 27.8429 1.94844
0.269531 6.39734 6.53761	0 26.9342 1.96758
0.269775 6.61104 6.53935	0 50.6337 2.02522
0.27002 6.07634 6.55077	0 35.6067 2.11755
0.270264 5.60343 6.57015	0 32.4717 2.24045
0.270508 5.57056 6.59493	0 25.8612 2.38804
0.270752 8.25399 6.62201	0 49.7742 2.55108
0.270996 6.81207 6.6481	0 38.4333 2.71632
0.27124 7.11227 6.6702	0 47.1529 2.86747
0.271484 6.72288 6.68607	0 49.7538 2.98811
0.271729 6.60589 6.69448	0 44.8885 3.06561
0.271973 6.54354 6.69538	0 42.3142 3.09478
0.272217 7.4921 6.68979	0 56.0698 3.07924
0.272461 7.21403 6.67951	0 41.5401 3.02991
0.272705 6.77893 6.6667	0 33.4476 2.96093
0.272949 5.38705 6.65345	0 26.8071 2.88498
0.273193 6.21394 6.6414	0 32.3555 2.81017
0.273438 5.89453 6.63154	0 39.9267 2.73976
0.273682 7.39374 6.62417	0 46.5656 2.67452
0.273926 7.21177 6.61905	0 57.8981 2.6157
0.27417 6.9369 6.61567	0 39.426 2.56681
0.274414 6.14645 6.61353	0 30.5053 2.53276
0.274658 6.68561 6.61233	0 45.3709 2.51723
0.274902 6.48239 6.61216	0 49.9221 2.51985
0.275146 6.69459 6.61343	0 43.9564 2.5353
0.275391 6.2448 6.61682	0 51.3315 2.55491
0.275635 7.38739 6.62311	0 58.6243 2.57028
0.275879 5.52151 6.63298	0 22.7791 2.57693
0.276123 6.75991 6.64685	0 64.4773 2.5765
0.276367 7.48457 6.66473	0 60.585 2.57655
0.276611 5.9917 6.68618	0 34.076 2.58824
0.276855 6.35365 6.71022	0 55.1946 2.62298
0.2771 6.837 6.73545	0 45.1876 2.68907
0.277344 6.79295 6.76016	0 34.0999 2.78917
0.277588 6.78734 6.78253	0 57.5118 2.91909
0.277832 7.14342 6.80088	0 36.5811 3.06825
0.278076 6.44715 6.81386	0 33.1392 3.22186
0.27832 7.63079 6.82066	0 70.9434 3.36449
0.278564 7.78469 6.82107	0 45.8659 3.4839
0.278809 6.59868 6.81539	0 68.5044 3.57356
0.279053 5.17984 6.80438	0 24.911 3.63258
0.279297 7.91328 6.78897	0 63.8114 3.66312
0.279541 6.27203 6.77012	0 44.2807 3.66651
0.279785 7.67288 6.74871	0 61.7846 3.64057
0.280029 5.98209 6.72543	0 33.4348 3.57983
0.280273 6.84376 6.70091	0 48.1939 3.47919
0.280518 5.96055 6.67581	0 27.6559 3.33917
0.280762 7.50177 6.65086	0 53.9183 3.17001
0.281006 7.03507 6.62696	0 48.7752 2.99166
0.28125 7.29988 6.60505	0 52.9201 2.82896
0.281494 5.40696 6.58596	0 27.9465 2.70345
0.281738 6.40315 6.57019	0 35.4391 2.62549
0.281982 6.44826 6.55777	0 33.1707 2.59033
0.282227 5.07694 6.54818	0 20.0051 2.58004
0.282471 7.06 6.54052	0 51.0879 2.57081
0.282715 7.47525 6.53375	0 73.6845 2.54204
0.282959 7.18483 6.52707	0 55.0356 2.48354
0.283203 6.5096 6.52018	0 47.2878 2.39786
0.283447 6.35408 6.51354	0 30.923 2.29745
0.283691 6.38385 6.5083	0 33.229 2.19884
0.283936 6.43173 6.50608	0 35.3555 2.11729
0.28418 6.59893 6.5087	0 55.4288 2.06414
0.284424 5.44408 6.51775	0 25.041 2.04713
0.284668 6.51861 6.53437	0 51.2225 2.07194
0.284912 6.87945 6.55905	0 50.8096 2.14272
0.285156 5.74583 6.59173	0 27.1106 2.26057
0.2854 6.52865 6.63187	0 44.6744 2.42102
0.285645 7.33364 6.6786	0 43.8096 2.6126
0.285889 7.58314 6.73082	0 58.7213 2.81787
0.286133 6.62308 6.78712	0 42.0979 3.0171
0.286377 6.19434 6.84567	0 40.574 3.19273
0.286621 6.32882 6.90409	0 34.9028 3.3329
0.286865 6.61115 6.95933	0 46.6974 3.43294
0.287109 6.33904 7.00787	0 45.9413 3.49472
0.287354 7.19333 7.04601	0 45.8981 3.52468
0.287598 9.43552 7.0704	0 65.8678 3.53098
0.287842 7.54197 7.07855	0 40.3601 3.52029
0.288086 7.65325 7.0693	0 70.5259 3.49492
0.28833 7.17162 7.04302	0 39.6476 3.45163
0.288574 6.88337 7.00154	0 49.9571 3.3831
0.288818 6.65667 6.94786	0 50.4551 3.28199
0.289062 6.22311 6.8857	0 55.4281 3.14581
0.289307 7.21723 6.81902	0 37.4359 2.97988
0.289551 7.47392 6.75164	0 55.6666 2.7968
0.289795 5.72252 6.68692	0 26.6379 2.61284
0.290039 6.78311 6.62768	0 48.8176 2.44355
0.290283 6.45694 6.57613	0 41.0444 2.30076
0.290527 7.33688 6.53391	0 70.8853 2.19168
0.290771 5.42347 6.50217	0 24.612 2.11921
0.291016 5.17108 6.48157	0 33.5901 2.08237
0.29126 6.95184 6.47239	0 38.5324 2.07631
0.291504 7.23606 6.47449	0 74.2952 2.0929
0.291748 5.75998 6.48737	0 27.5866 2.12265
0.291992 7.12853 6.51014	0 44.7653 2.1578
0.292236 5.80544 6.54147	0 29.263 2.19546
0.29248 6.50724 6.5796	0 36.4111 2.23881
0.292725 6.36224 6.62234	0 46.5504 2.2952
0.292969 5.99325 6.66721	0 36.4273 2.37159
0.293213 7.28298 6.71156	0 40.6924 2.46916
0.293457 7.24296 6.75295	0 55.9982 2.58001
0.293701 6.2415 6.78935	0 36.9454 2.68798
0.293945 8.22067 6.81947	0 84.0929 2.77377
0.294189 7.13298 6.84284	0 50.1762 2.82222
0.294434 6.47197 6.85978	0 49.1683 2.82866
0.294678 7.23063 6.87122	0 41.6743 2.80126
0.294922 6.41626 6.87838	0 33.4475 2.75864
0.295166 6.20871 6.88246	0 44.3506 2.72361
0.29541 6.5346 6.88431	0 39.5097 2.71577
0.295654 7.84374 6.88436	0 57.3117 2.7457
0.295898 7.17894 6.88258	0 40.3338 2.81261
0.296143 6.30767 6.87858	0 37.1417 2.90582
0.296387 7.38727 6.8718	0 42.2931 3.00892
0.296631 6.80227 6.8617	0 45.8998 3.10454
0.296875 6.83276 6.84792	0 54.4254 3.17795
0.297119 6.78315 6.83037	0 45.7935 3.21865
0.297363 7.17181 6.80932	0 43.469 3.22046
0.297607 6.47129 6.78533	0 42.232 3.18144
0.297852 6.57675 6.75931	0 37.8812 3.10445
0.298096 7.6313 6.73233	0 55.1571 2.99829
0.29834 6.06358 6.7056	0 30.9076 2.87807
0.298584 7.42247 6.68026	0 52.3278 2.7635
0.298828 5.99218 6.65729	0 37.2932 2.67445
0.299072 6.5206 6.63733	0 42.3026 2.62514
0.299316 5.80689 6.62069	0 27.8591 2.6194
0.299561 6.37242 6.6073	0 39.7599 2.64944
0.299805 7.15332 6.5968	0 57.9252 2.69924
0.300049 7.73783 6.58862	0 63.5177 2.75111
0.300293 6.40161 6.58209	0 58.5762 2.79244
0.300537 5.64347 6.57647	0 33.002 2.81933
0.300781 6.98645 6.57099	0 54.7761 2.8355
0.301025 6.14191 6.56483	0 28.7942 2.84749
0.30127 6.28521 6.55719	0 53.6643 2.85935
0.301514 6.26536 6.54731	0 34.5939 2.86984
0.301758 7.93008 6.53465	0 57.3781 2.87338
0.302002 6.57843 6.51896	0 40.3456 2.8636
0.302246 6.37526 6.5005	0 39.937 2.83703
0.30249 6.20081 6.48002	0 30.3129 2.79488
0.302734 6.95339 6.45874	0 37.8385 2.74266
0.302979 6.05071 6.43819	0 35.5679 2.6883
0.303223 5.99004 6.42	0 30.6193 2.64002
0.303467 6.97344 6.40561	0 43.9853 2.60442
0.303711 6.07346 6.39606	0 32.0065 2.58504
0.303955 5.59166 6.3918	0 23.0048 2.5813
0.304199 6.85808 6.3927	0 51.1157 2.58836
0.304443 5.96607 6.39808	0 49.0623 2.59834
0.304688 6.59534 6.4069	0 42.3056 2.6028
0.304932 6.81169 6.41797	0 42.2503 2.59593
0.305176 5.89018 6.43024	0 25.3405 2.57713
0.30542 6.60116 6.44294	0 45.9883 2.55169
0.305664 6.8094 6.4557	0 34.2368 2.52947
0.305908 6.71863 6.4685	0 38.579 2.52157
0.306152 6.82165 6.48153	0 37.814 2.53654
0.306396 5.92608 6.49497	0 26.1216 2.57722
0.306641 6.24617 6.5088	0 40.2684 2.63944
0.306885 5.78509 6.52271	0 31.8864 2.71285
0.307129 6.34835 6.53611	0 34.1694 2.78355
0.307373 7.06042 6.54829	0 47.8341 2.83741
0.307617 7.28716 6.5587	0 44.3865 2.86343
0.307861 7.37546 6.56719	0 49.8282 2.85646
0.308105 5.73075 6.57411	0 37.1057 2.81897
0.30835 7.26158 6.58033	0 57.6989 2.76145
0.308594 5.96408 6.58693	0 50.5681 2.70068
0.308838 6.60683 6.59493	0 38.3862 2.65598
0.309082 6.50612 6.60482	0 37.3775 2.64404
0.309326 5.69889 6.61639	0 27.7978 2.67422
0.30957 6.37477 6.6286	0 48.5555 2.74604
0.309814 6.55338 6.63981	0 50.793 2.84965
0.310059 7.99744 6.64817	0 56.7465 2.96866
0.310303 6.43112 6.65208	0 34.4063 3.08395
0.310547 7.35508 6.65065	0 58.4661 3.1773
0.310791 6.82544 6.64396	0 39.9255 3.23422
0.311035 6.85802 6.63302	0 48.6521 3.24606
0.311279 6.59558 6.61953	0 40.4883 3.21129
0.311523 5.70767 6.60543	0 29.7979 3.13559
0.311768 6.78 6.59237	0 44.5184 3.03061
0.312012 5.63875 6.58131	0 34.1382 2.9114
0.312256 7.08961 6.57225	0 47.8747 2.79327
0.3125 6.00644 6.56431	0 32.252 2.68893
0.312744 6.92232 6.5559	0 52.8186 2.60668
0.312988 6.82256 6.54519	0 48.9842 2.54985
0.313232 7.54804 6.53048	0 43.8938 2.51722
0.313477 5.83098 6.5107	0 28.3435 2.50405
0.313721 6.96944 6.48558	0 43.1562 2.50337
0.313965 6.60809 6.4558	0 39.7464 2.50777
0.314209 5.7087 6.42288	0 29.2798 2.51139
0.314453 6.80477 6.38899	0 37.7697 2.5118
0.314697 6.9388 6.35666	0 40.474 2.5107
0.314941 5.80999 6.32837	0 29.7808 2.51305
0.315186 5.84491 6.30634	0 36.982 2.52446
0.31543 5.78194 6.29216	0 33.6074 2.54836
0.315674 6.20393 6.28666	0 38.681 2.58412
0.315918 6.91049 6.28985	0 42.3039 2.62728
0.316162 5.89708 6.30095	0 25.9206 2.67157
0.316406 5.50898 6.31855	0 22.8978 2.71176
0.31665 5.73075 6.34089	0 27.739 2.74559
0.316895 7.68207 6.36609	0 65.1433 2.77415
0.317139 6.75687 6.39238	0 48.3571 2.80064
0.317383 6.37388 6.41828	0 32.5378 2.82848
0.317627 6.37738 6.4426	0 41.4787 2.85997
0.317871 6.82391 6.46439	0 76.5951 2.89556
0.318115 5.26964 6.48282	0 45.3588 2.93366
0.318359 6.83566 6.49708	0 47.5366 2.9703
0.318604 6.30552 6.50632	0 32.2109 2.99887
0.318848 7.65764 6.50971	0 68.5652 3.01083
0.319092 5.77383 6.50659	0 39.708 2.99804
0.319336 7.16528 6.49659	0 63.9015 2.9561
0.31958 6.86382 6.47981	0 54.5288 2.88719
0.319824 6.6321 6.45689	0 50.2818 2.80055
0.320068 6.2878 6.42893	0 43.4642 2.70991
0.320312 6.1641 6.39739	0 31.0917 2.62894
0.320557 5.82896 6.36384	0 27.899 2.56686
0.320801 7.08171 6.32969	0 52.1583 2.526
0.321045 6.10155 6.29605	0 36.0133 2.50234
0.321289 6.18387 6.26356	0 32.1645 2.48812
0.321533 5.57316 6.23245	0 28.2399 2.47505
0.321777 6.92361 6.20256	0 48.1315 2.45653
0.322021 5.49084 6.17365	0 30.5581 2.42826
0.322266 6.61478 6.14557	0 49.8789 2.3876
0.32251 5.98389 6.1185	0 31.868 2.33316
0.322754 6.57983 6.09311	0 37.7624 2.26525
0.322998 5.92472 6.07051	0 36.9494 2.18729
0.323242 6.57178 6.05211	0 49.5021 2.10693
0.323486 5.69645 6.0393	0 27.7791 2.03561
0.32373 5.57055 6.03312	0 38.0356 1.9861
0.323975 5.12657 6.03397	0 25.3607 1.96867
0.324219 5.74028 6.04146	0 27.9215 1.98749
0.324463 5.35697 6.05443	0 21.3496 2.03887
0.324707 6.90217 6.07119	0 40.2785 2.11204
0.324951 6.97137 6.08985	0 44.0662 2.19216
0.325195 6.60042 6.10865	0 43.5986 2.26437
0.325439 6.49129 6.12618	0 46.0088 2.31774
0.325684 4.84858 6.14153	0 20.8814 2.34769
0.325928 6.32327 6.15422	0 35.3501 2.3563
0.326172 5.48458 6.16405	0 29.3149 2.35079
0.326416 7.12728 6.17096	0 46.5651 2.34081
0.32666 5.73562 6.17488	0 29.0426 2.33567
0.326904 6.52287 6.17569	0 35.2343 2.34217
0.327148 6.88813 6.17327	0 49.8455 2.36316
0.327393 5.96633 6.16751	0 31.9664 2.39675
0.327637 5.78642 6.15846	0 27.7447 2.43629
0.327881 5.75726 6.14643	0 34.3898 2.47144
0.328125 6.31121 6.13203	0 33.8075 2.49055
0.328369 6.57214 6.11624	0 49.2491 2.48369
0.328613 6.48 6.10035	0 63.1983 2.44552
0.328857 5.73549 6.0859	0 33.1793 2.37675
0.329102 6.43218 6.07449	0 34.2259 2.28386
0.329346 5.70183 6.06754	0 31.1813 2.17767
0.32959 5.40176 6.06599	0 29.3461 2.07114
0.329834 5.96074 6.07011	0 43.5127 1.97709
0.330078 5.97668 6.07937	0 29.6893 1.90586
0.330322 6.01374 6.0924	0 32.4913 1.86306
0.330566 5.71784 6.1073	0 28.48 1.84799
0.330811 6.60016 6.12185	0 48.0193 1.85347
0.331055 6.04094 6.13403	0 24.2799 1.86778
0.331299 6.97979 6.14227	0 48.2521 1.87841
0.331543 6.36592 6.14573	0 38.3919 1.87637
0.331787 6.4812 6.14434	0 36.9476 1.85964
0.332031 6.28203 6.13864	0 35.0185 1.83425
0.332275 5.70474 6.12957	0 24.2593 1.81255
0.33252 4.89774 6.1182	0 23.0765 1.80903
0.332764 6.24677 6.10555	0 39.5939 1.83505
0.333008 6.3677 6.09249	0 44.4291 1.89439
0.333252 6.49032 6.07982	0 32.4534 1.98148
0.333496 6.22988 6.06827	0 42.113 2.08312
0.33374 6.64249 6.0586	0 54.1763 2.18307
0.333984 6.44765 6.05149	0 36.0264 2.26748
0.334229 5.58722 6.04743	0 31.4791 2.3286
0.334473 4.55697 6.04648	0 22.0766 2.36538
0.334717 4.87308 6.04814	0 23.5231 2.38131
0.334961 6.5535 6.05134	0 43.9579 2.38117
0.335205 7.49506 6.05455	0 65.2268 2.36867
0.335449 6.48444 6.05607	0 32.2826 2.34592
0.335693 6.1586 6.05435	0 37.7444 2.31427
0.335938 5.71954 6.04836	0 31.7033 2.27551
0.336182 6.20086 6.03777	0 27.9157 2.23265
0.336426 5.42874 6.02309	0 20.3187 2.19016
0.33667 6.03819 6.00558	0 43.2246 2.15373
0.336914 6.96782 5.98709	0 46.6876 2.12968
0.337158 5.99677 5.9698	0 31.7378 2.1238
0.337402 5.33193 5.95589	0 25.3138 2.13961
0.337646 6.05993 5.94724	0 33.17 2.17646
0.337891 5.23374 5.94511	0 29.2762 2.22864
0.338135 6.25118 5.9499	0 34.8614 2.28623
0.338379 5.54274 5.9611	0 33.4241 2.33817
0.338623 4.63933 5.9773	0 24.2782 2.37594
0.338867 7.36731 5.9964	0 64.3376 2.39635
0.339111 6.06242 6.01596	0 39.9197 2.40148
0.339355 6.10545 6.0336	0 31.2039 2.39608
0.3396 6.28418 6.04742	0 38.5565 2.38377
0.339844 5.96536 6.05626	0 47.6288 2.36458
0.340088 6.36846 6.05991	0 31.9543 2.33534
0.340332 6.67171 6.05902	0 48.444 2.29259
0.340576 6.11974 6.0549	0 27.97 2.23628
0.34082 5.46154 6.04923	0 25.445 2.17165
0.341064 5.81568 6.04367	0 26.3437 2.10807
0.341309 5.34735 6.03956	0 27.4593 2.05536
0.341553 6.75153 6.03771	0 35.3219 2.01962
0.341797 5.6888 6.03834	0 28.456 2.00078
0.342041 6.09294 6.04115	0 24.8652 1.99303
0.342285 6.16485 6.0455	0 40.345 1.98756
0.342529 6.08894 6.05062	0 39.2552 1.97615
0.342773 5.80372 6.05577	0 41.9529 1.95385
0.343018 6.81725 6.06044	0 50.5333 1.9202
0.343262 5.87975 6.06432	0 38.3784 1.87912
0.343506 5.70859 6.06731	0 31.8307 1.83786
0.34375 6.16514 6.06945	0 36.9496 1.80545
0.343994 5.96486 6.07084	0 27.6733 1.7908
0.344238 6.15147 6.07153	0 41.736 1.8008
0.344482 5.83043 6.07159	0 36.1013 1.83881
0.344727 6.36293 6.07103	0 41.9851 1.90423
0.344971 6.25824 6.0699	0 27.5481 1.99308
0.345215 6.42422 6.06829	0 27.3138 2.09909
0.345459 5.19649 6.06633	0 21.831 2.21451
0.345703 6.78533 6.06419	0 47.3558 2.33042
0.345947 5.2662 6.06198	0 22.8735 2.43681
0.346191 6.66231 6.05971	0 34.161 2.52341
0.346436 5.56923 6.05715	0 31.0275 2.58158
0.34668 6.4072 6.05384	0 46.6141 2.60669
0.346924 6.7657 6.04902	0 63.8782 2.5999
0.347168 4.95421 6.04166	0 22.6333 2.56789
0.347412 5.45993 6.03058	0 27.673 2.52053
0.347656 7.02577 6.01454	0 52.7501 2.4675
0.3479 6.43195 5.99244	0 34.5003 2.41554
0.348145 6.14644 5.96351	0 29.3479 2.36754
0.348389 5.69303 5.92742	0 30.3069 2.32346
0.348633 6.28612 5.88448	0 31.81 2.28186
0.348877 5.53837 5.83565	0 26.4762 2.24105
0.349121 6.13353 5.78261	0 34.3051 2.19931
0.349365 5.41262 5.72765	0 39.6038 2.15482
0.349609 6.21352 5.67356	0 67.0801 2.10622
0.349854 5.53608 5.62346	0 33.9019 2.054
0.350098 5.25989 5.58051	0 27.3427 2.00199
0.350342 5.36678 5.54762	0 29.9596 1.95777
0.350586 4.82304 5.52716	0 20.3391 1.93113
0.35083 5.70721 5.52059	0 30.6549 1.93096
0.351074 4.54899 5.52829	0 23.5967 1.96194
0.351318 6.25611 5.54942	0 25.5518 2.02256
0.351562 4.65426 5.58192	0 20.5786 2.10559
0.351807 4.94153 5.62276	0 21.1849 2.20073
0.352051 6.50912 5.66823	0 37.3185 2.29806
0.352295 5.73663 5.71438	0 25.0068 2.39065
0.352539 6.07559 5.75758	0 29.1379 2.47488
0.352783 5.7409 5.79484	0 32.7257 2.54865
0.353027 6.16473 5.8242	0 39.2198 2.60881
0.353271 6.59439 5.84481	0 42.0125 2.6497
0.353516 6.27979 5.85684	0 50.0318 2.66417
0.35376 5.69378 5.86127	0 24.2712 2.6466
0.354004 5.07858 5.85952	0 31.5321 2.59641
0.354248 5.95815 5.85313	0 32.4255 2.52
0.354492 5.37241 5.84353	0 31.7553 2.42982
0.354736 6.63624 5.83196	0 53.1088 2.34089
0.35498 5.42341 5.81953	0 26.5167 2.26643
0.355225 5.6664 5.80738	0 45.1962 2.21453
0.355469 6.30918 5.79681	0 55.5177 2.18741
0.355713 6.0442 5.78935	0 46.2192 2.18318
0.355957 6.36892 5.78659	0 30.5483 2.19917
0.356201 5.15711 5.78995	0 36.9941 2.23459
0.356445 5.35416 5.80022	0 32.5866 2.29127
0.356689 4.37649 5.81726	0 16.9661 2.37159
0.356934 6.09606 5.8398	0 38.5889 2.47473
0.357178 5.50397 5.86549	0 30.0759 2.59296
0.357422 5.37882 5.89121	0 30.3869 2.71022
0.357666 7.79125 5.91365	0 66.0376 2.8044
0.35791 6.7176 5.9298	0 38.2746 2.85284
0.358154 5.8434 5.93755	0 41.4563 2.83952
0.358398 5.83272 5.93585	0 45.3612 2.76083
0.358643 6.53125 5.92485	0 44.7407 2.62774
0.358887 5.01655 5.90563	0 31.9832 2.46306
0.359131 6.01737 5.87991	0 26.8079 2.29483
0.359375 5.48618 5.84966	0 27.1426 2.14825
0.359619 6.09384 5.81686	0 37.7116 2.03919
0.359863 6.94618 5.78331	0 37.9948 1.97142
0.360107 4.61851 5.75061	0 16.6795 1.93792
0.360352 5.40102 5.72017	0 29.8697 1.92528
0.360596 6.24563 5.69326	0 38.909 1.91918
0.36084 5.41365 5.67101	0 23.8332 1.9089
0.361084 5.70783 5.65433	0 31.97 1.8899
0.361328 5.86488 5.64377	0 36.2724 1.86387
0.361572 5.40468 5.63935	0 27.2765 1.83666
0.361816 4.87505 5.64046	0 17.4796 1.81513
0.362061 5.39843 5.64582	0 26.1901 1.80421
0.362305 5.21338 5.6536	0 19.5336 1.80529
0.362549 5.83094 5.66174	0 42.6813 1.81662
0.362793 6.67395 5.6682	0 40.0861 1.83518
0.363037 5.89566 5.67139	0 32.5619 1.85888
0.363281 6.74059 5.67037	0 44.051 1.8877
0.363525 4.70071 5.66494	0 22.7973 1.92318
0.36377 5.33365 5.65558	0 28.1714 1.96642
0.364014 6.19026 5.64326	0 33.2026 2.01592
0.364258 5.37036 5.62914	0 29.0688 2.06651
0.364502 4.56547 5.61431	0 17.9069 2.11037
0.364746 6.19184 5.59964	0 63.3269 2.13965
0.36499 6.39071 5.58566	0 48.1944 2.14966
0.365234 5.25417 5.57262	0 22.9855 2.14072
0.365479 5.58408 5.56046	0 24.0023 2.11786
0.365723 5.18503 5.54897	0 21.6913 2.08861
0.365967 5.41418 5.53784	0 24.9794 2.06005
0.366211 5.34775 5.52668	0 20.0981 2.03667
0.366455 6.02175 5.51515	0 32.0436 2.01966
0.366699 5.59523 5.50291	0 46.3044 2.0074
0.366943 5.56205 5.48968	0 20.1038 1.99646
0.367188 5.37931 5.47524	0 37.6108 1.98245
0.367432 4.74418 5.45941	0 25.3437 1.96062
0.367676 6.66281 5.44203	0 30.1046 1.92657
0.36792 5.25363 5.42294	0 25.1817 1.87728
0.368164 4.47122 5.40198	0 20.8894 1.81241
0.368408 5.94363 5.37908	0 46.6615 1.7353
0.368652 5.61686 5.35436	0 33.8282 1.65302
0.368896 4.86349 5.32829	0 17.301 1.57525
0.369141 4.85878 5.30187	0 16.3832 1.51217
0.369385 6.71682 5.27668	0 36.7651 1.47244
0.369629 5.58196 5.25483	0 17.2354 1.46204
0.369873 4.93017 5.23879	0 23.313 1.48459
0.370117 4.24159 5.23101	0 16.442 1.54244
0.370361 4.89994 5.23349	0 21.2866 1.63746
0.370605 4.8849 5.24735	0 23.4969 1.77047
0.37085 4.7322 5.27248	0 22.9726 1.93926
0.371094 5.5613 5.30739	0 23.3139 2.13604
0.371338 5.09071 5.34933	0 29.962 2.34612
0.371582 5.54476 5.39455	0 41.7624 2.54883
0.371826 5.17744 5.43889	0 20.495 2.72097
0.37207 5.84136 5.47831	0 34.126 2.84162
0.372314 5.91166 5.5095	0 59.8883 2.89657
0.372559 6.18473 5.53038	0 43.7855 2.88103
0.372803 6.35534 5.54031	0 32.5114 2.79993
0.373047 5.05072 5.5402	0 28.5653 2.66613
0.373291 5.71933 5.5322	0 29.3239 2.49746
0.373535 5.63636 5.51934	0 29.2855 2.31344
0.373779 5.73972 5.50498	0 30.1373 2.13249
0.374023 4.69355 5.49223	0 17.4818 1.96992
0.374268 4.4621 5.48347	0 21.4378 1.83697
0.374512 5.9072 5.48004	0 34.3167 1.74062
0.374756 5.6306 5.48208	0 27.7378 1.68375
0.375 5.75215 5.48861	0 28.2323 1.66546
0.375244 5.24539 5.49783	0 22.3308 1.68126
0.375488 4.49754 5.50744	0 14.8523 1.72347
0.375732 6.18243 5.51513	0 30.9972 1.78208
0.375977 5.97561 5.51899	0 26.8662 1.84587
0.376221 6.40772 5.51781	0 32.4309 1.90367
0.376465 5.26774 5.5113	0 25.6955 1.9457
0.376709 5.69784 5.50007	0 37.2247 1.96503
0.376953 5.07316 5.48549	0 29.5182 1.95906
0.377197 5.57238 5.46943	0 38.1589 1.93055
0.377441 5.51059 5.4539	0 34.034 1.88731
0.377686 5.4759 5.44078	0 31.1529 1.83983
0.37793 4.09679 5.43151	0 15.1092 1.79774
0.378174 5.707 5.42688	0 27.7432 1.76647
0.378418 6.10764 5.427	0 36.4479 1.74597
0.378662 5.92774 5.43127	0 24.7225 1.7322
0.378906 4.60757 5.43848	0 18.4855 1.72039
0.37915 5.24413 5.44698	0 30.9223 1.70834
0.379395 4.77615 5.45489	0 19.2885 1.6978
0.379639 5.49167 5.46045	0 21.8686 1.6933
0.379883 6.61941 5.46221	0 33.2261 1.69913
0.380127 5.94462 5.45936	0 31.9567 1.71615
0.380371 5.67838 5.45178	0 45.8604 1.74037
0.380615 5.38093 5.44	0 30.8687 1.76415
0.380859 5.53287 5.42508	0 30.8882 1.77948
0.381104 4.92632 5.40826	0 15.9299 1.78177
0.381348 4.95041 5.39068	0 26.1111 1.77218
0.381592 4.60079 5.37318	0 23.2196 1.75732
0.381836 5.94292 5.35617	0 25.4096 1.74644
0.38208 6.01162 5.33968	0 40.1034 1.7477
0.382324 4.86925 5.32359	0 25.8614 1.7652
0.382568 6.03633 5.30773	0 33.3292 1.79795
0.382812 4.99799 5.29208	0 20.5835 1.84101
0.383057 5.26068 5.27679	0 27.3814 1.88798
0.383301 5.33834 5.26206	0 24.5901 1.9337
0.383545 4.95092 5.24808	0 25.1829 1.97611
0.383789 5.12473 5.2348	0 22.8633 2.01648
0.384033 4.45141 5.22193	0 22.7762 2.05819
0.384277 5.71278 5.20899	0 25.3463 2.10429
0.384521 5.16843 5.19544	0 34.9997 2.15529
0.384766 5.83065 5.18091	0 37.0401 2.20798
0.38501 5.36014 5.16539	0 21.1827 2.2559
0.385254 5.50271 5.14929	0 27.2662 2.29113
0.385498 4.61806 5.13348	0 16.0141 2.30655
0.385742 5.20659 5.11902	0 24.127 2.29756
0.385986 4.44597 5.10704	0 22.8913 2.26296
0.38623 4.60896 5.09845	0 26.7806 2.20505
0.386475 5.66759 5.09383	0 27.5668 2.12925
0.386719 5.07582 5.09336	0 23.7896 2.04342
0.386963 4.82906 5.09692	0 32.8098 1.95702
0.387207 5.04083 5.10415	0 26.1128 1.88002
0.387451 5.75686 5.11466	0 34.9215 1.82167
0.387695 4.77203 5.12805	0 19.7103 1.78908
0.387939 5.31464 5.144	0 23.8974 1.7856
0.388184 4.61152 5.16218	0 18.3302 1.80968
0.388428 5.27855 5.18223	0 27.9589 1.85454
0.388672 4.88236 5.20365	0 28.5187 1.90953
0.388916 5.5696 5.22576	0 29.8178 1.96307
0.38916 5.40236 5.24774	0 28.2174 2.00615
0.389404 4.9313 5.26868	0 33.0881 2.03493
0.389648 5.64361 5.28765	0 29.0285 2.05109
0.389893 5.31035 5.30378	0 24.9284 2.05979
0.390137 5.23796 5.31633	0 26.8946 2.06641
0.390381 5.63027 5.32467	0 31.2059 2.07385
0.390625 5.70121 5.32831	0 34.7888 2.08161
0.390869 5.01354 5.32688	0 25.8371 2.08694
0.391113 4.87114 5.32011	0 21.1834 2.08686
0.391357 5.52564 5.30784	0 28.9149 2.07994
0.391602 5.43132 5.29014	0 27.2615 2.06689
0.391846 5.92666 5.26728	0 32.3152 2.04996
0.39209 5.54819 5.23987	0 39.4786 2.03174
0.392334 5.05821 5.20882	0 25.1896 2.01382
0.392578 4.69388 5.17534	0 32.1868 1.99595
0.392822 5.46816 5.14088	0 31.5193 1.97561
0.393066 4.43598 5.10702	0 14.7874 1.94848
0.393311 5.40912 5.07539	0 25.2854 1.90975
0.393555 5.2893 5.04757	0 44.5053 1.85635
0.393799 4.91059 5.02498	0 24.3967 1.78918
0.394043 4.86041 5.00879	0 27.5728 1.71419
0.394287 4.60049 4.99983	0 25.8081 1.6416
0.394531 5.13156 4.99848	0 21.4577 1.58311
0.394775 4.87438 5.00462	0 24.3221 1.54844
0.39502 4.21633 5.01761	0 20.5143 1.54259
0.395264 5.07368 5.03635	0 22.9629 1.56491
0.395508 5.19548 5.05941	0 35.7477 1.61003
0.395752 5.58359 5.08522	0 33.406 1.66997
0.395996 4.81544 5.11227	0 21.5919 1.73628
0.39624 5.66781 5.13926	0 40.3685 1.80168
0.396484 4.55975 5.16524	0 15.7376 1.86069
0.396729 5.7975 5.18961	0 35.3042 1.90954
0.396973 4.96842 5.21208	0 25.4772 1.94585
0.397217 5.20087 5.23257	0 28.4307 1.96821
0.397461 5.09383 5.25106	0 36.374 1.97615
0.397705 5.48229 5.26749	0 26.6678 1.97008
0.397949 5.25021 5.28167	0 39.3877 1.95136
0.398193 5.38808 5.29325	0 35.1043 1.92212
0.398438 5.38273 5.30174	0 40.1941 1.88496
0.398682 4.93036 5.30658	0 21.514 1.84254
0.398926 5.74102 5.3072	0 26.3536 1.79737
0.39917 5.55374 5.30314	0 41.0616 1.7517
0.399414 5.16961 5.29413	0 24.3532 1.70781
0.399658 5.24908 5.28019	0 24.8958 1.66834
0.399902 5.70741 5.26166	0 26.5322 1.63659
0.400146 5.36989 5.23925	0 33.7262 1.61638
0.400391 4.64438 5.21406	0 23.3112 1.61152
0.400635 5.35674 5.18749	0 30.045 1.62492
0.400879 5.45882 5.16115	0 27.4266 1.65774
0.401123 5.30241 5.13674	0 34.9222 1.70861
0.401367 4.85845 5.11585	0 27.938 1.77327
0.401611 4.8503 5.09969	0 17.8006 1.84469
0.401855 4.896 5.08896	0 33.7006 1.91377
0.4021 4.69204 5.08365	0 20.4394 1.97086
0.402344 5.04988 5.083	0 27.6761 2.00778
0.402588 4.61061 5.0856	0 15.2469 2.01957
0.402832 5.71125 5.0896	0 33.4091 2.00525
0.403076 5.19546 5.093	0 40.3485 1.96713
0.40332 5.15938 5.09406	0 23.4882 1.90926
0.403564 5.01875 5.09155	0 33.4416 1.83607
0.403809 5.46247 5.08507	0 25.5055 1.75225
0.404053 5.71947 5.07503	0 36.5937 1.66382
0.404297 4.74066 5.0626	0 18.9301 1.57932
0.404541 5.04801 5.0494	0 32.9236 1.50961
0.404785 4.99087 5.03723	0 27.2074 1.46565
0.405029 4.89482 5.02759	0 19.8551 1.45473
0.405273 3.75087 5.02151	0 10.3467 1.47709
0.405518 5.27229 5.01932	0 21.8189 1.52471
0.405762 5.46665 5.02068	0 27.9334 1.58326
0.406006 4.75651 5.02474	0 27.1264 1.63645
0.40625 5.68494 5.03035	0 25.797 1.67115
0.406494 4.71735 5.03635	0 27.0554 1.68101
0.406738 5.41878 5.04174	0 24.8259 1.66734
0.406982 4.79599 5.04582	0 24.7817 1.63726
0.407227 4.86354 5.04825	0 21.5916 1.60013
0.407471 5.36271 5.04902	0 27.2363 1.56424
0.407715 4.66672 5.04835	0 22.7327 1.53483
0.407959 5.03449 5.0466	0 28.0579 1.51392
0.408203 5.72569 5.04416	0 29.0176 1.50131
0.408447 5.32123 5.0413	0 35.8443 1.49582
0.408691 4.1606 5.03815	0 10.5975 1.49594
0.408936 5.30572 5.03459	0 28.7892 1.49999
0.40918 4.71496 5.0303	0 28.7882 1.50594
0.409424 4.49829 5.02482	0 19.3426 1.51148
0.409668 5.45348 5.01772	0 27.8008 1.51448
0.409912 5.49404 5.00872	0 32.4873 1.51376
0.410156 5.72508 4.99785	0 21.6717 1.50977
0.4104 4.98149 4.98554	0 18.7641 1.50484
0.410645 4.53581 4.97252	0 18.6384 1.50269
0.410889 4.37746 4.95977	0 15.9697 1.50745
0.411133 5.15181 4.94829	0 22.1443 1.52224
0.411377 4.59102 4.93892	0 16.8747 1.54802
0.411621 4.86475 4.93211	0 13.8425 1.58287
0.411865 5.55033 4.92789	0 28.1276 1.62212
0.412109 5.19301 4.92578	0 20.6332 1.65897
0.412354 4.04283 4.92492	0 19.3902 1.68556
0.412598 4.75557 4.9242	0 20.2082 1.69415
0.412842 4.86895 4.92249	0 22.422 1.67845
0.413086 5.46096 4.91885	0 28.9432 1.63514
0.41333 4.71177 4.91276	0 28.2401 1.56545
0.413574 5.60712 4.90421	0 23.1536 1.47629
0.413818 5.34514 4.89371	0 26.23 1.38012
0.414062 4.93157 4.88216	0 15.6026 1.29278
0.414307 4.47723 4.87058	0 17.2511 1.22968
0.414551 4.01376 4.85994	0 15.3131 1.20151
0.414795 4.11315 4.85089	0 15.4748 1.2112
0.415039 5.40381 4.84372	0 30.5761 1.25342
0.415283 4.81845 4.83843	0 28.416 1.31666
0.415527 5.6717 4.83485	0 27.3232 1.3869
0.415771 5.17386 4.83285	0 22.1015 1.45145
0.416016 4.23871 4.83246	0 27.05 1.50193
0.41626 4.45606 4.8339	0 13.5237 1.536
0.416504 5.36335 4.83744	0 38.8036 1.55761
0.416748 4.68489 4.84319	0 21.3517 1.57543
0.416992 4.89782 4.85093	0 26.6022 1.59977
0.417236 3.48522 4.85997	0 16.3285 1.63839
0.41748 5.32802 4.86919	0 25.9521 1.69285
0.417725 4.73844 4.87724	0 19.9361 1.75698
0.417969 5.47644 4.88293	0 45.6229 1.81848
0.418213 5.44937 4.88551	0 25.2823 1.86304
0.418457 5.585 4.88498	0 26.8945 1.87931
0.418701 4.89783 4.88218	0 17.8683 1.86249
0.418945 4.2679 4.87866	0 12.9222 1.81534
0.419189 4.62314 4.87637	0 20.3445 1.74668
0.419434 4.05186 4.8772	0 11.1677 1.6685
0.419678 5.6953 4.88253	0 31.3591 1.59332
0.419922 4.4305 4.89285	0 16.3061 1.53221
0.420166 4.95366 4.90757	0 23.5304 1.49369
0.42041 4.59591 4.92506	0 19.526 1.48277
0.420654 4.35796 4.94288	0 15.4247 1.50002
0.420898 5.1927 4.95821	0 19.102 1.54087
0.421143 5.57772 4.96837	0 32.4236 1.59606
0.421387 5.54666 4.97128	0 27.568 1.65342
0.421631 5.42205 4.96591	0 41.8523 1.70068
0.421875 5.43166 4.95239	0 26.9474 1.72839
0.422119 4.6085 4.93201	0 18.8088 1.73178
0.422363 4.46086 4.90693	0 14.005 1.71097
0.422607 5.54801 4.87972	0 32.4151 1.66981
0.422852 4.29324 4.85294	0 14.5271 1.61426
0.423096 4.15182 4.82858	0 17.123 1.55083
0.42334 4.94418 4.80782	0 23.0076 1.48572
0.423584 4.91701 4.79084	0 23.5018 1.42432
0.423828 4.4171 4.77693	0 18.4353 1.37075
0.424072 4.73572 4.76474	0 17.0437 1.3274
0.424316 4.85505 4.7526	0 22.1108 1.29458
0.424561 5.0531 4.73899	0 26.3788 1.2708
0.424805 4.84821 4.72282	0 23.9379 1.25341
0.425049 5.15893 4.70369	0 21.4381 1.23965
0.425293 5.03839 4.68195	0 22.6015 1.22732
0.425537 4.28298 4.65862	0 16.2707 1.21492
0.425781 4.27872 4.63519	0 14.7517 1.20142
0.426025 4.68526 4.61338	0 23.9322 1.18606
0.42627 3.99203 4.59486	0 13.4439 1.16836
0.426514 4.74633 4.58104	0 24.7632 1.14856
0.426758 4.68028 4.57289	0 16.8066 1.12813
0.427002 4.6493 4.57086	0 19.8997 1.11009
0.427246 4.60742 4.57476	0 17.8176 1.09878
0.42749 4.29713 4.58383	0 13.2349 1.09898
0.427734 4.45908 4.59677	0 23.7808 1.1142
0.427979 3.98976 4.61192	0 17.2706 1.14482
0.428223 3.80092 4.62746	0 14.5512 1.18696
0.428467 5.98365 4.64174	0 29.9545 1.23289
0.428711 5.42916 4.6535	0 28.8049 1.27332
0.428955 4.69428 4.66214	0 23.6046 1.30063
0.429199 4.97645 4.66776	0 21.9085 1.31168
0.429443 4.58169 4.67108	0 17.844 1.30882
0.429688 4.18862 4.67323	0 20.2993 1.29863
0.429932 3.88405 4.67543	0 11.2765 1.28927
0.430176 4.64431 4.67875	0 21.3656 1.28765
0.43042 5.36116 4.68387	0 25.8566 1.29748
0.430664 4.26038 4.69099	0 14.6906 1.31877
0.430908 4.73829 4.69992	0 22.7986 1.34835
0.431152 5.3843 4.71013	0 24.6018 1.38101
0.431396 4.72513 4.72093	0 19.4338 1.41085
0.431641 3.90121 4.73157	0 18.7631 1.43267
0.431885 4.92836 4.74136	0 31.1371 1.44323
0.432129 4.51547 4.74975	0 19.2573 1.44216
0.432373 5.36644 4.75628	0 24.3139 1.43207
0.432617 4.71503 4.76067	0 17.9919 1.41763
0.432861 5.05523 4.76275	0 20.6356 1.40386
0.433105 4.74814 4.76244	0 20.0845 1.39418
0.43335 4.90139 4.75973	0 31.1109 1.3892
0.433594 4.13661 4.75468	0 17.9423 1.38667
0.433838 4.3263 4.74743	0 13.7562 1.38282
0.434082 5.35608 4.73827	0 27.8366 1.3744
0.434326 5.02774 4.72767	0 18.9894 1.36078
0.43457 4.86965 4.71636	0 18.4006 1.34499
0.434814 4.86577 4.70529	0 22.8672 1.33339
0.435059 4.51729 4.69555	0 13.3719 1.33383
0.435303 4.81636 4.68822	0 24.5389 1.35302
0.435547 4.12453 4.68416	0 15.8136 1.39398
0.435791 3.98154 4.68383	0 13.8007 1.45461
0.436035 4.7504 4.68713	0 23.5828 1.52789
0.436279 4.88824 4.69343	0 24.3387 1.60376
0.436523 4.86298 4.70161	0 31.198 1.67196
0.436768 5.42417 4.71024	0 33.01 1.72493
0.437012 3.9791 4.71777	0 11.4917 1.75964
0.437256 4.93266 4.7228	0 25.6357 1.77774
0.4375 4.25982 4.72421	0 21.7888 1.78418
0.437744 5.53754 4.72134	0 38.8611 1.78515
0.437988 5.05276 4.71406	0 26.434 1.78619
0.438232 4.05675 4.70279	0 12.944 1.79129
0.438477 5.31261 4.68845	0 28.5607 1.80283
0.438721 4.53259 4.6723	0 19.5171 1.8219
0.438965 4.85651 4.65584	0 17.0971 1.84845
0.439209 4.43465 4.64055	0 16.8105 1.88109
0.439453 3.93744 4.6277	0 17.6075 1.91691
0.439697 5.09689 4.61817	0 21.8091 1.95161
0.439941 4.31573 4.61232	0 19.5395 1.98017
0.440186 4.34818 4.60998	0 22.3317 1.99777
0.44043 4.39897 4.61053	0 19.0879 2.00072
0.440674 5.32953 4.61303	0 27.906 1.98685
0.440918 4.31051 4.61645	0 23.3262 1.95559
0.441162 4.93994 4.61986	0 33.9717 1.90783
0.441406 3.65601 4.62266	0 25.0406 1.84611
0.44165 5.48239 4.62467	0 27.265 1.77501
0.441895 5.05003 4.62615	0 20.737 1.70144
0.442139 4.86169 4.62771	0 27.4053 1.63405
0.442383 4.23116 4.63011	0 17.0912 1.58154
0.442627 3.94875 4.63411	0 16.9696 1.55009
0.442871 4.56261 4.6402	0 17.98 1.541
0.443115 4.56702 4.64855	0 20.0028 1.54975
0.443359 4.79729 4.65888	0 31.6916 1.56719
0.443604 4.47739 4.67061	0 18.3518 1.58255
0.443848 5.39536 4.68287	0 30.2835 1.58715
0.444092 4.61163 4.69468	0 23.0315 1.57722
0.444336 4.56799 4.70509	0 23.4116 1.55477
0.44458 4.72247 4.71319	0 18.8466 1.52604
0.444824 4.69592 4.71823	0 21.7583 1.49827
0.445068 4.73039 4.71965	0 19.6369 1.47626
0.445312 4.43739 4.71711	0 20.121 1.46029
0.445557 4.86006 4.71058	0 18.452 1.44612
0.445801 5.40256 4.70038	0 24.2538 1.42739
0.446045 4.85239 4.68718	0 24.7752 1.39886
0.446289 4.58956 4.67195	0 18.3942 1.35937
0.446533 5.0383 4.65581	0 25.3559 1.31274
0.446777 4.10656 4.6399	0 16.1729 1.26653
0.447021 3.64771 4.62517	0 14.8917 1.22905
0.447266 4.64751 4.61227	0 19.652 1.2062
0.44751 5.13259 4.60148	0 19.3745 1.19937
0.447754 4.67989 4.59276	0 16.6567 1.20523
0.447998 4.73996 4.58584	0 16.8749 1.21729
0.448242 4.6305 4.58029	0 19.6718 1.22839
0.448486 4.35121 4.57559	0 15.0014 1.23311
0.44873 4.34374 4.5712	0 14.7311 1.22944
0.448975 5.18252 4.56652	0 38.3474 1.21913
0.449219 3.81522 4.5609	0 16.1896 1.20654
0.449463 4.40859 4.55372	0 25.3952 1.19655
0.449707 4.72336 4.54441	0 15.4484 1.19216
0.449951 5.26673 4.53269	0 20.7722 1.19309
0.450195 4.1539 4.51865	0 19.9049 1.19597
0.450439 4.86535 4.50291	0 23.0915 1.19603
0.450684 4.65906 4.48661	0 25.8553 1.18949
0.450928 4.50709 4.47132	0 15.5152 1.17525
0.451172 4.39719 4.45876	0 19.438 1.15518
0.451416 3.71053 4.45052	0 10.9297 1.13315
0.45166 4.6673 4.44775	0 23.1885 1.1136
0.451904 3.74344 4.45088	0 13.8924 1.10054
0.452148 4.29922 4.45962	0 16.5829 1.09739
0.452393 4.6452 4.47294	0 24.7244 1.10718
0.452637 4.29713 4.48932	0 12.7737 1.13253
0.452881 4.90311 4.507	0 24.2551 1.17504
0.453125 5.04713 4.52429	0 23.4393 1.23438
0.453369 4.79124 4.53974	0 17.0894 1.30753
0.453613 4.03812 4.55225	0 17.6085 1.38893
0.453857 4.25512 4.5611	0 15.6642 1.47119
0.454102 5.01319 4.56585	0 25.1411 1.54632
0.454346 4.83173 4.56633	0 19.2846 1.60692
0.45459 4.07273 4.56259	0 19.1948 1.64705
0.454834 4.50106 4.55492	0 22.4159 1.66289
0.455078 4.6934 4.54395	0 20.7221 1.65329
0.455322 5.30432 4.53069	0 23.3066 1.62016
0.455566 4.69768 4.51654	0 26.6178 1.56851
0.455811 4.53243 4.50313	0 23.6164 1.50577
0.456055 4.19537 4.49213	0 14.998 1.44035
0.456299 3.5976 4.48491	0 10.0472 1.37978
0.456543 4.32288 4.48226	0 17.0247 1.32932
0.456787 4.69656 4.48418	0 20.8881 1.2914
0.457031 4.33809 4.48978	0 14.2106 1.26596
0.457275 4.27478 4.49743	0 16.7056 1.25125
0.45752 4.62786 4.50512	0 23.9931 1.24447
0.457764 4.53912 4.51085	0 21.3621 1.24201
0.458008 4.6314 4.51312	0 19.1692 1.23963
0.458252 5.18451 4.51126	0 29.4582 1.23277
0.458496 5.57436 4.50563	0 24.1586 1.21733
0.45874 3.91508 4.49749	0 16.416 1.19085
0.458984 4.3063 4.48874	0 18.2431 1.15367
0.459229 4.10202 4.4814	0 19.2051 1.10987
0.459473 3.94563 4.47713	0 12.9099 1.06711
0.459717 4.35649 4.47677	0 18.9443 1.03529
0.459961 4.53453 4.48018	0 18.764 1.02385
0.460205 4.03447 4.4862	0 14.7387 1.0387
0.460449 4.41197 4.49296	0 26.1255 1.0799
0.460693 4.77528 4.49832	0 18.9813 1.1413
0.460938 5.48694 4.50036	0 33.369 1.21235
0.461182 4.77172 4.49779	0 22.7043 1.28138
0.461426 4.38872 4.4902	0 23.1071 1.33889
0.46167 4.56041 4.47809	0 19.2924 1.37959
0.461914 4.53255 4.46271	0 21.5796 1.40282
0.462158 4.19364 4.44573	0 20.5613 1.41156
0.462402 4.20447 4.42894	0 15.2202 1.41098
0.462646 3.75821 4.41396	0 14.3833 1.40698
0.462891 4.67638 4.40211	0 27.1004 1.40521
0.463135 4.36917 4.39433	0 19.4653 1.41048
0.463379 4.83309 4.39122	0 23.379 1.42628
0.463623 4.46691 4.39315	0 22.0852 1.45436
0.463867 4.01963 4.40024	0 11.3031 1.4943
0.464111 4.50763 4.41239	0 22.9272 1.54331
0.464355 4.23014 4.42914	0 19.0367 1.59661
0.4646 3.64847 4.44964	0 14.2477 1.64826
0.464844 4.59564 4.47257	0 27.4204 1.69256
0.465088 4.57395 4.49623	0 19.2269 1.7253
0.465332 4.8541 4.51862	0 18.803 1.74457
0.465576 4.65888 4.53773	0 20.7195 1.75071
0.46582 4.82974 4.55183	0 41.7534 1.74566
0.466064 4.41793 4.55966	0 23.0263 1.73195
0.466309 4.93519 4.56072	0 23.9229 1.71198
0.466553 4.79685 4.55527	0 22.9703 1.6875
0.466797 4.6929 4.54436	0 28.7274 1.65956
0.467041 4.48292 4.52961	0 17.1105 1.62835
0.467285 4.21804 4.51304	0 17.6074 1.59326
0.467529 4.59707 4.49675	0 24.6591 1.55301
0.467773 4.62554 4.48268	0 15.965 1.5064
0.468018 3.9696 4.47234	0 17.9976 1.45337
0.468262 4.20511 4.46674	0 25.1166 1.39614
0.468506 4.37309 4.46624	0 24.5803 1.33949
0.46875 4.70645 4.47062	0 20.7809 1.28978
0.468994 4.26058 4.47921	0 19.9437 1.25287
0.469238 4.4878 4.49099	0 25.4345 1.23185
0.469482 4.43574 4.50479	0 14.7707 1.22562
0.469727 4.83384 4.51949	0 18.577 1.22932
0.469971 4.59316 4.53415	0 20.1967 1.23624
0.470215 4.30669 4.54811	0 19.3631 1.24058
0.470459 4.24357 4.56107	0 25.2359 1.23984
0.470703 5.14317 4.57301	0 20.3721 1.23572
0.470947 5.17516 4.5841	0 21.7553 1.2333
0.471191 4.25971 4.59457	0 19.9033 1.23877
0.471436 4.05795 4.60444	0 12.5819 1.25648
0.47168 4.53438 4.61344	0 19.7922 1.28654
0.471924 4.72812 4.62082	0 25.7995 1.32389
0.472168 4.46882 4.62535	0 21.5224 1.35952
0.472412 4.80219 4.6255	0 18.6721 1.3834
0.472656 4.83318 4.6196	0 20.6367 1.38818
0.4729 4.65546 4.60623	0 22.7056 1.37202
0.473145 4.72092 4.5845	0 24.3121 1.33909
0.473389 5.2399 4.55433	0 21.3181 1.29773
0.473633 4.95309 4.51658	0 18.0789 1.25695
0.473877 4.67731 4.47298	0 26.1678 1.22308
0.474121 4.10302 4.42591	0 18.0308 1.1982
0.474365 3.78223 4.37815	0 17.6898 1.18064
0.474609 4.13055 4.3324	0 16.8394 1.16693
0.474854 4.54082 4.29104	0 12.0378 1.15409
0.475098 4.09812 4.25584	0 17.6672 1.1411
0.475342 3.75974 4.22787	0 11.3568 1.12936
0.475586 4.14463 4.20753	0 15.2686 1.12222
0.47583 4.2285 4.19464	0 12.5057 1.12404
0.476074 4.10762 4.18867	0 22.0901 1.13908
0.476318 4.52594 4.18883	0 22.3613 1.17036
0.476562 3.7708 4.19425	0 10.9849 1.21882
0.476807 4.2142 4.20399	0 18.6036 1.28299
0.477051 4.01777 4.21704	0 19.4936 1.35905
0.477295 4.66046 4.23226	0 17.0146 1.44134
0.477539 4.07887 4.2484	0 15.8405 1.52294
0.477783 4.14616 4.26407	0 16.3136 1.59637
0.478027 3.6939 4.2779	0 16.5095 1.65432
0.478271 3.99552 4.28871	0 21.4045 1.6907
0.478516 5.67622 4.29571	0 46.7588 1.70184
0.47876 4.68629 4.2987	0 31.602 1.68753
0.479004 4.33369 4.29812	0 19.5889 1.65149
0.479248 4.19306 4.29504	0 16.0476 1.60092
0.479492 4.55467 4.29096	0 17.2983 1.545
0.479736 3.46423 4.28752	0 13.4674 1.49276
0.47998 3.86547 4.28621	0 16.2404 1.45075
0.480225 4.00502 4.28815	0 11.6889 1.42141
0.480469 4.72175 4.29391	0 17.1018 1.40271
0.480713 4.49576 4.30352	0 29.3579 1.38939
0.480957 4.25392 4.31653	0 21.8348 1.37539
0.481201 4.3207 4.33216	0 16.6272 1.35628
0.481445 4.44389 4.34939	0 19.7426 1.3307
0.481689 4.29478 4.3671	0 16.8192 1.3002
0.481934 3.87676 4.3841	0 12.0611 1.2679
0.482178 4.39085 4.39918	0 23.1835 1.23704
0.482422 4.84493 4.41119	0 18.256 1.21026
0.482666 4.84236 4.41911	0 25.0957 1.18968
0.48291 4.6619 4.42212	0 21.2439 1.17745
0.483154 3.47348 4.41979	0 11.8467 1.1757
0.483398 5.09724 4.41216	0 19.7926 1.18599
0.483643 4.71798 4.39989	0 22.5996 1.20822
0.483887 4.18685 4.38426	0 20.3378 1.24006
0.484131 4.87623 4.36714	0 24.6235 1.27708
0.484375 4.29419 4.35084	0 14.2311 1.31382
0.484619 3.79073 4.33789	0 18.4146 1.34527
0.484863 4.61403 4.33071	0 18.0491 1.36824
0.485107 3.57357 4.33129	0 14.9833 1.38226
0.485352 4.17769 4.34084	0 16.1473 1.38961
0.485596 4.44433 4.35958	0 14.7836 1.39466
0.48584 4.37197 4.38662	0 22.2964 1.40251
0.486084 3.54115 4.41998	0 16.7675 1.4174
0.486328 4.39124 4.45682	0 17.3709 1.44135
0.486572 4.66745 4.49377	0 19.8448 1.47348
0.486816 4.77782 4.52738	0 22.4488 1.51024
0.487061 5.62827 4.55456	0 37.2192 1.5464
0.487305 4.52778 4.57301	0 21.897 1.57642
0.487549 4.4568 4.58145	0 28.7333 1.5955
0.487793 5.04094 4.57979	0 23.3209 1.60048
0.488037 4.83365 4.56906	0 23.8071 1.59024
0.488281 4.30632 4.5512	0 28.1501 1.56602
0.488525 4.75121 4.52874	0 25.3215 1.5313
0.48877 4.28149 4.50447	0 16.5209 1.49125
0.489014 4.17982 4.48105	0 16.4405 1.45145
0.489258 4.94718 4.46065	0 27.6966 1.41647
0.489502 4.07237 4.44474	0 17.9134 1.38885
0.489746 4.03329 4.43397	0 16.0919 1.36891
0.48999 4.0142 4.42814	0 12.707 1.35538
0.490234 4.18429 4.42642	0 16.3797 1.3462
0.490479 4.30904 4.42753	0 14.8863 1.33907
0.490723 5.63313 4.43006	0 36.8348 1.33152
0.490967 4.71613 4.43275	0 26.9642 1.32083
0.491211 3.98622 4.43472	0 25.4353 1.30416
0.491455 4.2065 4.43552	0 21.5922 1.27904
0.491699 4.50995 4.43519	0 22.1985 1.24423
0.491943 4.58031 4.43412	0 20.4982 1.2004
0.492188 4.25309 4.43289	0 15.4978 1.15026
0.492432 4.36865 4.43215	0 18.486 1.09802
0.492676 4.61241 4.43245	0 16.6304 1.04813
0.49292 4.54248 4.43417	0 16.5954 1.00392
0.493164 3.75072 4.43746	0 11.1155 0.966781
0.493408 4.73465 4.44223	0 19.3977 0.936167
0.493652 4.77152 4.44815	0 22.8928 0.910658
0.493896 4.08269 4.45469	0 22.1308 0.889461
0.494141 4.4931 4.46114	0 23.1158 0.873665
0.494385 4.79696 4.46663	0 24.033 0.866544
0.494629 3.87448 4.47023	0 13.4799 0.872734
0.494873 5.05657 4.47105	0 22.6142 0.89657
0.495117 4.09245 4.46831	0 18.383 0.940273
0.495361 4.82628 4.46148	0 16.6129 1.0027
0.495605 4.59997 4.45033	0 16.289 1.07912
0.49585 4.42428 4.43493	0 17.9327 1.16213
0.496094 5.00427 4.4155	0 17.5395 1.24325
0.496338 4.43107 4.39219	0 20.3553 1.31468
0.496582 3.84696 4.36474	0 12.3876 1.37063
0.496826 4.28276 4.33214	0 28.808 1.4077
0.49707 4.07287 4.29227	0 19.9835 1.42467
0.497314 3.89505 4.24177	0 15.9102 1.42183
0.497559 4.6003 4.176	0 26.1997 1.40057
0.497803 4.95181 4.0894	0 24.0018 1.36314
0.498047 4.08769 3.97599	0 17.4232 1.31235
0.498291 4.31099 3.83014	0 17.2718 1.25106
0.498535 4.30472 3.64757	0 20.2066 1.18118
0.498779 4.3334 3.42619	0 14.637 1.10293
0.499023 3.64561 3.16692	0 16.2356 1.01473
0.499268 4.06323 2.87411	0 19.3439 0.914334
0.499512 4.1674 2.55552	0 19.8239 0.800753
0.499756 3.82862 1.88498	0 23.0039 0.545897
