0 0 1.12673	0 0 0.110261
0.000244141 2.52526 1.33987	0 6.17415 0.138891
0.000488281 2.58909 1.5611	0 5.97964 0.170275
0.000732422 1.998 1.78668	0 4.5668 0.205746
0.000976562 2.21728 2.01421	0 4.53602 0.24775
0.0012207 1.83189 2.24293	0 4.6899 0.299392
0.00146484 2.6064 2.47389	0 5.91078 0.36375
0.00170898 2.41957 2.70977	0 6.12032 0.443249
0.00195312 2.95109 2.95461	0 7.14021 0.539346
0.00219727 3.14775 3.21334	0 10.4943 0.65262
0.00244141 2.83874 3.4914	0 7.54158 0.783221
0.00268555 3.66249 3.7943	0 14.7695 0.931645
0.00292969 3.52794 4.12726	0 10.55 1.09983
0.00317383 3.64906 4.49489	0 10.6369 1.29258
0.00341797 5.06343 4.90087	0 26.4253 1.51898
0.00366211 4.17828 5.34764	0 18.7107 1.7932
0.00390625 4.55512 5.83611	0 17.3032 2.13352
0.00415039 6.60971 6.36542	0 33.388 2.55908
0.00439453 6.31731 6.93277	0 37.4458 3.08452
0.00463867 6.35027 7.53337	0 36.2905 3.71429
0.00488281 7.38775 8.16053	0 47.0314 4.43939
0.00512695 9.18859 8.80594	0 108.65 5.23905
0.00537109 10.0734 9.46003	0 117.373 6.08752
0.00561523 9.57687 10.1124	0 98.9652 6.96352
0.00585938 10.4779 10.7524	0 100.624 7.85714
0.00610352 13.3259 11.3693	0 170.157 8.7693
0.00634766 12.3613 11.9531	0 126.68 9.70213
0.0065918 14.4564 12.4944	0 148.418 10.6442
0.00683594 11.2907 12.9853	0 114.212 11.559
0.00708008 14.7038 13.419	0 208.762 12.3843
0.00732422 13.2766 13.791	0 193.629 13.049
0.00756836 17.4178 14.0987	0 344.303 13.4992
0.0078125 16.5533 14.3419	0 257.89 13.7258
0.00805664 15.1827 14.5225	0 194.764 13.7763
0.00830078 15.4867 14.6444	0 164.244 13.7432
0.00854492 13.7048 14.7123	0 199.82 13.7318
0.00878906 16.4333 14.7315	0 262.59 13.8191
0.0090332 14.7151 14.7068	0 188.429 14.0234
0.00927734 11.6124 14.6424	0 100.206 14.2977
0.00952148 15.4214 14.5417	0 283.575 14.5494
0.00976562 16.5461 14.4082	0 345.849 14.6758
0.0100098 15.7001 14.2454	0 259.252 14.5977
0.0102539 16.3531 14.0581	0 330.636 14.2787
0.010498 14.0573 13.8522	0 190.047 13.7248
0.0107422 12.0157 13.6348	0 113.677 12.9732
0.0109863 12.4915 13.4138	0 244.652 12.0798
0.0112305 12.0683 13.1971	0 209.604 11.1124
0.0114746 13.4843 12.9917	0 159.075 10.1484
0.0117188 12.0884 12.8033	0 165.919 9.27011
0.0119629 12.0923 12.6365	0 140.366 8.55277
0.012207 12.5159 12.494	0 125.482 8.04875
0.0124512 13.3882 12.3774	0 135.417 7.77359
0.0126953 11.4781 12.2875	0 107.294 7.70195
0.0129395 10.975 12.2242	0 96.3381 7.77615
0.0131836 12.2481 12.1866	0 148.136 7.92468
0.0134277 12.0306 12.1731	0 136.194 8.08419
0.0136719 11.0618 12.181	0 87.01 8.21747
0.013916 11.6432 12.2071	0 167.539 8.32066
0.0141602 11.452 12.2474	0 116.117 8.41721
0.0144043 13.8162 12.2976	0 155.984 8.54098
0.0146484 12.8895 12.3539	0 222.425 8.71629
0.0148926 12.3613 12.4132	0 157.848 8.94471
0.0151367 12.0669 12.4736	0 140.129 9.20517
0.0153809 12.8894 12.5347	0 125.896 9.46694
0.015625 12.2521 12.5972	0 163.962 9.70844
0.0158691 14.3306 12.6628	0 226.164 9.93137
0.0161133 11.6908 12.7334	0 171.487 10.1624
0.0163574 11.302 12.8107	0 165.729 10.441
0.0166016 12.0837 12.896	0 126.751 10.7987
0.0168457 13.7764 12.9894	0 152.781 11.2412
0.0170898 13.7932 13.0899	0 163.953 11.7402
0.017334 12.9463 13.1961	0 180.849 12.2406
0.0175781 12.4015 13.3057	0 156.242 12.6792
0.0178223 13.4922 13.4166	0 177.932 13.0064
0.0180664 14.2053 13.5269	0 234.303 13.2005
0.0183105 14.1484 13.6355	0 207.133 13.2708
0.0185547 14.1061 13.7417	0 233.769 13.2489
0.0187988 13.8378 13.8456	0 146.226 13.1765
0.019043 12.5934 13.9477	0 144.261 13.097
0.0192871 14.7892 14.0484	0 207.048 13.0532
0.0195312 13.3521 14.1475	0 149.567 13.0886
0.0197754 16.1875 14.2442	0 238.471 13.2447
0.0200195 13.5369 14.3368	0 180.237 13.5511
0.0202637 12.6627 14.4228	0 167.278 14.0111
0.0205078 14.461 14.4991	0 288.368 14.5917
0.020752 15.2718 14.563	0 271.211 15.2265
0.0209961 16.5506 14.6125	0 203.758 15.8319
0.0212402 15.2044 14.6468	0 213.839 16.3315
0.0214844 16.264 14.6664	0 347.183 16.6751
0.0217285 14.2429 14.6733	0 225.69 16.8434
0.0219727 12.1741 14.6705	0 138.769 16.8376
0.0222168 16.3597 14.6614	0 280.219 16.6636
0.0224609 12.5519 14.649	0 206.771 16.3226
0.0227051 15.4103 14.6361	0 275.559 15.8157
0.0229492 14.5918 14.6245	0 197.1 15.1604
0.0231934 15.3825 14.6153	0 264.31 14.4063
0.0234375 15.4284 14.6089	0 261.687 13.6408
0.0236816 13.405 14.6053	0 142.619 12.9781
0.0239258 14.5678 14.6043	0 216.593 12.5327
0.0241699 14.4445 14.6059	0 189.874 12.387
0.0244141 14.2895 14.6098	0 165.969 12.5635
0.0246582 15.1469 14.6163	0 191.552 13.0125
0.0249023 13.5698 14.6257	0 184.25 13.62
0.0251465 15.379 14.6385	0 263.536 14.2366
0.0253906 15.6805 14.6555	0 199.539 14.7183
0.0256348 14.4984 14.6771	0 211.603 14.9679
0.0258789 14.8286 14.7033	0 196.678 14.9619
0.026123 14.3697 14.7336	0 253.494 14.7524
0.0263672 12.7979 14.7665	0 191.387 14.4442
0.0266113 12.3186 14.8003	0 176.492 14.1543
0.0268555 17.8513 14.8335	0 320.264 13.972
0.0270996 14.5588 14.8654	0 216.588 13.9364
0.0273438 17.2051 14.8978	0 219.978 14.0387
0.0275879 16.9994 14.9346	0 279.515 14.2437
0.027832 13.5854 14.9825	0 209.117 14.518
0.0280762 15.7154 15.0498	0 288.338 14.8468
0.0283203 11.0876 15.1459	0 108.312 15.2363
0.0285645 14.2128 15.2791	0 152.211 15.705
0.0288086 13.7456 15.4551	0 203.51 16.2748
0.0290527 17.29 15.676	0 262.909 16.9689
0.0292969 15.0164 15.9398	0 298.969 17.812
0.029541 15.3001 16.2395	0 261.336 18.8255
0.0297852 13.2627 16.565	0 217.479 20.0124
0.0300293 18.1963 16.9035	0 463.048 21.3374
0.0302734 18.7172 17.241	0 325.434 22.7122
0.0305176 19.097 17.5648	0 390.568 24.0011
0.0307617 18.4701 17.8638	0 451.366 25.0483
0.0310059 19.0438 18.1306	0 400.945 25.7226
0.03125 18.865 18.3612	0 414.493 25.9611
0.0314941 19.1422 18.5557	0 313.863 25.7976
0.0317383 21.005 18.7175	0 462.443 25.3622
0.0319824 16.4716 18.8524	0 237.803 24.8521
0.0322266 19.028 18.9679	0 296.058 24.4807
0.0324707 19.6496 19.0719	0 312.681 24.4217
0.0327148 20.3393 19.1719	0 500.346 24.7643
0.032959 17.3838 19.2745	0 255.706 25.4945
0.0332031 18.0491 19.3852	0 378.417 26.5074
0.0334473 22.1384 19.5084	0 499.256 27.6427
0.0336914 17.0538 19.648	0 252.437 28.7326
0.0339355 19.3865 19.8076	0 374.685 29.6453
0.0341797 19.9422 19.9915	0 408.242 30.3146
0.0344238 21.3353 20.2044	0 388.214 30.7466
0.034668 21.9102 20.4517	0 744.374 31.0036
0.0349121 19.7979 20.7385	0 305.471 31.1704
0.0351562 19.4499 21.0693	0 457.498 31.3175
0.0354004 17.8895 21.4467	0 275.301 31.4805
0.0356445 20.6789 21.871	0 553.086 31.6701
0.0358887 20.5192 22.3397	0 508.286 31.913
0.0361328 23.0529 22.8476	0 774.669 32.3007
0.036377 26.9973 23.388	0 567.11 33.0138
0.0366211 21.912 23.9531	0 393.759 34.2938
0.0368652 28.533 24.5352	0 901.121 36.3621
0.0371094 19.8716 25.1274	0 405.211 39.3171
0.0373535 26.6851 25.7243	0 653.376 43.0611
0.0375977 26.2528 26.3218	0 860.342 47.2991
0.0378418 28.6687 26.9174	0 817.304 51.6184
0.0380859 25.7906 27.5104	0 592.276 55.6189
0.0383301 30.7533 28.1015	0 1015.33 59.0348
0.0385742 24.2353 28.6927	0 518.814 61.7956
0.0388184 34.0157 29.2875	0 1111.05 64.0047
0.0390625 29.2415 29.8901	0 909.749 65.8591
0.0393066 32.351 30.505	0 1060.93 67.5567
0.0395508 28.428 31.1363	0 837.017 69.2352
0.0397949 26.1308 31.7875	0 786.819 70.9593
0.0400391 33.7883 32.4611	0 1209.37 72.7402
0.0402832 35.783 33.1588	0 1461.48 74.5591
0.0405273 31.3329 33.8818	0 742.688 76.3793
0.0407715 41.1602 34.632	0 1542.9 78.1518
0.0410156 28.7412 35.4121	0 728.343 79.8349
0.0412598 39.5004 36.2265	0 1437.29 81.4388
0.0415039 31.4162 37.0806	0 987.643 83.0833
0.041748 41.9239 37.9812	0 1557.1 85.0344
0.0419922 39.5221 38.9348	0 1236.89 87.6859
0.0422363 35.3011 39.9475	0 1436.25 91.4766
0.0424805 37.5396 41.0238	0 1385.89 96.7659
0.0427246 44.8642 42.1663	0 1744.81 103.718
0.0429688 44.0186 43.3758	0 1626.81 112.248
0.0432129 36.8288 44.6523	0 1574.19 122.05
0.043457 50.9053 45.9957	0 1861.85 132.718
0.0437012 48.5571 47.4082	0 2098.84 143.912
0.0439453 43.5141 48.8951	0 1877.53 155.508
0.0441895 48.8476 50.4666	0 2657.63 167.686
0.0444336 55.2448 52.1375	0 2552.3 180.901
0.0446777 56.7022 53.9262	0 3862.71 195.759
0.0449219 56.6715 55.8523	0 4999.72 212.816
0.045166 47.3804 57.9327	0 3022.34 232.37
0.0454102 53.3212 60.178	0 2793.75 254.296
0.0456543 60.6766 62.5884	0 2847.18 277.966
0.0458984 61.4527 65.1519	0 4763.22 302.286
0.0461426 66.8562 67.8439	0 4472.96 325.865
0.0463867 63.8706 70.6304	0 5724.3 347.265
0.0466309 81.01 73.4725	0 8030.15 365.258
0.046875 74.6876 76.3329	0 6802.58 379.015
0.0471191 77.3599 79.1821	0 6553.71 388.207
0.0473633 96.6071 82.0037	0 6670.05 393.114
0.0476074 87.5071 84.7961	0 5938.47 394.813
0.0478516 86.1018 87.571	0 7150.11 395.428
0.0480957 98.3495 90.3486	0 12178.9 398.234
0.0483398 81.4096 93.1493	0 5732.82 407.318
0.048584 85.0832 95.9854	0 5876.71 426.632
0.0488281 91.5573 98.8532	0 6739.6 458.624
0.0490723 109.393 101.728	0 13565.2 502.949
0.0493164 95.3903 104.562	0 7809.71 555.908
0.0495605 110.106 107.29	0 8790.98 611.04
0.0498047 127.489 109.833	0 33132.9 660.758
0.0500488 109.776 112.106	0 11988 698.471
0.050293 117.865 114.029	0 14023 720.378
0.0505371 126.569 115.536	0 14460.2 726.281
0.0507812 141.763 116.577	0 27721.6 719.224
0.0510254 105.603 117.123	0 10849.4 704.198
0.0512695 126.832 117.169	0 15517.2 686.459
0.0515137 134.039 116.731	0 13425.8 670.077
0.0517578 106.501 115.841	0 9077.97 657.139
0.052002 124.462 114.546	0 15295.7 647.758
0.0522461 124.232 112.898	0 22659.7 640.681
0.0524902 115.791 110.952	0 11134 634.113
0.0527344 106.205 108.756	0 9388.89 626.341
0.0529785 103.267 106.348	0 10753.5 615.982
0.0532227 102.517 103.755	0 11907.5 601.937
0.0534668 82.0558 100.991	0 5093.86 583.274
0.0537109 113.584 98.0605	0 9875.03 559.258
0.0539551 99.064 94.9666	0 6035.37 529.57
0.0541992 114.594 91.7157	0 13233.8 494.59
0.0544434 82.7064 88.3237	0 5978.83 455.574
0.0546875 92.9115 84.8192	0 9553.08 414.561
0.0549316 79.8516 81.2431	0 8171.21 374.006
0.0551758 73.3927 77.6454	0 4265.6 336.212
0.0554199 61.6712 74.0796	0 4345.17 302.788
0.0556641 67.9598 70.5969	0 4164.94 274.318
0.0559082 64.5074 67.241	0 4325.4 250.364
0.0561523 65.952 64.0448	0 3913.48 229.802
0.0563965 59.7755 61.029	0 4374.31 211.325
0.0566406 57.267 58.2016	0 3084.91 193.913
0.0568848 53.9589 55.5598	0 3108.68 177.08
0.0571289 48.838 53.0907	0 2683.14 160.844
0.057373 43.8562 50.7739	0 1506.81 145.486
0.0576172 40.3151 48.5837	0 1280.64 131.256
0.0578613 43.7353 46.4926	0 1847.31 118.204
0.0581055 55.9419 44.4742	0 3094.85 106.192
0.0583496 47.5939 42.5072	0 2056.29 95.0489
0.0585938 44.735 40.5781	0 1040.78 84.7323
0.0588379 33.8824 38.6826	0 889.653 75.3835
0.059082 34.6617 36.8253	0 1067.26 67.2423
0.0593262 33.9195 35.0182	0 999.153 60.4871
0.0595703 28.8245 33.2777	0 990.739 55.1038
0.0598145 28.8566 31.6215	0 883.838 50.8594
0.0600586 30.9115 30.0655	0 1146.26 47.3821
0.0603027 27.9469 28.6215	0 747.821 44.2925
0.0605469 27.5285 27.2966	0 709.279 41.3184
0.060791 22.2714 26.0919	0 402.049 38.3462
0.0610352 21.3231 25.0033	0 653.349 35.4056
0.0612793 22.2821 24.022	0 411.56 32.6101
0.0615234 22.0004 23.1355	0 540.11 30.0877
0.0617676 21.7676 22.3288	0 509.542 27.9292
0.0620117 22.0009 21.5861	0 470.728 26.164
0.0622559 21.5956 20.8926	0 584.625 24.7619
0.0625 20.1542 20.2357	0 272.05 23.6492
0.0627441 18.8816 19.6067	0 435.5 22.7304
0.0629883 20.8764 19.0013	0 311.483 21.9092
0.0632324 17.7212 18.4196	0 418.196 21.1065
0.0634766 18.6474 17.8652	0 298.449 20.2729
0.0637207 15.8101 17.3439	0 231.114 19.3943
0.0639648 16.4074 16.8616	0 295.663 18.4889
0.064209 15.0968 16.4226	0 209.151 17.5967
0.0644531 13.2776 16.0277	0 200.516 16.7632
0.0646973 14.3894 15.6739	0 226.998 16.0212
0.0649414 13.7503 15.3541	0 169.743 15.3746
0.0651855 15.9718 15.0579	0 259.381 14.7937
0.0654297 16.0585 14.7739	0 236.575 14.2235
0.0656738 14.5418 14.4909	0 286.231 13.6053
0.065918 18.2914 14.2003	0 344.178 12.9003
0.0661621 13.7604 13.8967	0 175.269 12.104
0.0664062 12.7368 13.5789	0 151.807 11.2431
0.0666504 12.2311 13.2492	0 134.078 10.3611
0.0668945 13.5567 12.9129	0 264.645 9.4997
0.0671387 13.3383 12.5766	0 200.307 8.68781
0.0673828 10.3561 12.2474	0 110.49 7.93994
0.067627 11.5454 11.9312	0 91.6584 7.26064
0.0678711 11.5507 11.6325	0 130.258 6.64949
0.0681152 10.6551 11.3538	0 107.568 6.10406
0.0683594 11.3469 11.0959	0 133.336 5.6212
0.0686035 10.1989 10.858	0 98.0986 5.19828
0.0688477 11.1296 10.6379	0 110.004 4.83443
0.0690918 9.92197 10.4334	0 106.424 4.53079
0.0693359 9.44378 10.2419	0 49.7489 4.28887
0.0695801 10.5085 10.0613	0 91.426 4.10741
0.0698242 9.52426 9.89037	0 81.6346 3.97999
0.0700684 11.0837 9.72865	0 139.818 3.89516
0.0703125 8.89547 9.57643	0 91.671 3.8399
0.0705566 9.74985 9.43446	0 84.2223 3.80471
0.0708008 9.42797 9.30349	0 76.3346 3.7877
0.0710449 7.43759 9.18376	0 64.1004 3.79507
0.0712891 8.46853 9.07467	0 64.4605 3.83725
0.0715332 8.80939 8.97465	0 65.4833 3.92219
0.0717773 8.93942 8.88135	0 82.0242 4.04872
0.0720215 9.11902 8.79209	0 66.6099 4.20352
0.0722656 8.19134 8.70456	0 78.2013 4.36329
0.0725098 10.3224 8.61737	0 141.38 4.50171
0.0727539 10.1292 8.5305	0 96.9393 4.59804
0.072998 7.27189 8.44529	0 49.3514 4.64357
0.0732422 7.90999 8.36417	0 63.8359 4.64276
0.0734863 7.48078 8.28998	0 45.8684 4.60884
0.0737305 8.53311 8.22524	0 70.392 4.55604
0.0739746 6.33503 8.17151	0 22.6805 4.49249
0.0742188 7.95106 8.12892	0 70.5402 4.41761
0.0744629 8.70203 8.09611	0 100.228 4.32534
0.074707 8.3423 8.07044	0 57.5931 4.21158
0.0749512 8.38366 8.04852	0 71.0699 4.08157
0.0751953 7.66595 8.02672	0 67.8007 3.95291
0.0754395 7.92078 8.00172	0 55.719 3.85183
0.0756836 9.02762 7.97094	0 53.966 3.80398
0.0759277 7.74458 7.93273	0 55.2174 3.82374
0.0761719 7.6987 7.88649	0 54.546 3.907
0.076416 7.97355 7.8326	0 48.7965 4.03087
0.0766602 8.63337 7.7723	0 106.37 4.16037
0.0769043 7.22578 7.70748	0 47.8292 4.25934
0.0771484 6.54279 7.64049	0 51.6416 4.30095
0.0773926 8.89608 7.57392	0 51.6764 4.27399
0.0776367 7.99625 7.51026	0 72.2736 4.18326
0.0778809 7.03969 7.45167	0 33.6124 4.04513
0.078125 6.0997 7.39966	0 30.3115 3.88129
0.0783691 7.472 7.35496	0 45.6528 3.7133
0.0786133 7.17894 7.31746	0 44.1854 3.55959
0.0788574 6.33515 7.28636	0 31.043 3.43426
0.0791016 7.70997 7.26047	0 90.728 3.34667
0.0793457 8.03552 7.23858	0 51.4671 3.30085
0.0795898 7.44941 7.21982	0 40.4318 3.29523
0.079834 7.24798 7.20394	0 45.761 3.32329
0.0800781 7.36842 7.19125	0 56.3849 3.37579
0.0803223 7.10813 7.18248	0 43.4607 3.44366
0.0805664 6.46678 7.17838	0 84.1136 3.52007
0.0808105 6.7406 7.17932	0 20.9545 3.60064
0.0810547 7.0647 7.18489	0 42.561 3.68173
0.0812988 6.45861 7.19384	0 54.9881 3.75851
0.081543 7.49115 7.20413	0 33.7654 3.82414
0.0817871 7.8036 7.21329	0 70.5654 3.87096
0.0820312 7.77976 7.21892	0 70.1499 3.89284
0.0822754 6.96735 7.21916	0 50.5264 3.88724
0.0825195 7.75828 7.21304	0 54.1795 3.85551
0.0827637 7.70823 7.20068	0 60.0208 3.80147
0.0830078 7.25286 7.18312	0 46.8983 3.72881
0.083252 6.75028 7.16208	0 47.507 3.63921
0.0834961 6.68042 7.13951	0 37.0188 3.53206
0.0837402 7.15452 7.11713	0 53.3943 3.40655
0.0839844 6.41542 7.09618	0 26.6461 3.26513
0.0842285 7.6288 7.07712	0 87.1195 3.11664
0.0844727 7.23773 7.05976	0 38.8291 2.97721
0.0847168 6.85689 7.04335	0 39.261 2.86759
0.0849609 6.67052 7.02688	0 37.0091 2.80741
0.0852051 7.22754 7.00939	0 32.1947 2.80854
0.0854492 7.80417 6.99026	0 58.0069 2.87045
0.0856934 6.83069 6.96944	0 30.2104 2.97982
0.0859375 6.6808 6.94758	0 42.1973 3.11459
0.0861816 6.92963 6.92602	0 71.1183 3.2507
0.0864258 6.84137 6.9067	0 45.653 3.36851
0.0866699 6.89308 6.89197	0 33.4987 3.45662
0.0869141 7.513 6.88424	0 58.1313 3.51212
0.0871582 5.84811 6.88565	0 33.1225 3.53829
0.0874023 6.8517 6.89765	0 49.246 3.541
0.0876465 6.5623 6.92066	0 40.3286 3.52554
0.0878906 7.0111 6.95395	0 40.4293 3.49455
0.0881348 5.78023 6.99554	0 41.1968 3.44757
0.0883789 6.81425 7.04257	0 46.7496 3.3824
0.088623 8.12024 7.09174	0 54.729 3.29802
0.0888672 6.0914 7.13991	0 48.8524 3.19804
0.0891113 8.50296 7.18474	0 53.3219 3.09323
0.0893555 9.1639 7.22513	0 73.6472 3.0013
0.0895996 6.47771 7.26143	0 44.5791 2.94362
0.0898438 7.28065 7.29524	0 35.756 2.93995
0.0900879 6.95416 7.32906	0 50.2043 3.00361
0.090332 6.44932 7.36563	0 32.9469 3.13906
0.0905762 6.96423 7.40737	0 61.2492 3.34211
0.0908203 7.28647 7.45586	0 52.3464 3.60157
0.0910645 7.91829 7.51157	0 56.2478 3.90033
0.0913086 7.68663 7.57385	0 38.4482 4.21558
0.0915527 7.61574 7.64109	0 59.0064 4.51942
0.0917969 7.21255 7.71104	0 63.2088 4.78142
0.092041 7.51378 7.78121	0 78.889 4.97362
0.0922852 9.57873 7.84918	0 124.344 5.07644
0.0925293 6.64811 7.91301	0 44.5556 5.08305
0.0927734 8.01097 7.97139	0 56.0825 5.00076
0.0930176 8.35075 8.02385	0 63.437 4.84919
0.0932617 9.19504 8.07073	0 107.028 4.65606
0.0935059 7.32583 8.11311	0 74.8666 4.45143
0.09375 9.05862 8.15253	0 59.7443 4.26125
0.0939941 8.11562 8.1907	0 56.3196 4.10199
0.0942383 7.46912 8.22908	0 65.3036 3.97835
0.0944824 7.27257 8.26855	0 59.1948 3.88574
0.0947266 8.59443 8.30913	0 112.304 3.81628
0.0949707 8.42644 8.34995	0 79.1717 3.7653
0.0952148 8.55217 8.38934	0 95.6544 3.73423
0.095459 9.26707 8.4251	0 94.2361 3.72849
0.0957031 7.81595 8.45495	0 46.1614 3.75199
0.0959473 9.14747 8.47702	0 80.1505 3.80228
0.0961914 8.01963 8.4903	0 51.3938 3.86988
0.0964355 8.62444 8.49504	0 65.0415 3.94264
0.0966797 9.44517 8.49294	0 75.4549 4.01277
0.0969238 9.58118 8.48714	0 98.8901 4.08262
0.097168 7.3789 8.48191	0 70.7879 4.16547
0.0974121 8.13401 8.48218	0 82.9143 4.28062
0.0976562 9.05896 8.49274	0 59.1054 4.44462
0.0979004 8.19384 8.51752	0 63.5936 4.66279
0.0981445 6.90547 8.55881	0 42.6062 4.92468
0.0983887 7.53181 8.61678	0 65.6545 5.2054
0.0986328 8.0718 8.68938	0 68.9126 5.47204
0.098877 9.67981 8.77252	0 98.5982 5.69242
0.0991211 8.7752 8.86074	0 68.6313 5.84268
0.0993652 9.39315 8.94798	0 88.6274 5.91105
0.0996094 9.74641 9.02851	0 90.3402 5.89725
0.0998535 9.32889 9.09763	0 91.1563 5.80909
0.100098 10.4256 9.15222	0 134.408 5.65938
0.100342 8.05591 9.19085	0 71.2375 5.46511
0.100586 9.84836 9.21364	0 92.3419 5.24907
0.10083 9.27677 9.22189	0 80.3556 5.04141
0.101074 10.1093 9.21752	0 79.785 4.87807
0.101318 9.8999 9.20269	0 85.4382 4.79447
0.101562 6.8018 9.1794	0 47.3019 4.81545
0.101807 8.37425 9.14943	0 57.5507 4.94483
0.102051 10.2512 9.11437	0 83.747 5.15922
0.102295 10.7384 9.0758	0 87.205 5.40964
0.102539 9.42303 9.03542	0 68.9561 5.63211
0.102783 8.56389 8.99509	0 58.2214 5.76514
0.103027 8.22254 8.95671	0 63.2759 5.76847
0.103271 9.37255 8.92188	0 76.9988 5.63648
0.103516 8.19577 8.8916	0 69.2603 5.40083
0.10376 6.82631 8.86597	0 49.6173 5.12059
0.104004 9.67653 8.84405	0 65.9638 4.8632
0.104248 9.76566 8.82398	0 81.8005 4.68264
0.104492 9.24344 8.80334	0 94.7649 4.60275
0.104736 8.12038 8.77956	0 47.5993 4.61127
0.10498 9.09701 8.75045	0 85.1207 4.66651
0.105225 9.75119 8.71453	0 104.533 4.71387
0.105469 8.12775 8.67123	0 51.8517 4.7056
0.105713 8.30365 8.62083	0 69.1524 4.61648
0.105957 9.73855 8.56425	0 119.216 4.44944
0.106201 7.95239 8.50272	0 46.5606 4.23009
0.106445 8.72866 8.4374	0 79.8468 3.99365
0.106689 7.63995 8.36916	0 33.2086 3.7708
0.106934 7.59471 8.2984	0 46.6969 3.57878
0.107178 8.40569 8.22515	0 62.4263 3.42071
0.107422 9.2968 8.14924	0 91.3187 3.29153
0.107666 8.27925 8.07061	0 61.1 3.18589
0.10791 7.84778 7.98961	0 46.9422 3.10297
0.108154 8.26237 7.90725	0 50.7662 3.04598
0.108398 7.13512 7.8253	0 61.2698 3.01798
0.108643 7.37734 7.74622	0 69.7145 3.01796
0.108887 8.90958 7.67289	0 68.3481 3.04032
0.109131 7.15939 7.60822	0 49.9523 3.0784
0.109375 6.50505 7.55468	0 34.557 3.12906
0.109619 8.12738 7.51379	0 51.3707 3.19472
0.109863 6.4816 7.48579	0 51.1344 3.28073
0.110107 6.86246 7.4694	0 39.9397 3.38929
0.110352 6.39111 7.46187	0 52.3992 3.51363
0.110596 8.24446 7.45931	0 81.9315 3.63623
0.11084 7.8621 7.45718	0 51.4628 3.73284
0.111084 9.04101 7.45092	0 86.6058 3.78037
0.111328 6.39171 7.43669	0 52.1051 3.76469
0.111572 7.22718 7.41186	0 51.3333 3.68451
0.111816 8.63194 7.37551	0 74.772 3.55007
0.112061 7.63002 7.32844	0 72.1443 3.37845
0.112305 6.78402 7.2731	0 35.5766 3.18883
0.112549 8.234 7.21311	0 58.4003 2.99973
0.112793 7.61059 7.15267	0 69.3076 2.82816
0.113037 5.79079 7.09584	0 36.2332 2.68877
0.113281 5.58325 7.04587	0 31.1753 2.59168
0.113525 7.09944 7.00472	0 60.5653 2.53952
0.11377 6.89737 6.97277	0 44.7344 2.526
0.114014 7.24736 6.94895	0 49.9092 2.53787
0.114258 7.07632 6.93101	0 31.4734 2.55995
0.114502 6.20219 6.91609	0 37.7314 2.58069
0.114746 7.19662 6.90137	0 65.0755 2.59533
0.11499 7.53344 6.88455	0 44.6381 2.60518
0.115234 7.14162 6.86429	0 38.3041 2.61416
0.115479 7.25562 6.84031	0 43.8849 2.62509
0.115723 7.29276 6.81324	0 40.8249 2.63791
0.115967 6.34033 6.78427	0 40.549 2.65049
0.116211 6.21448 6.75474	0 57.4547 2.66068
0.116455 5.71456 6.72572	0 33.4129 2.66776
0.116699 6.19018 6.69772	0 36.7843 2.67241
0.116943 7.72846 6.67065	0 43.9495 2.67528
0.117188 7.5113 6.64387	0 52.9349 2.67556
0.117432 5.88982 6.6165	0 32.0661 2.67034
0.117676 7.34312 6.58762	0 53.5121 2.65505
0.11792 6.43343 6.55659	0 35.0223 2.62449
0.118164 5.61939 6.52317	0 31.1537 2.57404
0.118408 7.17674 6.4876	0 54.1458 2.50079
0.118652 6.07127 6.45056	0 41.3791 2.40482
0.118896 6.93819 6.41307	0 53.3595 2.29033
0.119141 6.22542 6.37636	0 34.5464 2.16625
0.119385 7.01912 6.34164	0 73.4327 2.04565
0.119629 5.30593 6.30995	0 30.0596 1.94362
0.119873 6.28069 6.282	0 44.8786 1.87344
0.120117 6.21718 6.25803	0 33.1341 1.84241
0.120361 5.85997 6.23782	0 28.7225 1.8488
0.120605 5.86884 6.22078	0 23.9093 1.88166
0.12085 6.55595 6.20612	0 36.0232 1.92411
0.121094 6.27834 6.19307	0 39.6008 1.95898
0.121338 6.63734 6.18106	0 45.7795 1.97477
0.121582 6.58291 6.16981	0 49.1215 1.96927
0.121826 6.49408 6.15928	0 26.6741 1.9496
0.12207 5.45387 6.14957	0 30.5118 1.92854
0.122314 4.95167 6.1407	0 18.7657 1.91863
0.122559 6.47741 6.13248	0 45.0618 1.9262
0.122803 5.58809 6.12449	0 28.3838 1.9477
0.123047 7.48205 6.11606	0 31.9032 1.97
0.123291 5.98208 6.10653	0 27.0638 1.97497
0.123535 5.95198 6.09532	0 41.761 1.9471
0.123779 6.28879 6.08208	0 44.4691 1.88086
0.124023 6.91235 6.06667	0 41.1559 1.78468
0.124268 5.05981 6.04905	0 22.048 1.67929
0.124512 6.31984 6.02908	0 49.2081 1.59104
0.124756 5.09369 6.00637	0 25.8375 1.54301
0.125 6.14929 5.98022	0 34.5813 1.54754
0.125244 5.83039 5.94971	0 21.8345 1.603
0.125488 6.93792 5.91397	0 44.7981 1.69538
0.125732 5.96263 5.87243	0 30.3907 1.80332
0.125977 5.7877 5.82519	0 29.0068 1.90472
0.126221 6.55572 5.77317	0 36.1112 1.98245
0.126465 5.35301 5.71811	0 25.5473 2.02783
0.126709 6.41763 5.66239	0 27.1452 2.0408
0.126953 4.3126 5.60872	0 19.1309 2.02742
0.127197 5.65579 5.55977	0 25.9951 1.99582
0.127441 4.39014 5.51779	0 18.8948 1.95265
0.127686 5.72587 5.48435	0 30.2986 1.90181
0.12793 6.01706 5.46027	0 34.3818 1.84562
0.128174 5.57717 5.44553	0 36.1609 1.78733
0.128418 5.35591 5.43941	0 29.3537 1.73289
0.128662 4.63417 5.44066	0 31.653 1.69053
0.128906 4.83012 5.4477	0 20.7342 1.66841
0.12915 5.78634 5.45883	0 27.4815 1.67184
0.129395 5.86112 5.47251	0 35.1738 1.7021
0.129639 5.02772 5.48757	0 22.3249 1.75744
0.129883 6.73742 5.50331	0 73.9515 1.8352
0.130127 5.87553 5.51958	0 34.2488 1.933
0.130371 4.77421 5.53664	0 24.1108 2.04771
0.130615 5.14064 5.55494	0 19.1687 2.17291
0.130859 5.30279 5.5749	0 31.0495 2.29711
0.131104 5.86459 5.59657	0 45.6353 2.40465
0.131348 5.34276 5.6195	0 48.0417 2.47939
0.131592 5.6842 5.64273	0 52.4647 2.5092
0.131836 5.89896 5.66486	0 27.6643 2.48893
0.13208 5.25597 5.6844	0 27.0098 2.42071
0.132324 5.64513 5.70008	0 25.3703 2.31233
0.132568 7.13348 5.71109	0 64.8423 2.17537
0.132812 5.60859 5.71734	0 23.1043 2.02395
0.133057 5.98896 5.71941	0 40.7709 1.87392
0.133301 5.1345 5.71835	0 18.4814 1.74163
0.133545 5.91822 5.71542	0 25.2239 1.64166
0.133789 5.42858 5.71164	0 30.8954 1.58402
0.134033 5.83078 5.70749	0 38.4854 1.57173
0.134277 4.49741 5.70277	0 14.9781 1.59962
0.134521 6.02508 5.69659	0 30.7498 1.6551
0.134766 6.33794 5.68761	0 52.8374 1.72066
0.13501 5.90164 5.67443	0 29.5012 1.77773
0.135254 5.46445 5.65599	0 32.6327 1.8111
0.135498 6.62394 5.63193	0 43.2368 1.81284
0.135742 5.45399 5.60275	0 27.1961 1.78448
0.135986 6.06257 5.56981	0 45.4629 1.73681
0.13623 4.83536 5.53513	0 23.552 1.68672
0.136475 5.36226 5.50101	0 23.6787 1.65201
0.136719 5.55072 5.46968	0 32.4213 1.64594
0.136963 4.68036 5.44295	0 17.9329 1.67336
0.137207 5.70236 5.42208	0 32.3502 1.73001
0.137451 4.67717 5.40765	0 20.1641 1.80496
0.137695 6.06526 5.39967	0 50.5152 1.88473
0.137939 5.55212 5.39771	0 28.9281 1.95725
0.138184 5.21403 5.40108	0 30.1144 2.01416
0.138428 5.37279 5.40889	0 43.6995 2.05113
0.138672 5.40888 5.42015	0 20.8057 2.06695
0.138916 4.63835 5.43378	0 17.4958 2.06235
0.13916 6.13455 5.44861	0 33.1785 2.03941
0.139404 5.16865 5.46342	0 28.0745 2.00136
0.139648 5.37429 5.47701	0 34.0914 1.95265
0.139893 5.46628 5.48833	0 21.2504 1.89851
0.140137 6.42882 5.49654	0 50.7743 1.84418
0.140381 5.70327 5.50113	0 25.4339 1.79373
0.140625 4.68087 5.50191	0 17.3697 1.74922
0.140869 6.44445 5.49897	0 28.394 1.71054
0.141113 4.86845 5.49256	0 21.2016 1.67615
0.141357 5.33646 5.48302	0 29.4924 1.64436
0.141602 5.34431 5.47068	0 30.8339 1.61455
0.141846 5.49321 5.45581	0 19.6709 1.58771
0.14209 6.33786 5.43869	0 69.8725 1.56585
0.142334 4.89541 5.41961	0 16.3261 1.5505
0.142578 6.04547 5.39895	0 33.0885 1.54095
0.142822 4.61819 5.37725	0 24.86 1.53341
0.143066 5.50502 5.35517	0 25.0515 1.52175
0.143311 5.68447 5.33347	0 54.8588 1.49999
0.143555 4.61489 5.31298	0 17.0123 1.46553
0.143799 5.4793 5.29446	0 35.9815 1.42148
0.144043 5.57986 5.27854	0 25.8067 1.37675
0.144287 5.31705 5.26562	0 27.9767 1.34357
0.144531 5.34684 5.25584	0 24.2322 1.33322
0.144775 4.22974 5.24899	0 13.0612 1.35197
0.14502 5.03723 5.24453	0 19.4854 1.39895
0.145264 5.75722 5.24163	0 44.8101 1.46674
0.145508 5.72517 5.23927	0 29.3073 1.54418
0.145752 5.18996 5.23635	0 26.3779 1.61989
0.145996 4.66377 5.23185	0 21.0537 1.6847
0.14624 5.56377 5.22496	0 36.2122 1.73242
0.146484 5.38228 5.21522	0 23.7642 1.75918
0.146729 5.05945 5.20253	0 20.1216 1.76258
0.146973 5.71835 5.1872	0 27.1071 1.74169
0.147217 5.14304 5.16983	0 28.915 1.69782
0.147461 5.29633 5.1512	0 25.3281 1.63536
0.147705 4.53251 5.13209	0 17.4628 1.56169
0.147949 4.78728 5.11317	0 22.3081 1.48579
0.148193 5.91899 5.09484	0 36.8551 1.41611
0.148438 4.19658 5.07717	0 16.7558 1.35869
0.148682 5.43296 5.05997	0 21.7256 1.31638
0.148926 5.12693 5.04281	0 37.1813 1.28899
0.14917 5.23614 5.02521	0 23.0154 1.27405
0.149414 4.83939 5.00678	0 20.6173 1.26754
0.149658 4.89014 4.98734	0 31.2636 1.26465
0.149902 4.91516 4.96703	0 19.1075 1.26081
0.150146 5.16449 4.94631	0 32.8111 1.25305
0.150391 5.68937 4.92591	0 30.8954 1.24136
0.150635 4.36593 4.90667	0 14.65 1.22918
0.150879 4.98622 4.88942	0 21.0512 1.22244
0.151123 3.83724 4.8748	0 16.0693 1.22709
0.151367 4.80455 4.86317	0 19.2625 1.2462
0.151611 5.08406 4.85457	0 36.2662 1.27798
0.151855 5.37081 4.8487	0 26.9545 1.31597
0.1521 4.70862 4.84507	0 28.03 1.35146
0.152344 4.72732 4.84301	0 24.3346 1.37709
0.152588 5.12881 4.84178	0 31.3764 1.38965
0.152832 4.51034 4.84064	0 21.0705 1.39058
0.153076 4.40055 4.83889	0 16.1957 1.38365
0.15332 5.5049 4.8359	0 30.8881 1.37154
0.153564 4.21176 4.83125	0 21.4045 1.35335
0.153809 5.24937 4.82476	0 31.6761 1.32512
0.154053 5.28804 4.81662	0 31.606 1.2832
0.154297 4.7836 4.80749	0 26.0208 1.22854
0.154541 4.72122 4.79847	0 16.8017 1.16903
0.154785 4.68081 4.791	0 20.1182 1.11837
0.155029 4.60591 4.7867	0 18.8126 1.0916
0.155273 4.91819 4.78704	0 22.5222 1.09972
0.155518 4.63772 4.79308	0 19.3977 1.14568
0.155762 4.89706 4.80522	0 18.223 1.22339
0.156006 3.84 4.82303	0 14.2297 1.31967
0.15625 4.46929 4.84536	0 19.4977 1.41793
0.156494 4.2362 4.87047	0 16.0935 1.50259
0.156738 6.52853 4.89637	0 44.5044 1.56298
0.156982 5.06784 4.92115	0 32.9971 1.59593
0.157227 5.65151 4.94328	0 24.8849 1.60633
0.157471 4.64099 4.96174	0 20.6563 1.60488
0.157715 4.37603 4.97602	0 14.0358 1.60374
0.157959 5.24562 4.98604	0 24.3353 1.61143
0.158203 4.56979 4.99191	0 11.9137 1.62928
0.158447 5.28257 4.99383	0 30.2486 1.65097
0.158691 5.13496 4.99197	0 21.6511 1.66533
0.158936 4.99933 4.98649	0 30.8596 1.66077
0.15918 4.92963 4.97762	0 20.7758 1.62951
0.159424 5.50408 4.96577	0 34.915 1.56994
0.159668 5.14716 4.95159	0 31.2737 1.48683
0.159912 4.67623 4.93597	0 18.6843 1.39002
0.160156 4.83167 4.9199	0 21.4388 1.29213
0.1604 4.84283 4.90433	0 19.932 1.20619
0.160645 4.87826 4.8899	0 22.4319 1.1432
0.160889 4.29235 4.87685	0 19.3421 1.10995
0.161133 5.04241 4.86485	0 21.8566 1.10747
0.161377 4.96067 4.85311	0 17.3764 1.13051
0.161621 4.67038 4.84047	0 18.104 1.16866
0.161865 5.08532 4.82566	0 25.1391 1.20891
0.162109 5.1834 4.80756	0 25.2676 1.23907
0.162354 4.69736 4.78549	0 26.0342 1.25101
0.162598 4.62294 4.75938	0 18.1001 1.24255
0.162842 5.51595 4.72994	0 27.8271 1.21745
0.163086 4.37975 4.69856	0 22.3333 1.18371
0.16333 4.6407 4.66726	0 18.2101 1.15085
0.163574 4.44214 4.63839	0 17.2544 1.12724
0.163818 4.81487 4.61435	0 19.9594 1.1182
0.164062 4.35318 4.59717	0 17.9463 1.12511
0.164307 4.37052 4.58825	0 14.7883 1.14577
0.164551 4.04239 4.58805	0 11.4309 1.17537
0.164795 4.01767 4.59602	0 13.9056 1.20797
0.165039 4.77124 4.61064	0 18.0953 1.23793
0.165283 4.33065 4.62961	0 23.9331 1.26104
0.165527 5.17576 4.65023	0 32.1211 1.27513
0.165771 5.11749 4.66974	0 31.9124 1.27993
0.166016 4.84575 4.68574	0 24.5438 1.27634
0.16626 4.51601 4.69647	0 30.2724 1.26556
0.166504 4.68481 4.70094	0 17.2552 1.24844
0.166748 5.43742 4.69902	0 34.2718 1.2256
0.166992 4.61948 4.69126	0 17.514 1.19802
0.167236 4.43927 4.67874	0 18.6992 1.16775
0.16748 4.71931 4.66283	0 20.2486 1.13822
0.167725 4.41174 4.64491	0 17.6605 1.11368
0.167969 4.33938 4.62616	0 15.3775 1.09802
0.168213 5.38466 4.60741	0 23.8443 1.09336
0.168457 4.76517 4.58898	0 19.8044 1.099
0.168701 4.01198 4.57066	0 13.714 1.11127
0.168945 3.91977 4.55184	0 18.9009 1.12432
0.169189 4.46311 4.53162	0 18.8405 1.13176
0.169434 4.95696 4.50913	0 20.6766 1.12857
0.169678 4.54807 4.48374	0 22.0905 1.11282
0.169922 5.13711 4.4554	0 20.373 1.08654
0.170166 5.43496 4.42477	0 24.0341 1.05536
0.17041 3.50206 4.39323	0 11.7626 1.02697
0.170654 4.16965 4.36279	0 15.8281 1.00877
0.170898 3.86143 4.3358	0 12.8601 1.00558
0.171143 4.11251 4.3146	0 21.6805 1.01826
0.171387 4.76402 4.30121	0 22.3612 1.04381
0.171631 3.58127 4.29697	0 11.2693 1.07664
0.171875 4.44842 4.30244	0 23.7875 1.11024
0.172119 4.14329 4.31722	0 16.9754 1.13859
0.172363 3.5756 4.3401	0 11.5618 1.15684
0.172607 4.71636 4.36914	0 21.6015 1.1616
0.172852 4.45506 4.40195	0 21.8341 1.15117
0.173096 4.40741 4.43594	0 21.6576 1.12614
0.17334 4.2185 4.46857	0 16.4333 1.08992
0.173584 5.22835 4.49765	0 22.1508 1.04858
0.173828 4.80688 4.52147	0 20.6333 1.00943
0.174072 4.68826 4.53892	0 15.6213 0.978653
0.174316 4.29611 4.54945	0 20.1813 0.958996
0.174561 4.63817 4.55307	0 22.4155 0.94863
0.174805 4.18241 4.55015	0 14.7894 0.942037
0.175049 5.75689 4.5413	0 22.089 0.9325
0.175293 3.68718 4.52725	0 13.2633 0.915062
0.175537 4.97417 4.50876	0 28.4292 0.888506
0.175781 4.05215 4.48652	0 13.3642 0.855567
0.176025 4.72789 4.46123	0 17.6322 0.821487
0.17627 4.33445 4.43356	0 12.3079 0.791798
0.176514 4.77633 4.40424	0 19.654 0.770433
0.176758 4.28444 4.37409	0 17.8284 0.758876
0.177002 4.27699 4.34405	0 14.9674 0.756477
0.177246 4.19246 4.31511	0 23.1964 0.761519
0.17749 4.27584 4.28832	0 14.6572 0.772427
0.177734 4.71478 4.26462	0 24.2882 0.78853
0.177979 3.61621 4.2448	0 10.0281 0.810087
0.178223 4.35744 4.22942	0 17.1676 0.837555
0.178467 3.47226 4.2188	0 11.5448 0.870438
0.178711 4.20544 4.21306	0 15.5817 0.906301
0.178955 4.60296 4.21222	0 17.1582 0.940523
0.179199 4.38762 4.21631	0 19.0806 0.967136
0.179443 4.26772 4.22539	0 15.2368 0.980575
0.179688 4.34421 4.2396	0 17.2358 0.977688
0.179932 3.61942 4.25903	0 16.8579 0.959194
0.180176 4.27575 4.28354	0 14.331 0.929919
0.18042 4.24797 4.31262	0 17.8042 0.897691
0.180664 4.03447 4.34516	0 14.6909 0.871254
0.180908 4.58007 4.37946	0 15.4151 0.857979
0.181152 3.86436 4.41329	0 12.5698 0.862153
0.181396 4.43644 4.44408	0 19.8249 0.884367
0.181641 5.42245 4.46929	0 29.3555 0.922033
0.181885 4.47862 4.48678	0 15.7634 0.97059
0.182129 4.79328 4.49509	0 17.4654 1.02475
0.182373 4.93864 4.49376	0 24.7004 1.07934
0.182617 4.52265 4.48328	0 20.592 1.12955
0.182861 4.64296 4.46506	0 24.2541 1.17108
0.183105 4.53171 4.44106	0 17.3375 1.20032
0.18335 4.16751 4.41348	0 16.5466 1.21477
0.183594 4.32966 4.38435	0 16.8683 1.2136
0.183838 4.1485 4.35525	0 17.8725 1.19776
0.184082 3.49705 4.32714	0 13.6081 1.16972
0.184326 4.76944 4.3004	0 19.3827 1.13268
0.18457 4.15591 4.27492	0 21.8275 1.08965
0.184814 5.33001 4.25039	0 25.7743 1.04307
0.185059 3.39045 4.22648	0 9.3318 0.995018
0.185303 4.39948 4.20303	0 22.0164 0.947842
0.185547 4.8629 4.18012	0 27.0171 0.904772
0.185791 3.87694 4.158	0 17.9742 0.869685
0.186035 3.45395 4.13701	0 10.7509 0.845967
0.186279 3.76809 4.11749	0 12.2046 0.834949
0.186523 4.38349 4.09966	0 22.0888 0.834923
0.186768 3.94796 4.08372	0 18.8077 0.841475
0.187012 4.32514 4.06983	0 13.2093 0.849145
0.187256 4.90127 4.05828	0 27.4386 0.853594
0.1875 3.35266 4.04952	0 8.84373 0.853112
0.187744 3.84786 4.04414	0 13.9458 0.848751
0.187988 4.19735 4.04284	0 15.903 0.843224
0.188232 4.02626 4.0462	0 13.5158 0.839403
0.188477 3.50241 4.05454	0 12.0179 0.839349
0.188721 3.74683 4.06776	0 16.6086 0.844287
0.188965 4.32397 4.08521	0 22.3545 0.855156
0.189209 4.23857 4.10571	0 14.1704 0.873004
0.189453 3.95652 4.12762	0 11.2128 0.898707
0.189697 3.94489 4.14897	0 13.7918 0.932056
0.189941 4.75294 4.16767	0 23.9443 0.970792
0.190186 4.17181 4.18168	0 12.8528 1.0103
0.19043 4.12809 4.18923	0 16.1264 1.04433
0.190674 4.48712 4.18896	0 18.4308 1.06665
0.190918 4.13733 4.1801	0 15.4008 1.07296
0.191162 4.22483 4.16256	0 16.7798 1.06234
0.191406 5.04169 4.13699	0 21.5873 1.03757
0.19165 4.04632 4.10473	0 14.7684 1.00408
0.191895 3.57396 4.06773	0 10.1062 0.96804
0.192139 4.3795 4.02836	0 19.2055 0.934444
0.192383 4.01902 3.98906	0 16.2085 0.905797
0.192627 4.31936 3.95212	0 18.3939 0.881938
0.192871 2.92213 3.91935	0 9.26425 0.860724
0.193115 3.62838 3.89187	0 10.3949 0.839164
0.193359 3.51775 3.87012	0 14.0643 0.814536
0.193604 3.6901 3.85391	0 15.4752 0.785255
0.193848 4.37323 3.84265	0 15.5994 0.751391
0.194092 3.74504 3.83564	0 13.3713 0.714792
0.194336 4.4272 3.83228	0 18.867 0.67876
0.19458 3.79919 3.83224	0 13.6848 0.647288
0.194824 3.7831 3.83542	0 11.1132 0.623978
0.195068 3.35136 3.84188	0 10.3882 0.610977
0.195312 3.89063 3.85159	0 13.5197 0.608316
0.195557 3.06641 3.86427	0 11.9126 0.613996
0.195801 3.91129 3.87925	0 17.1279 0.624833
0.196045 4.03087 3.89553	0 17.0106 0.637741
0.196289 4.43063 3.91185	0 15.7387 0.650829
0.196533 3.9366 3.92693	0 13.7517 0.663775
0.196777 4.40138 3.93969	0 18.8506 0.677328
0.197021 3.90343 3.94943	0 11.1872 0.692305
0.197266 3.51247 3.95588	0 13.3807 0.708768
0.19751 3.82137 3.95928	0 15.1437 0.725943
0.197754 4.40811 3.96024	0 19.0885 0.742926
0.197998 4.33688 3.95965	0 16.0904 0.759708
0.198242 3.43448 3.9585	0 10.0116 0.777794
0.198486 4.05415 3.95771	0 21.915 0.799924
0.19873 4.13625 3.95799	0 13.1688 0.828908
0.198975 3.64468 3.9597	0 10.8945 0.866083
0.199219 3.76647 3.96284	0 13.7653 0.910131
0.199463 3.91115 3.96698	0 15.2399 0.956865
0.199707 3.82502 3.97141	0 14.8456 1.00015
0.199951 4.15339 3.97525	0 16.9448 1.03367
0.200195 4.3333 3.97763	0 24.6152 1.05281
0.200439 4.01831 3.97794	0 17.053 1.05611
0.200684 3.9439 3.97594	0 16.437 1.04564
0.200928 4.33799 3.97184	0 19.0219 1.0264
0.201172 3.9177 3.9663	0 12.5237 1.00497
0.201416 3.60116 3.96032	0 14.905 0.987831
0.20166 4.12696 3.95502	0 21.2331 0.979793
0.201904 3.97024 3.95146	0 16.2948 0.982928
0.202148 3.59727 3.95034	0 12.2407 0.996153
0.202393 3.90303 3.95188	0 15.3238 1.01569
0.202637 3.87112 3.9557	0 13.0255 1.03631
0.202881 4.1733 3.96085	0 22.9764 1.05308
0.203125 3.52834 3.96588	0 12.7874 1.06286
0.203369 3.45583 3.96907	0 13.0892 1.06509
0.203613 5.04575 3.96868	0 22.7878 1.06124
0.203857 4.30499 3.96321	0 14.4347 1.0535
0.204102 4.05187 3.95162	0 14.928 1.04326
0.204346 4.00548 3.93344	0 19.0135 1.03023
0.20459 3.61516 3.90887	0 13.3547 1.01259
0.204834 4.12107 3.87868	0 15.8974 0.987949
0.205078 3.67448 3.84414	0 10.7438 0.954519
0.205322 4.51655 3.80677	0 19.6471 0.912117
0.205566 3.42166 3.76821	0 18.8137 0.862615
0.205811 3.53129 3.73	0 12.7686 0.809723
0.206055 3.45538 3.6935	0 10.1613 0.758128
0.206299 3.81376 3.65972	0 17.9433 0.712215
0.206543 3.2502 3.62939	0 8.47553 0.674784
0.206787 3.52861 3.60294	0 8.48354 0.64634
0.207031 3.97537 3.58059	0 17.1992 0.625282
0.207275 3.63326 3.56243	0 12.639 0.608944
0.20752 3.10364 3.54848	0 9.04867 0.595006
0.207764 3.55064 3.53875	0 13.4298 0.5826
0.208008 3.59584 3.53321	0 13.5533 0.572643
0.208252 3.39017 3.53176	0 10.6733 0.567336
0.208496 3.46396 3.53422	0 12.6142 0.569197
0.20874 3.56787 3.54022	0 11.0975 0.580139
0.208984 3.39498 3.54925	0 9.96971 0.600956
0.209229 3.38581 3.56068	0 16.2667 0.631221
0.209473 3.59403 3.57382	0 12.8384 0.66931
0.209717 3.57779 3.58807	0 10.6902 0.712346
0.209961 3.82007 3.60294	0 12.6354 0.756133
0.210205 3.83543 3.6182	0 15.3848 0.795497
0.210449 3.83984 3.63382	0 11.3236 0.825401
0.210693 3.6295 3.64991	0 17.1988 0.84278
0.210938 2.858 3.66664	0 7.96565 0.848387
0.211182 3.87677 3.6841	0 12.1557 0.84759
0.211426 3.77614 3.70218	0 11.6604 0.849275
0.21167 3.70684 3.72055	0 13.2414 0.862841
0.211914 3.76553 3.73864	0 12.5351 0.894281
0.212158 3.67712 3.7558	0 9.57742 0.943044
0.212402 3.70347 3.77131	0 11.8386 1.00124
0.212646 4.1407 3.78457	0 22.7723 1.05584
0.212891 4.32381 3.79515	0 18.4136 1.0931
0.213135 3.40803 3.80277	0 15.7569 1.10346
0.213379 3.98632 3.80733	0 18.2885 1.08468
0.213623 3.63398 3.80884	0 11.3683 1.04212
0.213867 3.28478 3.80743	0 9.29751 0.986109
0.214111 4.04798 3.80327	0 12.4435 0.927993
0.214355 3.8229 3.79666	0 9.74536 0.876612
0.2146 4.76797 3.78802	0 18.9046 0.836607
0.214844 3.87871 3.77788	0 14.9281 0.808697
0.215088 3.26532 3.76684	0 11.1075 0.791196
0.215332 3.58862 3.7555	0 9.4804 0.781675
0.215576 3.39939 3.74435	0 9.60788 0.778055
0.21582 3.53853 3.73371	0 12.014 0.778929
0.216064 3.86479 3.72367	0 13.1091 0.783364
0.216309 3.98573 3.71414	0 13.3405 0.790518
0.216553 4.22001 3.70487	0 16.7705 0.799345
0.216797 3.51194 3.69557	0 12.4904 0.808523
0.217041 3.18151 3.68598	0 14.6964 0.816652
0.217285 3.81418 3.67591	0 12.7263 0.822657
0.217529 3.63649 3.66528	0 12.2712 0.82618
0.217773 4.11198 3.65411	0 15.3017 0.827769
0.218018 3.17874 3.64253	0 11.2653 0.828688
0.218262 3.7627 3.63074	0 13.6233 0.830407
0.218506 3.55339 3.61904	0 10.0143 0.833972
0.21875 3.66388 3.60775	0 16.7044 0.839528
0.218994 3.89062 3.59718	0 16.561 0.846184
0.219238 3.66313 3.5876	0 13.7981 0.852241
0.219482 3.17899 3.57907	0 10.2199 0.855621
0.219727 3.43646 3.57149	0 11.3554 0.854309
0.219971 3.14838 3.5645	0 9.66127 0.846659
0.220215 3.79774 3.55756	0 20.5599 0.83156
0.220459 3.66051 3.55007	0 14.163 0.808537
0.220703 4.21239 3.5415	0 15.3932 0.777887
0.220947 2.93189 3.53153	0 8.99657 0.740831
0.221191 4.20596 3.52023	0 14.1461 0.699607
0.221436 3.11068 3.50806	0 7.88927 0.65733
0.22168 3.37317 3.49589	0 9.20031 0.617544
0.221924 3.30868 3.48485	0 9.77206 0.583535
0.222168 4.24318 3.47615	0 15.7537 0.557671
0.222412 3.18756 3.47088	0 9.31829 0.541092
0.222656 2.84599 3.46979	0 11.0026 0.533946
0.2229 3.2499 3.47312	0 12.2326 0.536072
0.223145 3.31153 3.48057	0 7.80427 0.547681
0.223389 3.77556 3.4913	0 11.2735 0.569504
0.223633 3.42764 3.50414	0 8.81114 0.602119
0.223877 3.44695 3.51774	0 14.856 0.644745
0.224121 3.57416 3.53088	0 11.8713 0.694274
0.224365 3.84562 3.54259	0 15.7528 0.745364
0.224609 3.73509 3.55232	0 13.4455 0.791834
0.224854 4.35322 3.55984	0 21.94 0.828723
0.225098 2.93087 3.56519	0 7.3932 0.853854
0.225342 3.02118 3.56845	0 9.3522 0.868001
0.225586 3.56841 3.56959	0 13.6945 0.873644
0.22583 3.52177 3.56833	0 12.3257 0.873255
0.226074 3.47809 3.56419	0 10.8562 0.868254
0.226318 3.97911 3.55658	0 12.7991 0.859163
0.226562 4.06858 3.54505	0 19.672 0.846568
0.226807 3.54357 3.52945	0 16.0761 0.831923
0.227051 3.54323 3.51017	0 11.9624 0.817499
0.227295 3.34958 3.48815	0 10.4414 0.805537
0.227539 3.65855 3.46486	0 13.1021 0.797302
0.227783 3.29362 3.44214	0 12.0551 0.792771
0.228027 3.47267 3.4219	0 10.2352 0.791124
0.228271 3.13212 3.40588	0 11.8373 0.791556
0.228516 3.54488 3.39539	0 14.9704 0.793695
0.22876 2.74514 3.39116	0 5.37793 0.797349
0.229004 2.86009 3.39327	0 7.67875 0.801902
0.229248 3.56804 3.40121	0 12.9569 0.806066
0.229492 3.49431 3.414	0 13.8625 0.808365
0.229736 4.19225 3.43038	0 16.6715 0.808115
0.22998 3.3383 3.44892	0 7.84584 0.806157
0.230225 2.82334 3.4682	0 7.32639 0.804684
0.230469 3.68993 3.48686	0 16.8966 0.806096
0.230713 3.6191 3.50363	0 16.8809 0.811472
0.230957 3.35001 3.51743	0 9.88763 0.819573
0.231201 3.51363 3.52734	0 11.8675 0.826995
0.231445 3.74952 3.53268	0 18.5067 0.829464
0.231689 3.89066 3.53312	0 23.5899 0.823552
0.231934 4.10997 3.52864	0 17.6852 0.807888
0.232178 3.08346 3.5196	0 10.0023 0.783288
0.232422 3.42879 3.5067	0 10.5874 0.751923
0.232666 3.59978 3.49084	0 10.2199 0.71628
0.23291 3.20324 3.47309	0 8.2872 0.678641
0.233154 3.5712 3.45449	0 13.6689 0.641299
0.233398 3.70451 3.43598	0 12.0175 0.607079
0.233643 3.42392 3.41833	0 12.8319 0.579468
0.233887 2.90806 3.40206	0 8.89858 0.561985
0.234131 3.42454 3.38747	0 8.6723 0.557037
0.234375 3.3844 3.3746	0 15.3458 0.564903
0.234619 3.6449 3.36331	0 10.9164 0.583443
0.234863 3.18671 3.35331	0 10.7404 0.608664
0.235107 3.29042 3.34427	0 12.176 0.635851
0.235352 3.13669 3.33588	0 9.16224 0.660701
0.235596 2.93875 3.32799	0 7.68451 0.6801
0.23584 4.06212 3.32064	0 13.2198 0.692401
0.236084 3.76487 3.3141	0 13.9446 0.697365
0.236328 3.19474 3.30883	0 10.8919 0.695937
0.236572 3.04366 3.30537	0 9.30248 0.689992
0.236816 2.34871 3.30422	0 7.8413 0.682014
0.237061 3.73407 3.30569	0 15.3707 0.674647
0.237305 3.59981 3.30975	0 12.947 0.670123
0.237549 2.89279 3.31601	0 6.79223 0.669671
0.237793 3.11541 3.3237	0 10.0708 0.673143
0.238037 3.96748 3.33177	0 21.608 0.679082
0.238281 3.33402 3.33899	0 8.92513 0.685243
0.238525 3.07009 3.34419	0 9.74464 0.689362
0.23877 3.05409 3.34636	0 10.1765 0.689814
0.239014 3.83749 3.34486	0 14.6615 0.685879
0.239258 3.35197 3.33947	0 9.92998 0.677613
0.239502 4.13708 3.33047	0 17.2557 0.665539
0.239746 3.2006 3.31854	0 10.6348 0.650453
0.23999 2.98687 3.30468	0 8.53215 0.633402
0.240234 3.29763 3.28998	0 15.9231 0.615704
0.240479 2.48931 3.27551	0 4.62892 0.598802
0.240723 3.90721 3.26216	0 14.8567 0.583969
0.240967 2.85053 3.25051	0 5.03653 0.572048
0.241211 3.55775 3.24084	0 13.6053 0.563489
0.241455 3.06454 3.23317	0 10.7472 0.558683
0.241699 3.49706 3.22724	0 11.3345 0.558339
0.241943 2.88253 3.22268	0 7.10858 0.563537
0.242188 3.6061 3.21894	0 12.3645 0.575306
0.242432 2.92914 3.21549	0 8.41205 0.593898
0.242676 2.42855 3.21177	0 5.65148 0.61813
0.24292 4.02578 3.20735	0 12.2718 0.645175
0.243164 3.26854 3.20201	0 9.6554 0.670952
0.243408 3.27891 3.19582	0 9.88725 0.691001
0.243652 3.29317 3.18916	0 8.50923 0.701585
0.243896 3.32112 3.1827	0 21.6856 0.700615
0.244141 2.99935 3.17729	0 9.38022 0.688134
0.244385 3.04799 3.17378	0 7.81679 0.66619
0.244629 3.04763 3.17281	0 10.1214 0.638182
0.244873 2.89503 3.17464	0 7.90603 0.607924
0.245117 2.98086 3.17905	0 8.54427 0.578745
0.245361 3.07501 3.18537	0 9.17084 0.552847
0.245605 3.6596 3.1926	0 8.03735 0.53107
0.24585 2.92392 3.19964	0 8.02295 0.513064
0.246094 3.42591 3.20553	0 9.30002 0.497839
0.246338 3.2995 3.20966	0 10.3941 0.484513
0.246582 3.7705 3.21193	0 13.0186 0.473016
0.246826 3.29358 3.21267	0 9.89019 0.464378
0.24707 2.80207 3.21263	0 6.20095 0.460401
0.247314 3.18671 3.21268	0 7.65525 0.462804
0.247559 2.80511 3.21364	0 7.49437 0.472263
0.247803 3.20647 3.21606	0 7.56357 0.487868
0.248047 2.87909 3.2201	0 12.4573 0.507282
0.248291 4.09851 3.22544	0 13.9845 0.527504
0.248535 2.79646 3.23136	0 5.63808 0.545819
0.248779 3.25124 3.23684	0 9.06269 0.560517
0.249023 3.2694 3.24068	0 10.8473 0.571133
0.249268 3.38091 3.2417	0 15.3649 0.578194
0.249512 3.28149 3.2389	0 10.1742 0.582646
0.249756 2.80523 3.2316	0 7.59695 0.585192
0.25 3.6113 3.21961	0 10.1719 0.585848
0.250244 4.0517 3.20319	0 18.2682 0.583916
0.250488 3.10559 3.18314	0 18.6205 0.578387
0.250732 3.08655 3.16061	0 6.4323 0.568584
0.250977 3.12097 3.13696	0 10.1466 0.554677
0.251221 2.47126 3.11358	0 5.15766 0.537826
0.251465 3.14256 3.09167	0 10.1396 0.519891
0.251709 2.85053 3.07216	0 6.18586 0.502864
0.251953 3.30093 3.05563	0 7.97292 0.488305
0.252197 2.99443 3.04237	0 9.22196 0.477004
0.252441 2.9576 3.03244	0 7.69443 0.468984
0.252686 3.24829 3.02582	0 10.1379 0.463803
0.25293 3.29329 3.02246	0 10.2323 0.460934
0.253174 2.37588 3.02232	0 5.73093 0.460002
0.253418 2.6989 3.02534	0 7.19447 0.460765
0.253662 3.55177 3.03144	0 16.1486 0.462917
0.253906 2.86371 3.04042	0 13.2262 0.46596
0.25415 2.98625 3.05194	0 8.79174 0.469354
0.254395 2.6562 3.0655	0 6.94662 0.472906
0.254639 3.48298 3.08044	0 13.9164 0.477173
0.254883 3.12835 3.09597	0 11.1282 0.483566
0.255127 3.20549 3.11118	0 9.51306 0.49398
0.255371 3.10272 3.12507	0 10.9555 0.510074
0.255615 2.90283 3.1366	0 9.9774 0.532505
0.255859 3.14257 3.14478	0 8.36168 0.560472
0.256104 3.29526 3.14868	0 12.1869 0.591743
0.256348 3.42499 3.14763	0 11.8653 0.623123
0.256592 3.18465 3.14128	0 11.7159 0.65113
0.256836 3.17858 3.12976	0 8.64318 0.672666
0.25708 3.57909 3.11372	0 12.9985 0.685535
0.257324 3.11576 3.0943	0 7.76528 0.688748
0.257568 2.90668 3.07306	0 8.11005 0.682584
0.257812 3.0605 3.05179	0 9.70804 0.668363
0.258057 2.92462 3.03222	0 9.31177 0.647976
0.258301 2.95757 3.01586	0 10.2874 0.623353
0.258545 2.65833 3.00374	0 5.60794 0.59612
0.258789 2.58435 2.99636	0 7.49868 0.567621
0.259033 3.08634 2.99366	0 10.7732 0.539273
0.259277 3.29482 2.99517	0 11.3831 0.512972
0.259521 2.52599 3.00021	0 5.35421 0.49121
0.259766 3.23108 3.00806	0 9.05844 0.476773
0.26001 3.15915 3.01814	0 9.04551 0.472113
0.260254 3.69389 3.03003	0 11.7537 0.478665
0.260498 2.75006 3.04344	0 4.99702 0.496334
0.260742 2.72323 3.0581	0 11.1167 0.523209
0.260986 2.63577 3.07355	0 5.45362 0.555509
0.26123 2.79407 3.08907	0 7.99989 0.587829
0.261475 3.43291 3.10365	0 13.9096 0.613849
0.261719 2.87633 3.11606	0 7.50952 0.627609
0.261963 3.89677 3.12511	0 21.1115 0.625163
0.262207 3.3548 3.1298	0 10.4981 0.606038
0.262451 3.27884 3.12964	0 7.15225 0.573778
0.262695 3.01732 3.12467	0 10.4809 0.53515
0.262939 3.17084 3.1156	0 10.8172 0.498151
0.263184 3.12953 3.10363	0 8.29425 0.469602
0.263428 3.1157 3.09032	0 8.50016 0.453329
0.263672 2.90356 3.07737	0 7.54292 0.449648
0.263916 2.83271 3.06635	0 7.87046 0.45619
0.26416 3.23685 3.05859	0 12.3399 0.469467
0.264404 2.95451 3.05495	0 6.50857 0.486309
0.264648 2.84112 3.05584	0 8.2107 0.50455
0.264893 2.84215 3.06108	0 8.02177 0.522871
0.265137 3.24169 3.07001	0 9.06784 0.540182
0.265381 2.97342 3.08151	0 8.85438 0.555051
0.265625 2.94536 3.09411	0 11.2133 0.565558
0.265869 3.05053 3.10617	0 8.1035 0.569633
0.266113 3.44157 3.11602	0 11.8816 0.565744
0.266357 3.2865 3.12221	0 10.9283 0.553637
0.266602 2.91389 3.12362	0 8.42601 0.534835
0.266846 3.61053 3.11971	0 12.5465 0.512593
0.26709 3.10004 3.11051	0 8.39128 0.491208
0.267334 3.51315 3.09665	0 9.14874 0.474844
0.267578 3.14714 3.0793	0 8.87574 0.466329
0.267822 2.72526 3.05995	0 8.53566 0.466418
0.268066 2.91416 3.0403	0 6.96328 0.473836
0.268311 2.81865 3.02201	0 5.88997 0.48604
0.268555 2.99187 3.00653	0 9.08083 0.500351
0.268799 3.13089 2.995	0 8.72672 0.514972
0.269043 2.88965 2.98819	0 9.97081 0.529519
0.269287 2.7907 2.98645	0 8.51054 0.544877
0.269531 3.09939 2.98969	0 8.21418 0.562446
0.269775 2.59115 2.9975	0 5.26709 0.583083
0.27002 2.91665 3.00911	0 9.83654 0.606222
0.270264 3.26568 3.02349	0 9.51826 0.629634
0.270508 3.07404 3.03946	0 9.2538 0.650031
0.270752 2.70393 3.05574	0 9.37714 0.664289
0.270996 3.26564 3.0711	0 8.43445 0.670711
0.27124 3.24806 3.08439	0 12.7548 0.669667
0.271484 3.5957 3.09471	0 9.28675 0.663281
0.271729 2.65546 3.1014	0 8.86879 0.654341
0.271973 3.23654 3.10409	0 12.3978 0.645002
0.272217 3.30263 3.10272	0 13.0292 0.635962
0.272461 2.8561 3.09752	0 6.24154 0.62646
0.272705 3.31897 3.08895	0 9.73526 0.615008
0.272949 3.16723 3.07769	0 11.5908 0.600378
0.273193 3.22283 3.06452	0 12.3161 0.582297
0.273438 3.0727 3.05025	0 9.46217 0.561534
0.273682 3.04194 3.03562	0 8.86019 0.539473
0.273926 2.64939 3.02127	0 10.181 0.517495
0.27417 2.70639 3.00764	0 8.08132 0.496557
0.274414 3.01225 2.99503	0 7.55348 0.47716
0.274658 3.34979 2.98365	0 10.4984 0.459589
0.274902 3.08795 2.97373	0 8.63702 0.444172
0.275146 2.9854 2.96557	0 6.38138 0.431298
0.275391 2.71741 2.95961	0 5.92366 0.421206
0.275635 3.04495 2.95641	0 9.33753 0.413691
0.275879 3.07641 2.95653	0 7.10123 0.407997
0.276123 2.66919 2.96036	0 7.00408 0.403007
0.276367 2.78681 2.96799	0 8.81647 0.397666
0.276611 2.8835 2.97898	0 8.45815 0.391405
0.276855 2.64603 2.99239	0 11.3561 0.384332
0.2771 3.04984 3.00675	0 7.5375 0.37708
0.277344 3.298 3.02023	0 7.80747 0.370451
0.277588 2.96825 3.03094	0 8.8613 0.365089
0.277832 2.98459 3.03717	0 6.96122 0.361455
0.278076 3.63558 3.03772	0 12.7318 0.360093
0.27832 3.61258 3.03203	0 9.67854 0.36198
0.278564 3.06795 3.02027	0 8.00414 0.36862
0.278809 2.65879 3.00331	0 4.96717 0.381714
0.279053 3.01947 2.9825	0 7.03127 0.402487
0.279297 2.92575 2.9595	0 9.27992 0.430993
0.279541 2.51102 2.936	0 4.37538 0.465661
0.279785 3.15692 2.91354	0 6.95165 0.503302
0.280029 2.9157 2.89335	0 5.50031 0.539557
0.280273 2.93683 2.87628	0 12.3407 0.569691
0.280518 2.85636 2.86278	0 8.0775 0.58957
0.280762 2.33765 2.85292	0 7.02807 0.596605
0.281006 2.96221 2.84648	0 11.1279 0.590436
0.28125 2.81943 2.84301	0 12.9019 0.573082
0.281494 2.57744 2.84201	0 4.9491 0.54844
0.281738 3.0218 2.84303	0 11.4245 0.521207
0.281982 3.16948 2.8458	0 10.382 0.495587
0.282227 2.59409 2.85031	0 4.69038 0.474331
0.282471 3.13861 2.85681	0 12.3867 0.45852
0.282715 2.89533 2.86569	0 10.8681 0.448163
0.282959 2.79042 2.87739	0 8.39267 0.443229
0.283203 2.55401 2.89211	0 6.18777 0.444514
0.283447 2.67173 2.90972	0 6.37109 0.453868
0.283691 2.58465 2.92955	0 5.53425 0.473608
0.283936 2.80438 2.95047	0 7.38605 0.505375
0.28418 3.62611 2.97093	0 11.5312 0.548845
0.284424 3.13541 2.98923	0 8.51459 0.600822
0.284668 2.88994 3.00374	0 6.97635 0.65511
0.284912 3.00316 3.01321	0 6.76085 0.703418
0.285156 3.48278 3.01691	0 18.4126 0.737195
0.2854 3.23549 3.01481	0 11.0666 0.749932
0.285645 3.28562 3.00748	0 9.00245 0.739112
0.285889 2.48077 2.99604	0 7.3835 0.707045
0.286133 3.25008 2.98194	0 9.90979 0.660201
0.286377 2.67953 2.96674	0 6.89679 0.607285
0.286621 2.96117 2.95193	0 8.74349 0.556828
0.286865 2.9349 2.93873	0 8.70915 0.515167
0.287109 3.11561 2.92798	0 8.37353 0.485416
0.287354 2.52314 2.92016	0 5.29644 0.467499
0.287598 2.63743 2.91537	0 5.09479 0.45895
0.287842 2.91916 2.91339	0 10.0202 0.456057
0.288086 3.2629 2.9138	0 9.45766 0.455
0.28833 3.06489 2.916	0 6.63548 0.452806
0.288574 2.80329 2.91933	0 6.88494 0.447997
0.288818 2.6069 2.92306	0 6.13433 0.440848
0.289062 3.07431 2.92645	0 7.94239 0.433155
0.289307 2.87382 2.92872	0 8.38637 0.427528
0.289551 3.04526 2.92917	0 10.6153 0.426376
0.289795 2.76022 2.92717	0 5.16364 0.430933
0.290039 3.28966 2.92225	0 11.3578 0.440728
0.290283 2.94081 2.9142	0 5.17236 0.453736
0.290527 2.82078 2.90306	0 6.83205 0.467182
0.290771 3.29267 2.88914	0 13.8716 0.478585
0.291016 3.10291 2.87295	0 11.5009 0.486526
0.29126 2.57447 2.85516	0 5.51631 0.4908
0.291504 2.48386 2.83647	0 8.76047 0.491931
0.291748 2.4545 2.81753	0 4.62317 0.490427
0.291992 3.07059 2.79898	0 8.18512 0.486239
0.292236 2.90429 2.78139	0 10.5835 0.478732
0.29248 3.21743 2.76533	0 10.1511 0.467148
0.292725 2.65316 2.75138	0 7.23471 0.451263
0.292969 2.62981 2.74012	0 7.01716 0.431892
0.293213 2.46118 2.73207	0 5.28065 0.410957
0.293457 2.59687 2.72768	0 9.49538 0.391094
0.293701 2.36052 2.72722	0 5.61335 0.374951
0.293945 2.84854 2.73079	0 6.69859 0.364476
0.294189 2.44611 2.73828	0 5.87306 0.360486
0.294434 3.12922 2.74944	0 10.2676 0.362686
0.294678 3.24695 2.76392	0 11.412 0.370086
0.294922 2.6373 2.78122	0 5.83583 0.381559
0.295166 2.26508 2.80073	0 5.4241 0.39626
0.29541 2.6546 2.82167	0 3.98574 0.413716
0.295654 2.69634 2.84309	0 6.46806 0.433606
0.295898 2.90381 2.86386	0 7.45663 0.455433
0.296143 3.24796 2.88278	0 11.8896 0.478284
0.296387 3.02436 2.8987	0 9.45811 0.500836
0.296631 3.22155 2.91067	0 11.1288 0.52158
0.296875 2.46918 2.91817	0 5.49977 0.539168
0.297119 3.32552 2.92118	0 8.36766 0.55269
0.297363 3.12337 2.92025	0 8.97286 0.561795
0.297607 3.125 2.91643	0 7.83173 0.566636
0.297852 2.87604 2.91116	0 9.65371 0.567697
0.298096 2.5737 2.90601	0 7.43838 0.565607
0.29834 2.79679 2.90249	0 8.78354 0.561012
0.298584 2.76821 2.90183	0 6.19828 0.554544
0.298828 2.85816 2.9048	0 7.43096 0.546905
0.299072 2.65128 2.91165	0 8.24972 0.539034
0.299316 2.81249 2.9221	0 7.00802 0.532259
0.299561 3.37399 2.9354	0 10.0552 0.528278
0.299805 2.95795 2.95042	0 7.13143 0.528813
0.300049 2.35739 2.96585	0 5.47352 0.53492
0.300293 3.43582 2.98031	0 11.2829 0.546189
0.300537 2.90119 2.99248	0 8.94938 0.560259
0.300781 3.17297 3.00127	0 10.0528 0.573023
0.301025 3.3455 3.00582	0 7.92917 0.579639
0.30127 2.73273 3.00563	0 6.19328 0.576032
0.301514 3.24925 3.0005	0 11.9856 0.560258
0.301758 3.34642 2.99055	0 11.6302 0.533156
0.302002 2.77936 2.97616	0 4.68361 0.498
0.302246 2.99595 2.95793	0 9.62708 0.459402
0.30249 2.53509 2.93671	0 5.8556 0.422
0.302734 3.22225 2.91351	0 12.3452 0.389462
0.302979 2.93652 2.88956	0 9.5896 0.364057
0.303223 3.13665 2.86626	0 8.09262 0.346689
0.303467 2.84202 2.8451	0 7.70979 0.337156
0.303711 2.83827 2.8276	0 6.33416 0.33443
0.303955 2.52011 2.81507	0 6.78458 0.336971
0.304199 2.41374 2.80849	0 5.82805 0.343106
0.304443 2.48124 2.8083	0 6.95306 0.351485
0.304688 2.71382 2.81429	0 7.67142 0.361472
0.304932 2.8091 2.82562	0 8.50897 0.373279
0.305176 2.97404 2.84087	0 7.93362 0.387695
0.30542 2.95365 2.85825	0 8.00621 0.405458
0.305664 2.57291 2.87581	0 5.23528 0.426499
0.305908 3.30835 2.89173	0 11.4135 0.449372
0.306152 2.80151 2.90453	0 7.94892 0.471157
0.306396 3.518 2.91323	0 12.7176 0.487958
0.306641 2.45209 2.91743	0 6.59128 0.495896
0.306885 3.21725 2.91728	0 10.892 0.492315
0.307129 3.20861 2.91338	0 8.17738 0.476796
0.307373 2.94093 2.90655	0 9.21921 0.451603
0.307617 2.83297 2.89769	0 5.82194 0.421337
0.307861 2.42638 2.88751	0 5.84618 0.391828
0.308105 2.72789 2.87651	0 7.33596 0.368584
0.30835 2.89447 2.86484	0 6.70805 0.355264
0.308594 2.8433 2.85248	0 8.11161 0.352682
0.308838 3.34185 2.83928	0 7.99497 0.358683
0.309082 2.88325 2.82519	0 11.3348 0.368997
0.309326 2.71511 2.81035	0 7.80831 0.378818
0.30957 2.83498 2.79522	0 6.87443 0.38455
0.309814 3.07568 2.78053	0 14.6286 0.385063
0.310059 2.38075 2.76717	0 5.95223 0.381952
0.310303 2.4753 2.75605	0 5.09774 0.37872
0.310547 2.88895 2.74787	0 7.44081 0.379241
0.310791 2.67643 2.743	0 7.58572 0.386159
0.311035 2.47023 2.74134	0 4.52789 0.399811
0.311279 2.87278 2.74233	0 9.80362 0.417995
0.311523 2.45168 2.74501	0 4.79731 0.436567
0.311768 2.81965 2.74822	0 7.21807 0.450616
0.312012 2.85664 2.75075	0 6.34237 0.455849
0.312256 3.00461 2.75158	0 13.6558 0.449784
0.3125 2.95403 2.75008	0 9.17405 0.432422
0.312744 2.84179 2.74614	0 9.51882 0.4062
0.312988 2.45913 2.74013	0 5.85096 0.375238
0.313232 3.12288 2.73293	0 7.84756 0.344198
0.313477 2.83959 2.72571	0 6.32101 0.317125
0.313721 2.1664 2.71974	0 3.9526 0.296685
0.313965 2.73068 2.7162	0 9.33599 0.283938
0.314209 2.43844 2.71593	0 4.4565 0.278613
0.314453 2.99703 2.71932	0 8.46993 0.279633
0.314697 2.59554 2.72619	0 5.00673 0.285664
0.314941 2.20652 2.73585	0 6.61902 0.295497
0.315186 3.04899 2.74717	0 6.43063 0.308208
0.31543 2.81295 2.75876	0 6.87181 0.323137
0.315674 2.84918 2.7692	0 9.7134 0.33976
0.315918 2.73229 2.77724	0 10.5655 0.357526
0.316162 2.96028 2.78201	0 10.0246 0.375737
0.316406 2.86888 2.78318	0 6.15601 0.393528
0.31665 3.15969 2.78097	0 8.82994 0.409962
0.316895 3.04546 2.77609	0 8.36706 0.424209
0.317139 2.68781 2.7696	0 8.03324 0.435723
0.317383 2.30867 2.76265	0 4.35062 0.444302
0.317627 2.47504 2.75632	0 5.79005 0.45003
0.317871 2.54098 2.75137	0 6.52346 0.453164
0.318115 3.06456 2.74817	0 10.9808 0.45405
0.318359 2.77977 2.74666	0 10.0374 0.453096
0.318604 2.57539 2.74645	0 5.81483 0.450712
0.318848 2.92545 2.74693	0 9.07147 0.447181
0.319092 2.78426 2.7474	0 7.32809 0.442473
0.319336 2.7111 2.74722	0 6.21014 0.436177
0.31958 2.86585 2.74589	0 8.74052 0.427695
0.319824 2.66654 2.74309	0 6.5311 0.416687
0.320068 2.6941 2.73868	0 7.29257 0.403526
0.320312 2.94448 2.73273	0 11.8918 0.389468
0.320557 2.59148 2.72542	0 8.11065 0.376341
0.320801 2.96091 2.71708	0 7.61448 0.365946
0.321045 2.46243 2.70815	0 7.56626 0.35953
0.321289 2.78876 2.69912	0 9.4468 0.357683
0.321533 2.47357 2.69053	0 5.56547 0.360658
0.321777 3.14789 2.68288	0 9.50348 0.368776
0.322021 2.47288 2.67659	0 4.15713 0.382484
0.322266 2.63342 2.67191	0 5.45923 0.401932
0.32251 2.33287 2.66887	0 5.4873 0.426325
0.322754 2.45959 2.66721	0 6.13384 0.453555
0.322998 2.94495 2.66644	0 10.1804 0.480453
0.323242 3.03611 2.66585	0 9.42807 0.503587
0.323486 2.2847 2.66469	0 4.37612 0.52023
0.32373 2.36861 2.66227	0 4.47877 0.529021
0.323975 2.98635 2.6582	0 8.31791 0.530118
0.324219 2.9846 2.65246	0 8.85403 0.524881
0.324463 2.92627 2.64551	0 7.22209 0.515335
0.324707 2.48287 2.63825	0 5.17088 0.503616
0.324951 2.85157 2.63187	0 7.47084 0.491518
0.325195 2.17393 2.62764	0 4.77613 0.480189
0.325439 2.36468 2.62666	0 6.46252 0.470006
0.325684 2.57896 2.62962	0 8.63555 0.460677
0.325928 2.4025 2.63664	0 8.00501 0.451565
0.326172 2.55282 2.64726	0 5.85341 0.442148
0.326416 2.44084 2.66049	0 8.61536 0.432411
0.32666 3.04464 2.67503	0 10.8195 0.422961
0.326904 2.93284 2.6895	0 6.92815 0.414781
0.327148 2.65338 2.70266	0 3.9983 0.40873
0.327393 3.01068 2.7136	0 6.90193 0.405064
0.327637 2.70483 2.72185	0 8.35157 0.403304
0.327881 2.56452 2.72736	0 5.01951 0.402513
0.328125 2.74115 2.73041	0 6.53942 0.401874
0.328369 2.84027 2.73152	0 9.1999 0.401226
0.328613 2.69253 2.73127	0 7.73731 0.401255
0.328857 2.87022 2.73018	0 6.6626 0.403229
0.329102 2.52082 2.7286	0 8.9772 0.408391
0.329346 2.55992 2.72668	0 4.84976 0.417296
0.32959 3.01158 2.72434	0 8.27151 0.429404
0.329834 2.64509 2.72128	0 6.1673 0.443119
0.330078 2.49559 2.71712	0 6.62639 0.456241
0.330322 3.06016 2.7114	0 10.7203 0.466622
0.330566 2.64099 2.70377	0 5.42867 0.472732
0.330811 2.53758 2.69401	0 6.04829 0.473929
0.331055 3.16565 2.68211	0 8.61223 0.470396
0.331299 2.84389 2.66834	0 5.88883 0.462881
0.331543 2.30747 2.65321	0 4.20513 0.452421
0.331787 2.38755 2.63742	0 4.93298 0.440177
0.332031 3.01393 2.62182	0 11.5094 0.427383
0.332275 2.39658 2.6073	0 6.74229 0.415305
0.33252 2.76776 2.59472	0 6.52252 0.40511
0.332764 2.47891 2.58481	0 7.60489 0.397597
0.333008 2.29057 2.57814	0 4.81755 0.392849
0.333252 2.42893 2.57508	0 5.67019 0.389993
0.333496 2.56541 2.57582	0 5.45587 0.387234
0.33374 2.68706 2.58033	0 6.45225 0.382298
0.333984 2.58017 2.5884	0 7.93543 0.373217
0.334229 2.49405 2.59964	0 6.93094 0.35921
0.334473 2.79671 2.61342	0 8.5093 0.341272
0.334717 2.48702 2.62891	0 5.4311 0.322142
0.334961 2.35069 2.64505	0 5.83038 0.305587
0.335205 2.55862 2.66061	0 5.05393 0.295248
0.335449 2.67857 2.67427	0 7.06797 0.293539
0.335693 3.18057 2.68476	0 11.6172 0.301049
0.335938 2.47174 2.69103	0 5.61768 0.316644
0.336182 3.06169 2.6924	0 8.90068 0.338093
0.336426 3.26274 2.68864	0 8.62409 0.362856
0.33667 2.57264 2.68005	0 5.09026 0.388658
0.336914 2.40669 2.66734	0 5.81313 0.41368
0.337158 2.62684 2.65153	0 7.46947 0.436428
0.337402 2.44771 2.63378	0 7.34115 0.455462
0.337646 3.04681 2.61524	0 9.14235 0.469187
0.337891 2.28035 2.59693	0 5.46382 0.47589
0.338135 2.5291 2.57966	0 7.98026 0.474078
0.338379 2.36392 2.56404	0 5.86435 0.463057
0.338623 2.75119 2.55049	0 10.8149 0.443534
0.338867 2.7451 2.53928	0 6.20387 0.417885
0.339111 2.37431 2.53055	0 4.10107 0.389821
0.339355 2.45093 2.5243	0 7.66181 0.363451
0.3396 2.34211 2.52042	0 5.76097 0.342084
0.339844 2.43503 2.51862	0 5.97953 0.327296
0.340088 2.37223 2.51847	0 5.59958 0.318673
0.340332 2.62858 2.5194	0 4.9292 0.314328
0.340576 2.74997 2.5208	0 9.89706 0.311894
0.34082 2.54856 2.52207	0 4.94144 0.309533
0.341064 2.32674 2.52275	0 4.72534 0.306551
0.341309 2.49264 2.52261	0 5.38624 0.303455
0.341553 2.76612 2.52171	0 7.20655 0.301562
0.341797 2.72708 2.52037	0 6.5171 0.302405
0.342041 2.43565 2.51916	0 5.37824 0.307178
0.342285 2.45334 2.51873	0 5.58084 0.31632
0.342529 2.54671 2.51977	0 6.5352 0.329308
0.342773 2.15031 2.52279	0 4.80795 0.344668
0.343018 2.29248 2.52806	0 5.56791 0.360256
0.343262 2.69922 2.53558	0 7.56423 0.373793
0.343506 2.5497 2.54507	0 5.88779 0.383524
0.34375 2.59871 2.55603	0 7.63985 0.388781
0.343994 2.72885 2.56787	0 6.37844 0.390172
0.344238 2.58595 2.57999	0 6.22522 0.389295
0.344482 2.39568 2.59185	0 5.51986 0.38806
0.344727 2.3246 2.60308	0 4.72558 0.3879
0.344971 3.38266 2.61345	0 11.7899 0.389228
0.345215 2.4921 2.62283	0 5.35819 0.391374
0.345459 2.36251 2.63123	0 5.54706 0.393009
0.345703 2.67449 2.6387	0 6.07256 0.392851
0.345947 2.60654 2.6453	0 5.98461 0.390298
0.346191 2.58754 2.65111	0 6.07615 0.385714
0.346436 2.7106 2.65623	0 7.02202 0.380239
0.34668 3.05615 2.66075	0 7.02026 0.375251
0.346924 2.55815 2.66481	0 8.68968 0.371742
0.347168 2.58933 2.66852	0 6.41198 0.369934
0.347412 2.2316 2.67203	0 4.27785 0.369301
0.347656 3.069 2.67543	0 8.81458 0.368965
0.3479 2.90386 2.67875	0 6.41756 0.368207
0.348145 2.463 2.68193	0 7.33569 0.366791
0.348389 2.40515 2.68482	0 3.99542 0.364974
0.348633 2.52067 2.68723	0 5.84344 0.363241
0.348877 3.38238 2.68893	0 10.4883 0.36199
0.349121 2.5251 2.68971	0 7.15208 0.361374
0.349365 2.65099 2.68948	0 7.57015 0.361342
0.349609 2.76164 2.68823	0 10.5752 0.361853
0.349854 2.47232 2.68612	0 5.90431 0.363106
0.350098 2.79483 2.68343	0 9.58042 0.365716
0.350342 2.93087 2.68055	0 7.49613 0.370714
0.350586 2.45505 2.67789	0 5.04265 0.379351
0.35083 2.63748 2.67581	0 7.32489 0.392691
0.351074 2.99265 2.67459	0 9.16822 0.411116
0.351318 2.02177 2.67428	0 3.57272 0.433906
0.351562 2.99757 2.67476	0 9.00548 0.459051
0.351807 2.55335 2.67568	0 8.32404 0.483405
0.352051 2.54242 2.67655	0 4.85722 0.503181
0.352295 2.72777 2.67682	0 9.73394 0.514692
0.352539 2.90217 2.67598	0 7.66202 0.515199
0.352783 2.85897 2.6737	0 11.4196 0.503625
0.353027 2.79441 2.66981	0 7.39832 0.480907
0.353271 2.69924 2.66445	0 7.28051 0.449846
0.353516 2.19181 2.65795	0 4.15427 0.414461
0.35376 2.81849 2.65084	0 6.88441 0.379102
0.354004 2.70806 2.64375	0 7.17939 0.347619
0.354248 2.52442 2.63733	0 6.00429 0.322852
0.354492 2.98075 2.63214	0 8.45224 0.306513
0.354736 2.427 2.6286	0 5.12604 0.299325
0.35498 2.29502 2.62689	0 4.15117 0.301197
0.355225 2.52393 2.62695	0 5.9104 0.31124
0.355469 3.04636 2.62845	0 10.4939 0.327628
0.355713 2.32092 2.63086	0 4.69476 0.347489
0.355957 2.50491 2.63355	0 5.90028 0.367122
0.356201 2.57838 2.63589	0 4.90679 0.382676
0.356445 2.89339 2.63741	0 10.3223 0.391178
0.356689 2.98457 2.63791	0 8.42464 0.391498
0.356934 2.57048 2.63751	0 7.3665 0.384769
0.357178 3.00438 2.63661	0 8.88396 0.374006
0.357422 2.38835 2.63581	0 5.70778 0.363063
0.357666 2.25602 2.63576	0 4.63377 0.355428
0.35791 2.38728 2.63699	0 6.86837 0.353362
0.358154 2.61777 2.63981	0 8.96028 0.357695
0.358398 2.81057 2.64423	0 8.50089 0.368143
0.358643 2.68061 2.64997	0 7.31824 0.383774
0.358887 2.68657 2.65651	0 8.13658 0.403282
0.359131 2.75908 2.66319	0 7.91426 0.42497
0.359375 2.8 2.66927	0 8.22467 0.446658
0.359619 2.48683 2.67403	0 7.5105 0.465762
0.359863 2.50033 2.67681	0 8.76218 0.479681
0.360107 2.76521 2.67709	0 5.47688 0.486379
0.360352 2.98201 2.67452	0 6.46263 0.484884
0.360596 2.62287 2.66898	0 6.99676 0.4755
0.36084 2.74546 2.66066	0 6.5333 0.459659
0.361084 2.84664 2.65003	0 9.59503 0.43951
0.361328 2.46457 2.6379	0 6.78076 0.417453
0.361572 2.86027 2.62535	0 7.86581 0.395753
0.361816 2.76693 2.61357	0 11.3924 0.376301
0.362061 2.06052 2.60377	0 3.07512 0.360503
0.362305 2.52148 2.597	0 6.49369 0.349201
0.362549 2.63989 2.59396	0 7.44437 0.342621
0.362793 2.36186 2.59497	0 5.82927 0.340334
0.363037 2.48622 2.59982	0 5.69052 0.341296
0.363281 2.72528 2.60788	0 8.42093 0.344033
0.363525 2.58324 2.61814	0 5.34485 0.346932
0.36377 2.64506 2.62938	0 7.60752 0.348582
0.364014 2.29773 2.64028	0 6.973 0.348045
0.364258 2.98817 2.64963	0 5.97236 0.344982
0.364502 3.1111 2.65646	0 10.2028 0.339659
0.364746 2.67731 2.66014	0 7.39864 0.332856
0.36499 2.42369 2.66049	0 7.59477 0.325737
0.365234 2.66256 2.65773	0 8.31618 0.31968
0.365479 2.95794 2.6525	0 8.35649 0.316096
0.365723 2.55302 2.64578	0 7.34732 0.316267
0.365967 2.41633 2.63873	0 4.8154 0.321247
0.366211 3.01197 2.63254	0 7.79627 0.331819
0.366455 2.72443 2.62826	0 4.97548 0.348411
0.366699 2.32489 2.62656	0 6.00789 0.37093
0.366943 2.14097 2.62765	0 5.39228 0.398482
0.367188 2.56935 2.63116	0 6.34633 0.429128
0.367432 2.41884 2.63619	0 7.13765 0.459859
0.367676 2.60695 2.64149	0 7.5238 0.48695
0.36792 2.99277 2.64565	0 10.2656 0.506709
0.368164 3.27197 2.64738	0 15.3788 0.516424
0.368408 2.66274 2.64577	0 6.71335 0.51521
0.368652 2.6239 2.64046	0 5.55221 0.504376
0.368896 2.48608 2.63164	0 4.85593 0.48712
0.369141 2.57324 2.62003	0 7.2491 0.467569
0.369385 3.20512 2.60668	0 8.88226 0.449506
0.369629 2.31404 2.59275	0 4.53058 0.435269
0.369873 2.14033 2.57933	0 4.19854 0.425271
0.370117 2.26839 2.56723	0 5.8167 0.418278
0.370361 2.74109 2.55698	0 7.88716 0.41225
0.370605 2.65559 2.54876	0 5.30343 0.405284
0.37085 2.65442 2.54252	0 6.38883 0.396274
0.371094 2.57201 2.53808	0 5.41966 0.385123
0.371338 2.22441 2.53519	0 4.93819 0.372636
0.371582 2.9217 2.5336	0 6.92264 0.360262
0.371826 2.29562 2.5331	0 6.36247 0.34982
0.37207 2.48595 2.53346	0 6.68223 0.343181
0.372314 2.53784 2.53445	0 6.37467 0.34186
0.372559 2.3424 2.53577	0 5.28005 0.346544
0.372803 2.70532 2.53711	0 6.01011 0.356711
0.373047 2.39788 2.53818	0 3.90974 0.370538
0.373291 2.70492 2.53876	0 5.92383 0.385215
0.373535 2.79492 2.5388	0 6.35905 0.397637
0.373779 2.47951 2.5384	0 5.20033 0.40526
0.374023 2.51512 2.53787	0 10.6 0.406802
0.374268 2.50881 2.53763	0 7.15926 0.402512
0.374512 2.45554 2.53813	0 6.05287 0.393912
0.374756 2.44569 2.53971	0 5.10663 0.383141
0.375 2.38528 2.54254	0 5.17532 0.372256
0.375244 2.85105 2.54649	0 8.43427 0.362776
0.375488 2.32728 2.55119	0 4.22163 0.355589
0.375732 2.42881 2.556	0 5.64422 0.351116
0.375977 2.23991 2.56021	0 4.04912 0.349515
0.376221 3.19356 2.56314	0 10.5123 0.350791
0.376465 2.55085 2.56432	0 7.37917 0.354771
0.376709 2.83497 2.56356	0 7.0594 0.361023
0.376953 2.779 2.56107	0 8.67341 0.368791
0.377197 2.17501 2.55737	0 4.94658 0.377013
0.377441 2.39615 2.55322	0 5.85842 0.384494
0.377686 2.67089 2.5495	0 8.52738 0.390218
0.37793 2.59054 2.54699	0 6.34755 0.393731
0.378174 2.40845 2.54627	0 6.97649 0.395384
0.378418 2.43276 2.54762	0 4.39491 0.39627
0.378662 2.50878 2.55094	0 4.58721 0.397781
0.378906 2.43315 2.5558	0 7.90746 0.400962
0.37915 2.44132 2.56151	0 4.58745 0.40591
0.379395 2.64318 2.56723	0 6.55503 0.411538
0.379639 3.22101 2.57207	0 12.1073 0.415809
0.379883 2.3621 2.57521	0 4.75707 0.416388
0.380127 2.38689 2.576	0 5.46239 0.41145
0.380371 2.6345 2.574	0 7.93847 0.400322
0.380615 2.46793 2.56904	0 5.353 0.38372
0.380859 2.83893 2.56122	0 5.91279 0.363529
0.381104 2.73225 2.55093	0 6.44473 0.342275
0.381348 2.58634 2.53879	0 7.4454 0.322562
0.381592 2.60583 2.5256	0 6.25913 0.306667
0.381836 2.31839 2.51227	0 6.47184 0.29633
0.38208 2.3537 2.49976	0 5.56947 0.292663
0.382324 2.35624 2.48897	0 4.61782 0.29609
0.382568 2.32303 2.48061	0 5.37818 0.306262
0.382812 2.78742 2.47522	0 6.23171 0.321986
0.383057 2.70233 2.47302	0 6.08013 0.341229
0.383301 1.96746 2.47395	0 3.23445 0.361246
0.383545 2.30047 2.47761	0 5.30765 0.3789
0.383789 2.54402 2.48332	0 9.70393 0.391172
0.384033 2.3989 2.4902	0 5.39313 0.395802
0.384277 2.38732 2.49723	0 5.02987 0.391864
0.384521 2.88421 2.50343	0 6.89808 0.380045
0.384766 2.65374 2.50794	0 6.92094 0.362446
0.38501 2.49116 2.5102	0 6.36125 0.341987
0.385254 2.45409 2.50996	0 5.5004 0.321628
0.385498 2.82621 2.50732	0 7.72402 0.303756
0.385742 2.44218 2.50266	0 5.47175 0.289932
0.385986 2.46512 2.49658	0 6.83437 0.280984
0.38623 2.23796 2.4898	0 3.92572 0.277266
0.386475 2.58621 2.48303	0 6.19185 0.278809
0.386719 2.24089 2.47691	0 5.16814 0.285268
0.386963 2.80341 2.47194	0 9.60237 0.295732
0.387207 2.33773 2.46849	0 4.52907 0.308623
0.387451 2.47944 2.46673	0 5.68414 0.321857
0.387695 2.56249 2.46666	0 6.6638 0.3333
0.387939 2.28072 2.46811	0 6.57896 0.341339
0.388184 2.10481 2.47072	0 4.28233 0.345317
0.388428 2.65187 2.474	0 6.59314 0.345644
0.388672 2.58978 2.47739	0 7.30122 0.343554
0.388916 2.41897 2.48036	0 4.84743 0.340621
0.38916 2.6831 2.48248	0 6.69562 0.338251
0.389404 2.38392 2.48354	0 7.41126 0.337313
0.389648 2.85061 2.48354	0 8.45706 0.338004
0.389893 2.49834 2.48273	0 9.74449 0.33994
0.390137 2.23152 2.48151	0 5.31396 0.342425
0.390381 2.31947 2.48041	0 5.86331 0.34478
0.390625 2.72657 2.47993	0 7.80876 0.346629
0.390869 2.09399 2.4805	0 4.59623 0.348001
0.391113 2.52463 2.48242	0 5.56274 0.349193
0.391357 2.447 2.48585	0 4.46532 0.350448
0.391602 2.70092 2.49079	0 5.69842 0.351671
0.391846 2.85941 2.49707	0 9.45234 0.352376
0.39209 2.19722 2.50441	0 4.91991 0.351966
0.392334 2.18133 2.51238	0 6.02684 0.350181
0.392578 2.3825 2.52047	0 5.02034 0.347419
0.392822 2.441 2.52807	0 5.45451 0.3447
0.393066 2.80785 2.5346	0 6.6873 0.343254
0.393311 2.91551 2.53955	0 7.50832 0.343968
0.393555 2.80655 2.54252	0 6.72328 0.347004
0.393799 2.35682 2.5433	0 4.1213 0.351796
0.394043 2.33267 2.54184	0 5.76835 0.357364
0.394287 2.59297 2.53828	0 4.83922 0.362741
0.394531 2.51653 2.53287	0 7.2817 0.367241
0.394775 2.32522 2.52602	0 3.73464 0.370501
0.39502 2.65751 2.5182	0 5.65465 0.372355
0.395264 2.96775 2.51006	0 6.38266 0.372715
0.395508 2.4007 2.50229	0 8.30864 0.371538
0.395752 2.48452 2.49569	0 5.72437 0.368894
0.395996 2.26586 2.49101	0 5.81341 0.365029
0.39624 2.54445 2.48892	0 6.13307 0.360398
0.396484 2.10696 2.4898	0 5.89931 0.355652
0.396729 2.50518 2.49372	0 6.72095 0.351565
0.396973 2.22862 2.50035	0 4.2791 0.348889
0.397217 2.90492 2.50896	0 6.46221 0.34814
0.397461 2.39532 2.51854	0 4.90384 0.349355
0.397705 2.42238 2.5279	0 6.38887 0.351969
0.397949 2.61219 2.53586	0 6.48188 0.354902
0.398193 2.70864 2.54144	0 5.26343 0.356865
0.398438 2.6279 2.54395	0 8.1962 0.356744
0.398682 2.87399 2.54315	0 5.32027 0.353892
0.398926 2.5289 2.53924	0 5.6003 0.348179
0.39917 2.21378 2.53283	0 4.45642 0.339852
0.399414 2.65162 2.52486	0 7.00021 0.329329
0.399658 2.90843 2.5164	0 7.2007 0.317069
0.399902 2.35588 2.50849	0 5.6287 0.303605
0.400146 2.21321 2.50196	0 6.82815 0.289634
0.400391 2.37187 2.49729	0 4.93679 0.276085
0.400635 2.25085 2.49454	0 3.6149 0.264039
0.400879 2.3295 2.49337	0 4.17252 0.254526
0.401123 2.74117 2.49315	0 6.36656 0.248292
0.401367 2.65144 2.49312	0 6.87099 0.245635
0.401611 2.52388 2.49256	0 4.92527 0.246382
0.401855 2.95223 2.49096	0 7.56391 0.249957
0.4021 2.20749 2.48814	0 3.34405 0.255502
0.402344 2.56512 2.48429	0 7.50499 0.261988
0.402588 2.15314 2.4799	0 3.56829 0.268357
0.402832 2.37331 2.4757	0 5.42305 0.273737
0.403076 2.8864 2.47252	0 5.64467 0.27772
0.40332 2.81368 2.47115	0 9.01465 0.280619
0.403564 2.01807 2.47222	0 3.11625 0.283519
0.403809 1.8471 2.47613	0 3.28595 0.28805
0.404053 2.32516 2.48302	0 5.08818 0.295899
0.404297 3.16478 2.49269	0 8.40081 0.308288
0.404541 2.22403 2.50473	0 4.04049 0.325605
0.404785 2.67639 2.51847	0 6.99236 0.347312
0.405029 2.77803 2.5331	0 5.77884 0.372078
0.405273 2.01337 2.54769	0 3.40841 0.39799
0.405518 2.44607 2.5613	0 8.73922 0.422755
0.405762 2.74451 2.57303	0 7.97292 0.443883
0.406006 2.82781 2.58213	0 7.01736 0.458953
0.40625 2.59507 2.58807	0 5.15479 0.466025
0.406494 2.85511 2.59062	0 11.1046 0.464162
0.406738 2.79488 2.58987	0 6.63575 0.45386
0.406982 2.51309 2.58623	0 5.91958 0.437138
0.407227 2.47831 2.58033	0 5.33306 0.41714
0.407471 2.33881 2.57292	0 5.02815 0.397329
0.407715 2.73668 2.56476	0 9.06585 0.38057
0.407959 2.61705 2.55645	0 5.58345 0.368493
0.408203 2.55194 2.54837	0 5.81314 0.361346
0.408447 2.40528 2.54063	0 6.68568 0.358331
0.408691 2.33778 2.53314	0 7.52431 0.358114
0.408936 2.3395 2.52564	0 6.01975 0.359234
0.40918 2.79867 2.51789	0 8.07119 0.360249
0.409424 3.08186 2.50976	0 11.0753 0.359737
0.409668 2.08698 2.50132	0 4.43762 0.356396
0.409912 2.57629 2.49288	0 4.93102 0.349388
0.410156 2.66643 2.48497	0 4.42296 0.338826
0.4104 2.31957 2.4782	0 6.73778 0.326071
0.410645 2.42653 2.47312	0 5.41991 0.313541
0.410889 2.21415 2.47011	0 4.81834 0.303953
0.411133 2.28027 2.46925	0 4.42159 0.299331
0.411377 2.32055 2.47031	0 5.37181 0.300278
0.411621 2.52367 2.4728	0 6.842 0.305912
0.411865 2.88077 2.47608	0 6.67441 0.314502
0.412109 2.69366 2.4795	0 8.21481 0.324384
0.412354 2.09695 2.48259	0 5.0752 0.334674
0.412598 2.52676 2.48507	0 4.99366 0.34543
0.412842 2.69063 2.48695	0 8.57755 0.357307
0.413086 2.72172 2.48849	0 5.17387 0.371016
0.41333 2.16967 2.49012	0 5.4985 0.386886
0.413574 2.1961 2.49234	0 3.49099 0.4047
0.413818 2.58603 2.49558	0 7.16131 0.423729
0.414062 2.77704 2.50018	0 6.38256 0.44285
0.414307 2.52524 2.50628	0 7.56414 0.460644
0.414551 2.04717 2.51381	0 4.80654 0.475459
0.414795 2.66721 2.52252	0 8.27815 0.485538
0.415039 2.49432 2.53199	0 6.93924 0.489299
0.415283 2.47272 2.54172	0 5.99911 0.485783
0.415527 2.65679 2.55118	0 9.0118 0.475164
0.415771 2.77258 2.55986	0 6.03194 0.459053
0.416016 2.7821 2.56732	0 7.34396 0.440376
0.41626 2.25104 2.57322	0 4.04534 0.42272
0.416504 2.53073 2.57733	0 5.07933 0.409376
0.416748 2.64074 2.57956	0 5.84445 0.402457
0.416992 2.55412 2.57994	0 7.60974 0.402463
0.417236 2.64085 2.57866	0 6.74369 0.408411
0.41748 2.92267 2.57601	0 8.02791 0.41839
0.417725 2.56121 2.57235	0 5.42878 0.430251
0.417969 2.55937 2.56809	0 6.62934 0.442188
0.418213 2.40605 2.56356	0 7.06933 0.453088
0.418457 2.36893 2.55892	0 8.12939 0.462597
0.418701 2.43323 2.55413	0 7.03855 0.470911
0.418945 2.63496 2.54892	0 5.86708 0.478328
0.419189 2.65759 2.54283	0 6.80959 0.484731
0.419434 2.50348 2.53531	0 6.00401 0.489229
0.419678 2.74645 2.52587	0 7.30269 0.490169
0.419922 2.32899 2.51424	0 4.35663 0.48558
0.420166 2.96007 2.50046	0 9.3721 0.473891
0.42041 2.38343 2.48497	0 6.9834 0.454608
0.420654 2.40093 2.46856	0 4.59558 0.428684
0.420898 2.71221 2.45229	0 9.92743 0.39842
0.421143 2.31841 2.43734	0 4.48014 0.366952
0.421387 2.06768 2.42484	0 3.50569 0.337529
0.421631 2.28019 2.41571	0 5.77081 0.312825
0.421875 2.48604 2.41053	0 6.95433 0.294506
0.422119 1.89542 2.40952	0 3.72078 0.283164
0.422363 2.66502 2.4125	0 7.08154 0.278568
0.422607 2.59182 2.41902	0 6.89521 0.280069
0.422852 2.59442 2.42833	0 5.69065 0.286914
0.423096 2.1192 2.43956	0 4.29468 0.298316
0.42334 2.45155 2.45176	0 5.31071 0.313253
0.423584 2.05432 2.46397	0 4.31317 0.330162
0.423828 2.8212 2.4753	0 5.2577 0.346803
0.424072 2.8314 2.48498	0 9.29297 0.360489
0.424316 2.36944 2.4924	0 5.21448 0.368681
0.424561 2.41019 2.49715	0 7.24537 0.369725
0.424805 2.93267 2.49906	0 7.81152 0.3634
0.425049 2.34644 2.49812	0 5.22151 0.351032
0.425293 2.51366 2.49451	0 8.91401 0.335132
0.425537 2.31224 2.48851	0 4.67954 0.31872
0.425781 2.63477 2.48049	0 6.40494 0.304553
0.426025 2.43535 2.47089	0 5.03785 0.294485
0.42627 2.52821 2.46023	0 4.88425 0.2891
0.426514 2.45451 2.44911	0 4.48275 0.287728
0.426758 2.33343 2.43826	0 4.09765 0.288895
0.427002 2.72201 2.42849	0 7.55921 0.291069
0.427246 2.36362 2.42066	0 5.47758 0.293425
0.42749 2.42967 2.41553	0 7.09629 0.296278
0.427734 2.13157 2.41365	0 5.41091 0.300932
0.427979 2.25764 2.41524	0 5.27345 0.309008
0.428223 2.12055 2.42006	0 3.57872 0.321555
0.428467 2.26361 2.42742	0 4.79643 0.338395
0.428711 2.63003 2.43627	0 7.60775 0.358
0.428955 2.5436 2.44535	0 6.81617 0.377931
0.429199 2.55283 2.45339	0 8.18531 0.395605
0.429443 2.78489 2.45933	0 8.40695 0.409001
0.429688 2.58816 2.46251	0 6.32024 0.417018
0.429932 2.40417 2.46276	0 3.02669 0.41945
0.430176 2.18565 2.46042	0 5.90689 0.41675
0.43042 2.71974 2.45626	0 12.1832 0.409821
0.430664 2.51735 2.45133	0 6.64605 0.399955
0.430908 2.48129 2.44674	0 7.44065 0.388816
0.431152 2.3982 2.44345	0 7.81281 0.378306
0.431396 2.19357 2.44207	0 5.78824 0.370224
0.431641 2.365 2.44269	0 4.98851 0.365792
0.431885 2.20015 2.44488	0 6.25335 0.365263
0.432129 2.18323 2.44773	0 6.09345 0.367754
0.432373 2.52975 2.45003	0 5.70208 0.371372
0.432617 2.84854 2.45053	0 7.98179 0.373597
0.432861 2.61061 2.44823	0 6.08621 0.371868
0.433105 2.86944 2.44262	0 7.2722 0.364296
0.43335 2.51671 2.43377	0 6.54942 0.350361
0.433594 2.40544 2.42237	0 5.87703 0.331342
0.433838 2.35117 2.40957	0 4.2705 0.310223
0.434082 2.22586 2.39673	0 6.01621 0.290962
0.434326 2.12203 2.38517	0 4.33988 0.277328
0.43457 2.32794 2.37591	0 4.67916 0.27173
0.434814 2.04875 2.36952	0 4.24591 0.274533
0.435059 2.44387 2.36607	0 6.98202 0.284115
0.435303 2.61005 2.36518	0 7.16766 0.297564
0.435547 2.21167 2.36617	0 6.00005 0.31165
0.435791 2.52239 2.36823	0 6.14937 0.323647
0.436035 2.33831 2.37055	0 5.5786 0.33174
0.436279 2.28 2.37247	0 6.55915 0.335026
0.436523 2.74811 2.37356	0 8.95797 0.333321
0.436768 2.01756 2.37364	0 4.04574 0.327
0.437012 2.47043 2.37282	0 5.32835 0.317
0.437256 2.44851 2.37141	0 6.48825 0.304915
0.4375 2.42933 2.36999	0 4.13817 0.293014
0.437744 2.26839 2.36926	0 6.10618 0.283996
0.437988 2.43519 2.37004	0 5.11121 0.280449
0.438232 2.3376 2.37312	0 4.43534 0.284165
0.438477 2.39545 2.37917	0 5.00275 0.295557
0.438721 2.21966 2.38857	0 3.72578 0.313447
0.438965 2.33321 2.40133	0 5.78456 0.335336
0.439209 1.93485 2.41697	0 5.16043 0.358064
0.439453 2.56787 2.43456	0 6.41792 0.378639
0.439697 2.42041 2.45279	0 5.73408 0.394917
0.439941 2.48211 2.47015	0 6.74531 0.40591
0.440186 2.61113 2.48516	0 5.80229 0.411641
0.44043 2.91418 2.49655	0 9.02581 0.412679
0.440674 2.81147 2.50352	0 6.10123 0.409625
0.440918 2.52936 2.50578	0 5.69226 0.402832
0.441162 2.23026 2.50358	0 4.36302 0.392517
0.441406 2.58723 2.49768	0 6.42819 0.379154
0.44165 2.67341 2.48915	0 6.81578 0.363876
0.441895 2.49346 2.47921	0 5.64042 0.348549
0.442139 2.03565 2.46908	0 3.56943 0.335397
0.442383 2.79704 2.4598	0 5.65574 0.326286
0.442627 2.46086 2.45214	0 6.18764 0.322016
0.442871 2.08286 2.44658	0 5.50646 0.321978
0.443115 2.10434 2.44329	0 4.26619 0.32437
0.443359 2.95809 2.44219	0 7.85298 0.32688
0.443604 2.29904 2.44302	0 5.17244 0.32754
0.443848 2.46354 2.4454	0 6.34308 0.325351
0.444092 2.44854 2.44888	0 6.2268 0.320452
0.444336 2.43375 2.453	0 5.08945 0.313786
0.44458 2.54225 2.45728	0 6.21524 0.306487
0.444824 2.36989 2.46126	0 3.62215 0.299308
0.445068 2.26614 2.46446	0 3.95438 0.292364
0.445312 2.55926 2.46648	0 5.54342 0.28531
0.445557 2.58275 2.46695	0 6.05376 0.277818
0.445801 2.56656 2.46568	0 7.09224 0.270063
0.446045 2.93031 2.4626	0 7.93479 0.262918
0.446289 2.00173 2.45792	0 3.20795 0.257745
0.446533 2.13616 2.45203	0 3.53177 0.255908
0.446777 3.06296 2.44554	0 8.39784 0.258278
0.447021 2.39795 2.43917	0 4.79201 0.264993
0.447266 2.38077 2.43371	0 3.26302 0.275535
0.44751 2.21036 2.42985	0 5.2178 0.289028
0.447754 2.32531 2.42813	0 6.51023 0.304571
0.447998 2.25546 2.42887	0 6.51188 0.321462
0.448242 2.57254 2.43213	0 5.81705 0.339235
0.448486 2.26602 2.43775	0 6.54814 0.357544
0.44873 2.40201 2.44534	0 6.00187 0.375945
0.448975 2.58815 2.45439	0 6.17331 0.393693
0.449219 2.78586 2.46427	0 10.1005 0.409633
0.449463 2.25527 2.47428	0 5.10571 0.422277
0.449707 2.46703 2.48375	0 6.26332 0.430076
0.449951 2.22748 2.49197	0 4.14579 0.431801
0.450195 2.59354 2.49838	0 6.57158 0.426932
0.450439 2.33992 2.50256	0 5.26669 0.415896
0.450684 2.8681 2.50435	0 9.03537 0.400047
0.450928 2.93184 2.50392	0 7.48911 0.38138
0.451172 2.8301 2.50177	0 5.9065 0.362071
0.451416 2.09738 2.49866	0 5.32453 0.344
0.45166 2.20001 2.49555	0 4.42262 0.328444
0.451904 2.54141 2.49338	0 6.2607 0.315989
0.452148 2.42281 2.49294	0 5.99731 0.306668
0.452393 2.05326 2.49474	0 3.54486 0.300201
0.452637 2.83818 2.49899	0 6.10819 0.296262
0.452881 2.5189 2.50558	0 8.4673 0.294667
0.453125 2.21995 2.51416	0 4.29325 0.295475
0.453369 2.91389 2.52428	0 7.26074 0.298976
0.453613 2.46377 2.53546	0 5.91477 0.305607
0.453857 2.5871 2.54723	0 6.3193 0.315817
0.454102 2.3668 2.55915	0 5.37686 0.329873
0.454346 2.68802 2.57078	0 7.2289 0.347582
0.45459 2.66674 2.58161	0 7.51121 0.367954
0.454834 2.25151 2.5911	0 3.69365 0.388974
0.455078 2.78393 2.59863	0 7.18405 0.407724
0.455322 2.50294 2.6036	0 7.99472 0.421044
0.455566 2.76578 2.60551	0 6.97246 0.426571
0.455811 2.77461 2.60408	0 9.51204 0.423712
0.456055 2.94561 2.59931	0 9.19323 0.413983
0.456299 2.78293 2.59147	0 6.77633 0.400423
0.456543 2.35929 2.58111	0 4.75761 0.386324
0.456787 2.49395 2.56894	0 5.98076 0.373897
0.457031 2.35072 2.55568	0 5.06749 0.363581
0.457275 2.3856 2.54198	0 5.89944 0.354317
0.45752 2.52473 2.52837	0 5.37032 0.344569
0.457764 2.77221 2.51519	0 8.2802 0.333495
0.458008 2.80331 2.50266	0 11.1366 0.32158
0.458252 2.23829 2.49093	0 4.28416 0.310461
0.458496 2.16891 2.48014	0 3.90012 0.30208
0.45874 2.70581 2.47045	0 10.5072 0.297706
0.458984 2.50089 2.46208	0 6.10659 0.297333
0.459229 2.4541 2.45526	0 7.468 0.299689
0.459473 2.25747 2.45022	0 5.31608 0.30278
0.459717 2.41573 2.44709	0 4.19525 0.304647
0.459961 2.57277 2.44585	0 6.36459 0.304056
0.460205 2.11586 2.4463	0 4.99372 0.300907
0.460449 2.69302 2.44803	0 7.07519 0.296284
0.460693 2.38011 2.45039	0 5.14012 0.292114
0.460938 2.36265 2.45263	0 5.48831 0.290509
0.461182 2.3943 2.4539	0 5.71851 0.292965
0.461426 2.50415 2.45344	0 4.94763 0.299702
0.46167 2.57548 2.45069	0 7.25453 0.309445
0.461914 2.67884 2.44541	0 7.58316 0.319777
0.462158 2.62738 2.43774	0 6.22286 0.327964
0.462402 2.312 2.42816	0 6.78636 0.331919
0.462646 2.73164 2.41747	0 7.01402 0.330902
0.462891 2.2632 2.40656	0 8.14016 0.325691
0.463135 2.15076 2.39625	0 5.9112 0.318185
0.463379 1.9549 2.38717	0 3.77494 0.310637
0.463623 2.37265 2.37961	0 6.94897 0.304855
0.463867 2.5126 2.37355	0 5.39389 0.301684
0.464111 2.34633 2.36875	0 4.93412 0.300927
0.464355 2.40485 2.36493	0 4.17552 0.301709
0.4646 2.70945 2.36187	0 6.70599 0.303044
0.464844 2.3634 2.35959	0 3.96922 0.304349
0.465088 2.38275 2.3584	0 4.72638 0.305658
0.465332 2.1899 2.35878	0 5.14534 0.307478
0.465576 2.21789 2.36133	0 5.68317 0.310406
0.46582 2.34214 2.36656	0 4.43376 0.31468
0.466064 2.28012 2.37475	0 5.61771 0.319899
0.466309 2.02956 2.38582	0 3.941 0.324996
0.466553 2.33953 2.39935	0 4.61619 0.328508
0.466797 2.76729 2.41464	0 6.30344 0.329029
0.467041 2.3483 2.43079	0 5.46585 0.325713
0.467285 2.39586 2.44694	0 5.78814 0.318629
0.467529 2.53862 2.46232	0 5.93536 0.308846
0.467773 2.82724 2.47642	0 6.5 0.298173
0.468018 2.63547 2.48893	0 7.31974 0.288645
0.468262 2.3249 2.49978	0 5.80346 0.281883
0.468506 2.15066 2.50903	0 4.34173 0.278592
0.46875 2.42103 2.51681	0 4.46119 0.278363
0.468994 2.87692 2.52322	0 8.32202 0.279898
0.469238 2.51686 2.52839	0 4.31722 0.281593
0.469482 2.45377 2.5324	0 6.3919 0.28224
0.469727 2.98036 2.53537	0 9.93794 0.281561
0.469971 2.24372 2.53744	0 2.75972 0.280357
0.470215 2.46261 2.53883	0 5.40845 0.28022
0.470459 2.58632 2.53972	0 5.36713 0.282947
0.470703 2.55563 2.54029	0 6.01777 0.289903
0.470947 2.82206 2.5406	0 5.80375 0.301543
0.471191 2.20802 2.54056	0 4.14271 0.317254
0.471436 2.23722 2.53991	0 5.21204 0.335543
0.47168 2.8245 2.53829	0 5.82941 0.3545
0.471924 2.45317 2.53531	0 7.23119 0.372379
0.472168 2.71175 2.53067	0 6.54348 0.388075
0.472412 2.71955 2.52427	0 6.28485 0.401305
0.472656 2.47827 2.51627	0 4.15826 0.412408
0.4729 2.94708 2.50714	0 8.18949 0.421884
0.473145 2.25237 2.4976	0 4.52007 0.429947
0.473389 2.19302 2.48851	0 5.94617 0.436365
0.473633 2.24634 2.48078	0 7.02949 0.440653
0.473877 2.74508 2.47518	0 7.2106 0.442465
0.474121 2.24125 2.47228	0 4.6153 0.441859
0.474365 2.51753 2.4724	0 7.57972 0.43928
0.474609 2.42297 2.47552	0 5.0953 0.435288
0.474854 2.61413 2.48135	0 7.79262 0.430278
0.475098 2.25007 2.48932	0 4.13152 0.424413
0.475342 2.34651 2.49867	0 5.61134 0.417759
0.475586 2.70154 2.50849	0 5.35717 0.410452
0.47583 2.56505 2.51782	0 7.59394 0.402707
0.476074 2.25699 2.52577	0 5.47005 0.394618
0.476318 2.81646 2.53158	0 6.63257 0.385961
0.476562 2.63309 2.53478	0 6.27625 0.376192
0.476807 2.86447 2.53521	0 8.15187 0.364729
0.477051 2.49839 2.53306	0 4.88017 0.351347
0.477295 2.32026 2.52882	0 3.86142 0.336404
0.477539 2.69103 2.52318	0 4.92283 0.32074
0.477783 2.74305 2.51693	0 9.63285 0.305321
0.478027 2.10169 2.51082	0 4.31779 0.290888
0.478271 2.24361 2.50546	0 3.71893 0.277874
0.478516 2.36714 2.5013	0 4.58015 0.266613
0.47876 2.85479 2.49857	0 6.23031 0.257682
0.479004 2.65585 2.49736	0 7.59427 0.25207
0.479248 2.49263 2.49764	0 4.11636 0.251003
0.479492 2.41697 2.49932	0 4.38896 0.255456
0.479736 2.30651 2.50225	0 4.12968 0.265598
0.47998 2.27344 2.50624	0 5.13986 0.280491
0.480225 2.75291 2.51102	0 5.25565 0.29823
0.480469 2.69534 2.51623	0 7.26934 0.316477
0.480713 2.23671 2.52142	0 4.3753 0.333097
0.480957 2.80318 2.52609	0 6.34036 0.346594
0.481201 2.08226 2.52974	0 3.21414 0.356173
0.481445 2.7911 2.53196	0 6.20409 0.361544
0.481689 2.67859 2.53247	0 5.82607 0.362704
0.481934 2.41515 2.53122	0 7.78724 0.359897
0.482178 3.33256 2.52836	0 12.5191 0.353723
0.482422 2.15646 2.52422	0 5.3428 0.345226
0.482666 2.08372 2.51929	0 4.03383 0.335828
0.48291 2.43717 2.51403	0 6.47655 0.327097
0.483154 2.5458 2.50884	0 5.66194 0.320488
0.483398 2.9366 2.50398	0 6.27248 0.317161
0.483643 2.43663 2.49952	0 5.76527 0.317859
0.483887 2.08757 2.49534	0 3.57458 0.322788
0.484131 2.53979 2.49122	0 5.8898 0.331476
0.484375 2.53447 2.48689	0 5.99186 0.342712
0.484619 2.3492 2.48214	0 4.53838 0.354716
0.484863 3.0927 2.4769	0 12.9225 0.365546
0.485107 2.41224 2.47127	0 4.27148 0.373627
0.485352 2.29006 2.46555	0 4.2715 0.378109
0.485596 2.27493 2.46017	0 4.68133 0.378917
0.48584 2.60512 2.45565	0 7.41256 0.376481
0.486084 2.39402 2.45248	0 6.12193 0.371357
0.486328 2.1326 2.45107	0 4.3835 0.363948
0.486572 2.71641 2.45165	0 7.53093 0.35444
0.486816 2.46636 2.45428	0 7.08987 0.342914
0.487061 2.30843 2.45885	0 4.4552 0.329488
0.487305 2.23557 2.46507	0 4.44895 0.31442
0.487549 2.5143 2.4726	0 5.15576 0.298154
0.487793 2.66115 2.48104	0 5.54342 0.281367
0.488037 2.61524 2.49001	0 7.23523 0.26502
0.488281 2.6926 2.49916	0 8.63242 0.250375
0.488525 2.06377 2.50819	0 4.34068 0.238873
0.48877 2.43824 2.51684	0 5.3651 0.231854
0.489014 2.67508 2.52489	0 6.19689 0.230205
0.489258 2.61727 2.53219	0 6.41571 0.234067
0.489502 2.57002 2.53863	0 5.08787 0.242745
0.489746 2.6251 2.54418	0 7.28295 0.254866
0.48999 2.44006 2.54888	0 4.29516 0.268727
0.490234 2.6642 2.55284	0 6.77145 0.282722
0.490479 2.57153 2.55618	0 6.5621 0.295719
0.490723 2.61589 2.55901	0 4.93031 0.30727
0.490967 2.38343 2.56139	0 4.78242 0.317602
0.491211 2.56346 2.56326	0 5.72757 0.327362
0.491455 2.48848 2.56447	0 7.19342 0.337221
0.491699 2.47543 2.56481	0 5.87592 0.347472
0.491943 2.88278 2.56409	0 6.45089 0.35781
0.492188 2.45754 2.56218	0 7.09304 0.36742
0.492432 2.66475 2.5591	0 6.56908 0.37535
0.492676 2.7692 2.55501	0 6.9979 0.380995
0.49292 2.72378 2.5502	0 5.68753 0.384412
0.493164 2.30582 2.54498	0 3.53431 0.386282
0.493408 2.29017 2.53961	0 5.25166 0.387511
0.493652 2.31886 2.53425	0 4.44021 0.388711
0.493896 2.40769 2.52889	0 5.56912 0.389863
0.494141 2.88448 2.52341	0 5.55906 0.390359
0.494385 2.70968 2.51764	0 6.40893 0.389382
0.494629 2.56842 2.51147	0 7.79539 0.386395
0.494873 2.44365 2.50491	0 5.31382 0.381455
0.495117 2.54189 2.49809	0 5.38532 0.375216
0.495361 2.49384 2.4913	0 5.07167 0.368621
0.495605 2.24325 2.48485	0 5.59045 0.362462
0.49585 2.54375 2.479	0 5.25134 0.357011
0.496094 2.46302 2.4738	0 6.26987 0.351918
0.496338 2.37767 2.46902	0 5.00712 0.346462
0.496582 2.16159 2.46402	0 4.87996 0.340079
0.496826 3.03711 2.45766	0 11.0331 0.332915
0.49707 2.26985 2.44827	0 4.36403 0.326108
0.497314 2.30498 2.43355	0 5.28679 0.32155
0.497559 2.73891 2.41058	0 5.89164 0.321161
0.497803 2.54662 2.3759	0 5.70355 0.325958
0.498047 2.27 2.32571	0 4.99147 0.335321
0.498291 2.19922 2.25625	0 4.60699 0.346805
0.498535 2.62343 2.16429	0 7.55369 0.356575
0.498779 2.35504 2.04777	0 6.97618 0.360319
0.499023 3.09397 1.9064	0 8.05926 0.354309
0.499268 2.68677 1.74204	0 6.11481 0.336335
0.499512 2.21122 1.55889	0 4.52123 0.306264
0.499756 2.51737 1.16256	0 15.2154 0.219651
