501.000000 0.043506
502.000000 0.039697
503.000000 0.035692
504.000000 0.035889
505.000000 0.034114
506.000000 0.035471
507.000000 0.033654
508.000000 0.036425
509.000000 0.030232
510.000000 0.032629
511.000000 0.034278
512.000000 0.033344
513.000000 0.032706
514.000000 0.034894
515.000000 0.031739
516.000000 0.033559
517.000000 0.040849
518.000000 0.040234
519.000000 0.037652
520.000000 0.032741
521.000000 0.038124
522.000000 0.038716
523.000000 0.038530
524.000000 0.045843
525.000000 0.040721
526.000000 0.038640
527.000000 0.041915
528.000000 0.043235
529.000000 0.038649
530.000000 0.039327
531.000000 0.037354
532.000000 0.032072
533.000000 0.031918
534.000000 0.031701
535.000000 0.032964
536.000000 0.035057
537.000000 0.042046
538.000000 0.046478
539.000000 0.042184
540.000000 0.037460
541.000000 0.036485
542.000000 0.039785
543.000000 0.039080
544.000000 0.041896
545.000000 0.037130
546.000000 0.037400
547.000000 0.037700
548.000000 0.040285
549.000000 0.039851
550.000000 0.041513
551.000000 0.039789
552.000000 0.040202
553.000000 0.035485
554.000000 0.032304
555.000000 0.039226
556.000000 0.037023
557.000000 0.036075
558.000000 0.033909
559.000000 0.034132
560.000000 0.035911
561.000000 0.032767
562.000000 0.031357
563.000000 0.034823
564.000000 0.036214
565.000000 0.032544
566.000000 0.037262
567.000000 0.033549
568.000000 0.038581
569.000000 0.043820
570.000000 0.041955
571.000000 0.041144
572.000000 0.041805
573.000000 0.041317
574.000000 0.038575
575.000000 0.035415
576.000000 0.039034
577.000000 0.038156
578.000000 0.038598
579.000000 0.034096
580.000000 0.035705
581.000000 0.033166
582.000000 0.030009
583.000000 0.028166
584.000000 0.026144
585.000000 0.033451
586.000000 0.041338
587.000000 0.039208
588.000000 0.039070
589.000000 0.041301
590.000000 0.048273
591.000000 0.041453
592.000000 0.039914
593.000000 0.037527
594.000000 0.036938
595.000000 0.038268
596.000000 0.039054
597.000000 0.037521
598.000000 0.034282
599.000000 0.028475
600.000000 0.028346
601.000000 0.024456
602.000000 0.025825
603.000000 0.035356
604.000000 0.035432
605.000000 0.041760
606.000000 0.046152
607.000000 0.047864
608.000000 0.043347
609.000000 0.043748
610.000000 0.038689
611.000000 0.038353
612.000000 0.038398
613.000000 0.033725
614.000000 0.039718
615.000000 0.039893
616.000000 0.034610
617.000000 0.029919
618.000000 0.030393
619.000000 0.033215
620.000000 0.030989
621.000000 0.028674
622.000000 0.034746
623.000000 0.035967
624.000000 0.034751
625.000000 0.036761
626.000000 0.032569
627.000000 0.041905
628.000000 0.042130
629.000000 0.038948
630.000000 0.037877
631.000000 0.040818
632.000000 0.035526
633.000000 0.044032
634.000000 0.041773
635.000000 0.039503
636.000000 0.040319
637.000000 0.040381
638.000000 0.033450
639.000000 0.039219
640.000000 0.037389
641.000000 0.035571
642.000000 0.035743
643.000000 0.042194
644.000000 0.039237
645.000000 0.038586
646.000000 0.034904
647.000000 0.032392
648.000000 0.032509
649.000000 0.034278
650.000000 0.034848
651.000000 0.037178
652.000000 0.038039
653.000000 0.039038
654.000000 0.036020
655.000000 0.036097
656.000000 0.041259
657.000000 0.042131
658.000000 0.042009
659.000000 0.041404
660.000000 0.041269
661.000000 0.039276
662.000000 0.034175
663.000000 0.034758
664.000000 0.030213
665.000000 0.035467
666.000000 0.032692
667.000000 0.038355
668.000000 0.033937
669.000000 0.035794
670.000000 0.036589
671.000000 0.033803
672.000000 0.030504
673.000000 0.031929
674.000000 0.033865
675.000000 0.033840
676.000000 0.035453
677.000000 0.038066
678.000000 0.039924
679.000000 0.038243
680.000000 0.040389
681.000000 0.036214
682.000000 0.035248
683.000000 0.035024
684.000000 0.036387
685.000000 0.040359
686.000000 0.043259
687.000000 0.038074
688.000000 0.038105
689.000000 0.042175
690.000000 0.037371
691.000000 0.034941
692.000000 0.033935
693.000000 0.035047
694.000000 0.037581
695.000000 0.042693
696.000000 0.042162
697.000000 0.046117
698.000000 0.047654
699.000000 0.050078
700.000000 0.045352
701.000000 0.040225
702.000000 0.033332
703.000000 0.041001
704.000000 0.042159
705.000000 0.039223
706.000000 0.037516
707.000000 0.036170
708.000000 0.038970
709.000000 0.036345
710.000000 0.033401
711.000000 0.029329
712.000000 0.028288
713.000000 0.028512
714.000000 0.030692
715.000000 0.032810
716.000000 0.035217
717.000000 0.032419
718.000000 0.035975
719.000000 0.035507
720.000000 0.033556
721.000000 0.032609
722.000000 0.035678
723.000000 0.037801
724.000000 0.040367
725.000000 0.047000
726.000000 0.042641
727.000000 0.038771
728.000000 0.036010
729.000000 0.036922
730.000000 0.032169
731.000000 0.029796
732.000000 0.030652
733.000000 0.034276
734.000000 0.036332
735.000000 0.040453
736.000000 0.040419
737.000000 0.035738
738.000000 0.038613
739.000000 0.037643
740.000000 0.039028
741.000000 0.035400
742.000000 0.036207
743.000000 0.037322
744.000000 0.039982
745.000000 0.036409
746.000000 0.033334
747.000000 0.032927
748.000000 0.033360
749.000000 0.043969
750.000000 0.045737
751.000000 0.040504
752.000000 0.035142
753.000000 0.040304
754.000000 0.040765
755.000000 0.040461
756.000000 0.048270
757.000000 0.046434
758.000000 0.044439
759.000000 0.039573
760.000000 0.044100
761.000000 0.045074
762.000000 0.038998
763.000000 0.036162
764.000000 0.042707
765.000000 0.042705
766.000000 0.036473
767.000000 0.033095
768.000000 0.031752
769.000000 0.030924
770.000000 0.029609
771.000000 0.029223
772.000000 0.040800
773.000000 0.041946
774.000000 0.042239
775.000000 0.035818
776.000000 0.032893
777.000000 0.039554
778.000000 0.041208
779.000000 0.045779
780.000000 0.048841
781.000000 0.050887
782.000000 0.046801
783.000000 0.042753
784.000000 0.036498
785.000000 0.035628
786.000000 0.030943
787.000000 0.030544
788.000000 0.029595
789.000000 0.027529
790.000000 0.029189
791.000000 0.030023
792.000000 0.024973
793.000000 0.026091
794.000000 0.030055
795.000000 0.035433
796.000000 0.039371
797.000000 0.039392
798.000000 0.037532
799.000000 0.037276
800.000000 0.035696
801.000000 0.033092
802.000000 0.037785
803.000000 0.039340
804.000000 0.043698
805.000000 0.044123
806.000000 0.039865
807.000000 0.036078
808.000000 0.033949
809.000000 0.034111
810.000000 0.030052
811.000000 0.031425
812.000000 0.030284
813.000000 0.037188
814.000000 0.039038
815.000000 0.034818
816.000000 0.034575
817.000000 0.034033
818.000000 0.035652
819.000000 0.038683
820.000000 0.036073
821.000000 0.038501
822.000000 0.045313
823.000000 0.052872
824.000000 0.056923
825.000000 0.057252
826.000000 0.061523
827.000000 0.053174
828.000000 0.046753
829.000000 0.041554
830.000000 0.037741
831.000000 0.036710
832.000000 0.033939
833.000000 0.035790
834.000000 0.038484
835.000000 0.037121
836.000000 0.037622
837.000000 0.045082
838.000000 0.038789
839.000000 0.040160
840.000000 0.040400
841.000000 0.043485
842.000000 0.038912
843.000000 0.037183
844.000000 0.035755
845.000000 0.035276
846.000000 0.039205
847.000000 0.034904
848.000000 0.032494
849.000000 0.030366
850.000000 0.026348
851.000000 0.027678
852.000000 0.032608
853.000000 0.032898
854.000000 0.038595
855.000000 0.034468
856.000000 0.037903
857.000000 0.037622
858.000000 0.040015
859.000000 0.034105
860.000000 0.042462
861.000000 0.043618
862.000000 0.045003
863.000000 0.042599
864.000000 0.038651
865.000000 0.042421
866.000000 0.044667
867.000000 0.042804
868.000000 0.041339
869.000000 0.038068
870.000000 0.037613
871.000000 0.042454
872.000000 0.040620
873.000000 0.039909
874.000000 0.040057
875.000000 0.047523
876.000000 0.041607
877.000000 0.034471
878.000000 0.032289
879.000000 0.028355
880.000000 0.031518
881.000000 0.037424
882.000000 0.041640
883.000000 0.041397
884.000000 0.037350
885.000000 0.038798
886.000000 0.041073
887.000000 0.042995
888.000000 0.041380
889.000000 0.038221
890.000000 0.038449
891.000000 0.042149
892.000000 0.042867
893.000000 0.040090
894.000000 0.043087
895.000000 0.038855
896.000000 0.036274
897.000000 0.035908
898.000000 0.037164
899.000000 0.033995
900.000000 0.040903
901.000000 0.037057
902.000000 0.038281
903.000000 0.038668
904.000000 0.037008
905.000000 0.037107
906.000000 0.041237
907.000000 0.041313
908.000000 0.034247
909.000000 0.033169
910.000000 0.030198
911.000000 0.027734
912.000000 0.025487
913.000000 0.035609
914.000000 0.040669
915.000000 0.044182
916.000000 0.043438
917.000000 0.036813
918.000000 0.046465
919.000000 0.050453
920.000000 0.050753
921.000000 0.050930
922.000000 0.044290
923.000000 0.043952
924.000000 0.042794
925.000000 0.037616
926.000000 0.036872
927.000000 0.034413
928.000000 0.032538
929.000000 0.031125
930.000000 0.029246
931.000000 0.032225
932.000000 0.027635
933.000000 0.030845
934.000000 0.033795
935.000000 0.039253
936.000000 0.038056
937.000000 0.036838
938.000000 0.035256
939.000000 0.034647
940.000000 0.035253
941.000000 0.037250
942.000000 0.035626
943.000000 0.036905
944.000000 0.031643
945.000000 0.035782
946.000000 0.037131
947.000000 0.033496
948.000000 0.039552
949.000000 0.039240
950.000000 0.037873
951.000000 0.035958
952.000000 0.031277
953.000000 0.036818
954.000000 0.037862
955.000000 0.046558
956.000000 0.045026
957.000000 0.044267
958.000000 0.048175
959.000000 0.045455
960.000000 0.045302
961.000000 0.044782
962.000000 0.045228
963.000000 0.039392
964.000000 0.036543
965.000000 0.037778
966.000000 0.036870
967.000000 0.040760
968.000000 0.035459
969.000000 0.035026
970.000000 0.034339
971.000000 0.029423
972.000000 0.030061
973.000000 0.029998
974.000000 0.029359
975.000000 0.033795
976.000000 0.030955
977.000000 0.036576
978.000000 0.037471
979.000000 0.047254
980.000000 0.052314
981.000000 0.050205
982.000000 0.054143
983.000000 0.053471
984.000000 0.047755
985.000000 0.043141
986.000000 0.045189
987.000000 0.039238
988.000000 0.040751
989.000000 0.037695
990.000000 0.039282
991.000000 0.038321
992.000000 0.035142
993.000000 0.030620
994.000000 0.028564
995.000000 0.025805
996.000000 0.025523
997.000000 0.026149
998.000000 0.025486
999.000000 0.028296
1000.000000 0.041338
1001.000000 0.040246
1002.000000 0.038991
1003.000000 0.040413
1004.000000 0.042459
1005.000000 0.046672
1006.000000 0.050329
1007.000000 0.047373
1008.000000 0.042107
1009.000000 0.040626
1010.000000 0.037333
1011.000000 0.037374
1012.000000 0.032631
1013.000000 0.029178
1014.000000 0.030113
1015.000000 0.040192
1016.000000 0.037723
1017.000000 0.037896
1018.000000 0.036183
1019.000000 0.032897
1020.000000 0.039771
1021.000000 0.036946
1022.000000 0.039831
1023.000000 0.037452
1024.000000 0.046249
1025.000000 0.045216
1026.000000 0.046986
1027.000000 0.042818
1028.000000 0.039490
1029.000000 0.039217
1030.000000 0.042100
1031.000000 0.041882
1032.000000 0.047617
1033.000000 0.043126
1034.000000 0.040640
1035.000000 0.035666
1036.000000 0.036332
1037.000000 0.037696
1038.000000 0.034030
1039.000000 0.035820
1040.000000 0.033693
1041.000000 0.033187
1042.000000 0.031111
1043.000000 0.040349
1044.000000 0.037749
1045.000000 0.032019
1046.000000 0.038232
1047.000000 0.037281
1048.000000 0.035287
1049.000000 0.039546
1050.000000 0.033535
1051.000000 0.029216
1052.000000 0.025547
1053.000000 0.026649
1054.000000 0.027046
1055.000000 0.032745
1056.000000 0.037428
1057.000000 0.041696
1058.000000 0.041209
1059.000000 0.045225
1060.000000 0.050074
1061.000000 0.048484
1062.000000 0.043804
1063.000000 0.042818
1064.000000 0.037131
1065.000000 0.039117
1066.000000 0.039222
1067.000000 0.036230
1068.000000 0.035455
1069.000000 0.034577
1070.000000 0.032378
1071.000000 0.034512
1072.000000 0.031714
1073.000000 0.029939
1074.000000 0.030444
1075.000000 0.031967
1076.000000 0.034151
1077.000000 0.038367
1078.000000 0.038697
1079.000000 0.037585
1080.000000 0.037578
1081.000000 0.040561
1082.000000 0.044085
1083.000000 0.039157
1084.000000 0.035427
1085.000000 0.038635
1086.000000 0.034835
1087.000000 0.029000
1088.000000 0.028621
1089.000000 0.029520
1090.000000 0.034829
1091.000000 0.032345
1092.000000 0.046059
1093.000000 0.042763
1094.000000 0.039210
1095.000000 0.037440
1096.000000 0.040042
1097.000000 0.037299
1098.000000 0.036731
1099.000000 0.034089
1100.000000 0.030926
1101.000000 0.028857
1102.000000 0.029320
1103.000000 0.039513
1104.000000 0.041776
1105.000000 0.041242
1106.000000 0.039555
1107.000000 0.043751
1108.000000 0.039920
1109.000000 0.040745
1110.000000 0.039989
1111.000000 0.041144
1112.000000 0.039275
1113.000000 0.042572
1114.000000 0.039757
1115.000000 0.039544
1116.000000 0.038561
1117.000000 0.035343
1118.000000 0.033298
1119.000000 0.041404
1120.000000 0.035981
1121.000000 0.032231
1122.000000 0.030197
1123.000000 0.030766
1124.000000 0.031296
1125.000000 0.042253
1126.000000 0.040112
1127.000000 0.039263
1128.000000 0.043522
1129.000000 0.039186
1130.000000 0.038708
1131.000000 0.042699
1132.000000 0.043819
1133.000000 0.042933
1134.000000 0.040345
1135.000000 0.036232
1136.000000 0.039090
1137.000000 0.041647
1138.000000 0.038473
1139.000000 0.044793
1140.000000 0.040504
1141.000000 0.036489
1142.000000 0.044741
1143.000000 0.042392
1144.000000 0.042560
1145.000000 0.039351
1146.000000 0.037398
1147.000000 0.040563
1148.000000 0.036219
1149.000000 0.035020
1150.000000 0.033722
1151.000000 0.031796
1152.000000 0.030595
1153.000000 0.032585
1154.000000 0.033088
1155.000000 0.031200
1156.000000 0.033155
1157.000000 0.036993
1158.000000 0.038877
1159.000000 0.042879
1160.000000 0.042764
1161.000000 0.037104
1162.000000 0.032796
1163.000000 0.030544
1164.000000 0.029797
1165.000000 0.033382
1166.000000 0.041394
1167.000000 0.038308
1168.000000 0.046530
1169.000000 0.044180
1170.000000 0.044341
1171.000000 0.039893
1172.000000 0.037553
1173.000000 0.035715
1174.000000 0.041623
1175.000000 0.038282
1176.000000 0.038589
1177.000000 0.035846
1178.000000 0.040239
1179.000000 0.041439
1180.000000 0.043232
1181.000000 0.043141
1182.000000 0.037266
1183.000000 0.034208
1184.000000 0.037243
1185.000000 0.041522
1186.000000 0.040438
1187.000000 0.041045
1188.000000 0.038746
1189.000000 0.038517
1190.000000 0.034011
1191.000000 0.033724
1192.000000 0.035281
1193.000000 0.031819
1194.000000 0.034418
1195.000000 0.033880
1196.000000 0.039980
1197.000000 0.040335
1198.000000 0.040468
1199.000000 0.044666
1200.000000 0.040382
1201.000000 0.045645
1202.000000 0.040701
1203.000000 0.037035
1204.000000 0.035308
1205.000000 0.035696
1206.000000 0.036500
1207.000000 0.033626
1208.000000 0.032289
1209.000000 0.032273
1210.000000 0.040045
1211.000000 0.039366
1212.000000 0.042997
1213.000000 0.041209
1214.000000 0.037988
1215.000000 0.032856
1216.000000 0.032617
1217.000000 0.034161
1218.000000 0.032510
1219.000000 0.035615
1220.000000 0.042978
1221.000000 0.039666
1222.000000 0.043846
1223.000000 0.037699
1224.000000 0.037514
1225.000000 0.032421
1226.000000 0.033072
1227.000000 0.030539
1228.000000 0.029262
1229.000000 0.031359
1230.000000 0.037502
1231.000000 0.032657
1232.000000 0.033805
1233.000000 0.034506
1234.000000 0.032409
1235.000000 0.033321
1236.000000 0.037284
1237.000000 0.035940
1238.000000 0.036009
1239.000000 0.036632
1240.000000 0.038556
1241.000000 0.044080
1242.000000 0.044957
1243.000000 0.039986
1244.000000 0.037967
1245.000000 0.039200
1246.000000 0.038794
1247.000000 0.036057
1248.000000 0.035407
1249.000000 0.037177
1250.000000 0.036203
1251.000000 0.033000
1252.000000 0.035108
1253.000000 0.036419
1254.000000 0.036151
1255.000000 0.037651
1256.000000 0.036315
1257.000000 0.035973
1258.000000 0.035443
1259.000000 0.043452
1260.000000 0.046258
1261.000000 0.042330
1262.000000 0.043678
1263.000000 0.042007
1264.000000 0.038343
1265.000000 0.037715
1266.000000 0.039855
1267.000000 0.033059
1268.000000 0.029160
1269.000000 0.031706
1270.000000 0.032447
1271.000000 0.026984
1272.000000 0.031294
1273.000000 0.030080
1274.000000 0.038262
1275.000000 0.038884
1276.000000 0.037878
1277.000000 0.036479
1278.000000 0.035078
1279.000000 0.033931
1280.000000 0.033222
1281.000000 0.032296
1282.000000 0.034680
1283.000000 0.042613
1284.000000 0.045000
1285.000000 0.041214
1286.000000 0.040921
1287.000000 0.036447
1288.000000 0.039165
1289.000000 0.043371
1290.000000 0.043981
1291.000000 0.045102
1292.000000 0.043959
1293.000000 0.042388
1294.000000 0.041508
1295.000000 0.039838
1296.000000 0.037082
1297.000000 0.038385
1298.000000 0.036030
1299.000000 0.039958
1300.000000 0.036142
1301.000000 0.030858
1302.000000 0.029244
1303.000000 0.037861
1304.000000 0.034691
1305.000000 0.035917
1306.000000 0.033871
1307.000000 0.031337
1308.000000 0.031071
1309.000000 0.029194
1310.000000 0.030628
1311.000000 0.033745
1312.000000 0.037445
1313.000000 0.041392
1314.000000 0.046406
1315.000000 0.049329
1316.000000 0.048888
1317.000000 0.042074
1318.000000 0.048002
1319.000000 0.040492
1320.000000 0.036589
1321.000000 0.033822
1322.000000 0.031453
1323.000000 0.031380
1324.000000 0.029889
1325.000000 0.029245
1326.000000 0.034551
1327.000000 0.040651
1328.000000 0.037065
1329.000000 0.035973
1330.000000 0.032031
1331.000000 0.030365
1332.000000 0.029980
1333.000000 0.034445
1334.000000 0.036754
1335.000000 0.039795
1336.000000 0.044765
1337.000000 0.042012
1338.000000 0.043751
1339.000000 0.039835
1340.000000 0.040137
1341.000000 0.040815
1342.000000 0.040446
1343.000000 0.039129
1344.000000 0.036857
1345.000000 0.035778
1346.000000 0.031963
1347.000000 0.033988
1348.000000 0.029951
1349.000000 0.027404
1350.000000 0.035580
1351.000000 0.042141
1352.000000 0.036971
1353.000000 0.042387
1354.000000 0.042654
1355.000000 0.046343
1356.000000 0.045181
1357.000000 0.037416
1358.000000 0.041411
1359.000000 0.041651
1360.000000 0.042679
1361.000000 0.042066
1362.000000 0.039467
1363.000000 0.036381
1364.000000 0.037072
1365.000000 0.038319
1366.000000 0.037436
1367.000000 0.035198
1368.000000 0.034974
1369.000000 0.036612
1370.000000 0.032400
1371.000000 0.029368
1372.000000 0.028558
1373.000000 0.037498
1374.000000 0.036111
1375.000000 0.039015
1376.000000 0.035300
1377.000000 0.035243
1378.000000 0.039853
1379.000000 0.044205
1380.000000 0.036673
1381.000000 0.035859
1382.000000 0.036209
1383.000000 0.034922
1384.000000 0.036414
1385.000000 0.038720
1386.000000 0.037136
1387.000000 0.036733
1388.000000 0.033937
1389.000000 0.037658
1390.000000 0.034353
1391.000000 0.039776
1392.000000 0.036511
1393.000000 0.035787
1394.000000 0.042740
1395.000000 0.035422
1396.000000 0.037091
1397.000000 0.038559
1398.000000 0.037189
1399.000000 0.032957
1400.000000 0.027413
1401.000000 0.026737
1402.000000 0.027442
1403.000000 0.026411
1404.000000 0.024486
1405.000000 0.027582
1406.000000 0.029980
1407.000000 0.033215
1408.000000 0.037355
1409.000000 0.040885
1410.000000 0.043724
1411.000000 0.043967
1412.000000 0.041206
1413.000000 0.039307
1414.000000 0.034817
1415.000000 0.036534
1416.000000 0.033311
1417.000000 0.038057
1418.000000 0.035170
1419.000000 0.031566
1420.000000 0.032957
1421.000000 0.032382
1422.000000 0.032906
1423.000000 0.037843
1424.000000 0.039460
1425.000000 0.038122
1426.000000 0.037062
1427.000000 0.037963
1428.000000 0.037843
1429.000000 0.035886
1430.000000 0.039727
1431.000000 0.038541
1432.000000 0.040623
1433.000000 0.039335
1434.000000 0.045211
1435.000000 0.041663
1436.000000 0.041465
1437.000000 0.037180
1438.000000 0.032875
1439.000000 0.030955
1440.000000 0.036893
1441.000000 0.032590
1442.000000 0.031897
1443.000000 0.028159
1444.000000 0.030014
1445.000000 0.030314
1446.000000 0.029089
1447.000000 0.027477
1448.000000 0.031814
1449.000000 0.031730
1450.000000 0.036751
1451.000000 0.038276
1452.000000 0.039106
1453.000000 0.045702
1454.000000 0.042752
1455.000000 0.044091
1456.000000 0.047457
1457.000000 0.040498
1458.000000 0.037481
1459.000000 0.033977
1460.000000 0.044259
1461.000000 0.039604
1462.000000 0.037612
1463.000000 0.035126
1464.000000 0.037331
1465.000000 0.038570
1466.000000 0.036237
1467.000000 0.034180
1468.000000 0.032494
1469.000000 0.032205
1470.000000 0.033566
1471.000000 0.030079
1472.000000 0.039570
1473.000000 0.036444
1474.000000 0.034218
1475.000000 0.030715
1476.000000 0.037439
1477.000000 0.034355
1478.000000 0.038383
1479.000000 0.042052
1480.000000 0.043734
1481.000000 0.040001
1482.000000 0.046293
1483.000000 0.044966
1484.000000 0.047464
1485.000000 0.045584
1486.000000 0.042365
1487.000000 0.038124
1488.000000 0.038656
1489.000000 0.041497
1490.000000 0.037481
1491.000000 0.033595
1492.000000 0.032986
1493.000000 0.030135
1494.000000 0.030606
1495.000000 0.028253
1496.000000 0.030645
1497.000000 0.031315
1498.000000 0.035526
1499.000000 0.035668
1500.000000 0.034704
1501.000000 0.037541
1502.000000 0.037990
1503.000000 0.034447
1504.000000 0.034118
1505.000000 0.036117
1506.000000 0.031703
1507.000000 0.037290
1508.000000 0.038999
1509.000000 0.038610
1510.000000 0.036779
1511.000000 0.034221
1512.000000 0.034400
1513.000000 0.036343
1514.000000 0.044306
1515.000000 0.053040
1516.000000 0.053461
1517.000000 0.050098
1518.000000 0.044029
1519.000000 0.044187
1520.000000 0.050423
1521.000000 0.047632
1522.000000 0.040745
1523.000000 0.035980
1524.000000 0.036018
1525.000000 0.035111
1526.000000 0.030748
1527.000000 0.030892
1528.000000 0.032318
1529.000000 0.029442
1530.000000 0.032923
1531.000000 0.032394
1532.000000 0.034042
1533.000000 0.036551
1534.000000 0.041517
1535.000000 0.044940
1536.000000 0.042323
1537.000000 0.042166
1538.000000 0.041431
1539.000000 0.038011
1540.000000 0.035388
1541.000000 0.040669
1542.000000 0.037685
1543.000000 0.036280
1544.000000 0.035969
1545.000000 0.033744
1546.000000 0.031893
1547.000000 0.032887
1548.000000 0.030792
1549.000000 0.026770
1550.000000 0.026236
1551.000000 0.030968
1552.000000 0.037001
1553.000000 0.042867
1554.000000 0.037965
1555.000000 0.032550
1556.000000 0.033349
1557.000000 0.031100
1558.000000 0.035430
1559.000000 0.034847
1560.000000 0.033174
1561.000000 0.032349
1562.000000 0.035759
1563.000000 0.036068
1564.000000 0.043799
1565.000000 0.045020
1566.000000 0.047306
1567.000000 0.043458
1568.000000 0.046121
1569.000000 0.049611
1570.000000 0.048841
1571.000000 0.047533
1572.000000 0.043770
1573.000000 0.040278
1574.000000 0.041300
1575.000000 0.040103
1576.000000 0.041595
1577.000000 0.039191
1578.000000 0.035864
1579.000000 0.031293
1580.000000 0.032375
1581.000000 0.028862
1582.000000 0.031637
1583.000000 0.029568
1584.000000 0.026235
1585.000000 0.023080
1586.000000 0.023753
1587.000000 0.022771
1588.000000 0.021195
1589.000000 0.030801
1590.000000 0.036487
1591.000000 0.040703
1592.000000 0.045340
1593.000000 0.044175
1594.000000 0.047943
1595.000000 0.059590
1596.000000 0.055466
1597.000000 0.052203
1598.000000 0.047874
1599.000000 0.045058
1600.000000 0.038756
1601.000000 0.033450
1602.000000 0.032805
1603.000000 0.029055
1604.000000 0.025574
1605.000000 0.032294
1606.000000 0.032220
1607.000000 0.034848
1608.000000 0.034861
1609.000000 0.032680
1610.000000 0.034280
1611.000000 0.036669
1612.000000 0.034860
1613.000000 0.033291
1614.000000 0.036164
1615.000000 0.037690
1616.000000 0.043260
1617.000000 0.042806
1618.000000 0.043246
1619.000000 0.043990
1620.000000 0.037588
1621.000000 0.037122
1622.000000 0.036245
1623.000000 0.032275
1624.000000 0.033449
1625.000000 0.040782
1626.000000 0.037815
1627.000000 0.035721
1628.000000 0.033921
1629.000000 0.031040
1630.000000 0.040487
1631.000000 0.036571
1632.000000 0.034234
1633.000000 0.038087
1634.000000 0.039492
1635.000000 0.043113
1636.000000 0.043242
1637.000000 0.040039
1638.000000 0.044554
1639.000000 0.040418
1640.000000 0.039833
1641.000000 0.038058
1642.000000 0.033000
1643.000000 0.033765
1644.000000 0.031291
1645.000000 0.033458
1646.000000 0.036375
1647.000000 0.031242
1648.000000 0.037283
1649.000000 0.033516
1650.000000 0.035612
1651.000000 0.035066
1652.000000 0.039691
1653.000000 0.040659
1654.000000 0.038853
1655.000000 0.038621
1656.000000 0.039950
1657.000000 0.036986
1658.000000 0.033268
1659.000000 0.036630
1660.000000 0.032742
1661.000000 0.035016
1662.000000 0.036348
1663.000000 0.038115
1664.000000 0.035933
1665.000000 0.037737
1666.000000 0.035126
1667.000000 0.033794
1668.000000 0.034370
1669.000000 0.029548
1670.000000 0.032004
1671.000000 0.033199
1672.000000 0.035787
1673.000000 0.036555
1674.000000 0.041631
1675.000000 0.047599
1676.000000 0.051610
1677.000000 0.047055
1678.000000 0.048416
1679.000000 0.045826
1680.000000 0.047165
1681.000000 0.043023
1682.000000 0.042228
1683.000000 0.040888
1684.000000 0.033903
1685.000000 0.031551
1686.000000 0.030059
1687.000000 0.030276
1688.000000 0.032685
1689.000000 0.028652
1690.000000 0.029234
1691.000000 0.027956
1692.000000 0.030570
1693.000000 0.032569
1694.000000 0.036686
1695.000000 0.034503
1696.000000 0.034245
1697.000000 0.041043
1698.000000 0.039967
1699.000000 0.041422
1700.000000 0.043784
1701.000000 0.047337
1702.000000 0.045307
1703.000000 0.042402
1704.000000 0.041176
1705.000000 0.036833
1706.000000 0.040510
1707.000000 0.041262
1708.000000 0.042479
1709.000000 0.039667
1710.000000 0.036069
1711.000000 0.034847
1712.000000 0.037304
1713.000000 0.037329
1714.000000 0.034649
1715.000000 0.036244
1716.000000 0.033112
1717.000000 0.036530
1718.000000 0.037938
1719.000000 0.036544
1720.000000 0.041068
1721.000000 0.035475
1722.000000 0.033702
1723.000000 0.035456
1724.000000 0.034259
1725.000000 0.041118
1726.000000 0.037771
1727.000000 0.035021
1728.000000 0.037673
1729.000000 0.042234
1730.000000 0.037536
1731.000000 0.034305
1732.000000 0.033953
1733.000000 0.038212
1734.000000 0.032789
1735.000000 0.033921
1736.000000 0.032029
1737.000000 0.033096
1738.000000 0.033379
1739.000000 0.035144
1740.000000 0.034088
1741.000000 0.032112
1742.000000 0.037124
1743.000000 0.036208
1744.000000 0.035242
1745.000000 0.041191
1746.000000 0.037595
1747.000000 0.033361
1748.000000 0.033235
1749.000000 0.034816
1750.000000 0.037362
1751.000000 0.042923
1752.000000 0.040579
1753.000000 0.039906
1754.000000 0.034454
1755.000000 0.035906
1756.000000 0.033580
1757.000000 0.036134
1758.000000 0.035756
1759.000000 0.045921
1760.000000 0.043221
1761.000000 0.046112
1762.000000 0.047516
1763.000000 0.043696
1764.000000 0.037164
1765.000000 0.039694
1766.000000 0.035365
1767.000000 0.035159
1768.000000 0.034969
1769.000000 0.033717
1770.000000 0.038266
1771.000000 0.039143
1772.000000 0.035646
1773.000000 0.037508
1774.000000 0.032548
1775.000000 0.032400
1776.000000 0.033470
1777.000000 0.032994
1778.000000 0.033592
1779.000000 0.039123
1780.000000 0.036794
1781.000000 0.036691
1782.000000 0.037435
1783.000000 0.042458
1784.000000 0.044646
1785.000000 0.044896
1786.000000 0.041199
1787.000000 0.042241
1788.000000 0.039153
1789.000000 0.040340
1790.000000 0.041377
1791.000000 0.045215
1792.000000 0.042054
1793.000000 0.039594
1794.000000 0.035438
1795.000000 0.037376
1796.000000 0.036919
1797.000000 0.034573
1798.000000 0.033671
1799.000000 0.034305
1800.000000 0.035050
1801.000000 0.035314
1802.000000 0.032108
1803.000000 0.033506
1804.000000 0.034405
1805.000000 0.046086
1806.000000 0.040221
1807.000000 0.042568
1808.000000 0.040890
1809.000000 0.039961
1810.000000 0.036791
1811.000000 0.036000
1812.000000 0.032626
1813.000000 0.032400
1814.000000 0.032798
1815.000000 0.035289
1816.000000 0.031220
1817.000000 0.040220
1818.000000 0.035750
1819.000000 0.037291
1820.000000 0.034212
1821.000000 0.034413
1822.000000 0.033707
1823.000000 0.038607
1824.000000 0.034131
1825.000000 0.037763
1826.000000 0.041105
1827.000000 0.041580
1828.000000 0.038041
1829.000000 0.034620
1830.000000 0.030829
1831.000000 0.029945
1832.000000 0.030582
1833.000000 0.029747
1834.000000 0.029842
1835.000000 0.031819
1836.000000 0.027906
1837.000000 0.031733
1838.000000 0.029978
1839.000000 0.039450
1840.000000 0.034312
1841.000000 0.033837
1842.000000 0.038364
1843.000000 0.039413
1844.000000 0.032770
1845.000000 0.036736
1846.000000 0.037379
1847.000000 0.042123
1848.000000 0.042618
1849.000000 0.041847
1850.000000 0.042081
1851.000000 0.037713
1852.000000 0.033460
1853.000000 0.036099
1854.000000 0.038750
1855.000000 0.040320
1856.000000 0.039918
1857.000000 0.038440
1858.000000 0.041980
1859.000000 0.041364
1860.000000 0.038174
1861.000000 0.032490
1862.000000 0.031250
1863.000000 0.040787
1864.000000 0.038482
1865.000000 0.042472
1866.000000 0.045480
1867.000000 0.042050
1868.000000 0.039391
1869.000000 0.033356
1870.000000 0.033986
1871.000000 0.030654
1872.000000 0.027688
1873.000000 0.034295
1874.000000 0.031502
1875.000000 0.028986
1876.000000 0.030860
1877.000000 0.034539
1878.000000 0.033341
1879.000000 0.039194
1880.000000 0.045084
1881.000000 0.055951
1882.000000 0.053923
1883.000000 0.045375
1884.000000 0.043651
1885.000000 0.041329
1886.000000 0.040564
1887.000000 0.037726
1888.000000 0.040008
1889.000000 0.039098
1890.000000 0.037068
1891.000000 0.036959
1892.000000 0.034685
1893.000000 0.034964
1894.000000 0.029018
1895.000000 0.028117
1896.000000 0.028452
1897.000000 0.028827
1898.000000 0.027965
1899.000000 0.026681
1900.000000 0.040344
1901.000000 0.047855
1902.000000 0.051334
1903.000000 0.044524
1904.000000 0.040017
1905.000000 0.037051
1906.000000 0.039359
1907.000000 0.039285
1908.000000 0.035805
1909.000000 0.031537
1910.000000 0.033407
1911.000000 0.030887
1912.000000 0.033757
1913.000000 0.035537
1914.000000 0.034525
1915.000000 0.034950
1916.000000 0.040698
1917.000000 0.037685
1918.000000 0.043658
1919.000000 0.037915
1920.000000 0.038287
1921.000000 0.032177
1922.000000 0.039031
1923.000000 0.034941
1924.000000 0.039498
1925.000000 0.039210
1926.000000 0.041364
1927.000000 0.041943
1928.000000 0.045888
1929.000000 0.043375
1930.000000 0.041619
1931.000000 0.040582
1932.000000 0.037460
1933.000000 0.039995
1934.000000 0.042465
1935.000000 0.045835
1936.000000 0.043257
1937.000000 0.038780
1938.000000 0.035521
1939.000000 0.036718
1940.000000 0.038596
1941.000000 0.035949
1942.000000 0.035590
1943.000000 0.030846
1944.000000 0.033808
1945.000000 0.034506
1946.000000 0.033739
1947.000000 0.031659
1948.000000 0.034997
1949.000000 0.039332
1950.000000 0.043830
1951.000000 0.042698
1952.000000 0.040559
1953.000000 0.038340
1954.000000 0.043914
1955.000000 0.045188
1956.000000 0.042834
1957.000000 0.036929
1958.000000 0.033495
1959.000000 0.033048
1960.000000 0.033654
1961.000000 0.030308
1962.000000 0.038159
1963.000000 0.042709
1964.000000 0.041045
1965.000000 0.044854
1966.000000 0.037581
1967.000000 0.035467
1968.000000 0.036371
1969.000000 0.038920
1970.000000 0.040148
1971.000000 0.036977
1972.000000 0.036121
1973.000000 0.039575
1974.000000 0.039707
1975.000000 0.044130
1976.000000 0.040707
1977.000000 0.038218
1978.000000 0.037324
1979.000000 0.032376
1980.000000 0.031126
1981.000000 0.035206
1982.000000 0.036084
1983.000000 0.032666
1984.000000 0.034614
1985.000000 0.029585
1986.000000 0.031581
1987.000000 0.036370
1988.000000 0.034715
1989.000000 0.030701
1990.000000 0.035850
1991.000000 0.036834
1992.000000 0.035880
1993.000000 0.035069
1994.000000 0.032867
1995.000000 0.034408
1996.000000 0.036395
1997.000000 0.035527
1998.000000 0.045408
1999.000000 0.050933
2000.000000 0.047687
2001.000000 0.041166
2002.000000 0.040420
2003.000000 0.038698
2004.000000 0.037246
2005.000000 0.035101
2006.000000 0.037473
2007.000000 0.039779
2008.000000 0.038942
2009.000000 0.035350
2010.000000 0.036376
2011.000000 0.035895
2012.000000 0.034278
2013.000000 0.033454
2014.000000 0.028765
2015.000000 0.030617
2016.000000 0.037077
2017.000000 0.036374
2018.000000 0.044985
2019.000000 0.042654
2020.000000 0.043173
2021.000000 0.050350
2022.000000 0.047895
2023.000000 0.043644
2024.000000 0.044505
2025.000000 0.036878
2026.000000 0.035254
2027.000000 0.032358
2028.000000 0.029453
2029.000000 0.026905
2030.000000 0.031684
2031.000000 0.037257
2032.000000 0.032114
2033.000000 0.041364
2034.000000 0.040407
2035.000000 0.045822
2036.000000 0.041652
2037.000000 0.041299
2038.000000 0.041984
2039.000000 0.037973
2040.000000 0.036843
2041.000000 0.035034
2042.000000 0.031229
2043.000000 0.035102
2044.000000 0.034700
2045.000000 0.035968
2046.000000 0.032961
2047.000000 0.033770
2048.000000 0.030714
2049.000000 0.034319
2050.000000 0.038482
2051.000000 0.045774
2052.000000 0.049972
2053.000000 0.047037
2054.000000 0.049602
2055.000000 0.048988
2056.000000 0.047883
2057.000000 0.043464
2058.000000 0.041383
2059.000000 0.037653
2060.000000 0.044250
2061.000000 0.041965
2062.000000 0.036665
2063.000000 0.036530
2064.000000 0.038795
2065.000000 0.039700
2066.000000 0.041472
2067.000000 0.039787
2068.000000 0.038205
2069.000000 0.033237
2070.000000 0.030450
2071.000000 0.038557
2072.000000 0.042222
2073.000000 0.044688
2074.000000 0.041712
2075.000000 0.050523
2076.000000 0.048612
2077.000000 0.042683
2078.000000 0.043262
2079.000000 0.039836
2080.000000 0.039165
2081.000000 0.035613
2082.000000 0.033268
2083.000000 0.030171
2084.000000 0.030343
2085.000000 0.028824
2086.000000 0.028435
2087.000000 0.028069
2088.000000 0.027824
2089.000000 0.033264
2090.000000 0.037261
2091.000000 0.040570
2092.000000 0.038908
2093.000000 0.036860
2094.000000 0.038856
2095.000000 0.040187
2096.000000 0.041457
2097.000000 0.044496
2098.000000 0.042897
2099.000000 0.039948
2100.000000 0.039003
2101.000000 0.034092
2102.000000 0.034652
2103.000000 0.037461
2104.000000 0.037495
2105.000000 0.032546
2106.000000 0.036361
2107.000000 0.035869
2108.000000 0.031246
2109.000000 0.027507
2110.000000 0.035107
2111.000000 0.034479
2112.000000 0.038789
2113.000000 0.035933
2114.000000 0.037222
2115.000000 0.037321
2116.000000 0.036335
2117.000000 0.035595
2118.000000 0.034849
2119.000000 0.033969
2120.000000 0.032598
2121.000000 0.032126
2122.000000 0.036944
2123.000000 0.034526
2124.000000 0.037543
2125.000000 0.036131
2126.000000 0.042801
2127.000000 0.041269
2128.000000 0.046677
2129.000000 0.043446
2130.000000 0.047959
2131.000000 0.042296
2132.000000 0.041694
2133.000000 0.040446
2134.000000 0.043292
2135.000000 0.041915
2136.000000 0.037928
2137.000000 0.035242
2138.000000 0.029466
2139.000000 0.036094
2140.000000 0.040223
2141.000000 0.035804
2142.000000 0.032762
2143.000000 0.030016
2144.000000 0.029153
2145.000000 0.035944
2146.000000 0.038670
2147.000000 0.036227
2148.000000 0.036270
2149.000000 0.033822
2150.000000 0.032502
2151.000000 0.037155
2152.000000 0.038450
2153.000000 0.042027
2154.000000 0.042213
2155.000000 0.036351
2156.000000 0.041749
2157.000000 0.043822
2158.000000 0.041924
2159.000000 0.039122
2160.000000 0.035582
2161.000000 0.041048
2162.000000 0.042665
2163.000000 0.035316
2164.000000 0.032037
2165.000000 0.034322
2166.000000 0.033851
2167.000000 0.032883
2168.000000 0.032105
2169.000000 0.029358
2170.000000 0.029042
2171.000000 0.028387
2172.000000 0.030977
2173.000000 0.038249
2174.000000 0.038303
2175.000000 0.035891
2176.000000 0.040276
2177.000000 0.037391
2178.000000 0.041168
2179.000000 0.039923
2180.000000 0.039644
2181.000000 0.034557
2182.000000 0.038757
2183.000000 0.037382
2184.000000 0.039545
2185.000000 0.047224
2186.000000 0.040313
2187.000000 0.039135
2188.000000 0.036701
2189.000000 0.038272
2190.000000 0.038005
2191.000000 0.042969
2192.000000 0.040446
2193.000000 0.040835
2194.000000 0.038524
2195.000000 0.042186
2196.000000 0.037905
2197.000000 0.032729
2198.000000 0.037714
2199.000000 0.036473
2200.000000 0.046012
2201.000000 0.040947
2202.000000 0.047935
2203.000000 0.047948
2204.000000 0.045519
2205.000000 0.042170
2206.000000 0.036083
2207.000000 0.032564
2208.000000 0.031451
2209.000000 0.033219
2210.000000 0.034183
2211.000000 0.042295
2212.000000 0.043693
2213.000000 0.044499
2214.000000 0.044189
2215.000000 0.040252
2216.000000 0.036956
2217.000000 0.039041
2218.000000 0.038832
2219.000000 0.040464
2220.000000 0.037504
2221.000000 0.037535
2222.000000 0.038074
2223.000000 0.033421
2224.000000 0.030080
2225.000000 0.027966
2226.000000 0.030822
2227.000000 0.036889
2228.000000 0.032122
2229.000000 0.030742
2230.000000 0.030760
2231.000000 0.029100
2232.000000 0.027435
2233.000000 0.032667
2234.000000 0.032268
2235.000000 0.031489
2236.000000 0.036210
2237.000000 0.038480
2238.000000 0.044387
2239.000000 0.047415
2240.000000 0.048029
2241.000000 0.043747
2242.000000 0.042703
2243.000000 0.041843
2244.000000 0.044612
2245.000000 0.049757
2246.000000 0.044904
2247.000000 0.045367
2248.000000 0.041484
2249.000000 0.036950
2250.000000 0.032213
2251.000000 0.027997
2252.000000 0.026019
2253.000000 0.028199
2254.000000 0.028000
2255.000000 0.029504
2256.000000 0.029496
2257.000000 0.026410
2258.000000 0.034492
2259.000000 0.034038
2260.000000 0.030395
2261.000000 0.034441
2262.000000 0.035814
2263.000000 0.040450
2264.000000 0.047071
2265.000000 0.046617
2266.000000 0.042738
2267.000000 0.041227
2268.000000 0.037484
2269.000000 0.032465
2270.000000 0.029428
2271.000000 0.038985
2272.000000 0.034567
2273.000000 0.039273
2274.000000 0.034125
2275.000000 0.036876
2276.000000 0.034492
2277.000000 0.037190
2278.000000 0.044334
2279.000000 0.041148
2280.000000 0.045069
2281.000000 0.046559
2282.000000 0.045225
2283.000000 0.046567
2284.000000 0.042048
2285.000000 0.037504
2286.000000 0.032639
2287.000000 0.031818
2288.000000 0.030348
2289.000000 0.028766
2290.000000 0.025491
2291.000000 0.029559
2292.000000 0.028553
2293.000000 0.028765
2294.000000 0.036905
2295.000000 0.041714
2296.000000 0.045442
2297.000000 0.040456
2298.000000 0.036063
2299.000000 0.034260
2300.000000 0.041519
2301.000000 0.043949
2302.000000 0.047280
2303.000000 0.042136
2304.000000 0.042440
2305.000000 0.043652
2306.000000 0.036168
2307.000000 0.033317
2308.000000 0.036910
2309.000000 0.038451
2310.000000 0.033354
2311.000000 0.034207
2312.000000 0.036493
2313.000000 0.034881
2314.000000 0.032120
2315.000000 0.030661
2316.000000 0.030044
2317.000000 0.033824
2318.000000 0.034205
2319.000000 0.035084
2320.000000 0.033855
2321.000000 0.037804
2322.000000 0.035654
2323.000000 0.038058
2324.000000 0.039940
2325.000000 0.040685
2326.000000 0.041756
2327.000000 0.039811
2328.000000 0.036911
2329.000000 0.034784
2330.000000 0.039482
2331.000000 0.041170
2332.000000 0.044842
2333.000000 0.040139
2334.000000 0.038781
2335.000000 0.043655
2336.000000 0.051212
2337.000000 0.045403
2338.000000 0.042430
2339.000000 0.038565
2340.000000 0.041318
2341.000000 0.038680
2342.000000 0.040975
2343.000000 0.038851
2344.000000 0.037058
2345.000000 0.036003
2346.000000 0.032512
2347.000000 0.034225
2348.000000 0.036978
2349.000000 0.037954
2350.000000 0.040303
2351.000000 0.034661
2352.000000 0.037242
2353.000000 0.033471
2354.000000 0.033244
2355.000000 0.040014
2356.000000 0.035282
2357.000000 0.038054
2358.000000 0.042060
2359.000000 0.044156
2360.000000 0.048248
2361.000000 0.050183
2362.000000 0.048384
2363.000000 0.047256
2364.000000 0.042827
2365.000000 0.036588
2366.000000 0.036676
2367.000000 0.038437
2368.000000 0.036443
2369.000000 0.035279
2370.000000 0.032283
2371.000000 0.030909
2372.000000 0.029931
2373.000000 0.028932
2374.000000 0.028300
2375.000000 0.030230
2376.000000 0.031379
2377.000000 0.031002
2378.000000 0.035874
2379.000000 0.050503
2380.000000 0.050192
2381.000000 0.049534
2382.000000 0.050961
2383.000000 0.049728
2384.000000 0.050263
2385.000000 0.046624
2386.000000 0.045644
2387.000000 0.045823
2388.000000 0.041368
2389.000000 0.038514
2390.000000 0.038752
2391.000000 0.036305
2392.000000 0.036356
2393.000000 0.035723
2394.000000 0.035371
2395.000000 0.035846
2396.000000 0.039143
2397.000000 0.038831
2398.000000 0.033325
2399.000000 0.033063
2400.000000 0.041829
2401.000000 0.037415
2402.000000 0.036089
2403.000000 0.036324
2404.000000 0.043282
2405.000000 0.042993
2406.000000 0.039427
2407.000000 0.036485
2408.000000 0.036905
2409.000000 0.033589
2410.000000 0.028800
2411.000000 0.030846
2412.000000 0.040643
2413.000000 0.036869
2414.000000 0.033192
2415.000000 0.029581
2416.000000 0.032074
2417.000000 0.030676
2418.000000 0.033284
2419.000000 0.032925
2420.000000 0.030944
2421.000000 0.034169
2422.000000 0.033824
2423.000000 0.028147
2424.000000 0.033566
2425.000000 0.038290
2426.000000 0.040438
2427.000000 0.038961
2428.000000 0.041874
2429.000000 0.043058
2430.000000 0.042429
2431.000000 0.048353
2432.000000 0.042998
2433.000000 0.048435
2434.000000 0.041457
2435.000000 0.036808
2436.000000 0.031862
2437.000000 0.031980
2438.000000 0.031333
2439.000000 0.029300
2440.000000 0.026387
2441.000000 0.037002
2442.000000 0.036911
2443.000000 0.036507
2444.000000 0.036824
2445.000000 0.034229
2446.000000 0.035795
2447.000000 0.039515
2448.000000 0.038321
2449.000000 0.036731
2450.000000 0.037009
2451.000000 0.039650
2452.000000 0.042192
2453.000000 0.036804
2454.000000 0.033323
2455.000000 0.034345
2456.000000 0.041472
2457.000000 0.039337
2458.000000 0.034527
2459.000000 0.035689
2460.000000 0.038304
2461.000000 0.037781
2462.000000 0.039879
2463.000000 0.038657
2464.000000 0.036906
2465.000000 0.038688
2466.000000 0.040114
2467.000000 0.037834
2468.000000 0.033529
2469.000000 0.033488
2470.000000 0.031781
2471.000000 0.030775
2472.000000 0.030191
2473.000000 0.035963
2474.000000 0.037002
2475.000000 0.039583
2476.000000 0.036469
2477.000000 0.035821
2478.000000 0.030886
2479.000000 0.031857
2480.000000 0.033221
2481.000000 0.032769
2482.000000 0.034137
2483.000000 0.046458
2484.000000 0.048282
2485.000000 0.052956
2486.000000 0.050022
2487.000000 0.041419
2488.000000 0.039377
2489.000000 0.036955
2490.000000 0.034680
2491.000000 0.034370
2492.000000 0.034334
2493.000000 0.035162
2494.000000 0.036061
2495.000000 0.035401
2496.000000 0.037303
2497.000000 0.038560
2498.000000 0.034560
2499.000000 0.032512
2500.000000 0.036161
2501.000000 0.035570
2502.000000 0.034759
2503.000000 0.042167
2504.000000 0.039172
2505.000000 0.038713
2506.000000 0.038513
2507.000000 0.039150
2508.000000 0.042952
2509.000000 0.035610
2510.000000 0.033900
2511.000000 0.037908
2512.000000 0.040049
2513.000000 0.036734
2514.000000 0.033461
2515.000000 0.034170
2516.000000 0.034008
2517.000000 0.037344
2518.000000 0.042981
2519.000000 0.041479
2520.000000 0.037133
2521.000000 0.033295
2522.000000 0.030026
2523.000000 0.028807
2524.000000 0.037499
2525.000000 0.035547
2526.000000 0.034828
2527.000000 0.032864
2528.000000 0.030586
2529.000000 0.035408
2530.000000 0.034351
2531.000000 0.039457
2532.000000 0.036517
2533.000000 0.032170
2534.000000 0.035691
2535.000000 0.032642
2536.000000 0.034843
2537.000000 0.040073
2538.000000 0.039504
2539.000000 0.041278
2540.000000 0.041459
2541.000000 0.039270
2542.000000 0.040818
2543.000000 0.040073
2544.000000 0.038383
2545.000000 0.037174
2546.000000 0.030834
2547.000000 0.031593
2548.000000 0.027930
2549.000000 0.024467
2550.000000 0.029969
2551.000000 0.031411
2552.000000 0.031390
2553.000000 0.038731
2554.000000 0.041386
2555.000000 0.037919
2556.000000 0.037369
2557.000000 0.033281
2558.000000 0.031269
2559.000000 0.029109
2560.000000 0.029901
2561.000000 0.039946
2562.000000 0.041451
2563.000000 0.036959
2564.000000 0.040795
2565.000000 0.037849
2566.000000 0.034873
2567.000000 0.035556
2568.000000 0.036317
2569.000000 0.041048
2570.000000 0.042142
2571.000000 0.038490
2572.000000 0.040379
2573.000000 0.042823
2574.000000 0.039215
2575.000000 0.040967
2576.000000 0.037219
2577.000000 0.038949
2578.000000 0.043306
2579.000000 0.043113
2580.000000 0.048917
2581.000000 0.049489
2582.000000 0.050219
2583.000000 0.044289
2584.000000 0.041250
2585.000000 0.037547
2586.000000 0.037064
2587.000000 0.034241
2588.000000 0.029748
2589.000000 0.034387
2590.000000 0.034574
2591.000000 0.040177
2592.000000 0.034566
2593.000000 0.035833
2594.000000 0.041715
2595.000000 0.039474
2596.000000 0.043056
2597.000000 0.037709
2598.000000 0.036694
2599.000000 0.033392
2600.000000 0.033747
2601.000000 0.038726
2602.000000 0.037130
2603.000000 0.034327
2604.000000 0.035893
2605.000000 0.033344
2606.000000 0.033544
2607.000000 0.034912
2608.000000 0.039487
2609.000000 0.039878
2610.000000 0.037215
2611.000000 0.038428
2612.000000 0.037228
2613.000000 0.039280
2614.000000 0.040090
2615.000000 0.041250
2616.000000 0.036746
2617.000000 0.036894
2618.000000 0.034970
2619.000000 0.032550
2620.000000 0.033355
2621.000000 0.030108
2622.000000 0.036550
2623.000000 0.042736
2624.000000 0.041741
2625.000000 0.035694
2626.000000 0.037595
2627.000000 0.051791
2628.000000 0.054258
2629.000000 0.047232
2630.000000 0.045252
2631.000000 0.043083
2632.000000 0.040260
2633.000000 0.040921
2634.000000 0.037890
2635.000000 0.039918
2636.000000 0.041796
2637.000000 0.038965
2638.000000 0.038459
2639.000000 0.036951
2640.000000 0.034456
2641.000000 0.031259
2642.000000 0.031591
2643.000000 0.030033
2644.000000 0.035120
2645.000000 0.031884
2646.000000 0.043642
2647.000000 0.040786
2648.000000 0.038723
2649.000000 0.039109
2650.000000 0.041438
2651.000000 0.042770
2652.000000 0.040847
2653.000000 0.040883
2654.000000 0.039024
2655.000000 0.040464
2656.000000 0.036786
2657.000000 0.033418
2658.000000 0.034623
2659.000000 0.041592
2660.000000 0.042141
2661.000000 0.037408
2662.000000 0.034974
2663.000000 0.037808
2664.000000 0.036958
2665.000000 0.035078
2666.000000 0.033186
2667.000000 0.038232
2668.000000 0.031839
2669.000000 0.031110
2670.000000 0.031100
2671.000000 0.036138
2672.000000 0.036418
2673.000000 0.042940
2674.000000 0.040016
2675.000000 0.040547
2676.000000 0.043872
2677.000000 0.040761
2678.000000 0.038519
2679.000000 0.041965
2680.000000 0.041500
2681.000000 0.038395
2682.000000 0.041166
2683.000000 0.040433
2684.000000 0.042617
2685.000000 0.037972
2686.000000 0.034394
2687.000000 0.031914
2688.000000 0.027168
2689.000000 0.023860
2690.000000 0.026520
2691.000000 0.027189
2692.000000 0.031611
2693.000000 0.034183
2694.000000 0.035456
2695.000000 0.031928
2696.000000 0.032834
2697.000000 0.033963
2698.000000 0.040453
2699.000000 0.038302
2700.000000 0.043774
2701.000000 0.040906
2702.000000 0.035514
2703.000000 0.032637
2704.000000 0.036871
2705.000000 0.033726
2706.000000 0.032879
2707.000000 0.031404
2708.000000 0.032697
2709.000000 0.027201
2710.000000 0.033929
2711.000000 0.037843
2712.000000 0.045274
2713.000000 0.045036
2714.000000 0.050904
2715.000000 0.045967
2716.000000 0.044451
2717.000000 0.039850
2718.000000 0.034924
2719.000000 0.035585
2720.000000 0.041015
2721.000000 0.037600
2722.000000 0.031803
2723.000000 0.030292
2724.000000 0.031487
2725.000000 0.033684
2726.000000 0.030904
2727.000000 0.035836
2728.000000 0.031232
2729.000000 0.029218
2730.000000 0.033205
2731.000000 0.038647
2732.000000 0.036780
2733.000000 0.033121
2734.000000 0.036095
2735.000000 0.033885
2736.000000 0.035352
2737.000000 0.034761
2738.000000 0.039117
2739.000000 0.043310
2740.000000 0.044408
2741.000000 0.041835
2742.000000 0.038943
2743.000000 0.038628
2744.000000 0.038555
2745.000000 0.037721
2746.000000 0.033464
2747.000000 0.031685
2748.000000 0.031909
2749.000000 0.032919
2750.000000 0.034892
2751.000000 0.032353
2752.000000 0.032405
2753.000000 0.036318
2754.000000 0.043262
2755.000000 0.040030
2756.000000 0.049546
2757.000000 0.043197
2758.000000 0.041763
2759.000000 0.035904
2760.000000 0.033862
2761.000000 0.037063
2762.000000 0.036830
2763.000000 0.038714
2764.000000 0.042958
2765.000000 0.039628
2766.000000 0.035237
2767.000000 0.032737
2768.000000 0.030757
2769.000000 0.036233
2770.000000 0.036523
2771.000000 0.038331
2772.000000 0.035056
2773.000000 0.038846
2774.000000 0.038771
2775.000000 0.038389
2776.000000 0.038557
2777.000000 0.032864
2778.000000 0.035780
2779.000000 0.036544
2780.000000 0.038220
2781.000000 0.039379
2782.000000 0.035603
2783.000000 0.035416
2784.000000 0.035282
2785.000000 0.032896
2786.000000 0.039534
2787.000000 0.038158
2788.000000 0.039689
2789.000000 0.046276
2790.000000 0.043790
2791.000000 0.041721
2792.000000 0.042877
2793.000000 0.036096
2794.000000 0.034267
2795.000000 0.032361
2796.000000 0.039981
2797.000000 0.035731
2798.000000 0.031146
2799.000000 0.031046
2800.000000 0.035712
2801.000000 0.032974
2802.000000 0.037146
2803.000000 0.038160
2804.000000 0.040334
2805.000000 0.042545
2806.000000 0.039955
2807.000000 0.038459
2808.000000 0.039101
2809.000000 0.038338
2810.000000 0.040290
2811.000000 0.038924
2812.000000 0.037296
2813.000000 0.031710
2814.000000 0.034279
2815.000000 0.033930
2816.000000 0.033700
2817.000000 0.033775
2818.000000 0.036990
2819.000000 0.035178
2820.000000 0.034177
2821.000000 0.033975
2822.000000 0.033073
2823.000000 0.034323
2824.000000 0.038689
2825.000000 0.036838
2826.000000 0.039253
2827.000000 0.037916
2828.000000 0.039910
2829.000000 0.037947
2830.000000 0.041300
2831.000000 0.042066
2832.000000 0.036626
2833.000000 0.035400
2834.000000 0.036483
2835.000000 0.040872
2836.000000 0.038655
2837.000000 0.040630
2838.000000 0.041969
2839.000000 0.039223
2840.000000 0.040848
2841.000000 0.037983
2842.000000 0.046368
2843.000000 0.043682
2844.000000 0.043189
2845.000000 0.042858
2846.000000 0.039684
2847.000000 0.041432
2848.000000 0.036944
2849.000000 0.033686
2850.000000 0.035838
2851.000000 0.038439
2852.000000 0.031897
2853.000000 0.031725
2854.000000 0.032957
2855.000000 0.033549
2856.000000 0.032777
2857.000000 0.035507
2858.000000 0.035666
2859.000000 0.035036
2860.000000 0.040245
2861.000000 0.036059
2862.000000 0.039009
2863.000000 0.042869
2864.000000 0.042141
2865.000000 0.039883
2866.000000 0.038033
2867.000000 0.042772
2868.000000 0.042649
2869.000000 0.040045
2870.000000 0.041594
2871.000000 0.038081
2872.000000 0.037264
2873.000000 0.039155
2874.000000 0.037210
2875.000000 0.038273
2876.000000 0.036881
2877.000000 0.036530
2878.000000 0.034462
2879.000000 0.034117
2880.000000 0.030311
2881.000000 0.029997
2882.000000 0.029497
2883.000000 0.032049
2884.000000 0.037554
2885.000000 0.033814
2886.000000 0.038775
2887.000000 0.045852
2888.000000 0.044348
2889.000000 0.038054
2890.000000 0.046876
2891.000000 0.045932
2892.000000 0.042828
2893.000000 0.041021
2894.000000 0.043816
2895.000000 0.039994
2896.000000 0.039213
2897.000000 0.033037
2898.000000 0.031474
2899.000000 0.029048
2900.000000 0.024596
2901.000000 0.027888
2902.000000 0.028844
2903.000000 0.031870
2904.000000 0.033142
2905.000000 0.028873
2906.000000 0.033464
2907.000000 0.040884
2908.000000 0.038938
2909.000000 0.039536
2910.000000 0.036296
2911.000000 0.041619
2912.000000 0.040188
2913.000000 0.035900
2914.000000 0.037380
2915.000000 0.036474
2916.000000 0.035386
2917.000000 0.033236
2918.000000 0.029802
2919.000000 0.035065
2920.000000 0.033615
2921.000000 0.031663
2922.000000 0.035435
2923.000000 0.036270
2924.000000 0.035710
2925.000000 0.040036
2926.000000 0.036243
2927.000000 0.035186
2928.000000 0.042573
2929.000000 0.039007
2930.000000 0.036409
2931.000000 0.034365
2932.000000 0.033466
2933.000000 0.031356
2934.000000 0.029811
2935.000000 0.035101
2936.000000 0.031562
2937.000000 0.029266
2938.000000 0.034291
2939.000000 0.031747
2940.000000 0.040823
2941.000000 0.042293
2942.000000 0.045639
2943.000000 0.047590
2944.000000 0.041754
2945.000000 0.039482
2946.000000 0.032739
2947.000000 0.034415
2948.000000 0.038216
2949.000000 0.034188
2950.000000 0.033627
2951.000000 0.037593
2952.000000 0.033714
2953.000000 0.034468
2954.000000 0.036960
2955.000000 0.039351
2956.000000 0.040944
2957.000000 0.041420
2958.000000 0.041187
2959.000000 0.038332
2960.000000 0.041691
2961.000000 0.040840
2962.000000 0.039516
2963.000000 0.040030
2964.000000 0.038241
2965.000000 0.047291
2966.000000 0.040760
2967.000000 0.036177
2968.000000 0.035152
2969.000000 0.031178
2970.000000 0.028483
2971.000000 0.024833
2972.000000 0.024750
2973.000000 0.024196
2974.000000 0.025175
2975.000000 0.027811
2976.000000 0.027391
2977.000000 0.031059
2978.000000 0.037904
2979.000000 0.037761
2980.000000 0.037769
2981.000000 0.039605
2982.000000 0.037900
2983.000000 0.039272
2984.000000 0.044420
2985.000000 0.045606
2986.000000 0.047315
2987.000000 0.047372
2988.000000 0.045268
2989.000000 0.040416
2990.000000 0.036289
2991.000000 0.033258
2992.000000 0.034038
2993.000000 0.031805
2994.000000 0.028952
2995.000000 0.030966
2996.000000 0.030275
2997.000000 0.031401
2998.000000 0.035372
2999.000000 0.035737
3000.000000 0.035233
3001.000000 0.042233
3002.000000 0.037527
3003.000000 0.039281
3004.000000 0.043778
3005.000000 0.046416
3006.000000 0.039290
3007.000000 0.042775
3008.000000 0.040446
3009.000000 0.035882
3010.000000 0.037299
3011.000000 0.038929
3012.000000 0.034542
3013.000000 0.032479
3014.000000 0.035532
3015.000000 0.034558
3016.000000 0.039299
3017.000000 0.044989
3018.000000 0.046580
3019.000000 0.045857
3020.000000 0.038625
3021.000000 0.037834
3022.000000 0.036505
3023.000000 0.040475
3024.000000 0.037164
3025.000000 0.037886
3026.000000 0.032752
3027.000000 0.034465
3028.000000 0.037068
3029.000000 0.036150
3030.000000 0.040840
3031.000000 0.037224
3032.000000 0.035848
3033.000000 0.033589
3034.000000 0.036951
3035.000000 0.035610
3036.000000 0.035467
3037.000000 0.036035
3038.000000 0.047467
3039.000000 0.052405
3040.000000 0.046071
3041.000000 0.044924
3042.000000 0.039282
3043.000000 0.033740
3044.000000 0.029995
3045.000000 0.033370
3046.000000 0.035634
3047.000000 0.034160
3048.000000 0.032445
3049.000000 0.030759
3050.000000 0.030797
3051.000000 0.028846
3052.000000 0.027136
3053.000000 0.029081
3054.000000 0.029285
3055.000000 0.029818
3056.000000 0.034037
3057.000000 0.036196
3058.000000 0.038820
3059.000000 0.040422
3060.000000 0.042585
3061.000000 0.045195
3062.000000 0.038738
3063.000000 0.040381
3064.000000 0.037172
3065.000000 0.038952
3066.000000 0.037911
3067.000000 0.036896
3068.000000 0.037711
3069.000000 0.036655
3070.000000 0.037677
3071.000000 0.039778
3072.000000 0.038913
3073.000000 0.038908
3074.000000 0.035512
3075.000000 0.031099
3076.000000 0.034121
3077.000000 0.034609
3078.000000 0.039509
3079.000000 0.043916
3080.000000 0.042348
3081.000000 0.042296
3082.000000 0.039129
3083.000000 0.036211
3084.000000 0.033495
3085.000000 0.030224
3086.000000 0.027229
3087.000000 0.025042
3088.000000 0.027258
3089.000000 0.029110
3090.000000 0.031302
3091.000000 0.041630
3092.000000 0.041357
3093.000000 0.041500
3094.000000 0.042757
3095.000000 0.041394
3096.000000 0.041539
3097.000000 0.039671
3098.000000 0.034419
3099.000000 0.033160
3100.000000 0.036704
3101.000000 0.039549
3102.000000 0.041128
3103.000000 0.040483
3104.000000 0.038978
3105.000000 0.036033
3106.000000 0.042807
3107.000000 0.046154
3108.000000 0.041812
3109.000000 0.042410
3110.000000 0.035869
3111.000000 0.034017
3112.000000 0.035714
3113.000000 0.035137
3114.000000 0.032811
3115.000000 0.033455
3116.000000 0.030634
3117.000000 0.028519
3118.000000 0.029837
3119.000000 0.027314
3120.000000 0.026286
3121.000000 0.027765
3122.000000 0.031724
3123.000000 0.032181
3124.000000 0.030396
3125.000000 0.038110
3126.000000 0.036768
3127.000000 0.035588
3128.000000 0.037442
3129.000000 0.040031
3130.000000 0.042748
3131.000000 0.037382
3132.000000 0.034211
3133.000000 0.036992
3134.000000 0.035608
3135.000000 0.035483
3136.000000 0.036210
3137.000000 0.035799
3138.000000 0.029711
3139.000000 0.027149
3140.000000 0.027712
3141.000000 0.032385
3142.000000 0.035759
3143.000000 0.038454
3144.000000 0.041013
3145.000000 0.041133
3146.000000 0.042133
3147.000000 0.040905
3148.000000 0.040010
3149.000000 0.039369
3150.000000 0.033387
3151.000000 0.032873
3152.000000 0.032890
3153.000000 0.032471
3154.000000 0.038191
3155.000000 0.033965
3156.000000 0.028712
3157.000000 0.036057
3158.000000 0.035671
3159.000000 0.033340
3160.000000 0.029418
3161.000000 0.028779
3162.000000 0.027742
3163.000000 0.029363
3164.000000 0.036191
3165.000000 0.036527
3166.000000 0.039438
3167.000000 0.040387
3168.000000 0.040833
3169.000000 0.038876
3170.000000 0.035985
3171.000000 0.035962
3172.000000 0.035301
3173.000000 0.032210
3174.000000 0.028981
3175.000000 0.032349
3176.000000 0.033037
3177.000000 0.040514
3178.000000 0.036522
3179.000000 0.038430
3180.000000 0.048996
3181.000000 0.050905
3182.000000 0.047667
3183.000000 0.042751
3184.000000 0.040627
3185.000000 0.038074
3186.000000 0.037730
3187.000000 0.040022
3188.000000 0.040234
3189.000000 0.043645
3190.000000 0.038638
3191.000000 0.035498
3192.000000 0.036231
3193.000000 0.037337
3194.000000 0.037389
3195.000000 0.038147
3196.000000 0.042918
3197.000000 0.045528
3198.000000 0.044118
3199.000000 0.043129
3200.000000 0.042866
3201.000000 0.038158
3202.000000 0.040937
3203.000000 0.035418
3204.000000 0.033375
3205.000000 0.030739
3206.000000 0.031720
3207.000000 0.028673
3208.000000 0.029325
3209.000000 0.033015
3210.000000 0.033977
3211.000000 0.031111
3212.000000 0.032865
3213.000000 0.034042
3214.000000 0.039437
3215.000000 0.044695
3216.000000 0.038697
3217.000000 0.038753
3218.000000 0.036948
3219.000000 0.038378
3220.000000 0.039302
3221.000000 0.035701
3222.000000 0.036174
3223.000000 0.042260
3224.000000 0.040620
3225.000000 0.037371
3226.000000 0.041737
3227.000000 0.036537
3228.000000 0.038466
3229.000000 0.044578
3230.000000 0.046048
3231.000000 0.046506
3232.000000 0.041656
3233.000000 0.045762
3234.000000 0.043671
3235.000000 0.044914
3236.000000 0.037412
3237.000000 0.034964
3238.000000 0.031002
3239.000000 0.031478
3240.000000 0.035658
3241.000000 0.034372
3242.000000 0.034230
3243.000000 0.034290
3244.000000 0.037247
3245.000000 0.036914
3246.000000 0.033841
3247.000000 0.042568
3248.000000 0.043754
3249.000000 0.044424
3250.000000 0.045482
3251.000000 0.042081
3252.000000 0.037704
3253.000000 0.034432
3254.000000 0.035869
3255.000000 0.040306
3256.000000 0.038223
3257.000000 0.037066
3258.000000 0.030784
3259.000000 0.033049
3260.000000 0.031463
3261.000000 0.031538
3262.000000 0.027404
3263.000000 0.031149
3264.000000 0.025926
3265.000000 0.027800
3266.000000 0.031622
3267.000000 0.032847
3268.000000 0.038535
3269.000000 0.039029
3270.000000 0.044775
3271.000000 0.044414
3272.000000 0.042937
3273.000000 0.047205
3274.000000 0.046618
3275.000000 0.045692
3276.000000 0.040999
3277.000000 0.039991
3278.000000 0.049286
3279.000000 0.044397
3280.000000 0.042394
3281.000000 0.040819
3282.000000 0.039425
3283.000000 0.035132
3284.000000 0.036521
3285.000000 0.031905
3286.000000 0.030188
3287.000000 0.031487
3288.000000 0.032786
3289.000000 0.031104
3290.000000 0.032662
3291.000000 0.032077
3292.000000 0.032473
3293.000000 0.029879
3294.000000 0.038592
3295.000000 0.039485
3296.000000 0.036073
3297.000000 0.036733
3298.000000 0.039018
3299.000000 0.046620
3300.000000 0.045287
3301.000000 0.041096
3302.000000 0.044724
3303.000000 0.043506
3304.000000 0.040948
3305.000000 0.043640
3306.000000 0.048148
3307.000000 0.044697
3308.000000 0.044580
3309.000000 0.043057
3310.000000 0.036833
3311.000000 0.033872
3312.000000 0.030810
3313.000000 0.032485
3314.000000 0.031545
3315.000000 0.030670
3316.000000 0.031068
3317.000000 0.034261
3318.000000 0.029280
3319.000000 0.037843
3320.000000 0.038667
3321.000000 0.035323
3322.000000 0.034332
3323.000000 0.044078
3324.000000 0.042324
3325.000000 0.040701
3326.000000 0.039226
3327.000000 0.036691
3328.000000 0.037258
3329.000000 0.033806
3330.000000 0.028913
3331.000000 0.031093
3332.000000 0.035285
3333.000000 0.032889
3334.000000 0.033355
3335.000000 0.040874
3336.000000 0.043079
3337.000000 0.040266
3338.000000 0.045931
3339.000000 0.042209
3340.000000 0.038229
3341.000000 0.036280
3342.000000 0.034398
3343.000000 0.033096
3344.000000 0.031994
3345.000000 0.033110
3346.000000 0.034581
3347.000000 0.043078
3348.000000 0.041332
3349.000000 0.035142
3350.000000 0.030785
3351.000000 0.030122
3352.000000 0.036521
3353.000000 0.037849
3354.000000 0.034687
3355.000000 0.041444
3356.000000 0.043330
3357.000000 0.041068
3358.000000 0.040983
3359.000000 0.041362
3360.000000 0.044442
3361.000000 0.046090
3362.000000 0.039752
3363.000000 0.037837
3364.000000 0.038499
3365.000000 0.034047
3366.000000 0.034064
3367.000000 0.034976
3368.000000 0.035957
3369.000000 0.038137
3370.000000 0.035900
3371.000000 0.037309
3372.000000 0.038662
3373.000000 0.039414
3374.000000 0.040340
3375.000000 0.037562
3376.000000 0.039412
3377.000000 0.042524
3378.000000 0.041991
3379.000000 0.039184
3380.000000 0.034593
3381.000000 0.031656
3382.000000 0.028809
3383.000000 0.029056
3384.000000 0.037048
3385.000000 0.036528
3386.000000 0.035948
3387.000000 0.034629
3388.000000 0.039863
3389.000000 0.042334
3390.000000 0.037765
3391.000000 0.041314
3392.000000 0.044987
3393.000000 0.043732
3394.000000 0.043944
3395.000000 0.041728
3396.000000 0.047049
3397.000000 0.042697
3398.000000 0.042182
3399.000000 0.037298
3400.000000 0.035349
3401.000000 0.029359
3402.000000 0.031710
3403.000000 0.032944
3404.000000 0.037417
3405.000000 0.034038
3406.000000 0.033855
3407.000000 0.037752
3408.000000 0.041484
3409.000000 0.041616
3410.000000 0.039811
3411.000000 0.047461
3412.000000 0.046231
3413.000000 0.042387
3414.000000 0.040356
3415.000000 0.041066
3416.000000 0.038955
3417.000000 0.043215
3418.000000 0.036997
3419.000000 0.035785
3420.000000 0.035558
3421.000000 0.035926
3422.000000 0.032352
3423.000000 0.028166
3424.000000 0.033182
3425.000000 0.038292
3426.000000 0.037534
3427.000000 0.037564
3428.000000 0.032813
3429.000000 0.031757
3430.000000 0.040014
3431.000000 0.040609
3432.000000 0.038707
3433.000000 0.036909
3434.000000 0.047221
3435.000000 0.040436
3436.000000 0.037096
3437.000000 0.033722
3438.000000 0.035921
3439.000000 0.038423
3440.000000 0.043545
3441.000000 0.040062
3442.000000 0.036014
3443.000000 0.037135
3444.000000 0.033765
3445.000000 0.034043
3446.000000 0.035543
3447.000000 0.034367
3448.000000 0.035014
3449.000000 0.038239
3450.000000 0.039104
3451.000000 0.038838
3452.000000 0.037715
3453.000000 0.036905
3454.000000 0.036458
3455.000000 0.037305
3456.000000 0.035287
3457.000000 0.038387
3458.000000 0.034933
3459.000000 0.033442
3460.000000 0.038023
3461.000000 0.036189
3462.000000 0.036907
3463.000000 0.036670
3464.000000 0.033954
3465.000000 0.030627
3466.000000 0.032611
3467.000000 0.031557
3468.000000 0.035486
3469.000000 0.035272
3470.000000 0.040355
3471.000000 0.042014
3472.000000 0.041904
3473.000000 0.038909
3474.000000 0.038225
3475.000000 0.034451
3476.000000 0.036923
3477.000000 0.032942
3478.000000 0.033354
3479.000000 0.036725
3480.000000 0.038297
3481.000000 0.039481
3482.000000 0.035222
3483.000000 0.033001
3484.000000 0.042637
3485.000000 0.039967
3486.000000 0.043640
3487.000000 0.040576
3488.000000 0.038018
3489.000000 0.034377
3490.000000 0.038689
3491.000000 0.043455
3492.000000 0.038406
3493.000000 0.034023
3494.000000 0.038014
3495.000000 0.035354
3496.000000 0.032699
3497.000000 0.028006
3498.000000 0.029239
3499.000000 0.026831
3500.000000 0.026786
3501.000000 0.025443
3502.000000 0.032386
3503.000000 0.034512
3504.000000 0.033045
3505.000000 0.033445
3506.000000 0.031430
3507.000000 0.036524
3508.000000 0.047967
3509.000000 0.047440
3510.000000 0.048201
3511.000000 0.043247
3512.000000 0.043856
3513.000000 0.040407
3514.000000 0.039870
3515.000000 0.040666
3516.000000 0.040926
3517.000000 0.039722
3518.000000 0.035429
3519.000000 0.035944
3520.000000 0.035521
3521.000000 0.038988
3522.000000 0.034621
3523.000000 0.032275
3524.000000 0.032305
3525.000000 0.031681
3526.000000 0.029346
3527.000000 0.033190
3528.000000 0.034846
3529.000000 0.034961
3530.000000 0.044483
3531.000000 0.046738
3532.000000 0.041338
3533.000000 0.042157
3534.000000 0.040815
3535.000000 0.045522
3536.000000 0.047043
3537.000000 0.044303
3538.000000 0.043557
3539.000000 0.037787
3540.000000 0.032761
3541.000000 0.037198
3542.000000 0.037782
3543.000000 0.040727
3544.000000 0.035032
3545.000000 0.034832
3546.000000 0.039009
3547.000000 0.037028
3548.000000 0.043963
3549.000000 0.038937
3550.000000 0.038414
3551.000000 0.035156
3552.000000 0.035958
3553.000000 0.035397
3554.000000 0.034590
3555.000000 0.029810
3556.000000 0.032676
3557.000000 0.031488
3558.000000 0.037977
3559.000000 0.041892
3560.000000 0.038764
3561.000000 0.035438
3562.000000 0.038301
3563.000000 0.043119
3564.000000 0.036488
3565.000000 0.030252
3566.000000 0.048326
3567.000000 0.043706
3568.000000 0.050790
3569.000000 0.046113
3570.000000 0.039942
3571.000000 0.036568
3572.000000 0.038045
3573.000000 0.039760
3574.000000 0.037867
3575.000000 0.032621
3576.000000 0.032135
3577.000000 0.030334
3578.000000 0.027723
3579.000000 0.031422
3580.000000 0.035645
3581.000000 0.036084
3582.000000 0.035125
3583.000000 0.031022
3584.000000 0.033056
3585.000000 0.033989
3586.000000 0.038053
3587.000000 0.036917
3588.000000 0.032626
3589.000000 0.034647
3590.000000 0.044361
3591.000000 0.042075
3592.000000 0.039052
3593.000000 0.035622
3594.000000 0.040935
3595.000000 0.040168
3596.000000 0.037395
3597.000000 0.040440
3598.000000 0.038731
3599.000000 0.036191
3600.000000 0.031348
3601.000000 0.031435
3602.000000 0.037153
3603.000000 0.037362
3604.000000 0.032333
3605.000000 0.034115
3606.000000 0.034562
3607.000000 0.035565
3608.000000 0.036659
3609.000000 0.036533
3610.000000 0.034192
3611.000000 0.033518
3612.000000 0.041579
3613.000000 0.039126
3614.000000 0.039895
3615.000000 0.039584
3616.000000 0.036162
3617.000000 0.034243
3618.000000 0.036567
3619.000000 0.034406
3620.000000 0.032151
3621.000000 0.033200
3622.000000 0.033955
3623.000000 0.033236
3624.000000 0.029569
3625.000000 0.029421
3626.000000 0.030259
3627.000000 0.034559
3628.000000 0.034410
3629.000000 0.034309
3630.000000 0.033298
3631.000000 0.035633
3632.000000 0.041396
3633.000000 0.038055
3634.000000 0.038019
3635.000000 0.040268
3636.000000 0.039950
3637.000000 0.038817
3638.000000 0.038589
3639.000000 0.035668
3640.000000 0.035669
3641.000000 0.032207
3642.000000 0.032064
3643.000000 0.033008
3644.000000 0.031308
3645.000000 0.035245
3646.000000 0.031228
3647.000000 0.030789
3648.000000 0.032879
3649.000000 0.039357
3650.000000 0.037216
3651.000000 0.036419
3652.000000 0.034323
3653.000000 0.032471
3654.000000 0.031397
3655.000000 0.035014
3656.000000 0.034630
3657.000000 0.036781
3658.000000 0.035789
3659.000000 0.039000
3660.000000 0.036870
3661.000000 0.037088
3662.000000 0.040252
3663.000000 0.036335
3664.000000 0.037281
3665.000000 0.034667
3666.000000 0.041526
3667.000000 0.044012
3668.000000 0.045001
3669.000000 0.040995
3670.000000 0.036805
3671.000000 0.033304
3672.000000 0.027672
3673.000000 0.031034
3674.000000 0.030258
3675.000000 0.034324
3676.000000 0.037860
3677.000000 0.039433
3678.000000 0.034631
3679.000000 0.035139
3680.000000 0.034880
3681.000000 0.032596
3682.000000 0.033642
3683.000000 0.034703
3684.000000 0.037130
3685.000000 0.040276
3686.000000 0.033392
3687.000000 0.029888
3688.000000 0.026422
3689.000000 0.026307
3690.000000 0.023858
3691.000000 0.033138
3692.000000 0.032742
3693.000000 0.035180
3694.000000 0.038411
3695.000000 0.037556
3696.000000 0.036997
3697.000000 0.035800
3698.000000 0.031288
3699.000000 0.034189
3700.000000 0.035060
3701.000000 0.038875
3702.000000 0.036632
3703.000000 0.033768
3704.000000 0.042065
3705.000000 0.042405
3706.000000 0.040888
3707.000000 0.033930
3708.000000 0.037524
3709.000000 0.034956
3710.000000 0.034773
3711.000000 0.032577
3712.000000 0.034203
3713.000000 0.031877
3714.000000 0.033981
3715.000000 0.036350
3716.000000 0.038863
3717.000000 0.045916
3718.000000 0.046087
3719.000000 0.044772
3720.000000 0.042267
3721.000000 0.039002
3722.000000 0.043083
3723.000000 0.040190
3724.000000 0.043537
3725.000000 0.041709
3726.000000 0.037625
3727.000000 0.033661
3728.000000 0.032773
3729.000000 0.032060
3730.000000 0.032625
3731.000000 0.033642
3732.000000 0.030989
3733.000000 0.028905
3734.000000 0.028245
3735.000000 0.031941
3736.000000 0.031514
3737.000000 0.039180
3738.000000 0.040758
3739.000000 0.044547
3740.000000 0.043639
3741.000000 0.044058
3742.000000 0.054457
3743.000000 0.053767
3744.000000 0.046759
3745.000000 0.040816
3746.000000 0.035768
3747.000000 0.037185
3748.000000 0.035075
3749.000000 0.034634
3750.000000 0.033480
3751.000000 0.030155
3752.000000 0.027774
3753.000000 0.027274
3754.000000 0.030242
3755.000000 0.034779
3756.000000 0.033597
3757.000000 0.038777
3758.000000 0.034453
3759.000000 0.034359
3760.000000 0.036222
3761.000000 0.035160
3762.000000 0.033881
3763.000000 0.034404
3764.000000 0.036000
3765.000000 0.039987
3766.000000 0.036816
3767.000000 0.035135
3768.000000 0.033823
3769.000000 0.033779
3770.000000 0.032897
3771.000000 0.040540
3772.000000 0.041759
3773.000000 0.043401
3774.000000 0.041882
3775.000000 0.039317
3776.000000 0.037692
3777.000000 0.042853
3778.000000 0.042624
3779.000000 0.042613
3780.000000 0.040856
3781.000000 0.035287
3782.000000 0.034283
3783.000000 0.036226
3784.000000 0.040277
3785.000000 0.035376
3786.000000 0.033411
3787.000000 0.029946
3788.000000 0.026391
3789.000000 0.029945
3790.000000 0.027689
3791.000000 0.027779
3792.000000 0.031935
3793.000000 0.034394
3794.000000 0.029867
3795.000000 0.034948
3796.000000 0.037148
3797.000000 0.042724
3798.000000 0.039387
3799.000000 0.037171
3800.000000 0.032156
3801.000000 0.028782
3802.000000 0.029969
3803.000000 0.032082
3804.000000 0.031539
3805.000000 0.030247
3806.000000 0.029892
3807.000000 0.033050
3808.000000 0.036448
3809.000000 0.038204
3810.000000 0.039629
3811.000000 0.038893
3812.000000 0.042423
3813.000000 0.038946
3814.000000 0.033718
3815.000000 0.030620
3816.000000 0.032830
3817.000000 0.036690
3818.000000 0.033002
3819.000000 0.031014
3820.000000 0.027628
3821.000000 0.028170
3822.000000 0.037052
3823.000000 0.040132
3824.000000 0.036078
3825.000000 0.038637
3826.000000 0.039005
3827.000000 0.040926
3828.000000 0.042828
3829.000000 0.048820
3830.000000 0.046711
3831.000000 0.040544
3832.000000 0.038526
3833.000000 0.037375
3834.000000 0.035156
3835.000000 0.032412
3836.000000 0.031646
3837.000000 0.037557
3838.000000 0.038921
3839.000000 0.039609
3840.000000 0.036887
3841.000000 0.034343
3842.000000 0.035880
3843.000000 0.037996
3844.000000 0.036550
3845.000000 0.042120
3846.000000 0.040340
3847.000000 0.040772
3848.000000 0.045851
3849.000000 0.043738
3850.000000 0.039472
3851.000000 0.032721
3852.000000 0.035750
3853.000000 0.034269
3854.000000 0.034003
3855.000000 0.030583
3856.000000 0.030229
3857.000000 0.029370
3858.000000 0.033974
3859.000000 0.034281
3860.000000 0.034144
3861.000000 0.043103
3862.000000 0.040530
3863.000000 0.037405
3864.000000 0.034483
3865.000000 0.040852
3866.000000 0.040082
3867.000000 0.041131
3868.000000 0.042553
3869.000000 0.040051
3870.000000 0.040014
3871.000000 0.044916
3872.000000 0.039554
3873.000000 0.035851
3874.000000 0.031543
3875.000000 0.036420
3876.000000 0.035947
3877.000000 0.040681
3878.000000 0.039872
3879.000000 0.035238
3880.000000 0.031966
3881.000000 0.028749
3882.000000 0.031033
3883.000000 0.034047
3884.000000 0.037279
3885.000000 0.039956
3886.000000 0.037548
3887.000000 0.033522
3888.000000 0.033753
3889.000000 0.033357
3890.000000 0.037561
3891.000000 0.035630
3892.000000 0.034872
3893.000000 0.032577
3894.000000 0.032426
3895.000000 0.034830
3896.000000 0.036144
3897.000000 0.042846
3898.000000 0.044018
3899.000000 0.038590
3900.000000 0.037968
3901.000000 0.032632
3902.000000 0.031266
3903.000000 0.035923
3904.000000 0.036330
3905.000000 0.030212
3906.000000 0.034881
3907.000000 0.035167
3908.000000 0.033795
3909.000000 0.031629
3910.000000 0.040910
3911.000000 0.039779
3912.000000 0.040730
3913.000000 0.039166
3914.000000 0.045543
3915.000000 0.043213
3916.000000 0.042010
3917.000000 0.038554
3918.000000 0.032001
3919.000000 0.028362
3920.000000 0.036528
3921.000000 0.039740
3922.000000 0.037381
3923.000000 0.037019
3924.000000 0.039860
3925.000000 0.046618
3926.000000 0.043937
3927.000000 0.038382
3928.000000 0.037141
3929.000000 0.033135
3930.000000 0.032651
3931.000000 0.031604
3932.000000 0.035843
3933.000000 0.036937
3934.000000 0.032749
3935.000000 0.034553
3936.000000 0.034164
3937.000000 0.032680
3938.000000 0.031401
3939.000000 0.030419
3940.000000 0.033856
3941.000000 0.035033
3942.000000 0.030456
3943.000000 0.032128
3944.000000 0.038587
3945.000000 0.035383
3946.000000 0.036400
3947.000000 0.033006
3948.000000 0.030863
3949.000000 0.026498
3950.000000 0.029967
3951.000000 0.031409
3952.000000 0.031566
3953.000000 0.030268
3954.000000 0.028442
3955.000000 0.036332
3956.000000 0.038636
3957.000000 0.038132
3958.000000 0.038900
3959.000000 0.045598
3960.000000 0.052882
3961.000000 0.046309
3962.000000 0.043670
3963.000000 0.041560
3964.000000 0.045806
3965.000000 0.042478
3966.000000 0.037920
3967.000000 0.034862
3968.000000 0.030608
3969.000000 0.027467
3970.000000 0.030033
3971.000000 0.030493
3972.000000 0.029970
3973.000000 0.028412
3974.000000 0.036066
3975.000000 0.033308
3976.000000 0.034345
3977.000000 0.039176
3978.000000 0.036769
3979.000000 0.041510
3980.000000 0.047197
3981.000000 0.048425
3982.000000 0.043672
3983.000000 0.043885
3984.000000 0.040231
3985.000000 0.037907
3986.000000 0.037126
3987.000000 0.034510
3988.000000 0.036545
3989.000000 0.031683
3990.000000 0.029066
3991.000000 0.036432
3992.000000 0.037329
3993.000000 0.034714
3994.000000 0.032534
3995.000000 0.044776
3996.000000 0.045452
3997.000000 0.047176
3998.000000 0.040034
3999.000000 0.037258
4000.000000 0.037340
4001.000000 0.039066
4002.000000 0.038866
4003.000000 0.040443
4004.000000 0.040375
4005.000000 0.038678
4006.000000 0.040270
4007.000000 0.036844
4008.000000 0.031707
4009.000000 0.026961
4010.000000 0.031384
4011.000000 0.029581
4012.000000 0.034337
4013.000000 0.035006
4014.000000 0.046336
4015.000000 0.047670
4016.000000 0.049490
4017.000000 0.049103
4018.000000 0.044078
4019.000000 0.049930
4020.000000 0.046559
4021.000000 0.041716
4022.000000 0.040549
4023.000000 0.039392
4024.000000 0.035302
4025.000000 0.031061
4026.000000 0.029256
4027.000000 0.033478
4028.000000 0.032318
4029.000000 0.030334
4030.000000 0.030371
4031.000000 0.032742
4032.000000 0.036987
4033.000000 0.034070
4034.000000 0.039293
4035.000000 0.038001
4036.000000 0.040000
4037.000000 0.043778
4038.000000 0.044189
4039.000000 0.041419
4040.000000 0.042622
4041.000000 0.042270
4042.000000 0.037194
4043.000000 0.041416
4044.000000 0.034288
4045.000000 0.036187
4046.000000 0.030011
4047.000000 0.026363
4048.000000 0.028593
4049.000000 0.031585
4050.000000 0.038627
4051.000000 0.035339
4052.000000 0.036325
4053.000000 0.036782
4054.000000 0.037377
4055.000000 0.040254
4056.000000 0.044442
4057.000000 0.044893
4058.000000 0.047378
4059.000000 0.053008
4060.000000 0.049047
4061.000000 0.041774
4062.000000 0.042234
4063.000000 0.038248
4064.000000 0.033986
4065.000000 0.028240
4066.000000 0.029451
4067.000000 0.034301
4068.000000 0.034330
4069.000000 0.032355
4070.000000 0.031783
4071.000000 0.031115
4072.000000 0.032151
4073.000000 0.027507
4074.000000 0.034572
4075.000000 0.036936
4076.000000 0.039767
4077.000000 0.038312
4078.000000 0.036725
4079.000000 0.037296
4080.000000 0.047614
4081.000000 0.048459
4082.000000 0.042674
4083.000000 0.039632
4084.000000 0.036396
4085.000000 0.041464
4086.000000 0.041887
4087.000000 0.038334
4088.000000 0.035302
4089.000000 0.033442
4090.000000 0.032196
4091.000000 0.035315
4092.000000 0.036030
4093.000000 0.036145
4094.000000 0.036213
4095.000000 0.037124
4096.000000 0.033705
4097.000000 0.029103
4098.000000 0.034480
4099.000000 0.039388
4100.000000 0.037300
4101.000000 0.042124
4102.000000 0.040428
4103.000000 0.040168
4104.000000 0.036008
4105.000000 0.034499
4106.000000 0.029229
4107.000000 0.028260
4108.000000 0.027464
4109.000000 0.032261
4110.000000 0.029147
4111.000000 0.035940
4112.000000 0.035789
4113.000000 0.032993
4114.000000 0.036932
4115.000000 0.033320
4116.000000 0.033636
4117.000000 0.035499
4118.000000 0.044567
4119.000000 0.042254
4120.000000 0.042784
4121.000000 0.040735
4122.000000 0.046804
4123.000000 0.044410
4124.000000 0.043739
4125.000000 0.042730
4126.000000 0.043218
4127.000000 0.051118
4128.000000 0.045627
4129.000000 0.043614
4130.000000 0.038049
4131.000000 0.032802
4132.000000 0.039406
4133.000000 0.038180
4134.000000 0.037424
4135.000000 0.037957
4136.000000 0.035306
4137.000000 0.031828
4138.000000 0.029109
4139.000000 0.036786
4140.000000 0.036418
4141.000000 0.042536
4142.000000 0.036822
4143.000000 0.036548
4144.000000 0.035806
4145.000000 0.034996
4146.000000 0.037192
4147.000000 0.037125
4148.000000 0.036519
4149.000000 0.037623
4150.000000 0.040053
4151.000000 0.035946
4152.000000 0.037669
4153.000000 0.039336
4154.000000 0.035996
4155.000000 0.039558
4156.000000 0.041728
4157.000000 0.037492
4158.000000 0.034011
4159.000000 0.032434
4160.000000 0.029615
4161.000000 0.031250
4162.000000 0.033916
4163.000000 0.035137
4164.000000 0.034595
4165.000000 0.037710
4166.000000 0.039784
4167.000000 0.032945
4168.000000 0.032471
4169.000000 0.037364
4170.000000 0.035136
4171.000000 0.038178
4172.000000 0.036901
4173.000000 0.037892
4174.000000 0.033890
4175.000000 0.031553
4176.000000 0.036416
4177.000000 0.038659
4178.000000 0.033385
4179.000000 0.031819
4180.000000 0.026476
4181.000000 0.027735
4182.000000 0.025769
4183.000000 0.026975
4184.000000 0.030642
4185.000000 0.028844
4186.000000 0.036735
4187.000000 0.032554
4188.000000 0.032835
4189.000000 0.044812
4190.000000 0.041485
4191.000000 0.043232
4192.000000 0.040420
4193.000000 0.046066
4194.000000 0.044768
4195.000000 0.039252
4196.000000 0.048697
4197.000000 0.042339
4198.000000 0.043538
4199.000000 0.040501
4200.000000 0.037323
4201.000000 0.033665
4202.000000 0.036768
4203.000000 0.031516
4204.000000 0.028657
4205.000000 0.031678
4206.000000 0.031614
4207.000000 0.028997
4208.000000 0.027780
4209.000000 0.029974
4210.000000 0.033516
4211.000000 0.032217
4212.000000 0.031264
4213.000000 0.039997
4214.000000 0.038049
4215.000000 0.038531
4216.000000 0.046426
4217.000000 0.048030
4218.000000 0.042193
4219.000000 0.041177
4220.000000 0.043385
4221.000000 0.046331
4222.000000 0.049893
4223.000000 0.047378
4224.000000 0.042798
4225.000000 0.039900
4226.000000 0.034821
4227.000000 0.035270
4228.000000 0.031446
4229.000000 0.029685
4230.000000 0.030434
4231.000000 0.037577
4232.000000 0.041538
4233.000000 0.043317
4234.000000 0.042684
4235.000000 0.040774
4236.000000 0.042303
4237.000000 0.038008
4238.000000 0.040284
4239.000000 0.037706
4240.000000 0.035490
4241.000000 0.034099
4242.000000 0.032475
4243.000000 0.033685
4244.000000 0.033058
4245.000000 0.031962
4246.000000 0.031639
4247.000000 0.031282
4248.000000 0.030291
4249.000000 0.030610
4250.000000 0.040606
4251.000000 0.041356
4252.000000 0.044763
4253.000000 0.047466
4254.000000 0.043113
4255.000000 0.040388
4256.000000 0.044638
4257.000000 0.042598
4258.000000 0.044446
4259.000000 0.042905
4260.000000 0.041255
4261.000000 0.040507
4262.000000 0.042951
4263.000000 0.040278
4264.000000 0.036500
4265.000000 0.033356
4266.000000 0.028600
4267.000000 0.028700
4268.000000 0.028383
4269.000000 0.028211
4270.000000 0.035520
4271.000000 0.029937
4272.000000 0.029434
4273.000000 0.038296
4274.000000 0.040785
4275.000000 0.041376
4276.000000 0.044584
4277.000000 0.044855
4278.000000 0.048045
4279.000000 0.042835
4280.000000 0.041329
4281.000000 0.039090
4282.000000 0.037357
4283.000000 0.032409
4284.000000 0.037225
4285.000000 0.034623
4286.000000 0.033176
4287.000000 0.027560
4288.000000 0.030102
4289.000000 0.031696
4290.000000 0.030837
4291.000000 0.030123
4292.000000 0.042041
4293.000000 0.056052
4294.000000 0.058925
4295.000000 0.054769
4296.000000 0.048048
4297.000000 0.046469
4298.000000 0.046915
4299.000000 0.046622
4300.000000 0.045843
4301.000000 0.042514
4302.000000 0.037218
4303.000000 0.032100
4304.000000 0.031756
4305.000000 0.031920
4306.000000 0.028420
4307.000000 0.029505
4308.000000 0.029365
4309.000000 0.033360
4310.000000 0.035603
4311.000000 0.040499
4312.000000 0.038113
4313.000000 0.035927
4314.000000 0.041403
4315.000000 0.044370
4316.000000 0.052028
4317.000000 0.051133
4318.000000 0.047964
4319.000000 0.044389
4320.000000 0.042103
4321.000000 0.044774
4322.000000 0.046389
4323.000000 0.041500
4324.000000 0.039086
4325.000000 0.035660
4326.000000 0.034210
4327.000000 0.030107
4328.000000 0.034759
4329.000000 0.034054
4330.000000 0.035690
4331.000000 0.033234
4332.000000 0.030691
4333.000000 0.033665
4334.000000 0.037496
4335.000000 0.034158
4336.000000 0.038571
4337.000000 0.039184
4338.000000 0.037644
4339.000000 0.043387
4340.000000 0.042902
4341.000000 0.039829
4342.000000 0.038819
4343.000000 0.035376
4344.000000 0.031968
4345.000000 0.031401
4346.000000 0.029653
4347.000000 0.037812
4348.000000 0.040090
4349.000000 0.038911
4350.000000 0.037411
4351.000000 0.037575
4352.000000 0.033831
4353.000000 0.032467
4354.000000 0.035281
4355.000000 0.042898
4356.000000 0.043694
4357.000000 0.040172
4358.000000 0.037243
4359.000000 0.040025
4360.000000 0.035453
4361.000000 0.035565
4362.000000 0.034466
4363.000000 0.032863
4364.000000 0.030318
4365.000000 0.029778
4366.000000 0.034302
4367.000000 0.034706
4368.000000 0.038006
4369.000000 0.032298
4370.000000 0.032879
4371.000000 0.037037
4372.000000 0.037742
4373.000000 0.044092
4374.000000 0.047785
4375.000000 0.044275
4376.000000 0.046838
4377.000000 0.044216
4378.000000 0.043241
4379.000000 0.042858
4380.000000 0.043010
4381.000000 0.037558
4382.000000 0.038025
4383.000000 0.039096
4384.000000 0.036581
4385.000000 0.037108
4386.000000 0.033088
4387.000000 0.030654
4388.000000 0.031218
4389.000000 0.028041
4390.000000 0.027821
4391.000000 0.033658
4392.000000 0.033841
4393.000000 0.033771
4394.000000 0.031979
4395.000000 0.032765
4396.000000 0.039050
4397.000000 0.048513
4398.000000 0.049436
4399.000000 0.045958
4400.000000 0.040374
4401.000000 0.037874
4402.000000 0.039432
4403.000000 0.037018
4404.000000 0.030764
4405.000000 0.036990
4406.000000 0.042267
4407.000000 0.043896
4408.000000 0.037680
4409.000000 0.037391
4410.000000 0.040661
4411.000000 0.038626
4412.000000 0.036766
4413.000000 0.039507
4414.000000 0.038877
4415.000000 0.033673
4416.000000 0.032364
4417.000000 0.036656
4418.000000 0.036894
4419.000000 0.037299
4420.000000 0.036740
4421.000000 0.034157
4422.000000 0.039464
4423.000000 0.036217
4424.000000 0.032662
4425.000000 0.033381
4426.000000 0.030050
4427.000000 0.034769
4428.000000 0.037580
4429.000000 0.035082
4430.000000 0.033445
4431.000000 0.035865
4432.000000 0.038387
4433.000000 0.033993
4434.000000 0.033609
4435.000000 0.035208
4436.000000 0.034894
4437.000000 0.035794
4438.000000 0.033041
4439.000000 0.031862
4440.000000 0.035525
4441.000000 0.037684
4442.000000 0.038027
4443.000000 0.038799
4444.000000 0.040582
4445.000000 0.037620
4446.000000 0.035631
4447.000000 0.033503
4448.000000 0.031443
4449.000000 0.029857
4450.000000 0.036369
4451.000000 0.039955
4452.000000 0.038285
4453.000000 0.040350
4454.000000 0.037988
4455.000000 0.041027
4456.000000 0.045556
4457.000000 0.044742
4458.000000 0.044016
4459.000000 0.039476
4460.000000 0.034150
4461.000000 0.033566
4462.000000 0.027879
4463.000000 0.026269
4464.000000 0.030752
4465.000000 0.026115
4466.000000 0.031210
4467.000000 0.032337
4468.000000 0.039589
4469.000000 0.039044
4470.000000 0.047134
4471.000000 0.048842
4472.000000 0.044834
4473.000000 0.041260
4474.000000 0.036337
4475.000000 0.036842
4476.000000 0.038351
4477.000000 0.038309
4478.000000 0.041130
4479.000000 0.037290
4480.000000 0.032111
4481.000000 0.031350
4482.000000 0.029159
4483.000000 0.027430
4484.000000 0.034228
4485.000000 0.039390
4486.000000 0.043163
4487.000000 0.043842
4488.000000 0.037850
4489.000000 0.036176
4490.000000 0.036762
4491.000000 0.034412
4492.000000 0.031215
4493.000000 0.033106
4494.000000 0.034746
4495.000000 0.034992
4496.000000 0.036767
4497.000000 0.037143
4498.000000 0.037836
4499.000000 0.036213
4500.000000 0.032910
4501.000000 0.039570
4502.000000 0.040235
4503.000000 0.036582
4504.000000 0.043519
4505.000000 0.042072
4506.000000 0.037427
4507.000000 0.035548
4508.000000 0.035431
4509.000000 0.040275
4510.000000 0.037636
4511.000000 0.038867
4512.000000 0.035299
4513.000000 0.033064
4514.000000 0.030972
4515.000000 0.031453
4516.000000 0.030642
4517.000000 0.028723
4518.000000 0.029321
4519.000000 0.027901
4520.000000 0.033095
4521.000000 0.033387
4522.000000 0.029898
4523.000000 0.030356
4524.000000 0.029490
4525.000000 0.031482
4526.000000 0.035758
4527.000000 0.041075
4528.000000 0.041241
4529.000000 0.038909
4530.000000 0.035303
4531.000000 0.038857
4532.000000 0.038411
4533.000000 0.040278
4534.000000 0.037627
4535.000000 0.042210
4536.000000 0.042674
4537.000000 0.040394
4538.000000 0.035370
4539.000000 0.035520
4540.000000 0.033682
4541.000000 0.032293
4542.000000 0.034202
4543.000000 0.034484
4544.000000 0.035659
4545.000000 0.033748
4546.000000 0.031871
4547.000000 0.035472
4548.000000 0.029971
4549.000000 0.031039
4550.000000 0.028923
4551.000000 0.031443
4552.000000 0.036386
4553.000000 0.031176
4554.000000 0.032024
4555.000000 0.028757
4556.000000 0.036025
4557.000000 0.033944
4558.000000 0.048227
4559.000000 0.044689
4560.000000 0.041086
4561.000000 0.044225
4562.000000 0.037492
4563.000000 0.033413
4564.000000 0.037583
4565.000000 0.038887
4566.000000 0.040210
4567.000000 0.045331
4568.000000 0.043209
4569.000000 0.035797
4570.000000 0.031539
4571.000000 0.028563
4572.000000 0.033549
4573.000000 0.030011
4574.000000 0.027882
4575.000000 0.029265
4576.000000 0.027292
4577.000000 0.032668
4578.000000 0.032935
4579.000000 0.029977
4580.000000 0.035347
4581.000000 0.036690
4582.000000 0.037268
4583.000000 0.038752
4584.000000 0.036405
4585.000000 0.039947
4586.000000 0.038138
4587.000000 0.039190
4588.000000 0.037891
4589.000000 0.039464
4590.000000 0.038095
4591.000000 0.035742
4592.000000 0.036030
4593.000000 0.033576
4594.000000 0.039567
4595.000000 0.037671
4596.000000 0.039876
4597.000000 0.037418
4598.000000 0.035435
4599.000000 0.034268
4600.000000 0.034058
4601.000000 0.031483
4602.000000 0.030707
4603.000000 0.031440
4604.000000 0.029209
4605.000000 0.033230
4606.000000 0.031272
4607.000000 0.036693
4608.000000 0.032756
4609.000000 0.030002
4610.000000 0.032437
4611.000000 0.029601
4612.000000 0.034481
4613.000000 0.039551
4614.000000 0.039020
4615.000000 0.039821
4616.000000 0.037590
4617.000000 0.034020
4618.000000 0.030591
4619.000000 0.026833
4620.000000 0.023684
4621.000000 0.034565
4622.000000 0.032351
4623.000000 0.040686
4624.000000 0.040874
4625.000000 0.041345
4626.000000 0.040741
4627.000000 0.042284
4628.000000 0.039131
4629.000000 0.047098
4630.000000 0.048476
4631.000000 0.046680
4632.000000 0.042193
4633.000000 0.036536
4634.000000 0.032682
4635.000000 0.034292
4636.000000 0.029642
4637.000000 0.037378
4638.000000 0.036470
4639.000000 0.036539
4640.000000 0.035331
4641.000000 0.032862
4642.000000 0.031202
4643.000000 0.032262
4644.000000 0.030914
4645.000000 0.037117
4646.000000 0.038507
4647.000000 0.040244
4648.000000 0.038787
4649.000000 0.040627
4650.000000 0.041832
4651.000000 0.041126
4652.000000 0.040938
4653.000000 0.038559
4654.000000 0.036877
4655.000000 0.037680
4656.000000 0.033770
4657.000000 0.029140
4658.000000 0.033635
4659.000000 0.034242
4660.000000 0.035033
4661.000000 0.033063
4662.000000 0.027485
4663.000000 0.024649
4664.000000 0.031649
4665.000000 0.030374
4666.000000 0.037667
4667.000000 0.044590
4668.000000 0.043770
4669.000000 0.042630
4670.000000 0.037819
4671.000000 0.036233
4672.000000 0.037717
4673.000000 0.034282
4674.000000 0.036779
4675.000000 0.037839
4676.000000 0.037938
4677.000000 0.037171
4678.000000 0.034182
4679.000000 0.037054
4680.000000 0.035819
4681.000000 0.031825
4682.000000 0.031515
4683.000000 0.029024
4684.000000 0.035626
4685.000000 0.035964
4686.000000 0.036711
4687.000000 0.043426
4688.000000 0.042353
4689.000000 0.038453
4690.000000 0.031852
4691.000000 0.033598
4692.000000 0.033261
4693.000000 0.038733
4694.000000 0.042065
4695.000000 0.041844
4696.000000 0.035987
4697.000000 0.031711
4698.000000 0.028063
4699.000000 0.026406
4700.000000 0.034079
4701.000000 0.031055
4702.000000 0.035211
4703.000000 0.033722
4704.000000 0.036468
4705.000000 0.040815
4706.000000 0.035899
4707.000000 0.034262
4708.000000 0.036060
4709.000000 0.033785
4710.000000 0.031764
4711.000000 0.030674
4712.000000 0.031268
4713.000000 0.035160
4714.000000 0.033981
4715.000000 0.036495
4716.000000 0.036403
4717.000000 0.040711
4718.000000 0.036810
4719.000000 0.036377
4720.000000 0.034528
4721.000000 0.040175
4722.000000 0.043639
4723.000000 0.046189
4724.000000 0.040428
4725.000000 0.041111
4726.000000 0.042612
4727.000000 0.039436
4728.000000 0.038701
4729.000000 0.046134
4730.000000 0.039903
4731.000000 0.036698
4732.000000 0.036991
4733.000000 0.034578
4734.000000 0.035663
4735.000000 0.036789
4736.000000 0.033193
4737.000000 0.035791
4738.000000 0.036778
4739.000000 0.036632
4740.000000 0.034975
4741.000000 0.038770
4742.000000 0.042412
4743.000000 0.041065
4744.000000 0.037450
4745.000000 0.033193
4746.000000 0.034633
4747.000000 0.032321
4748.000000 0.037311
4749.000000 0.040919
4750.000000 0.040197
4751.000000 0.038581
4752.000000 0.042227
4753.000000 0.038457
4754.000000 0.044702
4755.000000 0.046420
4756.000000 0.043514
4757.000000 0.039735
4758.000000 0.035677
4759.000000 0.033868
4760.000000 0.034083
4761.000000 0.037404
4762.000000 0.038642
4763.000000 0.035847
4764.000000 0.035175
4765.000000 0.032717
4766.000000 0.031661
4767.000000 0.036566
4768.000000 0.041455
4769.000000 0.039406
4770.000000 0.042302
4771.000000 0.040530
4772.000000 0.036295
4773.000000 0.040544
4774.000000 0.038974
4775.000000 0.038412
4776.000000 0.039900
4777.000000 0.038311
4778.000000 0.036795
4779.000000 0.034953
4780.000000 0.038624
4781.000000 0.032881
4782.000000 0.033778
4783.000000 0.032711
4784.000000 0.032559
4785.000000 0.032394
4786.000000 0.031818
4787.000000 0.033401
4788.000000 0.039822
4789.000000 0.046037
4790.000000 0.046915
4791.000000 0.047174
4792.000000 0.045137
4793.000000 0.044359
4794.000000 0.043273
4795.000000 0.039323
4796.000000 0.041160
4797.000000 0.039251
4798.000000 0.044399
4799.000000 0.041322
4800.000000 0.040793
4801.000000 0.044203
4802.000000 0.043357
4803.000000 0.040754
4804.000000 0.042126
4805.000000 0.039224
4806.000000 0.036528
4807.000000 0.030816
4808.000000 0.031105
4809.000000 0.033223
4810.000000 0.037351
4811.000000 0.037942
4812.000000 0.037934
4813.000000 0.042174
4814.000000 0.040538
4815.000000 0.045851
4816.000000 0.040343
4817.000000 0.041284
4818.000000 0.036330
4819.000000 0.036962
4820.000000 0.033062
4821.000000 0.032707
4822.000000 0.038853
4823.000000 0.035955
4824.000000 0.032331
4825.000000 0.030734
4826.000000 0.034755
4827.000000 0.034111
4828.000000 0.036629
4829.000000 0.040602
4830.000000 0.036471
4831.000000 0.034215
4832.000000 0.034386
4833.000000 0.037308
4834.000000 0.034510
4835.000000 0.034300
4836.000000 0.032885
4837.000000 0.031420
4838.000000 0.039296
4839.000000 0.032660
4840.000000 0.030459
4841.000000 0.036912
4842.000000 0.035369
4843.000000 0.034554
4844.000000 0.037988
4845.000000 0.037494
4846.000000 0.035604
4847.000000 0.036105
4848.000000 0.040952
4849.000000 0.048208
4850.000000 0.044002
4851.000000 0.038782
4852.000000 0.041224
4853.000000 0.039547
4854.000000 0.039562
4855.000000 0.037188
4856.000000 0.041652
4857.000000 0.039430
4858.000000 0.039076
4859.000000 0.038661
4860.000000 0.040128
4861.000000 0.036029
4862.000000 0.031233
4863.000000 0.031780
4864.000000 0.027144
4865.000000 0.028249
4866.000000 0.029679
4867.000000 0.032290
4868.000000 0.029985
4869.000000 0.036494
4870.000000 0.040476
4871.000000 0.045493
4872.000000 0.042613
4873.000000 0.043511
4874.000000 0.051949
4875.000000 0.047690
4876.000000 0.041106
4877.000000 0.038004
4878.000000 0.032843
4879.000000 0.030476
4880.000000 0.026617
4881.000000 0.030650
4882.000000 0.032400
4883.000000 0.036428
4884.000000 0.031884
4885.000000 0.035396
4886.000000 0.033740
4887.000000 0.030551
4888.000000 0.032249
4889.000000 0.032257
4890.000000 0.034863
4891.000000 0.036556
4892.000000 0.036971
4893.000000 0.038592
4894.000000 0.034937
4895.000000 0.033994
4896.000000 0.032873
4897.000000 0.032601
4898.000000 0.034417
4899.000000 0.031965
4900.000000 0.036951
4901.000000 0.036555
4902.000000 0.038032
4903.000000 0.039285
4904.000000 0.034477
4905.000000 0.031116
4906.000000 0.032353
4907.000000 0.035603
4908.000000 0.042794
4909.000000 0.043991
4910.000000 0.045357
4911.000000 0.043081
4912.000000 0.042090
4913.000000 0.042218
4914.000000 0.039994
4915.000000 0.036659
4916.000000 0.033990
4917.000000 0.033523
4918.000000 0.034474
4919.000000 0.035861
4920.000000 0.033736
4921.000000 0.031689
4922.000000 0.035027
4923.000000 0.033446
4924.000000 0.033002
4925.000000 0.035012
4926.000000 0.029782
4927.000000 0.031426
4928.000000 0.035138
4929.000000 0.035007
4930.000000 0.029134
4931.000000 0.028285
4932.000000 0.031156
4933.000000 0.031546
4934.000000 0.033203
4935.000000 0.041611
4936.000000 0.041027
4937.000000 0.044139
4938.000000 0.045457
4939.000000 0.046438
4940.000000 0.043857
4941.000000 0.044735
4942.000000 0.037120
4943.000000 0.031473
4944.000000 0.032598
4945.000000 0.036373
4946.000000 0.037398
4947.000000 0.032617
4948.000000 0.035972
4949.000000 0.031625
4950.000000 0.034061
4951.000000 0.035720
4952.000000 0.035349
4953.000000 0.042958
4954.000000 0.044969
4955.000000 0.042978
4956.000000 0.042325
4957.000000 0.036861
4958.000000 0.039429
4959.000000 0.036751
4960.000000 0.033092
4961.000000 0.038381
4962.000000 0.039878
4963.000000 0.038455
4964.000000 0.035435
4965.000000 0.037624
4966.000000 0.036384
4967.000000 0.034053
4968.000000 0.034284
4969.000000 0.030004
4970.000000 0.032033
4971.000000 0.041396
4972.000000 0.039028
4973.000000 0.039504
4974.000000 0.038214
4975.000000 0.040823
4976.000000 0.039675
4977.000000 0.039554
4978.000000 0.037959
4979.000000 0.038620
4980.000000 0.038123
4981.000000 0.039719
4982.000000 0.038658
4983.000000 0.035385
4984.000000 0.036261
4985.000000 0.036617
4986.000000 0.036401
4987.000000 0.036334
4988.000000 0.036774
4989.000000 0.036913
4990.000000 0.033155
4991.000000 0.032604
4992.000000 0.036488
4993.000000 0.034346
4994.000000 0.040876
4995.000000 0.038488
4996.000000 0.036766
4997.000000 0.034607
4998.000000 0.037453
4999.000000 0.032467
5000.000000 0.030912
