501.000000 0.046505
502.000000 0.045919
503.000000 0.048931
504.000000 0.048869
505.000000 0.043397
506.000000 0.041552
507.000000 0.038607
508.000000 0.043821
509.000000 0.045249
510.000000 0.043786
511.000000 0.040268
512.000000 0.044852
513.000000 0.042005
514.000000 0.037228
515.000000 0.042137
516.000000 0.045561
517.000000 0.045745
518.000000 0.047445
519.000000 0.041727
520.000000 0.047486
521.000000 0.044431
522.000000 0.041354
523.000000 0.041200
524.000000 0.043946
525.000000 0.042862
526.000000 0.036998
527.000000 0.043202
528.000000 0.037861
529.000000 0.035445
530.000000 0.041185
531.000000 0.040710
532.000000 0.038268
533.000000 0.036444
534.000000 0.041868
535.000000 0.039070
536.000000 0.045479
537.000000 0.051391
538.000000 0.049310
539.000000 0.047602
540.000000 0.040904
541.000000 0.039842
542.000000 0.039900
543.000000 0.036328
544.000000 0.043891
545.000000 0.042595
546.000000 0.040953
547.000000 0.036412
548.000000 0.039386
549.000000 0.041771
550.000000 0.036810
551.000000 0.038663
552.000000 0.039272
553.000000 0.036401
554.000000 0.038996
555.000000 0.040566
556.000000 0.037873
557.000000 0.035529
558.000000 0.036349
559.000000 0.038577
560.000000 0.043529
561.000000 0.040123
562.000000 0.044023
563.000000 0.038921
564.000000 0.039728
565.000000 0.047345
566.000000 0.044038
567.000000 0.048733
568.000000 0.042664
569.000000 0.041331
570.000000 0.036082
571.000000 0.036737
572.000000 0.037800
573.000000 0.035631
574.000000 0.035043
575.000000 0.038825
576.000000 0.037566
577.000000 0.033921
578.000000 0.041227
579.000000 0.040286
580.000000 0.040587
581.000000 0.039766
582.000000 0.041225
583.000000 0.038377
584.000000 0.042526
585.000000 0.042081
586.000000 0.040869
587.000000 0.040934
588.000000 0.045579
589.000000 0.047417
590.000000 0.052283
591.000000 0.046294
592.000000 0.044292
593.000000 0.039567
594.000000 0.039873
595.000000 0.037202
596.000000 0.041504
597.000000 0.041849
598.000000 0.036041
599.000000 0.032468
600.000000 0.032089
601.000000 0.033950
602.000000 0.030984
603.000000 0.040409
604.000000 0.039692
605.000000 0.038209
606.000000 0.038154
607.000000 0.045212
608.000000 0.040168
609.000000 0.039223
610.000000 0.038445
611.000000 0.038017
612.000000 0.041485
613.000000 0.039324
614.000000 0.043928
615.000000 0.042065
616.000000 0.041751
617.000000 0.039562
618.000000 0.038392
619.000000 0.034247
620.000000 0.034557
621.000000 0.036634
622.000000 0.036723
623.000000 0.046831
624.000000 0.050790
625.000000 0.052105
626.000000 0.046043
627.000000 0.040757
628.000000 0.035481
629.000000 0.034043
630.000000 0.034985
631.000000 0.036290
632.000000 0.039227
633.000000 0.034340
634.000000 0.029553
635.000000 0.031349
636.000000 0.032956
637.000000 0.037618
638.000000 0.033617
639.000000 0.038476
640.000000 0.039849
641.000000 0.038035
642.000000 0.036243
643.000000 0.037869
644.000000 0.040442
645.000000 0.040816
646.000000 0.040387
647.000000 0.036278
648.000000 0.039025
649.000000 0.036529
650.000000 0.035783
651.000000 0.035294
652.000000 0.032539
653.000000 0.029573
654.000000 0.031753
655.000000 0.035619
656.000000 0.032887
657.000000 0.045847
658.000000 0.039776
659.000000 0.040289
660.000000 0.036300
661.000000 0.035468
662.000000 0.035119
663.000000 0.040506
664.000000 0.042272
665.000000 0.045288
666.000000 0.044008
667.000000 0.043147
668.000000 0.045594
669.000000 0.043049
670.000000 0.046406
671.000000 0.041320
672.000000 0.036903
673.000000 0.036862
674.000000 0.033109
675.000000 0.029967
676.000000 0.026940
677.000000 0.032246
678.000000 0.031469
679.000000 0.032175
680.000000 0.030754
681.000000 0.039148
682.000000 0.040304
683.000000 0.046541
684.000000 0.043495
685.000000 0.037066
686.000000 0.041225
687.000000 0.046728
688.000000 0.045857
689.000000 0.047010
690.000000 0.043477
691.000000 0.042375
692.000000 0.043388
693.000000 0.039466
694.000000 0.036714
695.000000 0.032725
696.000000 0.030423
697.000000 0.027478
698.000000 0.038540
699.000000 0.042500
700.000000 0.043178
701.000000 0.038818
702.000000 0.035846
703.000000 0.031068
704.000000 0.033086
705.000000 0.031788
706.000000 0.030876
707.000000 0.039186
708.000000 0.049544
709.000000 0.049465
710.000000 0.050492
711.000000 0.048310
712.000000 0.047545
713.000000 0.051344
714.000000 0.048605
715.000000 0.055731
716.000000 0.047590
717.000000 0.042520
718.000000 0.039495
719.000000 0.038464
720.000000 0.035187
721.000000 0.033736
722.000000 0.037108
723.000000 0.036511
724.000000 0.035490
725.000000 0.035022
726.000000 0.044494
727.000000 0.044849
728.000000 0.044912
729.000000 0.039435
730.000000 0.050020
731.000000 0.050599
732.000000 0.047243
733.000000 0.045588
734.000000 0.042344
735.000000 0.040996
736.000000 0.042419
737.000000 0.043312
738.000000 0.038653
739.000000 0.037384
740.000000 0.039932
741.000000 0.035367
742.000000 0.033152
743.000000 0.042859
744.000000 0.042443
745.000000 0.044607
746.000000 0.047306
747.000000 0.044455
748.000000 0.044756
749.000000 0.044912
750.000000 0.039422
751.000000 0.033511
752.000000 0.034210
753.000000 0.034142
754.000000 0.032442
755.000000 0.034253
756.000000 0.037743
757.000000 0.045782
758.000000 0.041761
759.000000 0.039928
760.000000 0.035276
761.000000 0.033737
762.000000 0.037251
763.000000 0.043419
764.000000 0.037518
765.000000 0.034119
766.000000 0.033589
767.000000 0.030256
768.000000 0.033670
769.000000 0.035552
770.000000 0.035116
771.000000 0.034439
772.000000 0.037929
773.000000 0.038304
774.000000 0.034755
775.000000 0.038154
776.000000 0.042395
777.000000 0.038885
778.000000 0.043886
779.000000 0.043157
780.000000 0.040703
781.000000 0.043400
782.000000 0.038313
783.000000 0.036461
784.000000 0.031835
785.000000 0.030233
786.000000 0.037140
787.000000 0.036032
788.000000 0.038866
789.000000 0.040973
790.000000 0.038080
791.000000 0.032221
792.000000 0.038479
793.000000 0.038757
794.000000 0.039182
795.000000 0.042638
796.000000 0.038465
797.000000 0.037028
798.000000 0.032555
799.000000 0.029977
800.000000 0.030225
801.000000 0.031642
802.000000 0.028476
803.000000 0.036876
804.000000 0.042971
805.000000 0.046478
806.000000 0.040441
807.000000 0.044349
808.000000 0.041405
809.000000 0.045141
810.000000 0.047172
811.000000 0.050248
812.000000 0.051280
813.000000 0.049053
814.000000 0.044374
815.000000 0.042842
816.000000 0.045062
817.000000 0.040995
818.000000 0.037162
819.000000 0.037627
820.000000 0.039444
821.000000 0.042134
822.000000 0.040589
823.000000 0.042798
824.000000 0.050426
825.000000 0.046943
826.000000 0.044384
827.000000 0.040291
828.000000 0.046475
829.000000 0.040368
830.000000 0.038773
831.000000 0.041464
832.000000 0.048317
833.000000 0.046177
834.000000 0.040457
835.000000 0.041056
836.000000 0.040796
837.000000 0.035725
838.000000 0.035975
839.000000 0.034188
840.000000 0.038448
841.000000 0.038318
842.000000 0.037560
843.000000 0.043112
844.000000 0.043875
845.000000 0.042583
846.000000 0.044633
847.000000 0.042939
848.000000 0.048223
849.000000 0.046202
850.000000 0.043058
851.000000 0.040078
852.000000 0.034041
853.000000 0.029819
854.000000 0.036265
855.000000 0.042877
856.000000 0.048192
857.000000 0.045755
858.000000 0.039980
859.000000 0.040452
860.000000 0.038411
861.000000 0.035966
862.000000 0.032649
863.000000 0.034306
864.000000 0.030107
865.000000 0.030771
866.000000 0.037177
867.000000 0.038884
868.000000 0.040551
869.000000 0.038850
870.000000 0.037850
871.000000 0.039136
872.000000 0.042138
873.000000 0.042562
874.000000 0.038726
875.000000 0.043611
876.000000 0.041399
877.000000 0.041690
878.000000 0.045756
879.000000 0.047531
880.000000 0.042223
881.000000 0.039002
882.000000 0.036258
883.000000 0.036073
884.000000 0.037758
885.000000 0.034867
886.000000 0.037772
887.000000 0.036408
888.000000 0.032161
889.000000 0.036558
890.000000 0.041134
891.000000 0.043057
892.000000 0.042016
893.000000 0.039442
894.000000 0.037688
895.000000 0.034220
896.000000 0.033844
897.000000 0.040073
898.000000 0.044200
899.000000 0.047117
900.000000 0.054836
901.000000 0.050226
902.000000 0.050584
903.000000 0.048052
904.000000 0.044974
905.000000 0.043747
906.000000 0.040102
907.000000 0.039872
908.000000 0.035935
909.000000 0.030420
910.000000 0.030921
911.000000 0.030794
912.000000 0.031591
913.000000 0.033830
914.000000 0.031387
915.000000 0.032568
916.000000 0.030536
917.000000 0.041624
918.000000 0.043542
919.000000 0.042418
920.000000 0.049643
921.000000 0.049162
922.000000 0.046804
923.000000 0.046182
924.000000 0.043492
925.000000 0.040235
926.000000 0.040162
927.000000 0.039869
928.000000 0.035506
929.000000 0.036095
930.000000 0.035174
931.000000 0.037152
932.000000 0.037180
933.000000 0.041129
934.000000 0.039648
935.000000 0.036039
936.000000 0.037492
937.000000 0.037682
938.000000 0.037727
939.000000 0.041154
940.000000 0.043388
941.000000 0.044501
942.000000 0.042515
943.000000 0.043222
944.000000 0.043399
945.000000 0.038845
946.000000 0.038520
947.000000 0.040996
948.000000 0.037304
949.000000 0.042121
950.000000 0.041139
951.000000 0.042261
952.000000 0.043174
953.000000 0.039304
954.000000 0.044419
955.000000 0.047329
956.000000 0.041434
957.000000 0.040838
958.000000 0.036058
959.000000 0.034165
960.000000 0.037438
961.000000 0.035370
962.000000 0.035836
963.000000 0.033801
964.000000 0.029929
965.000000 0.034135
966.000000 0.034532
967.000000 0.040287
968.000000 0.039225
969.000000 0.035205
970.000000 0.033126
971.000000 0.035417
972.000000 0.033498
973.000000 0.044609
974.000000 0.040587
975.000000 0.041337
976.000000 0.042557
977.000000 0.047454
978.000000 0.044224
979.000000 0.038150
980.000000 0.039503
981.000000 0.034058
982.000000 0.034945
983.000000 0.041936
984.000000 0.040888
985.000000 0.042424
986.000000 0.037639
987.000000 0.041165
988.000000 0.039393
989.000000 0.032676
990.000000 0.035302
991.000000 0.033605
992.000000 0.032978
993.000000 0.032752
994.000000 0.036015
995.000000 0.039689
996.000000 0.038443
997.000000 0.040728
998.000000 0.046217
999.000000 0.045880
1000.000000 0.050038
1001.000000 0.043980
1002.000000 0.052302
1003.000000 0.046999
1004.000000 0.045807
1005.000000 0.042138
1006.000000 0.039850
1007.000000 0.034514
1008.000000 0.039995
1009.000000 0.042360
1010.000000 0.048769
1011.000000 0.050148
1012.000000 0.047726
1013.000000 0.043629
1014.000000 0.039236
1015.000000 0.035267
1016.000000 0.030659
1017.000000 0.034146
1018.000000 0.034814
1019.000000 0.043105
1020.000000 0.047828
1021.000000 0.044473
1022.000000 0.037436
1023.000000 0.041796
1024.000000 0.037721
1025.000000 0.035113
1026.000000 0.039321
1027.000000 0.036786
1028.000000 0.036533
1029.000000 0.037923
1030.000000 0.041248
1031.000000 0.041504
1032.000000 0.039771
1033.000000 0.039863
1034.000000 0.047163
1035.000000 0.048742
1036.000000 0.045864
1037.000000 0.041416
1038.000000 0.043040
1039.000000 0.038514
1040.000000 0.034867
1041.000000 0.035581
1042.000000 0.034798
1043.000000 0.037832
1044.000000 0.040034
1045.000000 0.042987
1046.000000 0.038664
1047.000000 0.046743
1048.000000 0.046653
1049.000000 0.049328
1050.000000 0.047219
1051.000000 0.043009
1052.000000 0.043152
1053.000000 0.045456
1054.000000 0.047284
1055.000000 0.045973
1056.000000 0.041742
1057.000000 0.042827
1058.000000 0.037994
1059.000000 0.038662
1060.000000 0.032082
1061.000000 0.031030
1062.000000 0.033566
1063.000000 0.031956
1064.000000 0.032087
1065.000000 0.030995
1066.000000 0.032405
1067.000000 0.029938
1068.000000 0.031556
1069.000000 0.033813
1070.000000 0.037012
1071.000000 0.038509
1072.000000 0.035158
1073.000000 0.044608
1074.000000 0.041554
1075.000000 0.040310
1076.000000 0.036873
1077.000000 0.034725
1078.000000 0.030360
1079.000000 0.034592
1080.000000 0.032829
1081.000000 0.044468
1082.000000 0.041986
1083.000000 0.040059
1084.000000 0.038117
1085.000000 0.039772
1086.000000 0.040982
1087.000000 0.036353
1088.000000 0.031795
1089.000000 0.032184
1090.000000 0.037191
1091.000000 0.039601
1092.000000 0.037874
1093.000000 0.039578
1094.000000 0.045849
1095.000000 0.038475
1096.000000 0.037388
1097.000000 0.036365
1098.000000 0.033607
1099.000000 0.030303
1100.000000 0.032383
1101.000000 0.036958
1102.000000 0.039763
1103.000000 0.038516
1104.000000 0.041801
1105.000000 0.036601
1106.000000 0.039451
1107.000000 0.046394
1108.000000 0.041571
1109.000000 0.046937
1110.000000 0.042006
1111.000000 0.039734
1112.000000 0.041307
1113.000000 0.039048
1114.000000 0.037952
1115.000000 0.036836
1116.000000 0.035290
1117.000000 0.036500
1118.000000 0.036115
1119.000000 0.039301
1120.000000 0.034898
1121.000000 0.038680
1122.000000 0.035557
1123.000000 0.036402
1124.000000 0.046073
1125.000000 0.045686
1126.000000 0.045792
1127.000000 0.044871
1128.000000 0.045489
1129.000000 0.038230
1130.000000 0.045198
1131.000000 0.041080
1132.000000 0.038046
1133.000000 0.041088
1134.000000 0.034682
1135.000000 0.038880
1136.000000 0.046701
1137.000000 0.048536
1138.000000 0.044438
1139.000000 0.043386
1140.000000 0.041260
1141.000000 0.037198
1142.000000 0.033746
1143.000000 0.033554
1144.000000 0.032506
1145.000000 0.038615
1146.000000 0.038794
1147.000000 0.036762
1148.000000 0.037457
1149.000000 0.046497
1150.000000 0.043283
1151.000000 0.043717
1152.000000 0.042390
1153.000000 0.041123
1154.000000 0.038216
1155.000000 0.043797
1156.000000 0.038836
1157.000000 0.037361
1158.000000 0.038488
1159.000000 0.038537
1160.000000 0.039647
1161.000000 0.036369
1162.000000 0.036257
1163.000000 0.035477
1164.000000 0.037241
1165.000000 0.039215
1166.000000 0.048245
1167.000000 0.043949
1168.000000 0.044234
1169.000000 0.043088
1170.000000 0.045974
1171.000000 0.046200
1172.000000 0.044487
1173.000000 0.042838
1174.000000 0.040962
1175.000000 0.036550
1176.000000 0.039021
1177.000000 0.038122
1178.000000 0.044185
1179.000000 0.038162
1180.000000 0.037997
1181.000000 0.035003
1182.000000 0.033928
1183.000000 0.034795
1184.000000 0.030777
1185.000000 0.035238
1186.000000 0.037724
1187.000000 0.043176
1188.000000 0.047134
1189.000000 0.044709
1190.000000 0.045840
1191.000000 0.047968
1192.000000 0.044733
1193.000000 0.038302
1194.000000 0.036359
1195.000000 0.037091
1196.000000 0.038127
1197.000000 0.042670
1198.000000 0.041484
1199.000000 0.042439
1200.000000 0.040854
1201.000000 0.036585
1202.000000 0.038728
1203.000000 0.046898
1204.000000 0.041461
1205.000000 0.046752
1206.000000 0.040202
1207.000000 0.036699
1208.000000 0.038260
1209.000000 0.035594
1210.000000 0.044445
1211.000000 0.045361
1212.000000 0.042950
1213.000000 0.047526
1214.000000 0.048860
1215.000000 0.049250
1216.000000 0.043760
1217.000000 0.039145
1218.000000 0.040774
1219.000000 0.040413
1220.000000 0.038363
1221.000000 0.037876
1222.000000 0.036927
1223.000000 0.039532
1224.000000 0.042734
1225.000000 0.042516
1226.000000 0.036505
1227.000000 0.037568
1228.000000 0.036439
1229.000000 0.040942
1230.000000 0.041339
1231.000000 0.039829
1232.000000 0.041107
1233.000000 0.041653
1234.000000 0.037196
1235.000000 0.039303
1236.000000 0.042756
1237.000000 0.047073
1238.000000 0.044288
1239.000000 0.045074
1240.000000 0.045483
1241.000000 0.040519
1242.000000 0.043694
1243.000000 0.046898
1244.000000 0.044194
1245.000000 0.041175
1246.000000 0.042310
1247.000000 0.042851
1248.000000 0.044672
1249.000000 0.047541
1250.000000 0.045583
1251.000000 0.040950
1252.000000 0.046394
1253.000000 0.045386
1254.000000 0.041862
1255.000000 0.049124
1256.000000 0.047944
1257.000000 0.046741
1258.000000 0.039524
1259.000000 0.033618
1260.000000 0.044849
1261.000000 0.045095
1262.000000 0.044566
1263.000000 0.042502
1264.000000 0.040015
1265.000000 0.035507
1266.000000 0.038986
1267.000000 0.040569
1268.000000 0.039445
1269.000000 0.041203
1270.000000 0.038434
1271.000000 0.042289
1272.000000 0.045870
1273.000000 0.047930
1274.000000 0.047896
1275.000000 0.044176
1276.000000 0.046619
1277.000000 0.045726
1278.000000 0.045136
1279.000000 0.045280
1280.000000 0.038071
1281.000000 0.035587
1282.000000 0.037218
1283.000000 0.036974
1284.000000 0.036513
1285.000000 0.036981
1286.000000 0.036446
1287.000000 0.034926
1288.000000 0.030090
1289.000000 0.030500
1290.000000 0.035872
1291.000000 0.042260
1292.000000 0.038226
1293.000000 0.038449
1294.000000 0.043168
1295.000000 0.041858
1296.000000 0.038653
1297.000000 0.041590
1298.000000 0.038751
1299.000000 0.039968
1300.000000 0.036326
1301.000000 0.035167
1302.000000 0.035573
1303.000000 0.041629
1304.000000 0.044754
1305.000000 0.043839
1306.000000 0.042665
1307.000000 0.036426
1308.000000 0.039341
1309.000000 0.039233
1310.000000 0.037759
1311.000000 0.036262
1312.000000 0.044776
1313.000000 0.041374
1314.000000 0.046614
1315.000000 0.047215
1316.000000 0.042922
1317.000000 0.039859
1318.000000 0.038418
1319.000000 0.037157
1320.000000 0.034076
1321.000000 0.034785
1322.000000 0.041349
1323.000000 0.036421
1324.000000 0.036912
1325.000000 0.041410
1326.000000 0.037181
1327.000000 0.037156
1328.000000 0.047969
1329.000000 0.045042
1330.000000 0.047716
1331.000000 0.044365
1332.000000 0.047477
1333.000000 0.043575
1334.000000 0.038248
1335.000000 0.040476
1336.000000 0.035219
1337.000000 0.034295
1338.000000 0.029732
1339.000000 0.031657
1340.000000 0.038899
1341.000000 0.038889
1342.000000 0.037375
1343.000000 0.037762
1344.000000 0.041036
1345.000000 0.044988
1346.000000 0.040962
1347.000000 0.048728
1348.000000 0.045123
1349.000000 0.050362
1350.000000 0.043265
1351.000000 0.040121
1352.000000 0.041144
1353.000000 0.042592
1354.000000 0.041905
1355.000000 0.035888
1356.000000 0.035578
1357.000000 0.034115
1358.000000 0.033136
1359.000000 0.037729
1360.000000 0.033912
1361.000000 0.034343
1362.000000 0.031620
1363.000000 0.032609
1364.000000 0.031124
1365.000000 0.031453
1366.000000 0.034112
1367.000000 0.036017
1368.000000 0.044618
1369.000000 0.042283
1370.000000 0.043005
1371.000000 0.043482
1372.000000 0.047913
1373.000000 0.047449
1374.000000 0.044767
1375.000000 0.039470
1376.000000 0.038761
1377.000000 0.035263
1378.000000 0.036468
1379.000000 0.035608
1380.000000 0.033477
1381.000000 0.030928
1382.000000 0.036945
1383.000000 0.047147
1384.000000 0.046276
1385.000000 0.047966
1386.000000 0.043375
1387.000000 0.041693
1388.000000 0.056208
1389.000000 0.049915
1390.000000 0.048820
1391.000000 0.049313
1392.000000 0.044349
1393.000000 0.042259
1394.000000 0.041142
1395.000000 0.041365
1396.000000 0.035090
1397.000000 0.036792
1398.000000 0.033654
1399.000000 0.029722
1400.000000 0.034455
1401.000000 0.033027
1402.000000 0.031193
1403.000000 0.032366
1404.000000 0.031190
1405.000000 0.028641
1406.000000 0.041006
1407.000000 0.046188
1408.000000 0.040839
1409.000000 0.048207
1410.000000 0.044232
1411.000000 0.042385
1412.000000 0.044560
1413.000000 0.045443
1414.000000 0.045158
1415.000000 0.041087
1416.000000 0.045065
1417.000000 0.043610
1418.000000 0.040241
1419.000000 0.033819
1420.000000 0.030476
1421.000000 0.029414
1422.000000 0.026643
1423.000000 0.040269
1424.000000 0.040659
1425.000000 0.044811
1426.000000 0.037126
1427.000000 0.037808
1428.000000 0.031351
1429.000000 0.027374
1430.000000 0.033944
1431.000000 0.031490
1432.000000 0.031758
1433.000000 0.034940
1434.000000 0.034896
1435.000000 0.040040
1436.000000 0.042879
1437.000000 0.041645
1438.000000 0.036994
1439.000000 0.039154
1440.000000 0.041151
1441.000000 0.043373
1442.000000 0.043611
1443.000000 0.044741
1444.000000 0.040220
1445.000000 0.038797
1446.000000 0.038700
1447.000000 0.038667
1448.000000 0.041396
1449.000000 0.037211
1450.000000 0.032083
1451.000000 0.039835
1452.000000 0.040772
1453.000000 0.040800
1454.000000 0.041684
1455.000000 0.040066
1456.000000 0.038857
1457.000000 0.039657
1458.000000 0.034829
1459.000000 0.035341
1460.000000 0.031314
1461.000000 0.041280
1462.000000 0.043497
1463.000000 0.039834
1464.000000 0.043857
1465.000000 0.044561
1466.000000 0.042582
1467.000000 0.037396
1468.000000 0.033412
1469.000000 0.033203
1470.000000 0.033353
1471.000000 0.040093
1472.000000 0.034947
1473.000000 0.036517
1474.000000 0.040727
1475.000000 0.035699
1476.000000 0.039136
1477.000000 0.040380
1478.000000 0.039744
1479.000000 0.037352
1480.000000 0.036752
1481.000000 0.036483
1482.000000 0.037458
1483.000000 0.036084
1484.000000 0.039334
1485.000000 0.047364
1486.000000 0.042933
1487.000000 0.042861
1488.000000 0.041417
1489.000000 0.039554
1490.000000 0.034074
1491.000000 0.034507
1492.000000 0.036162
1493.000000 0.035451
1494.000000 0.037786
1495.000000 0.033427
1496.000000 0.035333
1497.000000 0.044285
1498.000000 0.044376
1499.000000 0.041439
1500.000000 0.038563
1501.000000 0.040433
1502.000000 0.042002
1503.000000 0.041136
1504.000000 0.043331
1505.000000 0.040564
1506.000000 0.046200
1507.000000 0.041731
1508.000000 0.037819
1509.000000 0.040582
1510.000000 0.038091
1511.000000 0.040741
1512.000000 0.040091
1513.000000 0.036336
1514.000000 0.036382
1515.000000 0.034851
1516.000000 0.036395
1517.000000 0.040328
1518.000000 0.044731
1519.000000 0.039460
1520.000000 0.038719
1521.000000 0.034773
1522.000000 0.034613
1523.000000 0.040191
1524.000000 0.038232
1525.000000 0.041898
1526.000000 0.044908
1527.000000 0.044879
1528.000000 0.042413
1529.000000 0.041214
1530.000000 0.037319
1531.000000 0.034803
1532.000000 0.039757
1533.000000 0.044635
1534.000000 0.041839
1535.000000 0.047139
1536.000000 0.042190
1537.000000 0.039144
1538.000000 0.041722
1539.000000 0.040716
1540.000000 0.035139
1541.000000 0.039319
1542.000000 0.033008
1543.000000 0.037734
1544.000000 0.036432
1545.000000 0.036098
1546.000000 0.036411
1547.000000 0.036063
1548.000000 0.033427
1549.000000 0.042220
1550.000000 0.039985
1551.000000 0.036418
1552.000000 0.038228
1553.000000 0.039070
1554.000000 0.040124
1555.000000 0.039580
1556.000000 0.037846
1557.000000 0.042077
1558.000000 0.040317
1559.000000 0.039280
1560.000000 0.037901
1561.000000 0.037958
1562.000000 0.044131
1563.000000 0.043907
1564.000000 0.036674
1565.000000 0.039461
1566.000000 0.035904
1567.000000 0.034118
1568.000000 0.037067
1569.000000 0.032573
1570.000000 0.031376
1571.000000 0.039410
1572.000000 0.039036
1573.000000 0.039957
1574.000000 0.036930
1575.000000 0.040905
1576.000000 0.047262
1577.000000 0.044826
1578.000000 0.041142
1579.000000 0.042876
1580.000000 0.038868
1581.000000 0.034382
1582.000000 0.037673
1583.000000 0.034042
1584.000000 0.033608
1585.000000 0.032094
1586.000000 0.029128
1587.000000 0.038875
1588.000000 0.044159
1589.000000 0.043780
1590.000000 0.043606
1591.000000 0.043449
1592.000000 0.042041
1593.000000 0.037728
1594.000000 0.034551
1595.000000 0.032798
1596.000000 0.040749
1597.000000 0.038706
1598.000000 0.036298
1599.000000 0.040091
1600.000000 0.037514
1601.000000 0.033259
1602.000000 0.033181
1603.000000 0.034149
1604.000000 0.031550
1605.000000 0.032904
1606.000000 0.027867
1607.000000 0.031682
1608.000000 0.035619
1609.000000 0.038015
1610.000000 0.041493
1611.000000 0.044321
1612.000000 0.039880
1613.000000 0.043655
1614.000000 0.041052
1615.000000 0.039209
1616.000000 0.033971
1617.000000 0.041752
1618.000000 0.043926
1619.000000 0.043221
1620.000000 0.038850
1621.000000 0.036193
1622.000000 0.035700
1623.000000 0.041715
1624.000000 0.048420
1625.000000 0.044233
1626.000000 0.043421
1627.000000 0.050005
1628.000000 0.052275
1629.000000 0.050448
1630.000000 0.045144
1631.000000 0.038867
1632.000000 0.035222
1633.000000 0.033063
1634.000000 0.036553
1635.000000 0.038829
1636.000000 0.045981
1637.000000 0.046456
1638.000000 0.044526
1639.000000 0.040418
1640.000000 0.034609
1641.000000 0.032009
1642.000000 0.032435
1643.000000 0.033202
1644.000000 0.033630
1645.000000 0.030975
1646.000000 0.031580
1647.000000 0.045065
1648.000000 0.046865
1649.000000 0.043441
1650.000000 0.045722
1651.000000 0.043991
1652.000000 0.039747
1653.000000 0.043083
1654.000000 0.044169
1655.000000 0.038743
1656.000000 0.040708
1657.000000 0.034656
1658.000000 0.031555
1659.000000 0.032906
1660.000000 0.035669
1661.000000 0.040871
1662.000000 0.039615
1663.000000 0.039310
1664.000000 0.033160
1665.000000 0.032482
1666.000000 0.029777
1667.000000 0.035591
1668.000000 0.037457
1669.000000 0.038392
1670.000000 0.041025
1671.000000 0.045757
1672.000000 0.045343
1673.000000 0.045563
1674.000000 0.045145
1675.000000 0.043722
1676.000000 0.044845
1677.000000 0.046507
1678.000000 0.043332
1679.000000 0.039203
1680.000000 0.036994
1681.000000 0.038499
1682.000000 0.034269
1683.000000 0.033053
1684.000000 0.030867
1685.000000 0.034465
1686.000000 0.034762
1687.000000 0.036435
1688.000000 0.047068
1689.000000 0.043824
1690.000000 0.048040
1691.000000 0.047464
1692.000000 0.045417
1693.000000 0.044441
1694.000000 0.047624
1695.000000 0.046724
1696.000000 0.044314
1697.000000 0.040496
1698.000000 0.039793
1699.000000 0.039672
1700.000000 0.040332
1701.000000 0.048327
1702.000000 0.046412
1703.000000 0.043015
1704.000000 0.042727
1705.000000 0.040878
1706.000000 0.040943
1707.000000 0.043023
1708.000000 0.041659
1709.000000 0.042939
1710.000000 0.046150
1711.000000 0.044713
1712.000000 0.041920
1713.000000 0.040633
1714.000000 0.042287
1715.000000 0.046444
1716.000000 0.039064
1717.000000 0.035262
1718.000000 0.039456
1719.000000 0.034395
1720.000000 0.038747
1721.000000 0.033906
1722.000000 0.032587
1723.000000 0.030421
1724.000000 0.037285
1725.000000 0.040726
1726.000000 0.044200
1727.000000 0.046454
1728.000000 0.051843
1729.000000 0.054422
1730.000000 0.050109
1731.000000 0.045624
1732.000000 0.044358
1733.000000 0.042104
1734.000000 0.040125
1735.000000 0.035774
1736.000000 0.034961
1737.000000 0.031582
1738.000000 0.033393
1739.000000 0.037728
1740.000000 0.039826
1741.000000 0.040235
1742.000000 0.041521
1743.000000 0.040294
1744.000000 0.041406
1745.000000 0.043576
1746.000000 0.041727
1747.000000 0.044440
1748.000000 0.047229
1749.000000 0.048979
1750.000000 0.046569
1751.000000 0.045440
1752.000000 0.041737
1753.000000 0.039190
1754.000000 0.034477
1755.000000 0.040085
1756.000000 0.047740
1757.000000 0.046293
1758.000000 0.050125
1759.000000 0.052822
1760.000000 0.046913
1761.000000 0.040131
1762.000000 0.036244
1763.000000 0.037712
1764.000000 0.038109
1765.000000 0.037358
1766.000000 0.044386
1767.000000 0.040520
1768.000000 0.037771
1769.000000 0.045775
1770.000000 0.042571
1771.000000 0.038431
1772.000000 0.037546
1773.000000 0.035624
1774.000000 0.037670
1775.000000 0.039837
1776.000000 0.038663
1777.000000 0.038414
1778.000000 0.043684
1779.000000 0.045774
1780.000000 0.042302
1781.000000 0.040866
1782.000000 0.038330
1783.000000 0.040335
1784.000000 0.034320
1785.000000 0.033232
1786.000000 0.033716
1787.000000 0.033094
1788.000000 0.037206
1789.000000 0.042577
1790.000000 0.043730
1791.000000 0.042720
1792.000000 0.046360
1793.000000 0.046715
1794.000000 0.041541
1795.000000 0.042572
1796.000000 0.046768
1797.000000 0.049194
1798.000000 0.045814
1799.000000 0.044518
1800.000000 0.040659
1801.000000 0.038039
1802.000000 0.037390
1803.000000 0.036955
1804.000000 0.034415
1805.000000 0.034287
1806.000000 0.032834
1807.000000 0.032316
1808.000000 0.035772
1809.000000 0.036284
1810.000000 0.041137
1811.000000 0.045935
1812.000000 0.045445
1813.000000 0.043737
1814.000000 0.039893
1815.000000 0.040520
1816.000000 0.035671
1817.000000 0.033256
1818.000000 0.038775
1819.000000 0.035028
1820.000000 0.039799
1821.000000 0.041460
1822.000000 0.042893
1823.000000 0.042477
1824.000000 0.047199
1825.000000 0.044628
1826.000000 0.041578
1827.000000 0.047079
1828.000000 0.041097
1829.000000 0.038097
1830.000000 0.035855
1831.000000 0.037689
1832.000000 0.038382
1833.000000 0.035415
1834.000000 0.041831
1835.000000 0.039798
1836.000000 0.035437
1837.000000 0.036157
1838.000000 0.037410
1839.000000 0.039392
1840.000000 0.042275
1841.000000 0.036405
1842.000000 0.033368
1843.000000 0.038453
1844.000000 0.036841
1845.000000 0.042489
1846.000000 0.042329
1847.000000 0.041462
1848.000000 0.036481
1849.000000 0.036016
1850.000000 0.035098
1851.000000 0.039635
1852.000000 0.039632
1853.000000 0.036549
1854.000000 0.033000
1855.000000 0.035839
1856.000000 0.034848
1857.000000 0.047095
1858.000000 0.046206
1859.000000 0.045638
1860.000000 0.041850
1861.000000 0.034960
1862.000000 0.036289
1863.000000 0.034105
1864.000000 0.038504
1865.000000 0.044311
1866.000000 0.047060
1867.000000 0.043557
1868.000000 0.052977
1869.000000 0.048898
1870.000000 0.053538
1871.000000 0.049969
1872.000000 0.046084
1873.000000 0.047015
1874.000000 0.047962
1875.000000 0.040886
1876.000000 0.039717
1877.000000 0.033468
1878.000000 0.037247
1879.000000 0.042104
1880.000000 0.045280
1881.000000 0.043228
1882.000000 0.039234
1883.000000 0.039178
1884.000000 0.043786
1885.000000 0.047252
1886.000000 0.042890
1887.000000 0.036527
1888.000000 0.036366
1889.000000 0.042314
1890.000000 0.042386
1891.000000 0.041042
1892.000000 0.037405
1893.000000 0.031879
1894.000000 0.039998
1895.000000 0.043995
1896.000000 0.046093
1897.000000 0.043634
1898.000000 0.042051
1899.000000 0.042746
1900.000000 0.040843
1901.000000 0.037904
1902.000000 0.039191
1903.000000 0.040934
1904.000000 0.043303
1905.000000 0.041196
1906.000000 0.036643
1907.000000 0.032648
1908.000000 0.029676
1909.000000 0.029343
1910.000000 0.036840
1911.000000 0.036324
1912.000000 0.034072
1913.000000 0.032232
1914.000000 0.034541
1915.000000 0.043125
1916.000000 0.042362
1917.000000 0.037952
1918.000000 0.036601
1919.000000 0.035657
1920.000000 0.034122
1921.000000 0.033541
1922.000000 0.042153
1923.000000 0.044686
1924.000000 0.050635
1925.000000 0.041859
1926.000000 0.039095
1927.000000 0.037606
1928.000000 0.038870
1929.000000 0.037883
1930.000000 0.033501
1931.000000 0.030156
1932.000000 0.032810
1933.000000 0.031043
1934.000000 0.033337
1935.000000 0.039110
1936.000000 0.042173
1937.000000 0.046847
1938.000000 0.042465
1939.000000 0.038197
1940.000000 0.034648
1941.000000 0.036893
1942.000000 0.039750
1943.000000 0.041887
1944.000000 0.041989
1945.000000 0.040608
1946.000000 0.045184
1947.000000 0.045884
1948.000000 0.041844
1949.000000 0.034668
1950.000000 0.039453
1951.000000 0.035826
1952.000000 0.036551
1953.000000 0.035335
1954.000000 0.035526
1955.000000 0.036509
1956.000000 0.038143
1957.000000 0.037107
1958.000000 0.034946
1959.000000 0.038743
1960.000000 0.041549
1961.000000 0.042854
1962.000000 0.039705
1963.000000 0.038804
1964.000000 0.036399
1965.000000 0.033594
1966.000000 0.033960
1967.000000 0.032153
1968.000000 0.032570
1969.000000 0.035501
1970.000000 0.034458
1971.000000 0.038845
1972.000000 0.043917
1973.000000 0.042242
1974.000000 0.041787
1975.000000 0.045496
1976.000000 0.046317
1977.000000 0.050503
1978.000000 0.048865
1979.000000 0.044542
1980.000000 0.043968
1981.000000 0.037965
1982.000000 0.037780
1983.000000 0.039614
1984.000000 0.033250
1985.000000 0.031936
1986.000000 0.033856
1987.000000 0.033854
1988.000000 0.034893
1989.000000 0.041338
1990.000000 0.040725
1991.000000 0.042617
1992.000000 0.041581
1993.000000 0.036915
1994.000000 0.033570
1995.000000 0.031222
1996.000000 0.031319
1997.000000 0.037633
1998.000000 0.037653
1999.000000 0.037177
2000.000000 0.043944
2001.000000 0.043712
2002.000000 0.045167
2003.000000 0.038482
2004.000000 0.038410
2005.000000 0.038661
2006.000000 0.040291
2007.000000 0.042574
2008.000000 0.039754
2009.000000 0.037124
2010.000000 0.039351
2011.000000 0.039386
2012.000000 0.044519
2013.000000 0.049084
2014.000000 0.044160
2015.000000 0.049461
2016.000000 0.044694
2017.000000 0.038136
2018.000000 0.040307
2019.000000 0.038033
2020.000000 0.035384
2021.000000 0.035641
2022.000000 0.038385
2023.000000 0.037865
2024.000000 0.045989
2025.000000 0.041700
2026.000000 0.040059
2027.000000 0.038553
2028.000000 0.040348
2029.000000 0.037575
2030.000000 0.046288
2031.000000 0.046344
2032.000000 0.043864
2033.000000 0.045311
2034.000000 0.041673
2035.000000 0.041076
2036.000000 0.039629
2037.000000 0.036802
2038.000000 0.043359
2039.000000 0.044812
2040.000000 0.047600
2041.000000 0.044836
2042.000000 0.038651
2043.000000 0.035461
2044.000000 0.034952
2045.000000 0.034331
2046.000000 0.037323
2047.000000 0.038406
2048.000000 0.038345
2049.000000 0.037195
2050.000000 0.033872
2051.000000 0.032537
2052.000000 0.038084
2053.000000 0.042070
2054.000000 0.039064
2055.000000 0.041802
2056.000000 0.042050
2057.000000 0.043654
2058.000000 0.038890
2059.000000 0.033637
2060.000000 0.037894
2061.000000 0.039486
2062.000000 0.035900
2063.000000 0.035157
2064.000000 0.036783
2065.000000 0.041439
2066.000000 0.044211
2067.000000 0.052005
2068.000000 0.047779
2069.000000 0.053389
2070.000000 0.048794
2071.000000 0.043084
2072.000000 0.047140
2073.000000 0.039570
2074.000000 0.035793
2075.000000 0.038571
2076.000000 0.038833
2077.000000 0.037142
2078.000000 0.039546
2079.000000 0.033932
2080.000000 0.029410
2081.000000 0.026155
2082.000000 0.027985
2083.000000 0.028983
2084.000000 0.031826
2085.000000 0.037816
2086.000000 0.042287
2087.000000 0.040104
2088.000000 0.037062
2089.000000 0.041840
2090.000000 0.039929
2091.000000 0.037991
2092.000000 0.035553
2093.000000 0.046343
2094.000000 0.043128
2095.000000 0.043698
2096.000000 0.041354
2097.000000 0.040066
2098.000000 0.041618
2099.000000 0.038771
2100.000000 0.036933
2101.000000 0.032296
2102.000000 0.029833
2103.000000 0.030719
2104.000000 0.036016
2105.000000 0.040617
2106.000000 0.041097
2107.000000 0.047107
2108.000000 0.047585
2109.000000 0.045743
2110.000000 0.043022
2111.000000 0.041228
2112.000000 0.041472
2113.000000 0.036280
2114.000000 0.036073
2115.000000 0.036491
2116.000000 0.042797
2117.000000 0.041855
2118.000000 0.045409
2119.000000 0.040464
2120.000000 0.039938
2121.000000 0.042899
2122.000000 0.044281
2123.000000 0.039555
2124.000000 0.039271
2125.000000 0.042253
2126.000000 0.040315
2127.000000 0.047824
2128.000000 0.047870
2129.000000 0.047676
2130.000000 0.042324
2131.000000 0.044430
2132.000000 0.051885
2133.000000 0.048627
2134.000000 0.041123
2135.000000 0.040607
2136.000000 0.039372
2137.000000 0.047515
2138.000000 0.041473
2139.000000 0.041935
2140.000000 0.041734
2141.000000 0.045437
2142.000000 0.042095
2143.000000 0.040088
2144.000000 0.037093
2145.000000 0.036884
2146.000000 0.036145
2147.000000 0.035442
2148.000000 0.032202
2149.000000 0.030510
2150.000000 0.028930
2151.000000 0.034049
2152.000000 0.037150
2153.000000 0.040811
2154.000000 0.040500
2155.000000 0.039315
2156.000000 0.040957
2157.000000 0.037287
2158.000000 0.047831
2159.000000 0.042907
2160.000000 0.046715
2161.000000 0.042145
2162.000000 0.040319
2163.000000 0.041250
2164.000000 0.040720
2165.000000 0.043498
2166.000000 0.045390
2167.000000 0.040289
2168.000000 0.042518
2169.000000 0.046931
2170.000000 0.047202
2171.000000 0.047690
2172.000000 0.046516
2173.000000 0.042956
2174.000000 0.040786
2175.000000 0.037736
2176.000000 0.039455
2177.000000 0.035567
2178.000000 0.035004
2179.000000 0.034864
2180.000000 0.040282
2181.000000 0.035628
2182.000000 0.035192
2183.000000 0.040780
2184.000000 0.039068
2185.000000 0.039150
2186.000000 0.038039
2187.000000 0.036698
2188.000000 0.046381
2189.000000 0.047440
2190.000000 0.044030
2191.000000 0.038459
2192.000000 0.037040
2193.000000 0.047185
2194.000000 0.044861
2195.000000 0.038533
2196.000000 0.040790
2197.000000 0.038915
2198.000000 0.034746
2199.000000 0.034014
2200.000000 0.032130
2201.000000 0.041077
2202.000000 0.041915
2203.000000 0.041247
2204.000000 0.040418
2205.000000 0.038153
2206.000000 0.034726
2207.000000 0.034091
2208.000000 0.029585
2209.000000 0.035544
2210.000000 0.033267
2211.000000 0.039759
2212.000000 0.038337
2213.000000 0.047205
2214.000000 0.047274
2215.000000 0.045490
2216.000000 0.045463
2217.000000 0.041013
2218.000000 0.037961
2219.000000 0.039557
2220.000000 0.037932
2221.000000 0.035249
2222.000000 0.036134
2223.000000 0.038237
2224.000000 0.046725
2225.000000 0.047924
2226.000000 0.048606
2227.000000 0.042571
2228.000000 0.047052
2229.000000 0.045987
2230.000000 0.045486
2231.000000 0.041442
2232.000000 0.039544
2233.000000 0.040652
2234.000000 0.048317
2235.000000 0.051305
2236.000000 0.046852
2237.000000 0.041570
2238.000000 0.040686
2239.000000 0.040432
2240.000000 0.043776
2241.000000 0.048254
2242.000000 0.050982
2243.000000 0.051355
2244.000000 0.046273
2245.000000 0.045427
2246.000000 0.043849
2247.000000 0.042162
2248.000000 0.042352
2249.000000 0.043881
2250.000000 0.040310
2251.000000 0.036341
2252.000000 0.034087
2253.000000 0.036274
2254.000000 0.032315
2255.000000 0.027343
2256.000000 0.025182
2257.000000 0.028802
2258.000000 0.031836
2259.000000 0.034987
2260.000000 0.033235
2261.000000 0.035406
2262.000000 0.034875
2263.000000 0.031193
2264.000000 0.040429
2265.000000 0.044949
2266.000000 0.046075
2267.000000 0.041269
2268.000000 0.040924
2269.000000 0.040747
2270.000000 0.037731
2271.000000 0.040271
2272.000000 0.039186
2273.000000 0.036950
2274.000000 0.042817
2275.000000 0.043977
2276.000000 0.044261
2277.000000 0.045266
2278.000000 0.045346
2279.000000 0.046299
2280.000000 0.048548
2281.000000 0.045006
2282.000000 0.050927
2283.000000 0.045146
2284.000000 0.047244
2285.000000 0.044609
2286.000000 0.040339
2287.000000 0.039716
2288.000000 0.035917
2289.000000 0.036931
2290.000000 0.036093
2291.000000 0.033704
2292.000000 0.033818
2293.000000 0.034216
2294.000000 0.037991
2295.000000 0.034438
2296.000000 0.034719
2297.000000 0.043492
2298.000000 0.041300
2299.000000 0.038800
2300.000000 0.036789
2301.000000 0.040395
2302.000000 0.041581
2303.000000 0.041285
2304.000000 0.036620
2305.000000 0.039697
2306.000000 0.035365
2307.000000 0.039760
2308.000000 0.037977
2309.000000 0.031564
2310.000000 0.028760
2311.000000 0.035164
2312.000000 0.039110
2313.000000 0.035353
2314.000000 0.038699
2315.000000 0.040645
2316.000000 0.036103
2317.000000 0.037622
2318.000000 0.038417
2319.000000 0.036851
2320.000000 0.038326
2321.000000 0.034763
2322.000000 0.034510
2323.000000 0.038430
2324.000000 0.037491
2325.000000 0.037254
2326.000000 0.034554
2327.000000 0.032569
2328.000000 0.037906
2329.000000 0.043025
2330.000000 0.039356
2331.000000 0.040543
2332.000000 0.042961
2333.000000 0.041686
2334.000000 0.042262
2335.000000 0.044730
2336.000000 0.041057
2337.000000 0.042813
2338.000000 0.043834
2339.000000 0.039497
2340.000000 0.038435
2341.000000 0.044102
2342.000000 0.044161
2343.000000 0.041586
2344.000000 0.043125
2345.000000 0.045353
2346.000000 0.041559
2347.000000 0.043633
2348.000000 0.044428
2349.000000 0.038530
2350.000000 0.036868
2351.000000 0.035469
2352.000000 0.034072
2353.000000 0.033347
2354.000000 0.034453
2355.000000 0.041228
2356.000000 0.044864
2357.000000 0.040536
2358.000000 0.042511
2359.000000 0.041515
2360.000000 0.043374
2361.000000 0.048384
2362.000000 0.045324
2363.000000 0.044632
2364.000000 0.042369
2365.000000 0.047737
2366.000000 0.047096
2367.000000 0.044233
2368.000000 0.043310
2369.000000 0.047406
2370.000000 0.045426
2371.000000 0.047914
2372.000000 0.046468
2373.000000 0.040831
2374.000000 0.039084
2375.000000 0.039202
2376.000000 0.043406
2377.000000 0.036414
2378.000000 0.033777
2379.000000 0.034791
2380.000000 0.035388
2381.000000 0.031509
2382.000000 0.032845
2383.000000 0.039757
2384.000000 0.040201
2385.000000 0.037937
2386.000000 0.039286
2387.000000 0.040795
2388.000000 0.038684
2389.000000 0.039963
2390.000000 0.039800
2391.000000 0.045276
2392.000000 0.044786
2393.000000 0.039641
2394.000000 0.044299
2395.000000 0.043430
2396.000000 0.047958
2397.000000 0.047194
2398.000000 0.041069
2399.000000 0.034037
2400.000000 0.043416
2401.000000 0.046060
2402.000000 0.038104
2403.000000 0.035314
2404.000000 0.040051
2405.000000 0.036715
2406.000000 0.039912
2407.000000 0.037123
2408.000000 0.039608
2409.000000 0.038572
2410.000000 0.041307
2411.000000 0.037633
2412.000000 0.043415
2413.000000 0.043837
2414.000000 0.038850
2415.000000 0.044468
2416.000000 0.039276
2417.000000 0.040293
2418.000000 0.038222
2419.000000 0.044561
2420.000000 0.038764
2421.000000 0.040806
2422.000000 0.038191
2423.000000 0.038496
2424.000000 0.036249
2425.000000 0.035321
2426.000000 0.040742
2427.000000 0.037810
2428.000000 0.035428
2429.000000 0.030561
2430.000000 0.026507
2431.000000 0.025226
2432.000000 0.036709
2433.000000 0.038207
2434.000000 0.038922
2435.000000 0.044450
2436.000000 0.044272
2437.000000 0.043921
2438.000000 0.043633
2439.000000 0.045614
2440.000000 0.050305
2441.000000 0.045559
2442.000000 0.041876
2443.000000 0.040581
2444.000000 0.036120
2445.000000 0.037039
2446.000000 0.036873
2447.000000 0.036449
2448.000000 0.034373
2449.000000 0.031184
2450.000000 0.031503
2451.000000 0.041208
2452.000000 0.042087
2453.000000 0.047094
2454.000000 0.046462
2455.000000 0.043836
2456.000000 0.048213
2457.000000 0.044931
2458.000000 0.038033
2459.000000 0.034937
2460.000000 0.032405
2461.000000 0.036591
2462.000000 0.048703
2463.000000 0.050062
2464.000000 0.043327
2465.000000 0.037209
2466.000000 0.038044
2467.000000 0.033182
2468.000000 0.040735
2469.000000 0.036426
2470.000000 0.032015
2471.000000 0.033295
2472.000000 0.031976
2473.000000 0.035960
2474.000000 0.038364
2475.000000 0.040005
2476.000000 0.039521
2477.000000 0.037367
2478.000000 0.032538
2479.000000 0.037887
2480.000000 0.038723
2481.000000 0.038184
2482.000000 0.041086
2483.000000 0.037703
2484.000000 0.042435
2485.000000 0.042887
2486.000000 0.048269
2487.000000 0.047139
2488.000000 0.042921
2489.000000 0.040734
2490.000000 0.041417
2491.000000 0.034558
2492.000000 0.035351
2493.000000 0.037465
2494.000000 0.041079
2495.000000 0.042997
2496.000000 0.043941
2497.000000 0.041045
2498.000000 0.040405
2499.000000 0.039564
2500.000000 0.036283
2501.000000 0.038886
2502.000000 0.034642
2503.000000 0.033212
2504.000000 0.030030
2505.000000 0.039790
2506.000000 0.039673
2507.000000 0.047163
2508.000000 0.039571
2509.000000 0.037128
2510.000000 0.036753
2511.000000 0.034486
2512.000000 0.031055
2513.000000 0.030602
2514.000000 0.030687
2515.000000 0.034417
2516.000000 0.039750
2517.000000 0.042208
2518.000000 0.045720
2519.000000 0.042330
2520.000000 0.038501
2521.000000 0.039252
2522.000000 0.042102
2523.000000 0.039124
2524.000000 0.042872
2525.000000 0.039002
2526.000000 0.034072
2527.000000 0.034210
2528.000000 0.030271
2529.000000 0.036443
2530.000000 0.034787
2531.000000 0.036499
2532.000000 0.043067
2533.000000 0.044322
2534.000000 0.043893
2535.000000 0.042942
2536.000000 0.040289
2537.000000 0.038689
2538.000000 0.037736
2539.000000 0.037298
2540.000000 0.042565
2541.000000 0.043591
2542.000000 0.042294
2543.000000 0.035028
2544.000000 0.040386
2545.000000 0.035202
2546.000000 0.033584
2547.000000 0.035789
2548.000000 0.032601
2549.000000 0.031773
2550.000000 0.030204
2551.000000 0.029000
2552.000000 0.036945
2553.000000 0.036620
2554.000000 0.034401
2555.000000 0.046376
2556.000000 0.041651
2557.000000 0.048186
2558.000000 0.051253
2559.000000 0.046166
2560.000000 0.043581
2561.000000 0.044352
2562.000000 0.046413
2563.000000 0.040379
2564.000000 0.042610
2565.000000 0.040676
2566.000000 0.043500
2567.000000 0.036079
2568.000000 0.037454
2569.000000 0.034462
2570.000000 0.039591
2571.000000 0.046029
2572.000000 0.043624
2573.000000 0.041783
2574.000000 0.038720
2575.000000 0.033017
2576.000000 0.037622
2577.000000 0.033769
2578.000000 0.035627
2579.000000 0.039859
2580.000000 0.047222
2581.000000 0.047206
2582.000000 0.044183
2583.000000 0.050776
2584.000000 0.046479
2585.000000 0.044598
2586.000000 0.047493
2587.000000 0.046133
2588.000000 0.048685
2589.000000 0.044274
2590.000000 0.043122
2591.000000 0.048363
2592.000000 0.043861
2593.000000 0.042489
2594.000000 0.039179
2595.000000 0.037114
2596.000000 0.037949
2597.000000 0.036507
2598.000000 0.038791
2599.000000 0.037509
2600.000000 0.032314
2601.000000 0.032478
2602.000000 0.034528
2603.000000 0.035266
2604.000000 0.036675
2605.000000 0.037765
2606.000000 0.036780
2607.000000 0.037078
2608.000000 0.038298
2609.000000 0.037715
2610.000000 0.038338
2611.000000 0.040760
2612.000000 0.040223
2613.000000 0.039060
2614.000000 0.035591
2615.000000 0.047228
2616.000000 0.040763
2617.000000 0.037663
2618.000000 0.041381
2619.000000 0.039031
2620.000000 0.037106
2621.000000 0.041697
2622.000000 0.035074
2623.000000 0.037690
2624.000000 0.039121
2625.000000 0.037409
2626.000000 0.042151
2627.000000 0.041559
2628.000000 0.042688
2629.000000 0.041821
2630.000000 0.039491
2631.000000 0.038189
2632.000000 0.038474
2633.000000 0.037261
2634.000000 0.037073
2635.000000 0.039812
2636.000000 0.037070
2637.000000 0.037325
2638.000000 0.032277
2639.000000 0.041122
2640.000000 0.043403
2641.000000 0.043374
2642.000000 0.041309
2643.000000 0.035637
2644.000000 0.035776
2645.000000 0.043750
2646.000000 0.046176
2647.000000 0.046153
2648.000000 0.043096
2649.000000 0.045079
2650.000000 0.046586
2651.000000 0.043532
2652.000000 0.040925
2653.000000 0.036414
2654.000000 0.034262
2655.000000 0.029661
2656.000000 0.029050
2657.000000 0.032814
2658.000000 0.034280
2659.000000 0.036807
2660.000000 0.033903
2661.000000 0.038540
2662.000000 0.037251
2663.000000 0.036839
2664.000000 0.034344
2665.000000 0.038732
2666.000000 0.043057
2667.000000 0.045892
2668.000000 0.041743
2669.000000 0.050871
2670.000000 0.057168
2671.000000 0.052320
2672.000000 0.045848
2673.000000 0.041109
2674.000000 0.039557
2675.000000 0.036687
2676.000000 0.034154
2677.000000 0.037872
2678.000000 0.034395
2679.000000 0.032642
2680.000000 0.033408
2681.000000 0.032053
2682.000000 0.033332
2683.000000 0.042786
2684.000000 0.036921
2685.000000 0.041845
2686.000000 0.040286
2687.000000 0.040417
2688.000000 0.044416
2689.000000 0.040877
2690.000000 0.043536
2691.000000 0.040412
2692.000000 0.036708
2693.000000 0.034110
2694.000000 0.032135
2695.000000 0.035301
2696.000000 0.031334
2697.000000 0.030987
2698.000000 0.031749
2699.000000 0.033628
2700.000000 0.033193
2701.000000 0.029847
2702.000000 0.027916
2703.000000 0.033242
2704.000000 0.036911
2705.000000 0.036050
2706.000000 0.045696
2707.000000 0.046114
2708.000000 0.046528
2709.000000 0.044861
2710.000000 0.044996
2711.000000 0.041121
2712.000000 0.044543
2713.000000 0.042492
2714.000000 0.041967
2715.000000 0.043934
2716.000000 0.045876
2717.000000 0.044356
2718.000000 0.037444
2719.000000 0.033974
2720.000000 0.036772
2721.000000 0.034325
2722.000000 0.036255
2723.000000 0.042052
2724.000000 0.036117
2725.000000 0.035769
2726.000000 0.039184
2727.000000 0.037591
2728.000000 0.036035
2729.000000 0.041923
2730.000000 0.038710
2731.000000 0.035843
2732.000000 0.034556
2733.000000 0.035150
2734.000000 0.041245
2735.000000 0.036759
2736.000000 0.033543
2737.000000 0.034273
2738.000000 0.037674
2739.000000 0.035229
2740.000000 0.039476
2741.000000 0.035000
2742.000000 0.032516
2743.000000 0.038200
2744.000000 0.040907
2745.000000 0.040640
2746.000000 0.044940
2747.000000 0.045021
2748.000000 0.041744
2749.000000 0.042139
2750.000000 0.051017
2751.000000 0.056442
2752.000000 0.048338
2753.000000 0.042788
2754.000000 0.037556
2755.000000 0.033211
2756.000000 0.028206
2757.000000 0.033917
2758.000000 0.036892
2759.000000 0.032929
2760.000000 0.036483
2761.000000 0.037040
2762.000000 0.041430
2763.000000 0.036753
2764.000000 0.041828
2765.000000 0.043327
2766.000000 0.042478
2767.000000 0.042198
2768.000000 0.042339
2769.000000 0.041387
2770.000000 0.042399
2771.000000 0.038651
2772.000000 0.038462
2773.000000 0.043702
2774.000000 0.043252
2775.000000 0.046019
2776.000000 0.042183
2777.000000 0.035889
2778.000000 0.032990
2779.000000 0.036773
2780.000000 0.033300
2781.000000 0.031303
2782.000000 0.032148
2783.000000 0.033901
2784.000000 0.037400
2785.000000 0.035323
2786.000000 0.039473
2787.000000 0.038646
2788.000000 0.037946
2789.000000 0.039681
2790.000000 0.040581
2791.000000 0.038317
2792.000000 0.034852
2793.000000 0.038013
2794.000000 0.048155
2795.000000 0.045991
2796.000000 0.046440
2797.000000 0.045450
2798.000000 0.060263
2799.000000 0.054475
2800.000000 0.053246
2801.000000 0.046027
2802.000000 0.043335
2803.000000 0.038934
2804.000000 0.039067
2805.000000 0.034304
2806.000000 0.030737
2807.000000 0.031026
2808.000000 0.032048
2809.000000 0.035025
2810.000000 0.037688
2811.000000 0.037929
2812.000000 0.034895
2813.000000 0.030650
2814.000000 0.030298
2815.000000 0.028277
2816.000000 0.031185
2817.000000 0.031126
2818.000000 0.031626
2819.000000 0.047743
2820.000000 0.043481
2821.000000 0.045991
2822.000000 0.046069
2823.000000 0.043688
2824.000000 0.042779
2825.000000 0.042504
2826.000000 0.043091
2827.000000 0.037189
2828.000000 0.044118
2829.000000 0.042900
2830.000000 0.036126
2831.000000 0.035483
2832.000000 0.034746
2833.000000 0.038535
2834.000000 0.042253
2835.000000 0.038683
2836.000000 0.038654
2837.000000 0.039794
2838.000000 0.045035
2839.000000 0.050185
2840.000000 0.052587
2841.000000 0.053314
2842.000000 0.049195
2843.000000 0.048691
2844.000000 0.051873
2845.000000 0.054695
2846.000000 0.046486
2847.000000 0.045896
2848.000000 0.042308
2849.000000 0.040195
2850.000000 0.039859
2851.000000 0.045062
2852.000000 0.045399
2853.000000 0.044362
2854.000000 0.042137
2855.000000 0.040055
2856.000000 0.039713
2857.000000 0.038670
2858.000000 0.037124
2859.000000 0.039158
2860.000000 0.043745
2861.000000 0.041931
2862.000000 0.046666
2863.000000 0.045353
2864.000000 0.043737
2865.000000 0.047731
2866.000000 0.049163
2867.000000 0.043939
2868.000000 0.042180
2869.000000 0.036886
2870.000000 0.038809
2871.000000 0.037257
2872.000000 0.041181
2873.000000 0.039458
2874.000000 0.040657
2875.000000 0.041055
2876.000000 0.036459
2877.000000 0.032287
2878.000000 0.031281
2879.000000 0.035716
2880.000000 0.047004
2881.000000 0.047201
2882.000000 0.046420
2883.000000 0.043092
2884.000000 0.046793
2885.000000 0.050275
2886.000000 0.048489
2887.000000 0.042266
2888.000000 0.042741
2889.000000 0.041324
2890.000000 0.034268
2891.000000 0.037162
2892.000000 0.035086
2893.000000 0.036707
2894.000000 0.042916
2895.000000 0.038410
2896.000000 0.040983
2897.000000 0.039721
2898.000000 0.041437
2899.000000 0.043815
2900.000000 0.047996
2901.000000 0.046364
2902.000000 0.044270
2903.000000 0.041864
2904.000000 0.038882
2905.000000 0.034628
2906.000000 0.031411
2907.000000 0.035848
2908.000000 0.036870
2909.000000 0.034951
2910.000000 0.031628
2911.000000 0.036707
2912.000000 0.038760
2913.000000 0.039552
2914.000000 0.042043
2915.000000 0.043005
2916.000000 0.050471
2917.000000 0.050480
2918.000000 0.044490
2919.000000 0.042439
2920.000000 0.040832
2921.000000 0.043402
2922.000000 0.042080
2923.000000 0.041923
2924.000000 0.045473
2925.000000 0.039940
2926.000000 0.035781
2927.000000 0.033981
2928.000000 0.036254
2929.000000 0.044998
2930.000000 0.043137
2931.000000 0.038859
2932.000000 0.038060
2933.000000 0.036014
2934.000000 0.031253
2935.000000 0.030381
2936.000000 0.037656
2937.000000 0.034785
2938.000000 0.038938
2939.000000 0.035432
2940.000000 0.039513
2941.000000 0.039980
2942.000000 0.036103
2943.000000 0.032325
2944.000000 0.033353
2945.000000 0.041782
2946.000000 0.042223
2947.000000 0.042019
2948.000000 0.038291
2949.000000 0.044730
2950.000000 0.046534
2951.000000 0.046959
2952.000000 0.047555
2953.000000 0.043262
2954.000000 0.039289
2955.000000 0.035255
2956.000000 0.038232
2957.000000 0.033979
2958.000000 0.033571
2959.000000 0.036855
2960.000000 0.040027
2961.000000 0.042406
2962.000000 0.043490
2963.000000 0.046063
2964.000000 0.044740
2965.000000 0.044130
2966.000000 0.043332
2967.000000 0.046962
2968.000000 0.042658
2969.000000 0.037413
2970.000000 0.037942
2971.000000 0.034874
2972.000000 0.037484
2973.000000 0.036496
2974.000000 0.034150
2975.000000 0.031913
2976.000000 0.029010
2977.000000 0.032245
2978.000000 0.037389
2979.000000 0.040596
2980.000000 0.041157
2981.000000 0.045747
2982.000000 0.046067
2983.000000 0.043254
2984.000000 0.045091
2985.000000 0.047532
2986.000000 0.040364
2987.000000 0.035637
2988.000000 0.036949
2989.000000 0.035836
2990.000000 0.034601
2991.000000 0.036846
2992.000000 0.036144
2993.000000 0.034278
2994.000000 0.031853
2995.000000 0.029449
2996.000000 0.027173
2997.000000 0.030269
2998.000000 0.030307
2999.000000 0.041931
3000.000000 0.045732
3001.000000 0.047769
3002.000000 0.047114
3003.000000 0.042660
3004.000000 0.046575
3005.000000 0.042092
3006.000000 0.041514
3007.000000 0.041799
3008.000000 0.049450
3009.000000 0.048183
3010.000000 0.045020
3011.000000 0.044434
3012.000000 0.042426
3013.000000 0.035598
3014.000000 0.035649
3015.000000 0.033488
3016.000000 0.032204
3017.000000 0.032596
3018.000000 0.032108
3019.000000 0.035812
3020.000000 0.036114
3021.000000 0.035568
3022.000000 0.036385
3023.000000 0.038202
3024.000000 0.039487
3025.000000 0.039722
3026.000000 0.048658
3027.000000 0.046435
3028.000000 0.044172
3029.000000 0.042571
3030.000000 0.043987
3031.000000 0.045943
3032.000000 0.039257
3033.000000 0.043136
3034.000000 0.039450
3035.000000 0.041113
3036.000000 0.036435
3037.000000 0.032544
3038.000000 0.031694
3039.000000 0.038817
3040.000000 0.035663
3041.000000 0.033383
3042.000000 0.037418
3043.000000 0.036931
3044.000000 0.041326
3045.000000 0.035970
3046.000000 0.037123
3047.000000 0.034563
3048.000000 0.038779
3049.000000 0.039110
3050.000000 0.037373
3051.000000 0.038738
3052.000000 0.043288
3053.000000 0.041552
3054.000000 0.037988
3055.000000 0.046167
3056.000000 0.051771
3057.000000 0.048885
3058.000000 0.045518
3059.000000 0.042443
3060.000000 0.040890
3061.000000 0.038334
3062.000000 0.038620
3063.000000 0.039831
3064.000000 0.035945
3065.000000 0.037736
3066.000000 0.035262
3067.000000 0.037790
3068.000000 0.032908
3069.000000 0.031626
3070.000000 0.040284
3071.000000 0.037886
3072.000000 0.044195
3073.000000 0.039358
3074.000000 0.040888
3075.000000 0.040986
3076.000000 0.046256
3077.000000 0.044605
3078.000000 0.048206
3079.000000 0.046869
3080.000000 0.040665
3081.000000 0.040003
3082.000000 0.037637
3083.000000 0.036724
3084.000000 0.034644
3085.000000 0.037706
3086.000000 0.040091
3087.000000 0.039447
3088.000000 0.043550
3089.000000 0.036848
3090.000000 0.034260
3091.000000 0.037380
3092.000000 0.033185
3093.000000 0.041356
3094.000000 0.043126
3095.000000 0.043956
3096.000000 0.037830
3097.000000 0.040755
3098.000000 0.039642
3099.000000 0.035783
3100.000000 0.036609
3101.000000 0.036604
3102.000000 0.036836
3103.000000 0.037531
3104.000000 0.040414
3105.000000 0.039063
3106.000000 0.040415
3107.000000 0.043734
3108.000000 0.042863
3109.000000 0.041789
3110.000000 0.045536
3111.000000 0.047052
3112.000000 0.048447
3113.000000 0.048294
3114.000000 0.046559
3115.000000 0.049937
3116.000000 0.045772
3117.000000 0.041304
3118.000000 0.040430
3119.000000 0.038284
3120.000000 0.037432
3121.000000 0.037698
3122.000000 0.042544
3123.000000 0.040365
3124.000000 0.039731
3125.000000 0.047135
3126.000000 0.040551
3127.000000 0.039113
3128.000000 0.037853
3129.000000 0.032171
3130.000000 0.032200
3131.000000 0.042034
3132.000000 0.048110
3133.000000 0.042605
3134.000000 0.044608
3135.000000 0.043199
3136.000000 0.040535
3137.000000 0.037951
3138.000000 0.036544
3139.000000 0.035416
3140.000000 0.031985
3141.000000 0.032565
3142.000000 0.034922
3143.000000 0.035201
3144.000000 0.033305
3145.000000 0.030632
3146.000000 0.033524
3147.000000 0.042158
3148.000000 0.044015
3149.000000 0.042261
3150.000000 0.041603
3151.000000 0.040878
3152.000000 0.041118
3153.000000 0.034645
3154.000000 0.031282
3155.000000 0.035015
3156.000000 0.039180
3157.000000 0.042708
3158.000000 0.037091
3159.000000 0.040873
3160.000000 0.038808
3161.000000 0.038661
3162.000000 0.035549
3163.000000 0.031132
3164.000000 0.033655
3165.000000 0.040304
3166.000000 0.037847
3167.000000 0.033815
3168.000000 0.031243
3169.000000 0.032824
3170.000000 0.037794
3171.000000 0.046158
3172.000000 0.047153
3173.000000 0.042270
3174.000000 0.040467
3175.000000 0.049400
3176.000000 0.045513
3177.000000 0.042804
3178.000000 0.042590
3179.000000 0.037127
3180.000000 0.036751
3181.000000 0.032519
3182.000000 0.028028
3183.000000 0.028681
3184.000000 0.038174
3185.000000 0.038396
3186.000000 0.037749
3187.000000 0.049002
3188.000000 0.045816
3189.000000 0.041538
3190.000000 0.041418
3191.000000 0.042709
3192.000000 0.041677
3193.000000 0.043539
3194.000000 0.042953
3195.000000 0.038091
3196.000000 0.042208
3197.000000 0.042227
3198.000000 0.039153
3199.000000 0.040441
3200.000000 0.039761
3201.000000 0.039859
3202.000000 0.038429
3203.000000 0.035760
3204.000000 0.043689
3205.000000 0.043405
3206.000000 0.041663
3207.000000 0.040124
3208.000000 0.037933
3209.000000 0.036992
3210.000000 0.038053
3211.000000 0.036352
3212.000000 0.037698
3213.000000 0.041482
3214.000000 0.041928
3215.000000 0.042229
3216.000000 0.044757
3217.000000 0.041656
3218.000000 0.039450
3219.000000 0.043004
3220.000000 0.042996
3221.000000 0.042915
3222.000000 0.042417
3223.000000 0.036019
3224.000000 0.032394
3225.000000 0.035199
3226.000000 0.036035
3227.000000 0.037450
3228.000000 0.036517
3229.000000 0.042605
3230.000000 0.040811
3231.000000 0.035876
3232.000000 0.036349
3233.000000 0.032948
3234.000000 0.029698
3235.000000 0.029315
3236.000000 0.032138
3237.000000 0.034332
3238.000000 0.040071
3239.000000 0.042291
3240.000000 0.041699
3241.000000 0.041734
3242.000000 0.038523
3243.000000 0.039597
3244.000000 0.048837
3245.000000 0.045476
3246.000000 0.039252
3247.000000 0.044108
3248.000000 0.045349
3249.000000 0.040965
3250.000000 0.036471
3251.000000 0.033408
3252.000000 0.036279
3253.000000 0.035967
3254.000000 0.038108
3255.000000 0.037096
3256.000000 0.039376
3257.000000 0.042292
3258.000000 0.036371
3259.000000 0.037999
3260.000000 0.038217
3261.000000 0.036064
3262.000000 0.033374
3263.000000 0.038236
3264.000000 0.036413
3265.000000 0.034109
3266.000000 0.034478
3267.000000 0.044542
3268.000000 0.039527
3269.000000 0.046129
3270.000000 0.042832
3271.000000 0.039493
3272.000000 0.037330
3273.000000 0.035578
3274.000000 0.036147
3275.000000 0.045709
3276.000000 0.043654
3277.000000 0.040687
3278.000000 0.038653
3279.000000 0.035038
3280.000000 0.032323
3281.000000 0.037356
3282.000000 0.035194
3283.000000 0.035216
3284.000000 0.030711
3285.000000 0.034148
3286.000000 0.031659
3287.000000 0.035458
3288.000000 0.032988
3289.000000 0.040839
3290.000000 0.034989
3291.000000 0.032690
3292.000000 0.032060
3293.000000 0.040800
3294.000000 0.042195
3295.000000 0.046027
3296.000000 0.044062
3297.000000 0.046163
3298.000000 0.040815
3299.000000 0.042365
3300.000000 0.045646
3301.000000 0.048567
3302.000000 0.045314
3303.000000 0.044757
3304.000000 0.046934
3305.000000 0.048892
3306.000000 0.043426
3307.000000 0.040610
3308.000000 0.038049
3309.000000 0.035060
3310.000000 0.029102
3311.000000 0.033269
3312.000000 0.038303
3313.000000 0.038544
3314.000000 0.039273
3315.000000 0.036215
3316.000000 0.036814
3317.000000 0.040146
3318.000000 0.038827
3319.000000 0.035945
3320.000000 0.040504
3321.000000 0.038209
3322.000000 0.036788
3323.000000 0.044764
3324.000000 0.049222
3325.000000 0.046533
3326.000000 0.048584
3327.000000 0.050571
3328.000000 0.045701
3329.000000 0.042227
3330.000000 0.038534
3331.000000 0.047425
3332.000000 0.052537
3333.000000 0.047753
3334.000000 0.044341
3335.000000 0.036691
3336.000000 0.034308
3337.000000 0.036298
3338.000000 0.034638
3339.000000 0.036044
3340.000000 0.042203
3341.000000 0.039493
3342.000000 0.038947
3343.000000 0.039124
3344.000000 0.040097
3345.000000 0.039062
3346.000000 0.045007
3347.000000 0.042752
3348.000000 0.042967
3349.000000 0.040024
3350.000000 0.039434
3351.000000 0.042960
3352.000000 0.044184
3353.000000 0.043236
3354.000000 0.036844
3355.000000 0.034732
3356.000000 0.039702
3357.000000 0.036433
3358.000000 0.048254
3359.000000 0.048823
3360.000000 0.047770
3361.000000 0.043204
3362.000000 0.041907
3363.000000 0.042429
3364.000000 0.038188
3365.000000 0.046316
3366.000000 0.041553
3367.000000 0.038475
3368.000000 0.034154
3369.000000 0.036223
3370.000000 0.038143
3371.000000 0.037370
3372.000000 0.035820
3373.000000 0.035025
3374.000000 0.036701
3375.000000 0.036504
3376.000000 0.037888
3377.000000 0.036086
3378.000000 0.043217
3379.000000 0.038261
3380.000000 0.037935
3381.000000 0.037299
3382.000000 0.034406
3383.000000 0.039926
3384.000000 0.040719
3385.000000 0.040924
3386.000000 0.040474
3387.000000 0.039107
3388.000000 0.039635
3389.000000 0.034462
3390.000000 0.033962
3391.000000 0.040234
3392.000000 0.039667
3393.000000 0.037773
3394.000000 0.032841
3395.000000 0.031912
3396.000000 0.039455
3397.000000 0.037655
3398.000000 0.037452
3399.000000 0.038518
3400.000000 0.042928
3401.000000 0.043224
3402.000000 0.042027
3403.000000 0.050149
3404.000000 0.050376
3405.000000 0.049521
3406.000000 0.044652
3407.000000 0.039741
3408.000000 0.045203
3409.000000 0.041049
3410.000000 0.035908
3411.000000 0.029815
3412.000000 0.033282
3413.000000 0.028461
3414.000000 0.032060
3415.000000 0.034088
3416.000000 0.039087
3417.000000 0.042056
3418.000000 0.041271
3419.000000 0.039053
3420.000000 0.042921
3421.000000 0.048090
3422.000000 0.045475
3423.000000 0.040114
3424.000000 0.039534
3425.000000 0.039083
3426.000000 0.037346
3427.000000 0.035169
3428.000000 0.031999
3429.000000 0.032167
3430.000000 0.030136
3431.000000 0.029780
3432.000000 0.036823
3433.000000 0.045206
3434.000000 0.047651
3435.000000 0.048451
3436.000000 0.046716
3437.000000 0.040394
3438.000000 0.044328
3439.000000 0.044006
3440.000000 0.048858
3441.000000 0.044449
3442.000000 0.042495
3443.000000 0.041860
3444.000000 0.046324
3445.000000 0.045347
3446.000000 0.042146
3447.000000 0.041021
3448.000000 0.041658
3449.000000 0.045407
3450.000000 0.042119
3451.000000 0.039978
3452.000000 0.039013
3453.000000 0.040368
3454.000000 0.039938
3455.000000 0.038195
3456.000000 0.042221
3457.000000 0.044176
3458.000000 0.044531
3459.000000 0.045957
3460.000000 0.046673
3461.000000 0.048565
3462.000000 0.042837
3463.000000 0.044381
3464.000000 0.048077
3465.000000 0.043768
3466.000000 0.041039
3467.000000 0.044584
3468.000000 0.039259
3469.000000 0.034103
3470.000000 0.031126
3471.000000 0.028388
3472.000000 0.027880
3473.000000 0.025823
3474.000000 0.025079
3475.000000 0.028290
3476.000000 0.030527
3477.000000 0.033087
3478.000000 0.035395
3479.000000 0.037124
3480.000000 0.037393
3481.000000 0.038632
3482.000000 0.039403
3483.000000 0.037178
3484.000000 0.037755
3485.000000 0.037910
3486.000000 0.037332
3487.000000 0.039713
3488.000000 0.037148
3489.000000 0.040072
3490.000000 0.037694
3491.000000 0.037842
3492.000000 0.041520
3493.000000 0.041001
3494.000000 0.038391
3495.000000 0.040879
3496.000000 0.045902
3497.000000 0.046388
3498.000000 0.043291
3499.000000 0.041916
3500.000000 0.040719
3501.000000 0.040370
3502.000000 0.040044
3503.000000 0.043019
3504.000000 0.042993
3505.000000 0.041154
3506.000000 0.041593
3507.000000 0.036727
3508.000000 0.034979
3509.000000 0.030983
3510.000000 0.032595
3511.000000 0.036125
3512.000000 0.037900
3513.000000 0.036682
3514.000000 0.044654
3515.000000 0.043440
3516.000000 0.042254
3517.000000 0.037884
3518.000000 0.037561
3519.000000 0.034335
3520.000000 0.034940
3521.000000 0.033028
3522.000000 0.029526
3523.000000 0.027414
3524.000000 0.027753
3525.000000 0.031969
3526.000000 0.034463
3527.000000 0.041383
3528.000000 0.043929
3529.000000 0.040417
3530.000000 0.040643
3531.000000 0.038653
3532.000000 0.044798
3533.000000 0.043652
3534.000000 0.045454
3535.000000 0.043481
3536.000000 0.040976
3537.000000 0.043449
3538.000000 0.036169
3539.000000 0.035521
3540.000000 0.036542
3541.000000 0.038313
3542.000000 0.034020
3543.000000 0.031188
3544.000000 0.030533
3545.000000 0.037869
3546.000000 0.036485
3547.000000 0.038001
3548.000000 0.037645
3549.000000 0.035776
3550.000000 0.038917
3551.000000 0.038396
3552.000000 0.036122
3553.000000 0.035981
3554.000000 0.035385
3555.000000 0.035287
3556.000000 0.036505
3557.000000 0.031265
3558.000000 0.029939
3559.000000 0.029697
3560.000000 0.029175
3561.000000 0.030486
3562.000000 0.035714
3563.000000 0.037617
3564.000000 0.037773
3565.000000 0.040621
3566.000000 0.041811
3567.000000 0.039673
3568.000000 0.038998
3569.000000 0.039475
3570.000000 0.040190
3571.000000 0.037634
3572.000000 0.040012
3573.000000 0.038398
3574.000000 0.031862
3575.000000 0.035514
3576.000000 0.034067
3577.000000 0.035060
3578.000000 0.035026
3579.000000 0.038332
3580.000000 0.037909
3581.000000 0.032353
3582.000000 0.032838
3583.000000 0.033533
3584.000000 0.034915
3585.000000 0.040466
3586.000000 0.038169
3587.000000 0.042927
3588.000000 0.048578
3589.000000 0.049621
3590.000000 0.045818
3591.000000 0.041512
3592.000000 0.050617
3593.000000 0.050533
3594.000000 0.046946
3595.000000 0.041731
3596.000000 0.042750
3597.000000 0.041064
3598.000000 0.039456
3599.000000 0.040939
3600.000000 0.045456
3601.000000 0.046173
3602.000000 0.045637
3603.000000 0.045814
3604.000000 0.040461
3605.000000 0.033732
3606.000000 0.032156
3607.000000 0.034691
3608.000000 0.036292
3609.000000 0.035393
3610.000000 0.039374
3611.000000 0.041487
3612.000000 0.051205
3613.000000 0.047074
3614.000000 0.045047
3615.000000 0.038704
3616.000000 0.032636
3617.000000 0.031697
3618.000000 0.026346
3619.000000 0.037014
3620.000000 0.034623
3621.000000 0.036563
3622.000000 0.031202
3623.000000 0.035122
3624.000000 0.037603
3625.000000 0.042840
3626.000000 0.041046
3627.000000 0.041512
3628.000000 0.039061
3629.000000 0.039845
3630.000000 0.052944
3631.000000 0.054120
3632.000000 0.051526
3633.000000 0.051482
3634.000000 0.046619
3635.000000 0.044067
3636.000000 0.038632
3637.000000 0.032046
3638.000000 0.036008
3639.000000 0.038401
3640.000000 0.041354
3641.000000 0.039964
3642.000000 0.041307
3643.000000 0.044788
3644.000000 0.038937
3645.000000 0.036441
3646.000000 0.034337
3647.000000 0.039080
3648.000000 0.035648
3649.000000 0.034812
3650.000000 0.039296
3651.000000 0.039052
3652.000000 0.034119
3653.000000 0.039965
3654.000000 0.041436
3655.000000 0.046013
3656.000000 0.038091
3657.000000 0.034001
3658.000000 0.039944
3659.000000 0.034599
3660.000000 0.033762
3661.000000 0.036561
3662.000000 0.039618
3663.000000 0.043274
3664.000000 0.045144
3665.000000 0.040242
3666.000000 0.041469
3667.000000 0.040242
3668.000000 0.038906
3669.000000 0.034986
3670.000000 0.037013
3671.000000 0.037256
3672.000000 0.042085
3673.000000 0.041446
3674.000000 0.037261
3675.000000 0.036251
3676.000000 0.032901
3677.000000 0.032671
3678.000000 0.030606
3679.000000 0.029199
3680.000000 0.050695
3681.000000 0.044647
3682.000000 0.040559
3683.000000 0.038760
3684.000000 0.033393
3685.000000 0.043585
3686.000000 0.040189
3687.000000 0.036285
3688.000000 0.034749
3689.000000 0.034712
3690.000000 0.036157
3691.000000 0.035798
3692.000000 0.037847
3693.000000 0.040074
3694.000000 0.043944
3695.000000 0.043657
3696.000000 0.044252
3697.000000 0.038415
3698.000000 0.039112
3699.000000 0.043100
3700.000000 0.041272
3701.000000 0.043343
3702.000000 0.040862
3703.000000 0.037419
3704.000000 0.040152
3705.000000 0.048924
3706.000000 0.045933
3707.000000 0.039021
3708.000000 0.035169
3709.000000 0.037307
3710.000000 0.049789
3711.000000 0.047083
3712.000000 0.043868
3713.000000 0.046584
3714.000000 0.046678
3715.000000 0.041151
3716.000000 0.040887
3717.000000 0.040571
3718.000000 0.038244
3719.000000 0.043552
3720.000000 0.039521
3721.000000 0.038407
3722.000000 0.032864
3723.000000 0.037080
3724.000000 0.040312
3725.000000 0.043167
3726.000000 0.039659
3727.000000 0.041769
3728.000000 0.041789
3729.000000 0.040674
3730.000000 0.040701
3731.000000 0.046086
3732.000000 0.049405
3733.000000 0.043997
3734.000000 0.046372
3735.000000 0.043342
3736.000000 0.041119
3737.000000 0.034918
3738.000000 0.039717
3739.000000 0.040722
3740.000000 0.037810
3741.000000 0.038351
3742.000000 0.034733
3743.000000 0.039438
3744.000000 0.038539
3745.000000 0.038689
3746.000000 0.043482
3747.000000 0.041541
3748.000000 0.043744
3749.000000 0.047371
3750.000000 0.050476
3751.000000 0.051849
3752.000000 0.047788
3753.000000 0.044838
3754.000000 0.037562
3755.000000 0.034903
3756.000000 0.038524
3757.000000 0.037933
3758.000000 0.036122
3759.000000 0.036068
3760.000000 0.034844
3761.000000 0.041197
3762.000000 0.034149
3763.000000 0.036415
3764.000000 0.037947
3765.000000 0.035417
3766.000000 0.033057
3767.000000 0.031632
3768.000000 0.026869
3769.000000 0.032907
3770.000000 0.037360
3771.000000 0.036799
3772.000000 0.041471
3773.000000 0.043310
3774.000000 0.042328
3775.000000 0.039533
3776.000000 0.046748
3777.000000 0.045024
3778.000000 0.040984
3779.000000 0.042512
3780.000000 0.035519
3781.000000 0.039650
3782.000000 0.039133
3783.000000 0.039902
3784.000000 0.038884
3785.000000 0.039327
3786.000000 0.037268
3787.000000 0.039180
3788.000000 0.035511
3789.000000 0.034132
3790.000000 0.032020
3791.000000 0.034173
3792.000000 0.044039
3793.000000 0.042702
3794.000000 0.045758
3795.000000 0.046097
3796.000000 0.044126
3797.000000 0.039124
3798.000000 0.035659
3799.000000 0.037280
3800.000000 0.034139
3801.000000 0.044603
3802.000000 0.052947
3803.000000 0.046143
3804.000000 0.048661
3805.000000 0.046730
3806.000000 0.047244
3807.000000 0.044822
3808.000000 0.048705
3809.000000 0.043761
3810.000000 0.047430
3811.000000 0.051873
3812.000000 0.055103
3813.000000 0.048564
3814.000000 0.043220
3815.000000 0.035768
3816.000000 0.031962
3817.000000 0.030935
3818.000000 0.027803
3819.000000 0.032933
3820.000000 0.040054
3821.000000 0.035429
3822.000000 0.033447
3823.000000 0.030617
3824.000000 0.031447
3825.000000 0.034346
3826.000000 0.041767
3827.000000 0.035873
3828.000000 0.040293
3829.000000 0.036408
3830.000000 0.036219
3831.000000 0.038347
3832.000000 0.041621
3833.000000 0.041338
3834.000000 0.037752
3835.000000 0.034368
3836.000000 0.032823
3837.000000 0.044014
3838.000000 0.039283
3839.000000 0.037073
3840.000000 0.034469
3841.000000 0.034542
3842.000000 0.036483
3843.000000 0.034192
3844.000000 0.035492
3845.000000 0.039225
3846.000000 0.039592
3847.000000 0.046533
3848.000000 0.048237
3849.000000 0.050949
3850.000000 0.044742
3851.000000 0.039408
3852.000000 0.034664
3853.000000 0.033117
3854.000000 0.041633
3855.000000 0.044639
3856.000000 0.046614
3857.000000 0.039565
3858.000000 0.034164
3859.000000 0.034513
3860.000000 0.037157
3861.000000 0.034998
3862.000000 0.033371
3863.000000 0.035000
3864.000000 0.032478
3865.000000 0.031147
3866.000000 0.036226
3867.000000 0.034132
3868.000000 0.037472
3869.000000 0.031117
3870.000000 0.035195
3871.000000 0.035506
3872.000000 0.035153
3873.000000 0.046265
3874.000000 0.049674
3875.000000 0.043030
3876.000000 0.040044
3877.000000 0.040032
3878.000000 0.047390
3879.000000 0.052382
3880.000000 0.047755
3881.000000 0.051454
3882.000000 0.046537
3883.000000 0.041853
3884.000000 0.037365
3885.000000 0.033552
3886.000000 0.031427
3887.000000 0.036962
3888.000000 0.033421
3889.000000 0.034777
3890.000000 0.042396
3891.000000 0.039860
3892.000000 0.036626
3893.000000 0.033625
3894.000000 0.037998
3895.000000 0.046409
3896.000000 0.043891
3897.000000 0.043799
3898.000000 0.041872
3899.000000 0.038007
3900.000000 0.038602
3901.000000 0.042861
3902.000000 0.040188
3903.000000 0.042679
3904.000000 0.049148
3905.000000 0.044827
3906.000000 0.043766
3907.000000 0.040018
3908.000000 0.037741
3909.000000 0.048487
3910.000000 0.042475
3911.000000 0.039728
3912.000000 0.043654
3913.000000 0.042724
3914.000000 0.041868
3915.000000 0.042567
3916.000000 0.038243
3917.000000 0.036057
3918.000000 0.030274
3919.000000 0.028974
3920.000000 0.030067
3921.000000 0.027402
3922.000000 0.031241
3923.000000 0.031114
3924.000000 0.038290
3925.000000 0.045166
3926.000000 0.047830
3927.000000 0.049173
3928.000000 0.045758
3929.000000 0.045538
3930.000000 0.045301
3931.000000 0.044703
3932.000000 0.045095
3933.000000 0.043584
3934.000000 0.036896
3935.000000 0.033160
3936.000000 0.037322
3937.000000 0.040725
3938.000000 0.042201
3939.000000 0.041214
3940.000000 0.039499
3941.000000 0.034069
3942.000000 0.038605
3943.000000 0.037048
3944.000000 0.040402
3945.000000 0.042438
3946.000000 0.046004
3947.000000 0.044461
3948.000000 0.047460
3949.000000 0.044428
3950.000000 0.042735
3951.000000 0.040606
3952.000000 0.035249
3953.000000 0.036819
3954.000000 0.031838
3955.000000 0.031307
3956.000000 0.034682
3957.000000 0.038598
3958.000000 0.038468
3959.000000 0.041748
3960.000000 0.042592
3961.000000 0.045015
3962.000000 0.042221
3963.000000 0.047787
3964.000000 0.044331
3965.000000 0.048266
3966.000000 0.049324
3967.000000 0.050755
3968.000000 0.046666
3969.000000 0.043393
3970.000000 0.044112
3971.000000 0.043874
3972.000000 0.046155
3973.000000 0.042527
3974.000000 0.036163
3975.000000 0.035523
3976.000000 0.037587
3977.000000 0.034272
3978.000000 0.036094
3979.000000 0.038203
3980.000000 0.042898
3981.000000 0.050696
3982.000000 0.042751
3983.000000 0.040199
3984.000000 0.046379
3985.000000 0.045452
3986.000000 0.052408
3987.000000 0.050518
3988.000000 0.045530
3989.000000 0.044975
3990.000000 0.044133
3991.000000 0.041840
3992.000000 0.042632
3993.000000 0.040839
3994.000000 0.040452
3995.000000 0.036517
3996.000000 0.037304
3997.000000 0.034981
3998.000000 0.034615
3999.000000 0.034624
4000.000000 0.034014
4001.000000 0.035876
4002.000000 0.039452
4003.000000 0.041587
4004.000000 0.040166
4005.000000 0.037842
4006.000000 0.041536
4007.000000 0.042562
4008.000000 0.036617
4009.000000 0.037001
4010.000000 0.036502
4011.000000 0.036607
4012.000000 0.037670
4013.000000 0.034018
4014.000000 0.033580
4015.000000 0.035316
4016.000000 0.033543
4017.000000 0.036580
4018.000000 0.032111
4019.000000 0.033548
4020.000000 0.030456
4021.000000 0.028751
4022.000000 0.039501
4023.000000 0.043463
4024.000000 0.042866
4025.000000 0.040863
4026.000000 0.036253
4027.000000 0.046296
4028.000000 0.047688
4029.000000 0.044185
4030.000000 0.048798
4031.000000 0.042332
4032.000000 0.036747
4033.000000 0.032628
4034.000000 0.035025
4035.000000 0.031718
4036.000000 0.035839
4037.000000 0.030825
4038.000000 0.034654
4039.000000 0.040079
4040.000000 0.037907
4041.000000 0.033802
4042.000000 0.031844
4043.000000 0.043174
4044.000000 0.045601
4045.000000 0.053693
4046.000000 0.046227
4047.000000 0.040548
4048.000000 0.040815
4049.000000 0.039524
4050.000000 0.041145
4051.000000 0.040234
4052.000000 0.044979
4053.000000 0.046611
4054.000000 0.038981
4055.000000 0.034871
4056.000000 0.032418
4057.000000 0.028397
4058.000000 0.031266
4059.000000 0.028368
4060.000000 0.028645
4061.000000 0.032695
4062.000000 0.034914
4063.000000 0.040976
4064.000000 0.040304
4065.000000 0.037940
4066.000000 0.036130
4067.000000 0.039918
4068.000000 0.036363
4069.000000 0.037656
4070.000000 0.039891
4071.000000 0.045215
4072.000000 0.045742
4073.000000 0.045528
4074.000000 0.045100
4075.000000 0.044176
4076.000000 0.042594
4077.000000 0.041775
4078.000000 0.036948
4079.000000 0.038699
4080.000000 0.039448
4081.000000 0.039050
4082.000000 0.041538
4083.000000 0.039109
4084.000000 0.032413
4085.000000 0.036752
4086.000000 0.035118
4087.000000 0.040633
4088.000000 0.040906
4089.000000 0.039829
4090.000000 0.035637
4091.000000 0.034968
4092.000000 0.037179
4093.000000 0.047100
4094.000000 0.049019
4095.000000 0.049203
4096.000000 0.045978
4097.000000 0.049887
4098.000000 0.045860
4099.000000 0.038986
4100.000000 0.034102
4101.000000 0.036442
4102.000000 0.042272
4103.000000 0.042249
4104.000000 0.045735
4105.000000 0.044544
4106.000000 0.041055
4107.000000 0.035998
4108.000000 0.036136
4109.000000 0.034010
4110.000000 0.034389
4111.000000 0.037817
4112.000000 0.033610
4113.000000 0.032215
4114.000000 0.038271
4115.000000 0.040195
4116.000000 0.039983
4117.000000 0.042493
4118.000000 0.043226
4119.000000 0.047187
4120.000000 0.048250
4121.000000 0.043280
4122.000000 0.040463
4123.000000 0.043313
4124.000000 0.038778
4125.000000 0.036159
4126.000000 0.034104
4127.000000 0.033833
4128.000000 0.030882
4129.000000 0.032433
4130.000000 0.032810
4131.000000 0.035310
4132.000000 0.042092
4133.000000 0.037860
4134.000000 0.035821
4135.000000 0.045925
4136.000000 0.045893
4137.000000 0.043098
4138.000000 0.044921
4139.000000 0.048934
4140.000000 0.053293
4141.000000 0.050774
4142.000000 0.043512
4143.000000 0.043254
4144.000000 0.038843
4145.000000 0.040853
4146.000000 0.043558
4147.000000 0.039681
4148.000000 0.034561
4149.000000 0.033937
4150.000000 0.031855
4151.000000 0.028931
4152.000000 0.035414
4153.000000 0.034671
4154.000000 0.034001
4155.000000 0.031600
4156.000000 0.033200
4157.000000 0.035827
4158.000000 0.041802
4159.000000 0.038623
4160.000000 0.034763
4161.000000 0.035988
4162.000000 0.036287
4163.000000 0.036860
4164.000000 0.033074
4165.000000 0.040325
4166.000000 0.038478
4167.000000 0.040272
4168.000000 0.037847
4169.000000 0.034812
4170.000000 0.037898
4171.000000 0.039377
4172.000000 0.039506
4173.000000 0.037452
4174.000000 0.036628
4175.000000 0.041558
4176.000000 0.041334
4177.000000 0.038867
4178.000000 0.039168
4179.000000 0.040809
4180.000000 0.041902
4181.000000 0.042717
4182.000000 0.038324
4183.000000 0.036123
4184.000000 0.043812
4185.000000 0.048775
4186.000000 0.046877
4187.000000 0.048246
4188.000000 0.047396
4189.000000 0.042436
4190.000000 0.038723
4191.000000 0.034328
4192.000000 0.036923
4193.000000 0.032322
4194.000000 0.033433
4195.000000 0.037072
4196.000000 0.032856
4197.000000 0.040319
4198.000000 0.039619
4199.000000 0.034536
4200.000000 0.033692
4201.000000 0.035020
4202.000000 0.035700
4203.000000 0.043677
4204.000000 0.041812
4205.000000 0.039368
4206.000000 0.041382
4207.000000 0.051100
4208.000000 0.046265
4209.000000 0.040884
4210.000000 0.036076
4211.000000 0.031855
4212.000000 0.035326
4213.000000 0.038587
4214.000000 0.040217
4215.000000 0.039957
4216.000000 0.035388
4217.000000 0.032667
4218.000000 0.031388
4219.000000 0.041180
4220.000000 0.039759
4221.000000 0.043885
4222.000000 0.043824
4223.000000 0.042974
4224.000000 0.037911
4225.000000 0.035909
4226.000000 0.038577
4227.000000 0.044445
4228.000000 0.044377
4229.000000 0.039827
4230.000000 0.039756
4231.000000 0.037097
4232.000000 0.039197
4233.000000 0.044456
4234.000000 0.043053
4235.000000 0.049879
4236.000000 0.047209
4237.000000 0.046565
4238.000000 0.043715
4239.000000 0.041540
4240.000000 0.044272
4241.000000 0.040915
4242.000000 0.036361
4243.000000 0.037063
4244.000000 0.039195
4245.000000 0.043003
4246.000000 0.041583
4247.000000 0.040548
4248.000000 0.037994
4249.000000 0.040074
4250.000000 0.045029
4251.000000 0.041303
4252.000000 0.041311
4253.000000 0.043159
4254.000000 0.044560
4255.000000 0.042736
4256.000000 0.039301
4257.000000 0.038334
4258.000000 0.035461
4259.000000 0.038913
4260.000000 0.036871
4261.000000 0.037100
4262.000000 0.036946
4263.000000 0.036875
4264.000000 0.038490
4265.000000 0.038342
4266.000000 0.044051
4267.000000 0.041569
4268.000000 0.043702
4269.000000 0.047374
4270.000000 0.047162
4271.000000 0.041337
4272.000000 0.037509
4273.000000 0.031140
4274.000000 0.030258
4275.000000 0.032475
4276.000000 0.033167
4277.000000 0.035018
4278.000000 0.041197
4279.000000 0.037219
4280.000000 0.041228
4281.000000 0.039582
4282.000000 0.036019
4283.000000 0.042557
4284.000000 0.041699
4285.000000 0.038671
4286.000000 0.037767
4287.000000 0.038428
4288.000000 0.039573
4289.000000 0.045434
4290.000000 0.045607
4291.000000 0.043676
4292.000000 0.042720
4293.000000 0.044225
4294.000000 0.037195
4295.000000 0.036201
4296.000000 0.036917
4297.000000 0.035341
4298.000000 0.036214
4299.000000 0.037680
4300.000000 0.036699
4301.000000 0.037766
4302.000000 0.034685
4303.000000 0.033823
4304.000000 0.034303
4305.000000 0.035143
4306.000000 0.040328
4307.000000 0.041846
4308.000000 0.041559
4309.000000 0.043038
4310.000000 0.040120
4311.000000 0.033887
4312.000000 0.038043
4313.000000 0.036754
4314.000000 0.036217
4315.000000 0.037730
4316.000000 0.037981
4317.000000 0.034446
4318.000000 0.035351
4319.000000 0.033137
4320.000000 0.036778
4321.000000 0.041072
4322.000000 0.041108
4323.000000 0.048196
4324.000000 0.051274
4325.000000 0.049175
4326.000000 0.052365
4327.000000 0.045154
4328.000000 0.046098
4329.000000 0.042648
4330.000000 0.036433
4331.000000 0.032610
4332.000000 0.029210
4333.000000 0.035517
4334.000000 0.037757
4335.000000 0.039186
4336.000000 0.039142
4337.000000 0.042680
4338.000000 0.045996
4339.000000 0.044572
4340.000000 0.042429
4341.000000 0.042497
4342.000000 0.044888
4343.000000 0.042163
4344.000000 0.040090
4345.000000 0.039868
4346.000000 0.042538
4347.000000 0.056181
4348.000000 0.049530
4349.000000 0.041715
4350.000000 0.039460
4351.000000 0.042022
4352.000000 0.043369
4353.000000 0.045904
4354.000000 0.047855
4355.000000 0.045641
4356.000000 0.043709
4357.000000 0.039182
4358.000000 0.039824
4359.000000 0.036774
4360.000000 0.038464
4361.000000 0.041910
4362.000000 0.039939
4363.000000 0.042345
4364.000000 0.047501
4365.000000 0.040207
4366.000000 0.041884
4367.000000 0.040061
4368.000000 0.036386
4369.000000 0.034673
4370.000000 0.035790
4371.000000 0.041236
4372.000000 0.035867
4373.000000 0.038753
4374.000000 0.036686
4375.000000 0.037884
4376.000000 0.035493
4377.000000 0.033976
4378.000000 0.033348
4379.000000 0.033262
4380.000000 0.037466
4381.000000 0.040596
4382.000000 0.042513
4383.000000 0.045408
4384.000000 0.044403
4385.000000 0.054345
4386.000000 0.050457
4387.000000 0.049988
4388.000000 0.044720
4389.000000 0.045055
4390.000000 0.045927
4391.000000 0.040850
4392.000000 0.035270
4393.000000 0.035766
4394.000000 0.038097
4395.000000 0.037850
4396.000000 0.036015
4397.000000 0.032077
4398.000000 0.035543
4399.000000 0.033740
4400.000000 0.033654
4401.000000 0.032216
4402.000000 0.034223
4403.000000 0.036961
4404.000000 0.037895
4405.000000 0.038564
4406.000000 0.037780
4407.000000 0.037318
4408.000000 0.038930
4409.000000 0.037038
4410.000000 0.046387
4411.000000 0.045549
4412.000000 0.043472
4413.000000 0.039538
4414.000000 0.036513
4415.000000 0.033529
4416.000000 0.039091
4417.000000 0.040749
4418.000000 0.037308
4419.000000 0.039144
4420.000000 0.036223
4421.000000 0.034114
4422.000000 0.029860
4423.000000 0.043877
4424.000000 0.044439
4425.000000 0.040801
4426.000000 0.042969
4427.000000 0.045181
4428.000000 0.040074
4429.000000 0.044703
4430.000000 0.043487
4431.000000 0.039671
4432.000000 0.035555
4433.000000 0.040564
4434.000000 0.036562
4435.000000 0.042526
4436.000000 0.052808
4437.000000 0.047107
4438.000000 0.043615
4439.000000 0.038870
4440.000000 0.036790
4441.000000 0.034074
4442.000000 0.031545
4443.000000 0.037418
4444.000000 0.039277
4445.000000 0.043048
4446.000000 0.038012
4447.000000 0.032471
4448.000000 0.033162
4449.000000 0.034947
4450.000000 0.042148
4451.000000 0.036485
4452.000000 0.040641
4453.000000 0.044628
4454.000000 0.049610
4455.000000 0.050704
4456.000000 0.046189
4457.000000 0.044217
4458.000000 0.040034
4459.000000 0.040587
4460.000000 0.040415
4461.000000 0.039464
4462.000000 0.035272
4463.000000 0.031858
4464.000000 0.030673
4465.000000 0.031197
4466.000000 0.033637
4467.000000 0.034874
4468.000000 0.032280
4469.000000 0.034962
4470.000000 0.033155
4471.000000 0.040717
4472.000000 0.037179
4473.000000 0.041150
4474.000000 0.035953
4475.000000 0.034374
4476.000000 0.036424
4477.000000 0.039453
4478.000000 0.045368
4479.000000 0.044469
4480.000000 0.049440
4481.000000 0.047319
4482.000000 0.043468
4483.000000 0.037733
4484.000000 0.035005
4485.000000 0.034362
4486.000000 0.046006
4487.000000 0.042527
4488.000000 0.042802
4489.000000 0.041513
4490.000000 0.036862
4491.000000 0.033991
4492.000000 0.037004
4493.000000 0.037438
4494.000000 0.041982
4495.000000 0.038111
4496.000000 0.034714
4497.000000 0.034542
4498.000000 0.037246
4499.000000 0.041827
4500.000000 0.039891
4501.000000 0.035866
4502.000000 0.034042
4503.000000 0.029146
4504.000000 0.039253
4505.000000 0.039620
4506.000000 0.043134
4507.000000 0.040976
4508.000000 0.034403
4509.000000 0.033387
4510.000000 0.039185
4511.000000 0.043982
4512.000000 0.040139
4513.000000 0.042612
4514.000000 0.044409
4515.000000 0.051062
4516.000000 0.047346
4517.000000 0.048105
4518.000000 0.048166
4519.000000 0.042574
4520.000000 0.041160
4521.000000 0.046289
4522.000000 0.045447
4523.000000 0.044567
4524.000000 0.045135
4525.000000 0.037721
4526.000000 0.034541
4527.000000 0.039623
4528.000000 0.044812
4529.000000 0.043654
4530.000000 0.043516
4531.000000 0.038844
4532.000000 0.042364
4533.000000 0.037918
4534.000000 0.042631
4535.000000 0.045859
4536.000000 0.046258
4537.000000 0.043415
4538.000000 0.045660
4539.000000 0.044281
4540.000000 0.039501
4541.000000 0.042757
4542.000000 0.039509
4543.000000 0.033736
4544.000000 0.031281
4545.000000 0.031094
4546.000000 0.031565
4547.000000 0.031428
4548.000000 0.032589
4549.000000 0.030080
4550.000000 0.031441
4551.000000 0.032827
4552.000000 0.038451
4553.000000 0.037147
4554.000000 0.038131
4555.000000 0.039140
4556.000000 0.048111
4557.000000 0.042927
4558.000000 0.043877
4559.000000 0.048219
4560.000000 0.042329
4561.000000 0.052144
4562.000000 0.045858
4563.000000 0.047223
4564.000000 0.047668
4565.000000 0.046540
4566.000000 0.041159
4567.000000 0.043364
4568.000000 0.038248
4569.000000 0.035410
4570.000000 0.041563
4571.000000 0.042476
4572.000000 0.036394
4573.000000 0.037045
4574.000000 0.035058
4575.000000 0.036308
4576.000000 0.035869
4577.000000 0.033345
4578.000000 0.035538
4579.000000 0.041024
4580.000000 0.043090
4581.000000 0.044491
4582.000000 0.039342
4583.000000 0.035119
4584.000000 0.035416
4585.000000 0.040191
4586.000000 0.049327
4587.000000 0.043481
4588.000000 0.038583
4589.000000 0.037150
4590.000000 0.035794
4591.000000 0.035206
4592.000000 0.034298
4593.000000 0.042669
4594.000000 0.040288
4595.000000 0.040941
4596.000000 0.047854
4597.000000 0.048541
4598.000000 0.046775
4599.000000 0.042901
4600.000000 0.041276
4601.000000 0.038969
4602.000000 0.033562
4603.000000 0.030811
4604.000000 0.034089
4605.000000 0.037247
4606.000000 0.036172
4607.000000 0.045852
4608.000000 0.044404
4609.000000 0.040918
4610.000000 0.041843
4611.000000 0.043986
4612.000000 0.041176
4613.000000 0.041571
4614.000000 0.043131
4615.000000 0.040516
4616.000000 0.040211
4617.000000 0.039368
4618.000000 0.038040
4619.000000 0.038147
4620.000000 0.042693
4621.000000 0.041750
4622.000000 0.043183
4623.000000 0.039401
4624.000000 0.032707
4625.000000 0.029011
4626.000000 0.032108
4627.000000 0.030904
4628.000000 0.038388
4629.000000 0.039797
4630.000000 0.039168
4631.000000 0.042111
4632.000000 0.037720
4633.000000 0.045916
4634.000000 0.046601
4635.000000 0.042730
4636.000000 0.051570
4637.000000 0.051258
4638.000000 0.051979
4639.000000 0.049355
4640.000000 0.046381
4641.000000 0.044047
4642.000000 0.038757
4643.000000 0.041990
4644.000000 0.041763
4645.000000 0.039421
4646.000000 0.037269
4647.000000 0.038306
4648.000000 0.039839
4649.000000 0.043152
4650.000000 0.037181
4651.000000 0.041696
4652.000000 0.045103
4653.000000 0.051205
4654.000000 0.053807
4655.000000 0.051214
4656.000000 0.043191
4657.000000 0.043444
4658.000000 0.041395
4659.000000 0.038218
4660.000000 0.033713
4661.000000 0.037011
4662.000000 0.038065
4663.000000 0.037046
4664.000000 0.038362
4665.000000 0.034270
4666.000000 0.035795
4667.000000 0.032897
4668.000000 0.038791
4669.000000 0.039823
4670.000000 0.038592
4671.000000 0.040320
4672.000000 0.047752
4673.000000 0.045075
4674.000000 0.046611
4675.000000 0.053687
4676.000000 0.055020
4677.000000 0.055080
4678.000000 0.047288
4679.000000 0.046093
4680.000000 0.041084
4681.000000 0.039174
4682.000000 0.039037
4683.000000 0.037925
4684.000000 0.034334
4685.000000 0.032140
4686.000000 0.035854
4687.000000 0.036006
4688.000000 0.038497
4689.000000 0.041036
4690.000000 0.038828
4691.000000 0.043220
4692.000000 0.042350
4693.000000 0.035100
4694.000000 0.041917
4695.000000 0.042569
4696.000000 0.047037
4697.000000 0.050798
4698.000000 0.050572
4699.000000 0.051813
4700.000000 0.050853
4701.000000 0.045435
4702.000000 0.044334
4703.000000 0.044487
4704.000000 0.039059
4705.000000 0.036511
4706.000000 0.034128
4707.000000 0.039264
4708.000000 0.047659
4709.000000 0.040831
4710.000000 0.038381
4711.000000 0.037550
4712.000000 0.036018
4713.000000 0.042644
4714.000000 0.044736
4715.000000 0.037004
4716.000000 0.033833
4717.000000 0.032604
4718.000000 0.031282
4719.000000 0.038160
4720.000000 0.034208
4721.000000 0.035837
4722.000000 0.035863
4723.000000 0.036014
4724.000000 0.033279
4725.000000 0.028678
4726.000000 0.043429
4727.000000 0.055484
4728.000000 0.054928
4729.000000 0.052343
4730.000000 0.043258
4731.000000 0.041456
4732.000000 0.041131
4733.000000 0.040185
4734.000000 0.036549
4735.000000 0.041973
4736.000000 0.043996
4737.000000 0.045140
4738.000000 0.042507
4739.000000 0.042934
4740.000000 0.040179
4741.000000 0.040177
4742.000000 0.036781
4743.000000 0.036472
4744.000000 0.036049
4745.000000 0.034066
4746.000000 0.030179
4747.000000 0.029681
4748.000000 0.034937
4749.000000 0.041674
4750.000000 0.043656
4751.000000 0.042857
4752.000000 0.040355
4753.000000 0.037395
4754.000000 0.037155
4755.000000 0.039603
4756.000000 0.040847
4757.000000 0.039827
4758.000000 0.041744
4759.000000 0.038235
4760.000000 0.039886
4761.000000 0.042703
4762.000000 0.040043
4763.000000 0.038796
4764.000000 0.034977
4765.000000 0.037446
4766.000000 0.041532
4767.000000 0.034943
4768.000000 0.032828
4769.000000 0.040900
4770.000000 0.037580
4771.000000 0.034666
4772.000000 0.035947
4773.000000 0.039510
4774.000000 0.042428
4775.000000 0.037705
4776.000000 0.034223
4777.000000 0.031493
4778.000000 0.032302
4779.000000 0.036178
4780.000000 0.035327
4781.000000 0.036949
4782.000000 0.040105
4783.000000 0.038128
4784.000000 0.041206
4785.000000 0.042277
4786.000000 0.050071
4787.000000 0.050970
4788.000000 0.043174
4789.000000 0.042536
4790.000000 0.036352
4791.000000 0.034921
4792.000000 0.035651
4793.000000 0.041917
4794.000000 0.037316
4795.000000 0.035145
4796.000000 0.040981
4797.000000 0.038232
4798.000000 0.039658
4799.000000 0.043157
4800.000000 0.042583
4801.000000 0.043558
4802.000000 0.038274
4803.000000 0.036200
4804.000000 0.032551
4805.000000 0.031001
4806.000000 0.029513
4807.000000 0.031510
4808.000000 0.037631
4809.000000 0.041281
4810.000000 0.037833
4811.000000 0.036240
4812.000000 0.039293
4813.000000 0.038090
4814.000000 0.040769
4815.000000 0.041317
4816.000000 0.043598
4817.000000 0.037712
4818.000000 0.043496
4819.000000 0.043065
4820.000000 0.037782
4821.000000 0.040927
4822.000000 0.042645
4823.000000 0.042875
4824.000000 0.040269
4825.000000 0.043593
4826.000000 0.040242
4827.000000 0.049842
4828.000000 0.046163
4829.000000 0.047949
4830.000000 0.048812
4831.000000 0.047826
4832.000000 0.045915
4833.000000 0.041357
4834.000000 0.040731
4835.000000 0.041972
4836.000000 0.036374
4837.000000 0.035740
4838.000000 0.034255
4839.000000 0.030956
4840.000000 0.028661
4841.000000 0.032613
4842.000000 0.034435
4843.000000 0.040033
4844.000000 0.037410
4845.000000 0.037664
4846.000000 0.041735
4847.000000 0.039254
4848.000000 0.041731
4849.000000 0.041946
4850.000000 0.043267
4851.000000 0.048396
4852.000000 0.046813
4853.000000 0.047636
4854.000000 0.044203
4855.000000 0.042710
4856.000000 0.039885
4857.000000 0.037567
4858.000000 0.036287
4859.000000 0.037186
4860.000000 0.041765
4861.000000 0.037712
4862.000000 0.035173
4863.000000 0.034189
4864.000000 0.032046
4865.000000 0.034331
4866.000000 0.038051
4867.000000 0.044811
4868.000000 0.047699
4869.000000 0.047318
4870.000000 0.044513
4871.000000 0.041960
4872.000000 0.038923
4873.000000 0.038468
4874.000000 0.038652
4875.000000 0.035719
4876.000000 0.041417
4877.000000 0.037643
4878.000000 0.041644
4879.000000 0.044485
4880.000000 0.042939
4881.000000 0.039773
4882.000000 0.039424
4883.000000 0.044664
4884.000000 0.040419
4885.000000 0.039969
4886.000000 0.041192
4887.000000 0.049328
4888.000000 0.054946
4889.000000 0.046470
4890.000000 0.040733
4891.000000 0.034219
4892.000000 0.037341
4893.000000 0.032193
4894.000000 0.033775
4895.000000 0.035202
4896.000000 0.037558
4897.000000 0.039451
4898.000000 0.039028
4899.000000 0.037231
4900.000000 0.040495
4901.000000 0.050031
4902.000000 0.044792
4903.000000 0.052659
4904.000000 0.056031
4905.000000 0.052189
4906.000000 0.050061
4907.000000 0.048273
4908.000000 0.045737
4909.000000 0.040650
4910.000000 0.034104
4911.000000 0.032395
4912.000000 0.038543
4913.000000 0.036777
4914.000000 0.041878
4915.000000 0.041152
4916.000000 0.039194
4917.000000 0.039575
4918.000000 0.040783
4919.000000 0.037394
4920.000000 0.036284
4921.000000 0.050174
4922.000000 0.051501
4923.000000 0.048811
4924.000000 0.049020
4925.000000 0.047234
4926.000000 0.048218
4927.000000 0.052669
4928.000000 0.047835
4929.000000 0.040872
4930.000000 0.035759
4931.000000 0.033626
4932.000000 0.033605
4933.000000 0.029507
4934.000000 0.038408
4935.000000 0.038885
4936.000000 0.037941
4937.000000 0.035349
4938.000000 0.035188
4939.000000 0.037698
4940.000000 0.037489
4941.000000 0.036981
4942.000000 0.030676
4943.000000 0.032595
4944.000000 0.032189
4945.000000 0.033590
4946.000000 0.031933
4947.000000 0.034622
4948.000000 0.047965
4949.000000 0.045677
4950.000000 0.040902
4951.000000 0.047565
4952.000000 0.043324
4953.000000 0.038828
4954.000000 0.040318
4955.000000 0.036713
4956.000000 0.039252
4957.000000 0.045524
4958.000000 0.042514
4959.000000 0.041679
4960.000000 0.045984
4961.000000 0.039228
4962.000000 0.037524
4963.000000 0.035933
4964.000000 0.034853
4965.000000 0.034288
4966.000000 0.039462
4967.000000 0.036950
4968.000000 0.039301
4969.000000 0.042846
4970.000000 0.041829
4971.000000 0.044028
4972.000000 0.046735
4973.000000 0.047143
4974.000000 0.044062
4975.000000 0.043379
4976.000000 0.041979
4977.000000 0.036042
4978.000000 0.034383
4979.000000 0.041358
4980.000000 0.042217
4981.000000 0.039397
4982.000000 0.038592
4983.000000 0.036916
4984.000000 0.036459
4985.000000 0.036156
4986.000000 0.036572
4987.000000 0.038307
4988.000000 0.038779
4989.000000 0.045799
4990.000000 0.041622
4991.000000 0.037260
4992.000000 0.034660
4993.000000 0.036289
4994.000000 0.035465
4995.000000 0.036431
4996.000000 0.036790
4997.000000 0.039176
4998.000000 0.038593
4999.000000 0.037330
5000.000000 0.034269
