501.000000 0.040039
502.000000 0.042240
503.000000 0.045892
504.000000 0.045394
505.000000 0.043493
506.000000 0.044144
507.000000 0.046196
508.000000 0.041959
509.000000 0.043901
510.000000 0.046214
511.000000 0.059366
512.000000 0.054990
513.000000 0.050770
514.000000 0.050163
515.000000 0.045623
516.000000 0.045365
517.000000 0.043656
518.000000 0.040295
519.000000 0.043532
520.000000 0.042222
521.000000 0.037984
522.000000 0.044429
523.000000 0.044322
524.000000 0.045016
525.000000 0.043192
526.000000 0.047344
527.000000 0.045485
528.000000 0.045849
529.000000 0.051070
530.000000 0.048508
531.000000 0.046487
532.000000 0.038522
533.000000 0.044686
534.000000 0.040691
535.000000 0.033740
536.000000 0.035728
537.000000 0.047237
538.000000 0.045796
539.000000 0.042526
540.000000 0.041616
541.000000 0.042101
542.000000 0.041777
543.000000 0.037392
544.000000 0.034488
545.000000 0.038165
546.000000 0.039345
547.000000 0.054071
548.000000 0.056529
549.000000 0.046739
550.000000 0.043199
551.000000 0.048957
552.000000 0.044363
553.000000 0.054137
554.000000 0.050313
555.000000 0.044517
556.000000 0.047545
557.000000 0.049788
558.000000 0.049238
559.000000 0.043673
560.000000 0.046490
561.000000 0.051601
562.000000 0.047576
563.000000 0.047102
564.000000 0.042807
565.000000 0.050653
566.000000 0.045635
567.000000 0.053970
568.000000 0.051223
569.000000 0.050056
570.000000 0.047343
571.000000 0.047544
572.000000 0.045355
573.000000 0.045869
574.000000 0.042598
575.000000 0.043063
576.000000 0.044871
577.000000 0.039823
578.000000 0.034762
579.000000 0.034931
580.000000 0.039942
581.000000 0.039694
582.000000 0.039075
583.000000 0.035443
584.000000 0.040893
585.000000 0.036144
586.000000 0.044340
587.000000 0.044069
588.000000 0.042545
589.000000 0.037377
590.000000 0.039495
591.000000 0.040043
592.000000 0.038019
593.000000 0.039300
594.000000 0.035704
595.000000 0.034786
596.000000 0.052121
597.000000 0.051107
598.000000 0.052440
599.000000 0.045062
600.000000 0.044213
601.000000 0.038710
602.000000 0.037990
603.000000 0.038493
604.000000 0.044480
605.000000 0.040606
606.000000 0.045486
607.000000 0.044004
608.000000 0.048083
609.000000 0.043634
610.000000 0.037604
611.000000 0.039662
612.000000 0.037683
613.000000 0.043954
614.000000 0.044079
615.000000 0.039849
616.000000 0.039897
617.000000 0.042033
618.000000 0.036775
619.000000 0.043317
620.000000 0.043983
621.000000 0.046798
622.000000 0.044912
623.000000 0.042310
624.000000 0.047068
625.000000 0.046453
626.000000 0.043763
627.000000 0.042689
628.000000 0.042204
629.000000 0.036796
630.000000 0.038719
631.000000 0.036966
632.000000 0.044494
633.000000 0.050479
634.000000 0.045828
635.000000 0.045700
636.000000 0.046049
637.000000 0.052957
638.000000 0.047491
639.000000 0.049077
640.000000 0.048469
641.000000 0.043942
642.000000 0.042879
643.000000 0.039640
644.000000 0.038365
645.000000 0.039411
646.000000 0.037794
647.000000 0.032693
648.000000 0.035959
649.000000 0.034837
650.000000 0.038161
651.000000 0.041605
652.000000 0.045516
653.000000 0.045213
654.000000 0.049284
655.000000 0.057447
656.000000 0.064912
657.000000 0.057947
658.000000 0.060444
659.000000 0.054097
660.000000 0.052901
661.000000 0.049052
662.000000 0.042879
663.000000 0.040215
664.000000 0.034208
665.000000 0.034476
666.000000 0.034942
667.000000 0.036557
668.000000 0.034014
669.000000 0.032734
670.000000 0.037256
671.000000 0.036905
672.000000 0.043723
673.000000 0.046707
674.000000 0.049463
675.000000 0.058037
676.000000 0.053505
677.000000 0.052257
678.000000 0.053949
679.000000 0.049994
680.000000 0.050851
681.000000 0.048895
682.000000 0.046924
683.000000 0.046249
684.000000 0.042966
685.000000 0.042378
686.000000 0.040614
687.000000 0.044280
688.000000 0.045074
689.000000 0.039084
690.000000 0.039244
691.000000 0.043923
692.000000 0.041886
693.000000 0.042599
694.000000 0.039624
695.000000 0.043526
696.000000 0.041909
697.000000 0.046113
698.000000 0.047157
699.000000 0.042221
700.000000 0.040926
701.000000 0.048546
702.000000 0.042200
703.000000 0.043288
704.000000 0.039475
705.000000 0.041609
706.000000 0.038201
707.000000 0.041314
708.000000 0.043493
709.000000 0.045173
710.000000 0.038523
711.000000 0.042879
712.000000 0.041164
713.000000 0.038342
714.000000 0.049467
715.000000 0.043088
716.000000 0.041590
717.000000 0.040894
718.000000 0.048188
719.000000 0.049181
720.000000 0.048369
721.000000 0.047833
722.000000 0.045688
723.000000 0.048787
724.000000 0.048698
725.000000 0.048221
726.000000 0.046268
727.000000 0.045339
728.000000 0.039166
729.000000 0.035082
730.000000 0.029112
731.000000 0.038981
732.000000 0.037089
733.000000 0.051157
734.000000 0.044510
735.000000 0.044756
736.000000 0.038917
737.000000 0.044715
738.000000 0.039827
739.000000 0.039208
740.000000 0.043528
741.000000 0.051040
742.000000 0.050211
743.000000 0.053606
744.000000 0.048419
745.000000 0.053359
746.000000 0.049326
747.000000 0.046186
748.000000 0.041237
749.000000 0.040192
750.000000 0.034387
751.000000 0.032309
752.000000 0.034245
753.000000 0.033739
754.000000 0.039961
755.000000 0.049944
756.000000 0.049021
757.000000 0.049373
758.000000 0.046723
759.000000 0.039141
760.000000 0.044263
761.000000 0.047652
762.000000 0.048965
763.000000 0.052459
764.000000 0.048613
765.000000 0.059064
766.000000 0.056012
767.000000 0.052302
768.000000 0.045389
769.000000 0.038588
770.000000 0.036936
771.000000 0.037794
772.000000 0.041270
773.000000 0.044224
774.000000 0.045000
775.000000 0.043251
776.000000 0.047736
777.000000 0.043185
778.000000 0.041330
779.000000 0.045398
780.000000 0.044173
781.000000 0.045921
782.000000 0.046521
783.000000 0.043160
784.000000 0.039945
785.000000 0.040163
786.000000 0.043539
787.000000 0.042255
788.000000 0.043062
789.000000 0.042714
790.000000 0.045682
791.000000 0.052063
792.000000 0.049013
793.000000 0.050041
794.000000 0.050568
795.000000 0.048767
796.000000 0.050143
797.000000 0.048425
798.000000 0.044866
799.000000 0.043832
800.000000 0.037679
801.000000 0.040025
802.000000 0.041824
803.000000 0.039442
804.000000 0.038011
805.000000 0.034845
806.000000 0.037741
807.000000 0.036398
808.000000 0.037259
809.000000 0.041134
810.000000 0.039904
811.000000 0.035946
812.000000 0.043458
813.000000 0.043310
814.000000 0.051391
815.000000 0.053361
816.000000 0.048657
817.000000 0.047353
818.000000 0.052389
819.000000 0.045966
820.000000 0.045843
821.000000 0.040930
822.000000 0.036470
823.000000 0.050834
824.000000 0.053001
825.000000 0.051105
826.000000 0.052856
827.000000 0.050405
828.000000 0.051288
829.000000 0.046510
830.000000 0.047270
831.000000 0.043827
832.000000 0.046901
833.000000 0.045414
834.000000 0.050894
835.000000 0.051291
836.000000 0.050937
837.000000 0.046673
838.000000 0.042295
839.000000 0.039123
840.000000 0.032492
841.000000 0.034511
842.000000 0.036783
843.000000 0.037785
844.000000 0.037637
845.000000 0.035424
846.000000 0.040144
847.000000 0.035968
848.000000 0.039113
849.000000 0.034645
850.000000 0.051913
851.000000 0.044152
852.000000 0.052969
853.000000 0.051068
854.000000 0.054223
855.000000 0.048272
856.000000 0.044183
857.000000 0.044676
858.000000 0.046335
859.000000 0.038797
860.000000 0.042582
861.000000 0.048767
862.000000 0.048943
863.000000 0.042950
864.000000 0.040053
865.000000 0.039768
866.000000 0.032935
867.000000 0.033715
868.000000 0.033140
869.000000 0.033595
870.000000 0.041580
871.000000 0.043778
872.000000 0.043678
873.000000 0.045715
874.000000 0.042971
875.000000 0.040372
876.000000 0.046229
877.000000 0.038755
878.000000 0.032701
879.000000 0.031202
880.000000 0.035295
881.000000 0.044527
882.000000 0.044830
883.000000 0.049202
884.000000 0.054202
885.000000 0.049296
886.000000 0.044969
887.000000 0.044362
888.000000 0.043390
889.000000 0.042790
890.000000 0.041511
891.000000 0.043691
892.000000 0.042611
893.000000 0.049420
894.000000 0.049787
895.000000 0.048846
896.000000 0.050735
897.000000 0.047077
898.000000 0.040928
899.000000 0.044998
900.000000 0.044688
901.000000 0.048058
902.000000 0.044783
903.000000 0.046672
904.000000 0.046722
905.000000 0.052908
906.000000 0.046755
907.000000 0.049490
908.000000 0.053127
909.000000 0.057267
910.000000 0.048622
911.000000 0.047582
912.000000 0.042801
913.000000 0.046243
914.000000 0.038318
915.000000 0.041064
916.000000 0.040322
917.000000 0.042945
918.000000 0.054416
919.000000 0.047367
920.000000 0.046261
921.000000 0.047959
922.000000 0.045511
923.000000 0.046478
924.000000 0.043209
925.000000 0.040895
926.000000 0.041751
927.000000 0.040185
928.000000 0.038238
929.000000 0.039400
930.000000 0.038646
931.000000 0.037500
932.000000 0.039287
933.000000 0.045768
934.000000 0.048574
935.000000 0.042606
936.000000 0.036623
937.000000 0.034790
938.000000 0.040080
939.000000 0.042039
940.000000 0.047174
941.000000 0.048559
942.000000 0.045040
943.000000 0.043992
944.000000 0.043310
945.000000 0.041211
946.000000 0.046846
947.000000 0.048887
948.000000 0.045550
949.000000 0.047157
950.000000 0.049740
951.000000 0.046161
952.000000 0.046549
953.000000 0.040128
954.000000 0.043518
955.000000 0.042882
956.000000 0.041005
957.000000 0.045899
958.000000 0.043580
959.000000 0.038867
960.000000 0.041541
961.000000 0.044773
962.000000 0.044861
963.000000 0.048818
964.000000 0.055576
965.000000 0.054454
966.000000 0.046647
967.000000 0.051118
968.000000 0.052962
969.000000 0.051643
970.000000 0.054021
971.000000 0.053982
972.000000 0.045594
973.000000 0.042501
974.000000 0.039262
975.000000 0.032581
976.000000 0.030416
977.000000 0.030468
978.000000 0.031971
979.000000 0.043288
980.000000 0.045259
981.000000 0.052942
982.000000 0.060372
983.000000 0.058084
984.000000 0.057165
985.000000 0.051489
986.000000 0.052328
987.000000 0.049881
988.000000 0.043990
989.000000 0.044208
990.000000 0.037522
991.000000 0.034487
992.000000 0.036641
993.000000 0.040120
994.000000 0.039285
995.000000 0.039509
996.000000 0.035876
997.000000 0.048221
998.000000 0.051720
999.000000 0.045746
1000.000000 0.039016
1001.000000 0.041178
1002.000000 0.041795
1003.000000 0.046015
1004.000000 0.045349
1005.000000 0.040473
1006.000000 0.043541
1007.000000 0.044203
1008.000000 0.046453
1009.000000 0.046317
1010.000000 0.045375
1011.000000 0.051476
1012.000000 0.044548
1013.000000 0.044464
1014.000000 0.042752
1015.000000 0.043431
1016.000000 0.046185
1017.000000 0.050333
1018.000000 0.050880
1019.000000 0.045893
1020.000000 0.046103
1021.000000 0.038166
1022.000000 0.038409
1023.000000 0.034674
1024.000000 0.037550
1025.000000 0.040477
1026.000000 0.044345
1027.000000 0.040619
1028.000000 0.045296
1029.000000 0.046995
1030.000000 0.046032
1031.000000 0.048720
1032.000000 0.045937
1033.000000 0.048134
1034.000000 0.048743
1035.000000 0.050610
1036.000000 0.049837
1037.000000 0.052011
1038.000000 0.049251
1039.000000 0.053531
1040.000000 0.049603
1041.000000 0.046720
1042.000000 0.047190
1043.000000 0.045283
1044.000000 0.041836
1045.000000 0.037532
1046.000000 0.037399
1047.000000 0.035955
1048.000000 0.038914
1049.000000 0.039864
1050.000000 0.034968
1051.000000 0.037446
1052.000000 0.040331
1053.000000 0.038527
1054.000000 0.043045
1055.000000 0.045028
1056.000000 0.046160
1057.000000 0.049060
1058.000000 0.045963
1059.000000 0.053692
1060.000000 0.058088
1061.000000 0.047943
1062.000000 0.041455
1063.000000 0.036553
1064.000000 0.034252
1065.000000 0.033816
1066.000000 0.037325
1067.000000 0.038157
1068.000000 0.046799
1069.000000 0.045165
1070.000000 0.042237
1071.000000 0.036825
1072.000000 0.032272
1073.000000 0.030001
1074.000000 0.039277
1075.000000 0.041306
1076.000000 0.043601
1077.000000 0.049238
1078.000000 0.048884
1079.000000 0.059241
1080.000000 0.060219
1081.000000 0.056390
1082.000000 0.050249
1083.000000 0.052777
1084.000000 0.051948
1085.000000 0.045103
1086.000000 0.041410
1087.000000 0.045924
1088.000000 0.044016
1089.000000 0.044532
1090.000000 0.050059
1091.000000 0.043928
1092.000000 0.045521
1093.000000 0.040640
1094.000000 0.039969
1095.000000 0.038345
1096.000000 0.042153
1097.000000 0.047329
1098.000000 0.045574
1099.000000 0.045364
1100.000000 0.045051
1101.000000 0.048496
1102.000000 0.047703
1103.000000 0.043737
1104.000000 0.039003
1105.000000 0.034249
1106.000000 0.038591
1107.000000 0.036862
1108.000000 0.041789
1109.000000 0.039685
1110.000000 0.039959
1111.000000 0.037453
1112.000000 0.040110
1113.000000 0.048301
1114.000000 0.047623
1115.000000 0.042634
1116.000000 0.043417
1117.000000 0.038388
1118.000000 0.035507
1119.000000 0.039332
1120.000000 0.038696
1121.000000 0.049486
1122.000000 0.048151
1123.000000 0.043591
1124.000000 0.050091
1125.000000 0.046068
1126.000000 0.045913
1127.000000 0.052175
1128.000000 0.050157
1129.000000 0.050556
1130.000000 0.047447
1131.000000 0.048357
1132.000000 0.043887
1133.000000 0.043571
1134.000000 0.045537
1135.000000 0.043323
1136.000000 0.042460
1137.000000 0.044693
1138.000000 0.041346
1139.000000 0.039787
1140.000000 0.042179
1141.000000 0.046835
1142.000000 0.049380
1143.000000 0.048516
1144.000000 0.040133
1145.000000 0.047787
1146.000000 0.048553
1147.000000 0.046951
1148.000000 0.051344
1149.000000 0.047614
1150.000000 0.047734
1151.000000 0.043362
1152.000000 0.041318
1153.000000 0.041859
1154.000000 0.044567
1155.000000 0.040843
1156.000000 0.036082
1157.000000 0.034156
1158.000000 0.034414
1159.000000 0.032477
1160.000000 0.028281
1161.000000 0.030310
1162.000000 0.035797
1163.000000 0.035750
1164.000000 0.040568
1165.000000 0.048447
1166.000000 0.053765
1167.000000 0.055291
1168.000000 0.050262
1169.000000 0.045820
1170.000000 0.039435
1171.000000 0.047671
1172.000000 0.043859
1173.000000 0.044482
1174.000000 0.044215
1175.000000 0.041131
1176.000000 0.038372
1177.000000 0.032308
1178.000000 0.040301
1179.000000 0.045531
1180.000000 0.044331
1181.000000 0.042056
1182.000000 0.042179
1183.000000 0.042969
1184.000000 0.048209
1185.000000 0.050890
1186.000000 0.057937
1187.000000 0.057878
1188.000000 0.063365
1189.000000 0.069711
1190.000000 0.059225
1191.000000 0.053444
1192.000000 0.047603
1193.000000 0.050281
1194.000000 0.047072
1195.000000 0.041343
1196.000000 0.039763
1197.000000 0.048137
1198.000000 0.045362
1199.000000 0.040137
1200.000000 0.037224
1201.000000 0.044521
1202.000000 0.041347
1203.000000 0.041753
1204.000000 0.047067
1205.000000 0.046204
1206.000000 0.047554
1207.000000 0.047406
1208.000000 0.054381
1209.000000 0.047400
1210.000000 0.043955
1211.000000 0.040838
1212.000000 0.040196
1213.000000 0.038308
1214.000000 0.045258
1215.000000 0.044172
1216.000000 0.039795
1217.000000 0.036322
1218.000000 0.038048
1219.000000 0.043043
1220.000000 0.046360
1221.000000 0.039528
1222.000000 0.036881
1223.000000 0.034319
1224.000000 0.034902
1225.000000 0.033662
1226.000000 0.051593
1227.000000 0.048346
1228.000000 0.052997
1229.000000 0.043824
1230.000000 0.042479
1231.000000 0.044797
1232.000000 0.051966
1233.000000 0.050174
1234.000000 0.051471
1235.000000 0.047247
1236.000000 0.045731
1237.000000 0.045641
1238.000000 0.051566
1239.000000 0.049159
1240.000000 0.048666
1241.000000 0.047331
1242.000000 0.046925
1243.000000 0.044466
1244.000000 0.042104
1245.000000 0.043464
1246.000000 0.048009
1247.000000 0.044791
1248.000000 0.042209
1249.000000 0.042782
1250.000000 0.040673
1251.000000 0.041997
1252.000000 0.037565
1253.000000 0.043495
1254.000000 0.046007
1255.000000 0.043838
1256.000000 0.037021
1257.000000 0.038660
1258.000000 0.042480
1259.000000 0.041100
1260.000000 0.040391
1261.000000 0.041864
1262.000000 0.040767
1263.000000 0.039546
1264.000000 0.048454
1265.000000 0.046751
1266.000000 0.051447
1267.000000 0.046435
1268.000000 0.047973
1269.000000 0.053724
1270.000000 0.055318
1271.000000 0.052501
1272.000000 0.050266
1273.000000 0.046073
1274.000000 0.044848
1275.000000 0.044266
1276.000000 0.041652
1277.000000 0.039842
1278.000000 0.036045
1279.000000 0.041628
1280.000000 0.043356
1281.000000 0.039506
1282.000000 0.042272
1283.000000 0.043791
1284.000000 0.046417
1285.000000 0.047108
1286.000000 0.040658
1287.000000 0.042206
1288.000000 0.044629
1289.000000 0.050240
1290.000000 0.044710
1291.000000 0.049140
1292.000000 0.042659
1293.000000 0.041195
1294.000000 0.036440
1295.000000 0.033045
1296.000000 0.038523
1297.000000 0.037230
1298.000000 0.039149
1299.000000 0.040632
1300.000000 0.044332
1301.000000 0.047234
1302.000000 0.048999
1303.000000 0.047399
1304.000000 0.049315
1305.000000 0.043090
1306.000000 0.052308
1307.000000 0.048048
1308.000000 0.049077
1309.000000 0.043706
1310.000000 0.038732
1311.000000 0.036977
1312.000000 0.032761
1313.000000 0.031827
1314.000000 0.031165
1315.000000 0.035537
1316.000000 0.039739
1317.000000 0.037689
1318.000000 0.034182
1319.000000 0.037580
1320.000000 0.047514
1321.000000 0.061788
1322.000000 0.052722
1323.000000 0.053031
1324.000000 0.043840
1325.000000 0.048158
1326.000000 0.046917
1327.000000 0.047966
1328.000000 0.047009
1329.000000 0.042564
1330.000000 0.045679
1331.000000 0.044897
1332.000000 0.045684
1333.000000 0.049355
1334.000000 0.045957
1335.000000 0.043681
1336.000000 0.041669
1337.000000 0.038322
1338.000000 0.040596
1339.000000 0.053063
1340.000000 0.059083
1341.000000 0.054130
1342.000000 0.056308
1343.000000 0.046873
1344.000000 0.047638
1345.000000 0.044001
1346.000000 0.042384
1347.000000 0.040066
1348.000000 0.043176
1349.000000 0.042905
1350.000000 0.039634
1351.000000 0.041126
1352.000000 0.050217
1353.000000 0.045046
1354.000000 0.040593
1355.000000 0.040523
1356.000000 0.042857
1357.000000 0.040759
1358.000000 0.041670
1359.000000 0.039353
1360.000000 0.043195
1361.000000 0.041417
1362.000000 0.047053
1363.000000 0.041835
1364.000000 0.041302
1365.000000 0.036701
1366.000000 0.040162
1367.000000 0.042989
1368.000000 0.043348
1369.000000 0.042573
1370.000000 0.042277
1371.000000 0.041064
1372.000000 0.042857
1373.000000 0.039530
1374.000000 0.043973
1375.000000 0.046867
1376.000000 0.043853
1377.000000 0.047584
1378.000000 0.047518
1379.000000 0.043906
1380.000000 0.045482
1381.000000 0.048732
1382.000000 0.048359
1383.000000 0.043249
1384.000000 0.038258
1385.000000 0.040175
1386.000000 0.050343
1387.000000 0.050215
1388.000000 0.044205
1389.000000 0.038783
1390.000000 0.041666
1391.000000 0.044094
1392.000000 0.041005
1393.000000 0.038245
1394.000000 0.040500
1395.000000 0.040137
1396.000000 0.037473
1397.000000 0.038541
1398.000000 0.041406
1399.000000 0.040303
1400.000000 0.039160
1401.000000 0.045721
1402.000000 0.044928
1403.000000 0.053708
1404.000000 0.053249
1405.000000 0.052693
1406.000000 0.058325
1407.000000 0.055409
1408.000000 0.054849
1409.000000 0.048622
1410.000000 0.045943
1411.000000 0.044765
1412.000000 0.042651
1413.000000 0.045063
1414.000000 0.042721
1415.000000 0.042674
1416.000000 0.037927
1417.000000 0.032088
1418.000000 0.033499
1419.000000 0.036151
1420.000000 0.038342
1421.000000 0.040302
1422.000000 0.043162
1423.000000 0.055908
1424.000000 0.054059
1425.000000 0.051535
1426.000000 0.058869
1427.000000 0.054300
1428.000000 0.054117
1429.000000 0.051732
1430.000000 0.049839
1431.000000 0.044782
1432.000000 0.041031
1433.000000 0.039948
1434.000000 0.040719
1435.000000 0.036318
1436.000000 0.039334
1437.000000 0.040008
1438.000000 0.038367
1439.000000 0.039260
1440.000000 0.038278
1441.000000 0.041642
1442.000000 0.039788
1443.000000 0.041214
1444.000000 0.041022
1445.000000 0.045607
1446.000000 0.051664
1447.000000 0.049913
1448.000000 0.042245
1449.000000 0.052408
1450.000000 0.057645
1451.000000 0.049706
1452.000000 0.043568
1453.000000 0.042183
1454.000000 0.036771
1455.000000 0.032058
1456.000000 0.034924
1457.000000 0.034910
1458.000000 0.035097
1459.000000 0.030199
1460.000000 0.028792
1461.000000 0.038545
1462.000000 0.039072
1463.000000 0.047597
1464.000000 0.050863
1465.000000 0.054595
1466.000000 0.051131
1467.000000 0.053040
1468.000000 0.048847
1469.000000 0.054768
1470.000000 0.048085
1471.000000 0.048795
1472.000000 0.043911
1473.000000 0.050280
1474.000000 0.048687
1475.000000 0.050584
1476.000000 0.051716
1477.000000 0.044817
1478.000000 0.042257
1479.000000 0.041766
1480.000000 0.041452
1481.000000 0.035011
1482.000000 0.038480
1483.000000 0.038907
1484.000000 0.040590
1485.000000 0.033702
1486.000000 0.040791
1487.000000 0.050341
1488.000000 0.056025
1489.000000 0.053255
1490.000000 0.047247
1491.000000 0.052309
1492.000000 0.047107
1493.000000 0.050175
1494.000000 0.047783
1495.000000 0.044192
1496.000000 0.043517
1497.000000 0.042052
1498.000000 0.037919
1499.000000 0.038126
1500.000000 0.034127
1501.000000 0.034800
1502.000000 0.033588
1503.000000 0.028686
1504.000000 0.027238
1505.000000 0.038553
1506.000000 0.038843
1507.000000 0.041140
1508.000000 0.038300
1509.000000 0.040361
1510.000000 0.046869
1511.000000 0.041212
1512.000000 0.035392
1513.000000 0.038827
1514.000000 0.047876
1515.000000 0.059383
1516.000000 0.058573
1517.000000 0.062555
1518.000000 0.059176
1519.000000 0.061677
1520.000000 0.067805
1521.000000 0.061827
1522.000000 0.052639
1523.000000 0.054046
1524.000000 0.052732
1525.000000 0.048846
1526.000000 0.045977
1527.000000 0.045361
1528.000000 0.041359
1529.000000 0.037298
1530.000000 0.035610
1531.000000 0.036847
1532.000000 0.037160
1533.000000 0.034523
1534.000000 0.033121
1535.000000 0.037222
1536.000000 0.033818
1537.000000 0.032514
1538.000000 0.030914
1539.000000 0.035117
1540.000000 0.044810
1541.000000 0.043758
1542.000000 0.046885
1543.000000 0.044065
1544.000000 0.044044
1545.000000 0.049449
1546.000000 0.049010
1547.000000 0.041638
1548.000000 0.039435
1549.000000 0.038387
1550.000000 0.031875
1551.000000 0.034384
1552.000000 0.035560
1553.000000 0.038548
1554.000000 0.036990
1555.000000 0.035627
1556.000000 0.036954
1557.000000 0.039135
1558.000000 0.045378
1559.000000 0.050759
1560.000000 0.047001
1561.000000 0.042516
1562.000000 0.049541
1563.000000 0.053124
1564.000000 0.047620
1565.000000 0.050370
1566.000000 0.050038
1567.000000 0.055321
1568.000000 0.048134
1569.000000 0.042549
1570.000000 0.039269
1571.000000 0.036639
1572.000000 0.037873
1573.000000 0.034750
1574.000000 0.040409
1575.000000 0.045249
1576.000000 0.049205
1577.000000 0.054769
1578.000000 0.048591
1579.000000 0.043861
1580.000000 0.043967
1581.000000 0.046871
1582.000000 0.045776
1583.000000 0.040755
1584.000000 0.041961
1585.000000 0.043177
1586.000000 0.042933
1587.000000 0.045324
1588.000000 0.045742
1589.000000 0.043346
1590.000000 0.044253
1591.000000 0.040208
1592.000000 0.043134
1593.000000 0.043122
1594.000000 0.040407
1595.000000 0.037316
1596.000000 0.037418
1597.000000 0.036075
1598.000000 0.044979
1599.000000 0.041476
1600.000000 0.042107
1601.000000 0.038945
1602.000000 0.042480
1603.000000 0.045910
1604.000000 0.053656
1605.000000 0.049248
1606.000000 0.045790
1607.000000 0.050140
1608.000000 0.048155
1609.000000 0.045570
1610.000000 0.044287
1611.000000 0.046008
1612.000000 0.047523
1613.000000 0.049984
1614.000000 0.044487
1615.000000 0.040662
1616.000000 0.048277
1617.000000 0.042812
1618.000000 0.046149
1619.000000 0.043514
1620.000000 0.042974
1621.000000 0.039618
1622.000000 0.040079
1623.000000 0.041209
1624.000000 0.040312
1625.000000 0.043545
1626.000000 0.043296
1627.000000 0.042911
1628.000000 0.047043
1629.000000 0.056773
1630.000000 0.067511
1631.000000 0.061243
1632.000000 0.052009
1633.000000 0.060364
1634.000000 0.056605
1635.000000 0.055733
1636.000000 0.056055
1637.000000 0.055620
1638.000000 0.046592
1639.000000 0.041862
1640.000000 0.041111
1641.000000 0.037263
1642.000000 0.038416
1643.000000 0.039312
1644.000000 0.035400
1645.000000 0.036611
1646.000000 0.032192
1647.000000 0.028090
1648.000000 0.027401
1649.000000 0.034056
1650.000000 0.036487
1651.000000 0.043063
1652.000000 0.043210
1653.000000 0.048006
1654.000000 0.054007
1655.000000 0.053108
1656.000000 0.054710
1657.000000 0.054400
1658.000000 0.047653
1659.000000 0.053907
1660.000000 0.052162
1661.000000 0.050405
1662.000000 0.046733
1663.000000 0.041516
1664.000000 0.043147
1665.000000 0.045316
1666.000000 0.044384
1667.000000 0.045469
1668.000000 0.041390
1669.000000 0.042034
1670.000000 0.042894
1671.000000 0.048006
1672.000000 0.050911
1673.000000 0.048687
1674.000000 0.046210
1675.000000 0.045537
1676.000000 0.039290
1677.000000 0.044764
1678.000000 0.045507
1679.000000 0.042271
1680.000000 0.049146
1681.000000 0.043516
1682.000000 0.042913
1683.000000 0.040216
1684.000000 0.040055
1685.000000 0.037516
1686.000000 0.038470
1687.000000 0.042392
1688.000000 0.043964
1689.000000 0.046929
1690.000000 0.045672
1691.000000 0.047558
1692.000000 0.052600
1693.000000 0.057807
1694.000000 0.054523
1695.000000 0.056360
1696.000000 0.056168
1697.000000 0.049995
1698.000000 0.050718
1699.000000 0.046814
1700.000000 0.040037
1701.000000 0.037682
1702.000000 0.041526
1703.000000 0.046640
1704.000000 0.061615
1705.000000 0.068584
1706.000000 0.059858
1707.000000 0.053760
1708.000000 0.054189
1709.000000 0.050662
1710.000000 0.045176
1711.000000 0.045645
1712.000000 0.042423
1713.000000 0.037855
1714.000000 0.036287
1715.000000 0.031434
1716.000000 0.038723
1717.000000 0.033393
1718.000000 0.038003
1719.000000 0.038717
1720.000000 0.040016
1721.000000 0.042841
1722.000000 0.048307
1723.000000 0.046117
1724.000000 0.048109
1725.000000 0.047950
1726.000000 0.051665
1727.000000 0.045609
1728.000000 0.046537
1729.000000 0.052416
1730.000000 0.046260
1731.000000 0.045281
1732.000000 0.040628
1733.000000 0.036781
1734.000000 0.037087
1735.000000 0.032938
1736.000000 0.041083
1737.000000 0.044486
1738.000000 0.049889
1739.000000 0.049730
1740.000000 0.060456
1741.000000 0.064825
1742.000000 0.055298
1743.000000 0.049980
1744.000000 0.044686
1745.000000 0.046402
1746.000000 0.043506
1747.000000 0.041716
1748.000000 0.044756
1749.000000 0.042834
1750.000000 0.040602
1751.000000 0.041380
1752.000000 0.039037
1753.000000 0.036573
1754.000000 0.037667
1755.000000 0.038443
1756.000000 0.034677
1757.000000 0.036815
1758.000000 0.038227
1759.000000 0.046516
1760.000000 0.045525
1761.000000 0.044257
1762.000000 0.046975
1763.000000 0.046561
1764.000000 0.059682
1765.000000 0.055228
1766.000000 0.052542
1767.000000 0.054281
1768.000000 0.053759
1769.000000 0.048886
1770.000000 0.051599
1771.000000 0.046976
1772.000000 0.049950
1773.000000 0.045655
1774.000000 0.039257
1775.000000 0.038216
1776.000000 0.035668
1777.000000 0.034071
1778.000000 0.030867
1779.000000 0.034849
1780.000000 0.034973
1781.000000 0.038311
1782.000000 0.033776
1783.000000 0.040118
1784.000000 0.048016
1785.000000 0.049105
1786.000000 0.051094
1787.000000 0.050544
1788.000000 0.052786
1789.000000 0.050911
1790.000000 0.048533
1791.000000 0.048930
1792.000000 0.046223
1793.000000 0.051287
1794.000000 0.047770
1795.000000 0.047226
1796.000000 0.045900
1797.000000 0.050732
1798.000000 0.044058
1799.000000 0.045262
1800.000000 0.039905
1801.000000 0.034307
1802.000000 0.040657
1803.000000 0.035227
1804.000000 0.041161
1805.000000 0.046360
1806.000000 0.053150
1807.000000 0.051611
1808.000000 0.055670
1809.000000 0.052858
1810.000000 0.047204
1811.000000 0.048322
1812.000000 0.047403
1813.000000 0.042624
1814.000000 0.048096
1815.000000 0.044349
1816.000000 0.047695
1817.000000 0.042979
1818.000000 0.043224
1819.000000 0.040099
1820.000000 0.036194
1821.000000 0.036482
1822.000000 0.039111
1823.000000 0.038463
1824.000000 0.050033
1825.000000 0.051876
1826.000000 0.046064
1827.000000 0.046283
1828.000000 0.039531
1829.000000 0.036897
1830.000000 0.033800
1831.000000 0.037104
1832.000000 0.040209
1833.000000 0.034369
1834.000000 0.038078
1835.000000 0.034933
1836.000000 0.041288
1837.000000 0.040930
1838.000000 0.041549
1839.000000 0.049591
1840.000000 0.049847
1841.000000 0.050754
1842.000000 0.057518
1843.000000 0.059822
1844.000000 0.061347
1845.000000 0.066018
1846.000000 0.057624
1847.000000 0.052643
1848.000000 0.043563
1849.000000 0.040142
1850.000000 0.040407
1851.000000 0.041250
1852.000000 0.039804
1853.000000 0.040286
1854.000000 0.042287
1855.000000 0.041250
1856.000000 0.041853
1857.000000 0.045182
1858.000000 0.042936
1859.000000 0.043563
1860.000000 0.040686
1861.000000 0.056747
1862.000000 0.055376
1863.000000 0.055469
1864.000000 0.055248
1865.000000 0.052323
1866.000000 0.048792
1867.000000 0.045305
1868.000000 0.037484
1869.000000 0.038276
1870.000000 0.031736
1871.000000 0.030114
1872.000000 0.029573
1873.000000 0.028681
1874.000000 0.035704
1875.000000 0.040671
1876.000000 0.040749
1877.000000 0.042429
1878.000000 0.045692
1879.000000 0.046147
1880.000000 0.050897
1881.000000 0.047696
1882.000000 0.046545
1883.000000 0.050817
1884.000000 0.045583
1885.000000 0.053293
1886.000000 0.060935
1887.000000 0.052544
1888.000000 0.045316
1889.000000 0.039126
1890.000000 0.038928
1891.000000 0.036871
1892.000000 0.037153
1893.000000 0.037861
1894.000000 0.043674
1895.000000 0.041276
1896.000000 0.042586
1897.000000 0.043759
1898.000000 0.044065
1899.000000 0.040662
1900.000000 0.039735
1901.000000 0.046612
1902.000000 0.052099
1903.000000 0.049181
1904.000000 0.047889
1905.000000 0.046204
1906.000000 0.045124
1907.000000 0.038445
1908.000000 0.039759
1909.000000 0.043878
1910.000000 0.047248
1911.000000 0.047084
1912.000000 0.042756
1913.000000 0.038210
1914.000000 0.031672
1915.000000 0.031026
1916.000000 0.032221
1917.000000 0.038448
1918.000000 0.038341
1919.000000 0.050900
1920.000000 0.050185
1921.000000 0.044467
1922.000000 0.041884
1923.000000 0.044034
1924.000000 0.041354
1925.000000 0.034272
1926.000000 0.036541
1927.000000 0.042647
1928.000000 0.050732
1929.000000 0.050275
1930.000000 0.043795
1931.000000 0.049812
1932.000000 0.044595
1933.000000 0.041354
1934.000000 0.040254
1935.000000 0.035313
1936.000000 0.036539
1937.000000 0.034860
1938.000000 0.039185
1939.000000 0.043789
1940.000000 0.039693
1941.000000 0.037031
1942.000000 0.034038
1943.000000 0.036763
1944.000000 0.042954
1945.000000 0.043560
1946.000000 0.037883
1947.000000 0.039549
1948.000000 0.042124
1949.000000 0.042416
1950.000000 0.039989
1951.000000 0.046352
1952.000000 0.039170
1953.000000 0.040079
1954.000000 0.033778
1955.000000 0.036230
1956.000000 0.037804
1957.000000 0.046849
1958.000000 0.046431
1959.000000 0.044293
1960.000000 0.044988
1961.000000 0.049503
1962.000000 0.055951
1963.000000 0.048026
1964.000000 0.043167
1965.000000 0.038584
1966.000000 0.044656
1967.000000 0.043410
1968.000000 0.047031
1969.000000 0.044254
1970.000000 0.049406
1971.000000 0.047114
1972.000000 0.044385
1973.000000 0.039822
1974.000000 0.036751
1975.000000 0.038785
1976.000000 0.037383
1977.000000 0.035702
1978.000000 0.040006
1979.000000 0.047686
1980.000000 0.041836
1981.000000 0.038124
1982.000000 0.043266
1983.000000 0.040638
1984.000000 0.046279
1985.000000 0.048444
1986.000000 0.051835
1987.000000 0.051112
1988.000000 0.050705
1989.000000 0.043734
1990.000000 0.048869
1991.000000 0.054632
1992.000000 0.050874
1993.000000 0.049433
1994.000000 0.044490
1995.000000 0.045799
1996.000000 0.043552
1997.000000 0.041702
1998.000000 0.041156
1999.000000 0.045596
2000.000000 0.051309
2001.000000 0.050300
2002.000000 0.047398
2003.000000 0.046952
2004.000000 0.048060
2005.000000 0.048313
2006.000000 0.047654
2007.000000 0.044279
2008.000000 0.046383
2009.000000 0.041254
2010.000000 0.048516
2011.000000 0.045419
2012.000000 0.039664
2013.000000 0.040431
2014.000000 0.039470
2015.000000 0.046114
2016.000000 0.044773
2017.000000 0.047513
2018.000000 0.047028
2019.000000 0.048248
2020.000000 0.042061
2021.000000 0.050925
2022.000000 0.050709
2023.000000 0.054478
2024.000000 0.053453
2025.000000 0.057204
2026.000000 0.052885
2027.000000 0.056149
2028.000000 0.050866
2029.000000 0.044720
2030.000000 0.044511
2031.000000 0.039237
2032.000000 0.035395
2033.000000 0.033468
2034.000000 0.036249
2035.000000 0.035939
2036.000000 0.038674
2037.000000 0.037875
2038.000000 0.045630
2039.000000 0.045790
2040.000000 0.050706
2041.000000 0.044960
2042.000000 0.050426
2043.000000 0.053979
2044.000000 0.063735
2045.000000 0.055119
2046.000000 0.048261
2047.000000 0.047780
2048.000000 0.042952
2049.000000 0.044142
2050.000000 0.044344
2051.000000 0.043370
2052.000000 0.037562
2053.000000 0.035412
2054.000000 0.038162
2055.000000 0.033515
2056.000000 0.033130
2057.000000 0.043174
2058.000000 0.047496
2059.000000 0.057142
2060.000000 0.055583
2061.000000 0.054995
2062.000000 0.058640
2063.000000 0.050533
2064.000000 0.046146
2065.000000 0.042989
2066.000000 0.039233
2067.000000 0.046293
2068.000000 0.039385
2069.000000 0.039042
2070.000000 0.036822
2071.000000 0.036299
2072.000000 0.037408
2073.000000 0.042869
2074.000000 0.038346
2075.000000 0.035058
2076.000000 0.038086
2077.000000 0.048848
2078.000000 0.045499
2079.000000 0.044178
2080.000000 0.045239
2081.000000 0.053570
2082.000000 0.052271
2083.000000 0.044115
2084.000000 0.043908
2085.000000 0.041874
2086.000000 0.039784
2087.000000 0.034495
2088.000000 0.031492
2089.000000 0.033235
2090.000000 0.047466
2091.000000 0.041832
2092.000000 0.039464
2093.000000 0.040350
2094.000000 0.042706
2095.000000 0.047824
2096.000000 0.057994
2097.000000 0.056779
2098.000000 0.055238
2099.000000 0.046409
2100.000000 0.043702
2101.000000 0.047962
2102.000000 0.044944
2103.000000 0.044161
2104.000000 0.048103
2105.000000 0.046455
2106.000000 0.042061
2107.000000 0.038726
2108.000000 0.043371
2109.000000 0.041985
2110.000000 0.040900
2111.000000 0.035290
2112.000000 0.037015
2113.000000 0.039852
2114.000000 0.040129
2115.000000 0.046224
2116.000000 0.050269
2117.000000 0.044249
2118.000000 0.041287
2119.000000 0.047404
2120.000000 0.048389
2121.000000 0.045559
2122.000000 0.044060
2123.000000 0.047331
2124.000000 0.051244
2125.000000 0.045222
2126.000000 0.046004
2127.000000 0.046430
2128.000000 0.047660
2129.000000 0.048778
2130.000000 0.043875
2131.000000 0.041624
2132.000000 0.041570
2133.000000 0.049776
2134.000000 0.060826
2135.000000 0.066892
2136.000000 0.063238
2137.000000 0.056402
2138.000000 0.054623
2139.000000 0.051548
2140.000000 0.048268
2141.000000 0.044143
2142.000000 0.044462
2143.000000 0.044348
2144.000000 0.041241
2145.000000 0.041236
2146.000000 0.039484
2147.000000 0.042618
2148.000000 0.043931
2149.000000 0.041694
2150.000000 0.039511
2151.000000 0.049971
2152.000000 0.047756
2153.000000 0.042735
2154.000000 0.040199
2155.000000 0.039028
2156.000000 0.042892
2157.000000 0.043250
2158.000000 0.045036
2159.000000 0.042845
2160.000000 0.043201
2161.000000 0.047997
2162.000000 0.044783
2163.000000 0.044406
2164.000000 0.043151
2165.000000 0.045053
2166.000000 0.051028
2167.000000 0.050422
2168.000000 0.052396
2169.000000 0.051656
2170.000000 0.048196
2171.000000 0.043336
2172.000000 0.044383
2173.000000 0.047126
2174.000000 0.045876
2175.000000 0.053355
2176.000000 0.049797
2177.000000 0.047120
2178.000000 0.041418
2179.000000 0.046345
2180.000000 0.051207
2181.000000 0.048149
2182.000000 0.052707
2183.000000 0.047140
2184.000000 0.044633
2185.000000 0.048623
2186.000000 0.047855
2187.000000 0.045045
2188.000000 0.045206
2189.000000 0.041978
2190.000000 0.055434
2191.000000 0.048164
2192.000000 0.048381
2193.000000 0.046372
2194.000000 0.050435
2195.000000 0.051660
2196.000000 0.051081
2197.000000 0.051113
2198.000000 0.049799
2199.000000 0.053733
2200.000000 0.058414
2201.000000 0.058659
2202.000000 0.066598
2203.000000 0.060533
2204.000000 0.057261
2205.000000 0.052887
2206.000000 0.048276
2207.000000 0.044977
2208.000000 0.037225
2209.000000 0.036944
2210.000000 0.031982
2211.000000 0.035072
2212.000000 0.033114
2213.000000 0.030938
2214.000000 0.034317
2215.000000 0.040740
2216.000000 0.043403
2217.000000 0.042651
2218.000000 0.042697
2219.000000 0.039927
2220.000000 0.039132
2221.000000 0.039590
2222.000000 0.042393
2223.000000 0.041751
2224.000000 0.044819
2225.000000 0.053912
2226.000000 0.049679
2227.000000 0.043789
2228.000000 0.039173
2229.000000 0.038825
2230.000000 0.038338
2231.000000 0.046801
2232.000000 0.044295
2233.000000 0.043516
2234.000000 0.039171
2235.000000 0.041991
2236.000000 0.039079
2237.000000 0.054067
2238.000000 0.054205
2239.000000 0.054834
2240.000000 0.052412
2241.000000 0.049283
2242.000000 0.047021
2243.000000 0.041636
2244.000000 0.042894
2245.000000 0.040480
2246.000000 0.040275
2247.000000 0.040997
2248.000000 0.037653
2249.000000 0.039862
2250.000000 0.046454
2251.000000 0.045411
2252.000000 0.045883
2253.000000 0.048327
2254.000000 0.047400
2255.000000 0.048060
2256.000000 0.043659
2257.000000 0.042669
2258.000000 0.047207
2259.000000 0.043861
2260.000000 0.046763
2261.000000 0.049185
2262.000000 0.044046
2263.000000 0.041746
2264.000000 0.044177
2265.000000 0.045961
2266.000000 0.046833
2267.000000 0.050441
2268.000000 0.054181
2269.000000 0.053358
2270.000000 0.052711
2271.000000 0.048987
2272.000000 0.048231
2273.000000 0.049327
2274.000000 0.051823
2275.000000 0.052843
2276.000000 0.051495
2277.000000 0.054379
2278.000000 0.045390
2279.000000 0.043481
2280.000000 0.040983
2281.000000 0.041625
2282.000000 0.041724
2283.000000 0.044044
2284.000000 0.040694
2285.000000 0.036671
2286.000000 0.039387
2287.000000 0.044293
2288.000000 0.045289
2289.000000 0.047329
2290.000000 0.048830
2291.000000 0.045737
2292.000000 0.043888
2293.000000 0.038630
2294.000000 0.035006
2295.000000 0.037143
2296.000000 0.041034
2297.000000 0.042821
2298.000000 0.042177
2299.000000 0.040281
2300.000000 0.039559
2301.000000 0.043386
2302.000000 0.044935
2303.000000 0.044369
2304.000000 0.046679
2305.000000 0.051685
2306.000000 0.050928
2307.000000 0.045032
2308.000000 0.046791
2309.000000 0.056664
2310.000000 0.052050
2311.000000 0.046717
2312.000000 0.044732
2313.000000 0.043185
2314.000000 0.042323
2315.000000 0.043216
2316.000000 0.044480
2317.000000 0.043705
2318.000000 0.038710
2319.000000 0.038237
2320.000000 0.036787
2321.000000 0.030970
2322.000000 0.031989
2323.000000 0.033454
2324.000000 0.037915
2325.000000 0.039329
2326.000000 0.048039
2327.000000 0.047416
2328.000000 0.046665
2329.000000 0.050219
2330.000000 0.053293
2331.000000 0.053769
2332.000000 0.055599
2333.000000 0.051579
2334.000000 0.049053
2335.000000 0.055640
2336.000000 0.052074
2337.000000 0.051448
2338.000000 0.045845
2339.000000 0.045708
2340.000000 0.044083
2341.000000 0.038385
2342.000000 0.043210
2343.000000 0.049011
2344.000000 0.047554
2345.000000 0.041788
2346.000000 0.047177
2347.000000 0.044571
2348.000000 0.049972
2349.000000 0.053310
2350.000000 0.052335
2351.000000 0.052932
2352.000000 0.056448
2353.000000 0.047893
2354.000000 0.045869
2355.000000 0.046982
2356.000000 0.044841
2357.000000 0.043557
2358.000000 0.048616
2359.000000 0.047974
2360.000000 0.048844
2361.000000 0.043317
2362.000000 0.038258
2363.000000 0.037158
2364.000000 0.038799
2365.000000 0.039558
2366.000000 0.040642
2367.000000 0.045307
2368.000000 0.041487
2369.000000 0.045322
2370.000000 0.047356
2371.000000 0.047207
2372.000000 0.047583
2373.000000 0.051210
2374.000000 0.046946
2375.000000 0.046874
2376.000000 0.040259
2377.000000 0.045425
2378.000000 0.042674
2379.000000 0.038334
2380.000000 0.038397
2381.000000 0.050664
2382.000000 0.049687
2383.000000 0.052524
2384.000000 0.054937
2385.000000 0.064357
2386.000000 0.055958
2387.000000 0.051800
2388.000000 0.052852
2389.000000 0.048625
2390.000000 0.042888
2391.000000 0.042236
2392.000000 0.040362
2393.000000 0.042684
2394.000000 0.041265
2395.000000 0.043839
2396.000000 0.047936
2397.000000 0.050151
2398.000000 0.043946
2399.000000 0.041525
2400.000000 0.045793
2401.000000 0.047351
2402.000000 0.041707
2403.000000 0.045985
2404.000000 0.040926
2405.000000 0.035804
2406.000000 0.046164
2407.000000 0.050743
2408.000000 0.052299
2409.000000 0.052216
2410.000000 0.048685
2411.000000 0.045428
2412.000000 0.044043
2413.000000 0.043622
2414.000000 0.045420
2415.000000 0.044189
2416.000000 0.042045
2417.000000 0.041211
2418.000000 0.044085
2419.000000 0.042187
2420.000000 0.042382
2421.000000 0.041477
2422.000000 0.037256
2423.000000 0.039277
2424.000000 0.047359
2425.000000 0.044235
2426.000000 0.045218
2427.000000 0.047857
2428.000000 0.056180
2429.000000 0.050907
2430.000000 0.051131
2431.000000 0.045695
2432.000000 0.039774
2433.000000 0.041337
2434.000000 0.037006
2435.000000 0.041418
2436.000000 0.048109
2437.000000 0.042572
2438.000000 0.040765
2439.000000 0.036014
2440.000000 0.035165
2441.000000 0.038829
2442.000000 0.039796
2443.000000 0.038580
2444.000000 0.042473
2445.000000 0.047385
2446.000000 0.054941
2447.000000 0.054051
2448.000000 0.058355
2449.000000 0.053715
2450.000000 0.049032
2451.000000 0.041292
2452.000000 0.039936
2453.000000 0.043178
2454.000000 0.046559
2455.000000 0.049292
2456.000000 0.042744
2457.000000 0.038772
2458.000000 0.036275
2459.000000 0.032356
2460.000000 0.038249
2461.000000 0.038782
2462.000000 0.041811
2463.000000 0.047264
2464.000000 0.042142
2465.000000 0.042262
2466.000000 0.039725
2467.000000 0.035519
2468.000000 0.039861
2469.000000 0.044307
2470.000000 0.049586
2471.000000 0.046273
2472.000000 0.041267
2473.000000 0.037989
2474.000000 0.033432
2475.000000 0.033912
2476.000000 0.041560
2477.000000 0.042522
2478.000000 0.042625
2479.000000 0.041238
2480.000000 0.043681
2481.000000 0.042243
2482.000000 0.040903
2483.000000 0.040523
2484.000000 0.037934
2485.000000 0.035957
2486.000000 0.031642
2487.000000 0.030308
2488.000000 0.033752
2489.000000 0.035319
2490.000000 0.039573
2491.000000 0.043886
2492.000000 0.042136
2493.000000 0.054314
2494.000000 0.047003
2495.000000 0.053899
2496.000000 0.055347
2497.000000 0.056420
2498.000000 0.053160
2499.000000 0.057928
2500.000000 0.054420
2501.000000 0.054376
2502.000000 0.048813
2503.000000 0.045835
2504.000000 0.044867
2505.000000 0.039142
2506.000000 0.042742
2507.000000 0.044609
2508.000000 0.047249
2509.000000 0.053545
2510.000000 0.052233
2511.000000 0.050403
2512.000000 0.045531
2513.000000 0.043756
2514.000000 0.039067
2515.000000 0.034785
2516.000000 0.039349
2517.000000 0.037699
2518.000000 0.039829
2519.000000 0.045565
2520.000000 0.042310
2521.000000 0.039951
2522.000000 0.040386
2523.000000 0.042628
2524.000000 0.042973
2525.000000 0.044148
2526.000000 0.047694
2527.000000 0.051703
2528.000000 0.055447
2529.000000 0.051936
2530.000000 0.056542
2531.000000 0.052568
2532.000000 0.054356
2533.000000 0.052699
2534.000000 0.048449
2535.000000 0.050399
2536.000000 0.043906
2537.000000 0.041971
2538.000000 0.040834
2539.000000 0.043030
2540.000000 0.038568
2541.000000 0.043363
2542.000000 0.045778
2543.000000 0.041445
2544.000000 0.036890
2545.000000 0.037639
2546.000000 0.051683
2547.000000 0.049470
2548.000000 0.047636
2549.000000 0.046403
2550.000000 0.046957
2551.000000 0.049606
2552.000000 0.045250
2553.000000 0.046521
2554.000000 0.046831
2555.000000 0.047267
2556.000000 0.039550
2557.000000 0.044219
2558.000000 0.040089
2559.000000 0.040221
2560.000000 0.041541
2561.000000 0.039882
2562.000000 0.045575
2563.000000 0.047798
2564.000000 0.041776
2565.000000 0.043144
2566.000000 0.045493
2567.000000 0.048091
2568.000000 0.046807
2569.000000 0.043073
2570.000000 0.042712
2571.000000 0.042046
2572.000000 0.040727
2573.000000 0.043297
2574.000000 0.042618
2575.000000 0.040785
2576.000000 0.033846
2577.000000 0.035689
2578.000000 0.031118
2579.000000 0.031019
2580.000000 0.030529
2581.000000 0.038299
2582.000000 0.043076
2583.000000 0.047714
2584.000000 0.040888
2585.000000 0.045920
2586.000000 0.046248
2587.000000 0.048452
2588.000000 0.048845
2589.000000 0.051756
2590.000000 0.050461
2591.000000 0.059910
2592.000000 0.067142
2593.000000 0.061914
2594.000000 0.057827
2595.000000 0.051916
2596.000000 0.048492
2597.000000 0.046336
2598.000000 0.043520
2599.000000 0.047991
2600.000000 0.049609
2601.000000 0.045644
2602.000000 0.045678
2603.000000 0.041259
2604.000000 0.040143
2605.000000 0.040580
2606.000000 0.040751
2607.000000 0.037904
2608.000000 0.047036
2609.000000 0.047919
2610.000000 0.056312
2611.000000 0.053808
2612.000000 0.051655
2613.000000 0.053039
2614.000000 0.050954
2615.000000 0.044758
2616.000000 0.040934
2617.000000 0.040603
2618.000000 0.051424
2619.000000 0.046757
2620.000000 0.045737
2621.000000 0.042644
2622.000000 0.042130
2623.000000 0.035559
2624.000000 0.046697
2625.000000 0.046517
2626.000000 0.052949
2627.000000 0.050098
2628.000000 0.042208
2629.000000 0.040315
2630.000000 0.034062
2631.000000 0.033049
2632.000000 0.032924
2633.000000 0.038225
2634.000000 0.038688
2635.000000 0.045809
2636.000000 0.042934
2637.000000 0.044244
2638.000000 0.042395
2639.000000 0.047628
2640.000000 0.048994
2641.000000 0.048976
2642.000000 0.044490
2643.000000 0.050701
2644.000000 0.056816
2645.000000 0.057035
2646.000000 0.054438
2647.000000 0.047833
2648.000000 0.045593
2649.000000 0.042866
2650.000000 0.036809
2651.000000 0.038023
2652.000000 0.041208
2653.000000 0.043213
2654.000000 0.044415
2655.000000 0.043406
2656.000000 0.044171
2657.000000 0.053198
2658.000000 0.051230
2659.000000 0.046738
2660.000000 0.054215
2661.000000 0.053429
2662.000000 0.050117
2663.000000 0.046004
2664.000000 0.041787
2665.000000 0.039034
2666.000000 0.043851
2667.000000 0.044776
2668.000000 0.046784
2669.000000 0.041871
2670.000000 0.043223
2671.000000 0.046629
2672.000000 0.043511
2673.000000 0.040237
2674.000000 0.040569
2675.000000 0.041066
2676.000000 0.035729
2677.000000 0.038667
2678.000000 0.033321
2679.000000 0.031147
2680.000000 0.037953
2681.000000 0.039078
2682.000000 0.046241
2683.000000 0.044749
2684.000000 0.048715
2685.000000 0.043345
2686.000000 0.043621
2687.000000 0.050448
2688.000000 0.049147
2689.000000 0.061350
2690.000000 0.057362
2691.000000 0.047390
2692.000000 0.044481
2693.000000 0.047170
2694.000000 0.048580
2695.000000 0.042318
2696.000000 0.041268
2697.000000 0.036925
2698.000000 0.041047
2699.000000 0.042848
2700.000000 0.045126
2701.000000 0.048965
2702.000000 0.050700
2703.000000 0.050083
2704.000000 0.046796
2705.000000 0.044657
2706.000000 0.042295
2707.000000 0.039716
2708.000000 0.041547
2709.000000 0.045460
2710.000000 0.056247
2711.000000 0.056188
2712.000000 0.051508
2713.000000 0.046134
2714.000000 0.045269
2715.000000 0.049346
2716.000000 0.053134
2717.000000 0.050709
2718.000000 0.045472
2719.000000 0.053583
2720.000000 0.051713
2721.000000 0.046886
2722.000000 0.045008
2723.000000 0.038346
2724.000000 0.038446
2725.000000 0.038209
2726.000000 0.041465
2727.000000 0.038194
2728.000000 0.042978
2729.000000 0.042170
2730.000000 0.044268
2731.000000 0.047795
2732.000000 0.055359
2733.000000 0.048554
2734.000000 0.055700
2735.000000 0.055479
2736.000000 0.050166
2737.000000 0.052764
2738.000000 0.046215
2739.000000 0.041327
2740.000000 0.039434
2741.000000 0.037039
2742.000000 0.036790
2743.000000 0.035708
2744.000000 0.031782
2745.000000 0.037393
2746.000000 0.036665
2747.000000 0.040264
2748.000000 0.042584
2749.000000 0.042714
2750.000000 0.050029
2751.000000 0.047251
2752.000000 0.042299
2753.000000 0.043442
2754.000000 0.043829
2755.000000 0.044546
2756.000000 0.041253
2757.000000 0.042384
2758.000000 0.046874
2759.000000 0.044444
2760.000000 0.042875
2761.000000 0.044343
2762.000000 0.037303
2763.000000 0.033329
2764.000000 0.038293
2765.000000 0.046422
2766.000000 0.043287
2767.000000 0.041495
2768.000000 0.039085
2769.000000 0.043382
2770.000000 0.046581
2771.000000 0.049336
2772.000000 0.049761
2773.000000 0.052869
2774.000000 0.046999
2775.000000 0.047573
2776.000000 0.046921
2777.000000 0.047866
2778.000000 0.042024
2779.000000 0.039531
2780.000000 0.038594
2781.000000 0.041219
2782.000000 0.042734
2783.000000 0.038089
2784.000000 0.035916
2785.000000 0.039862
2786.000000 0.035664
2787.000000 0.038182
2788.000000 0.042268
2789.000000 0.039560
2790.000000 0.043398
2791.000000 0.042180
2792.000000 0.039847
2793.000000 0.051170
2794.000000 0.052029
2795.000000 0.046426
2796.000000 0.047073
2797.000000 0.044688
2798.000000 0.045089
2799.000000 0.041918
2800.000000 0.039803
2801.000000 0.035928
2802.000000 0.032531
2803.000000 0.031306
2804.000000 0.031071
2805.000000 0.034072
2806.000000 0.042126
2807.000000 0.042487
2808.000000 0.044148
2809.000000 0.036584
2810.000000 0.041118
2811.000000 0.036404
2812.000000 0.039499
2813.000000 0.042460
2814.000000 0.046221
2815.000000 0.044604
2816.000000 0.054610
2817.000000 0.055427
2818.000000 0.048899
2819.000000 0.047625
2820.000000 0.049433
2821.000000 0.048533
2822.000000 0.063193
2823.000000 0.052773
2824.000000 0.052543
2825.000000 0.057726
2826.000000 0.055445
2827.000000 0.054389
2828.000000 0.058580
2829.000000 0.054058
2830.000000 0.055880
2831.000000 0.058505
2832.000000 0.056008
2833.000000 0.051424
2834.000000 0.048288
2835.000000 0.056857
2836.000000 0.061795
2837.000000 0.055903
2838.000000 0.050345
2839.000000 0.050263
2840.000000 0.044560
2841.000000 0.040155
2842.000000 0.049378
2843.000000 0.049191
2844.000000 0.047054
2845.000000 0.040697
2846.000000 0.042498
2847.000000 0.040349
2848.000000 0.039390
2849.000000 0.041813
2850.000000 0.040762
2851.000000 0.036880
2852.000000 0.035648
2853.000000 0.042885
2854.000000 0.042341
2855.000000 0.046713
2856.000000 0.040342
2857.000000 0.037603
2858.000000 0.034516
2859.000000 0.038643
2860.000000 0.038890
2861.000000 0.048124
2862.000000 0.054833
2863.000000 0.057460
2864.000000 0.055593
2865.000000 0.051716
2866.000000 0.052466
2867.000000 0.049968
2868.000000 0.053726
2869.000000 0.047569
2870.000000 0.043985
2871.000000 0.045524
2872.000000 0.044072
2873.000000 0.048069
2874.000000 0.044031
2875.000000 0.038222
2876.000000 0.040303
2877.000000 0.044916
2878.000000 0.040053
2879.000000 0.048981
2880.000000 0.049848
2881.000000 0.045857
2882.000000 0.042700
2883.000000 0.045198
2884.000000 0.057705
2885.000000 0.054639
2886.000000 0.054149
2887.000000 0.056568
2888.000000 0.057687
2889.000000 0.049109
2890.000000 0.044568
2891.000000 0.039929
2892.000000 0.038257
2893.000000 0.041112
2894.000000 0.042522
2895.000000 0.037307
2896.000000 0.037520
2897.000000 0.045209
2898.000000 0.042476
2899.000000 0.046163
2900.000000 0.043146
2901.000000 0.044335
2902.000000 0.048115
2903.000000 0.050251
2904.000000 0.054482
2905.000000 0.058190
2906.000000 0.052696
2907.000000 0.049257
2908.000000 0.045879
2909.000000 0.039269
2910.000000 0.039326
2911.000000 0.040842
2912.000000 0.039833
2913.000000 0.042559
2914.000000 0.037195
2915.000000 0.034142
2916.000000 0.038706
2917.000000 0.036137
2918.000000 0.038258
2919.000000 0.040034
2920.000000 0.043103
2921.000000 0.047855
2922.000000 0.060294
2923.000000 0.058946
2924.000000 0.057360
2925.000000 0.055443
2926.000000 0.049665
2927.000000 0.050187
2928.000000 0.052399
2929.000000 0.045622
2930.000000 0.042688
2931.000000 0.037563
2932.000000 0.035409
2933.000000 0.035368
2934.000000 0.038957
2935.000000 0.032301
2936.000000 0.034795
2937.000000 0.038591
2938.000000 0.045447
2939.000000 0.042784
2940.000000 0.042587
2941.000000 0.037820
2942.000000 0.039811
2943.000000 0.050593
2944.000000 0.041900
2945.000000 0.046939
2946.000000 0.048322
2947.000000 0.042811
2948.000000 0.043936
2949.000000 0.048381
2950.000000 0.043171
2951.000000 0.036707
2952.000000 0.037605
2953.000000 0.041212
2954.000000 0.047256
2955.000000 0.044242
2956.000000 0.043302
2957.000000 0.045447
2958.000000 0.052208
2959.000000 0.043675
2960.000000 0.041933
2961.000000 0.039126
2962.000000 0.041259
2963.000000 0.039189
2964.000000 0.043228
2965.000000 0.042165
2966.000000 0.044898
2967.000000 0.044960
2968.000000 0.051982
2969.000000 0.052969
2970.000000 0.046599
2971.000000 0.042933
2972.000000 0.049852
2973.000000 0.052330
2974.000000 0.048016
2975.000000 0.039985
2976.000000 0.046529
2977.000000 0.042760
2978.000000 0.047442
2979.000000 0.045926
2980.000000 0.042283
2981.000000 0.043599
2982.000000 0.040805
2983.000000 0.037253
2984.000000 0.037460
2985.000000 0.033591
2986.000000 0.036145
2987.000000 0.040269
2988.000000 0.040467
2989.000000 0.037856
2990.000000 0.040350
2991.000000 0.036357
2992.000000 0.045460
2993.000000 0.045906
2994.000000 0.045083
2995.000000 0.040582
2996.000000 0.046588
2997.000000 0.047420
2998.000000 0.049958
2999.000000 0.048372
3000.000000 0.043495
3001.000000 0.043392
3002.000000 0.050888
3003.000000 0.053636
3004.000000 0.047803
3005.000000 0.046475
3006.000000 0.052123
3007.000000 0.047092
3008.000000 0.045103
3009.000000 0.038221
3010.000000 0.036978
3011.000000 0.034625
3012.000000 0.034329
3013.000000 0.036215
3014.000000 0.037771
3015.000000 0.039539
3016.000000 0.046634
3017.000000 0.043479
3018.000000 0.046645
3019.000000 0.046786
3020.000000 0.044654
3021.000000 0.043155
3022.000000 0.045630
3023.000000 0.047059
3024.000000 0.046336
3025.000000 0.051818
3026.000000 0.055382
3027.000000 0.049770
3028.000000 0.046548
3029.000000 0.046057
3030.000000 0.038573
3031.000000 0.041099
3032.000000 0.042099
3033.000000 0.039071
3034.000000 0.039625
3035.000000 0.040891
3036.000000 0.045442
3037.000000 0.037990
3038.000000 0.038304
3039.000000 0.036630
3040.000000 0.043731
3041.000000 0.043889
3042.000000 0.045707
3043.000000 0.044350
3044.000000 0.048137
3045.000000 0.052812
3046.000000 0.070226
3047.000000 0.062059
3048.000000 0.060991
3049.000000 0.053913
3050.000000 0.050950
3051.000000 0.045218
3052.000000 0.040863
3053.000000 0.048179
3054.000000 0.048494
3055.000000 0.043910
3056.000000 0.040854
3057.000000 0.047780
3058.000000 0.043744
3059.000000 0.039166
3060.000000 0.033617
3061.000000 0.030314
3062.000000 0.042362
3063.000000 0.047552
3064.000000 0.055548
3065.000000 0.058335
3066.000000 0.050145
3067.000000 0.054309
3068.000000 0.050398
3069.000000 0.047078
3070.000000 0.043156
3071.000000 0.047726
3072.000000 0.052931
3073.000000 0.054238
3074.000000 0.051444
3075.000000 0.049611
3076.000000 0.047980
3077.000000 0.040751
3078.000000 0.041163
3079.000000 0.039596
3080.000000 0.043782
3081.000000 0.044704
3082.000000 0.045382
3083.000000 0.048315
3084.000000 0.042522
3085.000000 0.042427
3086.000000 0.052612
3087.000000 0.050821
3088.000000 0.043707
3089.000000 0.040108
3090.000000 0.040211
3091.000000 0.040355
3092.000000 0.037126
3093.000000 0.033203
3094.000000 0.031327
3095.000000 0.039346
3096.000000 0.039720
3097.000000 0.038638
3098.000000 0.038831
3099.000000 0.033068
3100.000000 0.041347
3101.000000 0.049468
3102.000000 0.053295
3103.000000 0.053882
3104.000000 0.049805
3105.000000 0.053294
3106.000000 0.053494
3107.000000 0.052830
3108.000000 0.054479
3109.000000 0.059045
3110.000000 0.055255
3111.000000 0.057228
3112.000000 0.052983
3113.000000 0.046867
3114.000000 0.044118
3115.000000 0.043945
3116.000000 0.051498
3117.000000 0.046907
3118.000000 0.044806
3119.000000 0.048850
3120.000000 0.042911
3121.000000 0.039863
3122.000000 0.039066
3123.000000 0.035729
3124.000000 0.035310
3125.000000 0.038114
3126.000000 0.038103
3127.000000 0.035976
3128.000000 0.048152
3129.000000 0.055680
3130.000000 0.055366
3131.000000 0.048894
3132.000000 0.048585
3133.000000 0.043148
3134.000000 0.036157
3135.000000 0.038139
3136.000000 0.041958
3137.000000 0.043166
3138.000000 0.042014
3139.000000 0.044717
3140.000000 0.040423
3141.000000 0.039027
3142.000000 0.039743
3143.000000 0.043638
3144.000000 0.039007
3145.000000 0.035571
3146.000000 0.041737
3147.000000 0.043255
3148.000000 0.053864
3149.000000 0.057040
3150.000000 0.053686
3151.000000 0.054486
3152.000000 0.052714
3153.000000 0.047463
3154.000000 0.039779
3155.000000 0.041846
3156.000000 0.046296
3157.000000 0.046397
3158.000000 0.046752
3159.000000 0.044042
3160.000000 0.047017
3161.000000 0.040093
3162.000000 0.039640
3163.000000 0.040030
3164.000000 0.038938
3165.000000 0.045124
3166.000000 0.046594
3167.000000 0.045507
3168.000000 0.042400
3169.000000 0.048340
3170.000000 0.048258
3171.000000 0.043685
3172.000000 0.047191
3173.000000 0.046146
3174.000000 0.043288
3175.000000 0.042740
3176.000000 0.039048
3177.000000 0.041705
3178.000000 0.040751
3179.000000 0.040083
3180.000000 0.036512
3181.000000 0.038238
3182.000000 0.049768
3183.000000 0.046033
3184.000000 0.042597
3185.000000 0.042051
3186.000000 0.042173
3187.000000 0.045350
3188.000000 0.049828
3189.000000 0.044581
3190.000000 0.047482
3191.000000 0.053627
3192.000000 0.054486
3193.000000 0.048035
3194.000000 0.043974
3195.000000 0.043546
3196.000000 0.043532
3197.000000 0.040251
3198.000000 0.037833
3199.000000 0.035412
3200.000000 0.034697
3201.000000 0.037556
3202.000000 0.037357
3203.000000 0.037414
3204.000000 0.036206
3205.000000 0.036560
3206.000000 0.043900
3207.000000 0.040024
3208.000000 0.046528
3209.000000 0.049907
3210.000000 0.060787
3211.000000 0.064266
3212.000000 0.057484
3213.000000 0.055893
3214.000000 0.049828
3215.000000 0.050584
3216.000000 0.051910
3217.000000 0.046702
3218.000000 0.044367
3219.000000 0.038864
3220.000000 0.037652
3221.000000 0.040975
3222.000000 0.036096
3223.000000 0.038406
3224.000000 0.043263
3225.000000 0.041020
3226.000000 0.041568
3227.000000 0.037476
3228.000000 0.038567
3229.000000 0.043310
3230.000000 0.039691
3231.000000 0.039708
3232.000000 0.045621
3233.000000 0.047605
3234.000000 0.047236
3235.000000 0.052181
3236.000000 0.050833
3237.000000 0.049281
3238.000000 0.047237
3239.000000 0.041603
3240.000000 0.044562
3241.000000 0.040311
3242.000000 0.037889
3243.000000 0.034602
3244.000000 0.033457
3245.000000 0.029028
3246.000000 0.033599
3247.000000 0.044199
3248.000000 0.045875
3249.000000 0.049008
3250.000000 0.045069
3251.000000 0.040479
3252.000000 0.040950
3253.000000 0.041410
3254.000000 0.043351
3255.000000 0.052143
3256.000000 0.051595
3257.000000 0.049870
3258.000000 0.049904
3259.000000 0.051467
3260.000000 0.059477
3261.000000 0.053729
3262.000000 0.054270
3263.000000 0.051983
3264.000000 0.049626
3265.000000 0.043848
3266.000000 0.044295
3267.000000 0.044740
3268.000000 0.042184
3269.000000 0.040163
3270.000000 0.038099
3271.000000 0.044237
3272.000000 0.041496
3273.000000 0.044871
3274.000000 0.043352
3275.000000 0.043496
3276.000000 0.039788
3277.000000 0.038355
3278.000000 0.046068
3279.000000 0.052646
3280.000000 0.055033
3281.000000 0.051323
3282.000000 0.049148
3283.000000 0.044275
3284.000000 0.051314
3285.000000 0.052293
3286.000000 0.048341
3287.000000 0.047754
3288.000000 0.047132
3289.000000 0.044537
3290.000000 0.043277
3291.000000 0.043590
3292.000000 0.048411
3293.000000 0.046518
3294.000000 0.038493
3295.000000 0.038347
3296.000000 0.039251
3297.000000 0.052786
3298.000000 0.050339
3299.000000 0.043546
3300.000000 0.044051
3301.000000 0.039199
3302.000000 0.038762
3303.000000 0.041876
3304.000000 0.039938
3305.000000 0.039792
3306.000000 0.043209
3307.000000 0.043539
3308.000000 0.041554
3309.000000 0.040341
3310.000000 0.043164
3311.000000 0.045518
3312.000000 0.046874
3313.000000 0.048480
3314.000000 0.048381
3315.000000 0.048348
3316.000000 0.045293
3317.000000 0.042059
3318.000000 0.046294
3319.000000 0.046170
3320.000000 0.061187
3321.000000 0.060317
3322.000000 0.058111
3323.000000 0.050122
3324.000000 0.048157
3325.000000 0.050372
3326.000000 0.047930
3327.000000 0.043901
3328.000000 0.046456
3329.000000 0.050470
3330.000000 0.046050
3331.000000 0.039992
3332.000000 0.045287
3333.000000 0.038383
3334.000000 0.036021
3335.000000 0.039641
3336.000000 0.039125
3337.000000 0.038097
3338.000000 0.045353
3339.000000 0.045953
3340.000000 0.048416
3341.000000 0.049593
3342.000000 0.047092
3343.000000 0.043164
3344.000000 0.049145
3345.000000 0.046718
3346.000000 0.054147
3347.000000 0.049727
3348.000000 0.045929
3349.000000 0.044456
3350.000000 0.045023
3351.000000 0.040148
3352.000000 0.036394
3353.000000 0.033421
3354.000000 0.035993
3355.000000 0.031592
3356.000000 0.035907
3357.000000 0.035536
3358.000000 0.038196
3359.000000 0.041879
3360.000000 0.047800
3361.000000 0.041237
3362.000000 0.041869
3363.000000 0.039769
3364.000000 0.041793
3365.000000 0.046011
3366.000000 0.045534
3367.000000 0.042249
3368.000000 0.047565
3369.000000 0.050719
3370.000000 0.050883
3371.000000 0.054065
3372.000000 0.049063
3373.000000 0.051904
3374.000000 0.045967
3375.000000 0.046336
3376.000000 0.048171
3377.000000 0.044756
3378.000000 0.045830
3379.000000 0.048175
3380.000000 0.048319
3381.000000 0.047472
3382.000000 0.049423
3383.000000 0.051104
3384.000000 0.049650
3385.000000 0.046076
3386.000000 0.043610
3387.000000 0.048499
3388.000000 0.055181
3389.000000 0.061071
3390.000000 0.056066
3391.000000 0.058853
3392.000000 0.056320
3393.000000 0.052235
3394.000000 0.047157
3395.000000 0.050091
3396.000000 0.047920
3397.000000 0.044263
3398.000000 0.039450
3399.000000 0.036396
3400.000000 0.035424
3401.000000 0.037444
3402.000000 0.042847
3403.000000 0.040631
3404.000000 0.037372
3405.000000 0.039869
3406.000000 0.036470
3407.000000 0.035473
3408.000000 0.041024
3409.000000 0.043075
3410.000000 0.050438
3411.000000 0.047766
3412.000000 0.043799
3413.000000 0.048510
3414.000000 0.049464
3415.000000 0.054602
3416.000000 0.049906
3417.000000 0.046303
3418.000000 0.045092
3419.000000 0.042788
3420.000000 0.044509
3421.000000 0.041297
3422.000000 0.037459
3423.000000 0.043252
3424.000000 0.047822
3425.000000 0.049210
3426.000000 0.045343
3427.000000 0.044237
3428.000000 0.041720
3429.000000 0.045895
3430.000000 0.047117
3431.000000 0.053209
3432.000000 0.050201
3433.000000 0.046990
3434.000000 0.042224
3435.000000 0.042313
3436.000000 0.041190
3437.000000 0.038092
3438.000000 0.037221
3439.000000 0.036710
3440.000000 0.036492
3441.000000 0.041063
3442.000000 0.048546
3443.000000 0.051927
3444.000000 0.052822
3445.000000 0.044390
3446.000000 0.045958
3447.000000 0.049387
3448.000000 0.048380
3449.000000 0.049438
3450.000000 0.049619
3451.000000 0.058117
3452.000000 0.055683
3453.000000 0.049453
3454.000000 0.053610
3455.000000 0.050071
3456.000000 0.047134
3457.000000 0.041815
3458.000000 0.045789
3459.000000 0.044167
3460.000000 0.042335
3461.000000 0.043693
3462.000000 0.039240
3463.000000 0.038182
3464.000000 0.039646
3465.000000 0.037523
3466.000000 0.043923
3467.000000 0.042984
3468.000000 0.046256
3469.000000 0.052698
3470.000000 0.057318
3471.000000 0.059093
3472.000000 0.055873
3473.000000 0.051050
3474.000000 0.047054
3475.000000 0.050857
3476.000000 0.049027
3477.000000 0.052614
3478.000000 0.045060
3479.000000 0.039369
3480.000000 0.034779
3481.000000 0.037429
3482.000000 0.035049
3483.000000 0.033650
3484.000000 0.035477
3485.000000 0.038273
3486.000000 0.038439
3487.000000 0.040219
3488.000000 0.040356
3489.000000 0.041957
3490.000000 0.050289
3491.000000 0.044129
3492.000000 0.042608
3493.000000 0.048616
3494.000000 0.051781
3495.000000 0.050250
3496.000000 0.043892
3497.000000 0.044249
3498.000000 0.045050
3499.000000 0.043082
3500.000000 0.041404
3501.000000 0.044032
3502.000000 0.040249
3503.000000 0.037013
3504.000000 0.035689
3505.000000 0.033698
3506.000000 0.036861
3507.000000 0.037175
3508.000000 0.056442
3509.000000 0.052505
3510.000000 0.045285
3511.000000 0.044645
3512.000000 0.040399
3513.000000 0.049475
3514.000000 0.047570
3515.000000 0.054296
3516.000000 0.046089
3517.000000 0.045045
3518.000000 0.045345
3519.000000 0.048467
3520.000000 0.047848
3521.000000 0.043887
3522.000000 0.044796
3523.000000 0.044086
3524.000000 0.047814
3525.000000 0.044433
3526.000000 0.040467
3527.000000 0.043592
3528.000000 0.040928
3529.000000 0.045741
3530.000000 0.048945
3531.000000 0.048098
3532.000000 0.045629
3533.000000 0.045848
3534.000000 0.042719
3535.000000 0.038750
3536.000000 0.038155
3537.000000 0.036086
3538.000000 0.035430
3539.000000 0.040613
3540.000000 0.039427
3541.000000 0.037873
3542.000000 0.039015
3543.000000 0.048823
3544.000000 0.045582
3545.000000 0.042862
3546.000000 0.049542
3547.000000 0.050409
3548.000000 0.051401
3549.000000 0.047171
3550.000000 0.045050
3551.000000 0.046771
3552.000000 0.054511
3553.000000 0.059229
3554.000000 0.052194
3555.000000 0.044709
3556.000000 0.050020
3557.000000 0.050588
3558.000000 0.047430
3559.000000 0.045598
3560.000000 0.043242
3561.000000 0.045146
3562.000000 0.040627
3563.000000 0.037619
3564.000000 0.038599
3565.000000 0.042962
3566.000000 0.045858
3567.000000 0.050188
3568.000000 0.046783
3569.000000 0.046181
3570.000000 0.045998
3571.000000 0.053226
3572.000000 0.050630
3573.000000 0.045322
3574.000000 0.048078
3575.000000 0.042715
3576.000000 0.039085
3577.000000 0.036685
3578.000000 0.040224
3579.000000 0.044399
3580.000000 0.046265
3581.000000 0.044767
3582.000000 0.045960
3583.000000 0.044119
3584.000000 0.038174
3585.000000 0.043327
3586.000000 0.041753
3587.000000 0.037428
3588.000000 0.041020
3589.000000 0.039138
3590.000000 0.035688
3591.000000 0.036383
3592.000000 0.039808
3593.000000 0.048119
3594.000000 0.044683
3595.000000 0.043924
3596.000000 0.039887
3597.000000 0.044594
3598.000000 0.046714
3599.000000 0.055055
3600.000000 0.050305
3601.000000 0.051828
3602.000000 0.048501
3603.000000 0.045181
3604.000000 0.041755
3605.000000 0.042197
3606.000000 0.042016
3607.000000 0.047045
3608.000000 0.042761
3609.000000 0.039359
3610.000000 0.042229
3611.000000 0.045185
3612.000000 0.045144
3613.000000 0.050425
3614.000000 0.046913
3615.000000 0.042916
3616.000000 0.036982
3617.000000 0.048335
3618.000000 0.052013
3619.000000 0.053017
3620.000000 0.047170
3621.000000 0.044715
3622.000000 0.039267
3623.000000 0.039334
3624.000000 0.043131
3625.000000 0.040142
3626.000000 0.045617
3627.000000 0.040405
3628.000000 0.046011
3629.000000 0.041211
3630.000000 0.051456
3631.000000 0.048632
3632.000000 0.048074
3633.000000 0.049894
3634.000000 0.051079
3635.000000 0.051739
3636.000000 0.053995
3637.000000 0.049611
3638.000000 0.053438
3639.000000 0.055085
3640.000000 0.057622
3641.000000 0.061836
3642.000000 0.056512
3643.000000 0.051774
3644.000000 0.049204
3645.000000 0.048703
3646.000000 0.042342
3647.000000 0.043266
3648.000000 0.044648
3649.000000 0.044777
3650.000000 0.043269
3651.000000 0.042040
3652.000000 0.038301
3653.000000 0.045846
3654.000000 0.052529
3655.000000 0.053196
3656.000000 0.052105
3657.000000 0.045687
3658.000000 0.042068
3659.000000 0.038353
3660.000000 0.043982
3661.000000 0.039282
3662.000000 0.038870
3663.000000 0.041867
3664.000000 0.038512
3665.000000 0.032497
3666.000000 0.029026
3667.000000 0.034182
3668.000000 0.037159
3669.000000 0.034082
3670.000000 0.034779
3671.000000 0.033694
3672.000000 0.035398
3673.000000 0.041438
3674.000000 0.039504
3675.000000 0.038775
3676.000000 0.048081
3677.000000 0.050592
3678.000000 0.044003
3679.000000 0.049971
3680.000000 0.045912
3681.000000 0.052954
3682.000000 0.055380
3683.000000 0.053676
3684.000000 0.050151
3685.000000 0.045417
3686.000000 0.044031
3687.000000 0.042821
3688.000000 0.040647
3689.000000 0.037057
3690.000000 0.035883
3691.000000 0.034573
3692.000000 0.032965
3693.000000 0.034071
3694.000000 0.036823
3695.000000 0.038738
3696.000000 0.040464
3697.000000 0.041820
3698.000000 0.044830
3699.000000 0.047208
3700.000000 0.044821
3701.000000 0.046104
3702.000000 0.049147
3703.000000 0.051339
3704.000000 0.047135
3705.000000 0.050685
3706.000000 0.044189
3707.000000 0.045252
3708.000000 0.040362
3709.000000 0.040896
3710.000000 0.041053
3711.000000 0.035880
3712.000000 0.039861
3713.000000 0.040765
3714.000000 0.037620
3715.000000 0.039475
3716.000000 0.040236
3717.000000 0.038926
3718.000000 0.038291
3719.000000 0.050656
3720.000000 0.048860
3721.000000 0.047533
3722.000000 0.051999
3723.000000 0.046896
3724.000000 0.049427
3725.000000 0.046997
3726.000000 0.051286
3727.000000 0.051230
3728.000000 0.044289
3729.000000 0.039132
3730.000000 0.038464
3731.000000 0.037899
3732.000000 0.037505
3733.000000 0.042972
3734.000000 0.041691
3735.000000 0.038054
3736.000000 0.038810
3737.000000 0.036762
3738.000000 0.036961
3739.000000 0.040777
3740.000000 0.040914
3741.000000 0.043590
3742.000000 0.042492
3743.000000 0.040601
3744.000000 0.049626
3745.000000 0.048645
3746.000000 0.048424
3747.000000 0.047805
3748.000000 0.052283
3749.000000 0.047238
3750.000000 0.046366
3751.000000 0.042789
3752.000000 0.042291
3753.000000 0.043964
3754.000000 0.043397
3755.000000 0.040473
3756.000000 0.046643
3757.000000 0.043428
3758.000000 0.041851
3759.000000 0.041141
3760.000000 0.037926
3761.000000 0.038796
3762.000000 0.041632
3763.000000 0.043554
3764.000000 0.046569
3765.000000 0.044307
3766.000000 0.046370
3767.000000 0.043932
3768.000000 0.039833
3769.000000 0.040835
3770.000000 0.036735
3771.000000 0.041126
3772.000000 0.041714
3773.000000 0.042271
3774.000000 0.042360
3775.000000 0.040523
3776.000000 0.039685
3777.000000 0.037877
3778.000000 0.042133
3779.000000 0.044754
3780.000000 0.043132
3781.000000 0.045565
3782.000000 0.051472
3783.000000 0.052123
3784.000000 0.048750
3785.000000 0.042763
3786.000000 0.041381
3787.000000 0.037617
3788.000000 0.032157
3789.000000 0.045824
3790.000000 0.042550
3791.000000 0.044467
3792.000000 0.039476
3793.000000 0.043945
3794.000000 0.041044
3795.000000 0.044920
3796.000000 0.051431
3797.000000 0.053311
3798.000000 0.053511
3799.000000 0.050453
3800.000000 0.048713
3801.000000 0.047804
3802.000000 0.053256
3803.000000 0.048581
3804.000000 0.041499
3805.000000 0.040773
3806.000000 0.036627
3807.000000 0.037977
3808.000000 0.042858
3809.000000 0.049522
3810.000000 0.050414
3811.000000 0.053711
3812.000000 0.049027
3813.000000 0.049570
3814.000000 0.048123
3815.000000 0.049267
3816.000000 0.047183
3817.000000 0.050154
3818.000000 0.050705
3819.000000 0.048933
3820.000000 0.043138
3821.000000 0.046260
3822.000000 0.043268
3823.000000 0.040607
3824.000000 0.040547
3825.000000 0.040093
3826.000000 0.039902
3827.000000 0.041444
3828.000000 0.038270
3829.000000 0.041163
3830.000000 0.036222
3831.000000 0.036810
3832.000000 0.039044
3833.000000 0.035088
3834.000000 0.037559
3835.000000 0.036916
3836.000000 0.047678
3837.000000 0.051494
3838.000000 0.044747
3839.000000 0.044116
3840.000000 0.043223
3841.000000 0.041382
3842.000000 0.048207
3843.000000 0.051617
3844.000000 0.048654
3845.000000 0.048438
3846.000000 0.044344
3847.000000 0.047434
3848.000000 0.041795
3849.000000 0.050042
3850.000000 0.043010
3851.000000 0.042615
3852.000000 0.041622
3853.000000 0.042113
3854.000000 0.040379
3855.000000 0.037570
3856.000000 0.040065
3857.000000 0.043012
3858.000000 0.043993
3859.000000 0.047686
3860.000000 0.049321
3861.000000 0.043110
3862.000000 0.043840
3863.000000 0.053049
3864.000000 0.051769
3865.000000 0.051332
3866.000000 0.047096
3867.000000 0.044588
3868.000000 0.047123
3869.000000 0.043985
3870.000000 0.040714
3871.000000 0.044455
3872.000000 0.041984
3873.000000 0.040818
3874.000000 0.037925
3875.000000 0.044897
3876.000000 0.044881
3877.000000 0.050438
3878.000000 0.051678
3879.000000 0.049265
3880.000000 0.045801
3881.000000 0.046360
3882.000000 0.056763
3883.000000 0.056327
3884.000000 0.052950
3885.000000 0.048433
3886.000000 0.050158
3887.000000 0.041495
3888.000000 0.036066
3889.000000 0.041156
3890.000000 0.043683
3891.000000 0.044216
3892.000000 0.044689
3893.000000 0.040209
3894.000000 0.040418
3895.000000 0.041950
3896.000000 0.040783
3897.000000 0.036126
3898.000000 0.042446
3899.000000 0.039258
3900.000000 0.048153
3901.000000 0.049018
3902.000000 0.049442
3903.000000 0.050183
3904.000000 0.042928
3905.000000 0.041616
3906.000000 0.039079
3907.000000 0.040189
3908.000000 0.039461
3909.000000 0.040309
3910.000000 0.037796
3911.000000 0.043562
3912.000000 0.042996
3913.000000 0.046470
3914.000000 0.048474
3915.000000 0.053337
3916.000000 0.049387
3917.000000 0.047248
3918.000000 0.048866
3919.000000 0.057733
3920.000000 0.051061
3921.000000 0.045558
3922.000000 0.047802
3923.000000 0.040336
3924.000000 0.041146
3925.000000 0.037701
3926.000000 0.031285
3927.000000 0.033590
3928.000000 0.032237
3929.000000 0.038250
3930.000000 0.049299
3931.000000 0.044200
3932.000000 0.045302
3933.000000 0.050507
3934.000000 0.048572
3935.000000 0.041516
3936.000000 0.047245
3937.000000 0.043654
3938.000000 0.043815
3939.000000 0.045740
3940.000000 0.043765
3941.000000 0.048031
3942.000000 0.046686
3943.000000 0.047027
3944.000000 0.046067
3945.000000 0.044284
3946.000000 0.039499
3947.000000 0.043876
3948.000000 0.046820
3949.000000 0.043500
3950.000000 0.038876
3951.000000 0.039722
3952.000000 0.046097
3953.000000 0.043348
3954.000000 0.043948
3955.000000 0.043572
3956.000000 0.041540
3957.000000 0.047748
3958.000000 0.047371
3959.000000 0.048411
3960.000000 0.045158
3961.000000 0.043439
3962.000000 0.042195
3963.000000 0.047174
3964.000000 0.043503
3965.000000 0.043236
3966.000000 0.040365
3967.000000 0.038243
3968.000000 0.039699
3969.000000 0.049770
3970.000000 0.041455
3971.000000 0.045826
3972.000000 0.045248
3973.000000 0.043555
3974.000000 0.048597
3975.000000 0.055974
3976.000000 0.046215
3977.000000 0.050013
3978.000000 0.044571
3979.000000 0.044045
3980.000000 0.042019
3981.000000 0.035519
3982.000000 0.045963
3983.000000 0.045873
3984.000000 0.052644
3985.000000 0.047766
3986.000000 0.046909
3987.000000 0.046757
3988.000000 0.043755
3989.000000 0.041585
3990.000000 0.036723
3991.000000 0.044463
3992.000000 0.045124
3993.000000 0.052763
3994.000000 0.049461
3995.000000 0.051834
3996.000000 0.048405
3997.000000 0.050743
3998.000000 0.046207
3999.000000 0.040091
4000.000000 0.042767
4001.000000 0.043470
4002.000000 0.041520
4003.000000 0.040564
4004.000000 0.049485
4005.000000 0.051502
4006.000000 0.047876
4007.000000 0.046069
4008.000000 0.043706
4009.000000 0.040367
4010.000000 0.039860
4011.000000 0.042446
4012.000000 0.041244
4013.000000 0.039179
4014.000000 0.039638
4015.000000 0.044895
4016.000000 0.046640
4017.000000 0.045013
4018.000000 0.052517
4019.000000 0.050975
4020.000000 0.047526
4021.000000 0.046722
4022.000000 0.042483
4023.000000 0.048850
4024.000000 0.053210
4025.000000 0.044352
4026.000000 0.043406
4027.000000 0.043165
4028.000000 0.038494
4029.000000 0.041319
4030.000000 0.037032
4031.000000 0.036888
4032.000000 0.035603
4033.000000 0.040192
4034.000000 0.033748
4035.000000 0.034765
4036.000000 0.037575
4037.000000 0.038584
4038.000000 0.050083
4039.000000 0.045781
4040.000000 0.049808
4041.000000 0.043749
4042.000000 0.042612
4043.000000 0.045812
4044.000000 0.045169
4045.000000 0.045370
4046.000000 0.039635
4047.000000 0.041181
4048.000000 0.034133
4049.000000 0.029990
4050.000000 0.028823
4051.000000 0.033975
4052.000000 0.038213
4053.000000 0.041402
4054.000000 0.044952
4055.000000 0.047846
4056.000000 0.045758
4057.000000 0.043870
4058.000000 0.047412
4059.000000 0.040495
4060.000000 0.044197
4061.000000 0.046725
4062.000000 0.043994
4063.000000 0.042587
4064.000000 0.043333
4065.000000 0.041942
4066.000000 0.042397
4067.000000 0.041338
4068.000000 0.041553
4069.000000 0.039605
4070.000000 0.037345
4071.000000 0.036129
4072.000000 0.045086
4073.000000 0.044096
4074.000000 0.039547
4075.000000 0.043649
4076.000000 0.049372
4077.000000 0.045947
4078.000000 0.047991
4079.000000 0.050116
4080.000000 0.052593
4081.000000 0.054014
4082.000000 0.056809
4083.000000 0.056419
4084.000000 0.050336
4085.000000 0.044889
4086.000000 0.043021
4087.000000 0.035627
4088.000000 0.040381
4089.000000 0.040579
4090.000000 0.041157
4091.000000 0.041950
4092.000000 0.039174
4093.000000 0.036640
4094.000000 0.040538
4095.000000 0.042234
4096.000000 0.058984
4097.000000 0.057565
4098.000000 0.057128
4099.000000 0.063616
4100.000000 0.059087
4101.000000 0.051879
4102.000000 0.049836
4103.000000 0.042176
4104.000000 0.044045
4105.000000 0.036913
4106.000000 0.033778
4107.000000 0.029273
4108.000000 0.035996
4109.000000 0.036610
4110.000000 0.038180
4111.000000 0.032691
4112.000000 0.030052
4113.000000 0.029800
4114.000000 0.038001
4115.000000 0.038158
4116.000000 0.039392
4117.000000 0.044054
4118.000000 0.043465
4119.000000 0.046035
4120.000000 0.048497
4121.000000 0.057935
4122.000000 0.055787
4123.000000 0.052576
4124.000000 0.044779
4125.000000 0.039691
4126.000000 0.037144
4127.000000 0.037400
4128.000000 0.040947
4129.000000 0.038130
4130.000000 0.044653
4131.000000 0.043738
4132.000000 0.042562
4133.000000 0.040694
4134.000000 0.039822
4135.000000 0.038899
4136.000000 0.045075
4137.000000 0.046210
4138.000000 0.043778
4139.000000 0.047954
4140.000000 0.053245
4141.000000 0.048268
4142.000000 0.050802
4143.000000 0.052083
4144.000000 0.050611
4145.000000 0.047168
4146.000000 0.043626
4147.000000 0.048086
4148.000000 0.043551
4149.000000 0.044709
4150.000000 0.042703
4151.000000 0.050278
4152.000000 0.046280
4153.000000 0.048130
4154.000000 0.046162
4155.000000 0.050149
4156.000000 0.048945
4157.000000 0.045656
4158.000000 0.040735
4159.000000 0.036866
4160.000000 0.042375
4161.000000 0.044495
4162.000000 0.037360
4163.000000 0.037475
4164.000000 0.043258
4165.000000 0.047003
4166.000000 0.042621
4167.000000 0.042312
4168.000000 0.052432
4169.000000 0.049342
4170.000000 0.049922
4171.000000 0.052797
4172.000000 0.053767
4173.000000 0.047961
4174.000000 0.047180
4175.000000 0.046211
4176.000000 0.049226
4177.000000 0.048201
4178.000000 0.042379
4179.000000 0.044145
4180.000000 0.045283
4181.000000 0.043276
4182.000000 0.042315
4183.000000 0.046066
4184.000000 0.040225
4185.000000 0.043842
4186.000000 0.043887
4187.000000 0.044343
4188.000000 0.043664
4189.000000 0.038871
4190.000000 0.039794
4191.000000 0.040028
4192.000000 0.039957
4193.000000 0.035299
4194.000000 0.038285
4195.000000 0.040514
4196.000000 0.036941
4197.000000 0.037048
4198.000000 0.036820
4199.000000 0.034713
4200.000000 0.042364
4201.000000 0.045497
4202.000000 0.049440
4203.000000 0.047786
4204.000000 0.051854
4205.000000 0.046914
4206.000000 0.046249
4207.000000 0.046085
4208.000000 0.049428
4209.000000 0.052890
4210.000000 0.049821
4211.000000 0.050741
4212.000000 0.046760
4213.000000 0.043988
4214.000000 0.050988
4215.000000 0.054944
4216.000000 0.047253
4217.000000 0.043708
4218.000000 0.046622
4219.000000 0.047269
4220.000000 0.042374
4221.000000 0.041528
4222.000000 0.034401
4223.000000 0.032158
4224.000000 0.037752
4225.000000 0.035986
4226.000000 0.033034
4227.000000 0.047231
4228.000000 0.050094
4229.000000 0.044240
4230.000000 0.045522
4231.000000 0.043236
4232.000000 0.050942
4233.000000 0.049635
4234.000000 0.051283
4235.000000 0.050988
4236.000000 0.044910
4237.000000 0.044245
4238.000000 0.045234
4239.000000 0.043618
4240.000000 0.038802
4241.000000 0.042174
4242.000000 0.037511
4243.000000 0.035079
4244.000000 0.041481
4245.000000 0.041279
4246.000000 0.045044
4247.000000 0.039613
4248.000000 0.042731
4249.000000 0.041055
4250.000000 0.039598
4251.000000 0.045333
4252.000000 0.052176
4253.000000 0.048710
4254.000000 0.053687
4255.000000 0.048025
4256.000000 0.047696
4257.000000 0.047231
4258.000000 0.044037
4259.000000 0.038372
4260.000000 0.037749
4261.000000 0.051155
4262.000000 0.048790
4263.000000 0.049583
4264.000000 0.043859
4265.000000 0.040058
4266.000000 0.037578
4267.000000 0.037133
4268.000000 0.049961
4269.000000 0.045796
4270.000000 0.041025
4271.000000 0.042278
4272.000000 0.043340
4273.000000 0.041542
4274.000000 0.050710
4275.000000 0.043806
4276.000000 0.039669
4277.000000 0.037161
4278.000000 0.042176
4279.000000 0.043468
4280.000000 0.045849
4281.000000 0.046522
4282.000000 0.046430
4283.000000 0.043697
4284.000000 0.042120
4285.000000 0.041171
4286.000000 0.037290
4287.000000 0.032655
4288.000000 0.034721
4289.000000 0.028891
4290.000000 0.039078
4291.000000 0.040924
4292.000000 0.036902
4293.000000 0.035631
4294.000000 0.038726
4295.000000 0.044691
4296.000000 0.054434
4297.000000 0.053303
4298.000000 0.059272
4299.000000 0.050778
4300.000000 0.046886
4301.000000 0.040266
4302.000000 0.042847
4303.000000 0.042155
4304.000000 0.047626
4305.000000 0.055127
4306.000000 0.049389
4307.000000 0.047969
4308.000000 0.049079
4309.000000 0.053034
4310.000000 0.052319
4311.000000 0.055100
4312.000000 0.056347
4313.000000 0.048425
4314.000000 0.045255
4315.000000 0.044585
4316.000000 0.038877
4317.000000 0.041389
4318.000000 0.047777
4319.000000 0.049048
4320.000000 0.046631
4321.000000 0.047648
4322.000000 0.045808
4323.000000 0.042503
4324.000000 0.042234
4325.000000 0.037579
4326.000000 0.037143
4327.000000 0.039568
4328.000000 0.041312
4329.000000 0.041319
4330.000000 0.048092
4331.000000 0.045222
4332.000000 0.051402
4333.000000 0.044936
4334.000000 0.050305
4335.000000 0.050486
4336.000000 0.054985
4337.000000 0.050113
4338.000000 0.043050
4339.000000 0.042314
4340.000000 0.039061
4341.000000 0.038605
4342.000000 0.038176
4343.000000 0.038681
4344.000000 0.047004
4345.000000 0.054343
4346.000000 0.057319
4347.000000 0.053854
4348.000000 0.056913
4349.000000 0.057592
4350.000000 0.054399
4351.000000 0.062221
4352.000000 0.060376
4353.000000 0.057423
4354.000000 0.057903
4355.000000 0.058289
4356.000000 0.055333
4357.000000 0.048940
4358.000000 0.047252
4359.000000 0.044686
4360.000000 0.044106
4361.000000 0.040981
4362.000000 0.038404
4363.000000 0.034284
4364.000000 0.039660
4365.000000 0.044475
4366.000000 0.049203
4367.000000 0.052726
4368.000000 0.053244
4369.000000 0.048758
4370.000000 0.051001
4371.000000 0.043135
4372.000000 0.041454
4373.000000 0.039430
4374.000000 0.043962
4375.000000 0.040008
4376.000000 0.040908
4377.000000 0.037379
4378.000000 0.047565
4379.000000 0.053240
4380.000000 0.045508
4381.000000 0.043100
4382.000000 0.047739
4383.000000 0.045667
4384.000000 0.045156
4385.000000 0.045468
4386.000000 0.042412
4387.000000 0.043326
4388.000000 0.044887
4389.000000 0.038820
4390.000000 0.045572
4391.000000 0.046536
4392.000000 0.054554
4393.000000 0.045106
4394.000000 0.045390
4395.000000 0.056125
4396.000000 0.051597
4397.000000 0.044508
4398.000000 0.043954
4399.000000 0.042126
4400.000000 0.042577
4401.000000 0.042660
4402.000000 0.044863
4403.000000 0.044288
4404.000000 0.052787
4405.000000 0.047579
4406.000000 0.041252
4407.000000 0.051825
4408.000000 0.050620
4409.000000 0.050194
4410.000000 0.045042
4411.000000 0.042223
4412.000000 0.041126
4413.000000 0.053457
4414.000000 0.048185
4415.000000 0.047744
4416.000000 0.039483
4417.000000 0.034188
4418.000000 0.034698
4419.000000 0.039618
4420.000000 0.037697
4421.000000 0.037295
4422.000000 0.037109
4423.000000 0.039277
4424.000000 0.040508
4425.000000 0.046900
4426.000000 0.043884
4427.000000 0.049116
4428.000000 0.047960
4429.000000 0.047894
4430.000000 0.045990
4431.000000 0.047091
4432.000000 0.052297
4433.000000 0.045937
4434.000000 0.041572
4435.000000 0.038491
4436.000000 0.043980
4437.000000 0.042428
4438.000000 0.040054
4439.000000 0.036653
4440.000000 0.040302
4441.000000 0.039737
4442.000000 0.035312
4443.000000 0.042311
4444.000000 0.039528
4445.000000 0.046960
4446.000000 0.043610
4447.000000 0.037633
4448.000000 0.036996
4449.000000 0.045359
4450.000000 0.047479
4451.000000 0.047463
4452.000000 0.052819
4453.000000 0.057649
4454.000000 0.054887
4455.000000 0.051839
4456.000000 0.042868
4457.000000 0.046116
4458.000000 0.043709
4459.000000 0.048242
4460.000000 0.042897
4461.000000 0.047126
4462.000000 0.046159
4463.000000 0.046855
4464.000000 0.048237
4465.000000 0.049591
4466.000000 0.047971
4467.000000 0.049398
4468.000000 0.044206
4469.000000 0.041497
4470.000000 0.042263
4471.000000 0.049939
4472.000000 0.048646
4473.000000 0.044525
4474.000000 0.048099
4475.000000 0.047976
4476.000000 0.048735
4477.000000 0.052132
4478.000000 0.054848
4479.000000 0.054393
4480.000000 0.054460
4481.000000 0.056833
4482.000000 0.056700
4483.000000 0.051924
4484.000000 0.048172
4485.000000 0.053492
4486.000000 0.046812
4487.000000 0.043990
4488.000000 0.040906
4489.000000 0.044098
4490.000000 0.038330
4491.000000 0.038434
4492.000000 0.035445
4493.000000 0.042075
4494.000000 0.041597
4495.000000 0.041107
4496.000000 0.041263
4497.000000 0.054143
4498.000000 0.049972
4499.000000 0.049002
4500.000000 0.045201
4501.000000 0.042215
4502.000000 0.042965
4503.000000 0.049664
4504.000000 0.048881
4505.000000 0.049636
4506.000000 0.041099
4507.000000 0.043599
4508.000000 0.051083
4509.000000 0.049698
4510.000000 0.045169
4511.000000 0.041385
4512.000000 0.044525
4513.000000 0.043327
4514.000000 0.050528
4515.000000 0.048474
4516.000000 0.048682
4517.000000 0.044702
4518.000000 0.042026
4519.000000 0.039061
4520.000000 0.040698
4521.000000 0.039656
4522.000000 0.032936
4523.000000 0.031738
4524.000000 0.031131
4525.000000 0.039270
4526.000000 0.041906
4527.000000 0.051511
4528.000000 0.046285
4529.000000 0.042453
4530.000000 0.048020
4531.000000 0.053045
4532.000000 0.051140
4533.000000 0.048363
4534.000000 0.042375
4535.000000 0.036467
4536.000000 0.035923
4537.000000 0.041805
4538.000000 0.045478
4539.000000 0.046010
4540.000000 0.047274
4541.000000 0.049041
4542.000000 0.047782
4543.000000 0.049862
4544.000000 0.050323
4545.000000 0.046868
4546.000000 0.054374
4547.000000 0.054180
4548.000000 0.054255
4549.000000 0.056372
4550.000000 0.047651
4551.000000 0.043770
4552.000000 0.045919
4553.000000 0.045316
4554.000000 0.043068
4555.000000 0.045617
4556.000000 0.038830
4557.000000 0.041440
4558.000000 0.037612
4559.000000 0.044151
4560.000000 0.046664
4561.000000 0.048150
4562.000000 0.043009
4563.000000 0.043564
4564.000000 0.047193
4565.000000 0.046327
4566.000000 0.046360
4567.000000 0.051660
4568.000000 0.045144
4569.000000 0.039781
4570.000000 0.038669
4571.000000 0.035456
4572.000000 0.043900
4573.000000 0.040894
4574.000000 0.038664
4575.000000 0.041809
4576.000000 0.044243
4577.000000 0.042432
4578.000000 0.038405
4579.000000 0.039178
4580.000000 0.035257
4581.000000 0.038946
4582.000000 0.037603
4583.000000 0.034501
4584.000000 0.040899
4585.000000 0.047132
4586.000000 0.053520
4587.000000 0.051473
4588.000000 0.046016
4589.000000 0.042415
4590.000000 0.040085
4591.000000 0.043213
4592.000000 0.046654
4593.000000 0.041414
4594.000000 0.041469
4595.000000 0.035577
4596.000000 0.035915
4597.000000 0.033554
4598.000000 0.034342
4599.000000 0.034654
4600.000000 0.043238
4601.000000 0.040895
4602.000000 0.040488
4603.000000 0.047446
4604.000000 0.043866
4605.000000 0.044528
4606.000000 0.043893
4607.000000 0.050798
4608.000000 0.048410
4609.000000 0.043113
4610.000000 0.050837
4611.000000 0.060250
4612.000000 0.057190
4613.000000 0.054508
4614.000000 0.052518
4615.000000 0.047020
4616.000000 0.045080
4617.000000 0.044050
4618.000000 0.046115
4619.000000 0.050070
4620.000000 0.042339
4621.000000 0.043405
4622.000000 0.048597
4623.000000 0.042496
4624.000000 0.037917
4625.000000 0.034516
4626.000000 0.043119
4627.000000 0.044823
4628.000000 0.046824
4629.000000 0.041059
4630.000000 0.044560
4631.000000 0.052905
4632.000000 0.049669
4633.000000 0.049802
4634.000000 0.045496
4635.000000 0.044145
4636.000000 0.038875
4637.000000 0.039659
4638.000000 0.040562
4639.000000 0.040164
4640.000000 0.041905
4641.000000 0.035785
4642.000000 0.048813
4643.000000 0.042109
4644.000000 0.038054
4645.000000 0.034706
4646.000000 0.037245
4647.000000 0.037971
4648.000000 0.037191
4649.000000 0.049768
4650.000000 0.046192
4651.000000 0.042274
4652.000000 0.045797
4653.000000 0.045254
4654.000000 0.047867
4655.000000 0.047102
4656.000000 0.044880
4657.000000 0.052433
4658.000000 0.050466
4659.000000 0.050370
4660.000000 0.046437
4661.000000 0.050408
4662.000000 0.045376
4663.000000 0.042397
4664.000000 0.042469
4665.000000 0.043353
4666.000000 0.051530
4667.000000 0.045894
4668.000000 0.051072
4669.000000 0.055392
4670.000000 0.050464
4671.000000 0.057648
4672.000000 0.052002
4673.000000 0.049924
4674.000000 0.044658
4675.000000 0.046672
4676.000000 0.046260
4677.000000 0.040963
4678.000000 0.039283
4679.000000 0.038684
4680.000000 0.036003
4681.000000 0.038722
4682.000000 0.034364
4683.000000 0.039811
4684.000000 0.032991
4685.000000 0.031405
4686.000000 0.028156
4687.000000 0.037911
4688.000000 0.045859
4689.000000 0.047274
4690.000000 0.047104
4691.000000 0.044103
4692.000000 0.044587
4693.000000 0.040670
4694.000000 0.045335
4695.000000 0.045353
4696.000000 0.046421
4697.000000 0.046537
4698.000000 0.051092
4699.000000 0.049394
4700.000000 0.041843
4701.000000 0.038673
4702.000000 0.045510
4703.000000 0.038786
4704.000000 0.049837
4705.000000 0.050465
4706.000000 0.054961
4707.000000 0.046915
4708.000000 0.044252
4709.000000 0.043125
4710.000000 0.040461
4711.000000 0.036411
4712.000000 0.035378
4713.000000 0.033138
4714.000000 0.033044
4715.000000 0.041411
4716.000000 0.044736
4717.000000 0.052414
4718.000000 0.051968
4719.000000 0.049006
4720.000000 0.049755
4721.000000 0.043318
4722.000000 0.041638
4723.000000 0.043150
4724.000000 0.042167
4725.000000 0.038314
4726.000000 0.041732
4727.000000 0.042702
4728.000000 0.037130
4729.000000 0.035774
4730.000000 0.034193
4731.000000 0.046315
4732.000000 0.044724
4733.000000 0.046362
4734.000000 0.054083
4735.000000 0.050028
4736.000000 0.048095
4737.000000 0.053628
4738.000000 0.055170
4739.000000 0.052763
4740.000000 0.048327
4741.000000 0.044428
4742.000000 0.041085
4743.000000 0.043674
4744.000000 0.042240
4745.000000 0.037814
4746.000000 0.038793
4747.000000 0.039259
4748.000000 0.033241
4749.000000 0.037060
4750.000000 0.049400
4751.000000 0.048291
4752.000000 0.042309
4753.000000 0.042496
4754.000000 0.047445
4755.000000 0.052020
4756.000000 0.061211
4757.000000 0.057219
4758.000000 0.051320
4759.000000 0.047268
4760.000000 0.043233
4761.000000 0.039255
4762.000000 0.040101
4763.000000 0.042636
4764.000000 0.038672
4765.000000 0.040639
4766.000000 0.040888
4767.000000 0.042267
4768.000000 0.042100
4769.000000 0.042183
4770.000000 0.037131
4771.000000 0.054489
4772.000000 0.055941
4773.000000 0.049608
4774.000000 0.051964
4775.000000 0.045237
4776.000000 0.037938
4777.000000 0.035073
4778.000000 0.042874
4779.000000 0.042974
4780.000000 0.039990
4781.000000 0.036814
4782.000000 0.043857
4783.000000 0.044142
4784.000000 0.044769
4785.000000 0.040415
4786.000000 0.047731
4787.000000 0.046265
4788.000000 0.046240
4789.000000 0.045406
4790.000000 0.044560
4791.000000 0.041337
4792.000000 0.047221
4793.000000 0.047124
4794.000000 0.040856
4795.000000 0.037660
4796.000000 0.041746
4797.000000 0.044416
4798.000000 0.039867
4799.000000 0.043200
4800.000000 0.041503
4801.000000 0.045691
4802.000000 0.047003
4803.000000 0.049281
4804.000000 0.048818
4805.000000 0.045796
4806.000000 0.042797
4807.000000 0.050667
4808.000000 0.052160
4809.000000 0.048639
4810.000000 0.042392
4811.000000 0.044213
4812.000000 0.043642
4813.000000 0.040599
4814.000000 0.038556
4815.000000 0.051466
4816.000000 0.050882
4817.000000 0.053110
4818.000000 0.053268
4819.000000 0.047002
4820.000000 0.043169
4821.000000 0.041325
4822.000000 0.038702
4823.000000 0.038115
4824.000000 0.039468
4825.000000 0.041561
4826.000000 0.039412
4827.000000 0.033380
4828.000000 0.042347
4829.000000 0.045394
4830.000000 0.043741
4831.000000 0.039385
4832.000000 0.040446
4833.000000 0.046864
4834.000000 0.045241
4835.000000 0.044942
4836.000000 0.037197
4837.000000 0.038772
4838.000000 0.043766
4839.000000 0.041046
4840.000000 0.039920
4841.000000 0.039535
4842.000000 0.041294
4843.000000 0.044363
4844.000000 0.044403
4845.000000 0.048354
4846.000000 0.042771
4847.000000 0.035471
4848.000000 0.042460
4849.000000 0.047551
4850.000000 0.046195
4851.000000 0.048059
4852.000000 0.046078
4853.000000 0.047773
4854.000000 0.045979
4855.000000 0.043053
4856.000000 0.047779
4857.000000 0.041625
4858.000000 0.040578
4859.000000 0.040929
4860.000000 0.048779
4861.000000 0.048538
4862.000000 0.046479
4863.000000 0.045827
4864.000000 0.046333
4865.000000 0.045233
4866.000000 0.043542
4867.000000 0.041205
4868.000000 0.042001
4869.000000 0.040837
4870.000000 0.043364
4871.000000 0.048265
4872.000000 0.049797
4873.000000 0.044042
4874.000000 0.039340
4875.000000 0.042822
4876.000000 0.045517
4877.000000 0.046698
4878.000000 0.048067
4879.000000 0.044876
4880.000000 0.051292
4881.000000 0.047300
4882.000000 0.052194
4883.000000 0.049948
4884.000000 0.049198
4885.000000 0.043466
4886.000000 0.043186
4887.000000 0.045201
4888.000000 0.047311
4889.000000 0.053957
4890.000000 0.046188
4891.000000 0.049917
4892.000000 0.044137
4893.000000 0.039141
4894.000000 0.041810
4895.000000 0.037865
4896.000000 0.037634
4897.000000 0.041189
4898.000000 0.042238
4899.000000 0.043921
4900.000000 0.044613
4901.000000 0.043141
4902.000000 0.043056
4903.000000 0.043631
4904.000000 0.043791
4905.000000 0.037467
4906.000000 0.039039
4907.000000 0.043772
4908.000000 0.046940
4909.000000 0.052991
4910.000000 0.048265
4911.000000 0.047130
4912.000000 0.049325
4913.000000 0.045938
4914.000000 0.046746
4915.000000 0.041483
4916.000000 0.037891
4917.000000 0.040174
4918.000000 0.042365
4919.000000 0.054508
4920.000000 0.050002
4921.000000 0.042819
4922.000000 0.044680
4923.000000 0.044780
4924.000000 0.047367
4925.000000 0.043794
4926.000000 0.040007
4927.000000 0.042558
4928.000000 0.045587
4929.000000 0.044460
4930.000000 0.038999
4931.000000 0.043475
4932.000000 0.046433
4933.000000 0.049578
4934.000000 0.046066
4935.000000 0.045153
4936.000000 0.039498
4937.000000 0.037132
4938.000000 0.038810
4939.000000 0.037108
4940.000000 0.041804
4941.000000 0.036849
4942.000000 0.036127
4943.000000 0.033822
4944.000000 0.038204
4945.000000 0.037006
4946.000000 0.040740
4947.000000 0.045453
4948.000000 0.046941
4949.000000 0.046744
4950.000000 0.044261
4951.000000 0.048084
4952.000000 0.047420
4953.000000 0.051209
4954.000000 0.052187
4955.000000 0.060945
4956.000000 0.058253
4957.000000 0.053794
4958.000000 0.046230
4959.000000 0.043464
4960.000000 0.042353
4961.000000 0.037480
4962.000000 0.038684
4963.000000 0.033908
4964.000000 0.034499
4965.000000 0.035480
4966.000000 0.041948
4967.000000 0.042734
4968.000000 0.047022
4969.000000 0.045301
4970.000000 0.046748
4971.000000 0.046536
4972.000000 0.045885
4973.000000 0.043186
4974.000000 0.038138
4975.000000 0.046459
4976.000000 0.047498
4977.000000 0.048502
4978.000000 0.044790
4979.000000 0.038786
4980.000000 0.041214
4981.000000 0.038696
4982.000000 0.039527
4983.000000 0.039577
4984.000000 0.038368
4985.000000 0.048591
4986.000000 0.047185
4987.000000 0.048792
4988.000000 0.050101
4989.000000 0.046931
4990.000000 0.046885
4991.000000 0.045571
4992.000000 0.052073
4993.000000 0.046177
4994.000000 0.045187
4995.000000 0.042633
4996.000000 0.040788
4997.000000 0.041288
4998.000000 0.039650
4999.000000 0.042774
5000.000000 0.036320
