501.000000 0.043450
502.000000 0.039879
503.000000 0.046460
504.000000 0.051172
505.000000 0.047720
506.000000 0.046112
507.000000 0.050176
508.000000 0.048117
509.000000 0.045541
510.000000 0.049061
511.000000 0.049328
512.000000 0.052610
513.000000 0.056655
514.000000 0.052830
515.000000 0.047726
516.000000 0.044438
517.000000 0.041716
518.000000 0.047134
519.000000 0.042708
520.000000 0.047638
521.000000 0.046071
522.000000 0.044261
523.000000 0.043669
524.000000 0.052049
525.000000 0.054947
526.000000 0.050452
527.000000 0.048319
528.000000 0.042076
529.000000 0.045958
530.000000 0.040881
531.000000 0.040306
532.000000 0.036967
533.000000 0.035375
534.000000 0.035768
535.000000 0.037001
536.000000 0.037146
537.000000 0.037305
538.000000 0.041158
539.000000 0.049840
540.000000 0.048610
541.000000 0.055120
542.000000 0.048243
543.000000 0.047768
544.000000 0.050147
545.000000 0.044559
546.000000 0.046513
547.000000 0.042908
548.000000 0.044693
549.000000 0.048979
550.000000 0.042615
551.000000 0.041225
552.000000 0.044277
553.000000 0.044289
554.000000 0.039904
555.000000 0.045436
556.000000 0.052041
557.000000 0.057503
558.000000 0.057774
559.000000 0.058048
560.000000 0.053092
561.000000 0.045817
562.000000 0.046010
563.000000 0.043216
564.000000 0.038607
565.000000 0.039953
566.000000 0.054707
567.000000 0.052556
568.000000 0.053684
569.000000 0.049277
570.000000 0.049418
571.000000 0.047296
572.000000 0.042056
573.000000 0.043344
574.000000 0.036850
575.000000 0.034983
576.000000 0.033702
577.000000 0.034061
578.000000 0.036000
579.000000 0.034533
580.000000 0.034086
581.000000 0.031761
582.000000 0.036924
583.000000 0.044979
584.000000 0.041881
585.000000 0.047335
586.000000 0.052098
587.000000 0.046918
588.000000 0.041967
589.000000 0.046371
590.000000 0.049671
591.000000 0.052868
592.000000 0.053604
593.000000 0.055784
594.000000 0.057078
595.000000 0.057912
596.000000 0.060315
597.000000 0.050422
598.000000 0.044345
599.000000 0.045917
600.000000 0.049904
601.000000 0.044135
602.000000 0.042481
603.000000 0.037317
604.000000 0.035685
605.000000 0.041727
606.000000 0.042536
607.000000 0.038737
608.000000 0.037050
609.000000 0.046562
610.000000 0.047655
611.000000 0.052729
612.000000 0.050062
613.000000 0.047134
614.000000 0.043940
615.000000 0.038666
616.000000 0.039634
617.000000 0.060194
618.000000 0.062895
619.000000 0.059184
620.000000 0.056524
621.000000 0.050408
622.000000 0.050384
623.000000 0.049150
624.000000 0.052004
625.000000 0.049712
626.000000 0.049686
627.000000 0.046936
628.000000 0.040288
629.000000 0.036579
630.000000 0.041604
631.000000 0.046512
632.000000 0.048165
633.000000 0.053847
634.000000 0.049907
635.000000 0.048648
636.000000 0.043362
637.000000 0.048474
638.000000 0.046849
639.000000 0.042620
640.000000 0.037405
641.000000 0.035573
642.000000 0.041106
643.000000 0.050172
644.000000 0.044169
645.000000 0.047598
646.000000 0.048033
647.000000 0.046188
648.000000 0.043306
649.000000 0.046133
650.000000 0.048289
651.000000 0.051850
652.000000 0.049860
653.000000 0.055690
654.000000 0.052106
655.000000 0.051565
656.000000 0.045914
657.000000 0.044902
658.000000 0.052398
659.000000 0.048594
660.000000 0.050711
661.000000 0.042368
662.000000 0.048242
663.000000 0.048904
664.000000 0.043634
665.000000 0.042999
666.000000 0.039168
667.000000 0.040872
668.000000 0.046723
669.000000 0.041680
670.000000 0.048627
671.000000 0.048553
672.000000 0.047678
673.000000 0.040179
674.000000 0.045098
675.000000 0.045397
676.000000 0.049577
677.000000 0.042745
678.000000 0.040406
679.000000 0.042788
680.000000 0.044377
681.000000 0.047514
682.000000 0.044206
683.000000 0.045988
684.000000 0.041957
685.000000 0.040478
686.000000 0.041846
687.000000 0.045281
688.000000 0.050951
689.000000 0.050669
690.000000 0.045195
691.000000 0.044727
692.000000 0.041901
693.000000 0.039867
694.000000 0.045708
695.000000 0.045394
696.000000 0.052398
697.000000 0.055144
698.000000 0.057255
699.000000 0.050771
700.000000 0.057377
701.000000 0.051592
702.000000 0.047190
703.000000 0.046580
704.000000 0.047688
705.000000 0.040894
706.000000 0.041365
707.000000 0.037845
708.000000 0.047756
709.000000 0.047114
710.000000 0.049147
711.000000 0.046101
712.000000 0.040799
713.000000 0.037278
714.000000 0.039774
715.000000 0.035517
716.000000 0.046163
717.000000 0.057053
718.000000 0.051930
719.000000 0.051230
720.000000 0.045873
721.000000 0.045676
722.000000 0.045630
723.000000 0.043373
724.000000 0.041509
725.000000 0.046699
726.000000 0.050306
727.000000 0.058314
728.000000 0.051817
729.000000 0.051884
730.000000 0.053490
731.000000 0.047654
732.000000 0.042854
733.000000 0.041272
734.000000 0.041500
735.000000 0.041233
736.000000 0.041694
737.000000 0.043905
738.000000 0.044408
739.000000 0.039181
740.000000 0.035742
741.000000 0.032851
742.000000 0.034397
743.000000 0.034163
744.000000 0.042997
745.000000 0.051672
746.000000 0.048306
747.000000 0.045316
748.000000 0.046255
749.000000 0.043982
750.000000 0.047037
751.000000 0.042068
752.000000 0.053268
753.000000 0.052119
754.000000 0.049362
755.000000 0.051641
756.000000 0.051065
757.000000 0.044976
758.000000 0.039975
759.000000 0.033414
760.000000 0.031465
761.000000 0.033921
762.000000 0.033237
763.000000 0.036897
764.000000 0.034121
765.000000 0.033332
766.000000 0.028859
767.000000 0.031565
768.000000 0.034074
769.000000 0.034967
770.000000 0.043139
771.000000 0.042796
772.000000 0.048148
773.000000 0.057425
774.000000 0.054466
775.000000 0.050730
776.000000 0.054961
777.000000 0.049583
778.000000 0.043378
779.000000 0.044463
780.000000 0.040995
781.000000 0.039762
782.000000 0.043762
783.000000 0.039018
784.000000 0.036717
785.000000 0.032425
786.000000 0.040959
787.000000 0.042204
788.000000 0.040038
789.000000 0.045660
790.000000 0.053774
791.000000 0.051573
792.000000 0.060832
793.000000 0.062453
794.000000 0.061869
795.000000 0.054667
796.000000 0.046796
797.000000 0.049895
798.000000 0.050312
799.000000 0.047581
800.000000 0.044227
801.000000 0.044095
802.000000 0.040371
803.000000 0.044222
804.000000 0.039576
805.000000 0.042008
806.000000 0.040976
807.000000 0.038077
808.000000 0.041496
809.000000 0.041631
810.000000 0.049047
811.000000 0.047961
812.000000 0.045482
813.000000 0.047460
814.000000 0.053774
815.000000 0.045194
816.000000 0.050081
817.000000 0.059492
818.000000 0.055780
819.000000 0.054894
820.000000 0.047047
821.000000 0.041832
822.000000 0.040625
823.000000 0.038734
824.000000 0.038202
825.000000 0.039321
826.000000 0.039425
827.000000 0.042782
828.000000 0.040633
829.000000 0.043192
830.000000 0.055821
831.000000 0.057096
832.000000 0.058331
833.000000 0.052874
834.000000 0.051116
835.000000 0.051132
836.000000 0.048008
837.000000 0.042637
838.000000 0.042758
839.000000 0.037911
840.000000 0.040309
841.000000 0.040719
842.000000 0.047821
843.000000 0.045429
844.000000 0.040987
845.000000 0.048429
846.000000 0.044232
847.000000 0.040177
848.000000 0.041336
849.000000 0.039947
850.000000 0.036022
851.000000 0.040463
852.000000 0.047041
853.000000 0.056282
854.000000 0.056065
855.000000 0.064607
856.000000 0.064105
857.000000 0.055570
858.000000 0.051339
859.000000 0.044809
860.000000 0.041351
861.000000 0.044377
862.000000 0.044206
863.000000 0.044534
864.000000 0.047093
865.000000 0.039750
866.000000 0.036145
867.000000 0.036731
868.000000 0.032174
869.000000 0.038156
870.000000 0.052213
871.000000 0.051008
872.000000 0.051354
873.000000 0.050171
874.000000 0.048262
875.000000 0.044393
876.000000 0.040001
877.000000 0.043001
878.000000 0.044163
879.000000 0.045786
880.000000 0.037926
881.000000 0.035744
882.000000 0.042342
883.000000 0.035301
884.000000 0.043252
885.000000 0.039115
886.000000 0.038377
887.000000 0.040989
888.000000 0.041707
889.000000 0.038185
890.000000 0.048702
891.000000 0.048262
892.000000 0.047783
893.000000 0.042633
894.000000 0.045099
895.000000 0.038807
896.000000 0.046802
897.000000 0.041857
898.000000 0.044428
899.000000 0.047844
900.000000 0.050248
901.000000 0.047420
902.000000 0.042357
903.000000 0.046748
904.000000 0.050863
905.000000 0.044923
906.000000 0.039634
907.000000 0.036573
908.000000 0.035962
909.000000 0.040514
910.000000 0.048525
911.000000 0.047384
912.000000 0.047495
913.000000 0.051143
914.000000 0.045857
915.000000 0.042226
916.000000 0.043778
917.000000 0.043948
918.000000 0.041805
919.000000 0.034691
920.000000 0.037796
921.000000 0.033265
922.000000 0.032273
923.000000 0.041662
924.000000 0.040736
925.000000 0.046143
926.000000 0.052769
927.000000 0.053160
928.000000 0.047991
929.000000 0.054102
930.000000 0.051692
931.000000 0.048044
932.000000 0.051822
933.000000 0.048075
934.000000 0.052234
935.000000 0.052000
936.000000 0.051518
937.000000 0.046636
938.000000 0.047751
939.000000 0.051998
940.000000 0.050080
941.000000 0.053458
942.000000 0.053117
943.000000 0.058072
944.000000 0.058711
945.000000 0.057648
946.000000 0.054496
947.000000 0.047761
948.000000 0.048670
949.000000 0.042134
950.000000 0.039440
951.000000 0.040429
952.000000 0.040783
953.000000 0.036920
954.000000 0.050329
955.000000 0.046045
956.000000 0.051052
957.000000 0.053799
958.000000 0.061033
959.000000 0.055595
960.000000 0.051412
961.000000 0.047861
962.000000 0.044083
963.000000 0.042340
964.000000 0.035970
965.000000 0.036080
966.000000 0.031757
967.000000 0.031006
968.000000 0.033182
969.000000 0.036855
970.000000 0.048235
971.000000 0.053268
972.000000 0.055500
973.000000 0.057140
974.000000 0.058835
975.000000 0.060654
976.000000 0.053209
977.000000 0.052417
978.000000 0.052076
979.000000 0.050208
980.000000 0.047385
981.000000 0.051454
982.000000 0.058168
983.000000 0.048393
984.000000 0.048269
985.000000 0.043434
986.000000 0.040272
987.000000 0.037460
988.000000 0.032272
989.000000 0.039091
990.000000 0.034443
991.000000 0.031993
992.000000 0.033549
993.000000 0.043596
994.000000 0.046155
995.000000 0.048310
996.000000 0.052884
997.000000 0.058888
998.000000 0.055782
999.000000 0.053683
1000.000000 0.051887
1001.000000 0.047085
1002.000000 0.054409
1003.000000 0.048783
1004.000000 0.046684
1005.000000 0.048648
1006.000000 0.042519
1007.000000 0.047453
1008.000000 0.041379
1009.000000 0.050648
1010.000000 0.048848
1011.000000 0.049602
1012.000000 0.059548
1013.000000 0.055592
1014.000000 0.053896
1015.000000 0.048572
1016.000000 0.044028
1017.000000 0.042418
1018.000000 0.049988
1019.000000 0.047224
1020.000000 0.046682
1021.000000 0.041044
1022.000000 0.041281
1023.000000 0.041309
1024.000000 0.043441
1025.000000 0.044656
1026.000000 0.039960
1027.000000 0.048989
1028.000000 0.050759
1029.000000 0.063067
1030.000000 0.066573
1031.000000 0.055950
1032.000000 0.056807
1033.000000 0.050748
1034.000000 0.046314
1035.000000 0.046284
1036.000000 0.041842
1037.000000 0.047668
1038.000000 0.049030
1039.000000 0.050414
1040.000000 0.054403
1041.000000 0.052948
1042.000000 0.047555
1043.000000 0.050411
1044.000000 0.058572
1045.000000 0.057419
1046.000000 0.050769
1047.000000 0.055878
1048.000000 0.050930
1049.000000 0.051370
1050.000000 0.053778
1051.000000 0.052141
1052.000000 0.043988
1053.000000 0.043957
1054.000000 0.043369
1055.000000 0.038438
1056.000000 0.037017
1057.000000 0.035185
1058.000000 0.038451
1059.000000 0.039380
1060.000000 0.037865
1061.000000 0.038774
1062.000000 0.038547
1063.000000 0.039280
1064.000000 0.042712
1065.000000 0.044069
1066.000000 0.047037
1067.000000 0.050690
1068.000000 0.057577
1069.000000 0.061754
1070.000000 0.054531
1071.000000 0.046284
1072.000000 0.044999
1073.000000 0.047311
1074.000000 0.039238
1075.000000 0.038848
1076.000000 0.039271
1077.000000 0.045795
1078.000000 0.042321
1079.000000 0.048700
1080.000000 0.048862
1081.000000 0.048085
1082.000000 0.046264
1083.000000 0.047288
1084.000000 0.044805
1085.000000 0.045022
1086.000000 0.039720
1087.000000 0.037232
1088.000000 0.041340
1089.000000 0.052597
1090.000000 0.051116
1091.000000 0.053964
1092.000000 0.049657
1093.000000 0.052993
1094.000000 0.054023
1095.000000 0.050412
1096.000000 0.046869
1097.000000 0.048042
1098.000000 0.046247
1099.000000 0.045333
1100.000000 0.045786
1101.000000 0.051874
1102.000000 0.042888
1103.000000 0.040670
1104.000000 0.037665
1105.000000 0.050726
1106.000000 0.046938
1107.000000 0.045787
1108.000000 0.046068
1109.000000 0.039660
1110.000000 0.041579
1111.000000 0.042753
1112.000000 0.044462
1113.000000 0.045759
1114.000000 0.047657
1115.000000 0.047403
1116.000000 0.043969
1117.000000 0.046969
1118.000000 0.049272
1119.000000 0.051233
1120.000000 0.054480
1121.000000 0.057040
1122.000000 0.055140
1123.000000 0.051020
1124.000000 0.047063
1125.000000 0.043290
1126.000000 0.043233
1127.000000 0.038193
1128.000000 0.039201
1129.000000 0.043602
1130.000000 0.044837
1131.000000 0.042318
1132.000000 0.037678
1133.000000 0.034273
1134.000000 0.037288
1135.000000 0.044917
1136.000000 0.045771
1137.000000 0.045727
1138.000000 0.051876
1139.000000 0.054656
1140.000000 0.052815
1141.000000 0.051408
1142.000000 0.046983
1143.000000 0.038930
1144.000000 0.044665
1145.000000 0.048406
1146.000000 0.043460
1147.000000 0.045147
1148.000000 0.043733
1149.000000 0.048242
1150.000000 0.049406
1151.000000 0.046708
1152.000000 0.041270
1153.000000 0.064828
1154.000000 0.055126
1155.000000 0.063002
1156.000000 0.055268
1157.000000 0.055385
1158.000000 0.050506
1159.000000 0.048727
1160.000000 0.048603
1161.000000 0.043173
1162.000000 0.041763
1163.000000 0.037151
1164.000000 0.038338
1165.000000 0.040584
1166.000000 0.034981
1167.000000 0.033498
1168.000000 0.033385
1169.000000 0.032202
1170.000000 0.031106
1171.000000 0.030343
1172.000000 0.043132
1173.000000 0.045375
1174.000000 0.048473
1175.000000 0.046378
1176.000000 0.051202
1177.000000 0.058758
1178.000000 0.054055
1179.000000 0.051132
1180.000000 0.044206
1181.000000 0.043387
1182.000000 0.044867
1183.000000 0.038205
1184.000000 0.042657
1185.000000 0.035969
1186.000000 0.031846
1187.000000 0.040094
1188.000000 0.040693
1189.000000 0.047200
1190.000000 0.047093
1191.000000 0.045829
1192.000000 0.048299
1193.000000 0.045986
1194.000000 0.046951
1195.000000 0.043247
1196.000000 0.044341
1197.000000 0.037324
1198.000000 0.036827
1199.000000 0.036057
1200.000000 0.038092
1201.000000 0.040574
1202.000000 0.046010
1203.000000 0.042460
1204.000000 0.039676
1205.000000 0.037970
1206.000000 0.037274
1207.000000 0.047402
1208.000000 0.043498
1209.000000 0.045106
1210.000000 0.050927
1211.000000 0.051217
1212.000000 0.057642
1213.000000 0.052390
1214.000000 0.053654
1215.000000 0.048649
1216.000000 0.044784
1217.000000 0.043352
1218.000000 0.040899
1219.000000 0.042989
1220.000000 0.039887
1221.000000 0.037499
1222.000000 0.035547
1223.000000 0.033613
1224.000000 0.038812
1225.000000 0.043243
1226.000000 0.038380
1227.000000 0.047446
1228.000000 0.047692
1229.000000 0.047817
1230.000000 0.051154
1231.000000 0.053520
1232.000000 0.053768
1233.000000 0.051383
1234.000000 0.057475
1235.000000 0.054150
1236.000000 0.046718
1237.000000 0.044197
1238.000000 0.043280
1239.000000 0.035867
1240.000000 0.036856
1241.000000 0.045575
1242.000000 0.043694
1243.000000 0.038473
1244.000000 0.043167
1245.000000 0.038640
1246.000000 0.049429
1247.000000 0.042733
1248.000000 0.047132
1249.000000 0.050949
1250.000000 0.051638
1251.000000 0.059286
1252.000000 0.052416
1253.000000 0.050671
1254.000000 0.050128
1255.000000 0.053137
1256.000000 0.046339
1257.000000 0.045573
1258.000000 0.047661
1259.000000 0.040740
1260.000000 0.041227
1261.000000 0.043268
1262.000000 0.045864
1263.000000 0.048512
1264.000000 0.045107
1265.000000 0.050853
1266.000000 0.049389
1267.000000 0.053195
1268.000000 0.051780
1269.000000 0.045309
1270.000000 0.046469
1271.000000 0.045102
1272.000000 0.045445
1273.000000 0.045203
1274.000000 0.047997
1275.000000 0.050391
1276.000000 0.045559
1277.000000 0.039787
1278.000000 0.039505
1279.000000 0.033109
1280.000000 0.036509
1281.000000 0.039795
1282.000000 0.046055
1283.000000 0.039075
1284.000000 0.050653
1285.000000 0.046361
1286.000000 0.048787
1287.000000 0.049367
1288.000000 0.046415
1289.000000 0.049416
1290.000000 0.047023
1291.000000 0.045395
1292.000000 0.041280
1293.000000 0.040415
1294.000000 0.034736
1295.000000 0.040825
1296.000000 0.036831
1297.000000 0.035371
1298.000000 0.039357
1299.000000 0.039427
1300.000000 0.041866
1301.000000 0.037275
1302.000000 0.032656
1303.000000 0.037170
1304.000000 0.037467
1305.000000 0.040429
1306.000000 0.049522
1307.000000 0.054221
1308.000000 0.055109
1309.000000 0.056409
1310.000000 0.057892
1311.000000 0.054664
1312.000000 0.057674
1313.000000 0.059889
1314.000000 0.056191
1315.000000 0.049970
1316.000000 0.053691
1317.000000 0.045525
1318.000000 0.044962
1319.000000 0.043451
1320.000000 0.043038
1321.000000 0.042023
1322.000000 0.044285
1323.000000 0.038394
1324.000000 0.037279
1325.000000 0.041937
1326.000000 0.043247
1327.000000 0.047307
1328.000000 0.058656
1329.000000 0.059430
1330.000000 0.056455
1331.000000 0.047890
1332.000000 0.043400
1333.000000 0.037205
1334.000000 0.041720
1335.000000 0.039656
1336.000000 0.039980
1337.000000 0.048343
1338.000000 0.048136
1339.000000 0.044267
1340.000000 0.039866
1341.000000 0.036581
1342.000000 0.032525
1343.000000 0.040021
1344.000000 0.044367
1345.000000 0.050462
1346.000000 0.045311
1347.000000 0.044357
1348.000000 0.047195
1349.000000 0.046840
1350.000000 0.045879
1351.000000 0.043331
1352.000000 0.044284
1353.000000 0.039524
1354.000000 0.035591
1355.000000 0.035904
1356.000000 0.037279
1357.000000 0.039436
1358.000000 0.041035
1359.000000 0.038941
1360.000000 0.038518
1361.000000 0.038939
1362.000000 0.042834
1363.000000 0.043067
1364.000000 0.048542
1365.000000 0.052606
1366.000000 0.055180
1367.000000 0.055323
1368.000000 0.052444
1369.000000 0.048765
1370.000000 0.044320
1371.000000 0.039753
1372.000000 0.044699
1373.000000 0.042254
1374.000000 0.044717
1375.000000 0.043384
1376.000000 0.041383
1377.000000 0.041590
1378.000000 0.046039
1379.000000 0.048541
1380.000000 0.051302
1381.000000 0.055143
1382.000000 0.055889
1383.000000 0.054019
1384.000000 0.052938
1385.000000 0.054102
1386.000000 0.056484
1387.000000 0.055920
1388.000000 0.053155
1389.000000 0.055736
1390.000000 0.050295
1391.000000 0.050135
1392.000000 0.046799
1393.000000 0.053895
1394.000000 0.053366
1395.000000 0.054531
1396.000000 0.047624
1397.000000 0.041362
1398.000000 0.044909
1399.000000 0.041924
1400.000000 0.041895
1401.000000 0.039065
1402.000000 0.045568
1403.000000 0.044740
1404.000000 0.044174
1405.000000 0.048816
1406.000000 0.052873
1407.000000 0.049320
1408.000000 0.047311
1409.000000 0.057784
1410.000000 0.057199
1411.000000 0.052375
1412.000000 0.045032
1413.000000 0.042588
1414.000000 0.037570
1415.000000 0.042205
1416.000000 0.043014
1417.000000 0.039919
1418.000000 0.038720
1419.000000 0.035026
1420.000000 0.042761
1421.000000 0.043312
1422.000000 0.044111
1423.000000 0.043137
1424.000000 0.045345
1425.000000 0.044011
1426.000000 0.045269
1427.000000 0.053267
1428.000000 0.050706
1429.000000 0.045347
1430.000000 0.049528
1431.000000 0.051263
1432.000000 0.047250
1433.000000 0.045944
1434.000000 0.046106
1435.000000 0.049541
1436.000000 0.049311
1437.000000 0.046766
1438.000000 0.041628
1439.000000 0.042463
1440.000000 0.040896
1441.000000 0.039550
1442.000000 0.043168
1443.000000 0.040533
1444.000000 0.036933
1445.000000 0.042837
1446.000000 0.043788
1447.000000 0.048385
1448.000000 0.042352
1449.000000 0.050754
1450.000000 0.045318
1451.000000 0.038985
1452.000000 0.050492
1453.000000 0.044806
1454.000000 0.047239
1455.000000 0.050200
1456.000000 0.049060
1457.000000 0.040996
1458.000000 0.042511
1459.000000 0.040547
1460.000000 0.049102
1461.000000 0.044944
1462.000000 0.043619
1463.000000 0.047381
1464.000000 0.051067
1465.000000 0.050146
1466.000000 0.055124
1467.000000 0.049362
1468.000000 0.044208
1469.000000 0.049473
1470.000000 0.050055
1471.000000 0.043567
1472.000000 0.041389
1473.000000 0.039163
1474.000000 0.041543
1475.000000 0.041550
1476.000000 0.044589
1477.000000 0.038199
1478.000000 0.039330
1479.000000 0.041817
1480.000000 0.048565
1481.000000 0.047339
1482.000000 0.052837
1483.000000 0.050501
1484.000000 0.055978
1485.000000 0.055535
1486.000000 0.051367
1487.000000 0.042532
1488.000000 0.039248
1489.000000 0.043935
1490.000000 0.044628
1491.000000 0.041854
1492.000000 0.043447
1493.000000 0.038966
1494.000000 0.035343
1495.000000 0.033241
1496.000000 0.033587
1497.000000 0.036172
1498.000000 0.039898
1499.000000 0.045169
1500.000000 0.048168
1501.000000 0.047500
1502.000000 0.050120
1503.000000 0.050312
1504.000000 0.041730
1505.000000 0.037969
1506.000000 0.048458
1507.000000 0.049406
1508.000000 0.055040
1509.000000 0.065945
1510.000000 0.056179
1511.000000 0.051162
1512.000000 0.052968
1513.000000 0.051134
1514.000000 0.045101
1515.000000 0.046612
1516.000000 0.049068
1517.000000 0.049758
1518.000000 0.046890
1519.000000 0.049107
1520.000000 0.045556
1521.000000 0.043623
1522.000000 0.045731
1523.000000 0.044326
1524.000000 0.049002
1525.000000 0.047458
1526.000000 0.045485
1527.000000 0.044745
1528.000000 0.043865
1529.000000 0.040066
1530.000000 0.051048
1531.000000 0.050860
1532.000000 0.048659
1533.000000 0.048932
1534.000000 0.044710
1535.000000 0.054206
1536.000000 0.057656
1537.000000 0.048194
1538.000000 0.048960
1539.000000 0.054452
1540.000000 0.049262
1541.000000 0.051224
1542.000000 0.043210
1543.000000 0.040478
1544.000000 0.034804
1545.000000 0.037751
1546.000000 0.033599
1547.000000 0.035178
1548.000000 0.042622
1549.000000 0.039021
1550.000000 0.040476
1551.000000 0.035502
1552.000000 0.039197
1553.000000 0.040520
1554.000000 0.043040
1555.000000 0.054854
1556.000000 0.054762
1557.000000 0.052604
1558.000000 0.053639
1559.000000 0.047018
1560.000000 0.042452
1561.000000 0.044117
1562.000000 0.046282
1563.000000 0.045714
1564.000000 0.045144
1565.000000 0.040736
1566.000000 0.043159
1567.000000 0.041297
1568.000000 0.045864
1569.000000 0.043740
1570.000000 0.042994
1571.000000 0.045992
1572.000000 0.045779
1573.000000 0.051606
1574.000000 0.050238
1575.000000 0.048344
1576.000000 0.055463
1577.000000 0.055194
1578.000000 0.053709
1579.000000 0.055004
1580.000000 0.048579
1581.000000 0.043705
1582.000000 0.039473
1583.000000 0.043436
1584.000000 0.042790
1585.000000 0.039930
1586.000000 0.038800
1587.000000 0.042490
1588.000000 0.043439
1589.000000 0.043985
1590.000000 0.042436
1591.000000 0.048396
1592.000000 0.044774
1593.000000 0.045788
1594.000000 0.053719
1595.000000 0.056165
1596.000000 0.047662
1597.000000 0.050783
1598.000000 0.043559
1599.000000 0.038510
1600.000000 0.039108
1601.000000 0.036716
1602.000000 0.040466
1603.000000 0.043018
1604.000000 0.039134
1605.000000 0.039203
1606.000000 0.038206
1607.000000 0.040863
1608.000000 0.035213
1609.000000 0.038382
1610.000000 0.041749
1611.000000 0.044724
1612.000000 0.042292
1613.000000 0.040106
1614.000000 0.040941
1615.000000 0.039420
1616.000000 0.048346
1617.000000 0.046169
1618.000000 0.052840
1619.000000 0.050679
1620.000000 0.047996
1621.000000 0.043297
1622.000000 0.042598
1623.000000 0.042995
1624.000000 0.047338
1625.000000 0.041033
1626.000000 0.034047
1627.000000 0.034605
1628.000000 0.033056
1629.000000 0.033736
1630.000000 0.033950
1631.000000 0.035560
1632.000000 0.038369
1633.000000 0.038074
1634.000000 0.050432
1635.000000 0.047928
1636.000000 0.054918
1637.000000 0.048837
1638.000000 0.044314
1639.000000 0.055354
1640.000000 0.057170
1641.000000 0.053065
1642.000000 0.050962
1643.000000 0.048999
1644.000000 0.050393
1645.000000 0.054836
1646.000000 0.053652
1647.000000 0.046863
1648.000000 0.045029
1649.000000 0.047017
1650.000000 0.047637
1651.000000 0.045856
1652.000000 0.042054
1653.000000 0.038595
1654.000000 0.042880
1655.000000 0.039452
1656.000000 0.044555
1657.000000 0.053595
1658.000000 0.045062
1659.000000 0.042458
1660.000000 0.055408
1661.000000 0.049156
1662.000000 0.044726
1663.000000 0.049343
1664.000000 0.053813
1665.000000 0.050341
1666.000000 0.046919
1667.000000 0.044501
1668.000000 0.038466
1669.000000 0.040041
1670.000000 0.050377
1671.000000 0.050073
1672.000000 0.045490
1673.000000 0.042842
1674.000000 0.044764
1675.000000 0.039265
1676.000000 0.042919
1677.000000 0.044561
1678.000000 0.050191
1679.000000 0.042661
1680.000000 0.038052
1681.000000 0.038710
1682.000000 0.036288
1683.000000 0.042737
1684.000000 0.050299
1685.000000 0.048807
1686.000000 0.051551
1687.000000 0.052131
1688.000000 0.047526
1689.000000 0.043182
1690.000000 0.041206
1691.000000 0.043110
1692.000000 0.043617
1693.000000 0.039238
1694.000000 0.045554
1695.000000 0.042540
1696.000000 0.051054
1697.000000 0.046984
1698.000000 0.043537
1699.000000 0.046453
1700.000000 0.044578
1701.000000 0.039009
1702.000000 0.040039
1703.000000 0.038575
1704.000000 0.036122
1705.000000 0.043569
1706.000000 0.042222
1707.000000 0.042425
1708.000000 0.046980
1709.000000 0.054409
1710.000000 0.050617
1711.000000 0.048542
1712.000000 0.040972
1713.000000 0.042138
1714.000000 0.041661
1715.000000 0.039943
1716.000000 0.036184
1717.000000 0.037768
1718.000000 0.044620
1719.000000 0.039992
1720.000000 0.038407
1721.000000 0.047297
1722.000000 0.048807
1723.000000 0.049716
1724.000000 0.056135
1725.000000 0.058070
1726.000000 0.051229
1727.000000 0.051137
1728.000000 0.044158
1729.000000 0.036591
1730.000000 0.033058
1731.000000 0.039406
1732.000000 0.052545
1733.000000 0.050560
1734.000000 0.046904
1735.000000 0.047287
1736.000000 0.049864
1737.000000 0.046491
1738.000000 0.050149
1739.000000 0.048805
1740.000000 0.047907
1741.000000 0.046265
1742.000000 0.040865
1743.000000 0.040040
1744.000000 0.042162
1745.000000 0.042135
1746.000000 0.047174
1747.000000 0.041303
1748.000000 0.046910
1749.000000 0.043540
1750.000000 0.047298
1751.000000 0.055092
1752.000000 0.055894
1753.000000 0.046378
1754.000000 0.045087
1755.000000 0.050875
1756.000000 0.057679
1757.000000 0.047634
1758.000000 0.047805
1759.000000 0.042029
1760.000000 0.043704
1761.000000 0.040866
1762.000000 0.036573
1763.000000 0.041770
1764.000000 0.037602
1765.000000 0.033717
1766.000000 0.033004
1767.000000 0.035883
1768.000000 0.036696
1769.000000 0.052640
1770.000000 0.053336
1771.000000 0.050842
1772.000000 0.051325
1773.000000 0.054949
1774.000000 0.051975
1775.000000 0.053157
1776.000000 0.050957
1777.000000 0.049702
1778.000000 0.044929
1779.000000 0.047151
1780.000000 0.041742
1781.000000 0.039305
1782.000000 0.034553
1783.000000 0.044358
1784.000000 0.044501
1785.000000 0.048314
1786.000000 0.043210
1787.000000 0.042450
1788.000000 0.038831
1789.000000 0.045944
1790.000000 0.043739
1791.000000 0.051671
1792.000000 0.049978
1793.000000 0.045405
1794.000000 0.043633
1795.000000 0.047539
1796.000000 0.052312
1797.000000 0.050463
1798.000000 0.047165
1799.000000 0.043979
1800.000000 0.043853
1801.000000 0.043412
1802.000000 0.044061
1803.000000 0.048309
1804.000000 0.053486
1805.000000 0.052659
1806.000000 0.046434
1807.000000 0.042972
1808.000000 0.045701
1809.000000 0.041946
1810.000000 0.046232
1811.000000 0.048724
1812.000000 0.042825
1813.000000 0.037024
1814.000000 0.041332
1815.000000 0.044481
1816.000000 0.042257
1817.000000 0.042891
1818.000000 0.049232
1819.000000 0.047276
1820.000000 0.045213
1821.000000 0.040391
1822.000000 0.043300
1823.000000 0.037046
1824.000000 0.036345
1825.000000 0.036777
1826.000000 0.042003
1827.000000 0.040566
1828.000000 0.035230
1829.000000 0.040687
1830.000000 0.034753
1831.000000 0.035199
1832.000000 0.047045
1833.000000 0.045011
1834.000000 0.045253
1835.000000 0.057589
1836.000000 0.055481
1837.000000 0.060306
1838.000000 0.056085
1839.000000 0.054156
1840.000000 0.044754
1841.000000 0.046134
1842.000000 0.041708
1843.000000 0.045234
1844.000000 0.044266
1845.000000 0.036632
1846.000000 0.040056
1847.000000 0.040027
1848.000000 0.038663
1849.000000 0.045447
1850.000000 0.040853
1851.000000 0.041297
1852.000000 0.047484
1853.000000 0.048044
1854.000000 0.044739
1855.000000 0.045112
1856.000000 0.039955
1857.000000 0.039215
1858.000000 0.038508
1859.000000 0.050724
1860.000000 0.049775
1861.000000 0.048294
1862.000000 0.048815
1863.000000 0.043167
1864.000000 0.036455
1865.000000 0.046070
1866.000000 0.050549
1867.000000 0.046135
1868.000000 0.045426
1869.000000 0.040742
1870.000000 0.036985
1871.000000 0.035387
1872.000000 0.036906
1873.000000 0.041540
1874.000000 0.040662
1875.000000 0.042466
1876.000000 0.039378
1877.000000 0.048917
1878.000000 0.047560
1879.000000 0.040946
1880.000000 0.049064
1881.000000 0.054231
1882.000000 0.049183
1883.000000 0.057946
1884.000000 0.058004
1885.000000 0.052396
1886.000000 0.046777
1887.000000 0.048160
1888.000000 0.044041
1889.000000 0.036702
1890.000000 0.034227
1891.000000 0.033650
1892.000000 0.041928
1893.000000 0.040410
1894.000000 0.050698
1895.000000 0.051826
1896.000000 0.053488
1897.000000 0.053454
1898.000000 0.050337
1899.000000 0.043058
1900.000000 0.041804
1901.000000 0.049005
1902.000000 0.045508
1903.000000 0.043573
1904.000000 0.044958
1905.000000 0.038874
1906.000000 0.034742
1907.000000 0.051576
1908.000000 0.046233
1909.000000 0.051525
1910.000000 0.052718
1911.000000 0.050948
1912.000000 0.043495
1913.000000 0.042944
1914.000000 0.047626
1915.000000 0.042238
1916.000000 0.041687
1917.000000 0.039030
1918.000000 0.039182
1919.000000 0.042898
1920.000000 0.044063
1921.000000 0.044422
1922.000000 0.046911
1923.000000 0.047623
1924.000000 0.050881
1925.000000 0.046758
1926.000000 0.041796
1927.000000 0.038395
1928.000000 0.039616
1929.000000 0.043974
1930.000000 0.051853
1931.000000 0.050557
1932.000000 0.045426
1933.000000 0.047417
1934.000000 0.042809
1935.000000 0.046993
1936.000000 0.046483
1937.000000 0.044015
1938.000000 0.039155
1939.000000 0.037806
1940.000000 0.042092
1941.000000 0.043417
1942.000000 0.044484
1943.000000 0.045945
1944.000000 0.041553
1945.000000 0.041989
1946.000000 0.037287
1947.000000 0.031899
1948.000000 0.046213
1949.000000 0.053523
1950.000000 0.051026
1951.000000 0.051961
1952.000000 0.048640
1953.000000 0.051099
1954.000000 0.046681
1955.000000 0.052054
1956.000000 0.046517
1957.000000 0.041290
1958.000000 0.039193
1959.000000 0.044530
1960.000000 0.043851
1961.000000 0.043791
1962.000000 0.040433
1963.000000 0.044493
1964.000000 0.049582
1965.000000 0.049712
1966.000000 0.046297
1967.000000 0.046797
1968.000000 0.043364
1969.000000 0.047260
1970.000000 0.044600
1971.000000 0.039469
1972.000000 0.040486
1973.000000 0.049451
1974.000000 0.043388
1975.000000 0.045060
1976.000000 0.049529
1977.000000 0.048202
1978.000000 0.049508
1979.000000 0.048533
1980.000000 0.043511
1981.000000 0.046548
1982.000000 0.039769
1983.000000 0.038350
1984.000000 0.040005
1985.000000 0.035223
1986.000000 0.039484
1987.000000 0.042183
1988.000000 0.045454
1989.000000 0.046767
1990.000000 0.043993
1991.000000 0.044904
1992.000000 0.046981
1993.000000 0.054589
1994.000000 0.054759
1995.000000 0.052385
1996.000000 0.051675
1997.000000 0.049327
1998.000000 0.049110
1999.000000 0.044643
2000.000000 0.042535
2001.000000 0.038664
2002.000000 0.041640
2003.000000 0.041728
2004.000000 0.042167
2005.000000 0.049948
2006.000000 0.042164
2007.000000 0.042892
2008.000000 0.046140
2009.000000 0.047905
2010.000000 0.044023
2011.000000 0.038436
2012.000000 0.036936
2013.000000 0.037226
2014.000000 0.038547
2015.000000 0.045184
2016.000000 0.043215
2017.000000 0.045446
2018.000000 0.040289
2019.000000 0.038719
2020.000000 0.039944
2021.000000 0.043635
2022.000000 0.043638
2023.000000 0.041813
2024.000000 0.046996
2025.000000 0.046825
2026.000000 0.039930
2027.000000 0.034018
2028.000000 0.038592
2029.000000 0.043397
2030.000000 0.035941
2031.000000 0.034427
2032.000000 0.040558
2033.000000 0.050333
2034.000000 0.047943
2035.000000 0.044744
2036.000000 0.044165
2037.000000 0.048507
2038.000000 0.042584
2039.000000 0.045472
2040.000000 0.055106
2041.000000 0.050432
2042.000000 0.052772
2043.000000 0.049650
2044.000000 0.047578
2045.000000 0.044828
2046.000000 0.045086
2047.000000 0.044110
2048.000000 0.040183
2049.000000 0.043369
2050.000000 0.045859
2051.000000 0.045114
2052.000000 0.044172
2053.000000 0.046747
2054.000000 0.041297
2055.000000 0.035340
2056.000000 0.038835
2057.000000 0.043025
2058.000000 0.037568
2059.000000 0.039333
2060.000000 0.043958
2061.000000 0.042298
2062.000000 0.047544
2063.000000 0.045181
2064.000000 0.044623
2065.000000 0.038923
2066.000000 0.033866
2067.000000 0.034508
2068.000000 0.044271
2069.000000 0.043171
2070.000000 0.047478
2071.000000 0.047744
2072.000000 0.048962
2073.000000 0.048150
2074.000000 0.043618
2075.000000 0.047338
2076.000000 0.051078
2077.000000 0.045783
2078.000000 0.048909
2079.000000 0.048008
2080.000000 0.044804
2081.000000 0.045369
2082.000000 0.043588
2083.000000 0.045800
2084.000000 0.052028
2085.000000 0.051396
2086.000000 0.049616
2087.000000 0.051591
2088.000000 0.043981
2089.000000 0.043855
2090.000000 0.047551
2091.000000 0.042774
2092.000000 0.037499
2093.000000 0.034848
2094.000000 0.031234
2095.000000 0.033049
2096.000000 0.040658
2097.000000 0.036125
2098.000000 0.033444
2099.000000 0.041896
2100.000000 0.044440
2101.000000 0.049014
2102.000000 0.047427
2103.000000 0.047252
2104.000000 0.044826
2105.000000 0.041997
2106.000000 0.042860
2107.000000 0.041092
2108.000000 0.043289
2109.000000 0.044862
2110.000000 0.041951
2111.000000 0.042474
2112.000000 0.042135
2113.000000 0.042487
2114.000000 0.037482
2115.000000 0.036561
2116.000000 0.031847
2117.000000 0.042559
2118.000000 0.045581
2119.000000 0.054761
2120.000000 0.054588
2121.000000 0.056281
2122.000000 0.051631
2123.000000 0.048758
2124.000000 0.043386
2125.000000 0.048552
2126.000000 0.041704
2127.000000 0.036407
2128.000000 0.030225
2129.000000 0.034261
2130.000000 0.044273
2131.000000 0.040411
2132.000000 0.036810
2133.000000 0.035011
2134.000000 0.033033
2135.000000 0.036843
2136.000000 0.037191
2137.000000 0.042903
2138.000000 0.044382
2139.000000 0.053585
2140.000000 0.052855
2141.000000 0.044687
2142.000000 0.047534
2143.000000 0.047466
2144.000000 0.045070
2145.000000 0.037341
2146.000000 0.034651
2147.000000 0.034248
2148.000000 0.030073
2149.000000 0.035703
2150.000000 0.045444
2151.000000 0.043531
2152.000000 0.041693
2153.000000 0.044712
2154.000000 0.044515
2155.000000 0.050324
2156.000000 0.061908
2157.000000 0.060218
2158.000000 0.057941
2159.000000 0.059963
2160.000000 0.055493
2161.000000 0.049600
2162.000000 0.046864
2163.000000 0.050430
2164.000000 0.055042
2165.000000 0.052557
2166.000000 0.049803
2167.000000 0.045148
2168.000000 0.046770
2169.000000 0.043882
2170.000000 0.036868
2171.000000 0.037369
2172.000000 0.041666
2173.000000 0.044214
2174.000000 0.044189
2175.000000 0.048255
2176.000000 0.056555
2177.000000 0.052035
2178.000000 0.059296
2179.000000 0.059204
2180.000000 0.067650
2181.000000 0.060936
2182.000000 0.056715
2183.000000 0.051321
2184.000000 0.049677
2185.000000 0.046996
2186.000000 0.042515
2187.000000 0.044248
2188.000000 0.044266
2189.000000 0.042440
2190.000000 0.040296
2191.000000 0.034929
2192.000000 0.041979
2193.000000 0.044557
2194.000000 0.045884
2195.000000 0.049090
2196.000000 0.041974
2197.000000 0.044777
2198.000000 0.043509
2199.000000 0.045589
2200.000000 0.046703
2201.000000 0.052545
2202.000000 0.055596
2203.000000 0.054086
2204.000000 0.052206
2205.000000 0.045660
2206.000000 0.039352
2207.000000 0.040102
2208.000000 0.033994
2209.000000 0.032681
2210.000000 0.031569
2211.000000 0.037050
2212.000000 0.042413
2213.000000 0.042131
2214.000000 0.038504
2215.000000 0.041474
2216.000000 0.052983
2217.000000 0.052351
2218.000000 0.048776
2219.000000 0.046928
2220.000000 0.057290
2221.000000 0.059158
2222.000000 0.056008
2223.000000 0.047207
2224.000000 0.056964
2225.000000 0.049407
2226.000000 0.056968
2227.000000 0.052666
2228.000000 0.048728
2229.000000 0.050995
2230.000000 0.052547
2231.000000 0.048357
2232.000000 0.053011
2233.000000 0.048437
2234.000000 0.042440
2235.000000 0.036227
2236.000000 0.036584
2237.000000 0.034413
2238.000000 0.038328
2239.000000 0.037950
2240.000000 0.048297
2241.000000 0.041528
2242.000000 0.048917
2243.000000 0.055677
2244.000000 0.053972
2245.000000 0.047161
2246.000000 0.050898
2247.000000 0.058592
2248.000000 0.052075
2249.000000 0.044580
2250.000000 0.050568
2251.000000 0.050010
2252.000000 0.043002
2253.000000 0.041902
2254.000000 0.038768
2255.000000 0.036257
2256.000000 0.042670
2257.000000 0.046091
2258.000000 0.048176
2259.000000 0.045541
2260.000000 0.045777
2261.000000 0.044817
2262.000000 0.039423
2263.000000 0.036865
2264.000000 0.038428
2265.000000 0.035093
2266.000000 0.039664
2267.000000 0.050446
2268.000000 0.050680
2269.000000 0.047837
2270.000000 0.041887
2271.000000 0.039508
2272.000000 0.047157
2273.000000 0.046390
2274.000000 0.040504
2275.000000 0.050993
2276.000000 0.050482
2277.000000 0.051453
2278.000000 0.050139
2279.000000 0.044318
2280.000000 0.043852
2281.000000 0.045021
2282.000000 0.044952
2283.000000 0.040488
2284.000000 0.036963
2285.000000 0.037204
2286.000000 0.038025
2287.000000 0.040670
2288.000000 0.043820
2289.000000 0.048298
2290.000000 0.041879
2291.000000 0.045584
2292.000000 0.044683
2293.000000 0.055986
2294.000000 0.054054
2295.000000 0.044661
2296.000000 0.042263
2297.000000 0.036639
2298.000000 0.044503
2299.000000 0.044023
2300.000000 0.038510
2301.000000 0.044922
2302.000000 0.037182
2303.000000 0.041132
2304.000000 0.040603
2305.000000 0.042761
2306.000000 0.041327
2307.000000 0.034606
2308.000000 0.036285
2309.000000 0.046037
2310.000000 0.048341
2311.000000 0.051872
2312.000000 0.050394
2313.000000 0.044681
2314.000000 0.043687
2315.000000 0.037591
2316.000000 0.039650
2317.000000 0.038582
2318.000000 0.043944
2319.000000 0.048980
2320.000000 0.041070
2321.000000 0.046661
2322.000000 0.038606
2323.000000 0.043192
2324.000000 0.037761
2325.000000 0.035536
2326.000000 0.037283
2327.000000 0.037845
2328.000000 0.035660
2329.000000 0.043208
2330.000000 0.045741
2331.000000 0.045888
2332.000000 0.052089
2333.000000 0.051492
2334.000000 0.051512
2335.000000 0.049580
2336.000000 0.052317
2337.000000 0.047376
2338.000000 0.042991
2339.000000 0.038928
2340.000000 0.034031
2341.000000 0.034637
2342.000000 0.044221
2343.000000 0.053497
2344.000000 0.050281
2345.000000 0.043224
2346.000000 0.044186
2347.000000 0.038399
2348.000000 0.038156
2349.000000 0.039429
2350.000000 0.035166
2351.000000 0.036264
2352.000000 0.041100
2353.000000 0.047802
2354.000000 0.040850
2355.000000 0.049175
2356.000000 0.050142
2357.000000 0.044589
2358.000000 0.041960
2359.000000 0.040217
2360.000000 0.046358
2361.000000 0.044634
2362.000000 0.038427
2363.000000 0.041957
2364.000000 0.044888
2365.000000 0.045124
2366.000000 0.037737
2367.000000 0.048699
2368.000000 0.044206
2369.000000 0.056536
2370.000000 0.052445
2371.000000 0.045006
2372.000000 0.040645
2373.000000 0.039054
2374.000000 0.037322
2375.000000 0.038220
2376.000000 0.042916
2377.000000 0.042809
2378.000000 0.041425
2379.000000 0.043373
2380.000000 0.041527
2381.000000 0.045477
2382.000000 0.044406
2383.000000 0.043598
2384.000000 0.045963
2385.000000 0.046214
2386.000000 0.044026
2387.000000 0.044623
2388.000000 0.041402
2389.000000 0.039501
2390.000000 0.042046
2391.000000 0.053277
2392.000000 0.054310
2393.000000 0.055477
2394.000000 0.051427
2395.000000 0.044773
2396.000000 0.048290
2397.000000 0.054660
2398.000000 0.048226
2399.000000 0.049830
2400.000000 0.047639
2401.000000 0.044894
2402.000000 0.041933
2403.000000 0.041699
2404.000000 0.043297
2405.000000 0.040997
2406.000000 0.043740
2407.000000 0.042111
2408.000000 0.060820
2409.000000 0.063412
2410.000000 0.061118
2411.000000 0.054824
2412.000000 0.053346
2413.000000 0.050847
2414.000000 0.046451
2415.000000 0.041311
2416.000000 0.040202
2417.000000 0.041738
2418.000000 0.038898
2419.000000 0.041476
2420.000000 0.048145
2421.000000 0.050822
2422.000000 0.048704
2423.000000 0.052531
2424.000000 0.048202
2425.000000 0.050054
2426.000000 0.050132
2427.000000 0.046567
2428.000000 0.045615
2429.000000 0.046608
2430.000000 0.043199
2431.000000 0.036213
2432.000000 0.040797
2433.000000 0.042043
2434.000000 0.048651
2435.000000 0.047110
2436.000000 0.053944
2437.000000 0.056324
2438.000000 0.055004
2439.000000 0.052062
2440.000000 0.047193
2441.000000 0.043122
2442.000000 0.046570
2443.000000 0.048847
2444.000000 0.052946
2445.000000 0.048662
2446.000000 0.048173
2447.000000 0.044533
2448.000000 0.040144
2449.000000 0.042660
2450.000000 0.041029
2451.000000 0.037113
2452.000000 0.043455
2453.000000 0.042131
2454.000000 0.039324
2455.000000 0.046007
2456.000000 0.052514
2457.000000 0.052147
2458.000000 0.050428
2459.000000 0.051507
2460.000000 0.045265
2461.000000 0.040792
2462.000000 0.041868
2463.000000 0.039262
2464.000000 0.036199
2465.000000 0.038945
2466.000000 0.034487
2467.000000 0.033004
2468.000000 0.038305
2469.000000 0.036156
2470.000000 0.041554
2471.000000 0.046487
2472.000000 0.042793
2473.000000 0.049676
2474.000000 0.048398
2475.000000 0.043110
2476.000000 0.037521
2477.000000 0.040994
2478.000000 0.045579
2479.000000 0.049878
2480.000000 0.054616
2481.000000 0.051218
2482.000000 0.047497
2483.000000 0.044479
2484.000000 0.043907
2485.000000 0.040067
2486.000000 0.033744
2487.000000 0.033322
2488.000000 0.043401
2489.000000 0.052002
2490.000000 0.053054
2491.000000 0.049311
2492.000000 0.043693
2493.000000 0.039263
2494.000000 0.047531
2495.000000 0.043723
2496.000000 0.039064
2497.000000 0.045710
2498.000000 0.042138
2499.000000 0.043261
2500.000000 0.039779
2501.000000 0.043712
2502.000000 0.048187
2503.000000 0.052538
2504.000000 0.050659
2505.000000 0.047767
2506.000000 0.045996
2507.000000 0.045777
2508.000000 0.051705
2509.000000 0.046250
2510.000000 0.042623
2511.000000 0.041921
2512.000000 0.041277
2513.000000 0.036385
2514.000000 0.037930
2515.000000 0.033991
2516.000000 0.037887
2517.000000 0.043340
2518.000000 0.043005
2519.000000 0.044326
2520.000000 0.046168
2521.000000 0.045574
2522.000000 0.051305
2523.000000 0.052016
2524.000000 0.049870
2525.000000 0.046106
2526.000000 0.044126
2527.000000 0.044694
2528.000000 0.048718
2529.000000 0.052077
2530.000000 0.049096
2531.000000 0.044645
2532.000000 0.051108
2533.000000 0.048901
2534.000000 0.045343
2535.000000 0.042130
2536.000000 0.050193
2537.000000 0.051333
2538.000000 0.043052
2539.000000 0.043998
2540.000000 0.039982
2541.000000 0.041742
2542.000000 0.041238
2543.000000 0.039812
2544.000000 0.038634
2545.000000 0.039155
2546.000000 0.046003
2547.000000 0.043338
2548.000000 0.044220
2549.000000 0.045080
2550.000000 0.043069
2551.000000 0.048797
2552.000000 0.052324
2553.000000 0.048366
2554.000000 0.044849
2555.000000 0.048698
2556.000000 0.042463
2557.000000 0.048333
2558.000000 0.046205
2559.000000 0.046566
2560.000000 0.046139
2561.000000 0.042324
2562.000000 0.045245
2563.000000 0.047058
2564.000000 0.047965
2565.000000 0.041371
2566.000000 0.045853
2567.000000 0.041871
2568.000000 0.042587
2569.000000 0.042547
2570.000000 0.042027
2571.000000 0.039098
2572.000000 0.034750
2573.000000 0.040053
2574.000000 0.037474
2575.000000 0.038278
2576.000000 0.037611
2577.000000 0.039949
2578.000000 0.040555
2579.000000 0.047040
2580.000000 0.047017
2581.000000 0.049868
2582.000000 0.044098
2583.000000 0.045256
2584.000000 0.046868
2585.000000 0.054234
2586.000000 0.055434
2587.000000 0.050573
2588.000000 0.056621
2589.000000 0.048749
2590.000000 0.042891
2591.000000 0.048802
2592.000000 0.041369
2593.000000 0.040010
2594.000000 0.040621
2595.000000 0.036663
2596.000000 0.039238
2597.000000 0.049392
2598.000000 0.058050
2599.000000 0.060809
2600.000000 0.066437
2601.000000 0.062382
2602.000000 0.052664
2603.000000 0.049384
2604.000000 0.040907
2605.000000 0.043600
2606.000000 0.042257
2607.000000 0.039916
2608.000000 0.047203
2609.000000 0.046622
2610.000000 0.048099
2611.000000 0.051549
2612.000000 0.049768
2613.000000 0.046060
2614.000000 0.045744
2615.000000 0.044847
2616.000000 0.049132
2617.000000 0.050218
2618.000000 0.044385
2619.000000 0.040315
2620.000000 0.045059
2621.000000 0.043391
2622.000000 0.046466
2623.000000 0.041879
2624.000000 0.044584
2625.000000 0.049284
2626.000000 0.044987
2627.000000 0.041247
2628.000000 0.035629
2629.000000 0.038633
2630.000000 0.045234
2631.000000 0.044193
2632.000000 0.048549
2633.000000 0.050725
2634.000000 0.050977
2635.000000 0.051141
2636.000000 0.046353
2637.000000 0.046574
2638.000000 0.049121
2639.000000 0.041202
2640.000000 0.043266
2641.000000 0.039931
2642.000000 0.041133
2643.000000 0.045268
2644.000000 0.045683
2645.000000 0.043318
2646.000000 0.036316
2647.000000 0.040697
2648.000000 0.036190
2649.000000 0.037085
2650.000000 0.038474
2651.000000 0.041573
2652.000000 0.037911
2653.000000 0.045574
2654.000000 0.052314
2655.000000 0.045624
2656.000000 0.042207
2657.000000 0.039650
2658.000000 0.041887
2659.000000 0.040962
2660.000000 0.036323
2661.000000 0.032942
2662.000000 0.040431
2663.000000 0.039386
2664.000000 0.039713
2665.000000 0.041306
2666.000000 0.045666
2667.000000 0.046228
2668.000000 0.047186
2669.000000 0.046780
2670.000000 0.045591
2671.000000 0.048871
2672.000000 0.049269
2673.000000 0.049110
2674.000000 0.044544
2675.000000 0.049446
2676.000000 0.047838
2677.000000 0.044564
2678.000000 0.050056
2679.000000 0.044508
2680.000000 0.047391
2681.000000 0.045281
2682.000000 0.051430
2683.000000 0.056476
2684.000000 0.052673
2685.000000 0.054807
2686.000000 0.054318
2687.000000 0.051495
2688.000000 0.055127
2689.000000 0.053163
2690.000000 0.049589
2691.000000 0.044719
2692.000000 0.038797
2693.000000 0.032148
2694.000000 0.034894
2695.000000 0.042191
2696.000000 0.041583
2697.000000 0.039191
2698.000000 0.034043
2699.000000 0.032148
2700.000000 0.036680
2701.000000 0.035636
2702.000000 0.036989
2703.000000 0.039512
2704.000000 0.039526
2705.000000 0.037364
2706.000000 0.038388
2707.000000 0.039198
2708.000000 0.045007
2709.000000 0.051260
2710.000000 0.053646
2711.000000 0.051538
2712.000000 0.048998
2713.000000 0.042779
2714.000000 0.043945
2715.000000 0.036429
2716.000000 0.042082
2717.000000 0.040201
2718.000000 0.044239
2719.000000 0.048849
2720.000000 0.045251
2721.000000 0.041432
2722.000000 0.041390
2723.000000 0.042150
2724.000000 0.059015
2725.000000 0.050662
2726.000000 0.046463
2727.000000 0.049972
2728.000000 0.054243
2729.000000 0.049949
2730.000000 0.048073
2731.000000 0.043237
2732.000000 0.041976
2733.000000 0.050118
2734.000000 0.043888
2735.000000 0.041130
2736.000000 0.038123
2737.000000 0.043149
2738.000000 0.041632
2739.000000 0.039075
2740.000000 0.041061
2741.000000 0.046567
2742.000000 0.041613
2743.000000 0.040993
2744.000000 0.037876
2745.000000 0.042132
2746.000000 0.044194
2747.000000 0.046272
2748.000000 0.043166
2749.000000 0.042465
2750.000000 0.044972
2751.000000 0.041857
2752.000000 0.046718
2753.000000 0.046453
2754.000000 0.048577
2755.000000 0.045834
2756.000000 0.046691
2757.000000 0.050194
2758.000000 0.041569
2759.000000 0.035720
2760.000000 0.037633
2761.000000 0.036679
2762.000000 0.037204
2763.000000 0.038261
2764.000000 0.039911
2765.000000 0.047644
2766.000000 0.044721
2767.000000 0.045818
2768.000000 0.049695
2769.000000 0.051744
2770.000000 0.048906
2771.000000 0.050146
2772.000000 0.046648
2773.000000 0.043977
2774.000000 0.043879
2775.000000 0.040802
2776.000000 0.042239
2777.000000 0.048722
2778.000000 0.052253
2779.000000 0.054855
2780.000000 0.054201
2781.000000 0.052944
2782.000000 0.050145
2783.000000 0.056151
2784.000000 0.046422
2785.000000 0.040310
2786.000000 0.040837
2787.000000 0.036879
2788.000000 0.031689
2789.000000 0.031572
2790.000000 0.030537
2791.000000 0.030968
2792.000000 0.039912
2793.000000 0.042631
2794.000000 0.038864
2795.000000 0.035790
2796.000000 0.046616
2797.000000 0.043655
2798.000000 0.053131
2799.000000 0.047758
2800.000000 0.049457
2801.000000 0.044750
2802.000000 0.038519
2803.000000 0.043623
2804.000000 0.041593
2805.000000 0.039645
2806.000000 0.044243
2807.000000 0.041006
2808.000000 0.046276
2809.000000 0.050307
2810.000000 0.050912
2811.000000 0.048976
2812.000000 0.051638
2813.000000 0.047208
2814.000000 0.048440
2815.000000 0.049100
2816.000000 0.044580
2817.000000 0.051966
2818.000000 0.053219
2819.000000 0.051401
2820.000000 0.048026
2821.000000 0.043273
2822.000000 0.048139
2823.000000 0.044757
2824.000000 0.041791
2825.000000 0.040920
2826.000000 0.044497
2827.000000 0.043941
2828.000000 0.041046
2829.000000 0.037082
2830.000000 0.044934
2831.000000 0.039448
2832.000000 0.042732
2833.000000 0.037160
2834.000000 0.043229
2835.000000 0.041844
2836.000000 0.045620
2837.000000 0.039171
2838.000000 0.039766
2839.000000 0.040810
2840.000000 0.051388
2841.000000 0.053276
2842.000000 0.047182
2843.000000 0.048683
2844.000000 0.042876
2845.000000 0.049012
2846.000000 0.045354
2847.000000 0.044126
2848.000000 0.045217
2849.000000 0.049900
2850.000000 0.049066
2851.000000 0.045769
2852.000000 0.044024
2853.000000 0.046600
2854.000000 0.042015
2855.000000 0.038958
2856.000000 0.037748
2857.000000 0.038248
2858.000000 0.037880
2859.000000 0.042681
2860.000000 0.059747
2861.000000 0.050710
2862.000000 0.049780
2863.000000 0.050988
2864.000000 0.047602
2865.000000 0.048795
2866.000000 0.046283
2867.000000 0.039596
2868.000000 0.034563
2869.000000 0.034094
2870.000000 0.032025
2871.000000 0.038985
2872.000000 0.034148
2873.000000 0.033722
2874.000000 0.048083
2875.000000 0.051390
2876.000000 0.057142
2877.000000 0.052260
2878.000000 0.053687
2879.000000 0.047200
2880.000000 0.049311
2881.000000 0.048622
2882.000000 0.060184
2883.000000 0.058246
2884.000000 0.050992
2885.000000 0.044365
2886.000000 0.041822
2887.000000 0.035516
2888.000000 0.036243
2889.000000 0.038845
2890.000000 0.035407
2891.000000 0.035758
2892.000000 0.049265
2893.000000 0.046287
2894.000000 0.043185
2895.000000 0.042529
2896.000000 0.042531
2897.000000 0.040730
2898.000000 0.043292
2899.000000 0.054147
2900.000000 0.048503
2901.000000 0.045991
2902.000000 0.048821
2903.000000 0.054708
2904.000000 0.052994
2905.000000 0.050485
2906.000000 0.043258
2907.000000 0.040859
2908.000000 0.042080
2909.000000 0.042203
2910.000000 0.039685
2911.000000 0.046581
2912.000000 0.044781
2913.000000 0.042596
2914.000000 0.045379
2915.000000 0.042366
2916.000000 0.041265
2917.000000 0.040408
2918.000000 0.040360
2919.000000 0.039783
2920.000000 0.035560
2921.000000 0.036070
2922.000000 0.036805
2923.000000 0.038907
2924.000000 0.053804
2925.000000 0.054317
2926.000000 0.049825
2927.000000 0.051237
2928.000000 0.053439
2929.000000 0.058339
2930.000000 0.054446
2931.000000 0.053961
2932.000000 0.058093
2933.000000 0.055425
2934.000000 0.055750
2935.000000 0.046009
2936.000000 0.038033
2937.000000 0.037340
2938.000000 0.036063
2939.000000 0.038766
2940.000000 0.037000
2941.000000 0.038084
2942.000000 0.035121
2943.000000 0.035023
2944.000000 0.034894
2945.000000 0.040784
2946.000000 0.043536
2947.000000 0.046452
2948.000000 0.050360
2949.000000 0.051696
2950.000000 0.045896
2951.000000 0.043557
2952.000000 0.048617
2953.000000 0.052054
2954.000000 0.045503
2955.000000 0.039310
2956.000000 0.035977
2957.000000 0.039722
2958.000000 0.037935
2959.000000 0.037494
2960.000000 0.036292
2961.000000 0.031324
2962.000000 0.028110
2963.000000 0.039905
2964.000000 0.038575
2965.000000 0.041305
2966.000000 0.041343
2967.000000 0.047924
2968.000000 0.046109
2969.000000 0.048522
2970.000000 0.049460
2971.000000 0.054162
2972.000000 0.050969
2973.000000 0.047911
2974.000000 0.047133
2975.000000 0.041450
2976.000000 0.046069
2977.000000 0.042775
2978.000000 0.038362
2979.000000 0.048389
2980.000000 0.046269
2981.000000 0.044076
2982.000000 0.045073
2983.000000 0.044201
2984.000000 0.045468
2985.000000 0.052599
2986.000000 0.051979
2987.000000 0.049168
2988.000000 0.051638
2989.000000 0.051520
2990.000000 0.047789
2991.000000 0.045191
2992.000000 0.049495
2993.000000 0.040985
2994.000000 0.042846
2995.000000 0.051286
2996.000000 0.044360
2997.000000 0.039541
2998.000000 0.040577
2999.000000 0.039201
3000.000000 0.042734
3001.000000 0.051535
3002.000000 0.047300
3003.000000 0.045294
3004.000000 0.039268
3005.000000 0.042286
3006.000000 0.042549
3007.000000 0.035902
3008.000000 0.037057
3009.000000 0.041280
3010.000000 0.034216
3011.000000 0.037962
3012.000000 0.042162
3013.000000 0.047508
3014.000000 0.051217
3015.000000 0.046685
3016.000000 0.047506
3017.000000 0.050043
3018.000000 0.065359
3019.000000 0.066277
3020.000000 0.069013
3021.000000 0.062995
3022.000000 0.055569
3023.000000 0.051286
3024.000000 0.051139
3025.000000 0.046333
3026.000000 0.039837
3027.000000 0.042403
3028.000000 0.040763
3029.000000 0.041295
3030.000000 0.040408
3031.000000 0.035853
3032.000000 0.037640
3033.000000 0.047572
3034.000000 0.048551
3035.000000 0.053115
3036.000000 0.062137
3037.000000 0.057788
3038.000000 0.056490
3039.000000 0.054501
3040.000000 0.052830
3041.000000 0.049519
3042.000000 0.050986
3043.000000 0.055682
3044.000000 0.049158
3045.000000 0.048220
3046.000000 0.050979
3047.000000 0.051568
3048.000000 0.052806
3049.000000 0.044235
3050.000000 0.046648
3051.000000 0.049534
3052.000000 0.054964
3053.000000 0.059923
3054.000000 0.050841
3055.000000 0.045165
3056.000000 0.041818
3057.000000 0.044920
3058.000000 0.046053
3059.000000 0.051672
3060.000000 0.046594
3061.000000 0.041872
3062.000000 0.045425
3063.000000 0.043162
3064.000000 0.045727
3065.000000 0.046625
3066.000000 0.049282
3067.000000 0.046220
3068.000000 0.040176
3069.000000 0.045193
3070.000000 0.045802
3071.000000 0.041416
3072.000000 0.046816
3073.000000 0.044802
3074.000000 0.043525
3075.000000 0.044931
3076.000000 0.043678
3077.000000 0.042946
3078.000000 0.037913
3079.000000 0.040081
3080.000000 0.042567
3081.000000 0.038648
3082.000000 0.039522
3083.000000 0.045659
3084.000000 0.049369
3085.000000 0.052902
3086.000000 0.052035
3087.000000 0.043298
3088.000000 0.045094
3089.000000 0.045175
3090.000000 0.049421
3091.000000 0.056681
3092.000000 0.048821
3093.000000 0.043217
3094.000000 0.039938
3095.000000 0.036880
3096.000000 0.043411
3097.000000 0.048437
3098.000000 0.050718
3099.000000 0.051387
3100.000000 0.046568
3101.000000 0.043908
3102.000000 0.044564
3103.000000 0.040841
3104.000000 0.035604
3105.000000 0.042744
3106.000000 0.045451
3107.000000 0.051050
3108.000000 0.053508
3109.000000 0.051425
3110.000000 0.047823
3111.000000 0.051788
3112.000000 0.054048
3113.000000 0.055923
3114.000000 0.057498
3115.000000 0.052781
3116.000000 0.050131
3117.000000 0.046365
3118.000000 0.040454
3119.000000 0.043755
3120.000000 0.042176
3121.000000 0.038940
3122.000000 0.039387
3123.000000 0.036802
3124.000000 0.032446
3125.000000 0.030442
3126.000000 0.025296
3127.000000 0.040003
3128.000000 0.054759
3129.000000 0.058358
3130.000000 0.058348
3131.000000 0.051078
3132.000000 0.044754
3133.000000 0.054590
3134.000000 0.053389
3135.000000 0.050703
3136.000000 0.049899
3137.000000 0.047733
3138.000000 0.043053
3139.000000 0.041518
3140.000000 0.045637
3141.000000 0.041112
3142.000000 0.043434
3143.000000 0.043426
3144.000000 0.044620
3145.000000 0.048672
3146.000000 0.044179
3147.000000 0.042507
3148.000000 0.044372
3149.000000 0.043529
3150.000000 0.037430
3151.000000 0.039848
3152.000000 0.038440
3153.000000 0.038857
3154.000000 0.043608
3155.000000 0.043547
3156.000000 0.046180
3157.000000 0.038263
3158.000000 0.044849
3159.000000 0.039589
3160.000000 0.048726
3161.000000 0.064212
3162.000000 0.055928
3163.000000 0.049317
3164.000000 0.048813
3165.000000 0.047957
3166.000000 0.040071
3167.000000 0.045707
3168.000000 0.047394
3169.000000 0.043009
3170.000000 0.037005
3171.000000 0.035986
3172.000000 0.039979
3173.000000 0.050588
3174.000000 0.046283
3175.000000 0.047644
3176.000000 0.052481
3177.000000 0.048669
3178.000000 0.043399
3179.000000 0.049438
3180.000000 0.044652
3181.000000 0.039261
3182.000000 0.042157
3183.000000 0.053462
3184.000000 0.053832
3185.000000 0.045720
3186.000000 0.044011
3187.000000 0.053164
3188.000000 0.047391
3189.000000 0.052893
3190.000000 0.047831
3191.000000 0.044876
3192.000000 0.042785
3193.000000 0.039092
3194.000000 0.041034
3195.000000 0.044797
3196.000000 0.042650
3197.000000 0.037246
3198.000000 0.036061
3199.000000 0.043743
3200.000000 0.046761
3201.000000 0.047023
3202.000000 0.044795
3203.000000 0.047707
3204.000000 0.047293
3205.000000 0.047142
3206.000000 0.045320
3207.000000 0.045814
3208.000000 0.049489
3209.000000 0.046855
3210.000000 0.049136
3211.000000 0.043708
3212.000000 0.043078
3213.000000 0.037997
3214.000000 0.038980
3215.000000 0.039416
3216.000000 0.035546
3217.000000 0.039691
3218.000000 0.040548
3219.000000 0.051883
3220.000000 0.049747
3221.000000 0.041909
3222.000000 0.044002
3223.000000 0.051179
3224.000000 0.052183
3225.000000 0.051223
3226.000000 0.047590
3227.000000 0.042262
3228.000000 0.041589
3229.000000 0.054253
3230.000000 0.057017
3231.000000 0.059184
3232.000000 0.051647
3233.000000 0.049687
3234.000000 0.043459
3235.000000 0.038154
3236.000000 0.038802
3237.000000 0.040477
3238.000000 0.041901
3239.000000 0.045552
3240.000000 0.046186
3241.000000 0.053091
3242.000000 0.053613
3243.000000 0.052276
3244.000000 0.047965
3245.000000 0.046641
3246.000000 0.042232
3247.000000 0.039123
3248.000000 0.043314
3249.000000 0.038630
3250.000000 0.036915
3251.000000 0.036460
3252.000000 0.037359
3253.000000 0.037717
3254.000000 0.043815
3255.000000 0.040950
3256.000000 0.039903
3257.000000 0.037861
3258.000000 0.043691
3259.000000 0.037640
3260.000000 0.036886
3261.000000 0.041566
3262.000000 0.043740
3263.000000 0.048520
3264.000000 0.055736
3265.000000 0.046033
3266.000000 0.047459
3267.000000 0.040823
3268.000000 0.041287
3269.000000 0.042645
3270.000000 0.041017
3271.000000 0.040537
3272.000000 0.034985
3273.000000 0.042355
3274.000000 0.048479
3275.000000 0.041995
3276.000000 0.046562
3277.000000 0.048083
3278.000000 0.048022
3279.000000 0.045232
3280.000000 0.047571
3281.000000 0.040767
3282.000000 0.049461
3283.000000 0.061179
3284.000000 0.052605
3285.000000 0.058932
3286.000000 0.056499
3287.000000 0.053864
3288.000000 0.049474
3289.000000 0.044543
3290.000000 0.042653
3291.000000 0.035297
3292.000000 0.035571
3293.000000 0.029984
3294.000000 0.032213
3295.000000 0.036984
3296.000000 0.038863
3297.000000 0.040019
3298.000000 0.047600
3299.000000 0.041037
3300.000000 0.045333
3301.000000 0.046521
3302.000000 0.038493
3303.000000 0.041308
3304.000000 0.044891
3305.000000 0.043508
3306.000000 0.039860
3307.000000 0.039996
3308.000000 0.041002
3309.000000 0.042161
3310.000000 0.036909
3311.000000 0.035381
3312.000000 0.035754
3313.000000 0.038538
3314.000000 0.033239
3315.000000 0.036867
3316.000000 0.034344
3317.000000 0.034405
3318.000000 0.045535
3319.000000 0.045484
3320.000000 0.052926
3321.000000 0.050296
3322.000000 0.048273
3323.000000 0.054907
3324.000000 0.050829
3325.000000 0.056972
3326.000000 0.057085
3327.000000 0.054253
3328.000000 0.049097
3329.000000 0.051944
3330.000000 0.046144
3331.000000 0.044915
3332.000000 0.052328
3333.000000 0.050289
3334.000000 0.053353
3335.000000 0.052403
3336.000000 0.057305
3337.000000 0.050101
3338.000000 0.043182
3339.000000 0.042482
3340.000000 0.041043
3341.000000 0.040703
3342.000000 0.040081
3343.000000 0.047295
3344.000000 0.044232
3345.000000 0.039358
3346.000000 0.039436
3347.000000 0.052171
3348.000000 0.047664
3349.000000 0.047230
3350.000000 0.047394
3351.000000 0.049549
3352.000000 0.047970
3353.000000 0.045169
3354.000000 0.048845
3355.000000 0.045183
3356.000000 0.048683
3357.000000 0.052495
3358.000000 0.054732
3359.000000 0.051214
3360.000000 0.048171
3361.000000 0.043458
3362.000000 0.045981
3363.000000 0.046642
3364.000000 0.046061
3365.000000 0.047202
3366.000000 0.044087
3367.000000 0.047524
3368.000000 0.050505
3369.000000 0.047541
3370.000000 0.042137
3371.000000 0.036256
3372.000000 0.036527
3373.000000 0.035573
3374.000000 0.038274
3375.000000 0.041560
3376.000000 0.042873
3377.000000 0.050574
3378.000000 0.047572
3379.000000 0.045736
3380.000000 0.045833
3381.000000 0.048373
3382.000000 0.049334
3383.000000 0.053091
3384.000000 0.053881
3385.000000 0.049058
3386.000000 0.043026
3387.000000 0.042422
3388.000000 0.037746
3389.000000 0.038222
3390.000000 0.044503
3391.000000 0.039348
3392.000000 0.034570
3393.000000 0.039003
3394.000000 0.047220
3395.000000 0.046479
3396.000000 0.058740
3397.000000 0.058301
3398.000000 0.052737
3399.000000 0.052768
3400.000000 0.047086
3401.000000 0.049634
3402.000000 0.045428
3403.000000 0.046186
3404.000000 0.042422
3405.000000 0.041378
3406.000000 0.041461
3407.000000 0.037630
3408.000000 0.039372
3409.000000 0.041545
3410.000000 0.040951
3411.000000 0.040815
3412.000000 0.041782
3413.000000 0.048064
3414.000000 0.050141
3415.000000 0.049429
3416.000000 0.048230
3417.000000 0.049301
3418.000000 0.045908
3419.000000 0.044751
3420.000000 0.048825
3421.000000 0.054433
3422.000000 0.057223
3423.000000 0.055579
3424.000000 0.058673
3425.000000 0.064075
3426.000000 0.063961
3427.000000 0.055604
3428.000000 0.049215
3429.000000 0.046415
3430.000000 0.039292
3431.000000 0.040316
3432.000000 0.037846
3433.000000 0.043369
3434.000000 0.045498
3435.000000 0.043190
3436.000000 0.043806
3437.000000 0.043969
3438.000000 0.046950
3439.000000 0.044469
3440.000000 0.044578
3441.000000 0.045702
3442.000000 0.044220
3443.000000 0.043260
3444.000000 0.046487
3445.000000 0.041892
3446.000000 0.039127
3447.000000 0.038602
3448.000000 0.045728
3449.000000 0.046491
3450.000000 0.048845
3451.000000 0.052168
3452.000000 0.046300
3453.000000 0.044338
3454.000000 0.044767
3455.000000 0.041446
3456.000000 0.041587
3457.000000 0.044919
3458.000000 0.047189
3459.000000 0.049788
3460.000000 0.045702
3461.000000 0.047407
3462.000000 0.042540
3463.000000 0.046340
3464.000000 0.042345
3465.000000 0.041524
3466.000000 0.035806
3467.000000 0.044563
3468.000000 0.048038
3469.000000 0.053230
3470.000000 0.051703
3471.000000 0.051061
3472.000000 0.056298
3473.000000 0.052720
3474.000000 0.055703
3475.000000 0.054223
3476.000000 0.050052
3477.000000 0.049027
3478.000000 0.048996
3479.000000 0.051844
3480.000000 0.047165
3481.000000 0.049415
3482.000000 0.043483
3483.000000 0.043117
3484.000000 0.039796
3485.000000 0.038956
3486.000000 0.050233
3487.000000 0.051678
3488.000000 0.044958
3489.000000 0.040884
3490.000000 0.043371
3491.000000 0.045553
3492.000000 0.046669
3493.000000 0.041355
3494.000000 0.045133
3495.000000 0.053583
3496.000000 0.048452
3497.000000 0.054035
3498.000000 0.053696
3499.000000 0.048394
3500.000000 0.044759
3501.000000 0.049019
3502.000000 0.051075
3503.000000 0.048621
3504.000000 0.044024
3505.000000 0.040579
3506.000000 0.042618
3507.000000 0.052377
3508.000000 0.044981
3509.000000 0.046775
3510.000000 0.055318
3511.000000 0.056357
3512.000000 0.049908
3513.000000 0.042163
3514.000000 0.043084
3515.000000 0.040130
3516.000000 0.041133
3517.000000 0.043381
3518.000000 0.046299
3519.000000 0.054391
3520.000000 0.054397
3521.000000 0.046892
3522.000000 0.051779
3523.000000 0.044980
3524.000000 0.046003
3525.000000 0.045198
3526.000000 0.048627
3527.000000 0.051824
3528.000000 0.052966
3529.000000 0.048817
3530.000000 0.040415
3531.000000 0.043851
3532.000000 0.041432
3533.000000 0.041901
3534.000000 0.045367
3535.000000 0.044358
3536.000000 0.040492
3537.000000 0.043276
3538.000000 0.039017
3539.000000 0.043887
3540.000000 0.046497
3541.000000 0.049519
3542.000000 0.055546
3543.000000 0.049275
3544.000000 0.046216
3545.000000 0.046655
3546.000000 0.045980
3547.000000 0.043426
3548.000000 0.040565
3549.000000 0.042965
3550.000000 0.043535
3551.000000 0.044232
3552.000000 0.039430
3553.000000 0.044079
3554.000000 0.043298
3555.000000 0.046634
3556.000000 0.046076
3557.000000 0.055783
3558.000000 0.057276
3559.000000 0.051600
3560.000000 0.052955
3561.000000 0.047785
3562.000000 0.046351
3563.000000 0.044837
3564.000000 0.044417
3565.000000 0.040486
3566.000000 0.040255
3567.000000 0.040643
3568.000000 0.035333
3569.000000 0.036752
3570.000000 0.042724
3571.000000 0.040758
3572.000000 0.045450
3573.000000 0.042087
3574.000000 0.042909
3575.000000 0.036111
3576.000000 0.039537
3577.000000 0.034950
3578.000000 0.031773
3579.000000 0.032738
3580.000000 0.043965
3581.000000 0.050429
3582.000000 0.044866
3583.000000 0.042790
3584.000000 0.042166
3585.000000 0.045149
3586.000000 0.039494
3587.000000 0.040756
3588.000000 0.048933
3589.000000 0.056321
3590.000000 0.056285
3591.000000 0.051136
3592.000000 0.047463
3593.000000 0.047825
3594.000000 0.044403
3595.000000 0.039802
3596.000000 0.042818
3597.000000 0.046254
3598.000000 0.042634
3599.000000 0.042472
3600.000000 0.044960
3601.000000 0.044528
3602.000000 0.050543
3603.000000 0.050254
3604.000000 0.050855
3605.000000 0.058609
3606.000000 0.059610
3607.000000 0.049240
3608.000000 0.047483
3609.000000 0.051857
3610.000000 0.047720
3611.000000 0.047038
3612.000000 0.041933
3613.000000 0.045550
3614.000000 0.045048
3615.000000 0.057916
3616.000000 0.053200
3617.000000 0.054746
3618.000000 0.048890
3619.000000 0.047473
3620.000000 0.048760
3621.000000 0.044204
3622.000000 0.044327
3623.000000 0.038847
3624.000000 0.039115
3625.000000 0.034582
3626.000000 0.036139
3627.000000 0.031987
3628.000000 0.039424
3629.000000 0.038216
3630.000000 0.045009
3631.000000 0.049254
3632.000000 0.047469
3633.000000 0.049299
3634.000000 0.052571
3635.000000 0.047477
3636.000000 0.046445
3637.000000 0.050451
3638.000000 0.049577
3639.000000 0.044828
3640.000000 0.049588
3641.000000 0.046374
3642.000000 0.039272
3643.000000 0.047673
3644.000000 0.049450
3645.000000 0.049681
3646.000000 0.047921
3647.000000 0.051412
3648.000000 0.047780
3649.000000 0.047672
3650.000000 0.043621
3651.000000 0.037051
3652.000000 0.039303
3653.000000 0.045310
3654.000000 0.050369
3655.000000 0.051257
3656.000000 0.044627
3657.000000 0.042741
3658.000000 0.043255
3659.000000 0.048736
3660.000000 0.049491
3661.000000 0.045079
3662.000000 0.044521
3663.000000 0.048764
3664.000000 0.043985
3665.000000 0.038648
3666.000000 0.034525
3667.000000 0.040525
3668.000000 0.042527
3669.000000 0.044708
3670.000000 0.040178
3671.000000 0.038160
3672.000000 0.041373
3673.000000 0.036389
3674.000000 0.037502
3675.000000 0.041230
3676.000000 0.047308
3677.000000 0.052365
3678.000000 0.054119
3679.000000 0.056887
3680.000000 0.058851
3681.000000 0.052478
3682.000000 0.052721
3683.000000 0.047854
3684.000000 0.043803
3685.000000 0.041834
3686.000000 0.038453
3687.000000 0.040017
3688.000000 0.040868
3689.000000 0.042363
3690.000000 0.043092
3691.000000 0.046605
3692.000000 0.039871
3693.000000 0.042516
3694.000000 0.050230
3695.000000 0.051027
3696.000000 0.049545
3697.000000 0.054712
3698.000000 0.051280
3699.000000 0.054630
3700.000000 0.056354
3701.000000 0.058175
3702.000000 0.061343
3703.000000 0.056034
3704.000000 0.047935
3705.000000 0.045684
3706.000000 0.042853
3707.000000 0.045790
3708.000000 0.041047
3709.000000 0.041105
3710.000000 0.040875
3711.000000 0.036585
3712.000000 0.045755
3713.000000 0.051120
3714.000000 0.048405
3715.000000 0.042393
3716.000000 0.041987
3717.000000 0.047300
3718.000000 0.046249
3719.000000 0.040187
3720.000000 0.045719
3721.000000 0.044714
3722.000000 0.039354
3723.000000 0.039344
3724.000000 0.034677
3725.000000 0.032928
3726.000000 0.038996
3727.000000 0.037015
3728.000000 0.040118
3729.000000 0.040934
3730.000000 0.041512
3731.000000 0.042735
3732.000000 0.040519
3733.000000 0.039904
3734.000000 0.055504
3735.000000 0.064388
3736.000000 0.055319
3737.000000 0.072619
3738.000000 0.070712
3739.000000 0.062413
3740.000000 0.060252
3741.000000 0.051161
3742.000000 0.048448
3743.000000 0.043309
3744.000000 0.043107
3745.000000 0.039281
3746.000000 0.041044
3747.000000 0.041515
3748.000000 0.038533
3749.000000 0.034164
3750.000000 0.033922
3751.000000 0.038057
3752.000000 0.048913
3753.000000 0.054178
3754.000000 0.050815
3755.000000 0.051598
3756.000000 0.051309
3757.000000 0.050259
3758.000000 0.042583
3759.000000 0.042078
3760.000000 0.038610
3761.000000 0.036971
3762.000000 0.035160
3763.000000 0.040848
3764.000000 0.048034
3765.000000 0.044155
3766.000000 0.037996
3767.000000 0.036086
3768.000000 0.038753
3769.000000 0.045207
3770.000000 0.046209
3771.000000 0.043591
3772.000000 0.041835
3773.000000 0.038928
3774.000000 0.044420
3775.000000 0.043050
3776.000000 0.042554
3777.000000 0.051189
3778.000000 0.046842
3779.000000 0.045632
3780.000000 0.055497
3781.000000 0.051698
3782.000000 0.054111
3783.000000 0.056443
3784.000000 0.060186
3785.000000 0.053986
3786.000000 0.055732
3787.000000 0.049213
3788.000000 0.054005
3789.000000 0.049186
3790.000000 0.055009
3791.000000 0.051711
3792.000000 0.046612
3793.000000 0.046817
3794.000000 0.044677
3795.000000 0.043792
3796.000000 0.039371
3797.000000 0.035063
3798.000000 0.040149
3799.000000 0.045620
3800.000000 0.042975
3801.000000 0.051152
3802.000000 0.045843
3803.000000 0.050549
3804.000000 0.049030
3805.000000 0.043756
3806.000000 0.045944
3807.000000 0.041629
3808.000000 0.041648
3809.000000 0.041433
3810.000000 0.043049
3811.000000 0.049901
3812.000000 0.046335
3813.000000 0.047300
3814.000000 0.047984
3815.000000 0.043774
3816.000000 0.044343
3817.000000 0.048216
3818.000000 0.050419
3819.000000 0.043625
3820.000000 0.040940
3821.000000 0.043758
3822.000000 0.042751
3823.000000 0.042302
3824.000000 0.045037
3825.000000 0.037945
3826.000000 0.037635
3827.000000 0.040396
3828.000000 0.047558
3829.000000 0.046120
3830.000000 0.042797
3831.000000 0.048302
3832.000000 0.046842
3833.000000 0.048634
3834.000000 0.045293
3835.000000 0.052157
3836.000000 0.046147
3837.000000 0.048009
3838.000000 0.042958
3839.000000 0.037666
3840.000000 0.039877
3841.000000 0.040218
3842.000000 0.042761
3843.000000 0.039167
3844.000000 0.039695
3845.000000 0.039343
3846.000000 0.041987
3847.000000 0.046711
3848.000000 0.041632
3849.000000 0.038408
3850.000000 0.042137
3851.000000 0.050788
3852.000000 0.053432
3853.000000 0.063835
3854.000000 0.053650
3855.000000 0.053267
3856.000000 0.054571
3857.000000 0.048584
3858.000000 0.049892
3859.000000 0.042013
3860.000000 0.036540
3861.000000 0.043314
3862.000000 0.039832
3863.000000 0.039747
3864.000000 0.032939
3865.000000 0.028026
3866.000000 0.038246
3867.000000 0.039606
3868.000000 0.038302
3869.000000 0.045275
3870.000000 0.041896
3871.000000 0.042589
3872.000000 0.044561
3873.000000 0.042471
3874.000000 0.046419
3875.000000 0.050120
3876.000000 0.053603
3877.000000 0.054322
3878.000000 0.059395
3879.000000 0.050972
3880.000000 0.047076
3881.000000 0.042306
3882.000000 0.041441
3883.000000 0.042752
3884.000000 0.044442
3885.000000 0.039359
3886.000000 0.045940
3887.000000 0.042837
3888.000000 0.040916
3889.000000 0.038852
3890.000000 0.042843
3891.000000 0.040268
3892.000000 0.042012
3893.000000 0.034843
3894.000000 0.030783
3895.000000 0.035675
3896.000000 0.044921
3897.000000 0.050503
3898.000000 0.046093
3899.000000 0.046826
3900.000000 0.049021
3901.000000 0.048495
3902.000000 0.047672
3903.000000 0.049892
3904.000000 0.051377
3905.000000 0.046704
3906.000000 0.047448
3907.000000 0.045888
3908.000000 0.041859
3909.000000 0.036260
3910.000000 0.034158
3911.000000 0.046262
3912.000000 0.053315
3913.000000 0.048624
3914.000000 0.048740
3915.000000 0.045839
3916.000000 0.046039
3917.000000 0.042883
3918.000000 0.042291
3919.000000 0.044825
3920.000000 0.039841
3921.000000 0.038420
3922.000000 0.035654
3923.000000 0.039376
3924.000000 0.039855
3925.000000 0.037384
3926.000000 0.039839
3927.000000 0.046803
3928.000000 0.045734
3929.000000 0.038851
3930.000000 0.047116
3931.000000 0.046726
3932.000000 0.050922
3933.000000 0.052249
3934.000000 0.055519
3935.000000 0.055119
3936.000000 0.052497
3937.000000 0.048655
3938.000000 0.044412
3939.000000 0.040244
3940.000000 0.039080
3941.000000 0.038727
3942.000000 0.036273
3943.000000 0.038592
3944.000000 0.048309
3945.000000 0.048737
3946.000000 0.043346
3947.000000 0.048479
3948.000000 0.049566
3949.000000 0.042548
3950.000000 0.037615
3951.000000 0.037995
3952.000000 0.041624
3953.000000 0.051221
3954.000000 0.049417
3955.000000 0.046406
3956.000000 0.052027
3957.000000 0.047772
3958.000000 0.042200
3959.000000 0.036876
3960.000000 0.032415
3961.000000 0.034578
3962.000000 0.035743
3963.000000 0.042168
3964.000000 0.045494
3965.000000 0.040409
3966.000000 0.042473
3967.000000 0.042971
3968.000000 0.046886
3969.000000 0.051131
3970.000000 0.048477
3971.000000 0.044981
3972.000000 0.046135
3973.000000 0.046451
3974.000000 0.042299
3975.000000 0.045371
3976.000000 0.046902
3977.000000 0.042193
3978.000000 0.040249
3979.000000 0.033401
3980.000000 0.042066
3981.000000 0.042730
3982.000000 0.046099
3983.000000 0.046816
3984.000000 0.057742
3985.000000 0.056605
3986.000000 0.067230
3987.000000 0.058387
3988.000000 0.058098
3989.000000 0.053194
3990.000000 0.046953
3991.000000 0.044629
3992.000000 0.048596
3993.000000 0.041751
3994.000000 0.044767
3995.000000 0.037075
3996.000000 0.036593
3997.000000 0.032841
3998.000000 0.030993
3999.000000 0.032396
4000.000000 0.034337
4001.000000 0.041021
4002.000000 0.041612
4003.000000 0.040631
4004.000000 0.045567
4005.000000 0.046133
4006.000000 0.047165
4007.000000 0.047361
4008.000000 0.042314
4009.000000 0.042994
4010.000000 0.038831
4011.000000 0.034476
4012.000000 0.033207
4013.000000 0.033319
4014.000000 0.030935
4015.000000 0.030371
4016.000000 0.028796
4017.000000 0.036476
4018.000000 0.047726
4019.000000 0.059161
4020.000000 0.056089
4021.000000 0.050130
4022.000000 0.045448
4023.000000 0.042755
4024.000000 0.046136
4025.000000 0.041325
4026.000000 0.040288
4027.000000 0.039427
4028.000000 0.043816
4029.000000 0.047600
4030.000000 0.044753
4031.000000 0.040473
4032.000000 0.047353
4033.000000 0.046331
4034.000000 0.041464
4035.000000 0.040121
4036.000000 0.041960
4037.000000 0.042528
4038.000000 0.041059
4039.000000 0.036889
4040.000000 0.041926
4041.000000 0.045350
4042.000000 0.039549
4043.000000 0.041600
4044.000000 0.046147
4045.000000 0.047242
4046.000000 0.043447
4047.000000 0.049853
4048.000000 0.052680
4049.000000 0.050227
4050.000000 0.041519
4051.000000 0.043579
4052.000000 0.045295
4053.000000 0.047562
4054.000000 0.044615
4055.000000 0.041849
4056.000000 0.044255
4057.000000 0.040082
4058.000000 0.046347
4059.000000 0.043417
4060.000000 0.040468
4061.000000 0.044881
4062.000000 0.049079
4063.000000 0.046318
4064.000000 0.046867
4065.000000 0.051926
4066.000000 0.044862
4067.000000 0.043182
4068.000000 0.041639
4069.000000 0.045888
4070.000000 0.040680
4071.000000 0.040013
4072.000000 0.048692
4073.000000 0.042377
4074.000000 0.041323
4075.000000 0.042167
4076.000000 0.044407
4077.000000 0.042560
4078.000000 0.046649
4079.000000 0.047176
4080.000000 0.044922
4081.000000 0.041550
4082.000000 0.040904
4083.000000 0.043689
4084.000000 0.048321
4085.000000 0.044406
4086.000000 0.038374
4087.000000 0.040843
4088.000000 0.037838
4089.000000 0.042606
4090.000000 0.043342
4091.000000 0.045372
4092.000000 0.049121
4093.000000 0.051009
4094.000000 0.052838
4095.000000 0.049361
4096.000000 0.048378
4097.000000 0.049121
4098.000000 0.049287
4099.000000 0.045424
4100.000000 0.043519
4101.000000 0.045543
4102.000000 0.053070
4103.000000 0.052948
4104.000000 0.050338
4105.000000 0.044350
4106.000000 0.041030
4107.000000 0.043387
4108.000000 0.047326
4109.000000 0.049478
4110.000000 0.049496
4111.000000 0.045002
4112.000000 0.040280
4113.000000 0.036291
4114.000000 0.032962
4115.000000 0.028703
4116.000000 0.036253
4117.000000 0.045709
4118.000000 0.044568
4119.000000 0.047746
4120.000000 0.047068
4121.000000 0.046670
4122.000000 0.042934
4123.000000 0.049216
4124.000000 0.050234
4125.000000 0.049166
4126.000000 0.062392
4127.000000 0.059479
4128.000000 0.060420
4129.000000 0.052985
4130.000000 0.050236
4131.000000 0.045001
4132.000000 0.046171
4133.000000 0.049902
4134.000000 0.042311
4135.000000 0.042559
4136.000000 0.041785
4137.000000 0.039336
4138.000000 0.042848
4139.000000 0.043550
4140.000000 0.045437
4141.000000 0.052538
4142.000000 0.050209
4143.000000 0.051603
4144.000000 0.045906
4145.000000 0.051110
4146.000000 0.051806
4147.000000 0.043620
4148.000000 0.047184
4149.000000 0.043028
4150.000000 0.040285
4151.000000 0.044373
4152.000000 0.038792
4153.000000 0.042311
4154.000000 0.040344
4155.000000 0.038592
4156.000000 0.041009
4157.000000 0.040207
4158.000000 0.039802
4159.000000 0.045545
4160.000000 0.042381
4161.000000 0.045307
4162.000000 0.044170
4163.000000 0.038585
4164.000000 0.034336
4165.000000 0.032478
4166.000000 0.030618
4167.000000 0.035516
4168.000000 0.034697
4169.000000 0.032727
4170.000000 0.040591
4171.000000 0.038873
4172.000000 0.039466
4173.000000 0.035165
4174.000000 0.036173
4175.000000 0.044529
4176.000000 0.048976
4177.000000 0.047051
4178.000000 0.052719
4179.000000 0.050342
4180.000000 0.048583
4181.000000 0.045187
4182.000000 0.047536
4183.000000 0.044655
4184.000000 0.046246
4185.000000 0.038257
4186.000000 0.046131
4187.000000 0.042246
4188.000000 0.043475
4189.000000 0.036767
4190.000000 0.036474
4191.000000 0.034282
4192.000000 0.033146
4193.000000 0.043786
4194.000000 0.048955
4195.000000 0.041775
4196.000000 0.047024
4197.000000 0.047069
4198.000000 0.048289
4199.000000 0.051748
4200.000000 0.053038
4201.000000 0.047160
4202.000000 0.047715
4203.000000 0.051971
4204.000000 0.054593
4205.000000 0.056495
4206.000000 0.046694
4207.000000 0.043941
4208.000000 0.037894
4209.000000 0.034178
4210.000000 0.041470
4211.000000 0.038822
4212.000000 0.043045
4213.000000 0.041817
4214.000000 0.038407
4215.000000 0.041387
4216.000000 0.039330
4217.000000 0.034535
4218.000000 0.036596
4219.000000 0.039451
4220.000000 0.047323
4221.000000 0.054692
4222.000000 0.048454
4223.000000 0.051576
4224.000000 0.051391
4225.000000 0.049355
4226.000000 0.047187
4227.000000 0.046503
4228.000000 0.043504
4229.000000 0.042649
4230.000000 0.048560
4231.000000 0.053874
4232.000000 0.047055
4233.000000 0.042509
4234.000000 0.043167
4235.000000 0.047628
4236.000000 0.045404
4237.000000 0.045850
4238.000000 0.043091
4239.000000 0.046099
4240.000000 0.051400
4241.000000 0.049737
4242.000000 0.051159
4243.000000 0.046628
4244.000000 0.042308
4245.000000 0.044244
4246.000000 0.044406
4247.000000 0.038520
4248.000000 0.044043
4249.000000 0.046428
4250.000000 0.045456
4251.000000 0.046374
4252.000000 0.045643
4253.000000 0.045555
4254.000000 0.043747
4255.000000 0.040149
4256.000000 0.040769
4257.000000 0.046593
4258.000000 0.045368
4259.000000 0.052090
4260.000000 0.045455
4261.000000 0.048064
4262.000000 0.045898
4263.000000 0.051535
4264.000000 0.050847
4265.000000 0.049025
4266.000000 0.044466
4267.000000 0.044278
4268.000000 0.040088
4269.000000 0.039882
4270.000000 0.038181
4271.000000 0.039581
4272.000000 0.040366
4273.000000 0.046830
4274.000000 0.043993
4275.000000 0.049209
4276.000000 0.049560
4277.000000 0.046235
4278.000000 0.045704
4279.000000 0.044784
4280.000000 0.042679
4281.000000 0.041225
4282.000000 0.043451
4283.000000 0.046756
4284.000000 0.049606
4285.000000 0.057518
4286.000000 0.057866
4287.000000 0.057817
4288.000000 0.048967
4289.000000 0.046127
4290.000000 0.044066
4291.000000 0.044644
4292.000000 0.046169
4293.000000 0.050845
4294.000000 0.050975
4295.000000 0.046100
4296.000000 0.051336
4297.000000 0.048148
4298.000000 0.048881
4299.000000 0.046082
4300.000000 0.045733
4301.000000 0.049221
4302.000000 0.052959
4303.000000 0.049826
4304.000000 0.048649
4305.000000 0.061334
4306.000000 0.056072
4307.000000 0.053678
4308.000000 0.047707
4309.000000 0.039811
4310.000000 0.039745
4311.000000 0.032935
4312.000000 0.035753
4313.000000 0.033307
4314.000000 0.038478
4315.000000 0.031908
4316.000000 0.034515
4317.000000 0.035388
4318.000000 0.034119
4319.000000 0.043678
4320.000000 0.052962
4321.000000 0.060631
4322.000000 0.059623
4323.000000 0.056704
4324.000000 0.056746
4325.000000 0.049526
4326.000000 0.046119
4327.000000 0.042629
4328.000000 0.038496
4329.000000 0.031910
4330.000000 0.032114
4331.000000 0.028026
4332.000000 0.034345
4333.000000 0.040794
4334.000000 0.040978
4335.000000 0.044102
4336.000000 0.037207
4337.000000 0.036266
4338.000000 0.036181
4339.000000 0.046089
4340.000000 0.052343
4341.000000 0.048079
4342.000000 0.045744
4343.000000 0.048021
4344.000000 0.042143
4345.000000 0.040033
4346.000000 0.041906
4347.000000 0.044468
4348.000000 0.038253
4349.000000 0.044192
4350.000000 0.047736
4351.000000 0.051663
4352.000000 0.045557
4353.000000 0.042222
4354.000000 0.041619
4355.000000 0.041674
4356.000000 0.041024
4357.000000 0.046767
4358.000000 0.042530
4359.000000 0.039611
4360.000000 0.047251
4361.000000 0.048761
4362.000000 0.042629
4363.000000 0.044167
4364.000000 0.038636
4365.000000 0.036036
4366.000000 0.033866
4367.000000 0.040943
4368.000000 0.046874
4369.000000 0.048771
4370.000000 0.051153
4371.000000 0.042537
4372.000000 0.044845
4373.000000 0.044602
4374.000000 0.044049
4375.000000 0.050646
4376.000000 0.050764
4377.000000 0.043779
4378.000000 0.040489
4379.000000 0.044196
4380.000000 0.047631
4381.000000 0.051500
4382.000000 0.053496
4383.000000 0.056249
4384.000000 0.049378
4385.000000 0.042237
4386.000000 0.040776
4387.000000 0.039314
4388.000000 0.043570
4389.000000 0.038574
4390.000000 0.042018
4391.000000 0.043755
4392.000000 0.043503
4393.000000 0.042500
4394.000000 0.040583
4395.000000 0.041488
4396.000000 0.041892
4397.000000 0.046691
4398.000000 0.044205
4399.000000 0.037172
4400.000000 0.040092
4401.000000 0.042296
4402.000000 0.038906
4403.000000 0.041402
4404.000000 0.044361
4405.000000 0.039395
4406.000000 0.042290
4407.000000 0.047509
4408.000000 0.050826
4409.000000 0.048126
4410.000000 0.050257
4411.000000 0.049140
4412.000000 0.040614
4413.000000 0.039479
4414.000000 0.038832
4415.000000 0.037798
4416.000000 0.032918
4417.000000 0.042547
4418.000000 0.036220
4419.000000 0.038562
4420.000000 0.035467
4421.000000 0.038179
4422.000000 0.037313
4423.000000 0.039475
4424.000000 0.035700
4425.000000 0.035977
4426.000000 0.037148
4427.000000 0.041923
4428.000000 0.042898
4429.000000 0.038864
4430.000000 0.045992
4431.000000 0.043682
4432.000000 0.053563
4433.000000 0.050268
4434.000000 0.042573
4435.000000 0.044299
4436.000000 0.039463
4437.000000 0.047621
4438.000000 0.045901
4439.000000 0.040620
4440.000000 0.036634
4441.000000 0.036456
4442.000000 0.037718
4443.000000 0.035940
4444.000000 0.038613
4445.000000 0.049932
4446.000000 0.049211
4447.000000 0.051079
4448.000000 0.058041
4449.000000 0.049205
4450.000000 0.049257
4451.000000 0.050076
4452.000000 0.055452
4453.000000 0.052820
4454.000000 0.045898
4455.000000 0.047609
4456.000000 0.046181
4457.000000 0.045384
4458.000000 0.043361
4459.000000 0.043860
4460.000000 0.040197
4461.000000 0.040534
4462.000000 0.045720
4463.000000 0.042595
4464.000000 0.039024
4465.000000 0.039152
4466.000000 0.043116
4467.000000 0.048471
4468.000000 0.053268
4469.000000 0.049169
4470.000000 0.042739
4471.000000 0.049063
4472.000000 0.047858
4473.000000 0.051191
4474.000000 0.053401
4475.000000 0.052977
4476.000000 0.049490
4477.000000 0.047289
4478.000000 0.042909
4479.000000 0.045213
4480.000000 0.046926
4481.000000 0.049427
4482.000000 0.044820
4483.000000 0.045452
4484.000000 0.051563
4485.000000 0.050693
4486.000000 0.047658
4487.000000 0.043784
4488.000000 0.049030
4489.000000 0.050800
4490.000000 0.050677
4491.000000 0.049752
4492.000000 0.051677
4493.000000 0.044262
4494.000000 0.046703
4495.000000 0.041434
4496.000000 0.039165
4497.000000 0.038077
4498.000000 0.041477
4499.000000 0.045183
4500.000000 0.045769
4501.000000 0.045359
4502.000000 0.042867
4503.000000 0.043735
4504.000000 0.044085
4505.000000 0.042991
4506.000000 0.036338
4507.000000 0.047516
4508.000000 0.040622
4509.000000 0.045616
4510.000000 0.044746
4511.000000 0.046092
4512.000000 0.041663
4513.000000 0.038060
4514.000000 0.043640
4515.000000 0.053854
4516.000000 0.049455
4517.000000 0.056033
4518.000000 0.053708
4519.000000 0.050709
4520.000000 0.049304
4521.000000 0.042378
4522.000000 0.043105
4523.000000 0.045262
4524.000000 0.041760
4525.000000 0.037847
4526.000000 0.033455
4527.000000 0.033925
4528.000000 0.033774
4529.000000 0.030957
4530.000000 0.043676
4531.000000 0.049710
4532.000000 0.043064
4533.000000 0.042486
4534.000000 0.043600
4535.000000 0.046228
4536.000000 0.045839
4537.000000 0.041826
4538.000000 0.046964
4539.000000 0.051052
4540.000000 0.049333
4541.000000 0.045633
4542.000000 0.050944
4543.000000 0.045178
4544.000000 0.038909
4545.000000 0.037798
4546.000000 0.036688
4547.000000 0.032249
4548.000000 0.035166
4549.000000 0.039143
4550.000000 0.046280
4551.000000 0.043838
4552.000000 0.041428
4553.000000 0.046466
4554.000000 0.050683
4555.000000 0.054433
4556.000000 0.049616
4557.000000 0.045788
4558.000000 0.043734
4559.000000 0.050527
4560.000000 0.051123
4561.000000 0.047829
4562.000000 0.052354
4563.000000 0.048963
4564.000000 0.047385
4565.000000 0.047203
4566.000000 0.045234
4567.000000 0.050321
4568.000000 0.043035
4569.000000 0.044037
4570.000000 0.038055
4571.000000 0.038065
4572.000000 0.036583
4573.000000 0.033249
4574.000000 0.038849
4575.000000 0.037292
4576.000000 0.042108
4577.000000 0.044944
4578.000000 0.041170
4579.000000 0.047593
4580.000000 0.043098
4581.000000 0.043873
4582.000000 0.050662
4583.000000 0.050348
4584.000000 0.051311
4585.000000 0.049610
4586.000000 0.041002
4587.000000 0.035531
4588.000000 0.043520
4589.000000 0.036048
4590.000000 0.030150
4591.000000 0.037806
4592.000000 0.040359
4593.000000 0.046205
4594.000000 0.048753
4595.000000 0.040328
4596.000000 0.042828
4597.000000 0.044221
4598.000000 0.044252
4599.000000 0.041140
4600.000000 0.046865
4601.000000 0.044228
4602.000000 0.044726
4603.000000 0.049722
4604.000000 0.046720
4605.000000 0.044695
4606.000000 0.047098
4607.000000 0.040474
4608.000000 0.052798
4609.000000 0.046861
4610.000000 0.041702
4611.000000 0.037516
4612.000000 0.032352
4613.000000 0.042644
4614.000000 0.042593
4615.000000 0.043763
4616.000000 0.041019
4617.000000 0.041138
4618.000000 0.052143
4619.000000 0.046719
4620.000000 0.044966
4621.000000 0.045914
4622.000000 0.056138
4623.000000 0.059127
4624.000000 0.050687
4625.000000 0.044485
4626.000000 0.038405
4627.000000 0.033689
4628.000000 0.035449
4629.000000 0.038048
4630.000000 0.035757
4631.000000 0.042556
4632.000000 0.045006
4633.000000 0.044883
4634.000000 0.037220
4635.000000 0.039803
4636.000000 0.038567
4637.000000 0.039170
4638.000000 0.042467
4639.000000 0.050479
4640.000000 0.047210
4641.000000 0.047057
4642.000000 0.049955
4643.000000 0.050024
4644.000000 0.044938
4645.000000 0.051806
4646.000000 0.048177
4647.000000 0.045379
4648.000000 0.055974
4649.000000 0.063234
4650.000000 0.053866
4651.000000 0.048988
4652.000000 0.048550
4653.000000 0.047627
4654.000000 0.046793
4655.000000 0.046570
4656.000000 0.042720
4657.000000 0.039195
4658.000000 0.040204
4659.000000 0.040136
4660.000000 0.038606
4661.000000 0.036437
4662.000000 0.043864
4663.000000 0.046901
4664.000000 0.047554
4665.000000 0.041532
4666.000000 0.034477
4667.000000 0.033997
4668.000000 0.043662
4669.000000 0.044074
4670.000000 0.045024
4671.000000 0.053796
4672.000000 0.058278
4673.000000 0.057284
4674.000000 0.049212
4675.000000 0.041775
4676.000000 0.043600
4677.000000 0.040556
4678.000000 0.043785
4679.000000 0.045574
4680.000000 0.049034
4681.000000 0.057140
4682.000000 0.054843
4683.000000 0.052084
4684.000000 0.046089
4685.000000 0.044195
4686.000000 0.039150
4687.000000 0.034907
4688.000000 0.032345
4689.000000 0.032977
4690.000000 0.030930
4691.000000 0.040962
4692.000000 0.042490
4693.000000 0.046959
4694.000000 0.045390
4695.000000 0.047770
4696.000000 0.051019
4697.000000 0.051018
4698.000000 0.053039
4699.000000 0.052029
4700.000000 0.053052
4701.000000 0.056751
4702.000000 0.056698
4703.000000 0.051617
4704.000000 0.046194
4705.000000 0.046293
4706.000000 0.048932
4707.000000 0.048817
4708.000000 0.045398
4709.000000 0.053440
4710.000000 0.052428
4711.000000 0.061142
4712.000000 0.054791
4713.000000 0.051020
4714.000000 0.050104
4715.000000 0.047108
4716.000000 0.045830
4717.000000 0.042459
4718.000000 0.049534
4719.000000 0.049558
4720.000000 0.047160
4721.000000 0.042568
4722.000000 0.037978
4723.000000 0.043770
4724.000000 0.048557
4725.000000 0.051887
4726.000000 0.047852
4727.000000 0.044574
4728.000000 0.046163
4729.000000 0.057673
4730.000000 0.052635
4731.000000 0.048713
4732.000000 0.045704
4733.000000 0.046855
4734.000000 0.047212
4735.000000 0.053241
4736.000000 0.050705
4737.000000 0.046698
4738.000000 0.045388
4739.000000 0.047176
4740.000000 0.052959
4741.000000 0.053354
4742.000000 0.051156
4743.000000 0.047445
4744.000000 0.047248
4745.000000 0.044514
4746.000000 0.040586
4747.000000 0.034760
4748.000000 0.036453
4749.000000 0.033288
4750.000000 0.027740
4751.000000 0.035246
4752.000000 0.038008
4753.000000 0.040246
4754.000000 0.040135
4755.000000 0.046568
4756.000000 0.046174
4757.000000 0.043645
4758.000000 0.043510
4759.000000 0.047589
4760.000000 0.051924
4761.000000 0.052388
4762.000000 0.050706
4763.000000 0.051140
4764.000000 0.059175
4765.000000 0.062823
4766.000000 0.056522
4767.000000 0.050072
4768.000000 0.042564
4769.000000 0.047300
4770.000000 0.046279
4771.000000 0.050247
4772.000000 0.048742
4773.000000 0.057028
4774.000000 0.062328
4775.000000 0.056289
4776.000000 0.052667
4777.000000 0.049153
4778.000000 0.049602
4779.000000 0.056843
4780.000000 0.063304
4781.000000 0.062179
4782.000000 0.058688
4783.000000 0.057161
4784.000000 0.058514
4785.000000 0.054361
4786.000000 0.055044
4787.000000 0.057938
4788.000000 0.051776
4789.000000 0.051076
4790.000000 0.060737
4791.000000 0.053222
4792.000000 0.050693
4793.000000 0.043686
4794.000000 0.037812
4795.000000 0.039642
4796.000000 0.038453
4797.000000 0.037641
4798.000000 0.040390
4799.000000 0.034462
4800.000000 0.038798
4801.000000 0.037263
4802.000000 0.051669
4803.000000 0.047200
4804.000000 0.043015
4805.000000 0.046314
4806.000000 0.045678
4807.000000 0.055181
4808.000000 0.046598
4809.000000 0.051966
4810.000000 0.047423
4811.000000 0.050595
4812.000000 0.049124
4813.000000 0.042371
4814.000000 0.041340
4815.000000 0.037924
4816.000000 0.046395
4817.000000 0.047700
4818.000000 0.055268
4819.000000 0.049615
4820.000000 0.052712
4821.000000 0.052197
4822.000000 0.052007
4823.000000 0.046890
4824.000000 0.042695
4825.000000 0.046317
4826.000000 0.048895
4827.000000 0.044284
4828.000000 0.040616
4829.000000 0.039932
4830.000000 0.052386
4831.000000 0.053409
4832.000000 0.047993
4833.000000 0.047463
4834.000000 0.042747
4835.000000 0.047314
4836.000000 0.053241
4837.000000 0.045553
4838.000000 0.042531
4839.000000 0.040780
4840.000000 0.040928
4841.000000 0.041169
4842.000000 0.041610
4843.000000 0.043762
4844.000000 0.038304
4845.000000 0.039558
4846.000000 0.039029
4847.000000 0.041458
4848.000000 0.048308
4849.000000 0.045045
4850.000000 0.046521
4851.000000 0.046225
4852.000000 0.050999
4853.000000 0.050805
4854.000000 0.045743
4855.000000 0.046392
4856.000000 0.041400
4857.000000 0.043417
4858.000000 0.044732
4859.000000 0.053921
4860.000000 0.050214
4861.000000 0.047012
4862.000000 0.047515
4863.000000 0.053159
4864.000000 0.047002
4865.000000 0.048341
4866.000000 0.050505
4867.000000 0.050282
4868.000000 0.049655
4869.000000 0.042896
4870.000000 0.038332
4871.000000 0.044266
4872.000000 0.048085
4873.000000 0.045866
4874.000000 0.045386
4875.000000 0.043203
4876.000000 0.049198
4877.000000 0.054412
4878.000000 0.051935
4879.000000 0.052740
4880.000000 0.054757
4881.000000 0.050151
4882.000000 0.048237
4883.000000 0.044508
4884.000000 0.041579
4885.000000 0.042606
4886.000000 0.037494
4887.000000 0.038218
4888.000000 0.042651
4889.000000 0.047383
4890.000000 0.042268
4891.000000 0.036887
4892.000000 0.038795
4893.000000 0.038591
4894.000000 0.040924
4895.000000 0.045344
4896.000000 0.048441
4897.000000 0.047330
4898.000000 0.045419
4899.000000 0.041126
4900.000000 0.042004
4901.000000 0.045719
4902.000000 0.045013
4903.000000 0.044448
4904.000000 0.040858
4905.000000 0.038571
4906.000000 0.041385
4907.000000 0.046412
4908.000000 0.049257
4909.000000 0.045808
4910.000000 0.043268
4911.000000 0.044143
4912.000000 0.038284
4913.000000 0.047097
4914.000000 0.045283
4915.000000 0.050218
4916.000000 0.042744
4917.000000 0.039582
4918.000000 0.036755
4919.000000 0.037926
4920.000000 0.044661
4921.000000 0.040761
4922.000000 0.039461
4923.000000 0.048406
4924.000000 0.047402
4925.000000 0.049505
4926.000000 0.042622
4927.000000 0.045800
4928.000000 0.045833
4929.000000 0.044472
4930.000000 0.044505
4931.000000 0.040255
4932.000000 0.035615
4933.000000 0.039489
4934.000000 0.038551
4935.000000 0.039077
4936.000000 0.047273
4937.000000 0.040232
4938.000000 0.039753
4939.000000 0.039901
4940.000000 0.037532
4941.000000 0.038596
4942.000000 0.044601
4943.000000 0.050613
4944.000000 0.053869
4945.000000 0.053635
4946.000000 0.060955
4947.000000 0.053636
4948.000000 0.048587
4949.000000 0.042404
4950.000000 0.038557
4951.000000 0.035083
4952.000000 0.046033
4953.000000 0.040374
4954.000000 0.038504
4955.000000 0.036114
4956.000000 0.042228
4957.000000 0.043299
4958.000000 0.053666
4959.000000 0.052321
4960.000000 0.052944
4961.000000 0.053887
4962.000000 0.048560
4963.000000 0.058130
4964.000000 0.052167
4965.000000 0.049278
4966.000000 0.053936
4967.000000 0.046545
4968.000000 0.053490
4969.000000 0.053502
4970.000000 0.052870
4971.000000 0.052437
4972.000000 0.050105
4973.000000 0.047395
4974.000000 0.045891
4975.000000 0.041406
4976.000000 0.038418
4977.000000 0.031881
4978.000000 0.042232
4979.000000 0.040702
4980.000000 0.044629
4981.000000 0.042782
4982.000000 0.040761
4983.000000 0.037797
4984.000000 0.044473
4985.000000 0.040604
4986.000000 0.046455
4987.000000 0.053960
4988.000000 0.054245
4989.000000 0.058193
4990.000000 0.053503
4991.000000 0.052328
4992.000000 0.045154
4993.000000 0.043497
4994.000000 0.040043
4995.000000 0.043940
4996.000000 0.044822
4997.000000 0.046284
4998.000000 0.040865
4999.000000 0.035570
5000.000000 0.033515
