501.000000 0.042876
502.000000 0.046531
503.000000 0.046056
504.000000 0.041066
505.000000 0.035790
506.000000 0.033009
507.000000 0.032689
508.000000 0.028395
509.000000 0.025725
510.000000 0.029651
511.000000 0.035848
512.000000 0.034762
513.000000 0.037374
514.000000 0.047359
515.000000 0.039859
516.000000 0.040829
517.000000 0.036503
518.000000 0.035487
519.000000 0.040649
520.000000 0.037255
521.000000 0.038142
522.000000 0.035944
523.000000 0.038220
524.000000 0.044400
525.000000 0.039943
526.000000 0.044977
527.000000 0.040071
528.000000 0.038527
529.000000 0.034711
530.000000 0.033926
531.000000 0.039693
532.000000 0.037587
533.000000 0.047430
534.000000 0.047440
535.000000 0.049856
536.000000 0.048692
537.000000 0.045817
538.000000 0.045196
539.000000 0.049658
540.000000 0.042350
541.000000 0.043775
542.000000 0.043081
543.000000 0.041088
544.000000 0.045741
545.000000 0.044537
546.000000 0.041297
547.000000 0.038404
548.000000 0.034889
549.000000 0.031407
550.000000 0.036878
551.000000 0.039265
552.000000 0.041782
553.000000 0.035356
554.000000 0.034699
555.000000 0.040415
556.000000 0.042233
557.000000 0.041171
558.000000 0.035948
559.000000 0.035953
560.000000 0.033602
561.000000 0.034050
562.000000 0.032243
563.000000 0.035813
564.000000 0.041540
565.000000 0.040733
566.000000 0.044542
567.000000 0.041490
568.000000 0.043356
569.000000 0.039826
570.000000 0.035822
571.000000 0.041354
572.000000 0.038633
573.000000 0.042348
574.000000 0.037534
575.000000 0.037702
576.000000 0.036925
577.000000 0.041272
578.000000 0.045066
579.000000 0.045108
580.000000 0.048272
581.000000 0.048743
582.000000 0.046392
583.000000 0.042818
584.000000 0.044762
585.000000 0.039641
586.000000 0.040948
587.000000 0.046989
588.000000 0.048399
589.000000 0.046693
590.000000 0.045109
591.000000 0.038354
592.000000 0.037914
593.000000 0.036258
594.000000 0.031888
595.000000 0.032769
596.000000 0.029870
597.000000 0.030785
598.000000 0.031430
599.000000 0.028900
600.000000 0.029342
601.000000 0.028816
602.000000 0.037618
603.000000 0.043166
604.000000 0.039622
605.000000 0.043247
606.000000 0.045960
607.000000 0.047523
608.000000 0.045899
609.000000 0.039081
610.000000 0.035553
611.000000 0.032075
612.000000 0.034747
613.000000 0.036446
614.000000 0.035856
615.000000 0.043272
616.000000 0.039611
617.000000 0.037809
618.000000 0.032761
619.000000 0.038224
620.000000 0.041370
621.000000 0.038401
622.000000 0.044964
623.000000 0.046976
624.000000 0.041695
625.000000 0.044070
626.000000 0.047816
627.000000 0.048004
628.000000 0.048180
629.000000 0.050989
630.000000 0.051857
631.000000 0.044431
632.000000 0.042373
633.000000 0.035425
634.000000 0.034831
635.000000 0.028902
636.000000 0.029947
637.000000 0.028674
638.000000 0.035742
639.000000 0.035545
640.000000 0.043666
641.000000 0.044434
642.000000 0.045425
643.000000 0.042340
644.000000 0.043929
645.000000 0.046236
646.000000 0.042834
647.000000 0.041760
648.000000 0.043969
649.000000 0.039167
650.000000 0.040939
651.000000 0.056973
652.000000 0.049997
653.000000 0.049809
654.000000 0.044793
655.000000 0.046137
656.000000 0.040719
657.000000 0.042715
658.000000 0.038093
659.000000 0.036331
660.000000 0.036979
661.000000 0.040802
662.000000 0.037081
663.000000 0.038843
664.000000 0.041550
665.000000 0.044778
666.000000 0.039553
667.000000 0.032765
668.000000 0.036436
669.000000 0.031857
670.000000 0.031032
671.000000 0.034897
672.000000 0.034176
673.000000 0.035968
674.000000 0.036932
675.000000 0.035963
676.000000 0.037872
677.000000 0.037666
678.000000 0.040346
679.000000 0.035710
680.000000 0.033231
681.000000 0.037157
682.000000 0.034426
683.000000 0.041186
684.000000 0.044360
685.000000 0.047777
686.000000 0.048608
687.000000 0.046196
688.000000 0.045140
689.000000 0.049032
690.000000 0.043726
691.000000 0.041828
692.000000 0.044652
693.000000 0.043809
694.000000 0.042059
695.000000 0.039950
696.000000 0.039872
697.000000 0.045372
698.000000 0.047045
699.000000 0.044776
700.000000 0.042668
701.000000 0.042931
702.000000 0.051359
703.000000 0.047143
704.000000 0.046053
705.000000 0.049323
706.000000 0.043539
707.000000 0.042929
708.000000 0.039613
709.000000 0.043764
710.000000 0.043506
711.000000 0.041256
712.000000 0.036007
713.000000 0.030570
714.000000 0.028706
715.000000 0.027890
716.000000 0.032053
717.000000 0.039720
718.000000 0.035458
719.000000 0.038359
720.000000 0.041889
721.000000 0.045322
722.000000 0.052317
723.000000 0.049274
724.000000 0.044286
725.000000 0.045290
726.000000 0.045423
727.000000 0.043970
728.000000 0.042684
729.000000 0.040891
730.000000 0.039800
731.000000 0.035887
732.000000 0.041710
733.000000 0.037369
734.000000 0.037054
735.000000 0.037166
736.000000 0.035744
737.000000 0.041862
738.000000 0.041770
739.000000 0.048817
740.000000 0.051521
741.000000 0.042570
742.000000 0.042280
743.000000 0.037835
744.000000 0.041156
745.000000 0.038527
746.000000 0.038663
747.000000 0.038875
748.000000 0.035978
749.000000 0.034120
750.000000 0.032151
751.000000 0.035242
752.000000 0.033073
753.000000 0.033843
754.000000 0.031512
755.000000 0.037289
756.000000 0.035687
757.000000 0.038322
758.000000 0.039581
759.000000 0.041735
760.000000 0.042141
761.000000 0.039844
762.000000 0.044406
763.000000 0.036992
764.000000 0.034529
765.000000 0.033421
766.000000 0.037168
767.000000 0.044952
768.000000 0.044739
769.000000 0.043629
770.000000 0.045916
771.000000 0.044150
772.000000 0.044996
773.000000 0.037263
774.000000 0.040150
775.000000 0.037665
776.000000 0.040411
777.000000 0.041360
778.000000 0.044702
779.000000 0.041831
780.000000 0.037528
781.000000 0.039485
782.000000 0.034316
783.000000 0.033574
784.000000 0.039599
785.000000 0.039846
786.000000 0.034213
787.000000 0.035391
788.000000 0.038561
789.000000 0.045326
790.000000 0.048713
791.000000 0.052732
792.000000 0.052448
793.000000 0.047383
794.000000 0.044038
795.000000 0.041094
796.000000 0.039723
797.000000 0.041387
798.000000 0.048036
799.000000 0.048457
800.000000 0.044538
801.000000 0.039586
802.000000 0.037063
803.000000 0.038279
804.000000 0.038765
805.000000 0.036253
806.000000 0.039376
807.000000 0.039197
808.000000 0.038999
809.000000 0.043467
810.000000 0.037521
811.000000 0.036593
812.000000 0.036254
813.000000 0.034799
814.000000 0.034566
815.000000 0.033860
816.000000 0.036349
817.000000 0.039895
818.000000 0.041051
819.000000 0.037226
820.000000 0.042687
821.000000 0.041569
822.000000 0.042888
823.000000 0.044439
824.000000 0.043199
825.000000 0.052850
826.000000 0.048441
827.000000 0.040857
828.000000 0.040353
829.000000 0.041019
830.000000 0.037526
831.000000 0.043968
832.000000 0.041130
833.000000 0.041975
834.000000 0.036982
835.000000 0.035631
836.000000 0.035218
837.000000 0.049005
838.000000 0.050649
839.000000 0.051475
840.000000 0.042522
841.000000 0.045177
842.000000 0.042217
843.000000 0.038082
844.000000 0.034917
845.000000 0.032171
846.000000 0.030867
847.000000 0.032196
848.000000 0.032436
849.000000 0.032782
850.000000 0.038683
851.000000 0.040235
852.000000 0.043627
853.000000 0.037804
854.000000 0.037856
855.000000 0.035012
856.000000 0.039100
857.000000 0.041622
858.000000 0.038490
859.000000 0.036692
860.000000 0.035565
861.000000 0.034833
862.000000 0.038872
863.000000 0.043206
864.000000 0.039528
865.000000 0.043176
866.000000 0.045779
867.000000 0.046235
868.000000 0.042855
869.000000 0.037707
870.000000 0.033331
871.000000 0.034954
872.000000 0.038302
873.000000 0.037113
874.000000 0.041875
875.000000 0.042031
876.000000 0.045251
877.000000 0.037432
878.000000 0.034309
879.000000 0.041946
880.000000 0.046275
881.000000 0.043869
882.000000 0.040254
883.000000 0.037178
884.000000 0.043670
885.000000 0.037388
886.000000 0.039059
887.000000 0.037350
888.000000 0.040886
889.000000 0.045887
890.000000 0.041235
891.000000 0.037318
892.000000 0.034584
893.000000 0.036890
894.000000 0.034657
895.000000 0.039082
896.000000 0.034397
897.000000 0.037777
898.000000 0.038004
899.000000 0.041154
900.000000 0.040296
901.000000 0.047336
902.000000 0.050518
903.000000 0.052881
904.000000 0.046249
905.000000 0.044270
906.000000 0.042572
907.000000 0.043489
908.000000 0.041488
909.000000 0.040981
910.000000 0.043404
911.000000 0.041766
912.000000 0.043916
913.000000 0.041756
914.000000 0.042799
915.000000 0.036708
916.000000 0.033219
917.000000 0.039697
918.000000 0.042126
919.000000 0.038240
920.000000 0.037144
921.000000 0.033292
922.000000 0.031014
923.000000 0.039605
924.000000 0.038879
925.000000 0.038913
926.000000 0.034655
927.000000 0.042080
928.000000 0.037242
929.000000 0.038683
930.000000 0.035196
931.000000 0.040378
932.000000 0.042380
933.000000 0.049449
934.000000 0.049836
935.000000 0.044758
936.000000 0.040489
937.000000 0.039954
938.000000 0.038217
939.000000 0.034961
940.000000 0.030685
941.000000 0.032946
942.000000 0.033259
943.000000 0.039900
944.000000 0.037907
945.000000 0.042065
946.000000 0.039063
947.000000 0.037950
948.000000 0.034338
949.000000 0.033608
950.000000 0.033809
951.000000 0.038777
952.000000 0.042186
953.000000 0.039111
954.000000 0.041090
955.000000 0.040685
956.000000 0.039742
957.000000 0.044422
958.000000 0.045730
959.000000 0.050939
960.000000 0.049406
961.000000 0.043509
962.000000 0.047168
963.000000 0.043900
964.000000 0.047534
965.000000 0.052651
966.000000 0.051920
967.000000 0.055950
968.000000 0.055670
969.000000 0.057320
970.000000 0.050614
971.000000 0.047058
972.000000 0.042034
973.000000 0.038474
974.000000 0.033609
975.000000 0.032622
976.000000 0.029713
977.000000 0.030970
978.000000 0.029441
979.000000 0.032557
980.000000 0.029242
981.000000 0.035073
982.000000 0.031551
983.000000 0.035884
984.000000 0.030550
985.000000 0.028340
986.000000 0.035972
987.000000 0.038327
988.000000 0.037049
989.000000 0.041908
990.000000 0.041636
991.000000 0.039742
992.000000 0.035909
993.000000 0.033988
994.000000 0.034911
995.000000 0.042735
996.000000 0.039626
997.000000 0.039153
998.000000 0.037221
999.000000 0.038508
1000.000000 0.040019
1001.000000 0.034562
1002.000000 0.030478
1003.000000 0.037230
1004.000000 0.035498
1005.000000 0.035327
1006.000000 0.042233
1007.000000 0.038785
1008.000000 0.039365
1009.000000 0.036943
1010.000000 0.038168
1011.000000 0.036959
1012.000000 0.038762
1013.000000 0.043043
1014.000000 0.040896
1015.000000 0.044924
1016.000000 0.046000
1017.000000 0.041276
1018.000000 0.042293
1019.000000 0.042830
1020.000000 0.042312
1021.000000 0.039431
1022.000000 0.038019
1023.000000 0.036749
1024.000000 0.041693
1025.000000 0.039325
1026.000000 0.038151
1027.000000 0.034689
1028.000000 0.031148
1029.000000 0.028776
1030.000000 0.031704
1031.000000 0.033787
1032.000000 0.043707
1033.000000 0.050011
1034.000000 0.048321
1035.000000 0.047680
1036.000000 0.045567
1037.000000 0.049553
1038.000000 0.045397
1039.000000 0.045923
1040.000000 0.042008
1041.000000 0.043479
1042.000000 0.042135
1043.000000 0.043941
1044.000000 0.042037
1045.000000 0.040307
1046.000000 0.038353
1047.000000 0.033945
1048.000000 0.036164
1049.000000 0.034026
1050.000000 0.034844
1051.000000 0.039555
1052.000000 0.044779
1053.000000 0.042738
1054.000000 0.040655
1055.000000 0.036529
1056.000000 0.033645
1057.000000 0.041131
1058.000000 0.043219
1059.000000 0.039221
1060.000000 0.043392
1061.000000 0.044791
1062.000000 0.041502
1063.000000 0.045453
1064.000000 0.042870
1065.000000 0.042834
1066.000000 0.044162
1067.000000 0.045377
1068.000000 0.047322
1069.000000 0.041307
1070.000000 0.037872
1071.000000 0.041667
1072.000000 0.038233
1073.000000 0.034072
1074.000000 0.030748
1075.000000 0.031984
1076.000000 0.033972
1077.000000 0.038704
1078.000000 0.039757
1079.000000 0.037222
1080.000000 0.035923
1081.000000 0.036170
1082.000000 0.034743
1083.000000 0.042677
1084.000000 0.040682
1085.000000 0.036375
1086.000000 0.038681
1087.000000 0.041239
1088.000000 0.040951
1089.000000 0.038346
1090.000000 0.038317
1091.000000 0.039180
1092.000000 0.041296
1093.000000 0.043252
1094.000000 0.043037
1095.000000 0.039504
1096.000000 0.040785
1097.000000 0.038597
1098.000000 0.034671
1099.000000 0.038816
1100.000000 0.036806
1101.000000 0.044861
1102.000000 0.037972
1103.000000 0.040722
1104.000000 0.035533
1105.000000 0.034093
1106.000000 0.033539
1107.000000 0.036166
1108.000000 0.038432
1109.000000 0.040742
1110.000000 0.043434
1111.000000 0.045924
1112.000000 0.042275
1113.000000 0.038212
1114.000000 0.040288
1115.000000 0.046159
1116.000000 0.048969
1117.000000 0.050273
1118.000000 0.050313
1119.000000 0.048245
1120.000000 0.050062
1121.000000 0.046835
1122.000000 0.042509
1123.000000 0.037730
1124.000000 0.033169
1125.000000 0.033100
1126.000000 0.037348
1127.000000 0.036343
1128.000000 0.033257
1129.000000 0.033701
1130.000000 0.031653
1131.000000 0.033650
1132.000000 0.038284
1133.000000 0.038943
1134.000000 0.042515
1135.000000 0.042522
1136.000000 0.045465
1137.000000 0.038691
1138.000000 0.033228
1139.000000 0.031302
1140.000000 0.031074
1141.000000 0.035042
1142.000000 0.037026
1143.000000 0.040584
1144.000000 0.041406
1145.000000 0.038876
1146.000000 0.038762
1147.000000 0.038477
1148.000000 0.038336
1149.000000 0.040223
1150.000000 0.040593
1151.000000 0.039662
1152.000000 0.041708
1153.000000 0.042896
1154.000000 0.037380
1155.000000 0.038771
1156.000000 0.041751
1157.000000 0.042270
1158.000000 0.036773
1159.000000 0.047062
1160.000000 0.046276
1161.000000 0.048709
1162.000000 0.046737
1163.000000 0.043564
1164.000000 0.044902
1165.000000 0.042259
1166.000000 0.037570
1167.000000 0.036083
1168.000000 0.031793
1169.000000 0.038889
1170.000000 0.033802
1171.000000 0.039781
1172.000000 0.044167
1173.000000 0.040407
1174.000000 0.049634
1175.000000 0.044019
1176.000000 0.050233
1177.000000 0.046285
1178.000000 0.048610
1179.000000 0.046487
1180.000000 0.041416
1181.000000 0.036134
1182.000000 0.037671
1183.000000 0.036621
1184.000000 0.038196
1185.000000 0.040636
1186.000000 0.043451
1187.000000 0.049601
1188.000000 0.046845
1189.000000 0.041206
1190.000000 0.043797
1191.000000 0.040967
1192.000000 0.037739
1193.000000 0.033461
1194.000000 0.031195
1195.000000 0.036793
1196.000000 0.034602
1197.000000 0.038049
1198.000000 0.037966
1199.000000 0.036303
1200.000000 0.033437
1201.000000 0.033095
1202.000000 0.032387
1203.000000 0.027463
1204.000000 0.030616
1205.000000 0.036606
1206.000000 0.035204
1207.000000 0.036957
1208.000000 0.033771
1209.000000 0.036531
1210.000000 0.044044
1211.000000 0.041108
1212.000000 0.043186
1213.000000 0.056209
1214.000000 0.048481
1215.000000 0.048841
1216.000000 0.046775
1217.000000 0.038714
1218.000000 0.035317
1219.000000 0.038506
1220.000000 0.041201
1221.000000 0.041602
1222.000000 0.034466
1223.000000 0.032357
1224.000000 0.031518
1225.000000 0.028353
1226.000000 0.033437
1227.000000 0.036463
1228.000000 0.036124
1229.000000 0.034155
1230.000000 0.046987
1231.000000 0.054085
1232.000000 0.061643
1233.000000 0.059158
1234.000000 0.052714
1235.000000 0.051373
1236.000000 0.049138
1237.000000 0.045887
1238.000000 0.043475
1239.000000 0.043730
1240.000000 0.041967
1241.000000 0.041458
1242.000000 0.039551
1243.000000 0.039270
1244.000000 0.037121
1245.000000 0.040708
1246.000000 0.042207
1247.000000 0.043338
1248.000000 0.037539
1249.000000 0.035607
1250.000000 0.035701
1251.000000 0.046615
1252.000000 0.052567
1253.000000 0.047468
1254.000000 0.043134
1255.000000 0.041792
1256.000000 0.038971
1257.000000 0.035506
1258.000000 0.042519
1259.000000 0.036632
1260.000000 0.033377
1261.000000 0.034644
1262.000000 0.034813
1263.000000 0.038184
1264.000000 0.043509
1265.000000 0.045174
1266.000000 0.044875
1267.000000 0.045846
1268.000000 0.047979
1269.000000 0.044097
1270.000000 0.042856
1271.000000 0.050738
1272.000000 0.043978
1273.000000 0.043433
1274.000000 0.039224
1275.000000 0.037455
1276.000000 0.043597
1277.000000 0.036963
1278.000000 0.038617
1279.000000 0.040934
1280.000000 0.036069
1281.000000 0.038611
1282.000000 0.040503
1283.000000 0.040723
1284.000000 0.038854
1285.000000 0.034806
1286.000000 0.038679
1287.000000 0.050984
1288.000000 0.052416
1289.000000 0.045965
1290.000000 0.046883
1291.000000 0.047137
1292.000000 0.043674
1293.000000 0.045443
1294.000000 0.041184
1295.000000 0.045480
1296.000000 0.042131
1297.000000 0.042037
1298.000000 0.039450
1299.000000 0.040778
1300.000000 0.041314
1301.000000 0.035481
1302.000000 0.034661
1303.000000 0.028981
1304.000000 0.029276
1305.000000 0.043433
1306.000000 0.043172
1307.000000 0.045418
1308.000000 0.042311
1309.000000 0.042296
1310.000000 0.038294
1311.000000 0.035852
1312.000000 0.033032
1313.000000 0.030173
1314.000000 0.038187
1315.000000 0.040560
1316.000000 0.049900
1317.000000 0.050123
1318.000000 0.048391
1319.000000 0.045859
1320.000000 0.048427
1321.000000 0.050068
1322.000000 0.047140
1323.000000 0.052905
1324.000000 0.051813
1325.000000 0.047889
1326.000000 0.043804
1327.000000 0.037495
1328.000000 0.031105
1329.000000 0.034200
1330.000000 0.035462
1331.000000 0.032241
1332.000000 0.031911
1333.000000 0.034747
1334.000000 0.035031
1335.000000 0.037623
1336.000000 0.032428
1337.000000 0.036356
1338.000000 0.038671
1339.000000 0.033586
1340.000000 0.038338
1341.000000 0.042196
1342.000000 0.041610
1343.000000 0.046935
1344.000000 0.044145
1345.000000 0.043633
1346.000000 0.038512
1347.000000 0.035221
1348.000000 0.035113
1349.000000 0.032918
1350.000000 0.031957
1351.000000 0.040363
1352.000000 0.035201
1353.000000 0.031837
1354.000000 0.032861
1355.000000 0.035398
1356.000000 0.036472
1357.000000 0.031964
1358.000000 0.033279
1359.000000 0.037129
1360.000000 0.038016
1361.000000 0.040490
1362.000000 0.043122
1363.000000 0.050141
1364.000000 0.048167
1365.000000 0.048028
1366.000000 0.043711
1367.000000 0.042730
1368.000000 0.045665
1369.000000 0.041499
1370.000000 0.038517
1371.000000 0.045860
1372.000000 0.043832
1373.000000 0.044818
1374.000000 0.044049
1375.000000 0.044773
1376.000000 0.048479
1377.000000 0.041881
1378.000000 0.036647
1379.000000 0.034675
1380.000000 0.043691
1381.000000 0.044861
1382.000000 0.041328
1383.000000 0.039528
1384.000000 0.036476
1385.000000 0.032969
1386.000000 0.037502
1387.000000 0.035505
1388.000000 0.034735
1389.000000 0.037690
1390.000000 0.040785
1391.000000 0.042196
1392.000000 0.038654
1393.000000 0.039172
1394.000000 0.042728
1395.000000 0.045320
1396.000000 0.043227
1397.000000 0.043471
1398.000000 0.043740
1399.000000 0.041112
1400.000000 0.043817
1401.000000 0.044762
1402.000000 0.044929
1403.000000 0.040478
1404.000000 0.039427
1405.000000 0.038709
1406.000000 0.041119
1407.000000 0.037249
1408.000000 0.035371
1409.000000 0.036333
1410.000000 0.035368
1411.000000 0.042773
1412.000000 0.041269
1413.000000 0.045314
1414.000000 0.045638
1415.000000 0.039595
1416.000000 0.042845
1417.000000 0.036615
1418.000000 0.035462
1419.000000 0.035991
1420.000000 0.037448
1421.000000 0.037583
1422.000000 0.039695
1423.000000 0.042710
1424.000000 0.042910
1425.000000 0.044621
1426.000000 0.040834
1427.000000 0.041733
1428.000000 0.044494
1429.000000 0.044931
1430.000000 0.042593
1431.000000 0.039872
1432.000000 0.041559
1433.000000 0.039335
1434.000000 0.037488
1435.000000 0.040159
1436.000000 0.040296
1437.000000 0.037600
1438.000000 0.038190
1439.000000 0.039249
1440.000000 0.041554
1441.000000 0.042003
1442.000000 0.043330
1443.000000 0.040641
1444.000000 0.045270
1445.000000 0.043747
1446.000000 0.041301
1447.000000 0.040762
1448.000000 0.045907
1449.000000 0.043282
1450.000000 0.035843
1451.000000 0.033011
1452.000000 0.032855
1453.000000 0.036815
1454.000000 0.035848
1455.000000 0.034496
1456.000000 0.037556
1457.000000 0.036547
1458.000000 0.037935
1459.000000 0.040761
1460.000000 0.041985
1461.000000 0.040195
1462.000000 0.041671
1463.000000 0.039969
1464.000000 0.037202
1465.000000 0.034912
1466.000000 0.042787
1467.000000 0.045305
1468.000000 0.038777
1469.000000 0.036621
1470.000000 0.044657
1471.000000 0.040712
1472.000000 0.048146
1473.000000 0.053706
1474.000000 0.051327
1475.000000 0.053017
1476.000000 0.049450
1477.000000 0.045635
1478.000000 0.046636
1479.000000 0.046254
1480.000000 0.040427
1481.000000 0.036805
1482.000000 0.032300
1483.000000 0.033435
1484.000000 0.033565
1485.000000 0.035367
1486.000000 0.033076
1487.000000 0.029719
1488.000000 0.030216
1489.000000 0.027550
1490.000000 0.034002
1491.000000 0.035409
1492.000000 0.040638
1493.000000 0.039807
1494.000000 0.037802
1495.000000 0.037054
1496.000000 0.034151
1497.000000 0.034159
1498.000000 0.040674
1499.000000 0.042555
1500.000000 0.042655
1501.000000 0.040780
1502.000000 0.046005
1503.000000 0.044987
1504.000000 0.041957
1505.000000 0.036807
1506.000000 0.037181
1507.000000 0.034828
1508.000000 0.039064
1509.000000 0.035521
1510.000000 0.032481
1511.000000 0.029449
1512.000000 0.030884
1513.000000 0.033028
1514.000000 0.034874
1515.000000 0.034515
1516.000000 0.038929
1517.000000 0.043447
1518.000000 0.043110
1519.000000 0.044032
1520.000000 0.041641
1521.000000 0.041719
1522.000000 0.046120
1523.000000 0.042237
1524.000000 0.042728
1525.000000 0.045328
1526.000000 0.041031
1527.000000 0.037632
1528.000000 0.038448
1529.000000 0.037056
1530.000000 0.032322
1531.000000 0.034418
1532.000000 0.036790
1533.000000 0.036930
1534.000000 0.046344
1535.000000 0.051081
1536.000000 0.045539
1537.000000 0.043063
1538.000000 0.038960
1539.000000 0.036353
1540.000000 0.036325
1541.000000 0.039994
1542.000000 0.034141
1543.000000 0.034822
1544.000000 0.029839
1545.000000 0.032861
1546.000000 0.035089
1547.000000 0.034201
1548.000000 0.035335
1549.000000 0.037324
1550.000000 0.037833
1551.000000 0.038994
1552.000000 0.047266
1553.000000 0.046436
1554.000000 0.046077
1555.000000 0.042666
1556.000000 0.045445
1557.000000 0.042360
1558.000000 0.036249
1559.000000 0.033381
1560.000000 0.032981
1561.000000 0.033832
1562.000000 0.031244
1563.000000 0.033677
1564.000000 0.035107
1565.000000 0.038834
1566.000000 0.038724
1567.000000 0.040467
1568.000000 0.048159
1569.000000 0.045296
1570.000000 0.043438
1571.000000 0.046306
1572.000000 0.045476
1573.000000 0.045575
1574.000000 0.046309
1575.000000 0.040968
1576.000000 0.036008
1577.000000 0.038736
1578.000000 0.037971
1579.000000 0.037893
1580.000000 0.035940
1581.000000 0.032661
1582.000000 0.030902
1583.000000 0.029307
1584.000000 0.036236
1585.000000 0.035481
1586.000000 0.036641
1587.000000 0.036772
1588.000000 0.038029
1589.000000 0.047539
1590.000000 0.057637
1591.000000 0.054400
1592.000000 0.056857
1593.000000 0.058786
1594.000000 0.053301
1595.000000 0.045087
1596.000000 0.040080
1597.000000 0.042693
1598.000000 0.040274
1599.000000 0.036648
1600.000000 0.033273
1601.000000 0.033604
1602.000000 0.032933
1603.000000 0.032978
1604.000000 0.033187
1605.000000 0.034186
1606.000000 0.030839
1607.000000 0.030547
1608.000000 0.037269
1609.000000 0.035495
1610.000000 0.033038
1611.000000 0.035864
1612.000000 0.034435
1613.000000 0.033367
1614.000000 0.041309
1615.000000 0.041254
1616.000000 0.040330
1617.000000 0.041185
1618.000000 0.044230
1619.000000 0.040168
1620.000000 0.041558
1621.000000 0.043755
1622.000000 0.043465
1623.000000 0.042804
1624.000000 0.038868
1625.000000 0.036074
1626.000000 0.043979
1627.000000 0.046434
1628.000000 0.044967
1629.000000 0.039807
1630.000000 0.039166
1631.000000 0.037981
1632.000000 0.038784
1633.000000 0.042880
1634.000000 0.044210
1635.000000 0.045141
1636.000000 0.049076
1637.000000 0.048768
1638.000000 0.041919
1639.000000 0.037536
1640.000000 0.036246
1641.000000 0.030825
1642.000000 0.030216
1643.000000 0.033968
1644.000000 0.032912
1645.000000 0.033392
1646.000000 0.034851
1647.000000 0.044902
1648.000000 0.041082
1649.000000 0.040466
1650.000000 0.040233
1651.000000 0.040551
1652.000000 0.044251
1653.000000 0.046998
1654.000000 0.041355
1655.000000 0.043328
1656.000000 0.046394
1657.000000 0.052382
1658.000000 0.044931
1659.000000 0.042280
1660.000000 0.042837
1661.000000 0.038101
1662.000000 0.037511
1663.000000 0.038283
1664.000000 0.035422
1665.000000 0.039181
1666.000000 0.039880
1667.000000 0.040448
1668.000000 0.037078
1669.000000 0.040829
1670.000000 0.038295
1671.000000 0.039360
1672.000000 0.037856
1673.000000 0.040049
1674.000000 0.034337
1675.000000 0.040560
1676.000000 0.039812
1677.000000 0.036863
1678.000000 0.033803
1679.000000 0.037399
1680.000000 0.032142
1681.000000 0.034224
1682.000000 0.031003
1683.000000 0.026881
1684.000000 0.029214
1685.000000 0.036445
1686.000000 0.046599
1687.000000 0.046326
1688.000000 0.042290
1689.000000 0.037877
1690.000000 0.034436
1691.000000 0.034166
1692.000000 0.032736
1693.000000 0.031808
1694.000000 0.032205
1695.000000 0.034026
1696.000000 0.039478
1697.000000 0.038109
1698.000000 0.039983
1699.000000 0.036994
1700.000000 0.034906
1701.000000 0.045028
1702.000000 0.045322
1703.000000 0.046336
1704.000000 0.040357
1705.000000 0.041187
1706.000000 0.041615
1707.000000 0.039795
1708.000000 0.040218
1709.000000 0.041335
1710.000000 0.034603
1711.000000 0.039916
1712.000000 0.036889
1713.000000 0.040877
1714.000000 0.040730
1715.000000 0.039030
1716.000000 0.035697
1717.000000 0.033609
1718.000000 0.034228
1719.000000 0.033319
1720.000000 0.041278
1721.000000 0.040087
1722.000000 0.040876
1723.000000 0.041709
1724.000000 0.046540
1725.000000 0.049435
1726.000000 0.051266
1727.000000 0.048146
1728.000000 0.045823
1729.000000 0.043068
1730.000000 0.042043
1731.000000 0.037802
1732.000000 0.034586
1733.000000 0.030001
1734.000000 0.027736
1735.000000 0.030433
1736.000000 0.028760
1737.000000 0.032659
1738.000000 0.035507
1739.000000 0.035212
1740.000000 0.043169
1741.000000 0.040200
1742.000000 0.040193
1743.000000 0.036630
1744.000000 0.038731
1745.000000 0.040525
1746.000000 0.036420
1747.000000 0.045731
1748.000000 0.046857
1749.000000 0.052589
1750.000000 0.053987
1751.000000 0.047691
1752.000000 0.043294
1753.000000 0.038162
1754.000000 0.034201
1755.000000 0.038922
1756.000000 0.039337
1757.000000 0.034019
1758.000000 0.032926
1759.000000 0.031317
1760.000000 0.035219
1761.000000 0.034785
1762.000000 0.037373
1763.000000 0.034285
1764.000000 0.030177
1765.000000 0.032996
1766.000000 0.034341
1767.000000 0.041769
1768.000000 0.041845
1769.000000 0.042045
1770.000000 0.041313
1771.000000 0.041016
1772.000000 0.036339
1773.000000 0.035608
1774.000000 0.041145
1775.000000 0.036967
1776.000000 0.041855
1777.000000 0.040558
1778.000000 0.039069
1779.000000 0.040683
1780.000000 0.038201
1781.000000 0.034849
1782.000000 0.033874
1783.000000 0.039454
1784.000000 0.036364
1785.000000 0.035694
1786.000000 0.036537
1787.000000 0.043156
1788.000000 0.046775
1789.000000 0.049556
1790.000000 0.048964
1791.000000 0.045057
1792.000000 0.038584
1793.000000 0.038820
1794.000000 0.036197
1795.000000 0.038135
1796.000000 0.040052
1797.000000 0.039086
1798.000000 0.036253
1799.000000 0.036425
1800.000000 0.033682
1801.000000 0.034340
1802.000000 0.030821
1803.000000 0.029426
1804.000000 0.038886
1805.000000 0.041893
1806.000000 0.043344
1807.000000 0.038776
1808.000000 0.043502
1809.000000 0.047656
1810.000000 0.044994
1811.000000 0.041996
1812.000000 0.045100
1813.000000 0.041641
1814.000000 0.041235
1815.000000 0.043609
1816.000000 0.045714
1817.000000 0.043388
1818.000000 0.040968
1819.000000 0.035670
1820.000000 0.035952
1821.000000 0.040968
1822.000000 0.040887
1823.000000 0.039806
1824.000000 0.037629
1825.000000 0.033405
1826.000000 0.033220
1827.000000 0.031693
1828.000000 0.046653
1829.000000 0.049207
1830.000000 0.046108
1831.000000 0.045494
1832.000000 0.046904
1833.000000 0.042695
1834.000000 0.047206
1835.000000 0.047502
1836.000000 0.043047
1837.000000 0.038362
1838.000000 0.038271
1839.000000 0.038151
1840.000000 0.039010
1841.000000 0.037841
1842.000000 0.041644
1843.000000 0.038585
1844.000000 0.039592
1845.000000 0.038126
1846.000000 0.037829
1847.000000 0.037354
1848.000000 0.032198
1849.000000 0.039544
1850.000000 0.041588
1851.000000 0.044137
1852.000000 0.040231
1853.000000 0.036681
1854.000000 0.041689
1855.000000 0.041152
1856.000000 0.034146
1857.000000 0.032001
1858.000000 0.040560
1859.000000 0.042767
1860.000000 0.043822
1861.000000 0.047873
1862.000000 0.043599
1863.000000 0.040251
1864.000000 0.034770
1865.000000 0.033799
1866.000000 0.033863
1867.000000 0.034581
1868.000000 0.037656
1869.000000 0.044954
1870.000000 0.049700
1871.000000 0.052899
1872.000000 0.047517
1873.000000 0.048256
1874.000000 0.044752
1875.000000 0.041302
1876.000000 0.037048
1877.000000 0.034764
1878.000000 0.032148
1879.000000 0.032415
1880.000000 0.029287
1881.000000 0.030051
1882.000000 0.029779
1883.000000 0.030006
1884.000000 0.041906
1885.000000 0.046797
1886.000000 0.045740
1887.000000 0.047008
1888.000000 0.045650
1889.000000 0.045045
1890.000000 0.042345
1891.000000 0.038000
1892.000000 0.034274
1893.000000 0.038411
1894.000000 0.038427
1895.000000 0.040843
1896.000000 0.034789
1897.000000 0.038218
1898.000000 0.035395
1899.000000 0.034234
1900.000000 0.037331
1901.000000 0.040490
1902.000000 0.037760
1903.000000 0.039611
1904.000000 0.039860
1905.000000 0.042327
1906.000000 0.039379
1907.000000 0.043133
1908.000000 0.040744
1909.000000 0.037690
1910.000000 0.038647
1911.000000 0.039174
1912.000000 0.041739
1913.000000 0.043216
1914.000000 0.046230
1915.000000 0.041038
1916.000000 0.038777
1917.000000 0.039863
1918.000000 0.039187
1919.000000 0.038661
1920.000000 0.037948
1921.000000 0.040800
1922.000000 0.037487
1923.000000 0.041845
1924.000000 0.036771
1925.000000 0.035412
1926.000000 0.034952
1927.000000 0.041539
1928.000000 0.038126
1929.000000 0.034362
1930.000000 0.043930
1931.000000 0.046404
1932.000000 0.042525
1933.000000 0.045021
1934.000000 0.043517
1935.000000 0.039281
1936.000000 0.036709
1937.000000 0.035533
1938.000000 0.033477
1939.000000 0.034230
1940.000000 0.032693
1941.000000 0.036953
1942.000000 0.038941
1943.000000 0.036026
1944.000000 0.041754
1945.000000 0.039186
1946.000000 0.036069
1947.000000 0.032922
1948.000000 0.032440
1949.000000 0.035123
1950.000000 0.043058
1951.000000 0.047727
1952.000000 0.048078
1953.000000 0.050490
1954.000000 0.050922
1955.000000 0.048170
1956.000000 0.041183
1957.000000 0.041082
1958.000000 0.039877
1959.000000 0.038072
1960.000000 0.035947
1961.000000 0.037826
1962.000000 0.039799
1963.000000 0.039460
1964.000000 0.037775
1965.000000 0.038640
1966.000000 0.037785
1967.000000 0.036842
1968.000000 0.037295
1969.000000 0.042959
1970.000000 0.041100
1971.000000 0.039306
1972.000000 0.039785
1973.000000 0.042777
1974.000000 0.045585
1975.000000 0.040862
1976.000000 0.042220
1977.000000 0.046703
1978.000000 0.042110
1979.000000 0.038431
1980.000000 0.038072
1981.000000 0.035959
1982.000000 0.040548
1983.000000 0.036683
1984.000000 0.039280
1985.000000 0.043404
1986.000000 0.045768
1987.000000 0.041942
1988.000000 0.040238
1989.000000 0.038024
1990.000000 0.039219
1991.000000 0.040027
1992.000000 0.050232
1993.000000 0.043933
1994.000000 0.045498
1995.000000 0.046298
1996.000000 0.040450
1997.000000 0.041735
1998.000000 0.041804
1999.000000 0.038892
2000.000000 0.040682
2001.000000 0.040257
2002.000000 0.040647
2003.000000 0.039355
2004.000000 0.042416
2005.000000 0.038191
2006.000000 0.038314
2007.000000 0.040077
2008.000000 0.038330
2009.000000 0.033979
2010.000000 0.039088
2011.000000 0.040160
2012.000000 0.039237
2013.000000 0.038419
2014.000000 0.035501
2015.000000 0.034689
2016.000000 0.034160
2017.000000 0.034539
2018.000000 0.040034
2019.000000 0.041141
2020.000000 0.038683
2021.000000 0.039821
2022.000000 0.042549
2023.000000 0.039949
2024.000000 0.039334
2025.000000 0.041782
2026.000000 0.040832
2027.000000 0.045324
2028.000000 0.042363
2029.000000 0.038808
2030.000000 0.036688
2031.000000 0.039913
2032.000000 0.039493
2033.000000 0.036794
2034.000000 0.034889
2035.000000 0.036757
2036.000000 0.035976
2037.000000 0.032991
2038.000000 0.036728
2039.000000 0.035510
2040.000000 0.038758
2041.000000 0.041924
2042.000000 0.039834
2043.000000 0.036973
2044.000000 0.038095
2045.000000 0.042912
2046.000000 0.044095
2047.000000 0.039309
2048.000000 0.042085
2049.000000 0.047189
2050.000000 0.041542
2051.000000 0.043330
2052.000000 0.040518
2053.000000 0.035608
2054.000000 0.037612
2055.000000 0.038895
2056.000000 0.037981
2057.000000 0.037429
2058.000000 0.038071
2059.000000 0.036843
2060.000000 0.037207
2061.000000 0.036423
2062.000000 0.035320
2063.000000 0.032155
2064.000000 0.027774
2065.000000 0.032253
2066.000000 0.035883
2067.000000 0.040829
2068.000000 0.042250
2069.000000 0.039902
2070.000000 0.035882
2071.000000 0.035386
2072.000000 0.035564
2073.000000 0.035884
2074.000000 0.038524
2075.000000 0.035489
2076.000000 0.042053
2077.000000 0.039467
2078.000000 0.037167
2079.000000 0.034056
2080.000000 0.031924
2081.000000 0.034168
2082.000000 0.036598
2083.000000 0.034805
2084.000000 0.039511
2085.000000 0.034860
2086.000000 0.042855
2087.000000 0.041571
2088.000000 0.044344
2089.000000 0.045706
2090.000000 0.049217
2091.000000 0.046159
2092.000000 0.045878
2093.000000 0.049514
2094.000000 0.054153
2095.000000 0.049486
2096.000000 0.047599
2097.000000 0.042648
2098.000000 0.041100
2099.000000 0.037531
2100.000000 0.034018
2101.000000 0.034589
2102.000000 0.036446
2103.000000 0.036432
2104.000000 0.031516
2105.000000 0.030636
2106.000000 0.033515
2107.000000 0.034262
2108.000000 0.041736
2109.000000 0.045935
2110.000000 0.041017
2111.000000 0.045560
2112.000000 0.039770
2113.000000 0.043025
2114.000000 0.039632
2115.000000 0.039225
2116.000000 0.039655
2117.000000 0.040532
2118.000000 0.040418
2119.000000 0.038643
2120.000000 0.041504
2121.000000 0.038683
2122.000000 0.042853
2123.000000 0.041857
2124.000000 0.037595
2125.000000 0.037095
2126.000000 0.033743
2127.000000 0.036909
2128.000000 0.034869
2129.000000 0.031410
2130.000000 0.038791
2131.000000 0.042268
2132.000000 0.040389
2133.000000 0.039160
2134.000000 0.039213
2135.000000 0.035488
2136.000000 0.032165
2137.000000 0.030412
2138.000000 0.034153
2139.000000 0.032881
2140.000000 0.030067
2141.000000 0.035948
2142.000000 0.035118
2143.000000 0.038987
2144.000000 0.034456
2145.000000 0.030093
2146.000000 0.034538
2147.000000 0.032582
2148.000000 0.037531
2149.000000 0.036527
2150.000000 0.035833
2151.000000 0.046678
2152.000000 0.047863
2153.000000 0.043612
2154.000000 0.046242
2155.000000 0.049451
2156.000000 0.051047
2157.000000 0.045116
2158.000000 0.040343
2159.000000 0.043100
2160.000000 0.040234
2161.000000 0.033343
2162.000000 0.028949
2163.000000 0.028900
2164.000000 0.026213
2165.000000 0.031428
2166.000000 0.038904
2167.000000 0.039447
2168.000000 0.044205
2169.000000 0.042383
2170.000000 0.039306
2171.000000 0.047583
2172.000000 0.040958
2173.000000 0.038247
2174.000000 0.039732
2175.000000 0.044788
2176.000000 0.048312
2177.000000 0.043883
2178.000000 0.041872
2179.000000 0.040912
2180.000000 0.036224
2181.000000 0.034295
2182.000000 0.030607
2183.000000 0.030770
2184.000000 0.027109
2185.000000 0.022570
2186.000000 0.023471
2187.000000 0.025223
2188.000000 0.031673
2189.000000 0.029605
2190.000000 0.035664
2191.000000 0.049022
2192.000000 0.047217
2193.000000 0.048132
2194.000000 0.044183
2195.000000 0.049396
2196.000000 0.054602
2197.000000 0.053906
2198.000000 0.046791
2199.000000 0.048671
2200.000000 0.042604
2201.000000 0.037697
2202.000000 0.038303
2203.000000 0.033201
2204.000000 0.038140
2205.000000 0.035142
2206.000000 0.033586
2207.000000 0.035048
2208.000000 0.039738
2209.000000 0.039401
2210.000000 0.045939
2211.000000 0.045756
2212.000000 0.047038
2213.000000 0.054066
2214.000000 0.045619
2215.000000 0.042787
2216.000000 0.039423
2217.000000 0.039961
2218.000000 0.038835
2219.000000 0.038146
2220.000000 0.036617
2221.000000 0.036992
2222.000000 0.033879
2223.000000 0.031907
2224.000000 0.034536
2225.000000 0.038692
2226.000000 0.035195
2227.000000 0.030740
2228.000000 0.027365
2229.000000 0.029996
2230.000000 0.031823
2231.000000 0.038001
2232.000000 0.036948
2233.000000 0.044447
2234.000000 0.052937
2235.000000 0.048041
2236.000000 0.044788
2237.000000 0.040146
2238.000000 0.039846
2239.000000 0.034152
2240.000000 0.040817
2241.000000 0.042067
2242.000000 0.041294
2243.000000 0.035020
2244.000000 0.033956
2245.000000 0.032148
2246.000000 0.039075
2247.000000 0.036646
2248.000000 0.033281
2249.000000 0.034068
2250.000000 0.037101
2251.000000 0.034143
2252.000000 0.040328
2253.000000 0.036042
2254.000000 0.034646
2255.000000 0.041662
2256.000000 0.042402
2257.000000 0.040817
2258.000000 0.040554
2259.000000 0.042252
2260.000000 0.041350
2261.000000 0.040546
2262.000000 0.036298
2263.000000 0.039059
2264.000000 0.035416
2265.000000 0.045940
2266.000000 0.048497
2267.000000 0.045843
2268.000000 0.043420
2269.000000 0.039573
2270.000000 0.037386
2271.000000 0.034256
2272.000000 0.033323
2273.000000 0.032277
2274.000000 0.036869
2275.000000 0.038446
2276.000000 0.045493
2277.000000 0.040789
2278.000000 0.040851
2279.000000 0.040628
2280.000000 0.043212
2281.000000 0.047025
2282.000000 0.043431
2283.000000 0.043531
2284.000000 0.042579
2285.000000 0.043258
2286.000000 0.043995
2287.000000 0.037817
2288.000000 0.032995
2289.000000 0.029264
2290.000000 0.026774
2291.000000 0.028065
2292.000000 0.036685
2293.000000 0.037020
2294.000000 0.038525
2295.000000 0.032740
2296.000000 0.040486
2297.000000 0.041887
2298.000000 0.043378
2299.000000 0.047011
2300.000000 0.047990
2301.000000 0.044242
2302.000000 0.055576
2303.000000 0.050225
2304.000000 0.048573
2305.000000 0.045746
2306.000000 0.041816
2307.000000 0.039046
2308.000000 0.037345
2309.000000 0.036512
2310.000000 0.032943
2311.000000 0.036336
2312.000000 0.036606
2313.000000 0.038469
2314.000000 0.038725
2315.000000 0.034695
2316.000000 0.036698
2317.000000 0.038844
2318.000000 0.043084
2319.000000 0.039162
2320.000000 0.035849
2321.000000 0.032707
2322.000000 0.039837
2323.000000 0.041384
2324.000000 0.042928
2325.000000 0.040118
2326.000000 0.038936
2327.000000 0.043407
2328.000000 0.046935
2329.000000 0.045752
2330.000000 0.041213
2331.000000 0.039386
2332.000000 0.036545
2333.000000 0.043822
2334.000000 0.046470
2335.000000 0.048716
2336.000000 0.044450
2337.000000 0.042267
2338.000000 0.039132
2339.000000 0.035569
2340.000000 0.035460
2341.000000 0.035285
2342.000000 0.039463
2343.000000 0.041017
2344.000000 0.043351
2345.000000 0.039946
2346.000000 0.034772
2347.000000 0.036203
2348.000000 0.035199
2349.000000 0.030513
2350.000000 0.036726
2351.000000 0.039839
2352.000000 0.042392
2353.000000 0.039754
2354.000000 0.037644
2355.000000 0.038928
2356.000000 0.038606
2357.000000 0.045004
2358.000000 0.049524
2359.000000 0.048098
2360.000000 0.040617
2361.000000 0.041812
2362.000000 0.038229
2363.000000 0.035596
2364.000000 0.034216
2365.000000 0.029843
2366.000000 0.033575
2367.000000 0.035931
2368.000000 0.037171
2369.000000 0.040562
2370.000000 0.037883
2371.000000 0.038464
2372.000000 0.040555
2373.000000 0.040802
2374.000000 0.040317
2375.000000 0.036437
2376.000000 0.030423
2377.000000 0.031212
2378.000000 0.029042
2379.000000 0.034366
2380.000000 0.037611
2381.000000 0.043424
2382.000000 0.045928
2383.000000 0.041540
2384.000000 0.038619
2385.000000 0.041501
2386.000000 0.042306
2387.000000 0.042504
2388.000000 0.041694
2389.000000 0.036726
2390.000000 0.041396
2391.000000 0.048569
2392.000000 0.050288
2393.000000 0.048202
2394.000000 0.044152
2395.000000 0.045046
2396.000000 0.047237
2397.000000 0.045617
2398.000000 0.041590
2399.000000 0.036902
2400.000000 0.035226
2401.000000 0.035828
2402.000000 0.034637
2403.000000 0.035011
2404.000000 0.038768
2405.000000 0.042941
2406.000000 0.045125
2407.000000 0.046689
2408.000000 0.041229
2409.000000 0.036596
2410.000000 0.035095
2411.000000 0.039198
2412.000000 0.040302
2413.000000 0.046551
2414.000000 0.043161
2415.000000 0.044335
2416.000000 0.039131
2417.000000 0.034704
2418.000000 0.035797
2419.000000 0.033669
2420.000000 0.036829
2421.000000 0.035423
2422.000000 0.033567
2423.000000 0.031806
2424.000000 0.028558
2425.000000 0.032300
2426.000000 0.033729
2427.000000 0.032086
2428.000000 0.031621
2429.000000 0.033910
2430.000000 0.036990
2431.000000 0.039168
2432.000000 0.046336
2433.000000 0.047030
2434.000000 0.043114
2435.000000 0.042886
2436.000000 0.048695
2437.000000 0.044814
2438.000000 0.046081
2439.000000 0.043695
2440.000000 0.037725
2441.000000 0.036453
2442.000000 0.035369
2443.000000 0.030357
2444.000000 0.029970
2445.000000 0.029716
2446.000000 0.028798
2447.000000 0.028517
2448.000000 0.031770
2449.000000 0.033642
2450.000000 0.033436
2451.000000 0.040332
2452.000000 0.038438
2453.000000 0.040901
2454.000000 0.040199
2455.000000 0.046548
2456.000000 0.046797
2457.000000 0.044292
2458.000000 0.042323
2459.000000 0.039426
2460.000000 0.042618
2461.000000 0.042502
2462.000000 0.039143
2463.000000 0.036273
2464.000000 0.035574
2465.000000 0.041896
2466.000000 0.044758
2467.000000 0.046416
2468.000000 0.042542
2469.000000 0.045932
2470.000000 0.048402
2471.000000 0.041955
2472.000000 0.039408
2473.000000 0.042272
2474.000000 0.039489
2475.000000 0.033973
2476.000000 0.034216
2477.000000 0.033003
2478.000000 0.036382
2479.000000 0.034362
2480.000000 0.030185
2481.000000 0.035774
2482.000000 0.035238
2483.000000 0.033878
2484.000000 0.035206
2485.000000 0.037009
2486.000000 0.037045
2487.000000 0.037924
2488.000000 0.044779
2489.000000 0.043894
2490.000000 0.041984
2491.000000 0.038611
2492.000000 0.051693
2493.000000 0.056461
2494.000000 0.049289
2495.000000 0.051524
2496.000000 0.047347
2497.000000 0.044145
2498.000000 0.042062
2499.000000 0.040475
2500.000000 0.036247
2501.000000 0.040772
2502.000000 0.034931
2503.000000 0.034040
2504.000000 0.035222
2505.000000 0.040962
2506.000000 0.038445
2507.000000 0.035937
2508.000000 0.035586
2509.000000 0.048131
2510.000000 0.045784
2511.000000 0.044675
2512.000000 0.044531
2513.000000 0.040863
2514.000000 0.042326
2515.000000 0.038557
2516.000000 0.034990
2517.000000 0.036153
2518.000000 0.037543
2519.000000 0.033609
2520.000000 0.034243
2521.000000 0.032273
2522.000000 0.032540
2523.000000 0.034328
2524.000000 0.034959
2525.000000 0.036234
2526.000000 0.033084
2527.000000 0.044744
2528.000000 0.046457
2529.000000 0.042060
2530.000000 0.042931
2531.000000 0.042485
2532.000000 0.043628
2533.000000 0.041698
2534.000000 0.045483
2535.000000 0.050407
2536.000000 0.051687
2537.000000 0.047978
2538.000000 0.041283
2539.000000 0.034196
2540.000000 0.038700
2541.000000 0.033182
2542.000000 0.029808
2543.000000 0.037080
2544.000000 0.041061
2545.000000 0.039980
2546.000000 0.044081
2547.000000 0.045496
2548.000000 0.046582
2549.000000 0.045848
2550.000000 0.050053
2551.000000 0.054075
2552.000000 0.047741
2553.000000 0.057543
2554.000000 0.054680
2555.000000 0.048393
2556.000000 0.047166
2557.000000 0.041754
2558.000000 0.040285
2559.000000 0.042223
2560.000000 0.042728
2561.000000 0.036319
2562.000000 0.037460
2563.000000 0.033449
2564.000000 0.035972
2565.000000 0.032479
2566.000000 0.038105
2567.000000 0.043477
2568.000000 0.043350
2569.000000 0.040719
2570.000000 0.046598
2571.000000 0.042831
2572.000000 0.049031
2573.000000 0.047266
2574.000000 0.049886
2575.000000 0.046029
2576.000000 0.041159
2577.000000 0.042034
2578.000000 0.038752
2579.000000 0.040137
2580.000000 0.036434
2581.000000 0.035806
2582.000000 0.037089
2583.000000 0.038584
2584.000000 0.039065
2585.000000 0.039661
2586.000000 0.039496
2587.000000 0.038640
2588.000000 0.041265
2589.000000 0.039124
2590.000000 0.039998
2591.000000 0.045297
2592.000000 0.041826
2593.000000 0.042530
2594.000000 0.041952
2595.000000 0.044963
2596.000000 0.047666
2597.000000 0.053812
2598.000000 0.045232
2599.000000 0.039696
2600.000000 0.036865
2601.000000 0.039393
2602.000000 0.036564
2603.000000 0.035926
2604.000000 0.032670
2605.000000 0.045712
2606.000000 0.043276
2607.000000 0.040506
2608.000000 0.041174
2609.000000 0.039025
2610.000000 0.038283
2611.000000 0.038314
2612.000000 0.039637
2613.000000 0.039054
2614.000000 0.042133
2615.000000 0.041286
2616.000000 0.039183
2617.000000 0.043304
2618.000000 0.041897
2619.000000 0.044466
2620.000000 0.046800
2621.000000 0.040161
2622.000000 0.037705
2623.000000 0.036505
2624.000000 0.036506
2625.000000 0.037965
2626.000000 0.038742
2627.000000 0.046631
2628.000000 0.049689
2629.000000 0.047336
2630.000000 0.043524
2631.000000 0.037705
2632.000000 0.035119
2633.000000 0.029671
2634.000000 0.030111
2635.000000 0.042394
2636.000000 0.038701
2637.000000 0.035583
2638.000000 0.042320
2639.000000 0.041461
2640.000000 0.037893
2641.000000 0.040452
2642.000000 0.048491
2643.000000 0.043063
2644.000000 0.043737
2645.000000 0.041417
2646.000000 0.038405
2647.000000 0.042194
2648.000000 0.042144
2649.000000 0.040169
2650.000000 0.037085
2651.000000 0.037675
2652.000000 0.039705
2653.000000 0.039934
2654.000000 0.040522
2655.000000 0.035886
2656.000000 0.033844
2657.000000 0.030554
2658.000000 0.035449
2659.000000 0.041464
2660.000000 0.039878
2661.000000 0.038327
2662.000000 0.040920
2663.000000 0.043294
2664.000000 0.046929
2665.000000 0.044764
2666.000000 0.043142
2667.000000 0.043212
2668.000000 0.039872
2669.000000 0.037546
2670.000000 0.037822
2671.000000 0.034274
2672.000000 0.032230
2673.000000 0.037268
2674.000000 0.038758
2675.000000 0.038894
2676.000000 0.038456
2677.000000 0.040313
2678.000000 0.043931
2679.000000 0.046360
2680.000000 0.048512
2681.000000 0.047960
2682.000000 0.046663
2683.000000 0.046352
2684.000000 0.042923
2685.000000 0.043383
2686.000000 0.042136
2687.000000 0.041379
2688.000000 0.037868
2689.000000 0.039736
2690.000000 0.037631
2691.000000 0.039745
2692.000000 0.034890
2693.000000 0.030406
2694.000000 0.028202
2695.000000 0.036878
2696.000000 0.033779
2697.000000 0.034881
2698.000000 0.042330
2699.000000 0.044424
2700.000000 0.044337
2701.000000 0.039869
2702.000000 0.039562
2703.000000 0.041967
2704.000000 0.046906
2705.000000 0.046281
2706.000000 0.041634
2707.000000 0.043405
2708.000000 0.047655
2709.000000 0.042336
2710.000000 0.037264
2711.000000 0.040245
2712.000000 0.033824
2713.000000 0.031362
2714.000000 0.031994
2715.000000 0.034594
2716.000000 0.038479
2717.000000 0.040874
2718.000000 0.040108
2719.000000 0.038758
2720.000000 0.038377
2721.000000 0.042293
2722.000000 0.041386
2723.000000 0.038654
2724.000000 0.044543
2725.000000 0.045332
2726.000000 0.044017
2727.000000 0.041181
2728.000000 0.037402
2729.000000 0.036659
2730.000000 0.040104
2731.000000 0.044586
2732.000000 0.041043
2733.000000 0.039264
2734.000000 0.046974
2735.000000 0.043382
2736.000000 0.039581
2737.000000 0.039343
2738.000000 0.043796
2739.000000 0.043558
2740.000000 0.043273
2741.000000 0.042286
2742.000000 0.042191
2743.000000 0.039368
2744.000000 0.038935
2745.000000 0.040500
2746.000000 0.037341
2747.000000 0.037504
2748.000000 0.033073
2749.000000 0.030081
2750.000000 0.025753
2751.000000 0.033634
2752.000000 0.038535
2753.000000 0.037060
2754.000000 0.036044
2755.000000 0.031494
2756.000000 0.035293
2757.000000 0.039105
2758.000000 0.040406
2759.000000 0.039657
2760.000000 0.037534
2761.000000 0.039034
2762.000000 0.033289
2763.000000 0.040808
2764.000000 0.041252
2765.000000 0.044987
2766.000000 0.049853
2767.000000 0.045588
2768.000000 0.041836
2769.000000 0.043825
2770.000000 0.045652
2771.000000 0.045590
2772.000000 0.038580
2773.000000 0.036055
2774.000000 0.037672
2775.000000 0.035066
2776.000000 0.031145
2777.000000 0.033696
2778.000000 0.033405
2779.000000 0.041275
2780.000000 0.048655
2781.000000 0.041938
2782.000000 0.040007
2783.000000 0.037635
2784.000000 0.034263
2785.000000 0.034322
2786.000000 0.033665
2787.000000 0.029467
2788.000000 0.031109
2789.000000 0.030610
2790.000000 0.035521
2791.000000 0.031436
2792.000000 0.038435
2793.000000 0.039834
2794.000000 0.041904
2795.000000 0.048183
2796.000000 0.053303
2797.000000 0.050847
2798.000000 0.047706
2799.000000 0.046967
2800.000000 0.044272
2801.000000 0.037475
2802.000000 0.031696
2803.000000 0.034360
2804.000000 0.030616
2805.000000 0.029470
2806.000000 0.030672
2807.000000 0.031376
2808.000000 0.030084
2809.000000 0.034317
2810.000000 0.037412
2811.000000 0.038489
2812.000000 0.043282
2813.000000 0.042786
2814.000000 0.049588
2815.000000 0.051878
2816.000000 0.050948
2817.000000 0.053118
2818.000000 0.046071
2819.000000 0.045600
2820.000000 0.040988
2821.000000 0.043408
2822.000000 0.038160
2823.000000 0.036360
2824.000000 0.033095
2825.000000 0.042793
2826.000000 0.041552
2827.000000 0.037135
2828.000000 0.036868
2829.000000 0.043188
2830.000000 0.042445
2831.000000 0.042506
2832.000000 0.046420
2833.000000 0.050871
2834.000000 0.053071
2835.000000 0.051883
2836.000000 0.045698
2837.000000 0.037806
2838.000000 0.038256
2839.000000 0.038365
2840.000000 0.036087
2841.000000 0.031794
2842.000000 0.030328
2843.000000 0.032223
2844.000000 0.033355
2845.000000 0.039703
2846.000000 0.037146
2847.000000 0.039945
2848.000000 0.037412
2849.000000 0.034890
2850.000000 0.044123
2851.000000 0.044784
2852.000000 0.044559
2853.000000 0.045796
2854.000000 0.041054
2855.000000 0.036873
2856.000000 0.039143
2857.000000 0.039344
2858.000000 0.035396
2859.000000 0.031069
2860.000000 0.028181
2861.000000 0.030108
2862.000000 0.033580
2863.000000 0.033911
2864.000000 0.035703
2865.000000 0.037237
2866.000000 0.037079
2867.000000 0.039478
2868.000000 0.034656
2869.000000 0.045682
2870.000000 0.043496
2871.000000 0.044593
2872.000000 0.042432
2873.000000 0.048192
2874.000000 0.049210
2875.000000 0.043877
2876.000000 0.038807
2877.000000 0.035080
2878.000000 0.035363
2879.000000 0.031413
2880.000000 0.034590
2881.000000 0.037422
2882.000000 0.040753
2883.000000 0.039958
2884.000000 0.042211
2885.000000 0.036344
2886.000000 0.041405
2887.000000 0.040418
2888.000000 0.045041
2889.000000 0.039330
2890.000000 0.041213
2891.000000 0.037870
2892.000000 0.043612
2893.000000 0.040718
2894.000000 0.043777
2895.000000 0.040099
2896.000000 0.039575
2897.000000 0.039502
2898.000000 0.036240
2899.000000 0.041167
2900.000000 0.041366
2901.000000 0.037905
2902.000000 0.036904
2903.000000 0.036514
2904.000000 0.035778
2905.000000 0.037876
2906.000000 0.039354
2907.000000 0.041459
2908.000000 0.040052
2909.000000 0.036418
2910.000000 0.035903
2911.000000 0.037603
2912.000000 0.037895
2913.000000 0.036964
2914.000000 0.038999
2915.000000 0.043161
2916.000000 0.043409
2917.000000 0.039731
2918.000000 0.041876
2919.000000 0.039919
2920.000000 0.038340
2921.000000 0.039236
2922.000000 0.037908
2923.000000 0.038183
2924.000000 0.036441
2925.000000 0.033756
2926.000000 0.030661
2927.000000 0.041107
2928.000000 0.040807
2929.000000 0.039493
2930.000000 0.046597
2931.000000 0.042589
2932.000000 0.039344
2933.000000 0.040167
2934.000000 0.037985
2935.000000 0.040122
2936.000000 0.041462
2937.000000 0.042282
2938.000000 0.043212
2939.000000 0.045024
2940.000000 0.044573
2941.000000 0.041207
2942.000000 0.036605
2943.000000 0.033686
2944.000000 0.031452
2945.000000 0.039642
2946.000000 0.039701
2947.000000 0.036580
2948.000000 0.034368
2949.000000 0.034337
2950.000000 0.031801
2951.000000 0.038696
2952.000000 0.048709
2953.000000 0.049109
2954.000000 0.047465
2955.000000 0.048213
2956.000000 0.042258
2957.000000 0.038738
2958.000000 0.035350
2959.000000 0.039391
2960.000000 0.039488
2961.000000 0.035478
2962.000000 0.036400
2963.000000 0.033813
2964.000000 0.031945
2965.000000 0.034688
2966.000000 0.036221
2967.000000 0.031656
2968.000000 0.037306
2969.000000 0.031743
2970.000000 0.029722
2971.000000 0.032048
2972.000000 0.037798
2973.000000 0.039580
2974.000000 0.038355
2975.000000 0.042601
2976.000000 0.041293
2977.000000 0.042468
2978.000000 0.044577
2979.000000 0.043650
2980.000000 0.045647
2981.000000 0.043233
2982.000000 0.043522
2983.000000 0.037510
2984.000000 0.035548
2985.000000 0.034237
2986.000000 0.039680
2987.000000 0.045060
2988.000000 0.038521
2989.000000 0.040406
2990.000000 0.043156
2991.000000 0.043871
2992.000000 0.039269
2993.000000 0.036377
2994.000000 0.033781
2995.000000 0.035884
2996.000000 0.037548
2997.000000 0.041056
2998.000000 0.046631
2999.000000 0.046329
3000.000000 0.040084
3001.000000 0.041497
3002.000000 0.037119
3003.000000 0.036623
3004.000000 0.042364
3005.000000 0.039785
3006.000000 0.043387
3007.000000 0.045093
3008.000000 0.041938
3009.000000 0.036716
3010.000000 0.037011
3011.000000 0.035124
3012.000000 0.044643
3013.000000 0.047524
3014.000000 0.043965
3015.000000 0.041466
3016.000000 0.036719
3017.000000 0.036847
3018.000000 0.035119
3019.000000 0.035965
3020.000000 0.038968
3021.000000 0.043716
3022.000000 0.041592
3023.000000 0.043237
3024.000000 0.044141
3025.000000 0.042731
3026.000000 0.049048
3027.000000 0.041546
3028.000000 0.040120
3029.000000 0.035477
3030.000000 0.041143
3031.000000 0.036997
3032.000000 0.035665
3033.000000 0.037574
3034.000000 0.038342
3035.000000 0.037744
3036.000000 0.036462
3037.000000 0.040561
3038.000000 0.039535
3039.000000 0.040093
3040.000000 0.044156
3041.000000 0.039841
3042.000000 0.036283
3043.000000 0.035895
3044.000000 0.038208
3045.000000 0.043971
3046.000000 0.039375
3047.000000 0.042296
3048.000000 0.042997
3049.000000 0.040830
3050.000000 0.045303
3051.000000 0.044577
3052.000000 0.041984
3053.000000 0.045621
3054.000000 0.041466
3055.000000 0.039069
3056.000000 0.037481
3057.000000 0.037449
3058.000000 0.039087
3059.000000 0.040869
3060.000000 0.040296
3061.000000 0.038944
3062.000000 0.036217
3063.000000 0.037218
3064.000000 0.042471
3065.000000 0.042126
3066.000000 0.041443
3067.000000 0.041221
3068.000000 0.039418
3069.000000 0.034789
3070.000000 0.036703
3071.000000 0.033300
3072.000000 0.037517
3073.000000 0.043463
3074.000000 0.042820
3075.000000 0.043018
3076.000000 0.044007
3077.000000 0.045408
3078.000000 0.040832
3079.000000 0.036703
3080.000000 0.037400
3081.000000 0.042251
3082.000000 0.043097
3083.000000 0.039595
3084.000000 0.038778
3085.000000 0.043821
3086.000000 0.041817
3087.000000 0.047136
3088.000000 0.042685
3089.000000 0.037296
3090.000000 0.034192
3091.000000 0.040945
3092.000000 0.037211
3093.000000 0.036319
3094.000000 0.036163
3095.000000 0.034919
3096.000000 0.047818
3097.000000 0.049476
3098.000000 0.047723
3099.000000 0.044445
3100.000000 0.046251
3101.000000 0.048806
3102.000000 0.046642
3103.000000 0.047739
3104.000000 0.044007
3105.000000 0.039410
3106.000000 0.038838
3107.000000 0.035571
3108.000000 0.032564
3109.000000 0.034417
3110.000000 0.035417
3111.000000 0.033147
3112.000000 0.031443
3113.000000 0.032069
3114.000000 0.029589
3115.000000 0.034849
3116.000000 0.037198
3117.000000 0.047165
3118.000000 0.043099
3119.000000 0.039522
3120.000000 0.044511
3121.000000 0.042554
3122.000000 0.046953
3123.000000 0.043387
3124.000000 0.041185
3125.000000 0.043829
3126.000000 0.039642
3127.000000 0.040643
3128.000000 0.040691
3129.000000 0.039557
3130.000000 0.037404
3131.000000 0.033212
3132.000000 0.036198
3133.000000 0.033182
3134.000000 0.035548
3135.000000 0.044623
3136.000000 0.047702
3137.000000 0.042351
3138.000000 0.044709
3139.000000 0.044310
3140.000000 0.043225
3141.000000 0.041023
3142.000000 0.041665
3143.000000 0.038856
3144.000000 0.042889
3145.000000 0.041474
3146.000000 0.044716
3147.000000 0.044831
3148.000000 0.042700
3149.000000 0.041673
3150.000000 0.035218
3151.000000 0.040175
3152.000000 0.036240
3153.000000 0.041555
3154.000000 0.038851
3155.000000 0.039978
3156.000000 0.038659
3157.000000 0.040379
3158.000000 0.037884
3159.000000 0.036269
3160.000000 0.031824
3161.000000 0.034868
3162.000000 0.033473
3163.000000 0.030467
3164.000000 0.032795
3165.000000 0.035531
3166.000000 0.033621
3167.000000 0.031128
3168.000000 0.034843
3169.000000 0.038789
3170.000000 0.039511
3171.000000 0.042802
3172.000000 0.042482
3173.000000 0.036901
3174.000000 0.034503
3175.000000 0.034645
3176.000000 0.045332
3177.000000 0.048450
3178.000000 0.063020
3179.000000 0.058851
3180.000000 0.054888
3181.000000 0.054891
3182.000000 0.045911
3183.000000 0.043257
3184.000000 0.039476
3185.000000 0.036897
3186.000000 0.034174
3187.000000 0.032066
3188.000000 0.032802
3189.000000 0.041146
3190.000000 0.041999
3191.000000 0.038467
3192.000000 0.033761
3193.000000 0.039077
3194.000000 0.032966
3195.000000 0.032170
3196.000000 0.031185
3197.000000 0.040947
3198.000000 0.038375
3199.000000 0.037281
3200.000000 0.036060
3201.000000 0.038776
3202.000000 0.038272
3203.000000 0.038069
3204.000000 0.043358
3205.000000 0.046270
3206.000000 0.049567
3207.000000 0.041559
3208.000000 0.040131
3209.000000 0.042863
3210.000000 0.035495
3211.000000 0.042149
3212.000000 0.046324
3213.000000 0.043492
3214.000000 0.039413
3215.000000 0.041488
3216.000000 0.040071
3217.000000 0.033197
3218.000000 0.037897
3219.000000 0.037719
3220.000000 0.043960
3221.000000 0.043800
3222.000000 0.043804
3223.000000 0.040278
3224.000000 0.042808
3225.000000 0.039522
3226.000000 0.035850
3227.000000 0.035195
3228.000000 0.040014
3229.000000 0.037750
3230.000000 0.037696
3231.000000 0.035951
3232.000000 0.038661
3233.000000 0.034427
3234.000000 0.032408
3235.000000 0.034879
3236.000000 0.037296
3237.000000 0.036670
3238.000000 0.038532
3239.000000 0.036019
3240.000000 0.044317
3241.000000 0.040451
3242.000000 0.039198
3243.000000 0.040385
3244.000000 0.043208
3245.000000 0.042654
3246.000000 0.046747
3247.000000 0.047860
3248.000000 0.047575
3249.000000 0.045689
3250.000000 0.039525
3251.000000 0.040628
3252.000000 0.037129
3253.000000 0.039328
3254.000000 0.043563
3255.000000 0.038740
3256.000000 0.035168
3257.000000 0.036971
3258.000000 0.039397
3259.000000 0.044284
3260.000000 0.042247
3261.000000 0.040941
3262.000000 0.036501
3263.000000 0.038608
3264.000000 0.039693
3265.000000 0.044241
3266.000000 0.045354
3267.000000 0.046170
3268.000000 0.045712
3269.000000 0.044452
3270.000000 0.040613
3271.000000 0.045301
3272.000000 0.043488
3273.000000 0.044470
3274.000000 0.041985
3275.000000 0.038962
3276.000000 0.036728
3277.000000 0.041027
3278.000000 0.038300
3279.000000 0.041280
3280.000000 0.042774
3281.000000 0.041299
3282.000000 0.041005
3283.000000 0.040493
3284.000000 0.038141
3285.000000 0.042381
3286.000000 0.042135
3287.000000 0.043410
3288.000000 0.044056
3289.000000 0.045164
3290.000000 0.054482
3291.000000 0.055961
3292.000000 0.048788
3293.000000 0.042264
3294.000000 0.039988
3295.000000 0.038939
3296.000000 0.040510
3297.000000 0.033546
3298.000000 0.030161
3299.000000 0.030257
3300.000000 0.031021
3301.000000 0.029617
3302.000000 0.036440
3303.000000 0.040345
3304.000000 0.038338
3305.000000 0.034841
3306.000000 0.035052
3307.000000 0.035366
3308.000000 0.038402
3309.000000 0.047127
3310.000000 0.046802
3311.000000 0.044801
3312.000000 0.043318
3313.000000 0.040043
3314.000000 0.041391
3315.000000 0.040006
3316.000000 0.039166
3317.000000 0.045651
3318.000000 0.042330
3319.000000 0.044142
3320.000000 0.052162
3321.000000 0.044587
3322.000000 0.044362
3323.000000 0.045078
3324.000000 0.044658
3325.000000 0.046688
3326.000000 0.044626
3327.000000 0.044447
3328.000000 0.039467
3329.000000 0.046225
3330.000000 0.042392
3331.000000 0.039199
3332.000000 0.037839
3333.000000 0.046297
3334.000000 0.048593
3335.000000 0.047707
3336.000000 0.044793
3337.000000 0.044949
3338.000000 0.045645
3339.000000 0.042775
3340.000000 0.041044
3341.000000 0.044460
3342.000000 0.039820
3343.000000 0.044964
3344.000000 0.042883
3345.000000 0.043342
3346.000000 0.046116
3347.000000 0.051605
3348.000000 0.048610
3349.000000 0.043765
3350.000000 0.041526
3351.000000 0.041590
3352.000000 0.039596
3353.000000 0.037822
3354.000000 0.042604
3355.000000 0.044787
3356.000000 0.040106
3357.000000 0.035850
3358.000000 0.036747
3359.000000 0.043791
3360.000000 0.047167
3361.000000 0.047161
3362.000000 0.042933
3363.000000 0.040625
3364.000000 0.041926
3365.000000 0.038519
3366.000000 0.040948
3367.000000 0.038502
3368.000000 0.033651
3369.000000 0.035973
3370.000000 0.030098
3371.000000 0.036161
3372.000000 0.035558
3373.000000 0.033118
3374.000000 0.034994
3375.000000 0.030418
3376.000000 0.033799
3377.000000 0.035020
3378.000000 0.048082
3379.000000 0.048263
3380.000000 0.050984
3381.000000 0.053735
3382.000000 0.053654
3383.000000 0.057174
3384.000000 0.050561
3385.000000 0.050135
3386.000000 0.045926
3387.000000 0.043478
3388.000000 0.042803
3389.000000 0.037649
3390.000000 0.034238
3391.000000 0.040589
3392.000000 0.036729
3393.000000 0.032272
3394.000000 0.029636
3395.000000 0.030101
3396.000000 0.035500
3397.000000 0.029686
3398.000000 0.026171
3399.000000 0.037678
3400.000000 0.037972
3401.000000 0.041242
3402.000000 0.042236
3403.000000 0.046963
3404.000000 0.043569
3405.000000 0.047082
3406.000000 0.045848
3407.000000 0.046747
3408.000000 0.047453
3409.000000 0.040578
3410.000000 0.043619
3411.000000 0.038580
3412.000000 0.036612
3413.000000 0.040512
3414.000000 0.041562
3415.000000 0.037936
3416.000000 0.034514
3417.000000 0.031177
3418.000000 0.034271
3419.000000 0.034147
3420.000000 0.033255
3421.000000 0.029382
3422.000000 0.027914
3423.000000 0.027664
3424.000000 0.027405
3425.000000 0.032628
3426.000000 0.042781
3427.000000 0.045277
3428.000000 0.044989
3429.000000 0.047801
3430.000000 0.049765
3431.000000 0.044345
3432.000000 0.041286
3433.000000 0.041117
3434.000000 0.038099
3435.000000 0.039103
3436.000000 0.038479
3437.000000 0.037041
3438.000000 0.040961
3439.000000 0.039386
3440.000000 0.049236
3441.000000 0.050338
3442.000000 0.045341
3443.000000 0.044860
3444.000000 0.040271
3445.000000 0.038610
3446.000000 0.039106
3447.000000 0.045070
3448.000000 0.042078
3449.000000 0.038236
3450.000000 0.041942
3451.000000 0.039299
3452.000000 0.038004
3453.000000 0.032315
3454.000000 0.039074
3455.000000 0.042502
3456.000000 0.038470
3457.000000 0.041413
3458.000000 0.041417
3459.000000 0.042295
3460.000000 0.039481
3461.000000 0.037762
3462.000000 0.033125
3463.000000 0.031448
3464.000000 0.036457
3465.000000 0.035539
3466.000000 0.040764
3467.000000 0.039243
3468.000000 0.040333
3469.000000 0.036387
3470.000000 0.036228
3471.000000 0.038393
3472.000000 0.043086
3473.000000 0.041945
3474.000000 0.044869
3475.000000 0.042269
3476.000000 0.043842
3477.000000 0.046196
3478.000000 0.042793
3479.000000 0.038913
3480.000000 0.036021
3481.000000 0.040940
3482.000000 0.041411
3483.000000 0.041274
3484.000000 0.041185
3485.000000 0.036680
3486.000000 0.036689
3487.000000 0.033369
3488.000000 0.034593
3489.000000 0.037417
3490.000000 0.031361
3491.000000 0.033200
3492.000000 0.040200
3493.000000 0.041480
3494.000000 0.039336
3495.000000 0.046322
3496.000000 0.043819
3497.000000 0.046397
3498.000000 0.051697
3499.000000 0.048432
3500.000000 0.046731
3501.000000 0.044119
3502.000000 0.045090
3503.000000 0.040813
3504.000000 0.040846
3505.000000 0.037782
3506.000000 0.034756
3507.000000 0.038898
3508.000000 0.034805
3509.000000 0.036766
3510.000000 0.037315
3511.000000 0.037404
3512.000000 0.040665
3513.000000 0.040426
3514.000000 0.041596
3515.000000 0.039036
3516.000000 0.046444
3517.000000 0.042592
3518.000000 0.038903
3519.000000 0.038162
3520.000000 0.037012
3521.000000 0.040792
3522.000000 0.034595
3523.000000 0.032424
3524.000000 0.039465
3525.000000 0.037302
3526.000000 0.038610
3527.000000 0.040637
3528.000000 0.048378
3529.000000 0.048296
3530.000000 0.042811
3531.000000 0.042817
3532.000000 0.045099
3533.000000 0.045146
3534.000000 0.042175
3535.000000 0.041868
3536.000000 0.045163
3537.000000 0.038542
3538.000000 0.036241
3539.000000 0.033340
3540.000000 0.034099
3541.000000 0.030483
3542.000000 0.035487
3543.000000 0.031514
3544.000000 0.031374
3545.000000 0.037213
3546.000000 0.039214
3547.000000 0.043814
3548.000000 0.044256
3549.000000 0.046875
3550.000000 0.051298
3551.000000 0.050694
3552.000000 0.044435
3553.000000 0.043030
3554.000000 0.045987
3555.000000 0.039300
3556.000000 0.040202
3557.000000 0.037955
3558.000000 0.033395
3559.000000 0.036332
3560.000000 0.032820
3561.000000 0.036608
3562.000000 0.034774
3563.000000 0.039455
3564.000000 0.038905
3565.000000 0.033975
3566.000000 0.045919
3567.000000 0.043555
3568.000000 0.043739
3569.000000 0.041732
3570.000000 0.036973
3571.000000 0.034913
3572.000000 0.038292
3573.000000 0.036775
3574.000000 0.035379
3575.000000 0.037162
3576.000000 0.033265
3577.000000 0.038641
3578.000000 0.035301
3579.000000 0.039400
3580.000000 0.038132
3581.000000 0.032458
3582.000000 0.039438
3583.000000 0.035383
3584.000000 0.037737
3585.000000 0.037591
3586.000000 0.038979
3587.000000 0.038179
3588.000000 0.037790
3589.000000 0.034264
3590.000000 0.033986
3591.000000 0.045082
3592.000000 0.048566
3593.000000 0.047830
3594.000000 0.049013
3595.000000 0.042852
3596.000000 0.045883
3597.000000 0.040052
3598.000000 0.035484
3599.000000 0.039550
3600.000000 0.038915
3601.000000 0.041034
3602.000000 0.041022
3603.000000 0.038379
3604.000000 0.038713
3605.000000 0.037406
3606.000000 0.036261
3607.000000 0.035034
3608.000000 0.035249
3609.000000 0.035067
3610.000000 0.036547
3611.000000 0.035123
3612.000000 0.035419
3613.000000 0.034065
3614.000000 0.036757
3615.000000 0.036337
3616.000000 0.032044
3617.000000 0.039862
3618.000000 0.051643
3619.000000 0.047785
3620.000000 0.040587
3621.000000 0.044911
3622.000000 0.039569
3623.000000 0.047238
3624.000000 0.045841
3625.000000 0.042765
3626.000000 0.042972
3627.000000 0.042744
3628.000000 0.039035
3629.000000 0.037076
3630.000000 0.037233
3631.000000 0.035984
3632.000000 0.034518
3633.000000 0.038060
3634.000000 0.035490
3635.000000 0.035896
3636.000000 0.036218
3637.000000 0.035296
3638.000000 0.037483
3639.000000 0.042789
3640.000000 0.046609
3641.000000 0.050699
3642.000000 0.047708
3643.000000 0.045982
3644.000000 0.050121
3645.000000 0.048655
3646.000000 0.048621
3647.000000 0.050811
3648.000000 0.046578
3649.000000 0.040505
3650.000000 0.044728
3651.000000 0.040401
3652.000000 0.038584
3653.000000 0.034367
3654.000000 0.032493
3655.000000 0.036322
3656.000000 0.036498
3657.000000 0.038874
3658.000000 0.037144
3659.000000 0.041279
3660.000000 0.039523
3661.000000 0.037340
3662.000000 0.034421
3663.000000 0.031583
3664.000000 0.044653
3665.000000 0.040858
3666.000000 0.037826
3667.000000 0.037711
3668.000000 0.035511
3669.000000 0.036929
3670.000000 0.040007
3671.000000 0.037447
3672.000000 0.038752
3673.000000 0.036565
3674.000000 0.039091
3675.000000 0.044928
3676.000000 0.041620
3677.000000 0.037134
3678.000000 0.043712
3679.000000 0.045027
3680.000000 0.039114
3681.000000 0.038480
3682.000000 0.036966
3683.000000 0.037795
3684.000000 0.039055
3685.000000 0.038034
3686.000000 0.033563
3687.000000 0.032730
3688.000000 0.031397
3689.000000 0.036704
3690.000000 0.040589
3691.000000 0.039559
3692.000000 0.036689
3693.000000 0.033154
3694.000000 0.040947
3695.000000 0.042960
3696.000000 0.036441
3697.000000 0.039101
3698.000000 0.044004
3699.000000 0.040167
3700.000000 0.043141
3701.000000 0.037800
3702.000000 0.042928
3703.000000 0.042494
3704.000000 0.040597
3705.000000 0.038925
3706.000000 0.037352
3707.000000 0.036080
3708.000000 0.036444
3709.000000 0.037902
3710.000000 0.039563
3711.000000 0.038968
3712.000000 0.042530
3713.000000 0.047163
3714.000000 0.048073
3715.000000 0.045576
3716.000000 0.043517
3717.000000 0.037798
3718.000000 0.033550
3719.000000 0.032938
3720.000000 0.031704
3721.000000 0.033106
3722.000000 0.034136
3723.000000 0.042554
3724.000000 0.040102
3725.000000 0.045280
3726.000000 0.046730
3727.000000 0.048785
3728.000000 0.044836
3729.000000 0.042496
3730.000000 0.044551
3731.000000 0.046853
3732.000000 0.045730
3733.000000 0.045514
3734.000000 0.041243
3735.000000 0.041577
3736.000000 0.036440
3737.000000 0.035004
3738.000000 0.030848
3739.000000 0.028295
3740.000000 0.027469
3741.000000 0.028430
3742.000000 0.035626
3743.000000 0.040599
3744.000000 0.041103
3745.000000 0.042873
3746.000000 0.037799
3747.000000 0.051150
3748.000000 0.046984
3749.000000 0.041423
3750.000000 0.043287
3751.000000 0.039242
3752.000000 0.033528
3753.000000 0.038700
3754.000000 0.040167
3755.000000 0.039227
3756.000000 0.041697
3757.000000 0.042195
3758.000000 0.046977
3759.000000 0.041632
3760.000000 0.040403
3761.000000 0.038363
3762.000000 0.040915
3763.000000 0.041736
3764.000000 0.041608
3765.000000 0.036596
3766.000000 0.035155
3767.000000 0.041524
3768.000000 0.037649
3769.000000 0.036879
3770.000000 0.033427
3771.000000 0.030424
3772.000000 0.025303
3773.000000 0.026331
3774.000000 0.031077
3775.000000 0.035736
3776.000000 0.041316
3777.000000 0.041753
3778.000000 0.040815
3779.000000 0.043805
3780.000000 0.048001
3781.000000 0.043140
3782.000000 0.041956
3783.000000 0.040097
3784.000000 0.047889
3785.000000 0.043612
3786.000000 0.045265
3787.000000 0.042398
3788.000000 0.038612
3789.000000 0.036252
3790.000000 0.039163
3791.000000 0.040594
3792.000000 0.038771
3793.000000 0.038857
3794.000000 0.035994
3795.000000 0.032674
3796.000000 0.032948
3797.000000 0.037189
3798.000000 0.037913
3799.000000 0.037380
3800.000000 0.040277
3801.000000 0.039174
3802.000000 0.043039
3803.000000 0.043901
3804.000000 0.044172
3805.000000 0.043166
3806.000000 0.037793
3807.000000 0.035380
3808.000000 0.034103
3809.000000 0.032155
3810.000000 0.033119
3811.000000 0.032006
3812.000000 0.032740
3813.000000 0.031705
3814.000000 0.033338
3815.000000 0.033886
3816.000000 0.038548
3817.000000 0.039964
3818.000000 0.043908
3819.000000 0.045247
3820.000000 0.039466
3821.000000 0.036074
3822.000000 0.032292
3823.000000 0.038483
3824.000000 0.036871
3825.000000 0.041418
3826.000000 0.036765
3827.000000 0.034088
3828.000000 0.032945
3829.000000 0.035238
3830.000000 0.046141
3831.000000 0.055084
3832.000000 0.054694
3833.000000 0.051651
3834.000000 0.048786
3835.000000 0.056123
3836.000000 0.050556
3837.000000 0.052250
3838.000000 0.045939
3839.000000 0.046595
3840.000000 0.042642
3841.000000 0.039945
3842.000000 0.039432
3843.000000 0.038268
3844.000000 0.039080
3845.000000 0.033461
3846.000000 0.036113
3847.000000 0.034176
3848.000000 0.029505
3849.000000 0.039141
3850.000000 0.038324
3851.000000 0.040205
3852.000000 0.045006
3853.000000 0.039716
3854.000000 0.039821
3855.000000 0.035901
3856.000000 0.041050
3857.000000 0.041661
3858.000000 0.047287
3859.000000 0.052557
3860.000000 0.050493
3861.000000 0.046691
3862.000000 0.043069
3863.000000 0.041680
3864.000000 0.038167
3865.000000 0.032828
3866.000000 0.036407
3867.000000 0.030229
3868.000000 0.026637
3869.000000 0.028987
3870.000000 0.033848
3871.000000 0.034950
3872.000000 0.038685
3873.000000 0.047816
3874.000000 0.045299
3875.000000 0.038944
3876.000000 0.036520
3877.000000 0.041362
3878.000000 0.035583
3879.000000 0.039786
3880.000000 0.046120
3881.000000 0.042730
3882.000000 0.038863
3883.000000 0.038657
3884.000000 0.033847
3885.000000 0.035213
3886.000000 0.042554
3887.000000 0.037129
3888.000000 0.042829
3889.000000 0.045196
3890.000000 0.041208
3891.000000 0.046904
3892.000000 0.045516
3893.000000 0.046151
3894.000000 0.047428
3895.000000 0.044046
3896.000000 0.047647
3897.000000 0.040772
3898.000000 0.043192
3899.000000 0.045646
3900.000000 0.045351
3901.000000 0.038088
3902.000000 0.036630
3903.000000 0.034502
3904.000000 0.040609
3905.000000 0.042057
3906.000000 0.043696
3907.000000 0.037114
3908.000000 0.039179
3909.000000 0.034852
3910.000000 0.035690
3911.000000 0.040670
3912.000000 0.041340
3913.000000 0.038457
3914.000000 0.040965
3915.000000 0.039778
3916.000000 0.043240
3917.000000 0.039310
3918.000000 0.037789
3919.000000 0.038395
3920.000000 0.037529
3921.000000 0.041203
3922.000000 0.041282
3923.000000 0.044441
3924.000000 0.038434
3925.000000 0.040169
3926.000000 0.034485
3927.000000 0.033869
3928.000000 0.036889
3929.000000 0.034603
3930.000000 0.035087
3931.000000 0.045022
3932.000000 0.041297
3933.000000 0.036794
3934.000000 0.040347
3935.000000 0.037996
3936.000000 0.042580
3937.000000 0.042660
3938.000000 0.040813
3939.000000 0.039453
3940.000000 0.043589
3941.000000 0.043267
3942.000000 0.040469
3943.000000 0.046195
3944.000000 0.049618
3945.000000 0.046533
3946.000000 0.040868
3947.000000 0.039677
3948.000000 0.037252
3949.000000 0.040239
3950.000000 0.038671
3951.000000 0.044597
3952.000000 0.046296
3953.000000 0.045017
3954.000000 0.040964
3955.000000 0.042771
3956.000000 0.035422
3957.000000 0.033255
3958.000000 0.039792
3959.000000 0.044597
3960.000000 0.044207
3961.000000 0.051118
3962.000000 0.051915
3963.000000 0.054757
3964.000000 0.048034
3965.000000 0.043002
3966.000000 0.042617
3967.000000 0.041305
3968.000000 0.038324
3969.000000 0.038116
3970.000000 0.036964
3971.000000 0.034836
3972.000000 0.034467
3973.000000 0.029994
3974.000000 0.037773
3975.000000 0.039043
3976.000000 0.041821
3977.000000 0.037992
3978.000000 0.039759
3979.000000 0.041822
3980.000000 0.039080
3981.000000 0.040286
3982.000000 0.047497
3983.000000 0.048320
3984.000000 0.042815
3985.000000 0.038870
3986.000000 0.039289
3987.000000 0.034680
3988.000000 0.043321
3989.000000 0.044665
3990.000000 0.043118
3991.000000 0.039874
3992.000000 0.040334
3993.000000 0.040675
3994.000000 0.039861
3995.000000 0.041114
3996.000000 0.042418
3997.000000 0.040413
3998.000000 0.041587
3999.000000 0.037954
4000.000000 0.034651
4001.000000 0.032927
4002.000000 0.031158
4003.000000 0.038375
4004.000000 0.040142
4005.000000 0.041034
4006.000000 0.040307
4007.000000 0.041329
4008.000000 0.038202
4009.000000 0.040607
4010.000000 0.043033
4011.000000 0.052406
4012.000000 0.046178
4013.000000 0.040657
4014.000000 0.038890
4015.000000 0.035637
4016.000000 0.035013
4017.000000 0.041396
4018.000000 0.041558
4019.000000 0.042984
4020.000000 0.038043
4021.000000 0.035093
4022.000000 0.042786
4023.000000 0.038900
4024.000000 0.045404
4025.000000 0.043535
4026.000000 0.048324
4027.000000 0.044317
4028.000000 0.044891
4029.000000 0.045369
4030.000000 0.041479
4031.000000 0.043320
4032.000000 0.043183
4033.000000 0.047463
4034.000000 0.043853
4035.000000 0.043069
4036.000000 0.041380
4037.000000 0.036124
4038.000000 0.033751
4039.000000 0.034381
4040.000000 0.033922
4041.000000 0.041890
4042.000000 0.043167
4043.000000 0.040288
4044.000000 0.039117
4045.000000 0.047975
4046.000000 0.051662
4047.000000 0.049150
4048.000000 0.046179
4049.000000 0.040739
4050.000000 0.036217
4051.000000 0.035461
4052.000000 0.040230
4053.000000 0.038182
4054.000000 0.035497
4055.000000 0.033238
4056.000000 0.031821
4057.000000 0.032812
4058.000000 0.042383
4059.000000 0.041821
4060.000000 0.046376
4061.000000 0.044042
4062.000000 0.042083
4063.000000 0.042298
4064.000000 0.042605
4065.000000 0.041584
4066.000000 0.038737
4067.000000 0.037138
4068.000000 0.040438
4069.000000 0.043159
4070.000000 0.048575
4071.000000 0.043043
4072.000000 0.039084
4073.000000 0.034544
4074.000000 0.033745
4075.000000 0.038209
4076.000000 0.044930
4077.000000 0.043267
4078.000000 0.039908
4079.000000 0.045462
4080.000000 0.044932
4081.000000 0.041240
4082.000000 0.046625
4083.000000 0.041858
4084.000000 0.042132
4085.000000 0.042553
4086.000000 0.041790
4087.000000 0.046901
4088.000000 0.040871
4089.000000 0.042309
4090.000000 0.044375
4091.000000 0.044517
4092.000000 0.039849
4093.000000 0.038152
4094.000000 0.036657
4095.000000 0.038255
4096.000000 0.037153
4097.000000 0.036376
4098.000000 0.038978
4099.000000 0.037319
4100.000000 0.034070
4101.000000 0.035645
4102.000000 0.035120
4103.000000 0.042130
4104.000000 0.046002
4105.000000 0.043194
4106.000000 0.041410
4107.000000 0.038660
4108.000000 0.041570
4109.000000 0.036669
4110.000000 0.038403
4111.000000 0.041046
4112.000000 0.034452
4113.000000 0.035198
4114.000000 0.045044
4115.000000 0.046155
4116.000000 0.047770
4117.000000 0.043907
4118.000000 0.040628
4119.000000 0.036835
4120.000000 0.038029
4121.000000 0.033376
4122.000000 0.031786
4123.000000 0.031016
4124.000000 0.033049
4125.000000 0.042309
4126.000000 0.038695
4127.000000 0.038647
4128.000000 0.035116
4129.000000 0.038991
4130.000000 0.050301
4131.000000 0.045125
4132.000000 0.045574
4133.000000 0.044772
4134.000000 0.048779
4135.000000 0.044196
4136.000000 0.042666
4137.000000 0.038833
4138.000000 0.040145
4139.000000 0.039834
4140.000000 0.039559
4141.000000 0.042807
4142.000000 0.036535
4143.000000 0.034699
4144.000000 0.037108
4145.000000 0.042008
4146.000000 0.036356
4147.000000 0.040499
4148.000000 0.036621
4149.000000 0.046575
4150.000000 0.048383
4151.000000 0.054056
4152.000000 0.046616
4153.000000 0.043056
4154.000000 0.042313
4155.000000 0.041598
4156.000000 0.040357
4157.000000 0.042242
4158.000000 0.040510
4159.000000 0.038610
4160.000000 0.040944
4161.000000 0.040785
4162.000000 0.041529
4163.000000 0.037489
4164.000000 0.034074
4165.000000 0.036615
4166.000000 0.041524
4167.000000 0.041020
4168.000000 0.047022
4169.000000 0.041487
4170.000000 0.040278
4171.000000 0.050227
4172.000000 0.043334
4173.000000 0.044971
4174.000000 0.047272
4175.000000 0.044347
4176.000000 0.038577
4177.000000 0.038745
4178.000000 0.033818
4179.000000 0.033888
4180.000000 0.041493
4181.000000 0.039131
4182.000000 0.037845
4183.000000 0.033183
4184.000000 0.035697
4185.000000 0.035534
4186.000000 0.038105
4187.000000 0.037154
4188.000000 0.032350
4189.000000 0.036619
4190.000000 0.037181
4191.000000 0.035400
4192.000000 0.042448
4193.000000 0.041132
4194.000000 0.043838
4195.000000 0.041674
4196.000000 0.036196
4197.000000 0.035792
4198.000000 0.033443
4199.000000 0.039136
4200.000000 0.039864
4201.000000 0.041719
4202.000000 0.043526
4203.000000 0.041050
4204.000000 0.044440
4205.000000 0.041354
4206.000000 0.039236
4207.000000 0.042459
4208.000000 0.045046
4209.000000 0.041175
4210.000000 0.041646
4211.000000 0.040247
4212.000000 0.044751
4213.000000 0.038929
4214.000000 0.035640
4215.000000 0.032903
4216.000000 0.033806
4217.000000 0.031856
4218.000000 0.036360
4219.000000 0.033952
4220.000000 0.038605
4221.000000 0.042256
4222.000000 0.039262
4223.000000 0.037463
4224.000000 0.038821
4225.000000 0.040648
4226.000000 0.041231
4227.000000 0.044976
4228.000000 0.043377
4229.000000 0.040821
4230.000000 0.042782
4231.000000 0.036888
4232.000000 0.039793
4233.000000 0.039754
4234.000000 0.039050
4235.000000 0.043530
4236.000000 0.046528
4237.000000 0.046795
4238.000000 0.043158
4239.000000 0.039894
4240.000000 0.041475
4241.000000 0.039016
4242.000000 0.035972
4243.000000 0.034665
4244.000000 0.038167
4245.000000 0.042654
4246.000000 0.039887
4247.000000 0.041290
4248.000000 0.039544
4249.000000 0.044618
4250.000000 0.043731
4251.000000 0.044634
4252.000000 0.046216
4253.000000 0.042593
4254.000000 0.039695
4255.000000 0.041154
4256.000000 0.048968
4257.000000 0.042372
4258.000000 0.037332
4259.000000 0.035870
4260.000000 0.031495
4261.000000 0.029108
4262.000000 0.034366
4263.000000 0.034047
4264.000000 0.036207
4265.000000 0.034637
4266.000000 0.046006
4267.000000 0.048211
4268.000000 0.047089
4269.000000 0.047166
4270.000000 0.042836
4271.000000 0.045807
4272.000000 0.050166
4273.000000 0.049096
4274.000000 0.047469
4275.000000 0.044080
4276.000000 0.046404
4277.000000 0.043815
4278.000000 0.042055
4279.000000 0.037306
4280.000000 0.041174
4281.000000 0.041455
4282.000000 0.039246
4283.000000 0.041270
4284.000000 0.042046
4285.000000 0.043428
4286.000000 0.043158
4287.000000 0.041021
4288.000000 0.043982
4289.000000 0.044337
4290.000000 0.052898
4291.000000 0.053666
4292.000000 0.046416
4293.000000 0.044471
4294.000000 0.043063
4295.000000 0.037277
4296.000000 0.040172
4297.000000 0.040290
4298.000000 0.038808
4299.000000 0.037393
4300.000000 0.035175
4301.000000 0.033077
4302.000000 0.036656
4303.000000 0.033149
4304.000000 0.034515
4305.000000 0.034040
4306.000000 0.041711
4307.000000 0.044077
4308.000000 0.048806
4309.000000 0.047851
4310.000000 0.044186
4311.000000 0.048495
4312.000000 0.044281
4313.000000 0.041135
4314.000000 0.040773
4315.000000 0.045072
4316.000000 0.042728
4317.000000 0.039852
4318.000000 0.040544
4319.000000 0.036578
4320.000000 0.031083
4321.000000 0.028769
4322.000000 0.028732
4323.000000 0.027391
4324.000000 0.031486
4325.000000 0.037272
4326.000000 0.033760
4327.000000 0.033395
4328.000000 0.035928
4329.000000 0.045706
4330.000000 0.047038
4331.000000 0.047091
4332.000000 0.047212
4333.000000 0.041708
4334.000000 0.040196
4335.000000 0.039532
4336.000000 0.033803
4337.000000 0.031607
4338.000000 0.037616
4339.000000 0.043867
4340.000000 0.036945
4341.000000 0.042663
4342.000000 0.035831
4343.000000 0.037803
4344.000000 0.043171
4345.000000 0.043793
4346.000000 0.043578
4347.000000 0.040489
4348.000000 0.042646
4349.000000 0.043798
4350.000000 0.041578
4351.000000 0.039510
4352.000000 0.041546
4353.000000 0.042749
4354.000000 0.043470
4355.000000 0.039124
4356.000000 0.037444
4357.000000 0.037266
4358.000000 0.037575
4359.000000 0.034378
4360.000000 0.038125
4361.000000 0.038854
4362.000000 0.040047
4363.000000 0.041158
4364.000000 0.050662
4365.000000 0.045031
4366.000000 0.047237
4367.000000 0.047129
4368.000000 0.042611
4369.000000 0.039346
4370.000000 0.037031
4371.000000 0.034090
4372.000000 0.041023
4373.000000 0.044403
4374.000000 0.038762
4375.000000 0.036139
4376.000000 0.034888
4377.000000 0.035149
4378.000000 0.038000
4379.000000 0.035365
4380.000000 0.034626
4381.000000 0.029144
4382.000000 0.027256
4383.000000 0.033493
4384.000000 0.032242
4385.000000 0.034884
4386.000000 0.038541
4387.000000 0.035235
4388.000000 0.038022
4389.000000 0.044858
4390.000000 0.040006
4391.000000 0.049038
4392.000000 0.043632
4393.000000 0.039661
4394.000000 0.049659
4395.000000 0.049403
4396.000000 0.045363
4397.000000 0.042350
4398.000000 0.041323
4399.000000 0.039571
4400.000000 0.037451
4401.000000 0.039708
4402.000000 0.038804
4403.000000 0.033882
4404.000000 0.032007
4405.000000 0.037692
4406.000000 0.044638
4407.000000 0.043142
4408.000000 0.047211
4409.000000 0.050775
4410.000000 0.044994
4411.000000 0.041755
4412.000000 0.045166
4413.000000 0.037434
4414.000000 0.039203
4415.000000 0.045223
4416.000000 0.039281
4417.000000 0.035522
4418.000000 0.036464
4419.000000 0.034843
4420.000000 0.039865
4421.000000 0.035401
4422.000000 0.036387
4423.000000 0.035634
4424.000000 0.041136
4425.000000 0.040998
4426.000000 0.041975
4427.000000 0.039537
4428.000000 0.040151
4429.000000 0.040730
4430.000000 0.048035
4431.000000 0.041358
4432.000000 0.041248
4433.000000 0.040873
4434.000000 0.037229
4435.000000 0.036079
4436.000000 0.033203
4437.000000 0.030639
4438.000000 0.031269
4439.000000 0.035184
4440.000000 0.036870
4441.000000 0.039904
4442.000000 0.038213
4443.000000 0.038546
4444.000000 0.035454
4445.000000 0.032644
4446.000000 0.036376
4447.000000 0.041058
4448.000000 0.043947
4449.000000 0.043004
4450.000000 0.040610
4451.000000 0.036878
4452.000000 0.034893
4453.000000 0.030737
4454.000000 0.032786
4455.000000 0.036098
4456.000000 0.037373
4457.000000 0.033055
4458.000000 0.032725
4459.000000 0.037380
4460.000000 0.037146
4461.000000 0.047653
4462.000000 0.051923
4463.000000 0.049658
4464.000000 0.053309
4465.000000 0.050079
4466.000000 0.047527
4467.000000 0.047726
4468.000000 0.052932
4469.000000 0.050776
4470.000000 0.051030
4471.000000 0.045488
4472.000000 0.049013
4473.000000 0.044623
4474.000000 0.040028
4475.000000 0.040824
4476.000000 0.043893
4477.000000 0.038790
4478.000000 0.038597
4479.000000 0.039887
4480.000000 0.038060
4481.000000 0.037120
4482.000000 0.036053
4483.000000 0.033302
4484.000000 0.031046
4485.000000 0.026837
4486.000000 0.029759
4487.000000 0.034862
4488.000000 0.035709
4489.000000 0.041753
4490.000000 0.042006
4491.000000 0.045996
4492.000000 0.043390
4493.000000 0.043470
4494.000000 0.041731
4495.000000 0.040495
4496.000000 0.041535
4497.000000 0.043894
4498.000000 0.039981
4499.000000 0.038110
4500.000000 0.031633
4501.000000 0.037902
4502.000000 0.037224
4503.000000 0.032467
4504.000000 0.036141
4505.000000 0.040588
4506.000000 0.043589
4507.000000 0.042580
4508.000000 0.043800
4509.000000 0.046523
4510.000000 0.043822
4511.000000 0.046594
4512.000000 0.044029
4513.000000 0.041677
4514.000000 0.040606
4515.000000 0.039826
4516.000000 0.043700
4517.000000 0.043894
4518.000000 0.037145
4519.000000 0.036902
4520.000000 0.038387
4521.000000 0.036823
4522.000000 0.032943
4523.000000 0.033501
4524.000000 0.028350
4525.000000 0.029531
4526.000000 0.031447
4527.000000 0.039744
4528.000000 0.038056
4529.000000 0.034447
4530.000000 0.031794
4531.000000 0.031898
4532.000000 0.036671
4533.000000 0.033507
4534.000000 0.039237
4535.000000 0.044849
4536.000000 0.044936
4537.000000 0.042580
4538.000000 0.048456
4539.000000 0.042676
4540.000000 0.044075
4541.000000 0.037417
4542.000000 0.041693
4543.000000 0.048340
4544.000000 0.046411
4545.000000 0.043926
4546.000000 0.043224
4547.000000 0.037499
4548.000000 0.032701
4549.000000 0.035474
4550.000000 0.045021
4551.000000 0.045233
4552.000000 0.045286
4553.000000 0.052352
4554.000000 0.052333
4555.000000 0.045584
4556.000000 0.041408
4557.000000 0.035772
4558.000000 0.032007
4559.000000 0.029878
4560.000000 0.032474
4561.000000 0.035469
4562.000000 0.038969
4563.000000 0.037565
4564.000000 0.037831
4565.000000 0.034755
4566.000000 0.037798
4567.000000 0.035503
4568.000000 0.039734
4569.000000 0.037147
4570.000000 0.032421
4571.000000 0.030024
4572.000000 0.036829
4573.000000 0.037989
4574.000000 0.039958
4575.000000 0.042280
4576.000000 0.041064
4577.000000 0.037037
4578.000000 0.039935
4579.000000 0.038248
4580.000000 0.038478
4581.000000 0.046110
4582.000000 0.041335
4583.000000 0.043462
4584.000000 0.042647
4585.000000 0.037561
4586.000000 0.035022
4587.000000 0.032251
4588.000000 0.034698
4589.000000 0.037273
4590.000000 0.033851
4591.000000 0.031500
4592.000000 0.038229
4593.000000 0.035326
4594.000000 0.037347
4595.000000 0.036247
4596.000000 0.033293
4597.000000 0.035228
4598.000000 0.032725
4599.000000 0.036634
4600.000000 0.040733
4601.000000 0.037222
4602.000000 0.040284
4603.000000 0.037151
4604.000000 0.044101
4605.000000 0.042284
4606.000000 0.044748
4607.000000 0.049730
4608.000000 0.042885
4609.000000 0.041818
4610.000000 0.035983
4611.000000 0.037512
4612.000000 0.038741
4613.000000 0.034462
4614.000000 0.038817
4615.000000 0.037387
4616.000000 0.036796
4617.000000 0.036847
4618.000000 0.035380
4619.000000 0.032015
4620.000000 0.032572
4621.000000 0.037116
4622.000000 0.038011
4623.000000 0.043195
4624.000000 0.042424
4625.000000 0.043412
4626.000000 0.040657
4627.000000 0.037289
4628.000000 0.045516
4629.000000 0.044877
4630.000000 0.048542
4631.000000 0.043871
4632.000000 0.046301
4633.000000 0.049281
4634.000000 0.045220
4635.000000 0.040600
4636.000000 0.042381
4637.000000 0.040789
4638.000000 0.039691
4639.000000 0.040551
4640.000000 0.041818
4641.000000 0.040795
4642.000000 0.044552
4643.000000 0.043932
4644.000000 0.042060
4645.000000 0.043347
4646.000000 0.041671
4647.000000 0.039375
4648.000000 0.042603
4649.000000 0.041898
4650.000000 0.039265
4651.000000 0.037826
4652.000000 0.037117
4653.000000 0.037054
4654.000000 0.039507
4655.000000 0.038360
4656.000000 0.037603
4657.000000 0.043398
4658.000000 0.043106
4659.000000 0.046477
4660.000000 0.043933
4661.000000 0.044511
4662.000000 0.044320
4663.000000 0.045148
4664.000000 0.041907
4665.000000 0.037880
4666.000000 0.036986
4667.000000 0.036596
4668.000000 0.038943
4669.000000 0.037054
4670.000000 0.035352
4671.000000 0.037158
4672.000000 0.042716
4673.000000 0.042140
4674.000000 0.038675
4675.000000 0.039901
4676.000000 0.040279
4677.000000 0.036299
4678.000000 0.035439
4679.000000 0.034342
4680.000000 0.033148
4681.000000 0.037391
4682.000000 0.033082
4683.000000 0.032052
4684.000000 0.029961
4685.000000 0.031323
4686.000000 0.040153
4687.000000 0.044524
4688.000000 0.057877
4689.000000 0.061678
4690.000000 0.057261
4691.000000 0.054863
4692.000000 0.048321
4693.000000 0.043828
4694.000000 0.037803
4695.000000 0.037848
4696.000000 0.033728
4697.000000 0.032614
4698.000000 0.031583
4699.000000 0.028793
4700.000000 0.035365
4701.000000 0.038719
4702.000000 0.036369
4703.000000 0.031948
4704.000000 0.029017
4705.000000 0.031807
4706.000000 0.036438
4707.000000 0.042030
4708.000000 0.047508
4709.000000 0.047093
4710.000000 0.044365
4711.000000 0.038511
4712.000000 0.047464
4713.000000 0.052487
4714.000000 0.052338
4715.000000 0.051286
4716.000000 0.045025
4717.000000 0.041337
4718.000000 0.039019
4719.000000 0.034891
4720.000000 0.031875
4721.000000 0.029449
4722.000000 0.030225
4723.000000 0.034581
4724.000000 0.035666
4725.000000 0.040379
4726.000000 0.042096
4727.000000 0.039358
4728.000000 0.045004
4729.000000 0.046871
4730.000000 0.044550
4731.000000 0.041349
4732.000000 0.044351
4733.000000 0.045521
4734.000000 0.037665
4735.000000 0.034525
4736.000000 0.031031
4737.000000 0.032309
4738.000000 0.030951
4739.000000 0.032354
4740.000000 0.034945
4741.000000 0.035920
4742.000000 0.036125
4743.000000 0.033789
4744.000000 0.035226
4745.000000 0.038905
4746.000000 0.039670
4747.000000 0.037281
4748.000000 0.041907
4749.000000 0.045274
4750.000000 0.047103
4751.000000 0.039223
4752.000000 0.038608
4753.000000 0.036112
4754.000000 0.038780
4755.000000 0.042876
4756.000000 0.039175
4757.000000 0.036271
4758.000000 0.036894
4759.000000 0.038148
4760.000000 0.038267
4761.000000 0.038803
4762.000000 0.037969
4763.000000 0.038179
4764.000000 0.043206
4765.000000 0.042009
4766.000000 0.047785
4767.000000 0.046683
4768.000000 0.048763
4769.000000 0.043800
4770.000000 0.041845
4771.000000 0.039486
4772.000000 0.037350
4773.000000 0.033570
4774.000000 0.035892
4775.000000 0.034497
4776.000000 0.029777
4777.000000 0.027154
4778.000000 0.026968
4779.000000 0.030036
4780.000000 0.030064
4781.000000 0.031054
4782.000000 0.040928
4783.000000 0.043446
4784.000000 0.042654
4785.000000 0.041670
4786.000000 0.050009
4787.000000 0.050261
4788.000000 0.050030
4789.000000 0.054618
4790.000000 0.054379
4791.000000 0.045675
4792.000000 0.045145
4793.000000 0.046730
4794.000000 0.039829
4795.000000 0.041591
4796.000000 0.038232
4797.000000 0.043220
4798.000000 0.038089
4799.000000 0.040768
4800.000000 0.037217
4801.000000 0.034966
4802.000000 0.042193
4803.000000 0.038624
4804.000000 0.034263
4805.000000 0.034627
4806.000000 0.040953
4807.000000 0.036701
4808.000000 0.043053
4809.000000 0.041630
4810.000000 0.042568
4811.000000 0.038196
4812.000000 0.039477
4813.000000 0.040319
4814.000000 0.038021
4815.000000 0.037283
4816.000000 0.036679
4817.000000 0.034902
4818.000000 0.035396
4819.000000 0.041246
4820.000000 0.039241
4821.000000 0.036698
4822.000000 0.041451
4823.000000 0.037644
4824.000000 0.036685
4825.000000 0.038478
4826.000000 0.041480
4827.000000 0.044183
4828.000000 0.049405
4829.000000 0.046430
4830.000000 0.043828
4831.000000 0.042990
4832.000000 0.041086
4833.000000 0.039053
4834.000000 0.043121
4835.000000 0.042268
4836.000000 0.037596
4837.000000 0.037612
4838.000000 0.038282
4839.000000 0.036492
4840.000000 0.037504
4841.000000 0.033990
4842.000000 0.041104
4843.000000 0.037015
4844.000000 0.039846
4845.000000 0.039384
4846.000000 0.045210
4847.000000 0.049070
4848.000000 0.043942
4849.000000 0.046295
4850.000000 0.044139
4851.000000 0.047982
4852.000000 0.044045
4853.000000 0.041771
4854.000000 0.052807
4855.000000 0.046992
4856.000000 0.046353
4857.000000 0.041188
4858.000000 0.036755
4859.000000 0.033625
4860.000000 0.032480
4861.000000 0.033324
4862.000000 0.035776
4863.000000 0.036166
4864.000000 0.045527
4865.000000 0.048907
4866.000000 0.046868
4867.000000 0.043136
4868.000000 0.043729
4869.000000 0.043209
4870.000000 0.037733
4871.000000 0.038580
4872.000000 0.045882
4873.000000 0.045182
4874.000000 0.047322
4875.000000 0.047688
4876.000000 0.043009
4877.000000 0.040685
4878.000000 0.038424
4879.000000 0.036197
4880.000000 0.035188
4881.000000 0.034171
4882.000000 0.041982
4883.000000 0.045335
4884.000000 0.047254
4885.000000 0.043268
4886.000000 0.040251
4887.000000 0.044821
4888.000000 0.041175
4889.000000 0.046896
4890.000000 0.043013
4891.000000 0.044605
4892.000000 0.041649
4893.000000 0.038560
4894.000000 0.033763
4895.000000 0.029942
4896.000000 0.034608
4897.000000 0.034574
4898.000000 0.028762
4899.000000 0.029144
4900.000000 0.035747
4901.000000 0.034470
4902.000000 0.038372
4903.000000 0.032898
4904.000000 0.037179
4905.000000 0.038735
4906.000000 0.039668
4907.000000 0.042609
4908.000000 0.041569
4909.000000 0.043231
4910.000000 0.047872
4911.000000 0.047881
4912.000000 0.048457
4913.000000 0.045630
4914.000000 0.045530
4915.000000 0.043549
4916.000000 0.044159
4917.000000 0.048123
4918.000000 0.039996
4919.000000 0.045337
4920.000000 0.042420
4921.000000 0.037749
4922.000000 0.035565
4923.000000 0.037510
4924.000000 0.033735
4925.000000 0.044685
4926.000000 0.040890
4927.000000 0.036406
4928.000000 0.035708
4929.000000 0.036756
4930.000000 0.043492
4931.000000 0.043917
4932.000000 0.041835
4933.000000 0.042787
4934.000000 0.041905
4935.000000 0.040453
4936.000000 0.046155
4937.000000 0.045281
4938.000000 0.042504
4939.000000 0.038359
4940.000000 0.035526
4941.000000 0.038377
4942.000000 0.040667
4943.000000 0.044643
4944.000000 0.042250
4945.000000 0.041349
4946.000000 0.041253
4947.000000 0.038858
4948.000000 0.040722
4949.000000 0.035985
4950.000000 0.037835
4951.000000 0.038514
4952.000000 0.037155
4953.000000 0.037598
4954.000000 0.040497
4955.000000 0.039230
4956.000000 0.038916
4957.000000 0.037489
4958.000000 0.042221
4959.000000 0.056422
4960.000000 0.053319
4961.000000 0.047719
4962.000000 0.043459
4963.000000 0.041602
4964.000000 0.038257
4965.000000 0.035190
4966.000000 0.038999
4967.000000 0.049635
4968.000000 0.045135
4969.000000 0.041423
4970.000000 0.041674
4971.000000 0.041707
4972.000000 0.039177
4973.000000 0.037566
4974.000000 0.038493
4975.000000 0.037390
4976.000000 0.035124
4977.000000 0.035088
4978.000000 0.035959
4979.000000 0.032068
4980.000000 0.032851
4981.000000 0.034104
4982.000000 0.033395
4983.000000 0.029602
4984.000000 0.032142
4985.000000 0.031852
4986.000000 0.032542
4987.000000 0.037816
4988.000000 0.047477
4989.000000 0.050845
4990.000000 0.045522
4991.000000 0.045968
4992.000000 0.041293
4993.000000 0.039140
4994.000000 0.047670
4995.000000 0.049645
4996.000000 0.054123
4997.000000 0.047788
4998.000000 0.045324
4999.000000 0.041501
5000.000000 0.035324
