501.000000 0.071631
502.000000 0.069998
503.000000 0.076960
504.000000 0.075011
505.000000 0.071905
506.000000 0.073787
507.000000 0.062635
508.000000 0.062389
509.000000 0.061223
510.000000 0.056935
511.000000 0.065670
512.000000 0.060281
513.000000 0.058612
514.000000 0.055353
515.000000 0.050361
516.000000 0.049095
517.000000 0.052988
518.000000 0.047366
519.000000 0.044860
520.000000 0.056303
521.000000 0.050973
522.000000 0.054895
523.000000 0.063626
524.000000 0.067738
525.000000 0.072473
526.000000 0.059906
527.000000 0.055514
528.000000 0.055717
529.000000 0.055210
530.000000 0.063760
531.000000 0.060021
532.000000 0.059069
533.000000 0.079758
534.000000 0.065792
535.000000 0.071944
536.000000 0.065263
537.000000 0.068282
538.000000 0.071855
539.000000 0.062807
540.000000 0.054290
541.000000 0.063689
542.000000 0.058041
543.000000 0.052809
544.000000 0.064370
545.000000 0.069631
546.000000 0.060856
547.000000 0.081394
548.000000 0.071702
549.000000 0.064688
550.000000 0.066340
551.000000 0.056460
552.000000 0.056787
553.000000 0.062906
554.000000 0.060045
555.000000 0.056935
556.000000 0.053781
557.000000 0.049482
558.000000 0.042517
559.000000 0.048434
560.000000 0.044831
561.000000 0.048318
562.000000 0.044663
563.000000 0.047370
564.000000 0.054851
565.000000 0.059465
566.000000 0.055982
567.000000 0.059046
568.000000 0.059392
569.000000 0.073055
570.000000 0.068805
571.000000 0.066312
572.000000 0.078599
573.000000 0.084704
574.000000 0.074758
575.000000 0.083840
576.000000 0.078927
577.000000 0.072517
578.000000 0.066586
579.000000 0.075903
580.000000 0.078176
581.000000 0.068073
582.000000 0.063543
583.000000 0.061436
584.000000 0.062698
585.000000 0.058913
586.000000 0.049616
587.000000 0.044509
588.000000 0.036860
589.000000 0.032703
590.000000 0.038778
591.000000 0.040750
592.000000 0.035652
593.000000 0.034680
594.000000 0.034191
595.000000 0.028682
596.000000 0.035549
597.000000 0.037431
598.000000 0.068921
599.000000 0.069959
600.000000 0.075004
601.000000 0.064565
602.000000 0.058857
603.000000 0.057218
604.000000 0.052159
605.000000 0.052182
606.000000 0.055258
607.000000 0.052133
608.000000 0.058216
609.000000 0.054563
610.000000 0.066551
611.000000 0.069490
612.000000 0.058762
613.000000 0.055863
614.000000 0.059003
615.000000 0.057955
616.000000 0.065638
617.000000 0.054405
618.000000 0.069713
619.000000 0.062458
620.000000 0.095162
621.000000 0.091184
622.000000 0.091225
623.000000 0.078382
624.000000 0.068141
625.000000 0.080447
626.000000 0.068135
627.000000 0.064500
628.000000 0.055546
629.000000 0.061458
630.000000 0.068804
631.000000 0.060123
632.000000 0.057823
633.000000 0.061752
634.000000 0.073486
635.000000 0.069196
636.000000 0.066984
637.000000 0.064654
638.000000 0.058543
639.000000 0.057688
640.000000 0.060490
641.000000 0.057745
642.000000 0.061954
643.000000 0.069377
644.000000 0.076385
645.000000 0.069271
646.000000 0.069127
647.000000 0.077360
648.000000 0.083903
649.000000 0.070202
650.000000 0.066638
651.000000 0.064718
652.000000 0.077718
653.000000 0.084483
654.000000 0.073741
655.000000 0.065389
656.000000 0.063652
657.000000 0.061131
658.000000 0.054971
659.000000 0.062503
660.000000 0.060015
661.000000 0.052450
662.000000 0.049869
663.000000 0.062145
664.000000 0.058279
665.000000 0.071463
666.000000 0.064956
667.000000 0.056229
668.000000 0.052175
669.000000 0.049210
670.000000 0.050289
671.000000 0.054766
672.000000 0.056639
673.000000 0.071703
674.000000 0.075136
675.000000 0.079127
676.000000 0.069845
677.000000 0.084343
678.000000 0.072910
679.000000 0.074500
680.000000 0.063393
681.000000 0.068161
682.000000 0.068628
683.000000 0.071381
684.000000 0.064253
685.000000 0.077843
686.000000 0.065930
687.000000 0.063195
688.000000 0.060159
689.000000 0.058796
690.000000 0.058283
691.000000 0.057213
692.000000 0.047321
693.000000 0.044395
694.000000 0.045740
695.000000 0.049391
696.000000 0.046187
697.000000 0.043874
698.000000 0.054304
699.000000 0.052743
700.000000 0.061576
701.000000 0.063387
702.000000 0.073457
703.000000 0.065246
704.000000 0.064180
705.000000 0.063583
706.000000 0.072869
707.000000 0.084061
708.000000 0.069408
709.000000 0.073953
710.000000 0.070135
711.000000 0.065814
712.000000 0.062579
713.000000 0.053602
714.000000 0.048073
715.000000 0.048066
716.000000 0.050690
717.000000 0.051637
718.000000 0.050799
719.000000 0.046230
720.000000 0.043527
721.000000 0.049130
722.000000 0.068741
723.000000 0.074307
724.000000 0.063438
725.000000 0.057193
726.000000 0.056189
727.000000 0.054263
728.000000 0.053346
729.000000 0.053525
730.000000 0.050770
731.000000 0.046627
732.000000 0.045597
733.000000 0.056820
734.000000 0.050907
735.000000 0.050950
736.000000 0.064516
737.000000 0.061956
738.000000 0.061012
739.000000 0.054103
740.000000 0.050018
741.000000 0.054218
742.000000 0.050483
743.000000 0.043363
744.000000 0.047388
745.000000 0.052177
746.000000 0.054892
747.000000 0.052469
748.000000 0.045133
749.000000 0.056391
750.000000 0.057215
751.000000 0.073268
752.000000 0.087126
753.000000 0.085883
754.000000 0.079188
755.000000 0.083343
756.000000 0.086295
757.000000 0.071191
758.000000 0.070440
759.000000 0.065548
760.000000 0.059928
761.000000 0.054930
762.000000 0.053111
763.000000 0.043939
764.000000 0.039042
765.000000 0.053919
766.000000 0.051620
767.000000 0.042686
768.000000 0.035429
769.000000 0.031086
770.000000 0.035195
771.000000 0.039885
772.000000 0.044297
773.000000 0.057890
774.000000 0.060079
775.000000 0.055834
776.000000 0.061905
777.000000 0.052867
778.000000 0.060380
779.000000 0.054699
780.000000 0.065264
781.000000 0.078270
782.000000 0.081786
783.000000 0.084849
784.000000 0.076140
785.000000 0.067329
786.000000 0.070802
787.000000 0.062784
788.000000 0.065325
789.000000 0.055332
790.000000 0.055843
791.000000 0.047884
792.000000 0.055686
793.000000 0.053503
794.000000 0.054059
795.000000 0.052384
796.000000 0.051864
797.000000 0.053123
798.000000 0.054840
799.000000 0.049080
800.000000 0.052063
801.000000 0.057416
802.000000 0.065110
803.000000 0.062770
804.000000 0.061691
805.000000 0.061441
806.000000 0.073023
807.000000 0.070313
808.000000 0.070498
809.000000 0.063828
810.000000 0.064776
811.000000 0.061290
812.000000 0.058838
813.000000 0.061245
814.000000 0.057458
815.000000 0.064896
816.000000 0.068321
817.000000 0.082314
818.000000 0.069564
819.000000 0.063285
820.000000 0.063245
821.000000 0.055699
822.000000 0.063766
823.000000 0.054146
824.000000 0.051116
825.000000 0.055471
826.000000 0.055861
827.000000 0.051577
828.000000 0.066448
829.000000 0.056357
830.000000 0.057617
831.000000 0.057841
832.000000 0.056829
833.000000 0.051359
834.000000 0.050908
835.000000 0.048450
836.000000 0.051773
837.000000 0.055322
838.000000 0.047913
839.000000 0.054551
840.000000 0.050335
841.000000 0.071997
842.000000 0.062410
843.000000 0.051556
844.000000 0.044022
845.000000 0.045520
846.000000 0.041064
847.000000 0.042053
848.000000 0.047339
849.000000 0.046370
850.000000 0.041172
851.000000 0.046579
852.000000 0.049419
853.000000 0.057451
854.000000 0.064045
855.000000 0.060997
856.000000 0.055756
857.000000 0.054566
858.000000 0.052703
859.000000 0.048789
860.000000 0.046377
861.000000 0.051682
862.000000 0.054599
863.000000 0.066878
864.000000 0.075550
865.000000 0.071772
866.000000 0.077501
867.000000 0.077245
868.000000 0.080156
869.000000 0.080546
870.000000 0.077554
871.000000 0.081026
872.000000 0.071954
873.000000 0.080796
874.000000 0.070424
875.000000 0.073279
876.000000 0.094555
877.000000 0.085314
878.000000 0.079171
879.000000 0.066494
880.000000 0.067826
881.000000 0.073480
882.000000 0.071784
883.000000 0.062246
884.000000 0.054973
885.000000 0.065665
886.000000 0.054357
887.000000 0.049312
888.000000 0.054641
889.000000 0.060717
890.000000 0.066646
891.000000 0.055138
892.000000 0.053093
893.000000 0.063982
894.000000 0.064913
895.000000 0.061157
896.000000 0.053604
897.000000 0.066680
898.000000 0.075031
899.000000 0.075113
900.000000 0.068247
901.000000 0.066927
902.000000 0.069428
903.000000 0.071026
904.000000 0.066268
905.000000 0.073952
906.000000 0.072656
907.000000 0.068043
908.000000 0.067958
909.000000 0.056114
910.000000 0.060815
911.000000 0.061294
912.000000 0.054039
913.000000 0.052964
914.000000 0.053150
915.000000 0.052353
916.000000 0.053511
917.000000 0.046196
918.000000 0.046533
919.000000 0.045791
920.000000 0.046043
921.000000 0.047375
922.000000 0.057125
923.000000 0.072871
924.000000 0.067274
925.000000 0.059939
926.000000 0.057104
927.000000 0.052537
928.000000 0.050027
929.000000 0.056328
930.000000 0.053341
931.000000 0.054520
932.000000 0.060702
933.000000 0.062656
934.000000 0.055114
935.000000 0.057180
936.000000 0.053818
937.000000 0.054825
938.000000 0.059698
939.000000 0.086980
940.000000 0.087221
941.000000 0.077670
942.000000 0.071502
943.000000 0.073705
944.000000 0.071121
945.000000 0.067090
946.000000 0.056592
947.000000 0.050872
948.000000 0.054636
949.000000 0.048508
950.000000 0.051298
951.000000 0.048325
952.000000 0.053337
953.000000 0.065414
954.000000 0.058535
955.000000 0.074257
956.000000 0.065183
957.000000 0.073078
958.000000 0.072451
959.000000 0.072086
960.000000 0.071551
961.000000 0.064192
962.000000 0.061403
963.000000 0.055208
964.000000 0.054966
965.000000 0.051638
966.000000 0.044589
967.000000 0.037097
968.000000 0.044157
969.000000 0.048133
970.000000 0.053902
971.000000 0.054976
972.000000 0.047914
973.000000 0.039932
974.000000 0.052680
975.000000 0.050769
976.000000 0.052593
977.000000 0.060478
978.000000 0.063576
979.000000 0.060528
980.000000 0.052305
981.000000 0.068981
982.000000 0.066776
983.000000 0.067891
984.000000 0.067717
985.000000 0.077339
986.000000 0.069463
987.000000 0.066673
988.000000 0.063879
989.000000 0.066342
990.000000 0.061757
991.000000 0.074778
992.000000 0.071186
993.000000 0.075098
994.000000 0.068850
995.000000 0.060040
996.000000 0.057081
997.000000 0.061799
998.000000 0.055788
999.000000 0.060107
1000.000000 0.049660
1001.000000 0.049944
1002.000000 0.047432
1003.000000 0.039978
1004.000000 0.036147
1005.000000 0.032625
1006.000000 0.034932
1007.000000 0.035138
1008.000000 0.045075
1009.000000 0.054543
1010.000000 0.052173
1011.000000 0.047870
1012.000000 0.045615
1013.000000 0.043664
1014.000000 0.046244
1015.000000 0.050504
1016.000000 0.064803
1017.000000 0.072757
1018.000000 0.077552
1019.000000 0.080022
1020.000000 0.077389
1021.000000 0.089636
1022.000000 0.089121
1023.000000 0.081677
1024.000000 0.083119
1025.000000 0.075706
1026.000000 0.068208
1027.000000 0.067681
1028.000000 0.065188
1029.000000 0.058772
1030.000000 0.052687
1031.000000 0.056892
1032.000000 0.053051
1033.000000 0.061181
1034.000000 0.062657
1035.000000 0.067673
1036.000000 0.059292
1037.000000 0.064341
1038.000000 0.078203
1039.000000 0.065772
1040.000000 0.069754
1041.000000 0.064619
1042.000000 0.065922
1043.000000 0.059540
1044.000000 0.053849
1045.000000 0.061615
1046.000000 0.059587
1047.000000 0.056742
1048.000000 0.058657
1049.000000 0.065564
1050.000000 0.056826
1051.000000 0.052003
1052.000000 0.056610
1053.000000 0.048476
1054.000000 0.054689
1055.000000 0.056580
1056.000000 0.046798
1057.000000 0.044513
1058.000000 0.045032
1059.000000 0.042999
1060.000000 0.042718
1061.000000 0.046233
1062.000000 0.049833
1063.000000 0.044301
1064.000000 0.041497
1065.000000 0.040764
1066.000000 0.040110
1067.000000 0.065065
1068.000000 0.066948
1069.000000 0.065847
1070.000000 0.063053
1071.000000 0.060466
1072.000000 0.077644
1073.000000 0.077687
1074.000000 0.088128
1075.000000 0.086971
1076.000000 0.080266
1077.000000 0.079376
1078.000000 0.073896
1079.000000 0.062840
1080.000000 0.061536
1081.000000 0.063663
1082.000000 0.058347
1083.000000 0.050446
1084.000000 0.049825
1085.000000 0.048696
1086.000000 0.042367
1087.000000 0.039161
1088.000000 0.035925
1089.000000 0.040947
1090.000000 0.053248
1091.000000 0.057276
1092.000000 0.051085
1093.000000 0.051086
1094.000000 0.048235
1095.000000 0.063373
1096.000000 0.059258
1097.000000 0.065543
1098.000000 0.085939
1099.000000 0.081245
1100.000000 0.081619
1101.000000 0.070811
1102.000000 0.073067
1103.000000 0.070612
1104.000000 0.058306
1105.000000 0.060703
1106.000000 0.061618
1107.000000 0.058043
1108.000000 0.048021
1109.000000 0.045351
1110.000000 0.047701
1111.000000 0.056434
1112.000000 0.057864
1113.000000 0.067202
1114.000000 0.058712
1115.000000 0.061567
1116.000000 0.062095
1117.000000 0.056271
1118.000000 0.061541
1119.000000 0.066312
1120.000000 0.074967
1121.000000 0.074088
1122.000000 0.063357
1123.000000 0.057283
1124.000000 0.056306
1125.000000 0.059896
1126.000000 0.056788
1127.000000 0.048114
1128.000000 0.044634
1129.000000 0.051040
1130.000000 0.047843
1131.000000 0.049667
1132.000000 0.045830
1133.000000 0.049969
1134.000000 0.044277
1135.000000 0.067083
1136.000000 0.081633
1137.000000 0.081535
1138.000000 0.081621
1139.000000 0.072141
1140.000000 0.069617
1141.000000 0.069497
1142.000000 0.069014
1143.000000 0.068118
1144.000000 0.058981
1145.000000 0.048865
1146.000000 0.054685
1147.000000 0.051047
1148.000000 0.052321
1149.000000 0.059377
1150.000000 0.050080
1151.000000 0.046671
1152.000000 0.051622
1153.000000 0.053057
1154.000000 0.044307
1155.000000 0.050595
1156.000000 0.054176
1157.000000 0.067389
1158.000000 0.070431
1159.000000 0.071793
1160.000000 0.086449
1161.000000 0.097077
1162.000000 0.086115
1163.000000 0.082931
1164.000000 0.087870
1165.000000 0.073841
1166.000000 0.067351
1167.000000 0.060736
1168.000000 0.057154
1169.000000 0.052359
1170.000000 0.051119
1171.000000 0.046501
1172.000000 0.040921
1173.000000 0.043924
1174.000000 0.042292
1175.000000 0.049588
1176.000000 0.047310
1177.000000 0.054372
1178.000000 0.051186
1179.000000 0.064556
1180.000000 0.055017
1181.000000 0.053131
1182.000000 0.045758
1183.000000 0.040696
1184.000000 0.054159
1185.000000 0.052914
1186.000000 0.055097
1187.000000 0.057564
1188.000000 0.056804
1189.000000 0.054332
1190.000000 0.064138
1191.000000 0.055915
1192.000000 0.053171
1193.000000 0.058077
1194.000000 0.052912
1195.000000 0.054550
1196.000000 0.051761
1197.000000 0.052807
1198.000000 0.057855
1199.000000 0.056639
1200.000000 0.052810
1201.000000 0.056466
1202.000000 0.050523
1203.000000 0.056264
1204.000000 0.057066
1205.000000 0.068084
1206.000000 0.073709
1207.000000 0.063820
1208.000000 0.077623
1209.000000 0.078840
1210.000000 0.087993
1211.000000 0.085719
1212.000000 0.087169
1213.000000 0.080506
1214.000000 0.075758
1215.000000 0.068949
1216.000000 0.063683
1217.000000 0.068641
1218.000000 0.058989
1219.000000 0.056351
1220.000000 0.061334
1221.000000 0.050672
1222.000000 0.046648
1223.000000 0.054584
1224.000000 0.046468
1225.000000 0.055806
1226.000000 0.048037
1227.000000 0.049185
1228.000000 0.044813
1229.000000 0.042643
1230.000000 0.044336
1231.000000 0.041493
1232.000000 0.040988
1233.000000 0.046564
1234.000000 0.038865
1235.000000 0.058181
1236.000000 0.059174
1237.000000 0.067984
1238.000000 0.067640
1239.000000 0.069427
1240.000000 0.067948
1241.000000 0.073399
1242.000000 0.063258
1243.000000 0.073950
1244.000000 0.074737
1245.000000 0.069193
1246.000000 0.078207
1247.000000 0.067543
1248.000000 0.070908
1249.000000 0.068180
1250.000000 0.074315
1251.000000 0.073203
1252.000000 0.066498
1253.000000 0.062562
1254.000000 0.056580
1255.000000 0.062753
1256.000000 0.062689
1257.000000 0.069593
1258.000000 0.067415
1259.000000 0.062061
1260.000000 0.054916
1261.000000 0.049973
1262.000000 0.055309
1263.000000 0.065769
1264.000000 0.059116
1265.000000 0.055360
1266.000000 0.051715
1267.000000 0.063402
1268.000000 0.058475
1269.000000 0.062630
1270.000000 0.069985
1271.000000 0.067887
1272.000000 0.065419
1273.000000 0.062720
1274.000000 0.055250
1275.000000 0.046750
1276.000000 0.045563
1277.000000 0.044922
1278.000000 0.052955
1279.000000 0.053388
1280.000000 0.050981
1281.000000 0.057753
1282.000000 0.056848
1283.000000 0.052932
1284.000000 0.044976
1285.000000 0.055236
1286.000000 0.059316
1287.000000 0.055206
1288.000000 0.062421
1289.000000 0.065150
1290.000000 0.059081
1291.000000 0.059950
1292.000000 0.061005
1293.000000 0.056539
1294.000000 0.049260
1295.000000 0.054442
1296.000000 0.056092
1297.000000 0.055187
1298.000000 0.054986
1299.000000 0.060939
1300.000000 0.063512
1301.000000 0.069125
1302.000000 0.061160
1303.000000 0.054801
1304.000000 0.045389
1305.000000 0.050683
1306.000000 0.055488
1307.000000 0.058941
1308.000000 0.053133
1309.000000 0.058085
1310.000000 0.053307
1311.000000 0.047932
1312.000000 0.051693
1313.000000 0.052846
1314.000000 0.053588
1315.000000 0.051987
1316.000000 0.051110
1317.000000 0.051338
1318.000000 0.047990
1319.000000 0.042850
1320.000000 0.039937
1321.000000 0.040806
1322.000000 0.042460
1323.000000 0.038376
1324.000000 0.036205
1325.000000 0.037079
1326.000000 0.036056
1327.000000 0.032977
1328.000000 0.039349
1329.000000 0.040998
1330.000000 0.040377
1331.000000 0.045136
1332.000000 0.046608
1333.000000 0.041956
1334.000000 0.051398
1335.000000 0.049849
1336.000000 0.054953
1337.000000 0.054361
1338.000000 0.062605
1339.000000 0.056369
1340.000000 0.056986
1341.000000 0.047902
1342.000000 0.046223
1343.000000 0.047412
1344.000000 0.041057
1345.000000 0.037619
1346.000000 0.038387
1347.000000 0.038547
1348.000000 0.034917
1349.000000 0.032638
1350.000000 0.033363
1351.000000 0.037839
1352.000000 0.038350
1353.000000 0.032112
1354.000000 0.053418
1355.000000 0.067685
1356.000000 0.074092
1357.000000 0.074555
1358.000000 0.073022
1359.000000 0.067501
1360.000000 0.070551
1361.000000 0.058282
1362.000000 0.052522
1363.000000 0.049727
1364.000000 0.045110
1365.000000 0.049468
1366.000000 0.040945
1367.000000 0.043366
1368.000000 0.045025
1369.000000 0.050093
1370.000000 0.046940
1371.000000 0.044240
1372.000000 0.050816
1373.000000 0.049051
1374.000000 0.046379
1375.000000 0.057074
1376.000000 0.060709
1377.000000 0.068521
1378.000000 0.070404
1379.000000 0.071001
1380.000000 0.086891
1381.000000 0.079211
1382.000000 0.068448
1383.000000 0.066970
1384.000000 0.066951
1385.000000 0.060421
1386.000000 0.061673
1387.000000 0.057582
1388.000000 0.055738
1389.000000 0.061199
1390.000000 0.066920
1391.000000 0.065506
1392.000000 0.066527
1393.000000 0.059327
1394.000000 0.059115
1395.000000 0.066042
1396.000000 0.072579
1397.000000 0.069737
1398.000000 0.079831
1399.000000 0.081074
1400.000000 0.092797
1401.000000 0.089806
1402.000000 0.086795
1403.000000 0.105787
1404.000000 0.089676
1405.000000 0.075975
1406.000000 0.070175
1407.000000 0.067990
1408.000000 0.067889
1409.000000 0.065605
1410.000000 0.064745
1411.000000 0.063313
1412.000000 0.066099
1413.000000 0.057139
1414.000000 0.053084
1415.000000 0.046133
1416.000000 0.039322
1417.000000 0.036916
1418.000000 0.040300
1419.000000 0.045840
1420.000000 0.052582
1421.000000 0.054845
1422.000000 0.057398
1423.000000 0.059238
1424.000000 0.054283
1425.000000 0.054093
1426.000000 0.052380
1427.000000 0.058025
1428.000000 0.060016
1429.000000 0.056652
1430.000000 0.053130
1431.000000 0.049253
1432.000000 0.062925
1433.000000 0.063840
1434.000000 0.061901
1435.000000 0.056524
1436.000000 0.059623
1437.000000 0.051143
1438.000000 0.051125
1439.000000 0.053198
1440.000000 0.053218
1441.000000 0.061884
1442.000000 0.064936
1443.000000 0.065481
1444.000000 0.061257
1445.000000 0.065505
1446.000000 0.066578
1447.000000 0.069418
1448.000000 0.064012
1449.000000 0.063103
1450.000000 0.056908
1451.000000 0.055907
1452.000000 0.050311
1453.000000 0.049136
1454.000000 0.045424
1455.000000 0.054285
1456.000000 0.053574
1457.000000 0.057113
1458.000000 0.051611
1459.000000 0.057668
1460.000000 0.063415
1461.000000 0.080755
1462.000000 0.074423
1463.000000 0.071855
1464.000000 0.063644
1465.000000 0.059231
1466.000000 0.064661
1467.000000 0.078376
1468.000000 0.073172
1469.000000 0.067692
1470.000000 0.060240
1471.000000 0.057873
1472.000000 0.053642
1473.000000 0.044484
1474.000000 0.052093
1475.000000 0.055793
1476.000000 0.055456
1477.000000 0.062526
1478.000000 0.055824
1479.000000 0.055548
1480.000000 0.056784
1481.000000 0.063438
1482.000000 0.079270
1483.000000 0.074162
1484.000000 0.069075
1485.000000 0.067920
1486.000000 0.069060
1487.000000 0.065108
1488.000000 0.059887
1489.000000 0.072183
1490.000000 0.066845
1491.000000 0.062984
1492.000000 0.062081
1493.000000 0.063002
1494.000000 0.053053
1495.000000 0.054358
1496.000000 0.049430
1497.000000 0.049697
1498.000000 0.051612
1499.000000 0.061607
1500.000000 0.056427
1501.000000 0.055532
1502.000000 0.049837
1503.000000 0.051926
1504.000000 0.055557
1505.000000 0.056542
1506.000000 0.052942
1507.000000 0.055714
1508.000000 0.064247
1509.000000 0.068813
1510.000000 0.083841
1511.000000 0.075690
1512.000000 0.065059
1513.000000 0.065444
1514.000000 0.070860
1515.000000 0.068053
1516.000000 0.063072
1517.000000 0.061588
1518.000000 0.065001
1519.000000 0.063970
1520.000000 0.065664
1521.000000 0.061437
1522.000000 0.071118
1523.000000 0.071358
1524.000000 0.069738
1525.000000 0.060999
1526.000000 0.063993
1527.000000 0.062970
1528.000000 0.052064
1529.000000 0.049043
1530.000000 0.047961
1531.000000 0.048605
1532.000000 0.060272
1533.000000 0.054941
1534.000000 0.057585
1535.000000 0.047849
1536.000000 0.046151
1537.000000 0.049191
1538.000000 0.059737
1539.000000 0.053312
1540.000000 0.044135
1541.000000 0.044622
1542.000000 0.043662
1543.000000 0.044802
1544.000000 0.053069
1545.000000 0.054049
1546.000000 0.045856
1547.000000 0.041555
1548.000000 0.052017
1549.000000 0.059094
1550.000000 0.052710
1551.000000 0.051017
1552.000000 0.059876
1553.000000 0.064372
1554.000000 0.077402
1555.000000 0.076486
1556.000000 0.068850
1557.000000 0.068953
1558.000000 0.058291
1559.000000 0.062155
1560.000000 0.070516
1561.000000 0.064932
1562.000000 0.054499
1563.000000 0.070463
1564.000000 0.069721
1565.000000 0.080348
1566.000000 0.069241
1567.000000 0.071809
1568.000000 0.067906
1569.000000 0.059743
1570.000000 0.068409
1571.000000 0.060581
1572.000000 0.063648
1573.000000 0.069848
1574.000000 0.059739
1575.000000 0.069566
1576.000000 0.062834
1577.000000 0.067092
1578.000000 0.076505
1579.000000 0.067395
1580.000000 0.059590
1581.000000 0.071790
1582.000000 0.070246
1583.000000 0.075573
1584.000000 0.080491
1585.000000 0.085078
1586.000000 0.078995
1587.000000 0.075264
1588.000000 0.074425
1589.000000 0.069438
1590.000000 0.062644
1591.000000 0.060617
1592.000000 0.066226
1593.000000 0.057536
1594.000000 0.051427
1595.000000 0.042543
1596.000000 0.053202
1597.000000 0.044026
1598.000000 0.040187
1599.000000 0.036774
1600.000000 0.034615
1601.000000 0.029498
1602.000000 0.040062
1603.000000 0.055921
1604.000000 0.060315
1605.000000 0.072134
1606.000000 0.076711
1607.000000 0.074424
1608.000000 0.070196
1609.000000 0.070472
1610.000000 0.061081
1611.000000 0.062393
1612.000000 0.056119
1613.000000 0.057863
1614.000000 0.052858
1615.000000 0.051204
1616.000000 0.049996
1617.000000 0.056184
1618.000000 0.052531
1619.000000 0.046571
1620.000000 0.038594
1621.000000 0.046945
1622.000000 0.052269
1623.000000 0.049736
1624.000000 0.046766
1625.000000 0.041088
1626.000000 0.037624
1627.000000 0.041054
1628.000000 0.054288
1629.000000 0.053307
1630.000000 0.065444
1631.000000 0.057932
1632.000000 0.065298
1633.000000 0.058230
1634.000000 0.059609
1635.000000 0.059915
1636.000000 0.059435
1637.000000 0.058011
1638.000000 0.066099
1639.000000 0.065725
1640.000000 0.061597
1641.000000 0.061872
1642.000000 0.071439
1643.000000 0.082181
1644.000000 0.080992
1645.000000 0.074428
1646.000000 0.065543
1647.000000 0.067002
1648.000000 0.072793
1649.000000 0.081734
1650.000000 0.073212
1651.000000 0.070153
1652.000000 0.065370
1653.000000 0.059530
1654.000000 0.054446
1655.000000 0.057331
1656.000000 0.048683
1657.000000 0.044743
1658.000000 0.048224
1659.000000 0.050643
1660.000000 0.062215
1661.000000 0.055690
1662.000000 0.061314
1663.000000 0.060130
1664.000000 0.089637
1665.000000 0.085721
1666.000000 0.082753
1667.000000 0.070993
1668.000000 0.081919
1669.000000 0.080552
1670.000000 0.076698
1671.000000 0.070049
1672.000000 0.066223
1673.000000 0.066891
1674.000000 0.057091
1675.000000 0.050968
1676.000000 0.060021
1677.000000 0.055592
1678.000000 0.047918
1679.000000 0.059596
1680.000000 0.053069
1681.000000 0.058681
1682.000000 0.057151
1683.000000 0.058800
1684.000000 0.059068
1685.000000 0.059253
1686.000000 0.060896
1687.000000 0.060651
1688.000000 0.053115
1689.000000 0.054627
1690.000000 0.049177
1691.000000 0.052798
1692.000000 0.058381
1693.000000 0.050859
1694.000000 0.046111
1695.000000 0.053691
1696.000000 0.059403
1697.000000 0.061426
1698.000000 0.062096
1699.000000 0.064872
1700.000000 0.064494
1701.000000 0.058642
1702.000000 0.065859
1703.000000 0.059055
1704.000000 0.059156
1705.000000 0.065778
1706.000000 0.061910
1707.000000 0.057724
1708.000000 0.049277
1709.000000 0.050890
1710.000000 0.053536
1711.000000 0.051472
1712.000000 0.058902
1713.000000 0.065967
1714.000000 0.056274
1715.000000 0.052683
1716.000000 0.050224
1717.000000 0.059418
1718.000000 0.064176
1719.000000 0.068332
1720.000000 0.063624
1721.000000 0.066900
1722.000000 0.063506
1723.000000 0.071671
1724.000000 0.070124
1725.000000 0.073181
1726.000000 0.063159
1727.000000 0.055769
1728.000000 0.050254
1729.000000 0.049517
1730.000000 0.047990
1731.000000 0.039996
1732.000000 0.048355
1733.000000 0.048121
1734.000000 0.061953
1735.000000 0.072004
1736.000000 0.073142
1737.000000 0.066884
1738.000000 0.066101
1739.000000 0.060219
1740.000000 0.059753
1741.000000 0.063623
1742.000000 0.061852
1743.000000 0.056852
1744.000000 0.064193
1745.000000 0.061923
1746.000000 0.054206
1747.000000 0.049953
1748.000000 0.061229
1749.000000 0.063472
1750.000000 0.056505
1751.000000 0.061433
1752.000000 0.053209
1753.000000 0.062123
1754.000000 0.061023
1755.000000 0.050531
1756.000000 0.050113
1757.000000 0.062893
1758.000000 0.057928
1759.000000 0.057755
1760.000000 0.070000
1761.000000 0.063406
1762.000000 0.070342
1763.000000 0.063838
1764.000000 0.052887
1765.000000 0.053749
1766.000000 0.064181
1767.000000 0.071134
1768.000000 0.071465
1769.000000 0.067003
1770.000000 0.062758
1771.000000 0.059367
1772.000000 0.059591
1773.000000 0.058319
1774.000000 0.052301
1775.000000 0.050117
1776.000000 0.043890
1777.000000 0.054304
1778.000000 0.052389
1779.000000 0.047199
1780.000000 0.046066
1781.000000 0.048643
1782.000000 0.055667
1783.000000 0.056166
1784.000000 0.064500
1785.000000 0.072629
1786.000000 0.066638
1787.000000 0.065123
1788.000000 0.061944
1789.000000 0.065343
1790.000000 0.085423
1791.000000 0.070584
1792.000000 0.061296
1793.000000 0.065525
1794.000000 0.067006
1795.000000 0.064768
1796.000000 0.058339
1797.000000 0.064156
1798.000000 0.070253
1799.000000 0.072965
1800.000000 0.062910
1801.000000 0.058500
1802.000000 0.051922
1803.000000 0.057232
1804.000000 0.055170
1805.000000 0.072605
1806.000000 0.084347
1807.000000 0.079185
1808.000000 0.068938
1809.000000 0.084656
1810.000000 0.069911
1811.000000 0.078810
1812.000000 0.076383
1813.000000 0.082202
1814.000000 0.078214
1815.000000 0.071322
1816.000000 0.065193
1817.000000 0.059086
1818.000000 0.064117
1819.000000 0.054520
1820.000000 0.050914
1821.000000 0.054013
1822.000000 0.050967
1823.000000 0.051621
1824.000000 0.052131
1825.000000 0.052765
1826.000000 0.053620
1827.000000 0.056052
1828.000000 0.064669
1829.000000 0.069965
1830.000000 0.069818
1831.000000 0.072714
1832.000000 0.073386
1833.000000 0.082809
1834.000000 0.071910
1835.000000 0.063129
1836.000000 0.053867
1837.000000 0.062040
1838.000000 0.061888
1839.000000 0.060011
1840.000000 0.058061
1841.000000 0.054459
1842.000000 0.045120
1843.000000 0.055465
1844.000000 0.048399
1845.000000 0.045438
1846.000000 0.037806
1847.000000 0.047306
1848.000000 0.060831
1849.000000 0.061826
1850.000000 0.051274
1851.000000 0.056807
1852.000000 0.054479
1853.000000 0.058558
1854.000000 0.054217
1855.000000 0.059602
1856.000000 0.068413
1857.000000 0.082349
1858.000000 0.082066
1859.000000 0.071377
1860.000000 0.068030
1861.000000 0.074174
1862.000000 0.066274
1863.000000 0.059988
1864.000000 0.062677
1865.000000 0.057165
1866.000000 0.047302
1867.000000 0.047601
1868.000000 0.043453
1869.000000 0.043256
1870.000000 0.039429
1871.000000 0.037431
1872.000000 0.054698
1873.000000 0.045436
1874.000000 0.046487
1875.000000 0.045286
1876.000000 0.043491
1877.000000 0.073143
1878.000000 0.093342
1879.000000 0.098765
1880.000000 0.100929
1881.000000 0.085568
1882.000000 0.076088
1883.000000 0.073259
1884.000000 0.061818
1885.000000 0.064175
1886.000000 0.056244
1887.000000 0.046567
1888.000000 0.041059
1889.000000 0.042019
1890.000000 0.034895
1891.000000 0.029127
1892.000000 0.032703
1893.000000 0.027385
1894.000000 0.031850
1895.000000 0.028406
1896.000000 0.032441
1897.000000 0.048375
1898.000000 0.054687
1899.000000 0.059619
1900.000000 0.061587
1901.000000 0.088229
1902.000000 0.082874
1903.000000 0.099814
1904.000000 0.094227
1905.000000 0.082811
1906.000000 0.072038
1907.000000 0.068226
1908.000000 0.062663
1909.000000 0.056011
1910.000000 0.048502
1911.000000 0.047757
1912.000000 0.042403
1913.000000 0.048548
1914.000000 0.044153
1915.000000 0.041800
1916.000000 0.045170
1917.000000 0.053980
1918.000000 0.050008
1919.000000 0.066330
1920.000000 0.068769
1921.000000 0.061823
1922.000000 0.059654
1923.000000 0.068696
1924.000000 0.090318
1925.000000 0.080647
1926.000000 0.074091
1927.000000 0.069471
1928.000000 0.063984
1929.000000 0.059060
1930.000000 0.057892
1931.000000 0.052435
1932.000000 0.053398
1933.000000 0.061214
1934.000000 0.065723
1935.000000 0.066844
1936.000000 0.057051
1937.000000 0.049469
1938.000000 0.051692
1939.000000 0.050155
1940.000000 0.054931
1941.000000 0.056617
1942.000000 0.061816
1943.000000 0.065297
1944.000000 0.069985
1945.000000 0.074994
1946.000000 0.077167
1947.000000 0.070155
1948.000000 0.070214
1949.000000 0.067779
1950.000000 0.064671
1951.000000 0.061144
1952.000000 0.061337
1953.000000 0.050682
1954.000000 0.050778
1955.000000 0.048286
1956.000000 0.061307
1957.000000 0.050682
1958.000000 0.054023
1959.000000 0.053529
1960.000000 0.053513
1961.000000 0.049591
1962.000000 0.044478
1963.000000 0.047762
1964.000000 0.063789
1965.000000 0.072838
1966.000000 0.062442
1967.000000 0.062049
1968.000000 0.053912
1969.000000 0.060248
1970.000000 0.058749
1971.000000 0.052823
1972.000000 0.046125
1973.000000 0.044410
1974.000000 0.051232
1975.000000 0.056454
1976.000000 0.049410
1977.000000 0.059113
1978.000000 0.053300
1979.000000 0.053056
1980.000000 0.049903
1981.000000 0.067157
1982.000000 0.069452
1983.000000 0.069022
1984.000000 0.074519
1985.000000 0.070386
1986.000000 0.064571
1987.000000 0.060448
1988.000000 0.061188
1989.000000 0.063509
1990.000000 0.068609
1991.000000 0.067298
1992.000000 0.073178
1993.000000 0.065777
1994.000000 0.057961
1995.000000 0.051088
1996.000000 0.066686
1997.000000 0.067271
1998.000000 0.061894
1999.000000 0.051255
2000.000000 0.051812
2001.000000 0.050088
2002.000000 0.049521
2003.000000 0.052268
2004.000000 0.050735
2005.000000 0.058082
2006.000000 0.051131
2007.000000 0.045950
2008.000000 0.042376
2009.000000 0.043943
2010.000000 0.061106
2011.000000 0.061924
2012.000000 0.067738
2013.000000 0.058846
2014.000000 0.056639
2015.000000 0.063679
2016.000000 0.063626
2017.000000 0.058527
2018.000000 0.050614
2019.000000 0.049622
2020.000000 0.043034
2021.000000 0.040309
2022.000000 0.043461
2023.000000 0.039756
2024.000000 0.037971
2025.000000 0.033408
2026.000000 0.030898
2027.000000 0.033381
2028.000000 0.048454
2029.000000 0.058348
2030.000000 0.069098
2031.000000 0.077080
2032.000000 0.081979
2033.000000 0.067758
2034.000000 0.062852
2035.000000 0.063099
2036.000000 0.060286
2037.000000 0.056830
2038.000000 0.054657
2039.000000 0.065548
2040.000000 0.056334
2041.000000 0.046588
2042.000000 0.045762
2043.000000 0.039137
2044.000000 0.049958
2045.000000 0.061614
2046.000000 0.056039
2047.000000 0.046317
2048.000000 0.051236
2049.000000 0.049322
2050.000000 0.048355
2051.000000 0.048006
2052.000000 0.057070
2053.000000 0.062217
2054.000000 0.061669
2055.000000 0.060787
2056.000000 0.067070
2057.000000 0.062209
2058.000000 0.058062
2059.000000 0.065455
2060.000000 0.072715
2061.000000 0.073442
2062.000000 0.068819
2063.000000 0.056881
2064.000000 0.055543
2065.000000 0.058148
2066.000000 0.055712
2067.000000 0.059965
2068.000000 0.059345
2069.000000 0.049265
2070.000000 0.051091
2071.000000 0.049871
2072.000000 0.044886
2073.000000 0.042799
2074.000000 0.050614
2075.000000 0.056759
2076.000000 0.058513
2077.000000 0.059975
2078.000000 0.069966
2079.000000 0.075433
2080.000000 0.073635
2081.000000 0.065891
2082.000000 0.064136
2083.000000 0.057419
2084.000000 0.063235
2085.000000 0.064076
2086.000000 0.070916
2087.000000 0.058630
2088.000000 0.057281
2089.000000 0.055086
2090.000000 0.052746
2091.000000 0.048743
2092.000000 0.045535
2093.000000 0.044294
2094.000000 0.052094
2095.000000 0.052315
2096.000000 0.059208
2097.000000 0.053482
2098.000000 0.052246
2099.000000 0.049632
2100.000000 0.056928
2101.000000 0.053958
2102.000000 0.050123
2103.000000 0.058987
2104.000000 0.062955
2105.000000 0.070235
2106.000000 0.064172
2107.000000 0.068896
2108.000000 0.070110
2109.000000 0.073415
2110.000000 0.079844
2111.000000 0.072656
2112.000000 0.065859
2113.000000 0.065528
2114.000000 0.058237
2115.000000 0.059434
2116.000000 0.052580
2117.000000 0.058690
2118.000000 0.049746
2119.000000 0.047743
2120.000000 0.061999
2121.000000 0.058879
2122.000000 0.057307
2123.000000 0.065051
2124.000000 0.074405
2125.000000 0.067241
2126.000000 0.058492
2127.000000 0.054598
2128.000000 0.049773
2129.000000 0.058795
2130.000000 0.052774
2131.000000 0.052311
2132.000000 0.060532
2133.000000 0.079282
2134.000000 0.077115
2135.000000 0.076840
2136.000000 0.075076
2137.000000 0.081799
2138.000000 0.084166
2139.000000 0.083683
2140.000000 0.082290
2141.000000 0.084407
2142.000000 0.082458
2143.000000 0.079059
2144.000000 0.074287
2145.000000 0.075470
2146.000000 0.073081
2147.000000 0.062106
2148.000000 0.051454
2149.000000 0.051331
2150.000000 0.058904
2151.000000 0.054355
2152.000000 0.061070
2153.000000 0.058941
2154.000000 0.049726
2155.000000 0.048406
2156.000000 0.056185
2157.000000 0.060988
2158.000000 0.060660
2159.000000 0.054835
2160.000000 0.052934
2161.000000 0.054993
2162.000000 0.050581
2163.000000 0.045219
2164.000000 0.058055
2165.000000 0.085846
2166.000000 0.074758
2167.000000 0.061741
2168.000000 0.051060
2169.000000 0.046528
2170.000000 0.052197
2171.000000 0.050407
2172.000000 0.049127
2173.000000 0.052330
2174.000000 0.051473
2175.000000 0.046720
2176.000000 0.042332
2177.000000 0.041829
2178.000000 0.041361
2179.000000 0.040095
2180.000000 0.041725
2181.000000 0.037845
2182.000000 0.050386
2183.000000 0.050076
2184.000000 0.062843
2185.000000 0.054304
2186.000000 0.058248
2187.000000 0.074244
2188.000000 0.069236
2189.000000 0.061790
2190.000000 0.063155
2191.000000 0.060537
2192.000000 0.051924
2193.000000 0.043121
2194.000000 0.035887
2195.000000 0.039718
2196.000000 0.041156
2197.000000 0.046900
2198.000000 0.048726
2199.000000 0.058963
2200.000000 0.054072
2201.000000 0.065536
2202.000000 0.067289
2203.000000 0.081011
2204.000000 0.096902
2205.000000 0.085209
2206.000000 0.088981
2207.000000 0.082088
2208.000000 0.074910
2209.000000 0.084097
2210.000000 0.088266
2211.000000 0.081704
2212.000000 0.082001
2213.000000 0.074958
2214.000000 0.068205
2215.000000 0.066723
2216.000000 0.060475
2217.000000 0.055628
2218.000000 0.051427
2219.000000 0.047561
2220.000000 0.048457
2221.000000 0.048978
2222.000000 0.052269
2223.000000 0.048556
2224.000000 0.042112
2225.000000 0.049615
2226.000000 0.053437
2227.000000 0.048523
2228.000000 0.058162
2229.000000 0.068685
2230.000000 0.074168
2231.000000 0.078183
2232.000000 0.088633
2233.000000 0.093466
2234.000000 0.097118
2235.000000 0.080084
2236.000000 0.072829
2237.000000 0.064908
2238.000000 0.063071
2239.000000 0.070970
2240.000000 0.058568
2241.000000 0.054013
2242.000000 0.044657
2243.000000 0.041108
2244.000000 0.042934
2245.000000 0.048435
2246.000000 0.050408
2247.000000 0.049096
2248.000000 0.040721
2249.000000 0.048659
2250.000000 0.040393
2251.000000 0.041259
2252.000000 0.039260
2253.000000 0.052258
2254.000000 0.083759
2255.000000 0.086612
2256.000000 0.079644
2257.000000 0.066049
2258.000000 0.069914
2259.000000 0.075182
2260.000000 0.066478
2261.000000 0.063052
2262.000000 0.052137
2263.000000 0.058491
2264.000000 0.051366
2265.000000 0.049468
2266.000000 0.050822
2267.000000 0.042270
2268.000000 0.046770
2269.000000 0.049045
2270.000000 0.049086
2271.000000 0.045368
2272.000000 0.054945
2273.000000 0.050392
2274.000000 0.066512
2275.000000 0.079660
2276.000000 0.082696
2277.000000 0.068279
2278.000000 0.067482
2279.000000 0.058714
2280.000000 0.057461
2281.000000 0.047605
2282.000000 0.053421
2283.000000 0.050993
2284.000000 0.054055
2285.000000 0.051830
2286.000000 0.054901
2287.000000 0.051945
2288.000000 0.050069
2289.000000 0.044161
2290.000000 0.041345
2291.000000 0.044129
2292.000000 0.053235
2293.000000 0.048313
2294.000000 0.054433
2295.000000 0.053087
2296.000000 0.046156
2297.000000 0.056585
2298.000000 0.066295
2299.000000 0.062419
2300.000000 0.058786
2301.000000 0.061153
2302.000000 0.068385
2303.000000 0.070511
2304.000000 0.077491
2305.000000 0.071035
2306.000000 0.068546
2307.000000 0.063021
2308.000000 0.065467
2309.000000 0.060282
2310.000000 0.070099
2311.000000 0.065524
2312.000000 0.055228
2313.000000 0.047299
2314.000000 0.055834
2315.000000 0.049565
2316.000000 0.044101
2317.000000 0.046645
2318.000000 0.042723
2319.000000 0.051522
2320.000000 0.050464
2321.000000 0.059871
2322.000000 0.061983
2323.000000 0.068898
2324.000000 0.069600
2325.000000 0.073296
2326.000000 0.076815
2327.000000 0.070046
2328.000000 0.064003
2329.000000 0.057971
2330.000000 0.071137
2331.000000 0.063034
2332.000000 0.055747
2333.000000 0.055347
2334.000000 0.057345
2335.000000 0.073259
2336.000000 0.070945
2337.000000 0.062716
2338.000000 0.051801
2339.000000 0.042989
2340.000000 0.042160
2341.000000 0.043332
2342.000000 0.057308
2343.000000 0.052012
2344.000000 0.044136
2345.000000 0.045731
2346.000000 0.048092
2347.000000 0.041821
2348.000000 0.052017
2349.000000 0.063458
2350.000000 0.070248
2351.000000 0.070747
2352.000000 0.071758
2353.000000 0.077249
2354.000000 0.073065
2355.000000 0.077947
2356.000000 0.079178
2357.000000 0.077300
2358.000000 0.078273
2359.000000 0.078728
2360.000000 0.083341
2361.000000 0.069659
2362.000000 0.067698
2363.000000 0.060611
2364.000000 0.054664
2365.000000 0.053829
2366.000000 0.050057
2367.000000 0.050700
2368.000000 0.049303
2369.000000 0.043402
2370.000000 0.047382
2371.000000 0.039413
2372.000000 0.041093
2373.000000 0.053743
2374.000000 0.062265
2375.000000 0.069677
2376.000000 0.064529
2377.000000 0.053359
2378.000000 0.058226
2379.000000 0.060700
2380.000000 0.061629
2381.000000 0.058504
2382.000000 0.063294
2383.000000 0.055016
2384.000000 0.056239
2385.000000 0.060658
2386.000000 0.063197
2387.000000 0.064129
2388.000000 0.067848
2389.000000 0.061685
2390.000000 0.052977
2391.000000 0.046488
2392.000000 0.057231
2393.000000 0.049279
2394.000000 0.063553
2395.000000 0.065830
2396.000000 0.061130
2397.000000 0.066257
2398.000000 0.066090
2399.000000 0.069119
2400.000000 0.070457
2401.000000 0.060518
2402.000000 0.063926
2403.000000 0.062168
2404.000000 0.065894
2405.000000 0.060655
2406.000000 0.056616
2407.000000 0.049771
2408.000000 0.052958
2409.000000 0.068490
2410.000000 0.063297
2411.000000 0.067467
2412.000000 0.068581
2413.000000 0.057112
2414.000000 0.057946
2415.000000 0.066645
2416.000000 0.056406
2417.000000 0.060071
2418.000000 0.053749
2419.000000 0.056636
2420.000000 0.057027
2421.000000 0.052319
2422.000000 0.073710
2423.000000 0.068469
2424.000000 0.071667
2425.000000 0.060866
2426.000000 0.056085
2427.000000 0.049455
2428.000000 0.052444
2429.000000 0.052767
2430.000000 0.043775
2431.000000 0.042057
2432.000000 0.048415
2433.000000 0.050102
2434.000000 0.058255
2435.000000 0.073990
2436.000000 0.074146
2437.000000 0.062179
2438.000000 0.064655
2439.000000 0.068185
2440.000000 0.060173
2441.000000 0.055807
2442.000000 0.054092
2443.000000 0.057860
2444.000000 0.055778
2445.000000 0.054506
2446.000000 0.053513
2447.000000 0.051691
2448.000000 0.051902
2449.000000 0.044226
2450.000000 0.043528
2451.000000 0.037539
2452.000000 0.031352
2453.000000 0.036861
2454.000000 0.047386
2455.000000 0.062595
2456.000000 0.066330
2457.000000 0.065680
2458.000000 0.062176
2459.000000 0.074590
2460.000000 0.071414
2461.000000 0.062424
2462.000000 0.073232
2463.000000 0.069120
2464.000000 0.065918
2465.000000 0.056121
2466.000000 0.056047
2467.000000 0.050362
2468.000000 0.048482
2469.000000 0.053978
2470.000000 0.058106
2471.000000 0.055219
2472.000000 0.051488
2473.000000 0.048027
2474.000000 0.045257
2475.000000 0.041149
2476.000000 0.041179
2477.000000 0.044577
2478.000000 0.045844
2479.000000 0.045405
2480.000000 0.050505
2481.000000 0.052369
2482.000000 0.049921
2483.000000 0.055259
2484.000000 0.055624
2485.000000 0.058650
2486.000000 0.069647
2487.000000 0.069516
2488.000000 0.069203
2489.000000 0.068612
2490.000000 0.064165
2491.000000 0.063796
2492.000000 0.058001
2493.000000 0.059059
2494.000000 0.061469
2495.000000 0.062279
2496.000000 0.069928
2497.000000 0.074694
2498.000000 0.075322
2499.000000 0.068549
2500.000000 0.058958
2501.000000 0.056211
2502.000000 0.064641
2503.000000 0.066948
2504.000000 0.057054
2505.000000 0.054498
2506.000000 0.055190
2507.000000 0.048064
2508.000000 0.047451
2509.000000 0.043403
2510.000000 0.051765
2511.000000 0.047371
2512.000000 0.040340
2513.000000 0.053876
2514.000000 0.047708
2515.000000 0.053141
2516.000000 0.047165
2517.000000 0.050204
2518.000000 0.055775
2519.000000 0.069663
2520.000000 0.088953
2521.000000 0.089622
2522.000000 0.094158
2523.000000 0.085225
2524.000000 0.080343
2525.000000 0.083635
2526.000000 0.088556
2527.000000 0.074952
2528.000000 0.072279
2529.000000 0.059662
2530.000000 0.052888
2531.000000 0.055195
2532.000000 0.056147
2533.000000 0.056989
2534.000000 0.064455
2535.000000 0.059354
2536.000000 0.067571
2537.000000 0.071237
2538.000000 0.058870
2539.000000 0.056490
2540.000000 0.052908
2541.000000 0.047442
2542.000000 0.077323
2543.000000 0.065752
2544.000000 0.054608
2545.000000 0.055999
2546.000000 0.063348
2547.000000 0.063035
2548.000000 0.057968
2549.000000 0.059894
2550.000000 0.070767
2551.000000 0.074189
2552.000000 0.066457
2553.000000 0.067389
2554.000000 0.064835
2555.000000 0.063360
2556.000000 0.056291
2557.000000 0.070825
2558.000000 0.076491
2559.000000 0.079155
2560.000000 0.076549
2561.000000 0.080624
2562.000000 0.076815
2563.000000 0.081878
2564.000000 0.086441
2565.000000 0.095388
2566.000000 0.080346
2567.000000 0.076670
2568.000000 0.087547
2569.000000 0.080185
2570.000000 0.078898
2571.000000 0.067415
2572.000000 0.065653
2573.000000 0.069910
2574.000000 0.071221
2575.000000 0.065728
2576.000000 0.066564
2577.000000 0.059341
2578.000000 0.050223
2579.000000 0.051279
2580.000000 0.052821
2581.000000 0.058716
2582.000000 0.075981
2583.000000 0.067310
2584.000000 0.068523
2585.000000 0.077591
2586.000000 0.083296
2587.000000 0.089152
2588.000000 0.090969
2589.000000 0.090520
2590.000000 0.097689
2591.000000 0.085092
2592.000000 0.074609
2593.000000 0.079705
2594.000000 0.078100
2595.000000 0.068844
2596.000000 0.062413
2597.000000 0.059096
2598.000000 0.050095
2599.000000 0.045655
2600.000000 0.040293
2601.000000 0.041891
2602.000000 0.042535
2603.000000 0.045393
2604.000000 0.071159
2605.000000 0.070499
2606.000000 0.063720
2607.000000 0.063039
2608.000000 0.068958
2609.000000 0.064177
2610.000000 0.058324
2611.000000 0.068879
2612.000000 0.075790
2613.000000 0.076696
2614.000000 0.071195
2615.000000 0.068129
2616.000000 0.062015
2617.000000 0.070806
2618.000000 0.064511
2619.000000 0.059720
2620.000000 0.050320
2621.000000 0.047138
2622.000000 0.058002
2623.000000 0.055336
2624.000000 0.051022
2625.000000 0.045888
2626.000000 0.051558
2627.000000 0.048666
2628.000000 0.046858
2629.000000 0.054534
2630.000000 0.064863
2631.000000 0.063731
2632.000000 0.061743
2633.000000 0.061293
2634.000000 0.052984
2635.000000 0.061942
2636.000000 0.061560
2637.000000 0.063602
2638.000000 0.072102
2639.000000 0.072856
2640.000000 0.074182
2641.000000 0.067726
2642.000000 0.068370
2643.000000 0.068657
2644.000000 0.069488
2645.000000 0.059337
2646.000000 0.049118
2647.000000 0.048791
2648.000000 0.064926
2649.000000 0.078991
2650.000000 0.076189
2651.000000 0.076890
2652.000000 0.065133
2653.000000 0.067214
2654.000000 0.072434
2655.000000 0.068439
2656.000000 0.060598
2657.000000 0.053536
2658.000000 0.054853
2659.000000 0.054535
2660.000000 0.057592
2661.000000 0.055491
2662.000000 0.062323
2663.000000 0.052849
2664.000000 0.048877
2665.000000 0.059252
2666.000000 0.057564
2667.000000 0.057158
2668.000000 0.056746
2669.000000 0.053466
2670.000000 0.055243
2671.000000 0.050640
2672.000000 0.053226
2673.000000 0.063674
2674.000000 0.058313
2675.000000 0.057540
2676.000000 0.060964
2677.000000 0.059630
2678.000000 0.057521
2679.000000 0.060357
2680.000000 0.060808
2681.000000 0.058091
2682.000000 0.054508
2683.000000 0.073340
2684.000000 0.077553
2685.000000 0.073163
2686.000000 0.062925
2687.000000 0.056155
2688.000000 0.065803
2689.000000 0.057110
2690.000000 0.060238
2691.000000 0.061976
2692.000000 0.052457
2693.000000 0.048127
2694.000000 0.047825
2695.000000 0.058529
2696.000000 0.061332
2697.000000 0.060765
2698.000000 0.053591
2699.000000 0.046737
2700.000000 0.059403
2701.000000 0.063572
2702.000000 0.074096
2703.000000 0.072164
2704.000000 0.059591
2705.000000 0.060420
2706.000000 0.052136
2707.000000 0.045944
2708.000000 0.059888
2709.000000 0.063036
2710.000000 0.059338
2711.000000 0.055826
2712.000000 0.056470
2713.000000 0.064182
2714.000000 0.057880
2715.000000 0.052436
2716.000000 0.050817
2717.000000 0.058647
2718.000000 0.059357
2719.000000 0.055299
2720.000000 0.063699
2721.000000 0.067581
2722.000000 0.085538
2723.000000 0.083193
2724.000000 0.087916
2725.000000 0.078869
2726.000000 0.067535
2727.000000 0.059304
2728.000000 0.068544
2729.000000 0.070401
2730.000000 0.064866
2731.000000 0.063429
2732.000000 0.073063
2733.000000 0.067248
2734.000000 0.059468
2735.000000 0.054448
2736.000000 0.055414
2737.000000 0.059752
2738.000000 0.057037
2739.000000 0.057953
2740.000000 0.053854
2741.000000 0.052258
2742.000000 0.078909
2743.000000 0.085205
2744.000000 0.082716
2745.000000 0.081500
2746.000000 0.079598
2747.000000 0.075187
2748.000000 0.075629
2749.000000 0.065326
2750.000000 0.064140
2751.000000 0.075247
2752.000000 0.069242
2753.000000 0.067641
2754.000000 0.060729
2755.000000 0.065556
2756.000000 0.063679
2757.000000 0.059938
2758.000000 0.066719
2759.000000 0.057962
2760.000000 0.057606
2761.000000 0.050572
2762.000000 0.072436
2763.000000 0.066743
2764.000000 0.059126
2765.000000 0.064521
2766.000000 0.072796
2767.000000 0.071510
2768.000000 0.086559
2769.000000 0.074378
2770.000000 0.070852
2771.000000 0.058511
2772.000000 0.063879
2773.000000 0.064927
2774.000000 0.054636
2775.000000 0.056035
2776.000000 0.053233
2777.000000 0.057166
2778.000000 0.051386
2779.000000 0.054423
2780.000000 0.050236
2781.000000 0.047210
2782.000000 0.039097
2783.000000 0.038188
2784.000000 0.034057
2785.000000 0.031018
2786.000000 0.030011
2787.000000 0.034579
2788.000000 0.056921
2789.000000 0.066051
2790.000000 0.070204
2791.000000 0.070681
2792.000000 0.072482
2793.000000 0.065402
2794.000000 0.068971
2795.000000 0.074376
2796.000000 0.069545
2797.000000 0.067830
2798.000000 0.067089
2799.000000 0.088551
2800.000000 0.079285
2801.000000 0.071240
2802.000000 0.067981
2803.000000 0.059435
2804.000000 0.056215
2805.000000 0.056286
2806.000000 0.059318
2807.000000 0.051188
2808.000000 0.073492
2809.000000 0.080552
2810.000000 0.070393
2811.000000 0.064540
2812.000000 0.059200
2813.000000 0.052522
2814.000000 0.057687
2815.000000 0.052865
2816.000000 0.057707
2817.000000 0.056276
2818.000000 0.047912
2819.000000 0.044640
2820.000000 0.044075
2821.000000 0.040391
2822.000000 0.049066
2823.000000 0.055774
2824.000000 0.048083
2825.000000 0.039881
2826.000000 0.040546
2827.000000 0.046083
2828.000000 0.051163
2829.000000 0.055466
2830.000000 0.053391
2831.000000 0.053862
2832.000000 0.049526
2833.000000 0.052862
2834.000000 0.051250
2835.000000 0.067442
2836.000000 0.074218
2837.000000 0.077490
2838.000000 0.067254
2839.000000 0.059932
2840.000000 0.064363
2841.000000 0.063320
2842.000000 0.069369
2843.000000 0.069151
2844.000000 0.070766
2845.000000 0.067017
2846.000000 0.067823
2847.000000 0.065165
2848.000000 0.066496
2849.000000 0.065063
2850.000000 0.071417
2851.000000 0.074733
2852.000000 0.067775
2853.000000 0.069035
2854.000000 0.071455
2855.000000 0.060095
2856.000000 0.053016
2857.000000 0.054247
2858.000000 0.069051
2859.000000 0.065217
2860.000000 0.057173
2861.000000 0.054659
2862.000000 0.046243
2863.000000 0.055627
2864.000000 0.051548
2865.000000 0.048640
2866.000000 0.054664
2867.000000 0.060648
2868.000000 0.051774
2869.000000 0.044588
2870.000000 0.055051
2871.000000 0.059362
2872.000000 0.062707
2873.000000 0.056967
2874.000000 0.053899
2875.000000 0.058865
2876.000000 0.066530
2877.000000 0.080614
2878.000000 0.073365
2879.000000 0.073672
2880.000000 0.064144
2881.000000 0.061175
2882.000000 0.063766
2883.000000 0.058407
2884.000000 0.051753
2885.000000 0.048698
2886.000000 0.044339
2887.000000 0.047907
2888.000000 0.050660
2889.000000 0.049261
2890.000000 0.054280
2891.000000 0.054531
2892.000000 0.051847
2893.000000 0.048498
2894.000000 0.059298
2895.000000 0.056341
2896.000000 0.056189
2897.000000 0.077406
2898.000000 0.091622
2899.000000 0.087970
2900.000000 0.079295
2901.000000 0.076750
2902.000000 0.067900
2903.000000 0.059819
2904.000000 0.064629
2905.000000 0.058104
2906.000000 0.048068
2907.000000 0.048541
2908.000000 0.057761
2909.000000 0.047823
2910.000000 0.050340
2911.000000 0.051774
2912.000000 0.044679
2913.000000 0.041729
2914.000000 0.051213
2915.000000 0.054640
2916.000000 0.054903
2917.000000 0.055280
2918.000000 0.062427
2919.000000 0.072604
2920.000000 0.071334
2921.000000 0.077012
2922.000000 0.073717
2923.000000 0.078424
2924.000000 0.071716
2925.000000 0.059239
2926.000000 0.055849
2927.000000 0.051877
2928.000000 0.044752
2929.000000 0.039833
2930.000000 0.033135
2931.000000 0.029792
2932.000000 0.030189
2933.000000 0.038910
2934.000000 0.040211
2935.000000 0.034824
2936.000000 0.033916
2937.000000 0.036462
2938.000000 0.041875
2939.000000 0.049113
2940.000000 0.050781
2941.000000 0.050383
2942.000000 0.048537
2943.000000 0.053397
2944.000000 0.058435
2945.000000 0.062117
2946.000000 0.071433
2947.000000 0.075210
2948.000000 0.073343
2949.000000 0.077223
2950.000000 0.080851
2951.000000 0.079221
2952.000000 0.076777
2953.000000 0.074766
2954.000000 0.079298
2955.000000 0.075959
2956.000000 0.074329
2957.000000 0.066641
2958.000000 0.070908
2959.000000 0.070833
2960.000000 0.068096
2961.000000 0.061611
2962.000000 0.062889
2963.000000 0.058399
2964.000000 0.060924
2965.000000 0.061873
2966.000000 0.061612
2967.000000 0.060219
2968.000000 0.059224
2969.000000 0.058856
2970.000000 0.048721
2971.000000 0.040342
2972.000000 0.033543
2973.000000 0.034329
2974.000000 0.037083
2975.000000 0.034381
2976.000000 0.047214
2977.000000 0.045526
2978.000000 0.044423
2979.000000 0.046185
2980.000000 0.048705
2981.000000 0.052409
2982.000000 0.047905
2983.000000 0.046635
2984.000000 0.048879
2985.000000 0.054390
2986.000000 0.053322
2987.000000 0.053233
2988.000000 0.053784
2989.000000 0.046036
2990.000000 0.060647
2991.000000 0.068905
2992.000000 0.065062
2993.000000 0.065666
2994.000000 0.074286
2995.000000 0.067175
2996.000000 0.071723
2997.000000 0.075511
2998.000000 0.066193
2999.000000 0.072792
3000.000000 0.062078
3001.000000 0.066226
3002.000000 0.070384
3003.000000 0.068622
3004.000000 0.079931
3005.000000 0.078001
3006.000000 0.074276
3007.000000 0.073188
3008.000000 0.068462
3009.000000 0.072521
3010.000000 0.077238
3011.000000 0.075016
3012.000000 0.085641
3013.000000 0.076948
3014.000000 0.067932
3015.000000 0.069795
3016.000000 0.068114
3017.000000 0.068586
3018.000000 0.066059
3019.000000 0.064808
3020.000000 0.066746
3021.000000 0.064303
3022.000000 0.066946
3023.000000 0.058785
3024.000000 0.073816
3025.000000 0.061924
3026.000000 0.057209
3027.000000 0.057117
3028.000000 0.050931
3029.000000 0.046723
3030.000000 0.053912
3031.000000 0.051310
3032.000000 0.044115
3033.000000 0.052077
3034.000000 0.045122
3035.000000 0.059191
3036.000000 0.074102
3037.000000 0.067391
3038.000000 0.060679
3039.000000 0.057251
3040.000000 0.053710
3041.000000 0.044500
3042.000000 0.039123
3043.000000 0.038788
3044.000000 0.049555
3045.000000 0.044669
3046.000000 0.045377
3047.000000 0.040936
3048.000000 0.046633
3049.000000 0.050744
3050.000000 0.052296
3051.000000 0.045985
3052.000000 0.050238
3053.000000 0.045314
3054.000000 0.043214
3055.000000 0.059172
3056.000000 0.053952
3057.000000 0.067240
3058.000000 0.077416
3059.000000 0.073699
3060.000000 0.068023
3061.000000 0.060981
3062.000000 0.067307
3063.000000 0.068697
3064.000000 0.068617
3065.000000 0.062524
3066.000000 0.062629
3067.000000 0.065331
3068.000000 0.055650
3069.000000 0.049091
3070.000000 0.051384
3071.000000 0.059258
3072.000000 0.048981
3073.000000 0.052537
3074.000000 0.057769
3075.000000 0.048072
3076.000000 0.057938
3077.000000 0.063361
3078.000000 0.075432
3079.000000 0.070082
3080.000000 0.070276
3081.000000 0.058038
3082.000000 0.059452
3083.000000 0.065827
3084.000000 0.062774
3085.000000 0.059526
3086.000000 0.053670
3087.000000 0.052024
3088.000000 0.046073
3089.000000 0.048450
3090.000000 0.048082
3091.000000 0.053819
3092.000000 0.061667
3093.000000 0.063199
3094.000000 0.062183
3095.000000 0.063326
3096.000000 0.065489
3097.000000 0.054210
3098.000000 0.073134
3099.000000 0.089813
3100.000000 0.077770
3101.000000 0.070482
3102.000000 0.063789
3103.000000 0.082882
3104.000000 0.085597
3105.000000 0.075596
3106.000000 0.073164
3107.000000 0.074803
3108.000000 0.065592
3109.000000 0.058531
3110.000000 0.059279
3111.000000 0.057319
3112.000000 0.064988
3113.000000 0.057716
3114.000000 0.054080
3115.000000 0.051468
3116.000000 0.049602
3117.000000 0.048200
3118.000000 0.050558
3119.000000 0.055918
3120.000000 0.056451
3121.000000 0.057802
3122.000000 0.047769
3123.000000 0.040439
3124.000000 0.042961
3125.000000 0.045026
3126.000000 0.039694
3127.000000 0.044390
3128.000000 0.047927
3129.000000 0.039753
3130.000000 0.046748
3131.000000 0.044691
3132.000000 0.042250
3133.000000 0.046782
3134.000000 0.052031
3135.000000 0.058800
3136.000000 0.063673
3137.000000 0.065400
3138.000000 0.059986
3139.000000 0.073662
3140.000000 0.080325
3141.000000 0.087674
3142.000000 0.077145
3143.000000 0.063693
3144.000000 0.065656
3145.000000 0.058447
3146.000000 0.051285
3147.000000 0.054409
3148.000000 0.045044
3149.000000 0.053051
3150.000000 0.051472
3151.000000 0.060002
3152.000000 0.054706
3153.000000 0.064208
3154.000000 0.058254
3155.000000 0.056182
3156.000000 0.061429
3157.000000 0.058440
3158.000000 0.074889
3159.000000 0.079161
3160.000000 0.070337
3161.000000 0.079426
3162.000000 0.073800
3163.000000 0.072536
3164.000000 0.062428
3165.000000 0.062837
3166.000000 0.055987
3167.000000 0.046341
3168.000000 0.044312
3169.000000 0.036852
3170.000000 0.036444
3171.000000 0.041900
3172.000000 0.039281
3173.000000 0.037502
3174.000000 0.041892
3175.000000 0.055038
3176.000000 0.069876
3177.000000 0.065072
3178.000000 0.067303
3179.000000 0.081941
3180.000000 0.085351
3181.000000 0.082119
3182.000000 0.070348
3183.000000 0.072154
3184.000000 0.064769
3185.000000 0.053570
3186.000000 0.046696
3187.000000 0.053716
3188.000000 0.048973
3189.000000 0.056437
3190.000000 0.054755
3191.000000 0.049607
3192.000000 0.042160
3193.000000 0.042616
3194.000000 0.038524
3195.000000 0.034403
3196.000000 0.046685
3197.000000 0.044178
3198.000000 0.046692
3199.000000 0.045389
3200.000000 0.056353
3201.000000 0.050851
3202.000000 0.050057
3203.000000 0.062897
3204.000000 0.057964
3205.000000 0.059056
3206.000000 0.058678
3207.000000 0.060852
3208.000000 0.068287
3209.000000 0.058969
3210.000000 0.066941
3211.000000 0.055375
3212.000000 0.049170
3213.000000 0.044883
3214.000000 0.045974
3215.000000 0.043856
3216.000000 0.047647
3217.000000 0.045130
3218.000000 0.047057
3219.000000 0.044167
3220.000000 0.043995
3221.000000 0.042321
3222.000000 0.052009
3223.000000 0.057313
3224.000000 0.061529
3225.000000 0.060933
3226.000000 0.065457
3227.000000 0.067232
3228.000000 0.068782
3229.000000 0.076324
3230.000000 0.077971
3231.000000 0.069811
3232.000000 0.082810
3233.000000 0.076428
3234.000000 0.073027
3235.000000 0.064553
3236.000000 0.059500
3237.000000 0.052606
3238.000000 0.049552
3239.000000 0.042952
3240.000000 0.046111
3241.000000 0.049879
3242.000000 0.041307
3243.000000 0.043915
3244.000000 0.045011
3245.000000 0.045986
3246.000000 0.052325
3247.000000 0.054630
3248.000000 0.066937
3249.000000 0.058158
3250.000000 0.054314
3251.000000 0.049631
3252.000000 0.049020
3253.000000 0.053334
3254.000000 0.051104
3255.000000 0.044848
3256.000000 0.050592
3257.000000 0.053432
3258.000000 0.053530
3259.000000 0.059322
3260.000000 0.071553
3261.000000 0.075944
3262.000000 0.064087
3263.000000 0.059302
3264.000000 0.055934
3265.000000 0.048713
3266.000000 0.056047
3267.000000 0.047498
3268.000000 0.039387
3269.000000 0.039491
3270.000000 0.037342
3271.000000 0.044589
3272.000000 0.051044
3273.000000 0.061042
3274.000000 0.056976
3275.000000 0.051425
3276.000000 0.055657
3277.000000 0.054223
3278.000000 0.048491
3279.000000 0.044724
3280.000000 0.059540
3281.000000 0.065847
3282.000000 0.069682
3283.000000 0.064776
3284.000000 0.053577
3285.000000 0.064382
3286.000000 0.058768
3287.000000 0.073210
3288.000000 0.080762
3289.000000 0.085121
3290.000000 0.071513
3291.000000 0.059058
3292.000000 0.058537
3293.000000 0.058245
3294.000000 0.054220
3295.000000 0.051232
3296.000000 0.057955
3297.000000 0.064508
3298.000000 0.070081
3299.000000 0.072333
3300.000000 0.073309
3301.000000 0.066185
3302.000000 0.069148
3303.000000 0.063383
3304.000000 0.053738
3305.000000 0.068424
3306.000000 0.056607
3307.000000 0.058531
3308.000000 0.058786
3309.000000 0.062877
3310.000000 0.074235
3311.000000 0.063993
3312.000000 0.057338
3313.000000 0.064974
3314.000000 0.078136
3315.000000 0.084573
3316.000000 0.085271
3317.000000 0.087298
3318.000000 0.081850
3319.000000 0.086427
3320.000000 0.083368
3321.000000 0.073535
3322.000000 0.071273
3323.000000 0.073359
3324.000000 0.077486
3325.000000 0.065964
3326.000000 0.062846
3327.000000 0.063284
3328.000000 0.060538
3329.000000 0.064075
3330.000000 0.076416
3331.000000 0.067412
3332.000000 0.074009
3333.000000 0.077030
3334.000000 0.063681
3335.000000 0.066807
3336.000000 0.077404
3337.000000 0.066336
3338.000000 0.068321
3339.000000 0.066733
3340.000000 0.072670
3341.000000 0.080123
3342.000000 0.068797
3343.000000 0.058900
3344.000000 0.048784
3345.000000 0.049582
3346.000000 0.051775
3347.000000 0.049503
3348.000000 0.043118
3349.000000 0.035987
3350.000000 0.037512
3351.000000 0.036160
3352.000000 0.037721
3353.000000 0.049995
3354.000000 0.078506
3355.000000 0.070329
3356.000000 0.082115
3357.000000 0.071295
3358.000000 0.078445
3359.000000 0.081144
3360.000000 0.080020
3361.000000 0.077093
3362.000000 0.079239
3363.000000 0.082820
3364.000000 0.080303
3365.000000 0.076435
3366.000000 0.063249
3367.000000 0.058526
3368.000000 0.056999
3369.000000 0.053661
3370.000000 0.064102
3371.000000 0.065446
3372.000000 0.056090
3373.000000 0.053970
3374.000000 0.054285
3375.000000 0.054815
3376.000000 0.084583
3377.000000 0.080203
3378.000000 0.076201
3379.000000 0.075979
3380.000000 0.074476
3381.000000 0.066253
3382.000000 0.064825
3383.000000 0.063786
3384.000000 0.056551
3385.000000 0.051276
3386.000000 0.050396
3387.000000 0.042669
3388.000000 0.045409
3389.000000 0.048358
3390.000000 0.049382
3391.000000 0.044478
3392.000000 0.042563
3393.000000 0.039730
3394.000000 0.048473
3395.000000 0.045247
3396.000000 0.040380
3397.000000 0.045285
3398.000000 0.054296
3399.000000 0.069946
3400.000000 0.072582
3401.000000 0.071412
3402.000000 0.077040
3403.000000 0.076320
3404.000000 0.069836
3405.000000 0.062640
3406.000000 0.057673
3407.000000 0.050810
3408.000000 0.049346
3409.000000 0.040987
3410.000000 0.043637
3411.000000 0.042594
3412.000000 0.052413
3413.000000 0.050012
3414.000000 0.046151
3415.000000 0.056977
3416.000000 0.073872
3417.000000 0.084514
3418.000000 0.080228
3419.000000 0.076242
3420.000000 0.077953
3421.000000 0.065624
3422.000000 0.070014
3423.000000 0.071557
3424.000000 0.062720
3425.000000 0.060844
3426.000000 0.058295
3427.000000 0.053989
3428.000000 0.063440
3429.000000 0.068697
3430.000000 0.063252
3431.000000 0.061940
3432.000000 0.060796
3433.000000 0.057835
3434.000000 0.055734
3435.000000 0.065920
3436.000000 0.063567
3437.000000 0.052790
3438.000000 0.058524
3439.000000 0.058797
3440.000000 0.052858
3441.000000 0.069116
3442.000000 0.085566
3443.000000 0.095761
3444.000000 0.092066
3445.000000 0.086837
3446.000000 0.088328
3447.000000 0.082358
3448.000000 0.088012
3449.000000 0.084791
3450.000000 0.089047
3451.000000 0.094313
3452.000000 0.096772
3453.000000 0.088131
3454.000000 0.072713
3455.000000 0.075462
3456.000000 0.075153
3457.000000 0.068375
3458.000000 0.062884
3459.000000 0.076317
3460.000000 0.068281
3461.000000 0.064954
3462.000000 0.061755
3463.000000 0.061931
3464.000000 0.057860
3465.000000 0.056418
3466.000000 0.055593
3467.000000 0.067133
3468.000000 0.067154
3469.000000 0.060764
3470.000000 0.058176
3471.000000 0.062420
3472.000000 0.064585
3473.000000 0.064004
3474.000000 0.060302
3475.000000 0.069217
3476.000000 0.058387
3477.000000 0.053342
3478.000000 0.049899
3479.000000 0.048557
3480.000000 0.064244
3481.000000 0.065931
3482.000000 0.060516
3483.000000 0.066320
3484.000000 0.078303
3485.000000 0.085109
3486.000000 0.076314
3487.000000 0.078712
3488.000000 0.073026
3489.000000 0.089845
3490.000000 0.083399
3491.000000 0.068872
3492.000000 0.067332
3493.000000 0.059975
3494.000000 0.071326
3495.000000 0.063793
3496.000000 0.070877
3497.000000 0.081316
3498.000000 0.080962
3499.000000 0.082456
3500.000000 0.074975
3501.000000 0.068649
3502.000000 0.060876
3503.000000 0.055485
3504.000000 0.051825
3505.000000 0.060977
3506.000000 0.061973
3507.000000 0.060545
3508.000000 0.050162
3509.000000 0.049048
3510.000000 0.053911
3511.000000 0.075979
3512.000000 0.069995
3513.000000 0.064186
3514.000000 0.063646
3515.000000 0.078073
3516.000000 0.066011
3517.000000 0.056091
3518.000000 0.050184
3519.000000 0.050306
3520.000000 0.043470
3521.000000 0.045830
3522.000000 0.038075
3523.000000 0.038915
3524.000000 0.050893
3525.000000 0.057745
3526.000000 0.060389
3527.000000 0.056103
3528.000000 0.058392
3529.000000 0.050006
3530.000000 0.047836
3531.000000 0.056911
3532.000000 0.058782
3533.000000 0.061053
3534.000000 0.053295
3535.000000 0.051290
3536.000000 0.042539
3537.000000 0.056436
3538.000000 0.052415
3539.000000 0.047414
3540.000000 0.041800
3541.000000 0.043817
3542.000000 0.046320
3543.000000 0.044855
3544.000000 0.044455
3545.000000 0.043850
3546.000000 0.047031
3547.000000 0.047599
3548.000000 0.064394
3549.000000 0.064521
3550.000000 0.063320
3551.000000 0.061179
3552.000000 0.060624
3553.000000 0.064310
3554.000000 0.060785
3555.000000 0.053374
3556.000000 0.053048
3557.000000 0.053954
3558.000000 0.058501
3559.000000 0.063427
3560.000000 0.059328
3561.000000 0.052797
3562.000000 0.054941
3563.000000 0.049583
3564.000000 0.045671
3565.000000 0.053729
3566.000000 0.050281
3567.000000 0.051337
3568.000000 0.049553
3569.000000 0.045031
3570.000000 0.039067
3571.000000 0.035778
3572.000000 0.032933
3573.000000 0.035077
3574.000000 0.044619
3575.000000 0.059645
3576.000000 0.066534
3577.000000 0.073062
3578.000000 0.086758
3579.000000 0.078537
3580.000000 0.070635
3581.000000 0.073679
3582.000000 0.069765
3583.000000 0.065624
3584.000000 0.062085
3585.000000 0.060596
3586.000000 0.050062
3587.000000 0.044377
3588.000000 0.047154
3589.000000 0.041731
3590.000000 0.046442
3591.000000 0.040965
3592.000000 0.037854
3593.000000 0.035092
3594.000000 0.029220
3595.000000 0.030874
3596.000000 0.035710
3597.000000 0.050580
3598.000000 0.053216
3599.000000 0.069833
3600.000000 0.066218
3601.000000 0.079961
3602.000000 0.078048
3603.000000 0.080733
3604.000000 0.077186
3605.000000 0.065234
3606.000000 0.075955
3607.000000 0.071681
3608.000000 0.061179
3609.000000 0.063144
3610.000000 0.057546
3611.000000 0.051900
3612.000000 0.044476
3613.000000 0.042942
3614.000000 0.044782
3615.000000 0.050850
3616.000000 0.052296
3617.000000 0.058908
3618.000000 0.076491
3619.000000 0.077930
3620.000000 0.068779
3621.000000 0.079411
3622.000000 0.078952
3623.000000 0.069736
3624.000000 0.069909
3625.000000 0.070740
3626.000000 0.065116
3627.000000 0.056962
3628.000000 0.056513
3629.000000 0.048887
3630.000000 0.043565
3631.000000 0.054439
3632.000000 0.057843
3633.000000 0.051437
3634.000000 0.046163
3635.000000 0.057278
3636.000000 0.052704
3637.000000 0.048516
3638.000000 0.061021
3639.000000 0.059768
3640.000000 0.062275
3641.000000 0.068762
3642.000000 0.074026
3643.000000 0.073236
3644.000000 0.068311
3645.000000 0.060930
3646.000000 0.060536
3647.000000 0.066887
3648.000000 0.069461
3649.000000 0.065323
3650.000000 0.081912
3651.000000 0.079674
3652.000000 0.065861
3653.000000 0.069518
3654.000000 0.071678
3655.000000 0.076849
3656.000000 0.069499
3657.000000 0.066939
3658.000000 0.067188
3659.000000 0.066724
3660.000000 0.056055
3661.000000 0.068870
3662.000000 0.064605
3663.000000 0.064813
3664.000000 0.063288
3665.000000 0.061761
3666.000000 0.058718
3667.000000 0.060846
3668.000000 0.061369
3669.000000 0.068778
3670.000000 0.060383
3671.000000 0.055752
3672.000000 0.050818
3673.000000 0.051595
3674.000000 0.067665
3675.000000 0.063172
3676.000000 0.066966
3677.000000 0.080730
3678.000000 0.071706
3679.000000 0.070180
3680.000000 0.073324
3681.000000 0.090917
3682.000000 0.085546
3683.000000 0.073139
3684.000000 0.060520
3685.000000 0.062087
3686.000000 0.065849
3687.000000 0.066873
3688.000000 0.080270
3689.000000 0.073476
3690.000000 0.074924
3691.000000 0.071116
3692.000000 0.065892
3693.000000 0.067297
3694.000000 0.061168
3695.000000 0.053541
3696.000000 0.051984
3697.000000 0.052022
3698.000000 0.067733
3699.000000 0.067571
3700.000000 0.059922
3701.000000 0.062796
3702.000000 0.066191
3703.000000 0.058007
3704.000000 0.055686
3705.000000 0.057215
3706.000000 0.062627
3707.000000 0.052888
3708.000000 0.058487
3709.000000 0.048669
3710.000000 0.044812
3711.000000 0.052056
3712.000000 0.060920
3713.000000 0.058542
3714.000000 0.060366
3715.000000 0.059364
3716.000000 0.065001
3717.000000 0.064488
3718.000000 0.063592
3719.000000 0.059431
3720.000000 0.057561
3721.000000 0.051297
3722.000000 0.052443
3723.000000 0.051182
3724.000000 0.057419
3725.000000 0.051696
3726.000000 0.054456
3727.000000 0.053293
3728.000000 0.044174
3729.000000 0.041985
3730.000000 0.053299
3731.000000 0.054024
3732.000000 0.059854
3733.000000 0.062933
3734.000000 0.067981
3735.000000 0.061144
3736.000000 0.071003
3737.000000 0.075327
3738.000000 0.072412
3739.000000 0.071803
3740.000000 0.061410
3741.000000 0.076834
3742.000000 0.081551
3743.000000 0.079729
3744.000000 0.068736
3745.000000 0.065391
3746.000000 0.071498
3747.000000 0.074338
3748.000000 0.068871
3749.000000 0.066628
3750.000000 0.065169
3751.000000 0.058228
3752.000000 0.056759
3753.000000 0.052731
3754.000000 0.052641
3755.000000 0.054682
3756.000000 0.064734
3757.000000 0.054468
3758.000000 0.058984
3759.000000 0.051932
3760.000000 0.056600
3761.000000 0.058409
3762.000000 0.064542
3763.000000 0.082717
3764.000000 0.077543
3765.000000 0.082923
3766.000000 0.077006
3767.000000 0.068953
3768.000000 0.058191
3769.000000 0.056417
3770.000000 0.056467
3771.000000 0.046683
3772.000000 0.042189
3773.000000 0.039992
3774.000000 0.062269
3775.000000 0.055802
3776.000000 0.051148
3777.000000 0.046951
3778.000000 0.043636
3779.000000 0.051219
3780.000000 0.053405
3781.000000 0.059968
3782.000000 0.055090
3783.000000 0.065540
3784.000000 0.074146
3785.000000 0.086139
3786.000000 0.074669
3787.000000 0.065741
3788.000000 0.059413
3789.000000 0.057466
3790.000000 0.047832
3791.000000 0.042665
3792.000000 0.057452
3793.000000 0.057312
3794.000000 0.047416
3795.000000 0.046046
3796.000000 0.039375
3797.000000 0.044368
3798.000000 0.049508
3799.000000 0.041179
3800.000000 0.044599
3801.000000 0.055004
3802.000000 0.060689
3803.000000 0.058626
3804.000000 0.061728
3805.000000 0.063740
3806.000000 0.058310
3807.000000 0.055595
3808.000000 0.057871
3809.000000 0.062930
3810.000000 0.055661
3811.000000 0.061254
3812.000000 0.058836
3813.000000 0.055385
3814.000000 0.050422
3815.000000 0.066401
3816.000000 0.061061
3817.000000 0.061592
3818.000000 0.065996
3819.000000 0.064221
3820.000000 0.069395
3821.000000 0.067024
3822.000000 0.064569
3823.000000 0.070999
3824.000000 0.069629
3825.000000 0.068950
3826.000000 0.063171
3827.000000 0.068339
3828.000000 0.064581
3829.000000 0.078678
3830.000000 0.073462
3831.000000 0.061816
3832.000000 0.056913
3833.000000 0.062713
3834.000000 0.067752
3835.000000 0.085541
3836.000000 0.078138
3837.000000 0.072077
3838.000000 0.068025
3839.000000 0.058329
3840.000000 0.054440
3841.000000 0.069051
3842.000000 0.077380
3843.000000 0.072325
3844.000000 0.061654
3845.000000 0.056328
3846.000000 0.069303
3847.000000 0.066926
3848.000000 0.063145
3849.000000 0.054893
3850.000000 0.048847
3851.000000 0.048796
3852.000000 0.045503
3853.000000 0.040933
3854.000000 0.045889
3855.000000 0.051643
3856.000000 0.051789
3857.000000 0.051332
3858.000000 0.048863
3859.000000 0.042283
3860.000000 0.049390
3861.000000 0.045535
3862.000000 0.051626
3863.000000 0.046052
3864.000000 0.045666
3865.000000 0.070453
3866.000000 0.068481
3867.000000 0.071592
3868.000000 0.066894
3869.000000 0.063592
3870.000000 0.057387
3871.000000 0.068006
3872.000000 0.063837
3873.000000 0.057029
3874.000000 0.049180
3875.000000 0.053944
3876.000000 0.054011
3877.000000 0.052610
3878.000000 0.048654
3879.000000 0.052516
3880.000000 0.051923
3881.000000 0.051112
3882.000000 0.054819
3883.000000 0.045481
3884.000000 0.042559
3885.000000 0.041186
3886.000000 0.042887
3887.000000 0.046404
3888.000000 0.051574
3889.000000 0.051440
3890.000000 0.050147
3891.000000 0.050625
3892.000000 0.053442
3893.000000 0.070866
3894.000000 0.074310
3895.000000 0.082087
3896.000000 0.083091
3897.000000 0.078292
3898.000000 0.085507
3899.000000 0.100611
3900.000000 0.090207
3901.000000 0.083871
3902.000000 0.083643
3903.000000 0.076370
3904.000000 0.073093
3905.000000 0.068779
3906.000000 0.064211
3907.000000 0.054541
3908.000000 0.050671
3909.000000 0.054494
3910.000000 0.045041
3911.000000 0.044169
3912.000000 0.037815
3913.000000 0.041300
3914.000000 0.045153
3915.000000 0.047851
3916.000000 0.046969
3917.000000 0.049247
3918.000000 0.060571
3919.000000 0.054415
3920.000000 0.045241
3921.000000 0.051469
3922.000000 0.084059
3923.000000 0.094699
3924.000000 0.092218
3925.000000 0.101911
3926.000000 0.085269
3927.000000 0.079829
3928.000000 0.068700
3929.000000 0.059696
3930.000000 0.065414
3931.000000 0.055986
3932.000000 0.059389
3933.000000 0.052666
3934.000000 0.044559
3935.000000 0.045717
3936.000000 0.050097
3937.000000 0.045891
3938.000000 0.038033
3939.000000 0.035271
3940.000000 0.029444
3941.000000 0.041505
3942.000000 0.056907
3943.000000 0.054869
3944.000000 0.049858
3945.000000 0.051842
3946.000000 0.078071
3947.000000 0.087343
3948.000000 0.093656
3949.000000 0.084627
3950.000000 0.085530
3951.000000 0.073369
3952.000000 0.065922
3953.000000 0.067768
3954.000000 0.064307
3955.000000 0.063236
3956.000000 0.064836
3957.000000 0.064852
3958.000000 0.054701
3959.000000 0.051567
3960.000000 0.045161
3961.000000 0.050725
3962.000000 0.042110
3963.000000 0.040278
3964.000000 0.057982
3965.000000 0.059032
3966.000000 0.055692
3967.000000 0.055085
3968.000000 0.061791
3969.000000 0.070044
3970.000000 0.069037
3971.000000 0.068465
3972.000000 0.061967
3973.000000 0.067113
3974.000000 0.067841
3975.000000 0.062517
3976.000000 0.056419
3977.000000 0.054624
3978.000000 0.070250
3979.000000 0.060855
3980.000000 0.057408
3981.000000 0.061548
3982.000000 0.053570
3983.000000 0.052801
3984.000000 0.046431
3985.000000 0.053654
3986.000000 0.052992
3987.000000 0.058318
3988.000000 0.048273
3989.000000 0.045492
3990.000000 0.053356
3991.000000 0.051457
3992.000000 0.078564
3993.000000 0.071796
3994.000000 0.066946
3995.000000 0.071458
3996.000000 0.064181
3997.000000 0.060855
3998.000000 0.060168
3999.000000 0.055296
4000.000000 0.061885
4001.000000 0.060801
4002.000000 0.050395
4003.000000 0.045380
4004.000000 0.059537
4005.000000 0.058763
4006.000000 0.072738
4007.000000 0.061901
4008.000000 0.072374
4009.000000 0.075012
4010.000000 0.077943
4011.000000 0.074392
4012.000000 0.078449
4013.000000 0.080289
4014.000000 0.084934
4015.000000 0.082307
4016.000000 0.076892
4017.000000 0.081952
4018.000000 0.077577
4019.000000 0.072266
4020.000000 0.067003
4021.000000 0.061157
4022.000000 0.052326
4023.000000 0.064469
4024.000000 0.064599
4025.000000 0.065288
4026.000000 0.061303
4027.000000 0.056023
4028.000000 0.049457
4029.000000 0.043466
4030.000000 0.048729
4031.000000 0.045083
4032.000000 0.044774
4033.000000 0.040058
4034.000000 0.044706
4035.000000 0.058711
4036.000000 0.057129
4037.000000 0.074109
4038.000000 0.073134
4039.000000 0.073647
4040.000000 0.070315
4041.000000 0.062330
4042.000000 0.061848
4043.000000 0.076826
4044.000000 0.102141
4045.000000 0.088829
4046.000000 0.089789
4047.000000 0.089976
4048.000000 0.082435
4049.000000 0.069727
4050.000000 0.078460
4051.000000 0.073705
4052.000000 0.068483
4053.000000 0.063958
4054.000000 0.057714
4055.000000 0.070873
4056.000000 0.060014
4057.000000 0.055196
4058.000000 0.049731
4059.000000 0.043178
4060.000000 0.046856
4061.000000 0.041090
4062.000000 0.049783
4063.000000 0.054704
4064.000000 0.065377
4065.000000 0.063266
4066.000000 0.061902
4067.000000 0.054858
4068.000000 0.060652
4069.000000 0.065132
4070.000000 0.058487
4071.000000 0.062279
4072.000000 0.063866
4073.000000 0.059036
4074.000000 0.053708
4075.000000 0.046556
4076.000000 0.058983
4077.000000 0.048757
4078.000000 0.042440
4079.000000 0.040413
4080.000000 0.040428
4081.000000 0.041209
4082.000000 0.048282
4083.000000 0.057189
4084.000000 0.073165
4085.000000 0.061625
4086.000000 0.056811
4087.000000 0.056307
4088.000000 0.059135
4089.000000 0.052895
4090.000000 0.057787
4091.000000 0.061424
4092.000000 0.050794
4093.000000 0.060513
4094.000000 0.055896
4095.000000 0.051016
4096.000000 0.043237
4097.000000 0.039331
4098.000000 0.041624
4099.000000 0.040308
4100.000000 0.045111
4101.000000 0.043347
4102.000000 0.052320
4103.000000 0.045483
4104.000000 0.040236
4105.000000 0.054009
4106.000000 0.063412
4107.000000 0.064580
4108.000000 0.058498
4109.000000 0.078989
4110.000000 0.071040
4111.000000 0.069803
4112.000000 0.076794
4113.000000 0.063389
4114.000000 0.062821
4115.000000 0.054119
4116.000000 0.052961
4117.000000 0.047950
4118.000000 0.043990
4119.000000 0.046298
4120.000000 0.047513
4121.000000 0.046453
4122.000000 0.043916
4123.000000 0.036496
4124.000000 0.048862
4125.000000 0.054190
4126.000000 0.060584
4127.000000 0.067748
4128.000000 0.067664
4129.000000 0.072551
4130.000000 0.076805
4131.000000 0.085574
4132.000000 0.078727
4133.000000 0.072648
4134.000000 0.079620
4135.000000 0.081777
4136.000000 0.086351
4137.000000 0.081100
4138.000000 0.071206
4139.000000 0.063411
4140.000000 0.056584
4141.000000 0.066178
4142.000000 0.072521
4143.000000 0.076527
4144.000000 0.072596
4145.000000 0.071779
4146.000000 0.063181
4147.000000 0.053852
4148.000000 0.044613
4149.000000 0.044270
4150.000000 0.056027
4151.000000 0.055072
4152.000000 0.060024
4153.000000 0.053019
4154.000000 0.049113
4155.000000 0.048886
4156.000000 0.052047
4157.000000 0.059543
4158.000000 0.061878
4159.000000 0.070285
4160.000000 0.076474
4161.000000 0.072749
4162.000000 0.070813
4163.000000 0.066841
4164.000000 0.076572
4165.000000 0.071529
4166.000000 0.062749
4167.000000 0.063065
4168.000000 0.061860
4169.000000 0.063636
4170.000000 0.062842
4171.000000 0.061246
4172.000000 0.061790
4173.000000 0.057484
4174.000000 0.059910
4175.000000 0.049868
4176.000000 0.049668
4177.000000 0.050564
4178.000000 0.057742
4179.000000 0.060615
4180.000000 0.063641
4181.000000 0.082583
4182.000000 0.072885
4183.000000 0.070184
4184.000000 0.075523
4185.000000 0.070796
4186.000000 0.070012
4187.000000 0.068773
4188.000000 0.061973
4189.000000 0.057798
4190.000000 0.051760
4191.000000 0.051788
4192.000000 0.049581
4193.000000 0.048772
4194.000000 0.049376
4195.000000 0.048500
4196.000000 0.051601
4197.000000 0.045071
4198.000000 0.044825
4199.000000 0.047902
4200.000000 0.044446
4201.000000 0.050340
4202.000000 0.043481
4203.000000 0.040524
4204.000000 0.041167
4205.000000 0.041753
4206.000000 0.043408
4207.000000 0.058481
4208.000000 0.053447
4209.000000 0.065201
4210.000000 0.063275
4211.000000 0.059939
4212.000000 0.073239
4213.000000 0.081289
4214.000000 0.080993
4215.000000 0.072349
4216.000000 0.072146
4217.000000 0.063560
4218.000000 0.059237
4219.000000 0.065340
4220.000000 0.064938
4221.000000 0.059170
4222.000000 0.053863
4223.000000 0.055244
4224.000000 0.054329
4225.000000 0.058198
4226.000000 0.052417
4227.000000 0.043492
4228.000000 0.038603
4229.000000 0.066504
4230.000000 0.060295
4231.000000 0.050046
4232.000000 0.064490
4233.000000 0.070461
4234.000000 0.073229
4235.000000 0.077148
4236.000000 0.068498
4237.000000 0.066429
4238.000000 0.069557
4239.000000 0.063307
4240.000000 0.059408
4241.000000 0.069657
4242.000000 0.058829
4243.000000 0.067055
4244.000000 0.068388
4245.000000 0.064499
4246.000000 0.063957
4247.000000 0.058934
4248.000000 0.062947
4249.000000 0.064158
4250.000000 0.062128
4251.000000 0.071157
4252.000000 0.068622
4253.000000 0.068857
4254.000000 0.077178
4255.000000 0.077580
4256.000000 0.089045
4257.000000 0.081228
4258.000000 0.069850
4259.000000 0.064722
4260.000000 0.069145
4261.000000 0.065613
4262.000000 0.062721
4263.000000 0.060631
4264.000000 0.050260
4265.000000 0.049301
4266.000000 0.042519
4267.000000 0.039415
4268.000000 0.046609
4269.000000 0.049203
4270.000000 0.059778
4271.000000 0.062219
4272.000000 0.056324
4273.000000 0.065835
4274.000000 0.061569
4275.000000 0.066997
4276.000000 0.061881
4277.000000 0.064758
4278.000000 0.067734
4279.000000 0.062093
4280.000000 0.051288
4281.000000 0.044479
4282.000000 0.048732
4283.000000 0.048141
4284.000000 0.051087
4285.000000 0.058591
4286.000000 0.061243
4287.000000 0.059434
4288.000000 0.055047
4289.000000 0.055518
4290.000000 0.055272
4291.000000 0.051764
4292.000000 0.046733
4293.000000 0.040929
4294.000000 0.045496
4295.000000 0.039662
4296.000000 0.055056
4297.000000 0.066078
4298.000000 0.075211
4299.000000 0.071451
4300.000000 0.066413
4301.000000 0.071437
4302.000000 0.069504
4303.000000 0.065568
4304.000000 0.079219
4305.000000 0.073020
4306.000000 0.068407
4307.000000 0.060815
4308.000000 0.054465
4309.000000 0.054057
4310.000000 0.051287
4311.000000 0.054270
4312.000000 0.054305
4313.000000 0.051046
4314.000000 0.050438
4315.000000 0.056631
4316.000000 0.073647
4317.000000 0.067315
4318.000000 0.062059
4319.000000 0.055310
4320.000000 0.053094
4321.000000 0.075340
4322.000000 0.071738
4323.000000 0.072904
4324.000000 0.063764
4325.000000 0.074385
4326.000000 0.068130
4327.000000 0.072546
4328.000000 0.077967
4329.000000 0.070947
4330.000000 0.065411
4331.000000 0.067382
4332.000000 0.061801
4333.000000 0.067878
4334.000000 0.059292
4335.000000 0.058924
4336.000000 0.052895
4337.000000 0.061936
4338.000000 0.058599
4339.000000 0.050775
4340.000000 0.048295
4341.000000 0.050289
4342.000000 0.056766
4343.000000 0.048254
4344.000000 0.054404
4345.000000 0.048714
4346.000000 0.053117
4347.000000 0.069797
4348.000000 0.073727
4349.000000 0.072767
4350.000000 0.068463
4351.000000 0.071166
4352.000000 0.073098
4353.000000 0.086113
4354.000000 0.073779
4355.000000 0.077077
4356.000000 0.082761
4357.000000 0.077545
4358.000000 0.069446
4359.000000 0.080313
4360.000000 0.069146
4361.000000 0.068030
4362.000000 0.070584
4363.000000 0.075474
4364.000000 0.067308
4365.000000 0.070761
4366.000000 0.071188
4367.000000 0.059804
4368.000000 0.057383
4369.000000 0.059597
4370.000000 0.054928
4371.000000 0.049759
4372.000000 0.055736
4373.000000 0.052706
4374.000000 0.054197
4375.000000 0.057423
4376.000000 0.063364
4377.000000 0.063155
4378.000000 0.059221
4379.000000 0.058080
4380.000000 0.053118
4381.000000 0.046230
4382.000000 0.052466
4383.000000 0.049227
4384.000000 0.051364
4385.000000 0.058538
4386.000000 0.063769
4387.000000 0.065900
4388.000000 0.058822
4389.000000 0.070881
4390.000000 0.084215
4391.000000 0.075482
4392.000000 0.090197
4393.000000 0.076091
4394.000000 0.080485
4395.000000 0.090684
4396.000000 0.093534
4397.000000 0.104908
4398.000000 0.102738
4399.000000 0.093400
4400.000000 0.088573
4401.000000 0.077891
4402.000000 0.075324
4403.000000 0.071218
4404.000000 0.060700
4405.000000 0.056859
4406.000000 0.058529
4407.000000 0.051441
4408.000000 0.049439
4409.000000 0.051274
4410.000000 0.053487
4411.000000 0.052555
4412.000000 0.046568
4413.000000 0.051790
4414.000000 0.047991
4415.000000 0.041416
4416.000000 0.042154
4417.000000 0.035051
4418.000000 0.032870
4419.000000 0.031019
4420.000000 0.042079
4421.000000 0.048941
4422.000000 0.061944
4423.000000 0.068476
4424.000000 0.075301
4425.000000 0.072399
4426.000000 0.063831
4427.000000 0.058871
4428.000000 0.054854
4429.000000 0.052728
4430.000000 0.048930
4431.000000 0.051682
4432.000000 0.054195
4433.000000 0.053724
4434.000000 0.048759
4435.000000 0.049932
4436.000000 0.044428
4437.000000 0.039966
4438.000000 0.040897
4439.000000 0.045496
4440.000000 0.061281
4441.000000 0.056087
4442.000000 0.057978
4443.000000 0.061635
4444.000000 0.058362
4445.000000 0.064963
4446.000000 0.077069
4447.000000 0.065299
4448.000000 0.073749
4449.000000 0.073278
4450.000000 0.071780
4451.000000 0.090244
4452.000000 0.076920
4453.000000 0.079264
4454.000000 0.070170
4455.000000 0.066682
4456.000000 0.067234
4457.000000 0.065219
4458.000000 0.053913
4459.000000 0.055600
4460.000000 0.045974
4461.000000 0.043031
4462.000000 0.040462
4463.000000 0.035649
4464.000000 0.043218
4465.000000 0.036019
4466.000000 0.036594
4467.000000 0.034729
4468.000000 0.056470
4469.000000 0.063465
4470.000000 0.063739
4471.000000 0.055982
4472.000000 0.047757
4473.000000 0.058529
4474.000000 0.082122
4475.000000 0.076498
4476.000000 0.069332
4477.000000 0.065604
4478.000000 0.057892
4479.000000 0.054033
4480.000000 0.057665
4481.000000 0.049998
4482.000000 0.054913
4483.000000 0.053249
4484.000000 0.048544
4485.000000 0.043902
4486.000000 0.044770
4487.000000 0.042087
4488.000000 0.042967
4489.000000 0.048498
4490.000000 0.057183
4491.000000 0.054138
4492.000000 0.050177
4493.000000 0.067540
4494.000000 0.058153
4495.000000 0.057064
4496.000000 0.072732
4497.000000 0.087552
4498.000000 0.078605
4499.000000 0.075135
4500.000000 0.072595
4501.000000 0.060803
4502.000000 0.059140
4503.000000 0.048866
4504.000000 0.050512
4505.000000 0.057801
4506.000000 0.048934
4507.000000 0.045120
4508.000000 0.050399
4509.000000 0.043077
4510.000000 0.042132
4511.000000 0.049149
4512.000000 0.053830
4513.000000 0.053209
4514.000000 0.057408
4515.000000 0.056365
4516.000000 0.059705
4517.000000 0.068177
4518.000000 0.070306
4519.000000 0.067563
4520.000000 0.078011
4521.000000 0.077629
4522.000000 0.071566
4523.000000 0.064526
4524.000000 0.059418
4525.000000 0.061644
4526.000000 0.058699
4527.000000 0.060788
4528.000000 0.053945
4529.000000 0.055645
4530.000000 0.058396
4531.000000 0.055662
4532.000000 0.055884
4533.000000 0.054392
4534.000000 0.045081
4535.000000 0.045749
4536.000000 0.053641
4537.000000 0.062000
4538.000000 0.066621
4539.000000 0.062750
4540.000000 0.074267
4541.000000 0.085090
4542.000000 0.076327
4543.000000 0.074699
4544.000000 0.075495
4545.000000 0.062334
4546.000000 0.058106
4547.000000 0.049074
4548.000000 0.048792
4549.000000 0.048153
4550.000000 0.048050
4551.000000 0.050181
4552.000000 0.043797
4553.000000 0.046763
4554.000000 0.038785
4555.000000 0.040821
4556.000000 0.037329
4557.000000 0.035739
4558.000000 0.046836
4559.000000 0.044495
4560.000000 0.066204
4561.000000 0.057338
4562.000000 0.052766
4563.000000 0.060291
4564.000000 0.073461
4565.000000 0.070215
4566.000000 0.075657
4567.000000 0.069165
4568.000000 0.064065
4569.000000 0.057477
4570.000000 0.049884
4571.000000 0.043265
4572.000000 0.036101
4573.000000 0.032140
4574.000000 0.052576
4575.000000 0.050883
4576.000000 0.051648
4577.000000 0.048148
4578.000000 0.062146
4579.000000 0.064325
4580.000000 0.086564
4581.000000 0.093497
4582.000000 0.110997
4583.000000 0.096844
4584.000000 0.097415
4585.000000 0.091792
4586.000000 0.089345
4587.000000 0.079765
4588.000000 0.081904
4589.000000 0.077644
4590.000000 0.079411
4591.000000 0.084605
4592.000000 0.079745
4593.000000 0.104712
4594.000000 0.095180
4595.000000 0.100045
4596.000000 0.090382
4597.000000 0.091404
4598.000000 0.081943
4599.000000 0.067616
4600.000000 0.059285
4601.000000 0.058293
4602.000000 0.068682
4603.000000 0.056677
4604.000000 0.070053
4605.000000 0.060480
4606.000000 0.056792
4607.000000 0.052186
4608.000000 0.043149
4609.000000 0.037460
4610.000000 0.036323
4611.000000 0.038335
4612.000000 0.044897
4613.000000 0.051098
4614.000000 0.054396
4615.000000 0.050598
4616.000000 0.055174
4617.000000 0.051305
4618.000000 0.059412
4619.000000 0.056144
4620.000000 0.055010
4621.000000 0.061359
4622.000000 0.059314
4623.000000 0.064609
4624.000000 0.065587
4625.000000 0.069410
4626.000000 0.070705
4627.000000 0.059536
4628.000000 0.057755
4629.000000 0.067691
4630.000000 0.058859
4631.000000 0.057949
4632.000000 0.052668
4633.000000 0.049396
4634.000000 0.042669
4635.000000 0.041474
4636.000000 0.067096
4637.000000 0.068263
4638.000000 0.065989
4639.000000 0.054707
4640.000000 0.054837
4641.000000 0.059452
4642.000000 0.067293
4643.000000 0.066593
4644.000000 0.058033
4645.000000 0.067565
4646.000000 0.086867
4647.000000 0.082048
4648.000000 0.075756
4649.000000 0.071027
4650.000000 0.063674
4651.000000 0.068800
4652.000000 0.061469
4653.000000 0.053785
4654.000000 0.063429
4655.000000 0.071799
4656.000000 0.067535
4657.000000 0.056051
4658.000000 0.051724
4659.000000 0.052668
4660.000000 0.058011
4661.000000 0.051872
4662.000000 0.044366
4663.000000 0.045687
4664.000000 0.042637
4665.000000 0.048822
4666.000000 0.061171
4667.000000 0.054503
4668.000000 0.058445
4669.000000 0.061200
4670.000000 0.067114
4671.000000 0.068431
4672.000000 0.067504
4673.000000 0.066602
4674.000000 0.065451
4675.000000 0.055922
4676.000000 0.050949
4677.000000 0.070102
4678.000000 0.063536
4679.000000 0.053800
4680.000000 0.056796
4681.000000 0.048080
4682.000000 0.046531
4683.000000 0.041454
4684.000000 0.043341
4685.000000 0.044463
4686.000000 0.048580
4687.000000 0.048150
4688.000000 0.061977
4689.000000 0.057934
4690.000000 0.069921
4691.000000 0.079405
4692.000000 0.093363
4693.000000 0.086136
4694.000000 0.071109
4695.000000 0.065251
4696.000000 0.069072
4697.000000 0.065746
4698.000000 0.063450
4699.000000 0.061784
4700.000000 0.065745
4701.000000 0.062773
4702.000000 0.056305
4703.000000 0.052910
4704.000000 0.047485
4705.000000 0.041586
4706.000000 0.043688
4707.000000 0.037641
4708.000000 0.039037
4709.000000 0.044817
4710.000000 0.045786
4711.000000 0.051744
4712.000000 0.069214
4713.000000 0.069525
4714.000000 0.067419
4715.000000 0.089331
4716.000000 0.094719
4717.000000 0.082126
4718.000000 0.070584
4719.000000 0.065160
4720.000000 0.069169
4721.000000 0.058147
4722.000000 0.059324
4723.000000 0.061583
4724.000000 0.062950
4725.000000 0.056888
4726.000000 0.051972
4727.000000 0.047434
4728.000000 0.043413
4729.000000 0.045127
4730.000000 0.037481
4731.000000 0.036059
4732.000000 0.032618
4733.000000 0.041320
4734.000000 0.046917
4735.000000 0.056042
4736.000000 0.052979
4737.000000 0.072601
4738.000000 0.087800
4739.000000 0.089986
4740.000000 0.077025
4741.000000 0.089299
4742.000000 0.086425
4743.000000 0.079991
4744.000000 0.076571
4745.000000 0.075668
4746.000000 0.073843
4747.000000 0.060934
4748.000000 0.051525
4749.000000 0.042660
4750.000000 0.046530
4751.000000 0.051651
4752.000000 0.046826
4753.000000 0.038796
4754.000000 0.033239
4755.000000 0.034593
4756.000000 0.032776
4757.000000 0.043555
4758.000000 0.045297
4759.000000 0.067070
4760.000000 0.077606
4761.000000 0.067428
4762.000000 0.084974
4763.000000 0.080407
4764.000000 0.083135
4765.000000 0.076348
4766.000000 0.076495
4767.000000 0.071459
4768.000000 0.060101
4769.000000 0.066596
4770.000000 0.055149
4771.000000 0.053366
4772.000000 0.053798
4773.000000 0.046380
4774.000000 0.052191
4775.000000 0.051769
4776.000000 0.051826
4777.000000 0.047580
4778.000000 0.056655
4779.000000 0.049492
4780.000000 0.052617
4781.000000 0.054423
4782.000000 0.074064
4783.000000 0.075502
4784.000000 0.069583
4785.000000 0.057948
4786.000000 0.062072
4787.000000 0.068791
4788.000000 0.085124
4789.000000 0.074625
4790.000000 0.076497
4791.000000 0.072337
4792.000000 0.060814
4793.000000 0.058194
4794.000000 0.050347
4795.000000 0.057177
4796.000000 0.055471
4797.000000 0.055698
4798.000000 0.054829
4799.000000 0.062158
4800.000000 0.065770
4801.000000 0.066899
4802.000000 0.074317
4803.000000 0.062936
4804.000000 0.073113
4805.000000 0.065631
4806.000000 0.059225
4807.000000 0.077498
4808.000000 0.081967
4809.000000 0.071610
4810.000000 0.062835
4811.000000 0.084267
4812.000000 0.090645
4813.000000 0.084931
4814.000000 0.081649
4815.000000 0.095073
4816.000000 0.095187
4817.000000 0.096234
4818.000000 0.082960
4819.000000 0.074597
4820.000000 0.070936
4821.000000 0.068233
4822.000000 0.069671
4823.000000 0.069588
4824.000000 0.068828
4825.000000 0.061814
4826.000000 0.065449
4827.000000 0.055184
4828.000000 0.053097
4829.000000 0.050199
4830.000000 0.041680
4831.000000 0.051880
4832.000000 0.062230
4833.000000 0.053955
4834.000000 0.056207
4835.000000 0.079230
4836.000000 0.067101
4837.000000 0.063199
4838.000000 0.062343
4839.000000 0.051567
4840.000000 0.054883
4841.000000 0.056046
4842.000000 0.050778
4843.000000 0.054051
4844.000000 0.052551
4845.000000 0.046511
4846.000000 0.048758
4847.000000 0.048474
4848.000000 0.051963
4849.000000 0.050855
4850.000000 0.060123
4851.000000 0.053935
4852.000000 0.064492
4853.000000 0.071716
4854.000000 0.068346
4855.000000 0.069279
4856.000000 0.063475
4857.000000 0.066793
4858.000000 0.067198
4859.000000 0.062192
4860.000000 0.081075
4861.000000 0.073881
4862.000000 0.061160
4863.000000 0.057928
4864.000000 0.066623
4865.000000 0.071473
4866.000000 0.063668
4867.000000 0.064738
4868.000000 0.058646
4869.000000 0.049650
4870.000000 0.050820
4871.000000 0.046736
4872.000000 0.058768
4873.000000 0.057528
4874.000000 0.062848
4875.000000 0.070652
4876.000000 0.069093
4877.000000 0.074112
4878.000000 0.077636
4879.000000 0.072661
4880.000000 0.069366
4881.000000 0.061941
4882.000000 0.056357
4883.000000 0.048800
4884.000000 0.042057
4885.000000 0.047027
4886.000000 0.051074
4887.000000 0.051602
4888.000000 0.048583
4889.000000 0.067689
4890.000000 0.061109
4891.000000 0.064520
4892.000000 0.061513
4893.000000 0.073154
4894.000000 0.076428
4895.000000 0.075164
4896.000000 0.073408
4897.000000 0.076802
4898.000000 0.081958
4899.000000 0.090073
4900.000000 0.084157
4901.000000 0.083457
4902.000000 0.085659
4903.000000 0.080249
4904.000000 0.079848
4905.000000 0.072665
4906.000000 0.066753
4907.000000 0.063110
4908.000000 0.069627
4909.000000 0.068508
4910.000000 0.060301
4911.000000 0.051675
4912.000000 0.051417
4913.000000 0.055740
4914.000000 0.052324
4915.000000 0.053498
4916.000000 0.051475
4917.000000 0.043713
4918.000000 0.047510
4919.000000 0.042688
4920.000000 0.046298
4921.000000 0.050325
4922.000000 0.052261
4923.000000 0.064366
4924.000000 0.063992
4925.000000 0.059057
4926.000000 0.059469
4927.000000 0.058811
4928.000000 0.057644
4929.000000 0.056477
4930.000000 0.055656
4931.000000 0.046133
4932.000000 0.041728
4933.000000 0.051825
4934.000000 0.052146
4935.000000 0.053878
4936.000000 0.049066
4937.000000 0.044844
4938.000000 0.051750
4939.000000 0.045895
4940.000000 0.053288
4941.000000 0.049579
4942.000000 0.056947
4943.000000 0.068718
4944.000000 0.067304
4945.000000 0.059854
4946.000000 0.052310
4947.000000 0.045504
4948.000000 0.048061
4949.000000 0.050301
4950.000000 0.045608
4951.000000 0.046362
4952.000000 0.059551
4953.000000 0.056818
4954.000000 0.055224
4955.000000 0.057349
4956.000000 0.052573
4957.000000 0.047578
4958.000000 0.049544
4959.000000 0.047913
4960.000000 0.042338
4961.000000 0.046412
4962.000000 0.054764
4963.000000 0.063085
4964.000000 0.067304
4965.000000 0.067118
4966.000000 0.078947
4967.000000 0.071193
4968.000000 0.073280
4969.000000 0.064550
4970.000000 0.065514
4971.000000 0.058626
4972.000000 0.053494
4973.000000 0.052828
4974.000000 0.048197
4975.000000 0.046007
4976.000000 0.041909
4977.000000 0.046195
4978.000000 0.045367
4979.000000 0.046916
4980.000000 0.046081
4981.000000 0.043224
4982.000000 0.041752
4983.000000 0.050513
4984.000000 0.062448
4985.000000 0.078959
4986.000000 0.067923
4987.000000 0.071321
4988.000000 0.072233
4989.000000 0.065348
4990.000000 0.067131
4991.000000 0.068098
4992.000000 0.060202
4993.000000 0.062236
4994.000000 0.065782
4995.000000 0.061341
4996.000000 0.062727
4997.000000 0.053754
4998.000000 0.052920
4999.000000 0.045656
5000.000000 0.048804
