501.000000 0.037166
502.000000 0.037183
503.000000 0.032880
504.000000 0.038633
505.000000 0.039367
506.000000 0.042041
507.000000 0.040394
508.000000 0.042527
509.000000 0.040638
510.000000 0.040290
511.000000 0.044028
512.000000 0.040295
513.000000 0.038534
514.000000 0.041764
515.000000 0.037794
516.000000 0.038395
517.000000 0.041139
518.000000 0.039448
519.000000 0.034568
520.000000 0.034441
521.000000 0.031592
522.000000 0.027892
523.000000 0.026796
524.000000 0.029216
525.000000 0.037468
526.000000 0.041079
527.000000 0.038456
528.000000 0.036240
529.000000 0.039224
530.000000 0.042409
531.000000 0.040069
532.000000 0.034505
533.000000 0.031156
534.000000 0.033606
535.000000 0.037368
536.000000 0.035526
537.000000 0.031304
538.000000 0.027660
539.000000 0.033376
540.000000 0.037798
541.000000 0.036341
542.000000 0.030158
543.000000 0.034897
544.000000 0.044437
545.000000 0.041527
546.000000 0.042826
547.000000 0.038891
548.000000 0.038749
549.000000 0.035341
550.000000 0.031759
551.000000 0.031576
552.000000 0.031629
553.000000 0.034535
554.000000 0.038881
555.000000 0.034010
556.000000 0.038207
557.000000 0.036967
558.000000 0.038382
559.000000 0.037690
560.000000 0.031292
561.000000 0.034792
562.000000 0.038344
563.000000 0.037388
564.000000 0.039175
565.000000 0.046863
566.000000 0.044525
567.000000 0.037670
568.000000 0.032451
569.000000 0.027533
570.000000 0.029819
571.000000 0.027160
572.000000 0.029210
573.000000 0.029194
574.000000 0.028862
575.000000 0.028024
576.000000 0.032330
577.000000 0.036367
578.000000 0.041583
579.000000 0.037608
580.000000 0.040111
581.000000 0.040363
582.000000 0.039698
583.000000 0.042534
584.000000 0.037721
585.000000 0.038065
586.000000 0.039821
587.000000 0.039827
588.000000 0.041340
589.000000 0.040536
590.000000 0.042423
591.000000 0.035129
592.000000 0.037000
593.000000 0.035994
594.000000 0.033611
595.000000 0.028853
596.000000 0.030196
597.000000 0.026555
598.000000 0.032916
599.000000 0.033108
600.000000 0.031900
601.000000 0.037514
602.000000 0.032508
603.000000 0.033094
604.000000 0.033836
605.000000 0.040679
606.000000 0.043559
607.000000 0.049015
608.000000 0.047940
609.000000 0.043294
610.000000 0.041533
611.000000 0.042620
612.000000 0.044985
613.000000 0.038806
614.000000 0.037784
615.000000 0.036389
616.000000 0.033471
617.000000 0.033359
618.000000 0.031102
619.000000 0.033247
620.000000 0.031658
621.000000 0.034940
622.000000 0.033398
623.000000 0.035436
624.000000 0.038737
625.000000 0.039956
626.000000 0.042553
627.000000 0.041372
628.000000 0.042107
629.000000 0.041035
630.000000 0.038816
631.000000 0.034161
632.000000 0.041002
633.000000 0.035245
634.000000 0.033230
635.000000 0.030454
636.000000 0.033457
637.000000 0.028576
638.000000 0.032704
639.000000 0.033339
640.000000 0.034433
641.000000 0.028589
642.000000 0.029537
643.000000 0.028422
644.000000 0.032057
645.000000 0.035832
646.000000 0.033408
647.000000 0.035386
648.000000 0.037467
649.000000 0.034605
650.000000 0.039516
651.000000 0.041196
652.000000 0.036335
653.000000 0.039988
654.000000 0.042914
655.000000 0.036171
656.000000 0.038300
657.000000 0.040505
658.000000 0.039070
659.000000 0.035663
660.000000 0.035107
661.000000 0.040681
662.000000 0.041640
663.000000 0.034506
664.000000 0.031332
665.000000 0.034638
666.000000 0.034380
667.000000 0.038466
668.000000 0.035983
669.000000 0.033128
670.000000 0.029302
671.000000 0.037644
672.000000 0.033770
673.000000 0.039630
674.000000 0.038424
675.000000 0.036823
676.000000 0.036433
677.000000 0.039910
678.000000 0.039488
679.000000 0.037051
680.000000 0.038019
681.000000 0.038670
682.000000 0.040048
683.000000 0.040614
684.000000 0.042163
685.000000 0.040256
686.000000 0.036686
687.000000 0.039700
688.000000 0.037660
689.000000 0.038064
690.000000 0.036181
691.000000 0.034425
692.000000 0.035086
693.000000 0.033452
694.000000 0.034476
695.000000 0.034863
696.000000 0.036473
697.000000 0.034792
698.000000 0.037006
699.000000 0.037928
700.000000 0.036642
701.000000 0.036626
702.000000 0.036265
703.000000 0.032686
704.000000 0.032574
705.000000 0.029847
706.000000 0.035602
707.000000 0.032819
708.000000 0.036925
709.000000 0.034778
710.000000 0.034797
711.000000 0.033515
712.000000 0.037154
713.000000 0.034647
714.000000 0.039437
715.000000 0.034916
716.000000 0.039530
717.000000 0.038249
718.000000 0.037047
719.000000 0.037143
720.000000 0.034474
721.000000 0.034031
722.000000 0.034639
723.000000 0.030346
724.000000 0.035771
725.000000 0.037343
726.000000 0.038151
727.000000 0.032274
728.000000 0.031732
729.000000 0.035705
730.000000 0.047968
731.000000 0.044710
732.000000 0.046252
733.000000 0.048429
734.000000 0.042051
735.000000 0.037426
736.000000 0.042535
737.000000 0.039482
738.000000 0.036560
739.000000 0.033740
740.000000 0.034401
741.000000 0.034591
742.000000 0.032366
743.000000 0.028950
744.000000 0.027911
745.000000 0.027734
746.000000 0.030823
747.000000 0.043063
748.000000 0.041966
749.000000 0.043401
750.000000 0.038225
751.000000 0.037735
752.000000 0.032502
753.000000 0.035324
754.000000 0.037331
755.000000 0.037910
756.000000 0.033949
757.000000 0.038105
758.000000 0.036373
759.000000 0.035501
760.000000 0.032026
761.000000 0.036704
762.000000 0.035952
763.000000 0.036411
764.000000 0.036957
765.000000 0.036886
766.000000 0.037737
767.000000 0.042074
768.000000 0.042274
769.000000 0.039996
770.000000 0.040022
771.000000 0.042489
772.000000 0.039360
773.000000 0.040285
774.000000 0.036450
775.000000 0.037079
776.000000 0.034704
777.000000 0.036474
778.000000 0.034052
779.000000 0.035471
780.000000 0.040647
781.000000 0.035645
782.000000 0.039313
783.000000 0.044759
784.000000 0.043676
785.000000 0.043957
786.000000 0.041702
787.000000 0.044271
788.000000 0.041537
789.000000 0.042828
790.000000 0.038459
791.000000 0.037754
792.000000 0.034881
793.000000 0.036421
794.000000 0.035093
795.000000 0.037004
796.000000 0.038033
797.000000 0.036816
798.000000 0.039500
799.000000 0.036237
800.000000 0.031221
801.000000 0.034675
802.000000 0.034664
803.000000 0.031400
804.000000 0.035552
805.000000 0.040770
806.000000 0.038386
807.000000 0.036401
808.000000 0.034806
809.000000 0.031959
810.000000 0.033644
811.000000 0.036318
812.000000 0.041283
813.000000 0.039521
814.000000 0.038639
815.000000 0.035541
816.000000 0.032944
817.000000 0.030017
818.000000 0.029231
819.000000 0.035390
820.000000 0.033452
821.000000 0.031548
822.000000 0.036301
823.000000 0.031572
824.000000 0.035893
825.000000 0.036108
826.000000 0.036735
827.000000 0.034447
828.000000 0.033859
829.000000 0.040092
830.000000 0.033211
831.000000 0.031601
832.000000 0.034500
833.000000 0.039883
834.000000 0.037781
835.000000 0.037832
836.000000 0.035258
837.000000 0.041757
838.000000 0.043100
839.000000 0.039912
840.000000 0.038983
841.000000 0.042052
842.000000 0.037526
843.000000 0.033420
844.000000 0.036265
845.000000 0.039058
846.000000 0.039534
847.000000 0.037390
848.000000 0.037434
849.000000 0.037614
850.000000 0.036762
851.000000 0.037034
852.000000 0.041734
853.000000 0.034956
854.000000 0.035071
855.000000 0.039598
856.000000 0.039539
857.000000 0.043150
858.000000 0.040639
859.000000 0.036095
860.000000 0.035953
861.000000 0.040060
862.000000 0.038012
863.000000 0.034425
864.000000 0.033373
865.000000 0.032881
866.000000 0.035353
867.000000 0.037553
868.000000 0.039035
869.000000 0.035834
870.000000 0.038135
871.000000 0.043966
872.000000 0.038270
873.000000 0.036466
874.000000 0.038728
875.000000 0.043070
876.000000 0.044193
877.000000 0.040168
878.000000 0.038327
879.000000 0.034092
880.000000 0.032248
881.000000 0.032440
882.000000 0.031748
883.000000 0.031013
884.000000 0.032034
885.000000 0.033700
886.000000 0.033956
887.000000 0.030527
888.000000 0.031615
889.000000 0.033953
890.000000 0.043767
891.000000 0.039397
892.000000 0.035686
893.000000 0.039718
894.000000 0.037889
895.000000 0.041082
896.000000 0.039566
897.000000 0.036234
898.000000 0.038461
899.000000 0.041779
900.000000 0.039602
901.000000 0.037284
902.000000 0.036862
903.000000 0.033766
904.000000 0.038177
905.000000 0.032653
906.000000 0.032157
907.000000 0.032148
908.000000 0.033025
909.000000 0.034167
910.000000 0.037070
911.000000 0.037490
912.000000 0.034126
913.000000 0.032918
914.000000 0.037035
915.000000 0.037180
916.000000 0.032431
917.000000 0.033465
918.000000 0.030460
919.000000 0.027419
920.000000 0.031830
921.000000 0.035925
922.000000 0.042029
923.000000 0.041562
924.000000 0.037820
925.000000 0.045421
926.000000 0.038595
927.000000 0.035351
928.000000 0.036088
929.000000 0.038044
930.000000 0.034752
931.000000 0.034054
932.000000 0.031467
933.000000 0.038396
934.000000 0.034995
935.000000 0.035800
936.000000 0.037165
937.000000 0.034037
938.000000 0.037067
939.000000 0.036795
940.000000 0.040170
941.000000 0.040896
942.000000 0.034680
943.000000 0.036055
944.000000 0.038961
945.000000 0.036390
946.000000 0.034183
947.000000 0.030323
948.000000 0.036731
949.000000 0.038215
950.000000 0.042247
951.000000 0.037738
952.000000 0.036729
953.000000 0.038470
954.000000 0.039671
955.000000 0.038433
956.000000 0.036644
957.000000 0.038499
958.000000 0.034576
959.000000 0.036064
960.000000 0.037325
961.000000 0.040198
962.000000 0.037711
963.000000 0.037069
964.000000 0.036126
965.000000 0.033932
966.000000 0.033992
967.000000 0.031301
968.000000 0.028057
969.000000 0.035561
970.000000 0.036456
971.000000 0.031928
972.000000 0.034687
973.000000 0.033280
974.000000 0.036492
975.000000 0.035366
976.000000 0.034263
977.000000 0.032082
978.000000 0.033577
979.000000 0.033179
980.000000 0.031105
981.000000 0.036920
982.000000 0.035330
983.000000 0.034567
984.000000 0.033275
985.000000 0.030308
986.000000 0.037540
987.000000 0.045326
988.000000 0.045061
989.000000 0.040525
990.000000 0.042055
991.000000 0.047700
992.000000 0.046284
993.000000 0.046131
994.000000 0.043125
995.000000 0.038839
996.000000 0.036143
997.000000 0.033744
998.000000 0.031989
999.000000 0.030997
1000.000000 0.034891
1001.000000 0.042957
1002.000000 0.038976
1003.000000 0.035026
1004.000000 0.031361
1005.000000 0.031422
1006.000000 0.028831
1007.000000 0.032903
1008.000000 0.030028
1009.000000 0.033374
1010.000000 0.034648
1011.000000 0.035210
1012.000000 0.037141
1013.000000 0.038088
1014.000000 0.038989
1015.000000 0.034692
1016.000000 0.032427
1017.000000 0.035129
1018.000000 0.038783
1019.000000 0.040861
1020.000000 0.042253
1021.000000 0.040369
1022.000000 0.038899
1023.000000 0.040966
1024.000000 0.035788
1025.000000 0.039360
1026.000000 0.039878
1027.000000 0.043329
1028.000000 0.048935
1029.000000 0.048484
1030.000000 0.041619
1031.000000 0.040724
1032.000000 0.038830
1033.000000 0.037609
1034.000000 0.038409
1035.000000 0.038601
1036.000000 0.035545
1037.000000 0.034204
1038.000000 0.033739
1039.000000 0.038039
1040.000000 0.032482
1041.000000 0.031832
1042.000000 0.026591
1043.000000 0.032623
1044.000000 0.034672
1045.000000 0.032339
1046.000000 0.036412
1047.000000 0.041196
1048.000000 0.040109
1049.000000 0.037301
1050.000000 0.035361
1051.000000 0.039239
1052.000000 0.040980
1053.000000 0.044997
1054.000000 0.041391
1055.000000 0.037493
1056.000000 0.040109
1057.000000 0.041592
1058.000000 0.037685
1059.000000 0.031228
1060.000000 0.030091
1061.000000 0.029054
1062.000000 0.027491
1063.000000 0.027611
1064.000000 0.027483
1065.000000 0.031773
1066.000000 0.036477
1067.000000 0.037960
1068.000000 0.043779
1069.000000 0.037920
1070.000000 0.036453
1071.000000 0.035189
1072.000000 0.040259
1073.000000 0.041141
1074.000000 0.039448
1075.000000 0.040441
1076.000000 0.041406
1077.000000 0.038113
1078.000000 0.035782
1079.000000 0.036453
1080.000000 0.032604
1081.000000 0.035566
1082.000000 0.040790
1083.000000 0.039258
1084.000000 0.035812
1085.000000 0.036215
1086.000000 0.031078
1087.000000 0.035667
1088.000000 0.036196
1089.000000 0.036133
1090.000000 0.037026
1091.000000 0.036882
1092.000000 0.038942
1093.000000 0.037395
1094.000000 0.032840
1095.000000 0.040538
1096.000000 0.037697
1097.000000 0.035174
1098.000000 0.034609
1099.000000 0.038387
1100.000000 0.037079
1101.000000 0.039024
1102.000000 0.045118
1103.000000 0.037313
1104.000000 0.034446
1105.000000 0.035500
1106.000000 0.035152
1107.000000 0.035498
1108.000000 0.040969
1109.000000 0.042503
1110.000000 0.036519
1111.000000 0.038515
1112.000000 0.040741
1113.000000 0.037787
1114.000000 0.036158
1115.000000 0.037450
1116.000000 0.038262
1117.000000 0.035804
1118.000000 0.033295
1119.000000 0.036104
1120.000000 0.037693
1121.000000 0.033158
1122.000000 0.037522
1123.000000 0.034774
1124.000000 0.036673
1125.000000 0.036985
1126.000000 0.041065
1127.000000 0.042857
1128.000000 0.043030
1129.000000 0.040898
1130.000000 0.040519
1131.000000 0.035624
1132.000000 0.031129
1133.000000 0.034431
1134.000000 0.034059
1135.000000 0.033981
1136.000000 0.030936
1137.000000 0.035443
1138.000000 0.039044
1139.000000 0.039416
1140.000000 0.039741
1141.000000 0.039219
1142.000000 0.036578
1143.000000 0.033456
1144.000000 0.036845
1145.000000 0.037222
1146.000000 0.038450
1147.000000 0.035703
1148.000000 0.033347
1149.000000 0.031128
1150.000000 0.031553
1151.000000 0.036175
1152.000000 0.034074
1153.000000 0.036633
1154.000000 0.032420
1155.000000 0.041849
1156.000000 0.039095
1157.000000 0.046349
1158.000000 0.048331
1159.000000 0.047563
1160.000000 0.042181
1161.000000 0.040373
1162.000000 0.039276
1163.000000 0.040583
1164.000000 0.035067
1165.000000 0.032813
1166.000000 0.040686
1167.000000 0.037068
1168.000000 0.033226
1169.000000 0.034633
1170.000000 0.034975
1171.000000 0.036993
1172.000000 0.034057
1173.000000 0.037663
1174.000000 0.040277
1175.000000 0.040590
1176.000000 0.041153
1177.000000 0.041775
1178.000000 0.037231
1179.000000 0.036437
1180.000000 0.035051
1181.000000 0.033296
1182.000000 0.031303
1183.000000 0.042791
1184.000000 0.038016
1185.000000 0.041023
1186.000000 0.039542
1187.000000 0.037093
1188.000000 0.033834
1189.000000 0.034780
1190.000000 0.036117
1191.000000 0.034232
1192.000000 0.029690
1193.000000 0.031916
1194.000000 0.033265
1195.000000 0.037544
1196.000000 0.040074
1197.000000 0.046189
1198.000000 0.042015
1199.000000 0.041239
1200.000000 0.036223
1201.000000 0.035100
1202.000000 0.033013
1203.000000 0.029425
1204.000000 0.034788
1205.000000 0.035228
1206.000000 0.037664
1207.000000 0.036216
1208.000000 0.043968
1209.000000 0.040294
1210.000000 0.039184
1211.000000 0.040005
1212.000000 0.041029
1213.000000 0.036677
1214.000000 0.038007
1215.000000 0.034749
1216.000000 0.036764
1217.000000 0.038715
1218.000000 0.036499
1219.000000 0.038082
1220.000000 0.038241
1221.000000 0.039444
1222.000000 0.038159
1223.000000 0.033450
1224.000000 0.035532
1225.000000 0.033986
1226.000000 0.033563
1227.000000 0.037247
1228.000000 0.035250
1229.000000 0.041580
1230.000000 0.037729
1231.000000 0.044210
1232.000000 0.042927
1233.000000 0.037668
1234.000000 0.034384
1235.000000 0.036998
1236.000000 0.034725
1237.000000 0.032686
1238.000000 0.040026
1239.000000 0.045199
1240.000000 0.043781
1241.000000 0.038640
1242.000000 0.036026
1243.000000 0.036764
1244.000000 0.038689
1245.000000 0.035530
1246.000000 0.037895
1247.000000 0.042123
1248.000000 0.039856
1249.000000 0.039209
1250.000000 0.034157
1251.000000 0.033725
1252.000000 0.032782
1253.000000 0.032657
1254.000000 0.034265
1255.000000 0.031710
1256.000000 0.038315
1257.000000 0.038665
1258.000000 0.040087
1259.000000 0.041128
1260.000000 0.045916
1261.000000 0.041651
1262.000000 0.038346
1263.000000 0.036392
1264.000000 0.033308
1265.000000 0.028509
1266.000000 0.031651
1267.000000 0.035967
1268.000000 0.034737
1269.000000 0.036072
1270.000000 0.034049
1271.000000 0.041479
1272.000000 0.054960
1273.000000 0.049911
1274.000000 0.041879
1275.000000 0.038573
1276.000000 0.035140
1277.000000 0.035313
1278.000000 0.038316
1279.000000 0.037862
1280.000000 0.037425
1281.000000 0.032559
1282.000000 0.034287
1283.000000 0.033384
1284.000000 0.034206
1285.000000 0.031383
1286.000000 0.037067
1287.000000 0.040047
1288.000000 0.040288
1289.000000 0.045460
1290.000000 0.039779
1291.000000 0.036178
1292.000000 0.033218
1293.000000 0.031879
1294.000000 0.044499
1295.000000 0.036845
1296.000000 0.032737
1297.000000 0.032358
1298.000000 0.033710
1299.000000 0.037931
1300.000000 0.035735
1301.000000 0.036161
1302.000000 0.037042
1303.000000 0.036656
1304.000000 0.035050
1305.000000 0.032753
1306.000000 0.029374
1307.000000 0.031093
1308.000000 0.033869
1309.000000 0.043338
1310.000000 0.044803
1311.000000 0.037072
1312.000000 0.037963
1313.000000 0.038754
1314.000000 0.036057
1315.000000 0.033029
1316.000000 0.034817
1317.000000 0.036899
1318.000000 0.032632
1319.000000 0.033186
1320.000000 0.033243
1321.000000 0.034842
1322.000000 0.031708
1323.000000 0.033959
1324.000000 0.028185
1325.000000 0.029440
1326.000000 0.039976
1327.000000 0.043398
1328.000000 0.038876
1329.000000 0.036970
1330.000000 0.044371
1331.000000 0.039678
1332.000000 0.037588
1333.000000 0.035976
1334.000000 0.041830
1335.000000 0.041915
1336.000000 0.038736
1337.000000 0.038713
1338.000000 0.036761
1339.000000 0.035172
1340.000000 0.036229
1341.000000 0.038558
1342.000000 0.036773
1343.000000 0.035888
1344.000000 0.030718
1345.000000 0.030925
1346.000000 0.041950
1347.000000 0.046274
1348.000000 0.040347
1349.000000 0.045957
1350.000000 0.041266
1351.000000 0.042959
1352.000000 0.038924
1353.000000 0.033506
1354.000000 0.035444
1355.000000 0.038001
1356.000000 0.043966
1357.000000 0.041404
1358.000000 0.034713
1359.000000 0.041376
1360.000000 0.038019
1361.000000 0.039178
1362.000000 0.036834
1363.000000 0.032960
1364.000000 0.036108
1365.000000 0.031712
1366.000000 0.035037
1367.000000 0.039108
1368.000000 0.033279
1369.000000 0.032841
1370.000000 0.031645
1371.000000 0.030514
1372.000000 0.034835
1373.000000 0.044936
1374.000000 0.047915
1375.000000 0.048485
1376.000000 0.047883
1377.000000 0.040652
1378.000000 0.037449
1379.000000 0.039775
1380.000000 0.036289
1381.000000 0.034232
1382.000000 0.033790
1383.000000 0.032519
1384.000000 0.028661
1385.000000 0.035699
1386.000000 0.037769
1387.000000 0.039412
1388.000000 0.035613
1389.000000 0.040755
1390.000000 0.038926
1391.000000 0.041307
1392.000000 0.038540
1393.000000 0.038537
1394.000000 0.036307
1395.000000 0.038761
1396.000000 0.033435
1397.000000 0.030901
1398.000000 0.033125
1399.000000 0.037427
1400.000000 0.036778
1401.000000 0.031025
1402.000000 0.031126
1403.000000 0.034816
1404.000000 0.041138
1405.000000 0.038605
1406.000000 0.035249
1407.000000 0.035587
1408.000000 0.030246
1409.000000 0.033874
1410.000000 0.031533
1411.000000 0.032505
1412.000000 0.033394
1413.000000 0.034832
1414.000000 0.037185
1415.000000 0.037537
1416.000000 0.038531
1417.000000 0.041047
1418.000000 0.047158
1419.000000 0.047035
1420.000000 0.048211
1421.000000 0.045721
1422.000000 0.043180
1423.000000 0.037319
1424.000000 0.038683
1425.000000 0.041202
1426.000000 0.038394
1427.000000 0.032966
1428.000000 0.038017
1429.000000 0.040265
1430.000000 0.040950
1431.000000 0.041524
1432.000000 0.036949
1433.000000 0.045808
1434.000000 0.039377
1435.000000 0.035025
1436.000000 0.034168
1437.000000 0.034474
1438.000000 0.030884
1439.000000 0.029937
1440.000000 0.031228
1441.000000 0.032340
1442.000000 0.037212
1443.000000 0.033546
1444.000000 0.033724
1445.000000 0.033631
1446.000000 0.038196
1447.000000 0.045591
1448.000000 0.047695
1449.000000 0.043790
1450.000000 0.042472
1451.000000 0.045602
1452.000000 0.044230
1453.000000 0.038393
1454.000000 0.037615
1455.000000 0.035387
1456.000000 0.033107
1457.000000 0.029524
1458.000000 0.034432
1459.000000 0.032881
1460.000000 0.031437
1461.000000 0.028448
1462.000000 0.030320
1463.000000 0.029571
1464.000000 0.037090
1465.000000 0.037058
1466.000000 0.032631
1467.000000 0.038105
1468.000000 0.040379
1469.000000 0.041916
1470.000000 0.047584
1471.000000 0.049151
1472.000000 0.041634
1473.000000 0.036888
1474.000000 0.033328
1475.000000 0.027878
1476.000000 0.034929
1477.000000 0.033227
1478.000000 0.035813
1479.000000 0.037859
1480.000000 0.033677
1481.000000 0.034465
1482.000000 0.031094
1483.000000 0.029676
1484.000000 0.032965
1485.000000 0.042670
1486.000000 0.038954
1487.000000 0.038897
1488.000000 0.041487
1489.000000 0.044957
1490.000000 0.041944
1491.000000 0.038780
1492.000000 0.035334
1493.000000 0.033080
1494.000000 0.032527
1495.000000 0.030060
1496.000000 0.031413
1497.000000 0.029896
1498.000000 0.037446
1499.000000 0.040070
1500.000000 0.039144
1501.000000 0.039903
1502.000000 0.036035
1503.000000 0.040892
1504.000000 0.037187
1505.000000 0.041032
1506.000000 0.043424
1507.000000 0.037344
1508.000000 0.037429
1509.000000 0.037147
1510.000000 0.036718
1511.000000 0.032881
1512.000000 0.040420
1513.000000 0.038720
1514.000000 0.036327
1515.000000 0.035057
1516.000000 0.032304
1517.000000 0.034699
1518.000000 0.035138
1519.000000 0.032229
1520.000000 0.029653
1521.000000 0.029553
1522.000000 0.030703
1523.000000 0.032708
1524.000000 0.029953
1525.000000 0.030814
1526.000000 0.040638
1527.000000 0.049014
1528.000000 0.045747
1529.000000 0.046921
1530.000000 0.042292
1531.000000 0.046976
1532.000000 0.043632
1533.000000 0.043517
1534.000000 0.040245
1535.000000 0.036794
1536.000000 0.031222
1537.000000 0.027924
1538.000000 0.026384
1539.000000 0.022259
1540.000000 0.027305
1541.000000 0.028039
1542.000000 0.032483
1543.000000 0.037323
1544.000000 0.043101
1545.000000 0.046116
1546.000000 0.051702
1547.000000 0.051994
1548.000000 0.050309
1549.000000 0.047245
1550.000000 0.041252
1551.000000 0.036814
1552.000000 0.038358
1553.000000 0.038035
1554.000000 0.034549
1555.000000 0.032653
1556.000000 0.030759
1557.000000 0.028278
1558.000000 0.028565
1559.000000 0.031837
1560.000000 0.032970
1561.000000 0.031248
1562.000000 0.027445
1563.000000 0.031379
1564.000000 0.034134
1565.000000 0.040860
1566.000000 0.041498
1567.000000 0.042842
1568.000000 0.041369
1569.000000 0.043588
1570.000000 0.050471
1571.000000 0.045600
1572.000000 0.042722
1573.000000 0.044455
1574.000000 0.036783
1575.000000 0.036213
1576.000000 0.038004
1577.000000 0.043699
1578.000000 0.039415
1579.000000 0.040156
1580.000000 0.037773
1581.000000 0.033209
1582.000000 0.036056
1583.000000 0.032200
1584.000000 0.028666
1585.000000 0.026933
1586.000000 0.026189
1587.000000 0.028314
1588.000000 0.034209
1589.000000 0.039379
1590.000000 0.037415
1591.000000 0.036004
1592.000000 0.033976
1593.000000 0.035471
1594.000000 0.032780
1595.000000 0.031684
1596.000000 0.034143
1597.000000 0.030932
1598.000000 0.035045
1599.000000 0.033512
1600.000000 0.029114
1601.000000 0.030073
1602.000000 0.044370
1603.000000 0.039646
1604.000000 0.041316
1605.000000 0.037793
1606.000000 0.040874
1607.000000 0.039137
1608.000000 0.044900
1609.000000 0.040444
1610.000000 0.037878
1611.000000 0.032964
1612.000000 0.038916
1613.000000 0.041446
1614.000000 0.043348
1615.000000 0.040701
1616.000000 0.045985
1617.000000 0.044750
1618.000000 0.042959
1619.000000 0.042669
1620.000000 0.036853
1621.000000 0.030583
1622.000000 0.032529
1623.000000 0.034963
1624.000000 0.034328
1625.000000 0.032728
1626.000000 0.033735
1627.000000 0.037129
1628.000000 0.042122
1629.000000 0.040445
1630.000000 0.039135
1631.000000 0.042578
1632.000000 0.049522
1633.000000 0.042855
1634.000000 0.038059
1635.000000 0.037149
1636.000000 0.033598
1637.000000 0.034447
1638.000000 0.033374
1639.000000 0.033574
1640.000000 0.033110
1641.000000 0.032433
1642.000000 0.030252
1643.000000 0.035948
1644.000000 0.039141
1645.000000 0.035048
1646.000000 0.033979
1647.000000 0.032937
1648.000000 0.029053
1649.000000 0.028561
1650.000000 0.026117
1651.000000 0.028765
1652.000000 0.029662
1653.000000 0.036285
1654.000000 0.040264
1655.000000 0.041364
1656.000000 0.040689
1657.000000 0.038547
1658.000000 0.039360
1659.000000 0.036969
1660.000000 0.038878
1661.000000 0.043137
1662.000000 0.043474
1663.000000 0.037305
1664.000000 0.039096
1665.000000 0.038925
1666.000000 0.038033
1667.000000 0.037325
1668.000000 0.037610
1669.000000 0.035776
1670.000000 0.037149
1671.000000 0.034886
1672.000000 0.036607
1673.000000 0.037323
1674.000000 0.040484
1675.000000 0.040683
1676.000000 0.043529
1677.000000 0.040035
1678.000000 0.037045
1679.000000 0.033330
1680.000000 0.032850
1681.000000 0.035004
1682.000000 0.034097
1683.000000 0.030573
1684.000000 0.030599
1685.000000 0.031240
1686.000000 0.030689
1687.000000 0.031399
1688.000000 0.034927
1689.000000 0.033333
1690.000000 0.031748
1691.000000 0.038489
1692.000000 0.035301
1693.000000 0.032370
1694.000000 0.033740
1695.000000 0.035378
1696.000000 0.034900
1697.000000 0.035916
1698.000000 0.040055
1699.000000 0.042351
1700.000000 0.043850
1701.000000 0.045577
1702.000000 0.043558
1703.000000 0.044190
1704.000000 0.044226
1705.000000 0.036623
1706.000000 0.032376
1707.000000 0.037539
1708.000000 0.032817
1709.000000 0.032090
1710.000000 0.028376
1711.000000 0.028542
1712.000000 0.031524
1713.000000 0.037887
1714.000000 0.033944
1715.000000 0.035056
1716.000000 0.039514
1717.000000 0.034467
1718.000000 0.034232
1719.000000 0.037321
1720.000000 0.038255
1721.000000 0.037175
1722.000000 0.037733
1723.000000 0.041929
1724.000000 0.040316
1725.000000 0.046680
1726.000000 0.053410
1727.000000 0.045124
1728.000000 0.039304
1729.000000 0.046446
1730.000000 0.038411
1731.000000 0.034629
1732.000000 0.028747
1733.000000 0.032768
1734.000000 0.033539
1735.000000 0.035253
1736.000000 0.036992
1737.000000 0.032241
1738.000000 0.033597
1739.000000 0.035008
1740.000000 0.034385
1741.000000 0.034227
1742.000000 0.036387
1743.000000 0.033924
1744.000000 0.039024
1745.000000 0.034922
1746.000000 0.039421
1747.000000 0.037416
1748.000000 0.042370
1749.000000 0.042066
1750.000000 0.042724
1751.000000 0.042290
1752.000000 0.035291
1753.000000 0.037417
1754.000000 0.041264
1755.000000 0.036339
1756.000000 0.038805
1757.000000 0.038365
1758.000000 0.041913
1759.000000 0.039118
1760.000000 0.040061
1761.000000 0.035405
1762.000000 0.032155
1763.000000 0.028039
1764.000000 0.030761
1765.000000 0.026427
1766.000000 0.028035
1767.000000 0.034971
1768.000000 0.036536
1769.000000 0.037234
1770.000000 0.036877
1771.000000 0.039516
1772.000000 0.043953
1773.000000 0.045501
1774.000000 0.042242
1775.000000 0.038780
1776.000000 0.039597
1777.000000 0.035382
1778.000000 0.036839
1779.000000 0.033176
1780.000000 0.031903
1781.000000 0.030026
1782.000000 0.026629
1783.000000 0.025570
1784.000000 0.023834
1785.000000 0.031556
1786.000000 0.034656
1787.000000 0.032223
1788.000000 0.034326
1789.000000 0.035612
1790.000000 0.037437
1791.000000 0.036884
1792.000000 0.042657
1793.000000 0.040744
1794.000000 0.045431
1795.000000 0.043023
1796.000000 0.040998
1797.000000 0.039028
1798.000000 0.041236
1799.000000 0.041439
1800.000000 0.040383
1801.000000 0.036949
1802.000000 0.033950
1803.000000 0.029679
1804.000000 0.036363
1805.000000 0.039003
1806.000000 0.038045
1807.000000 0.035403
1808.000000 0.032947
1809.000000 0.036645
1810.000000 0.033648
1811.000000 0.029414
1812.000000 0.032876
1813.000000 0.033695
1814.000000 0.036269
1815.000000 0.030820
1816.000000 0.029609
1817.000000 0.035695
1818.000000 0.038600
1819.000000 0.042228
1820.000000 0.041693
1821.000000 0.043435
1822.000000 0.042983
1823.000000 0.049771
1824.000000 0.051306
1825.000000 0.045436
1826.000000 0.046160
1827.000000 0.043144
1828.000000 0.040037
1829.000000 0.035293
1830.000000 0.033714
1831.000000 0.033442
1832.000000 0.029916
1833.000000 0.034438
1834.000000 0.032465
1835.000000 0.032532
1836.000000 0.035163
1837.000000 0.036530
1838.000000 0.034749
1839.000000 0.037926
1840.000000 0.035579
1841.000000 0.036070
1842.000000 0.037088
1843.000000 0.033228
1844.000000 0.037639
1845.000000 0.035730
1846.000000 0.039546
1847.000000 0.035209
1848.000000 0.033475
1849.000000 0.034299
1850.000000 0.035986
1851.000000 0.031175
1852.000000 0.035803
1853.000000 0.034322
1854.000000 0.030448
1855.000000 0.034065
1856.000000 0.035764
1857.000000 0.041547
1858.000000 0.043328
1859.000000 0.043057
1860.000000 0.046232
1861.000000 0.039477
1862.000000 0.038493
1863.000000 0.043396
1864.000000 0.059854
1865.000000 0.053515
1866.000000 0.047470
1867.000000 0.053775
1868.000000 0.047328
1869.000000 0.042655
1870.000000 0.040165
1871.000000 0.038835
1872.000000 0.036232
1873.000000 0.038800
1874.000000 0.039154
1875.000000 0.036635
1876.000000 0.038275
1877.000000 0.042148
1878.000000 0.036550
1879.000000 0.032616
1880.000000 0.039470
1881.000000 0.037445
1882.000000 0.033881
1883.000000 0.033982
1884.000000 0.033091
1885.000000 0.027479
1886.000000 0.030894
1887.000000 0.029477
1888.000000 0.027169
1889.000000 0.025832
1890.000000 0.033193
1891.000000 0.039145
1892.000000 0.042324
1893.000000 0.048174
1894.000000 0.045178
1895.000000 0.044443
1896.000000 0.045807
1897.000000 0.044347
1898.000000 0.037963
1899.000000 0.033663
1900.000000 0.034932
1901.000000 0.032191
1902.000000 0.030842
1903.000000 0.027808
1904.000000 0.027126
1905.000000 0.032816
1906.000000 0.031539
1907.000000 0.029140
1908.000000 0.030560
1909.000000 0.033448
1910.000000 0.042571
1911.000000 0.041966
1912.000000 0.041278
1913.000000 0.041639
1914.000000 0.051377
1915.000000 0.049611
1916.000000 0.047128
1917.000000 0.043945
1918.000000 0.042806
1919.000000 0.038338
1920.000000 0.033266
1921.000000 0.032666
1922.000000 0.029438
1923.000000 0.026943
1924.000000 0.039344
1925.000000 0.033465
1926.000000 0.037447
1927.000000 0.034496
1928.000000 0.031087
1929.000000 0.041154
1930.000000 0.040749
1931.000000 0.038968
1932.000000 0.039269
1933.000000 0.038011
1934.000000 0.038645
1935.000000 0.036358
1936.000000 0.031991
1937.000000 0.037194
1938.000000 0.038204
1939.000000 0.032583
1940.000000 0.030699
1941.000000 0.030946
1942.000000 0.032872
1943.000000 0.040576
1944.000000 0.036426
1945.000000 0.035943
1946.000000 0.043121
1947.000000 0.038308
1948.000000 0.036674
1949.000000 0.040545
1950.000000 0.042677
1951.000000 0.042431
1952.000000 0.040177
1953.000000 0.036075
1954.000000 0.033021
1955.000000 0.034929
1956.000000 0.038757
1957.000000 0.036418
1958.000000 0.036234
1959.000000 0.038557
1960.000000 0.037044
1961.000000 0.035504
1962.000000 0.034374
1963.000000 0.028511
1964.000000 0.025424
1965.000000 0.039956
1966.000000 0.042167
1967.000000 0.039402
1968.000000 0.039878
1969.000000 0.041318
1970.000000 0.044453
1971.000000 0.040037
1972.000000 0.040776
1973.000000 0.040865
1974.000000 0.039063
1975.000000 0.039174
1976.000000 0.040969
1977.000000 0.039006
1978.000000 0.035260
1979.000000 0.037149
1980.000000 0.034036
1981.000000 0.032615
1982.000000 0.041928
1983.000000 0.038523
1984.000000 0.036136
1985.000000 0.035043
1986.000000 0.036448
1987.000000 0.034150
1988.000000 0.030641
1989.000000 0.031119
1990.000000 0.028800
1991.000000 0.032871
1992.000000 0.032887
1993.000000 0.030213
1994.000000 0.033040
1995.000000 0.035162
1996.000000 0.038985
1997.000000 0.040539
1998.000000 0.043975
1999.000000 0.043658
2000.000000 0.049039
2001.000000 0.047721
2002.000000 0.052996
2003.000000 0.050843
2004.000000 0.046677
2005.000000 0.041030
2006.000000 0.043814
2007.000000 0.041264
2008.000000 0.038490
2009.000000 0.040111
2010.000000 0.035886
2011.000000 0.031900
2012.000000 0.031780
2013.000000 0.035954
2014.000000 0.033643
2015.000000 0.034872
2016.000000 0.033617
2017.000000 0.035013
2018.000000 0.034379
2019.000000 0.038531
2020.000000 0.036892
2021.000000 0.038937
2022.000000 0.038928
2023.000000 0.038798
2024.000000 0.035110
2025.000000 0.033983
2026.000000 0.032502
2027.000000 0.030285
2028.000000 0.037405
2029.000000 0.041830
2030.000000 0.038486
2031.000000 0.036845
2032.000000 0.032339
2033.000000 0.032023
2034.000000 0.029924
2035.000000 0.031276
2036.000000 0.032023
2037.000000 0.035461
2038.000000 0.036758
2039.000000 0.033396
2040.000000 0.029694
2041.000000 0.031125
2042.000000 0.032989
2043.000000 0.029637
2044.000000 0.028540
2045.000000 0.028267
2046.000000 0.031312
2047.000000 0.032607
2048.000000 0.035916
2049.000000 0.033361
2050.000000 0.038625
2051.000000 0.037262
2052.000000 0.038088
2053.000000 0.039110
2054.000000 0.039590
2055.000000 0.036977
2056.000000 0.031963
2057.000000 0.035951
2058.000000 0.038088
2059.000000 0.037359
2060.000000 0.040267
2061.000000 0.041000
2062.000000 0.042401
2063.000000 0.041332
2064.000000 0.035994
2065.000000 0.033485
2066.000000 0.029927
2067.000000 0.030282
2068.000000 0.032670
2069.000000 0.030847
2070.000000 0.030771
2071.000000 0.031355
2072.000000 0.030926
2073.000000 0.032700
2074.000000 0.028571
2075.000000 0.034065
2076.000000 0.040439
2077.000000 0.042423
2078.000000 0.040173
2079.000000 0.038210
2080.000000 0.044384
2081.000000 0.037712
2082.000000 0.032023
2083.000000 0.037527
2084.000000 0.036138
2085.000000 0.038593
2086.000000 0.044665
2087.000000 0.043051
2088.000000 0.038886
2089.000000 0.035162
2090.000000 0.033343
2091.000000 0.034554
2092.000000 0.035577
2093.000000 0.035297
2094.000000 0.037368
2095.000000 0.034158
2096.000000 0.032649
2097.000000 0.035949
2098.000000 0.034176
2099.000000 0.038532
2100.000000 0.037349
2101.000000 0.040493
2102.000000 0.037925
2103.000000 0.037609
2104.000000 0.037686
2105.000000 0.031509
2106.000000 0.031814
2107.000000 0.034153
2108.000000 0.032374
2109.000000 0.037418
2110.000000 0.036662
2111.000000 0.036250
2112.000000 0.037000
2113.000000 0.032353
2114.000000 0.033235
2115.000000 0.029741
2116.000000 0.033259
2117.000000 0.036156
2118.000000 0.036256
2119.000000 0.038835
2120.000000 0.037542
2121.000000 0.040394
2122.000000 0.037505
2123.000000 0.039468
2124.000000 0.038362
2125.000000 0.037239
2126.000000 0.035550
2127.000000 0.039535
2128.000000 0.038834
2129.000000 0.034203
2130.000000 0.032715
2131.000000 0.031934
2132.000000 0.033670
2133.000000 0.029545
2134.000000 0.030130
2135.000000 0.034294
2136.000000 0.034047
2137.000000 0.038644
2138.000000 0.042643
2139.000000 0.042308
2140.000000 0.039560
2141.000000 0.040353
2142.000000 0.043205
2143.000000 0.040693
2144.000000 0.039873
2145.000000 0.037894
2146.000000 0.038377
2147.000000 0.044301
2148.000000 0.039407
2149.000000 0.035605
2150.000000 0.034057
2151.000000 0.029393
2152.000000 0.033132
2153.000000 0.029560
2154.000000 0.027651
2155.000000 0.028646
2156.000000 0.028582
2157.000000 0.033509
2158.000000 0.033746
2159.000000 0.037654
2160.000000 0.043200
2161.000000 0.046675
2162.000000 0.047269
2163.000000 0.045024
2164.000000 0.044894
2165.000000 0.043920
2166.000000 0.041430
2167.000000 0.041497
2168.000000 0.035003
2169.000000 0.031963
2170.000000 0.030005
2171.000000 0.029405
2172.000000 0.032036
2173.000000 0.030677
2174.000000 0.030577
2175.000000 0.034011
2176.000000 0.032995
2177.000000 0.038519
2178.000000 0.044791
2179.000000 0.037602
2180.000000 0.046514
2181.000000 0.045635
2182.000000 0.045198
2183.000000 0.041848
2184.000000 0.038762
2185.000000 0.044657
2186.000000 0.041865
2187.000000 0.036009
2188.000000 0.031852
2189.000000 0.026909
2190.000000 0.027138
2191.000000 0.027335
2192.000000 0.027693
2193.000000 0.030348
2194.000000 0.031989
2195.000000 0.028404
2196.000000 0.034316
2197.000000 0.036561
2198.000000 0.040076
2199.000000 0.039002
2200.000000 0.040029
2201.000000 0.036012
2202.000000 0.040247
2203.000000 0.042207
2204.000000 0.041819
2205.000000 0.037902
2206.000000 0.037057
2207.000000 0.035108
2208.000000 0.035178
2209.000000 0.031718
2210.000000 0.032196
2211.000000 0.034853
2212.000000 0.035953
2213.000000 0.033836
2214.000000 0.035552
2215.000000 0.038958
2216.000000 0.038943
2217.000000 0.043781
2218.000000 0.042911
2219.000000 0.041252
2220.000000 0.039221
2221.000000 0.037209
2222.000000 0.034875
2223.000000 0.038617
2224.000000 0.032756
2225.000000 0.034113
2226.000000 0.036704
2227.000000 0.036454
2228.000000 0.030251
2229.000000 0.030486
2230.000000 0.031086
2231.000000 0.034997
2232.000000 0.030863
2233.000000 0.032031
2234.000000 0.032798
2235.000000 0.031844
2236.000000 0.032330
2237.000000 0.033093
2238.000000 0.030513
2239.000000 0.031098
2240.000000 0.036839
2241.000000 0.042075
2242.000000 0.040311
2243.000000 0.038856
2244.000000 0.038893
2245.000000 0.042328
2246.000000 0.042485
2247.000000 0.039467
2248.000000 0.039091
2249.000000 0.038096
2250.000000 0.038042
2251.000000 0.036100
2252.000000 0.038942
2253.000000 0.039515
2254.000000 0.037028
2255.000000 0.039131
2256.000000 0.034192
2257.000000 0.030952
2258.000000 0.031781
2259.000000 0.033102
2260.000000 0.030361
2261.000000 0.040457
2262.000000 0.038329
2263.000000 0.040643
2264.000000 0.039363
2265.000000 0.037872
2266.000000 0.035997
2267.000000 0.037875
2268.000000 0.039096
2269.000000 0.039950
2270.000000 0.040261
2271.000000 0.037359
2272.000000 0.031146
2273.000000 0.033341
2274.000000 0.031208
2275.000000 0.030056
2276.000000 0.030057
2277.000000 0.030189
2278.000000 0.032160
2279.000000 0.029314
2280.000000 0.032649
2281.000000 0.036874
2282.000000 0.032319
2283.000000 0.032587
2284.000000 0.033208
2285.000000 0.040463
2286.000000 0.039887
2287.000000 0.047558
2288.000000 0.040816
2289.000000 0.038747
2290.000000 0.036528
2291.000000 0.035050
2292.000000 0.033937
2293.000000 0.034866
2294.000000 0.039845
2295.000000 0.041038
2296.000000 0.042731
2297.000000 0.037387
2298.000000 0.037064
2299.000000 0.032934
2300.000000 0.033968
2301.000000 0.033752
2302.000000 0.036819
2303.000000 0.033911
2304.000000 0.035993
2305.000000 0.036182
2306.000000 0.037544
2307.000000 0.035134
2308.000000 0.034454
2309.000000 0.039455
2310.000000 0.037249
2311.000000 0.037610
2312.000000 0.038249
2313.000000 0.043552
2314.000000 0.039745
2315.000000 0.035558
2316.000000 0.034913
2317.000000 0.038762
2318.000000 0.040833
2319.000000 0.039718
2320.000000 0.037596
2321.000000 0.038869
2322.000000 0.049588
2323.000000 0.047685
2324.000000 0.043982
2325.000000 0.045553
2326.000000 0.041954
2327.000000 0.038448
2328.000000 0.039791
2329.000000 0.034787
2330.000000 0.043964
2331.000000 0.039819
2332.000000 0.045019
2333.000000 0.041896
2334.000000 0.039689
2335.000000 0.041388
2336.000000 0.037584
2337.000000 0.033560
2338.000000 0.034424
2339.000000 0.040133
2340.000000 0.040593
2341.000000 0.037246
2342.000000 0.036040
2343.000000 0.032312
2344.000000 0.033558
2345.000000 0.032329
2346.000000 0.037928
2347.000000 0.037469
2348.000000 0.034586
2349.000000 0.028702
2350.000000 0.034493
2351.000000 0.032390
2352.000000 0.032782
2353.000000 0.039185
2354.000000 0.041794
2355.000000 0.045495
2356.000000 0.041001
2357.000000 0.036570
2358.000000 0.041521
2359.000000 0.034949
2360.000000 0.031948
2361.000000 0.035606
2362.000000 0.034848
2363.000000 0.036390
2364.000000 0.034926
2365.000000 0.036719
2366.000000 0.033224
2367.000000 0.028423
2368.000000 0.033468
2369.000000 0.037346
2370.000000 0.038705
2371.000000 0.038272
2372.000000 0.041332
2373.000000 0.048638
2374.000000 0.042857
2375.000000 0.045246
2376.000000 0.042067
2377.000000 0.040421
2378.000000 0.037631
2379.000000 0.040180
2380.000000 0.039346
2381.000000 0.036026
2382.000000 0.032834
2383.000000 0.030126
2384.000000 0.034034
2385.000000 0.035212
2386.000000 0.029509
2387.000000 0.026857
2388.000000 0.026631
2389.000000 0.024190
2390.000000 0.027490
2391.000000 0.032127
2392.000000 0.032883
2393.000000 0.038691
2394.000000 0.045815
2395.000000 0.043603
2396.000000 0.040243
2397.000000 0.041837
2398.000000 0.041800
2399.000000 0.036738
2400.000000 0.035738
2401.000000 0.033479
2402.000000 0.033544
2403.000000 0.034559
2404.000000 0.035092
2405.000000 0.029166
2406.000000 0.026377
2407.000000 0.024348
2408.000000 0.028950
2409.000000 0.032343
2410.000000 0.035631
2411.000000 0.040639
2412.000000 0.038607
2413.000000 0.036985
2414.000000 0.034406
2415.000000 0.033547
2416.000000 0.036380
2417.000000 0.040832
2418.000000 0.045563
2419.000000 0.046101
2420.000000 0.038161
2421.000000 0.036793
2422.000000 0.040960
2423.000000 0.038541
2424.000000 0.039150
2425.000000 0.035816
2426.000000 0.036962
2427.000000 0.040822
2428.000000 0.038412
2429.000000 0.037395
2430.000000 0.037185
2431.000000 0.034095
2432.000000 0.031320
2433.000000 0.030603
2434.000000 0.032294
2435.000000 0.029146
2436.000000 0.035896
2437.000000 0.037475
2438.000000 0.041652
2439.000000 0.038552
2440.000000 0.039774
2441.000000 0.034421
2442.000000 0.039506
2443.000000 0.037649
2444.000000 0.044995
2445.000000 0.040398
2446.000000 0.037052
2447.000000 0.035528
2448.000000 0.033021
2449.000000 0.035794
2450.000000 0.032541
2451.000000 0.031295
2452.000000 0.026877
2453.000000 0.023019
2454.000000 0.024176
2455.000000 0.029804
2456.000000 0.035365
2457.000000 0.037267
2458.000000 0.038339
2459.000000 0.038446
2460.000000 0.045474
2461.000000 0.045590
2462.000000 0.042713
2463.000000 0.037896
2464.000000 0.041417
2465.000000 0.040228
2466.000000 0.045177
2467.000000 0.042758
2468.000000 0.036227
2469.000000 0.036680
2470.000000 0.036847
2471.000000 0.034605
2472.000000 0.033091
2473.000000 0.029869
2474.000000 0.029922
2475.000000 0.028195
2476.000000 0.030593
2477.000000 0.025516
2478.000000 0.027455
2479.000000 0.033010
2480.000000 0.030592
2481.000000 0.033039
2482.000000 0.039672
2483.000000 0.037358
2484.000000 0.046046
2485.000000 0.047178
2486.000000 0.046771
2487.000000 0.043221
2488.000000 0.036061
2489.000000 0.033428
2490.000000 0.029835
2491.000000 0.032164
2492.000000 0.033348
2493.000000 0.034970
2494.000000 0.033155
2495.000000 0.034053
2496.000000 0.031613
2497.000000 0.035503
2498.000000 0.035567
2499.000000 0.040734
2500.000000 0.038784
2501.000000 0.038502
2502.000000 0.035805
2503.000000 0.032967
2504.000000 0.035191
2505.000000 0.040880
2506.000000 0.036422
2507.000000 0.030486
2508.000000 0.027928
2509.000000 0.030202
2510.000000 0.033932
2511.000000 0.034755
2512.000000 0.040216
2513.000000 0.040003
2514.000000 0.039779
2515.000000 0.040321
2516.000000 0.034611
2517.000000 0.037431
2518.000000 0.034354
2519.000000 0.029815
2520.000000 0.030887
2521.000000 0.032302
2522.000000 0.035130
2523.000000 0.034146
2524.000000 0.031164
2525.000000 0.035203
2526.000000 0.031304
2527.000000 0.030443
2528.000000 0.034026
2529.000000 0.035695
2530.000000 0.037972
2531.000000 0.034744
2532.000000 0.034085
2533.000000 0.040404
2534.000000 0.043727
2535.000000 0.040178
2536.000000 0.034422
2537.000000 0.032344
2538.000000 0.029414
2539.000000 0.026320
2540.000000 0.036409
2541.000000 0.034746
2542.000000 0.038970
2543.000000 0.034480
2544.000000 0.036466
2545.000000 0.035715
2546.000000 0.032993
2547.000000 0.029857
2548.000000 0.030949
2549.000000 0.026468
2550.000000 0.033117
2551.000000 0.035524
2552.000000 0.038543
2553.000000 0.036842
2554.000000 0.038881
2555.000000 0.039766
2556.000000 0.039463
2557.000000 0.035257
2558.000000 0.033225
2559.000000 0.032138
2560.000000 0.034425
2561.000000 0.034673
2562.000000 0.033885
2563.000000 0.039523
2564.000000 0.036907
2565.000000 0.040016
2566.000000 0.037747
2567.000000 0.044821
2568.000000 0.038303
2569.000000 0.036324
2570.000000 0.033311
2571.000000 0.031752
2572.000000 0.032979
2573.000000 0.033263
2574.000000 0.033917
2575.000000 0.029877
2576.000000 0.031539
2577.000000 0.032082
2578.000000 0.032063
2579.000000 0.029762
2580.000000 0.036059
2581.000000 0.037235
2582.000000 0.035969
2583.000000 0.035570
2584.000000 0.036102
2585.000000 0.036695
2586.000000 0.035130
2587.000000 0.040497
2588.000000 0.039741
2589.000000 0.041633
2590.000000 0.041176
2591.000000 0.039509
2592.000000 0.036051
2593.000000 0.037612
2594.000000 0.040094
2595.000000 0.035853
2596.000000 0.035463
2597.000000 0.036121
2598.000000 0.033736
2599.000000 0.033939
2600.000000 0.042229
2601.000000 0.037762
2602.000000 0.039620
2603.000000 0.040169
2604.000000 0.037575
2605.000000 0.034843
2606.000000 0.034663
2607.000000 0.033811
2608.000000 0.034623
2609.000000 0.032095
2610.000000 0.030979
2611.000000 0.029439
2612.000000 0.029539
2613.000000 0.034266
2614.000000 0.035871
2615.000000 0.039988
2616.000000 0.041116
2617.000000 0.042160
2618.000000 0.039476
2619.000000 0.038565
2620.000000 0.036401
2621.000000 0.031883
2622.000000 0.031042
2623.000000 0.032853
2624.000000 0.040057
2625.000000 0.033213
2626.000000 0.037369
2627.000000 0.033531
2628.000000 0.031648
2629.000000 0.031768
2630.000000 0.031020
2631.000000 0.027731
2632.000000 0.027959
2633.000000 0.033444
2634.000000 0.041321
2635.000000 0.043273
2636.000000 0.045667
2637.000000 0.040267
2638.000000 0.038304
2639.000000 0.038863
2640.000000 0.043719
2641.000000 0.042394
2642.000000 0.036889
2643.000000 0.030838
2644.000000 0.038266
2645.000000 0.035609
2646.000000 0.033029
2647.000000 0.032667
2648.000000 0.035333
2649.000000 0.030153
2650.000000 0.034266
2651.000000 0.031088
2652.000000 0.031976
2653.000000 0.031190
2654.000000 0.031901
2655.000000 0.036292
2656.000000 0.031799
2657.000000 0.034589
2658.000000 0.038425
2659.000000 0.045099
2660.000000 0.047304
2661.000000 0.044872
2662.000000 0.041190
2663.000000 0.046613
2664.000000 0.039885
2665.000000 0.038051
2666.000000 0.031923
2667.000000 0.031152
2668.000000 0.031243
2669.000000 0.031880
2670.000000 0.030647
2671.000000 0.034209
2672.000000 0.033475
2673.000000 0.037060
2674.000000 0.034906
2675.000000 0.038094
2676.000000 0.040644
2677.000000 0.043372
2678.000000 0.041160
2679.000000 0.039699
2680.000000 0.039530
2681.000000 0.037888
2682.000000 0.036028
2683.000000 0.034930
2684.000000 0.038937
2685.000000 0.033091
2686.000000 0.027467
2687.000000 0.031823
2688.000000 0.032441
2689.000000 0.030691
2690.000000 0.032072
2691.000000 0.034342
2692.000000 0.029307
2693.000000 0.033008
2694.000000 0.033925
2695.000000 0.032406
2696.000000 0.030492
2697.000000 0.028774
2698.000000 0.030179
2699.000000 0.031060
2700.000000 0.028774
2701.000000 0.037091
2702.000000 0.048318
2703.000000 0.046326
2704.000000 0.043710
2705.000000 0.039178
2706.000000 0.035715
2707.000000 0.041507
2708.000000 0.044097
2709.000000 0.044012
2710.000000 0.040724
2711.000000 0.040886
2712.000000 0.037223
2713.000000 0.035035
2714.000000 0.037171
2715.000000 0.032555
2716.000000 0.040030
2717.000000 0.040901
2718.000000 0.048526
2719.000000 0.042178
2720.000000 0.040425
2721.000000 0.042731
2722.000000 0.039856
2723.000000 0.038347
2724.000000 0.038091
2725.000000 0.037794
2726.000000 0.037755
2727.000000 0.040233
2728.000000 0.035864
2729.000000 0.032414
2730.000000 0.033222
2731.000000 0.035983
2732.000000 0.035681
2733.000000 0.034198
2734.000000 0.041858
2735.000000 0.040577
2736.000000 0.049894
2737.000000 0.043655
2738.000000 0.044112
2739.000000 0.043593
2740.000000 0.042916
2741.000000 0.044937
2742.000000 0.044875
2743.000000 0.040588
2744.000000 0.035859
2745.000000 0.038054
2746.000000 0.034356
2747.000000 0.030202
2748.000000 0.035839
2749.000000 0.034640
2750.000000 0.029811
2751.000000 0.032675
2752.000000 0.029710
2753.000000 0.031637
2754.000000 0.032531
2755.000000 0.035714
2756.000000 0.038568
2757.000000 0.037341
2758.000000 0.039853
2759.000000 0.039997
2760.000000 0.037648
2761.000000 0.037647
2762.000000 0.036233
2763.000000 0.034609
2764.000000 0.034334
2765.000000 0.035755
2766.000000 0.034301
2767.000000 0.030953
2768.000000 0.033377
2769.000000 0.036076
2770.000000 0.034275
2771.000000 0.028979
2772.000000 0.034518
2773.000000 0.031082
2774.000000 0.038156
2775.000000 0.043797
2776.000000 0.040972
2777.000000 0.035441
2778.000000 0.044222
2779.000000 0.041739
2780.000000 0.038756
2781.000000 0.033987
2782.000000 0.034476
2783.000000 0.034399
2784.000000 0.033171
2785.000000 0.033594
2786.000000 0.028668
2787.000000 0.035436
2788.000000 0.034910
2789.000000 0.047038
2790.000000 0.048961
2791.000000 0.047029
2792.000000 0.043262
2793.000000 0.046686
2794.000000 0.049126
2795.000000 0.046824
2796.000000 0.038741
2797.000000 0.040189
2798.000000 0.037240
2799.000000 0.039824
2800.000000 0.039539
2801.000000 0.036095
2802.000000 0.033627
2803.000000 0.032558
2804.000000 0.030847
2805.000000 0.027565
2806.000000 0.026435
2807.000000 0.026566
2808.000000 0.031625
2809.000000 0.034212
2810.000000 0.034676
2811.000000 0.036419
2812.000000 0.041165
2813.000000 0.036535
2814.000000 0.035038
2815.000000 0.030991
2816.000000 0.035977
2817.000000 0.038140
2818.000000 0.036044
2819.000000 0.041904
2820.000000 0.046167
2821.000000 0.043133
2822.000000 0.040464
2823.000000 0.040144
2824.000000 0.035694
2825.000000 0.029604
2826.000000 0.028138
2827.000000 0.025736
2828.000000 0.028061
2829.000000 0.026383
2830.000000 0.028836
2831.000000 0.035724
2832.000000 0.037444
2833.000000 0.033859
2834.000000 0.036188
2835.000000 0.035789
2836.000000 0.033080
2837.000000 0.043669
2838.000000 0.041968
2839.000000 0.048323
2840.000000 0.043961
2841.000000 0.040098
2842.000000 0.034797
2843.000000 0.031933
2844.000000 0.035015
2845.000000 0.031541
2846.000000 0.034970
2847.000000 0.033308
2848.000000 0.041515
2849.000000 0.041681
2850.000000 0.046079
2851.000000 0.043668
2852.000000 0.038334
2853.000000 0.034118
2854.000000 0.033576
2855.000000 0.039039
2856.000000 0.041896
2857.000000 0.044120
2858.000000 0.042106
2859.000000 0.038919
2860.000000 0.049872
2861.000000 0.043959
2862.000000 0.044342
2863.000000 0.042160
2864.000000 0.037188
2865.000000 0.036388
2866.000000 0.038802
2867.000000 0.037917
2868.000000 0.034723
2869.000000 0.031862
2870.000000 0.029937
2871.000000 0.032935
2872.000000 0.032102
2873.000000 0.031306
2874.000000 0.037563
2875.000000 0.036359
2876.000000 0.033478
2877.000000 0.034225
2878.000000 0.030886
2879.000000 0.029663
2880.000000 0.031604
2881.000000 0.032308
2882.000000 0.032992
2883.000000 0.032984
2884.000000 0.028981
2885.000000 0.031795
2886.000000 0.034853
2887.000000 0.035651
2888.000000 0.041829
2889.000000 0.045487
2890.000000 0.042174
2891.000000 0.039155
2892.000000 0.040881
2893.000000 0.036713
2894.000000 0.035602
2895.000000 0.032970
2896.000000 0.039096
2897.000000 0.036764
2898.000000 0.036551
2899.000000 0.041513
2900.000000 0.042345
2901.000000 0.039481
2902.000000 0.039234
2903.000000 0.038669
2904.000000 0.036953
2905.000000 0.038848
2906.000000 0.039766
2907.000000 0.039205
2908.000000 0.042007
2909.000000 0.048692
2910.000000 0.043314
2911.000000 0.040011
2912.000000 0.034700
2913.000000 0.036720
2914.000000 0.038153
2915.000000 0.036542
2916.000000 0.037442
2917.000000 0.042971
2918.000000 0.040882
2919.000000 0.040071
2920.000000 0.035660
2921.000000 0.032456
2922.000000 0.031825
2923.000000 0.033141
2924.000000 0.040248
2925.000000 0.038316
2926.000000 0.039972
2927.000000 0.041051
2928.000000 0.039025
2929.000000 0.040519
2930.000000 0.044598
2931.000000 0.050992
2932.000000 0.047516
2933.000000 0.046627
2934.000000 0.042733
2935.000000 0.037355
2936.000000 0.035264
2937.000000 0.037511
2938.000000 0.033408
2939.000000 0.033284
2940.000000 0.036902
2941.000000 0.037628
2942.000000 0.034036
2943.000000 0.033085
2944.000000 0.033138
2945.000000 0.030452
2946.000000 0.034309
2947.000000 0.033617
2948.000000 0.034733
2949.000000 0.030712
2950.000000 0.031450
2951.000000 0.033579
2952.000000 0.035212
2953.000000 0.036920
2954.000000 0.036884
2955.000000 0.037092
2956.000000 0.035454
2957.000000 0.034496
2958.000000 0.038315
2959.000000 0.037424
2960.000000 0.036199
2961.000000 0.040636
2962.000000 0.039881
2963.000000 0.037114
2964.000000 0.042014
2965.000000 0.039475
2966.000000 0.034616
2967.000000 0.036716
2968.000000 0.039561
2969.000000 0.041531
2970.000000 0.040460
2971.000000 0.041740
2972.000000 0.039481
2973.000000 0.037438
2974.000000 0.040485
2975.000000 0.034709
2976.000000 0.030435
2977.000000 0.031523
2978.000000 0.030083
2979.000000 0.032968
2980.000000 0.038323
2981.000000 0.031782
2982.000000 0.033003
2983.000000 0.032241
2984.000000 0.032167
2985.000000 0.032190
2986.000000 0.032582
2987.000000 0.035521
2988.000000 0.035112
2989.000000 0.041900
2990.000000 0.040279
2991.000000 0.040735
2992.000000 0.041420
2993.000000 0.036988
2994.000000 0.038564
2995.000000 0.034816
2996.000000 0.032052
2997.000000 0.035264
2998.000000 0.032592
2999.000000 0.031788
3000.000000 0.030132
3001.000000 0.032965
3002.000000 0.040637
3003.000000 0.040687
3004.000000 0.040213
3005.000000 0.037901
3006.000000 0.034945
3007.000000 0.038188
3008.000000 0.037479
3009.000000 0.039689
3010.000000 0.040146
3011.000000 0.042405
3012.000000 0.038074
3013.000000 0.038763
3014.000000 0.039253
3015.000000 0.040227
3016.000000 0.044828
3017.000000 0.042316
3018.000000 0.041438
3019.000000 0.044724
3020.000000 0.038918
3021.000000 0.042024
3022.000000 0.044525
3023.000000 0.050095
3024.000000 0.045703
3025.000000 0.041373
3026.000000 0.037467
3027.000000 0.039653
3028.000000 0.039462
3029.000000 0.033055
3030.000000 0.034023
3031.000000 0.029566
3032.000000 0.031859
3033.000000 0.035813
3034.000000 0.039136
3035.000000 0.039262
3036.000000 0.041139
3037.000000 0.039188
3038.000000 0.035960
3039.000000 0.037311
3040.000000 0.036830
3041.000000 0.033525
3042.000000 0.043764
3043.000000 0.053062
3044.000000 0.049622
3045.000000 0.043345
3046.000000 0.045169
3047.000000 0.040971
3048.000000 0.033969
3049.000000 0.040411
3050.000000 0.046418
3051.000000 0.045186
3052.000000 0.049759
3053.000000 0.044870
3054.000000 0.039795
3055.000000 0.037796
3056.000000 0.037317
3057.000000 0.037717
3058.000000 0.031933
3059.000000 0.030340
3060.000000 0.039590
3061.000000 0.036373
3062.000000 0.044384
3063.000000 0.041788
3064.000000 0.044557
3065.000000 0.054827
3066.000000 0.052872
3067.000000 0.045398
3068.000000 0.048157
3069.000000 0.049145
3070.000000 0.041973
3071.000000 0.039806
3072.000000 0.035766
3073.000000 0.035092
3074.000000 0.037052
3075.000000 0.037008
3076.000000 0.033924
3077.000000 0.033069
3078.000000 0.035194
3079.000000 0.035466
3080.000000 0.042764
3081.000000 0.047594
3082.000000 0.042942
3083.000000 0.036981
3084.000000 0.037415
3085.000000 0.041235
3086.000000 0.038771
3087.000000 0.037825
3088.000000 0.031389
3089.000000 0.035302
3090.000000 0.036994
3091.000000 0.040619
3092.000000 0.037130
3093.000000 0.036185
3094.000000 0.039713
3095.000000 0.043355
3096.000000 0.047346
3097.000000 0.044528
3098.000000 0.047397
3099.000000 0.054547
3100.000000 0.051915
3101.000000 0.048028
3102.000000 0.042609
3103.000000 0.039129
3104.000000 0.038474
3105.000000 0.037035
3106.000000 0.035398
3107.000000 0.041158
3108.000000 0.038628
3109.000000 0.036903
3110.000000 0.032188
3111.000000 0.035748
3112.000000 0.033383
3113.000000 0.038870
3114.000000 0.042123
3115.000000 0.039424
3116.000000 0.038924
3117.000000 0.037313
3118.000000 0.034474
3119.000000 0.032603
3120.000000 0.033826
3121.000000 0.033084
3122.000000 0.038428
3123.000000 0.036612
3124.000000 0.038203
3125.000000 0.042261
3126.000000 0.042648
3127.000000 0.043568
3128.000000 0.041319
3129.000000 0.037286
3130.000000 0.034850
3131.000000 0.032029
3132.000000 0.034990
3133.000000 0.035084
3134.000000 0.033278
3135.000000 0.033266
3136.000000 0.038659
3137.000000 0.037331
3138.000000 0.038125
3139.000000 0.031992
3140.000000 0.035754
3141.000000 0.037460
3142.000000 0.040644
3143.000000 0.037832
3144.000000 0.039955
3145.000000 0.044444
3146.000000 0.040172
3147.000000 0.041986
3148.000000 0.039622
3149.000000 0.040008
3150.000000 0.038483
3151.000000 0.044961
3152.000000 0.039425
3153.000000 0.035131
3154.000000 0.035028
3155.000000 0.034445
3156.000000 0.036346
3157.000000 0.033730
3158.000000 0.035554
3159.000000 0.036070
3160.000000 0.032988
3161.000000 0.031619
3162.000000 0.037092
3163.000000 0.038402
3164.000000 0.042381
3165.000000 0.041554
3166.000000 0.039986
3167.000000 0.035102
3168.000000 0.035532
3169.000000 0.031639
3170.000000 0.029349
3171.000000 0.030180
3172.000000 0.034145
3173.000000 0.035768
3174.000000 0.038314
3175.000000 0.034381
3176.000000 0.042629
3177.000000 0.046005
3178.000000 0.042078
3179.000000 0.042780
3180.000000 0.043182
3181.000000 0.040328
3182.000000 0.039178
3183.000000 0.038875
3184.000000 0.040638
3185.000000 0.038040
3186.000000 0.045952
3187.000000 0.042713
3188.000000 0.038773
3189.000000 0.040802
3190.000000 0.034067
3191.000000 0.030951
3192.000000 0.028448
3193.000000 0.031769
3194.000000 0.035183
3195.000000 0.036933
3196.000000 0.041484
3197.000000 0.043007
3198.000000 0.041842
3199.000000 0.049222
3200.000000 0.047496
3201.000000 0.043361
3202.000000 0.042717
3203.000000 0.043181
3204.000000 0.040214
3205.000000 0.037538
3206.000000 0.032708
3207.000000 0.032714
3208.000000 0.031875
3209.000000 0.030134
3210.000000 0.031581
3211.000000 0.035627
3212.000000 0.042892
3213.000000 0.050574
3214.000000 0.042979
3215.000000 0.037729
3216.000000 0.039343
3217.000000 0.045345
3218.000000 0.038991
3219.000000 0.038394
3220.000000 0.035226
3221.000000 0.031972
3222.000000 0.034268
3223.000000 0.039237
3224.000000 0.037366
3225.000000 0.036415
3226.000000 0.041075
3227.000000 0.041257
3228.000000 0.044302
3229.000000 0.048176
3230.000000 0.042504
3231.000000 0.042462
3232.000000 0.042703
3233.000000 0.043224
3234.000000 0.045530
3235.000000 0.049528
3236.000000 0.047638
3237.000000 0.042025
3238.000000 0.036259
3239.000000 0.037212
3240.000000 0.034780
3241.000000 0.034075
3242.000000 0.036107
3243.000000 0.040111
3244.000000 0.036607
3245.000000 0.039847
3246.000000 0.038088
3247.000000 0.043843
3248.000000 0.042860
3249.000000 0.038741
3250.000000 0.039075
3251.000000 0.042111
3252.000000 0.042379
3253.000000 0.045619
3254.000000 0.041304
3255.000000 0.042284
3256.000000 0.047318
3257.000000 0.044302
3258.000000 0.042784
3259.000000 0.037435
3260.000000 0.031088
3261.000000 0.031172
3262.000000 0.030116
3263.000000 0.036015
3264.000000 0.038699
3265.000000 0.043793
3266.000000 0.040005
3267.000000 0.042284
3268.000000 0.041878
3269.000000 0.040305
3270.000000 0.047411
3271.000000 0.048554
3272.000000 0.046031
3273.000000 0.039310
3274.000000 0.040257
3275.000000 0.038104
3276.000000 0.031636
3277.000000 0.034025
3278.000000 0.028528
3279.000000 0.029737
3280.000000 0.036604
3281.000000 0.037969
3282.000000 0.041992
3283.000000 0.037416
3284.000000 0.038628
3285.000000 0.045306
3286.000000 0.042889
3287.000000 0.038190
3288.000000 0.043595
3289.000000 0.036098
3290.000000 0.034667
3291.000000 0.035996
3292.000000 0.036575
3293.000000 0.034995
3294.000000 0.040075
3295.000000 0.037266
3296.000000 0.032948
3297.000000 0.031643
3298.000000 0.035488
3299.000000 0.034784
3300.000000 0.041379
3301.000000 0.042909
3302.000000 0.044036
3303.000000 0.039742
3304.000000 0.037939
3305.000000 0.042671
3306.000000 0.041343
3307.000000 0.041583
3308.000000 0.041024
3309.000000 0.035348
3310.000000 0.029315
3311.000000 0.029398
3312.000000 0.028986
3313.000000 0.026401
3314.000000 0.030172
3315.000000 0.036199
3316.000000 0.035823
3317.000000 0.038315
3318.000000 0.042005
3319.000000 0.041025
3320.000000 0.044629
3321.000000 0.047564
3322.000000 0.039986
3323.000000 0.039870
3324.000000 0.036226
3325.000000 0.033519
3326.000000 0.029884
3327.000000 0.030398
3328.000000 0.030087
3329.000000 0.031387
3330.000000 0.033168
3331.000000 0.037917
3332.000000 0.041375
3333.000000 0.047460
3334.000000 0.048080
3335.000000 0.042099
3336.000000 0.043267
3337.000000 0.040137
3338.000000 0.036521
3339.000000 0.036787
3340.000000 0.034727
3341.000000 0.035084
3342.000000 0.035912
3343.000000 0.034998
3344.000000 0.034876
3345.000000 0.032048
3346.000000 0.032399
3347.000000 0.029158
3348.000000 0.038106
3349.000000 0.039671
3350.000000 0.037730
3351.000000 0.039207
3352.000000 0.037331
3353.000000 0.037072
3354.000000 0.036986
3355.000000 0.047029
3356.000000 0.044946
3357.000000 0.044721
3358.000000 0.039201
3359.000000 0.039767
3360.000000 0.036444
3361.000000 0.035095
3362.000000 0.029175
3363.000000 0.028706
3364.000000 0.028959
3365.000000 0.026963
3366.000000 0.027280
3367.000000 0.036039
3368.000000 0.031336
3369.000000 0.032689
3370.000000 0.042574
3371.000000 0.048291
3372.000000 0.051477
3373.000000 0.047319
3374.000000 0.040240
3375.000000 0.040541
3376.000000 0.044313
3377.000000 0.040638
3378.000000 0.042907
3379.000000 0.036920
3380.000000 0.038688
3381.000000 0.039137
3382.000000 0.038209
3383.000000 0.039557
3384.000000 0.034282
3385.000000 0.031903
3386.000000 0.036656
3387.000000 0.035868
3388.000000 0.032516
3389.000000 0.032000
3390.000000 0.038759
3391.000000 0.039172
3392.000000 0.039283
3393.000000 0.039913
3394.000000 0.038659
3395.000000 0.035722
3396.000000 0.035243
3397.000000 0.043032
3398.000000 0.042163
3399.000000 0.037800
3400.000000 0.038830
3401.000000 0.032512
3402.000000 0.032968
3403.000000 0.030629
3404.000000 0.025477
3405.000000 0.027379
3406.000000 0.025972
3407.000000 0.031666
3408.000000 0.042462
3409.000000 0.040905
3410.000000 0.043637
3411.000000 0.051306
3412.000000 0.051516
3413.000000 0.047136
3414.000000 0.042251
3415.000000 0.044191
3416.000000 0.040866
3417.000000 0.036752
3418.000000 0.033293
3419.000000 0.031465
3420.000000 0.034209
3421.000000 0.030307
3422.000000 0.034928
3423.000000 0.037536
3424.000000 0.040466
3425.000000 0.041363
3426.000000 0.040842
3427.000000 0.041951
3428.000000 0.038987
3429.000000 0.041089
3430.000000 0.035516
3431.000000 0.032053
3432.000000 0.031743
3433.000000 0.036327
3434.000000 0.037122
3435.000000 0.038300
3436.000000 0.037708
3437.000000 0.031270
3438.000000 0.028308
3439.000000 0.032702
3440.000000 0.031196
3441.000000 0.035675
3442.000000 0.043702
3443.000000 0.041214
3444.000000 0.042812
3445.000000 0.049022
3446.000000 0.040554
3447.000000 0.039539
3448.000000 0.034905
3449.000000 0.032390
3450.000000 0.031046
3451.000000 0.029185
3452.000000 0.029427
3453.000000 0.027849
3454.000000 0.024472
3455.000000 0.025657
3456.000000 0.032074
3457.000000 0.042555
3458.000000 0.039359
3459.000000 0.043020
3460.000000 0.040917
3461.000000 0.045648
3462.000000 0.049540
3463.000000 0.048060
3464.000000 0.049159
3465.000000 0.055296
3466.000000 0.046190
3467.000000 0.041794
3468.000000 0.035581
3469.000000 0.033560
3470.000000 0.032956
3471.000000 0.045440
3472.000000 0.038694
3473.000000 0.033954
3474.000000 0.036528
3475.000000 0.036040
3476.000000 0.041378
3477.000000 0.036646
3478.000000 0.034807
3479.000000 0.031467
3480.000000 0.037602
3481.000000 0.034489
3482.000000 0.029373
3483.000000 0.032791
3484.000000 0.045078
3485.000000 0.044220
3486.000000 0.041273
3487.000000 0.037907
3488.000000 0.038582
3489.000000 0.038187
3490.000000 0.035516
3491.000000 0.034351
3492.000000 0.034093
3493.000000 0.037580
3494.000000 0.034589
3495.000000 0.040398
3496.000000 0.044549
3497.000000 0.042182
3498.000000 0.044908
3499.000000 0.045033
3500.000000 0.038808
3501.000000 0.036287
3502.000000 0.033643
3503.000000 0.033419
3504.000000 0.030050
3505.000000 0.032765
3506.000000 0.033529
3507.000000 0.033641
3508.000000 0.029424
3509.000000 0.032534
3510.000000 0.034464
3511.000000 0.034178
3512.000000 0.034055
3513.000000 0.035220
3514.000000 0.037180
3515.000000 0.034415
3516.000000 0.041379
3517.000000 0.036801
3518.000000 0.040795
3519.000000 0.037053
3520.000000 0.034929
3521.000000 0.035668
3522.000000 0.039424
3523.000000 0.048996
3524.000000 0.047005
3525.000000 0.044719
3526.000000 0.042781
3527.000000 0.035813
3528.000000 0.035549
3529.000000 0.040490
3530.000000 0.040315
3531.000000 0.039245
3532.000000 0.038224
3533.000000 0.034774
3534.000000 0.032551
3535.000000 0.028885
3536.000000 0.028790
3537.000000 0.031950
3538.000000 0.037046
3539.000000 0.035521
3540.000000 0.032951
3541.000000 0.032074
3542.000000 0.035932
3543.000000 0.036910
3544.000000 0.030923
3545.000000 0.031236
3546.000000 0.032294
3547.000000 0.037176
3548.000000 0.032803
3549.000000 0.028210
3550.000000 0.031434
3551.000000 0.042241
3552.000000 0.043535
3553.000000 0.043660
3554.000000 0.041995
3555.000000 0.038633
3556.000000 0.036654
3557.000000 0.034882
3558.000000 0.036646
3559.000000 0.038173
3560.000000 0.031825
3561.000000 0.034055
3562.000000 0.029301
3563.000000 0.036711
3564.000000 0.033368
3565.000000 0.033126
3566.000000 0.034668
3567.000000 0.034530
3568.000000 0.041507
3569.000000 0.039451
3570.000000 0.040409
3571.000000 0.038678
3572.000000 0.034904
3573.000000 0.037988
3574.000000 0.037931
3575.000000 0.035987
3576.000000 0.031956
3577.000000 0.031758
3578.000000 0.035829
3579.000000 0.037294
3580.000000 0.037208
3581.000000 0.036967
3582.000000 0.043884
3583.000000 0.039331
3584.000000 0.040115
3585.000000 0.035467
3586.000000 0.035508
3587.000000 0.037160
3588.000000 0.037365
3589.000000 0.040196
3590.000000 0.037013
3591.000000 0.036186
3592.000000 0.039859
3593.000000 0.034775
3594.000000 0.035000
3595.000000 0.037145
3596.000000 0.036237
3597.000000 0.041445
3598.000000 0.040885
3599.000000 0.036299
3600.000000 0.031672
3601.000000 0.032448
3602.000000 0.038849
3603.000000 0.038679
3604.000000 0.038217
3605.000000 0.042066
3606.000000 0.044945
3607.000000 0.044266
3608.000000 0.043852
3609.000000 0.041714
3610.000000 0.038309
3611.000000 0.033722
3612.000000 0.032700
3613.000000 0.029150
3614.000000 0.029883
3615.000000 0.030534
3616.000000 0.027627
3617.000000 0.025605
3618.000000 0.034916
3619.000000 0.038488
3620.000000 0.038143
3621.000000 0.036805
3622.000000 0.035392
3623.000000 0.035479
3624.000000 0.040921
3625.000000 0.047245
3626.000000 0.041113
3627.000000 0.038321
3628.000000 0.038948
3629.000000 0.032269
3630.000000 0.034964
3631.000000 0.034911
3632.000000 0.035515
3633.000000 0.034710
3634.000000 0.037166
3635.000000 0.036392
3636.000000 0.035981
3637.000000 0.034388
3638.000000 0.028532
3639.000000 0.033175
3640.000000 0.030351
3641.000000 0.035300
3642.000000 0.044118
3643.000000 0.039540
3644.000000 0.038939
3645.000000 0.036624
3646.000000 0.034961
3647.000000 0.043754
3648.000000 0.042327
3649.000000 0.039157
3650.000000 0.041264
3651.000000 0.040842
3652.000000 0.037351
3653.000000 0.031193
3654.000000 0.029348
3655.000000 0.029177
3656.000000 0.031541
3657.000000 0.030006
3658.000000 0.026256
3659.000000 0.026814
3660.000000 0.033294
3661.000000 0.036010
3662.000000 0.043905
3663.000000 0.043653
3664.000000 0.043830
3665.000000 0.045885
3666.000000 0.040844
3667.000000 0.050710
3668.000000 0.047121
3669.000000 0.043209
3670.000000 0.048627
3671.000000 0.046758
3672.000000 0.042460
3673.000000 0.035193
3674.000000 0.034822
3675.000000 0.037426
3676.000000 0.037200
3677.000000 0.032686
3678.000000 0.041031
3679.000000 0.034027
3680.000000 0.033453
3681.000000 0.034324
3682.000000 0.034654
3683.000000 0.036773
3684.000000 0.036219
3685.000000 0.048771
3686.000000 0.045219
3687.000000 0.038575
3688.000000 0.036767
3689.000000 0.041320
3690.000000 0.037619
3691.000000 0.035597
3692.000000 0.032439
3693.000000 0.032366
3694.000000 0.038964
3695.000000 0.038447
3696.000000 0.036265
3697.000000 0.041551
3698.000000 0.036341
3699.000000 0.034425
3700.000000 0.038619
3701.000000 0.040079
3702.000000 0.035053
3703.000000 0.029393
3704.000000 0.029422
3705.000000 0.033761
3706.000000 0.033907
3707.000000 0.029282
3708.000000 0.033562
3709.000000 0.036376
3710.000000 0.040846
3711.000000 0.043965
3712.000000 0.042216
3713.000000 0.036994
3714.000000 0.035608
3715.000000 0.035729
3716.000000 0.042311
3717.000000 0.036423
3718.000000 0.036824
3719.000000 0.039375
3720.000000 0.033771
3721.000000 0.033246
3722.000000 0.029106
3723.000000 0.033998
3724.000000 0.033424
3725.000000 0.036084
3726.000000 0.035648
3727.000000 0.037472
3728.000000 0.036732
3729.000000 0.039174
3730.000000 0.046600
3731.000000 0.043875
3732.000000 0.039557
3733.000000 0.041659
3734.000000 0.037873
3735.000000 0.036778
3736.000000 0.038973
3737.000000 0.035552
3738.000000 0.035377
3739.000000 0.035570
3740.000000 0.031912
3741.000000 0.035354
3742.000000 0.034456
3743.000000 0.032477
3744.000000 0.033369
3745.000000 0.036459
3746.000000 0.032629
3747.000000 0.033745
3748.000000 0.033635
3749.000000 0.031005
3750.000000 0.029897
3751.000000 0.038421
3752.000000 0.036183
3753.000000 0.036963
3754.000000 0.030961
3755.000000 0.034784
3756.000000 0.033035
3757.000000 0.032135
3758.000000 0.035339
3759.000000 0.039435
3760.000000 0.032959
3761.000000 0.030351
3762.000000 0.036949
3763.000000 0.039509
3764.000000 0.041871
3765.000000 0.037856
3766.000000 0.032616
3767.000000 0.038345
3768.000000 0.035115
3769.000000 0.035784
3770.000000 0.037034
3771.000000 0.035394
3772.000000 0.037702
3773.000000 0.036782
3774.000000 0.031619
3775.000000 0.033016
3776.000000 0.042402
3777.000000 0.041510
3778.000000 0.037912
3779.000000 0.036394
3780.000000 0.035160
3781.000000 0.038008
3782.000000 0.034558
3783.000000 0.041100
3784.000000 0.040514
3785.000000 0.041699
3786.000000 0.043271
3787.000000 0.037481
3788.000000 0.039607
3789.000000 0.036715
3790.000000 0.042442
3791.000000 0.043217
3792.000000 0.044450
3793.000000 0.039953
3794.000000 0.037457
3795.000000 0.041550
3796.000000 0.038464
3797.000000 0.039140
3798.000000 0.039207
3799.000000 0.035551
3800.000000 0.035519
3801.000000 0.037396
3802.000000 0.035970
3803.000000 0.037525
3804.000000 0.036593
3805.000000 0.035457
3806.000000 0.041221
3807.000000 0.037705
3808.000000 0.037486
3809.000000 0.036826
3810.000000 0.033457
3811.000000 0.033675
3812.000000 0.029854
3813.000000 0.032565
3814.000000 0.030275
3815.000000 0.031562
3816.000000 0.031979
3817.000000 0.030718
3818.000000 0.031392
3819.000000 0.034043
3820.000000 0.034854
3821.000000 0.036706
3822.000000 0.039071
3823.000000 0.041664
3824.000000 0.037417
3825.000000 0.037498
3826.000000 0.034336
3827.000000 0.037606
3828.000000 0.040721
3829.000000 0.037181
3830.000000 0.041193
3831.000000 0.037539
3832.000000 0.039213
3833.000000 0.035823
3834.000000 0.034480
3835.000000 0.035992
3836.000000 0.031660
3837.000000 0.034491
3838.000000 0.032980
3839.000000 0.032780
3840.000000 0.034104
3841.000000 0.038079
3842.000000 0.031545
3843.000000 0.036512
3844.000000 0.036959
3845.000000 0.035105
3846.000000 0.037893
3847.000000 0.034743
3848.000000 0.029579
3849.000000 0.032088
3850.000000 0.031975
3851.000000 0.034033
3852.000000 0.032339
3853.000000 0.028931
3854.000000 0.032709
3855.000000 0.027996
3856.000000 0.033675
3857.000000 0.033482
3858.000000 0.041117
3859.000000 0.037169
3860.000000 0.034005
3861.000000 0.033690
3862.000000 0.035673
3863.000000 0.033587
3864.000000 0.031960
3865.000000 0.037137
3866.000000 0.040344
3867.000000 0.040951
3868.000000 0.034592
3869.000000 0.036538
3870.000000 0.046850
3871.000000 0.051247
3872.000000 0.044861
3873.000000 0.041061
3874.000000 0.042157
3875.000000 0.040597
3876.000000 0.038124
3877.000000 0.034792
3878.000000 0.038361
3879.000000 0.033181
3880.000000 0.029415
3881.000000 0.030145
3882.000000 0.033145
3883.000000 0.031264
3884.000000 0.033289
3885.000000 0.032437
3886.000000 0.036354
3887.000000 0.031836
3888.000000 0.030850
3889.000000 0.031269
3890.000000 0.035896
3891.000000 0.032625
3892.000000 0.034858
3893.000000 0.036036
3894.000000 0.046082
3895.000000 0.046718
3896.000000 0.043414
3897.000000 0.046289
3898.000000 0.042759
3899.000000 0.038306
3900.000000 0.038527
3901.000000 0.035819
3902.000000 0.030556
3903.000000 0.030583
3904.000000 0.032648
3905.000000 0.036124
3906.000000 0.038316
3907.000000 0.035749
3908.000000 0.033901
3909.000000 0.039291
3910.000000 0.039482
3911.000000 0.034858
3912.000000 0.030572
3913.000000 0.034808
3914.000000 0.036456
3915.000000 0.036882
3916.000000 0.037899
3917.000000 0.037438
3918.000000 0.036846
3919.000000 0.035066
3920.000000 0.038835
3921.000000 0.040227
3922.000000 0.038972
3923.000000 0.041244
3924.000000 0.038620
3925.000000 0.034604
3926.000000 0.029576
3927.000000 0.028513
3928.000000 0.028388
3929.000000 0.033747
3930.000000 0.037631
3931.000000 0.035797
3932.000000 0.040613
3933.000000 0.040617
3934.000000 0.038746
3935.000000 0.036921
3936.000000 0.036035
3937.000000 0.035804
3938.000000 0.034143
3939.000000 0.031102
3940.000000 0.039010
3941.000000 0.040141
3942.000000 0.036319
3943.000000 0.032882
3944.000000 0.037353
3945.000000 0.034237
3946.000000 0.036733
3947.000000 0.035546
3948.000000 0.036704
3949.000000 0.035196
3950.000000 0.037613
3951.000000 0.039127
3952.000000 0.038114
3953.000000 0.044843
3954.000000 0.038580
3955.000000 0.041089
3956.000000 0.042211
3957.000000 0.043819
3958.000000 0.040507
3959.000000 0.039213
3960.000000 0.042240
3961.000000 0.037920
3962.000000 0.037592
3963.000000 0.035730
3964.000000 0.034124
3965.000000 0.031410
3966.000000 0.029761
3967.000000 0.045822
3968.000000 0.040839
3969.000000 0.039724
3970.000000 0.038499
3971.000000 0.035885
3972.000000 0.038952
3973.000000 0.042208
3974.000000 0.043815
3975.000000 0.041117
3976.000000 0.042498
3977.000000 0.037196
3978.000000 0.034928
3979.000000 0.037220
3980.000000 0.034083
3981.000000 0.031610
3982.000000 0.035206
3983.000000 0.042257
3984.000000 0.041214
3985.000000 0.035016
3986.000000 0.037920
3987.000000 0.034828
3988.000000 0.035299
3989.000000 0.030599
3990.000000 0.033604
3991.000000 0.030343
3992.000000 0.035379
3993.000000 0.042921
3994.000000 0.044829
3995.000000 0.046450
3996.000000 0.042996
3997.000000 0.037163
3998.000000 0.035938
3999.000000 0.033880
4000.000000 0.035911
4001.000000 0.034638
4002.000000 0.034714
4003.000000 0.038181
4004.000000 0.037490
4005.000000 0.037477
4006.000000 0.046585
4007.000000 0.040427
4008.000000 0.037400
4009.000000 0.036320
4010.000000 0.038359
4011.000000 0.033713
4012.000000 0.032514
4013.000000 0.030721
4014.000000 0.033862
4015.000000 0.037107
4016.000000 0.034052
4017.000000 0.036694
4018.000000 0.033306
4019.000000 0.032990
4020.000000 0.036400
4021.000000 0.039001
4022.000000 0.039663
4023.000000 0.042877
4024.000000 0.039515
4025.000000 0.040015
4026.000000 0.034427
4027.000000 0.036863
4028.000000 0.036497
4029.000000 0.039149
4030.000000 0.041046
4031.000000 0.036814
4032.000000 0.038380
4033.000000 0.035611
4034.000000 0.035993
4035.000000 0.034087
4036.000000 0.033715
4037.000000 0.040136
4038.000000 0.034432
4039.000000 0.032972
4040.000000 0.033510
4041.000000 0.034764
4042.000000 0.034635
4043.000000 0.038361
4044.000000 0.037490
4045.000000 0.040615
4046.000000 0.040363
4047.000000 0.038709
4048.000000 0.037712
4049.000000 0.036695
4050.000000 0.038737
4051.000000 0.039499
4052.000000 0.041522
4053.000000 0.039864
4054.000000 0.042002
4055.000000 0.041086
4056.000000 0.038223
4057.000000 0.036253
4058.000000 0.037907
4059.000000 0.043413
4060.000000 0.036952
4061.000000 0.033090
4062.000000 0.038385
4063.000000 0.033736
4064.000000 0.031613
4065.000000 0.033648
4066.000000 0.043322
4067.000000 0.047940
4068.000000 0.046295
4069.000000 0.041135
4070.000000 0.045811
4071.000000 0.044166
4072.000000 0.045829
4073.000000 0.044989
4074.000000 0.042476
4075.000000 0.037275
4076.000000 0.035306
4077.000000 0.039816
4078.000000 0.044499
4079.000000 0.040725
4080.000000 0.035438
4081.000000 0.041333
4082.000000 0.035652
4083.000000 0.029550
4084.000000 0.028877
4085.000000 0.028524
4086.000000 0.042005
4087.000000 0.039734
4088.000000 0.040356
4089.000000 0.040686
4090.000000 0.035344
4091.000000 0.032293
4092.000000 0.031896
4093.000000 0.033346
4094.000000 0.041131
4095.000000 0.042837
4096.000000 0.041642
4097.000000 0.038775
4098.000000 0.034485
4099.000000 0.034190
4100.000000 0.039317
4101.000000 0.035582
4102.000000 0.034129
4103.000000 0.034347
4104.000000 0.031740
4105.000000 0.036223
4106.000000 0.041764
4107.000000 0.041266
4108.000000 0.042230
4109.000000 0.039558
4110.000000 0.044642
4111.000000 0.042304
4112.000000 0.041178
4113.000000 0.043354
4114.000000 0.042183
4115.000000 0.040378
4116.000000 0.033435
4117.000000 0.033516
4118.000000 0.034542
4119.000000 0.032391
4120.000000 0.038821
4121.000000 0.035119
4122.000000 0.037300
4123.000000 0.030927
4124.000000 0.032745
4125.000000 0.033085
4126.000000 0.037844
4127.000000 0.031374
4128.000000 0.032666
4129.000000 0.035842
4130.000000 0.036842
4131.000000 0.035242
4132.000000 0.037899
4133.000000 0.036442
4134.000000 0.036455
4135.000000 0.036936
4136.000000 0.038357
4137.000000 0.035078
4138.000000 0.035359
4139.000000 0.036450
4140.000000 0.037538
4141.000000 0.036799
4142.000000 0.044573
4143.000000 0.041604
4144.000000 0.045037
4145.000000 0.041338
4146.000000 0.037517
4147.000000 0.042207
4148.000000 0.039747
4149.000000 0.036605
4150.000000 0.040240
4151.000000 0.043360
4152.000000 0.042551
4153.000000 0.043983
4154.000000 0.041595
4155.000000 0.034715
4156.000000 0.028797
4157.000000 0.032729
4158.000000 0.032460
4159.000000 0.037726
4160.000000 0.037845
4161.000000 0.035202
4162.000000 0.037007
4163.000000 0.036815
4164.000000 0.039884
4165.000000 0.040812
4166.000000 0.039105
4167.000000 0.034457
4168.000000 0.034500
4169.000000 0.032140
4170.000000 0.036000
4171.000000 0.033763
4172.000000 0.032908
4173.000000 0.028688
4174.000000 0.031472
4175.000000 0.032757
4176.000000 0.034762
4177.000000 0.031893
4178.000000 0.030735
4179.000000 0.032335
4180.000000 0.033041
4181.000000 0.042999
4182.000000 0.043124
4183.000000 0.042562
4184.000000 0.041084
4185.000000 0.043323
4186.000000 0.039875
4187.000000 0.040790
4188.000000 0.036036
4189.000000 0.044300
4190.000000 0.039233
4191.000000 0.036818
4192.000000 0.032242
4193.000000 0.030009
4194.000000 0.032712
4195.000000 0.027729
4196.000000 0.026713
4197.000000 0.031363
4198.000000 0.030512
4199.000000 0.029564
4200.000000 0.033624
4201.000000 0.030550
4202.000000 0.034370
4203.000000 0.040809
4204.000000 0.043690
4205.000000 0.047042
4206.000000 0.046968
4207.000000 0.041484
4208.000000 0.034644
4209.000000 0.033018
4210.000000 0.033010
4211.000000 0.027423
4212.000000 0.026699
4213.000000 0.023420
4214.000000 0.024187
4215.000000 0.028102
4216.000000 0.036981
4217.000000 0.035755
4218.000000 0.039177
4219.000000 0.036346
4220.000000 0.042664
4221.000000 0.041024
4222.000000 0.042220
4223.000000 0.041689
4224.000000 0.040107
4225.000000 0.037979
4226.000000 0.038437
4227.000000 0.038352
4228.000000 0.036550
4229.000000 0.031364
4230.000000 0.030584
4231.000000 0.035805
4232.000000 0.033596
4233.000000 0.031215
4234.000000 0.035983
4235.000000 0.038516
4236.000000 0.044354
4237.000000 0.040462
4238.000000 0.038445
4239.000000 0.032379
4240.000000 0.032705
4241.000000 0.036322
4242.000000 0.035313
4243.000000 0.035944
4244.000000 0.035460
4245.000000 0.036496
4246.000000 0.036539
4247.000000 0.038031
4248.000000 0.036930
4249.000000 0.036898
4250.000000 0.031448
4251.000000 0.034998
4252.000000 0.037598
4253.000000 0.034587
4254.000000 0.033013
4255.000000 0.033544
4256.000000 0.036441
4257.000000 0.039457
4258.000000 0.035959
4259.000000 0.033457
4260.000000 0.027806
4261.000000 0.029136
4262.000000 0.036001
4263.000000 0.031925
4264.000000 0.032880
4265.000000 0.037098
4266.000000 0.042867
4267.000000 0.041302
4268.000000 0.040848
4269.000000 0.040970
4270.000000 0.042242
4271.000000 0.042823
4272.000000 0.042953
4273.000000 0.045265
4274.000000 0.039744
4275.000000 0.040872
4276.000000 0.037572
4277.000000 0.035334
4278.000000 0.039558
4279.000000 0.051200
4280.000000 0.046376
4281.000000 0.043867
4282.000000 0.040382
4283.000000 0.036234
4284.000000 0.036584
4285.000000 0.032544
4286.000000 0.034696
4287.000000 0.034645
4288.000000 0.031533
4289.000000 0.030523
4290.000000 0.034688
4291.000000 0.039354
4292.000000 0.043102
4293.000000 0.048741
4294.000000 0.044288
4295.000000 0.040363
4296.000000 0.039217
4297.000000 0.037314
4298.000000 0.040787
4299.000000 0.043228
4300.000000 0.043932
4301.000000 0.044661
4302.000000 0.046410
4303.000000 0.038804
4304.000000 0.034816
4305.000000 0.033140
4306.000000 0.038637
4307.000000 0.035062
4308.000000 0.035743
4309.000000 0.029684
4310.000000 0.034822
4311.000000 0.029166
4312.000000 0.034461
4313.000000 0.040638
4314.000000 0.042061
4315.000000 0.042632
4316.000000 0.037709
4317.000000 0.038810
4318.000000 0.034236
4319.000000 0.029539
4320.000000 0.032354
4321.000000 0.033247
4322.000000 0.032787
4323.000000 0.031964
4324.000000 0.033620
4325.000000 0.036611
4326.000000 0.032994
4327.000000 0.032778
4328.000000 0.032032
4329.000000 0.033494
4330.000000 0.036123
4331.000000 0.041355
4332.000000 0.042153
4333.000000 0.045822
4334.000000 0.040927
4335.000000 0.037029
4336.000000 0.033737
4337.000000 0.033142
4338.000000 0.035678
4339.000000 0.032859
4340.000000 0.036373
4341.000000 0.039996
4342.000000 0.042504
4343.000000 0.043134
4344.000000 0.043252
4345.000000 0.037062
4346.000000 0.041119
4347.000000 0.037734
4348.000000 0.037478
4349.000000 0.033064
4350.000000 0.040204
4351.000000 0.038636
4352.000000 0.035851
4353.000000 0.035235
4354.000000 0.034444
4355.000000 0.033304
4356.000000 0.031997
4357.000000 0.028033
4358.000000 0.033470
4359.000000 0.032510
4360.000000 0.033702
4361.000000 0.034380
4362.000000 0.031371
4363.000000 0.027553
4364.000000 0.031827
4365.000000 0.037647
4366.000000 0.040347
4367.000000 0.044050
4368.000000 0.046095
4369.000000 0.044841
4370.000000 0.045186
4371.000000 0.038872
4372.000000 0.032214
4373.000000 0.031617
4374.000000 0.028313
4375.000000 0.027273
4376.000000 0.025677
4377.000000 0.030209
4378.000000 0.037723
4379.000000 0.035660
4380.000000 0.041646
4381.000000 0.039389
4382.000000 0.037806
4383.000000 0.036547
4384.000000 0.036103
4385.000000 0.034033
4386.000000 0.034286
4387.000000 0.036459
4388.000000 0.037393
4389.000000 0.040858
4390.000000 0.035698
4391.000000 0.033909
4392.000000 0.033680
4393.000000 0.032481
4394.000000 0.034614
4395.000000 0.032436
4396.000000 0.033563
4397.000000 0.030619
4398.000000 0.032070
4399.000000 0.041937
4400.000000 0.041654
4401.000000 0.042513
4402.000000 0.045297
4403.000000 0.044138
4404.000000 0.039577
4405.000000 0.034980
4406.000000 0.033722
4407.000000 0.030038
4408.000000 0.029275
4409.000000 0.028370
4410.000000 0.030627
4411.000000 0.036071
4412.000000 0.033266
4413.000000 0.038917
4414.000000 0.040947
4415.000000 0.045957
4416.000000 0.042766
4417.000000 0.043973
4418.000000 0.049038
4419.000000 0.045632
4420.000000 0.051871
4421.000000 0.050486
4422.000000 0.049439
4423.000000 0.044060
4424.000000 0.038822
4425.000000 0.045465
4426.000000 0.039109
4427.000000 0.034516
4428.000000 0.031641
4429.000000 0.030140
4430.000000 0.027248
4431.000000 0.030980
4432.000000 0.027854
4433.000000 0.030687
4434.000000 0.033498
4435.000000 0.033797
4436.000000 0.032093
4437.000000 0.031725
4438.000000 0.036728
4439.000000 0.038785
4440.000000 0.039592
4441.000000 0.043155
4442.000000 0.045176
4443.000000 0.041861
4444.000000 0.040584
4445.000000 0.037710
4446.000000 0.032447
4447.000000 0.036983
4448.000000 0.033152
4449.000000 0.035212
4450.000000 0.032922
4451.000000 0.029752
4452.000000 0.027815
4453.000000 0.028140
4454.000000 0.038434
4455.000000 0.036240
4456.000000 0.042223
4457.000000 0.044999
4458.000000 0.046430
4459.000000 0.043615
4460.000000 0.045977
4461.000000 0.042651
4462.000000 0.044228
4463.000000 0.039250
4464.000000 0.041751
4465.000000 0.040727
4466.000000 0.039524
4467.000000 0.036500
4468.000000 0.033110
4469.000000 0.033365
4470.000000 0.036384
4471.000000 0.033419
4472.000000 0.034645
4473.000000 0.035810
4474.000000 0.040438
4475.000000 0.044827
4476.000000 0.038860
4477.000000 0.041548
4478.000000 0.044410
4479.000000 0.044636
4480.000000 0.038581
4481.000000 0.036960
4482.000000 0.036018
4483.000000 0.036461
4484.000000 0.037583
4485.000000 0.041139
4486.000000 0.036686
4487.000000 0.034412
4488.000000 0.029696
4489.000000 0.032994
4490.000000 0.034383
4491.000000 0.035783
4492.000000 0.044787
4493.000000 0.039736
4494.000000 0.038833
4495.000000 0.037082
4496.000000 0.038766
4497.000000 0.037223
4498.000000 0.039997
4499.000000 0.039698
4500.000000 0.043594
4501.000000 0.045554
4502.000000 0.041881
4503.000000 0.037825
4504.000000 0.036824
4505.000000 0.036502
4506.000000 0.033502
4507.000000 0.033554
4508.000000 0.032269
4509.000000 0.032715
4510.000000 0.031752
4511.000000 0.032793
4512.000000 0.030656
4513.000000 0.030491
4514.000000 0.032046
4515.000000 0.039034
4516.000000 0.038895
4517.000000 0.035834
4518.000000 0.042496
4519.000000 0.045075
4520.000000 0.038133
4521.000000 0.037543
4522.000000 0.036738
4523.000000 0.030441
4524.000000 0.031136
4525.000000 0.029648
4526.000000 0.028991
4527.000000 0.032345
4528.000000 0.031557
4529.000000 0.029333
4530.000000 0.029023
4531.000000 0.037008
4532.000000 0.035830
4533.000000 0.032434
4534.000000 0.033736
4535.000000 0.035724
4536.000000 0.039801
4537.000000 0.038387
4538.000000 0.040785
4539.000000 0.039286
4540.000000 0.037866
4541.000000 0.038629
4542.000000 0.039165
4543.000000 0.037570
4544.000000 0.032509
4545.000000 0.041233
4546.000000 0.036973
4547.000000 0.037778
4548.000000 0.035088
4549.000000 0.039148
4550.000000 0.034382
4551.000000 0.035520
4552.000000 0.033134
4553.000000 0.037848
4554.000000 0.040098
4555.000000 0.036476
4556.000000 0.039234
4557.000000 0.037595
4558.000000 0.035621
4559.000000 0.033456
4560.000000 0.031993
4561.000000 0.035594
4562.000000 0.036667
4563.000000 0.041867
4564.000000 0.041998
4565.000000 0.043359
4566.000000 0.038754
4567.000000 0.037101
4568.000000 0.036916
4569.000000 0.035752
4570.000000 0.039425
4571.000000 0.037604
4572.000000 0.041035
4573.000000 0.040133
4574.000000 0.041927
4575.000000 0.043674
4576.000000 0.039901
4577.000000 0.039409
4578.000000 0.037189
4579.000000 0.034274
4580.000000 0.031064
4581.000000 0.026966
4582.000000 0.029643
4583.000000 0.035348
4584.000000 0.039504
4585.000000 0.045409
4586.000000 0.041096
4587.000000 0.043246
4588.000000 0.040960
4589.000000 0.039538
4590.000000 0.042628
4591.000000 0.041600
4592.000000 0.042271
4593.000000 0.039242
4594.000000 0.036879
4595.000000 0.037090
4596.000000 0.035956
4597.000000 0.038463
4598.000000 0.034685
4599.000000 0.034062
4600.000000 0.032930
4601.000000 0.028595
4602.000000 0.028191
4603.000000 0.031773
4604.000000 0.028302
4605.000000 0.029838
4606.000000 0.033348
4607.000000 0.037475
4608.000000 0.038316
4609.000000 0.038136
4610.000000 0.048276
4611.000000 0.048513
4612.000000 0.046078
4613.000000 0.045922
4614.000000 0.041702
4615.000000 0.047628
4616.000000 0.041760
4617.000000 0.037017
4618.000000 0.036581
4619.000000 0.047811
4620.000000 0.043115
4621.000000 0.042783
4622.000000 0.039356
4623.000000 0.038871
4624.000000 0.035984
4625.000000 0.035858
4626.000000 0.040931
4627.000000 0.042207
4628.000000 0.038886
4629.000000 0.035814
4630.000000 0.032908
4631.000000 0.031674
4632.000000 0.032122
4633.000000 0.037298
4634.000000 0.036327
4635.000000 0.039060
4636.000000 0.036122
4637.000000 0.037633
4638.000000 0.037453
4639.000000 0.044511
4640.000000 0.044770
4641.000000 0.043913
4642.000000 0.039124
4643.000000 0.036445
4644.000000 0.035227
4645.000000 0.035443
4646.000000 0.033723
4647.000000 0.037688
4648.000000 0.036256
4649.000000 0.033633
4650.000000 0.032407
4651.000000 0.033867
4652.000000 0.037302
4653.000000 0.034722
4654.000000 0.034119
4655.000000 0.041132
4656.000000 0.039142
4657.000000 0.046717
4658.000000 0.046240
4659.000000 0.048452
4660.000000 0.049257
4661.000000 0.044050
4662.000000 0.043250
4663.000000 0.037794
4664.000000 0.032617
4665.000000 0.031860
4666.000000 0.033163
4667.000000 0.032668
4668.000000 0.027443
4669.000000 0.033844
4670.000000 0.035703
4671.000000 0.034722
4672.000000 0.031500
4673.000000 0.031451
4674.000000 0.032837
4675.000000 0.037087
4676.000000 0.036492
4677.000000 0.040572
4678.000000 0.044859
4679.000000 0.045594
4680.000000 0.043420
4681.000000 0.039398
4682.000000 0.039976
4683.000000 0.038548
4684.000000 0.038417
4685.000000 0.037428
4686.000000 0.034255
4687.000000 0.032670
4688.000000 0.033529
4689.000000 0.039334
4690.000000 0.037263
4691.000000 0.037213
4692.000000 0.036787
4693.000000 0.033468
4694.000000 0.031806
4695.000000 0.033961
4696.000000 0.030153
4697.000000 0.042994
4698.000000 0.041335
4699.000000 0.047092
4700.000000 0.044321
4701.000000 0.039363
4702.000000 0.035739
4703.000000 0.032022
4704.000000 0.035357
4705.000000 0.036859
4706.000000 0.032790
4707.000000 0.038777
4708.000000 0.038366
4709.000000 0.038784
4710.000000 0.034077
4711.000000 0.032840
4712.000000 0.029733
4713.000000 0.024946
4714.000000 0.030076
4715.000000 0.035124
4716.000000 0.035524
4717.000000 0.032122
4718.000000 0.035110
4719.000000 0.032374
4720.000000 0.036169
4721.000000 0.038957
4722.000000 0.036753
4723.000000 0.046524
4724.000000 0.044005
4725.000000 0.039431
4726.000000 0.040377
4727.000000 0.040909
4728.000000 0.034788
4729.000000 0.038473
4730.000000 0.037693
4731.000000 0.043816
4732.000000 0.043009
4733.000000 0.039058
4734.000000 0.041317
4735.000000 0.039687
4736.000000 0.039055
4737.000000 0.038447
4738.000000 0.033928
4739.000000 0.032253
4740.000000 0.031812
4741.000000 0.033953
4742.000000 0.034336
4743.000000 0.040833
4744.000000 0.044543
4745.000000 0.046038
4746.000000 0.045108
4747.000000 0.041388
4748.000000 0.039422
4749.000000 0.038353
4750.000000 0.040089
4751.000000 0.039445
4752.000000 0.036489
4753.000000 0.037546
4754.000000 0.041873
4755.000000 0.038071
4756.000000 0.034338
4757.000000 0.032962
4758.000000 0.033534
4759.000000 0.038019
4760.000000 0.040461
4761.000000 0.039275
4762.000000 0.040220
4763.000000 0.047530
4764.000000 0.041862
4765.000000 0.040319
4766.000000 0.037074
4767.000000 0.044050
4768.000000 0.042498
4769.000000 0.047284
4770.000000 0.040530
4771.000000 0.037882
4772.000000 0.034071
4773.000000 0.032980
4774.000000 0.028131
4775.000000 0.024251
4776.000000 0.024233
4777.000000 0.029452
4778.000000 0.027870
4779.000000 0.030281
4780.000000 0.033908
4781.000000 0.031686
4782.000000 0.034694
4783.000000 0.032981
4784.000000 0.036050
4785.000000 0.042573
4786.000000 0.040213
4787.000000 0.042126
4788.000000 0.046488
4789.000000 0.052111
4790.000000 0.051189
4791.000000 0.045589
4792.000000 0.041520
4793.000000 0.039011
4794.000000 0.033595
4795.000000 0.033299
4796.000000 0.034066
4797.000000 0.033324
4798.000000 0.033744
4799.000000 0.038527
4800.000000 0.036202
4801.000000 0.038054
4802.000000 0.040148
4803.000000 0.039458
4804.000000 0.041147
4805.000000 0.040060
4806.000000 0.037671
4807.000000 0.036840
4808.000000 0.041334
4809.000000 0.041333
4810.000000 0.036990
4811.000000 0.032150
4812.000000 0.035204
4813.000000 0.037166
4814.000000 0.036971
4815.000000 0.035405
4816.000000 0.041483
4817.000000 0.039896
4818.000000 0.042574
4819.000000 0.040074
4820.000000 0.039803
4821.000000 0.044710
4822.000000 0.041634
4823.000000 0.044549
4824.000000 0.038251
4825.000000 0.035802
4826.000000 0.033939
4827.000000 0.035668
4828.000000 0.034262
4829.000000 0.033461
4830.000000 0.036310
4831.000000 0.037258
4832.000000 0.033734
4833.000000 0.030137
4834.000000 0.031354
4835.000000 0.029154
4836.000000 0.029200
4837.000000 0.031378
4838.000000 0.037333
4839.000000 0.039131
4840.000000 0.038714
4841.000000 0.035086
4842.000000 0.035615
4843.000000 0.040454
4844.000000 0.041821
4845.000000 0.040582
4846.000000 0.035098
4847.000000 0.036945
4848.000000 0.038028
4849.000000 0.038816
4850.000000 0.037270
4851.000000 0.037510
4852.000000 0.037911
4853.000000 0.032388
4854.000000 0.038672
4855.000000 0.044362
4856.000000 0.043519
4857.000000 0.043491
4858.000000 0.045051
4859.000000 0.046730
4860.000000 0.042261
4861.000000 0.040615
4862.000000 0.048060
4863.000000 0.047570
4864.000000 0.042312
4865.000000 0.036235
4866.000000 0.032302
4867.000000 0.030844
4868.000000 0.027790
4869.000000 0.024100
4870.000000 0.023243
4871.000000 0.023586
4872.000000 0.025320
4873.000000 0.026785
4874.000000 0.026128
4875.000000 0.035142
4876.000000 0.041773
4877.000000 0.043520
4878.000000 0.043687
4879.000000 0.043155
4880.000000 0.047383
4881.000000 0.047953
4882.000000 0.039695
4883.000000 0.036603
4884.000000 0.036528
4885.000000 0.037580
4886.000000 0.032246
4887.000000 0.031399
4888.000000 0.031884
4889.000000 0.030705
4890.000000 0.031911
4891.000000 0.027776
4892.000000 0.033634
4893.000000 0.034437
4894.000000 0.041395
4895.000000 0.041621
4896.000000 0.040308
4897.000000 0.043968
4898.000000 0.040845
4899.000000 0.037706
4900.000000 0.041662
4901.000000 0.044323
4902.000000 0.048210
4903.000000 0.043655
4904.000000 0.041850
4905.000000 0.038434
4906.000000 0.034582
4907.000000 0.032522
4908.000000 0.037681
4909.000000 0.036574
4910.000000 0.036300
4911.000000 0.036415
4912.000000 0.034337
4913.000000 0.037154
4914.000000 0.030821
4915.000000 0.033357
4916.000000 0.038683
4917.000000 0.035459
4918.000000 0.037420
4919.000000 0.043367
4920.000000 0.047044
4921.000000 0.040778
4922.000000 0.037539
4923.000000 0.038774
4924.000000 0.039602
4925.000000 0.042746
4926.000000 0.038093
4927.000000 0.039101
4928.000000 0.036007
4929.000000 0.034781
4930.000000 0.034472
4931.000000 0.029776
4932.000000 0.034186
4933.000000 0.031183
4934.000000 0.035729
4935.000000 0.034776
4936.000000 0.045008
4937.000000 0.044525
4938.000000 0.048909
4939.000000 0.047582
4940.000000 0.043413
4941.000000 0.046598
4942.000000 0.041312
4943.000000 0.039459
4944.000000 0.038026
4945.000000 0.041059
4946.000000 0.035553
4947.000000 0.035224
4948.000000 0.041115
4949.000000 0.042711
4950.000000 0.041259
4951.000000 0.041293
4952.000000 0.037953
4953.000000 0.037900
4954.000000 0.034578
4955.000000 0.033317
4956.000000 0.032518
4957.000000 0.035614
4958.000000 0.040233
4959.000000 0.038477
4960.000000 0.040128
4961.000000 0.037256
4962.000000 0.032669
4963.000000 0.033778
4964.000000 0.037530
4965.000000 0.041917
4966.000000 0.042385
4967.000000 0.042561
4968.000000 0.037473
4969.000000 0.036829
4970.000000 0.032281
4971.000000 0.033867
4972.000000 0.036214
4973.000000 0.035256
4974.000000 0.042774
4975.000000 0.036065
4976.000000 0.032372
4977.000000 0.032837
4978.000000 0.036078
4979.000000 0.032672
4980.000000 0.035083
4981.000000 0.033630
4982.000000 0.033896
4983.000000 0.037581
4984.000000 0.043494
4985.000000 0.043959
4986.000000 0.037868
4987.000000 0.035863
4988.000000 0.038583
4989.000000 0.042820
4990.000000 0.039713
4991.000000 0.041836
4992.000000 0.036256
4993.000000 0.033604
4994.000000 0.029076
4995.000000 0.029990
4996.000000 0.028025
4997.000000 0.031454
4998.000000 0.030859
4999.000000 0.030883
5000.000000 0.027808
