501.000000 0.058010
502.000000 0.060494
503.000000 0.061147
504.000000 0.061951
505.000000 0.061660
506.000000 0.072347
507.000000 0.069445
508.000000 0.063261
509.000000 0.065783
510.000000 0.060496
511.000000 0.055990
512.000000 0.074082
513.000000 0.063552
514.000000 0.074499
515.000000 0.069612
516.000000 0.076290
517.000000 0.078754
518.000000 0.085344
519.000000 0.083983
520.000000 0.082472
521.000000 0.073328
522.000000 0.070702
523.000000 0.063041
524.000000 0.054329
525.000000 0.051695
526.000000 0.046695
527.000000 0.040513
528.000000 0.033616
529.000000 0.027948
530.000000 0.029685
531.000000 0.032933
532.000000 0.027584
533.000000 0.027418
534.000000 0.035114
535.000000 0.045160
536.000000 0.065401
537.000000 0.055791
538.000000 0.057171
539.000000 0.054420
540.000000 0.067413
541.000000 0.061461
542.000000 0.056527
543.000000 0.068146
544.000000 0.086368
545.000000 0.076626
546.000000 0.079347
547.000000 0.078020
548.000000 0.077650
549.000000 0.069415
550.000000 0.064858
551.000000 0.055858
552.000000 0.055318
553.000000 0.053607
554.000000 0.052534
555.000000 0.061170
556.000000 0.054758
557.000000 0.048979
558.000000 0.055074
559.000000 0.072086
560.000000 0.071112
561.000000 0.060875
562.000000 0.075370
563.000000 0.076076
564.000000 0.071698
565.000000 0.072884
566.000000 0.070967
567.000000 0.072342
568.000000 0.061741
569.000000 0.064507
570.000000 0.070026
571.000000 0.065684
572.000000 0.057507
573.000000 0.052248
574.000000 0.050765
575.000000 0.047584
576.000000 0.055536
577.000000 0.046120
578.000000 0.052566
579.000000 0.056029
580.000000 0.072221
581.000000 0.064920
582.000000 0.078667
583.000000 0.074261
584.000000 0.072413
585.000000 0.072668
586.000000 0.065736
587.000000 0.054391
588.000000 0.045166
589.000000 0.039362
590.000000 0.042244
591.000000 0.057001
592.000000 0.057129
593.000000 0.052416
594.000000 0.047102
595.000000 0.052091
596.000000 0.043194
597.000000 0.035890
598.000000 0.049376
599.000000 0.043629
600.000000 0.038177
601.000000 0.049917
602.000000 0.073097
603.000000 0.078322
604.000000 0.072206
605.000000 0.068596
606.000000 0.066102
607.000000 0.069318
608.000000 0.061747
609.000000 0.059771
610.000000 0.071371
611.000000 0.067539
612.000000 0.061352
613.000000 0.062372
614.000000 0.065678
615.000000 0.057300
616.000000 0.049659
617.000000 0.062679
618.000000 0.055883
619.000000 0.060039
620.000000 0.063666
621.000000 0.066741
622.000000 0.059432
623.000000 0.069600
624.000000 0.070496
625.000000 0.064083
626.000000 0.066684
627.000000 0.059875
628.000000 0.065467
629.000000 0.057204
630.000000 0.055378
631.000000 0.058002
632.000000 0.063040
633.000000 0.054053
634.000000 0.047393
635.000000 0.049054
636.000000 0.045104
637.000000 0.057694
638.000000 0.062972
639.000000 0.060250
640.000000 0.063098
641.000000 0.078079
642.000000 0.076608
643.000000 0.076919
644.000000 0.079181
645.000000 0.088828
646.000000 0.092937
647.000000 0.086007
648.000000 0.070986
649.000000 0.062425
650.000000 0.073818
651.000000 0.076493
652.000000 0.076671
653.000000 0.067221
654.000000 0.065145
655.000000 0.068958
656.000000 0.072500
657.000000 0.078113
658.000000 0.068731
659.000000 0.081360
660.000000 0.084926
661.000000 0.082015
662.000000 0.082604
663.000000 0.079101
664.000000 0.070403
665.000000 0.070114
666.000000 0.065105
667.000000 0.059570
668.000000 0.055173
669.000000 0.054753
670.000000 0.047353
671.000000 0.048684
672.000000 0.045886
673.000000 0.050226
674.000000 0.062779
675.000000 0.061668
676.000000 0.058073
677.000000 0.062257
678.000000 0.058952
679.000000 0.060855
680.000000 0.058497
681.000000 0.052244
682.000000 0.057259
683.000000 0.065408
684.000000 0.066509
685.000000 0.064145
686.000000 0.069475
687.000000 0.068366
688.000000 0.058114
689.000000 0.049698
690.000000 0.044627
691.000000 0.051386
692.000000 0.057327
693.000000 0.058397
694.000000 0.059065
695.000000 0.051567
696.000000 0.050258
697.000000 0.052606
698.000000 0.061865
699.000000 0.070294
700.000000 0.073058
701.000000 0.076434
702.000000 0.081128
703.000000 0.067433
704.000000 0.070522
705.000000 0.072484
706.000000 0.077573
707.000000 0.069652
708.000000 0.060367
709.000000 0.057979
710.000000 0.048386
711.000000 0.040074
712.000000 0.049373
713.000000 0.049691
714.000000 0.055405
715.000000 0.053636
716.000000 0.052483
717.000000 0.051047
718.000000 0.043571
719.000000 0.038262
720.000000 0.045740
721.000000 0.045130
722.000000 0.040629
723.000000 0.043770
724.000000 0.044544
725.000000 0.055466
726.000000 0.048742
727.000000 0.056494
728.000000 0.069244
729.000000 0.063619
730.000000 0.062097
731.000000 0.064964
732.000000 0.057785
733.000000 0.064047
734.000000 0.067408
735.000000 0.064003
736.000000 0.067809
737.000000 0.065262
738.000000 0.069427
739.000000 0.063392
740.000000 0.061980
741.000000 0.067878
742.000000 0.073834
743.000000 0.070773
744.000000 0.066786
745.000000 0.055726
746.000000 0.049989
747.000000 0.049278
748.000000 0.043520
749.000000 0.037467
750.000000 0.039573
751.000000 0.049134
752.000000 0.052705
753.000000 0.045994
754.000000 0.055634
755.000000 0.048022
756.000000 0.053892
757.000000 0.047895
758.000000 0.056062
759.000000 0.053779
760.000000 0.077751
761.000000 0.082174
762.000000 0.097410
763.000000 0.095083
764.000000 0.091018
765.000000 0.089343
766.000000 0.091232
767.000000 0.084970
768.000000 0.073387
769.000000 0.069856
770.000000 0.063796
771.000000 0.070643
772.000000 0.058857
773.000000 0.059356
774.000000 0.055106
775.000000 0.060089
776.000000 0.060704
777.000000 0.060749
778.000000 0.063121
779.000000 0.063525
780.000000 0.060032
781.000000 0.067169
782.000000 0.062142
783.000000 0.054047
784.000000 0.046393
785.000000 0.041865
786.000000 0.044582
787.000000 0.051529
788.000000 0.045814
789.000000 0.046459
790.000000 0.052847
791.000000 0.050552
792.000000 0.051154
793.000000 0.056496
794.000000 0.048607
795.000000 0.052661
796.000000 0.051673
797.000000 0.046753
798.000000 0.045547
799.000000 0.055037
800.000000 0.058897
801.000000 0.053697
802.000000 0.052283
803.000000 0.053380
804.000000 0.044485
805.000000 0.047428
806.000000 0.044382
807.000000 0.057419
808.000000 0.075072
809.000000 0.084379
810.000000 0.078056
811.000000 0.083392
812.000000 0.079803
813.000000 0.090365
814.000000 0.083445
815.000000 0.087474
816.000000 0.072233
817.000000 0.067370
818.000000 0.074169
819.000000 0.067926
820.000000 0.062630
821.000000 0.063620
822.000000 0.071395
823.000000 0.066773
824.000000 0.057575
825.000000 0.056145
826.000000 0.059423
827.000000 0.056442
828.000000 0.054637
829.000000 0.059087
830.000000 0.069390
831.000000 0.062218
832.000000 0.052153
833.000000 0.047301
834.000000 0.050174
835.000000 0.048552
836.000000 0.049290
837.000000 0.049648
838.000000 0.055514
839.000000 0.058451
840.000000 0.053097
841.000000 0.047763
842.000000 0.047125
843.000000 0.044177
844.000000 0.055153
845.000000 0.063242
846.000000 0.052435
847.000000 0.053119
848.000000 0.052205
849.000000 0.056484
850.000000 0.065132
851.000000 0.059809
852.000000 0.071793
853.000000 0.065158
854.000000 0.071590
855.000000 0.069218
856.000000 0.067053
857.000000 0.058384
858.000000 0.058610
859.000000 0.059089
860.000000 0.057970
861.000000 0.055478
862.000000 0.057388
863.000000 0.060056
864.000000 0.065778
865.000000 0.055806
866.000000 0.057818
867.000000 0.067257
868.000000 0.068242
869.000000 0.065274
870.000000 0.076853
871.000000 0.077844
872.000000 0.065743
873.000000 0.070663
874.000000 0.076664
875.000000 0.066572
876.000000 0.059180
877.000000 0.066621
878.000000 0.057889
879.000000 0.056125
880.000000 0.048938
881.000000 0.047630
882.000000 0.054816
883.000000 0.054136
884.000000 0.058770
885.000000 0.061166
886.000000 0.062187
887.000000 0.056162
888.000000 0.057568
889.000000 0.071230
890.000000 0.070419
891.000000 0.065412
892.000000 0.076787
893.000000 0.075771
894.000000 0.069754
895.000000 0.063805
896.000000 0.061417
897.000000 0.059759
898.000000 0.054438
899.000000 0.046966
900.000000 0.042166
901.000000 0.041787
902.000000 0.038375
903.000000 0.039397
904.000000 0.046348
905.000000 0.042638
906.000000 0.036913
907.000000 0.034586
908.000000 0.030393
909.000000 0.055066
910.000000 0.049106
911.000000 0.062412
912.000000 0.074266
913.000000 0.067000
914.000000 0.074034
915.000000 0.070213
916.000000 0.067560
917.000000 0.073199
918.000000 0.065358
919.000000 0.064965
920.000000 0.055952
921.000000 0.072182
922.000000 0.074737
923.000000 0.073835
924.000000 0.071155
925.000000 0.066691
926.000000 0.058194
927.000000 0.054478
928.000000 0.063640
929.000000 0.054058
930.000000 0.050373
931.000000 0.046847
932.000000 0.049560
933.000000 0.053427
934.000000 0.075975
935.000000 0.073457
936.000000 0.072086
937.000000 0.072609
938.000000 0.068515
939.000000 0.060375
940.000000 0.067343
941.000000 0.065719
942.000000 0.061112
943.000000 0.054396
944.000000 0.049510
945.000000 0.054500
946.000000 0.047981
947.000000 0.061699
948.000000 0.052799
949.000000 0.055363
950.000000 0.059787
951.000000 0.064740
952.000000 0.064347
953.000000 0.056955
954.000000 0.065149
955.000000 0.068803
956.000000 0.071629
957.000000 0.075384
958.000000 0.066763
959.000000 0.068107
960.000000 0.063183
961.000000 0.069035
962.000000 0.062737
963.000000 0.068751
964.000000 0.061559
965.000000 0.062098
966.000000 0.059127
967.000000 0.065544
968.000000 0.063588
969.000000 0.058179
970.000000 0.052511
971.000000 0.046490
972.000000 0.044354
973.000000 0.058052
974.000000 0.050131
975.000000 0.056927
976.000000 0.061806
977.000000 0.059193
978.000000 0.049061
979.000000 0.056674
980.000000 0.047095
981.000000 0.045381
982.000000 0.059169
983.000000 0.063784
984.000000 0.078126
985.000000 0.069994
986.000000 0.066672
987.000000 0.069591
988.000000 0.070459
989.000000 0.070209
990.000000 0.073967
991.000000 0.083005
992.000000 0.079251
993.000000 0.082673
994.000000 0.073098
995.000000 0.066835
996.000000 0.078125
997.000000 0.067961
998.000000 0.066920
999.000000 0.066061
1000.000000 0.059619
1001.000000 0.064173
1002.000000 0.053127
1003.000000 0.063133
1004.000000 0.052165
1005.000000 0.049250
1006.000000 0.056735
1007.000000 0.067443
1008.000000 0.064777
1009.000000 0.069644
1010.000000 0.068836
1011.000000 0.077431
1012.000000 0.081647
1013.000000 0.091770
1014.000000 0.081714
1015.000000 0.086274
1016.000000 0.077665
1017.000000 0.075269
1018.000000 0.065683
1019.000000 0.058911
1020.000000 0.058490
1021.000000 0.060865
1022.000000 0.057552
1023.000000 0.049132
1024.000000 0.043644
1025.000000 0.044688
1026.000000 0.044065
1027.000000 0.036703
1028.000000 0.038249
1029.000000 0.039745
1030.000000 0.051245
1031.000000 0.066642
1032.000000 0.069841
1033.000000 0.099080
1034.000000 0.093142
1035.000000 0.087684
1036.000000 0.088144
1037.000000 0.075738
1038.000000 0.089861
1039.000000 0.087233
1040.000000 0.088035
1041.000000 0.077983
1042.000000 0.077886
1043.000000 0.074580
1044.000000 0.066658
1045.000000 0.061177
1046.000000 0.058025
1047.000000 0.056456
1048.000000 0.058992
1049.000000 0.048907
1050.000000 0.054049
1051.000000 0.056258
1052.000000 0.066692
1053.000000 0.061423
1054.000000 0.060552
1055.000000 0.059482
1056.000000 0.066387
1057.000000 0.058488
1058.000000 0.067344
1059.000000 0.065630
1060.000000 0.064562
1061.000000 0.062207
1062.000000 0.074981
1063.000000 0.077792
1064.000000 0.066743
1065.000000 0.065960
1066.000000 0.061966
1067.000000 0.056806
1068.000000 0.059715
1069.000000 0.070013
1070.000000 0.063178
1071.000000 0.064805
1072.000000 0.060662
1073.000000 0.054353
1074.000000 0.056657
1075.000000 0.054934
1076.000000 0.054394
1077.000000 0.058377
1078.000000 0.066219
1079.000000 0.072169
1080.000000 0.070121
1081.000000 0.072077
1082.000000 0.074893
1083.000000 0.075672
1084.000000 0.078715
1085.000000 0.072743
1086.000000 0.066283
1087.000000 0.063971
1088.000000 0.065425
1089.000000 0.070004
1090.000000 0.068486
1091.000000 0.058155
1092.000000 0.051480
1093.000000 0.046779
1094.000000 0.047649
1095.000000 0.046829
1096.000000 0.040468
1097.000000 0.035970
1098.000000 0.042170
1099.000000 0.042396
1100.000000 0.038939
1101.000000 0.041582
1102.000000 0.042124
1103.000000 0.041831
1104.000000 0.069772
1105.000000 0.071705
1106.000000 0.080005
1107.000000 0.073234
1108.000000 0.065272
1109.000000 0.072294
1110.000000 0.065133
1111.000000 0.053862
1112.000000 0.052417
1113.000000 0.043438
1114.000000 0.041898
1115.000000 0.037340
1116.000000 0.036835
1117.000000 0.040403
1118.000000 0.041163
1119.000000 0.037472
1120.000000 0.039776
1121.000000 0.038623
1122.000000 0.047730
1123.000000 0.049533
1124.000000 0.055627
1125.000000 0.079127
1126.000000 0.077675
1127.000000 0.083822
1128.000000 0.076921
1129.000000 0.074861
1130.000000 0.063570
1131.000000 0.060444
1132.000000 0.069041
1133.000000 0.062236
1134.000000 0.064996
1135.000000 0.060823
1136.000000 0.062160
1137.000000 0.059920
1138.000000 0.055589
1139.000000 0.063413
1140.000000 0.072260
1141.000000 0.078000
1142.000000 0.080410
1143.000000 0.093425
1144.000000 0.103819
1145.000000 0.107923
1146.000000 0.101297
1147.000000 0.089990
1148.000000 0.104148
1149.000000 0.089634
1150.000000 0.095859
1151.000000 0.084095
1152.000000 0.075754
1153.000000 0.081672
1154.000000 0.072950
1155.000000 0.063336
1156.000000 0.059432
1157.000000 0.057075
1158.000000 0.058139
1159.000000 0.055562
1160.000000 0.050048
1161.000000 0.048747
1162.000000 0.053543
1163.000000 0.049067
1164.000000 0.057093
1165.000000 0.058787
1166.000000 0.060516
1167.000000 0.083507
1168.000000 0.080026
1169.000000 0.067910
1170.000000 0.059335
1171.000000 0.054674
1172.000000 0.055810
1173.000000 0.059624
1174.000000 0.052020
1175.000000 0.049252
1176.000000 0.054508
1177.000000 0.060697
1178.000000 0.057917
1179.000000 0.059683
1180.000000 0.051189
1181.000000 0.046079
1182.000000 0.057448
1183.000000 0.065660
1184.000000 0.070026
1185.000000 0.071924
1186.000000 0.080899
1187.000000 0.088941
1188.000000 0.080203
1189.000000 0.075428
1190.000000 0.073015
1191.000000 0.062810
1192.000000 0.067945
1193.000000 0.070026
1194.000000 0.065027
1195.000000 0.067029
1196.000000 0.057333
1197.000000 0.051449
1198.000000 0.045008
1199.000000 0.053403
1200.000000 0.047963
1201.000000 0.045812
1202.000000 0.041797
1203.000000 0.039807
1204.000000 0.044156
1205.000000 0.043652
1206.000000 0.062572
1207.000000 0.067720
1208.000000 0.061524
1209.000000 0.060070
1210.000000 0.074743
1211.000000 0.072459
1212.000000 0.067231
1213.000000 0.069161
1214.000000 0.065600
1215.000000 0.072401
1216.000000 0.059786
1217.000000 0.059128
1218.000000 0.067861
1219.000000 0.061993
1220.000000 0.055452
1221.000000 0.047537
1222.000000 0.042959
1223.000000 0.037289
1224.000000 0.038574
1225.000000 0.041046
1226.000000 0.034069
1227.000000 0.040984
1228.000000 0.042106
1229.000000 0.040750
1230.000000 0.064477
1231.000000 0.055910
1232.000000 0.060756
1233.000000 0.053838
1234.000000 0.053983
1235.000000 0.062364
1236.000000 0.073238
1237.000000 0.064030
1238.000000 0.082689
1239.000000 0.084238
1240.000000 0.073779
1241.000000 0.062392
1242.000000 0.054511
1243.000000 0.070239
1244.000000 0.071831
1245.000000 0.064126
1246.000000 0.061486
1247.000000 0.058165
1248.000000 0.061208
1249.000000 0.061268
1250.000000 0.058291
1251.000000 0.049876
1252.000000 0.051745
1253.000000 0.042929
1254.000000 0.037487
1255.000000 0.034736
1256.000000 0.052400
1257.000000 0.059819
1258.000000 0.055214
1259.000000 0.060363
1260.000000 0.055924
1261.000000 0.057548
1262.000000 0.071371
1263.000000 0.076860
1264.000000 0.083366
1265.000000 0.077055
1266.000000 0.073301
1267.000000 0.063546
1268.000000 0.057382
1269.000000 0.050558
1270.000000 0.041931
1271.000000 0.044140
1272.000000 0.064000
1273.000000 0.059119
1274.000000 0.051868
1275.000000 0.050615
1276.000000 0.049404
1277.000000 0.049511
1278.000000 0.053973
1279.000000 0.066557
1280.000000 0.064926
1281.000000 0.067037
1282.000000 0.059819
1283.000000 0.051926
1284.000000 0.055929
1285.000000 0.060698
1286.000000 0.058719
1287.000000 0.052723
1288.000000 0.063629
1289.000000 0.069747
1290.000000 0.058062
1291.000000 0.064778
1292.000000 0.060170
1293.000000 0.060560
1294.000000 0.061684
1295.000000 0.056320
1296.000000 0.057626
1297.000000 0.053756
1298.000000 0.055410
1299.000000 0.059363
1300.000000 0.052224
1301.000000 0.053457
1302.000000 0.063185
1303.000000 0.061891
1304.000000 0.063804
1305.000000 0.074354
1306.000000 0.071596
1307.000000 0.073018
1308.000000 0.062024
1309.000000 0.053443
1310.000000 0.048522
1311.000000 0.056897
1312.000000 0.053631
1313.000000 0.049141
1314.000000 0.045572
1315.000000 0.059877
1316.000000 0.069730
1317.000000 0.070202
1318.000000 0.064058
1319.000000 0.065567
1320.000000 0.059185
1321.000000 0.061953
1322.000000 0.065212
1323.000000 0.062210
1324.000000 0.061768
1325.000000 0.060484
1326.000000 0.065028
1327.000000 0.058796
1328.000000 0.058367
1329.000000 0.075241
1330.000000 0.078724
1331.000000 0.092980
1332.000000 0.081124
1333.000000 0.078846
1334.000000 0.070060
1335.000000 0.071249
1336.000000 0.084501
1337.000000 0.079522
1338.000000 0.073243
1339.000000 0.076628
1340.000000 0.094195
1341.000000 0.089501
1342.000000 0.086076
1343.000000 0.081310
1344.000000 0.080312
1345.000000 0.079537
1346.000000 0.067448
1347.000000 0.063607
1348.000000 0.057584
1349.000000 0.053536
1350.000000 0.061369
1351.000000 0.052368
1352.000000 0.049700
1353.000000 0.045692
1354.000000 0.040642
1355.000000 0.039033
1356.000000 0.043690
1357.000000 0.042313
1358.000000 0.042252
1359.000000 0.041567
1360.000000 0.046314
1361.000000 0.049764
1362.000000 0.050118
1363.000000 0.054803
1364.000000 0.070245
1365.000000 0.086140
1366.000000 0.081238
1367.000000 0.075550
1368.000000 0.068303
1369.000000 0.070509
1370.000000 0.060662
1371.000000 0.053756
1372.000000 0.049599
1373.000000 0.046853
1374.000000 0.041407
1375.000000 0.046052
1376.000000 0.059738
1377.000000 0.058949
1378.000000 0.068234
1379.000000 0.056837
1380.000000 0.047203
1381.000000 0.049115
1382.000000 0.055316
1383.000000 0.061356
1384.000000 0.059706
1385.000000 0.055235
1386.000000 0.047474
1387.000000 0.046052
1388.000000 0.045807
1389.000000 0.050726
1390.000000 0.045155
1391.000000 0.055943
1392.000000 0.058585
1393.000000 0.063192
1394.000000 0.057408
1395.000000 0.073136
1396.000000 0.070593
1397.000000 0.069902
1398.000000 0.077266
1399.000000 0.067025
1400.000000 0.065425
1401.000000 0.054076
1402.000000 0.060902
1403.000000 0.062078
1404.000000 0.061219
1405.000000 0.056594
1406.000000 0.046774
1407.000000 0.040602
1408.000000 0.050233
1409.000000 0.046165
1410.000000 0.043367
1411.000000 0.043537
1412.000000 0.040098
1413.000000 0.051855
1414.000000 0.055226
1415.000000 0.062287
1416.000000 0.054401
1417.000000 0.056662
1418.000000 0.052673
1419.000000 0.048898
1420.000000 0.051946
1421.000000 0.055676
1422.000000 0.061014
1423.000000 0.057961
1424.000000 0.058949
1425.000000 0.073048
1426.000000 0.066555
1427.000000 0.056972
1428.000000 0.058878
1429.000000 0.055189
1430.000000 0.046956
1431.000000 0.041473
1432.000000 0.065815
1433.000000 0.065995
1434.000000 0.067403
1435.000000 0.060490
1436.000000 0.061060
1437.000000 0.070976
1438.000000 0.065430
1439.000000 0.065969
1440.000000 0.071828
1441.000000 0.073079
1442.000000 0.065547
1443.000000 0.080857
1444.000000 0.069323
1445.000000 0.065019
1446.000000 0.084663
1447.000000 0.089825
1448.000000 0.090049
1449.000000 0.078435
1450.000000 0.072842
1451.000000 0.062941
1452.000000 0.061779
1453.000000 0.055939
1454.000000 0.046238
1455.000000 0.045143
1456.000000 0.039147
1457.000000 0.048015
1458.000000 0.039740
1459.000000 0.037930
1460.000000 0.032241
1461.000000 0.030857
1462.000000 0.043670
1463.000000 0.043082
1464.000000 0.053366
1465.000000 0.051425
1466.000000 0.054316
1467.000000 0.061108
1468.000000 0.061495
1469.000000 0.079960
1470.000000 0.087626
1471.000000 0.085741
1472.000000 0.084519
1473.000000 0.079400
1474.000000 0.077439
1475.000000 0.078258
1476.000000 0.067391
1477.000000 0.060038
1478.000000 0.057266
1479.000000 0.050103
1480.000000 0.048483
1481.000000 0.042636
1482.000000 0.040532
1483.000000 0.051339
1484.000000 0.045669
1485.000000 0.046554
1486.000000 0.060667
1487.000000 0.058923
1488.000000 0.050584
1489.000000 0.061191
1490.000000 0.072595
1491.000000 0.071840
1492.000000 0.086789
1493.000000 0.079718
1494.000000 0.074139
1495.000000 0.072474
1496.000000 0.074987
1497.000000 0.065593
1498.000000 0.061983
1499.000000 0.076418
1500.000000 0.076881
1501.000000 0.071091
1502.000000 0.061944
1503.000000 0.068052
1504.000000 0.070048
1505.000000 0.075780
1506.000000 0.064899
1507.000000 0.054941
1508.000000 0.056097
1509.000000 0.046478
1510.000000 0.052506
1511.000000 0.056386
1512.000000 0.067253
1513.000000 0.063885
1514.000000 0.061788
1515.000000 0.051116
1516.000000 0.056008
1517.000000 0.053235
1518.000000 0.053388
1519.000000 0.050173
1520.000000 0.056780
1521.000000 0.055572
1522.000000 0.056064
1523.000000 0.059244
1524.000000 0.067550
1525.000000 0.066694
1526.000000 0.072903
1527.000000 0.072503
1528.000000 0.066884
1529.000000 0.067025
1530.000000 0.067334
1531.000000 0.071045
1532.000000 0.064291
1533.000000 0.053155
1534.000000 0.063257
1535.000000 0.072555
1536.000000 0.069112
1537.000000 0.068638
1538.000000 0.072299
1539.000000 0.062898
1540.000000 0.054096
1541.000000 0.053016
1542.000000 0.046742
1543.000000 0.056622
1544.000000 0.052616
1545.000000 0.054991
1546.000000 0.059134
1547.000000 0.069363
1548.000000 0.066169
1549.000000 0.069385
1550.000000 0.070555
1551.000000 0.060833
1552.000000 0.062222
1553.000000 0.058161
1554.000000 0.059431
1555.000000 0.050337
1556.000000 0.051323
1557.000000 0.045730
1558.000000 0.045660
1559.000000 0.042452
1560.000000 0.040220
1561.000000 0.036287
1562.000000 0.037873
1563.000000 0.051061
1564.000000 0.055680
1565.000000 0.064568
1566.000000 0.064936
1567.000000 0.064839
1568.000000 0.060308
1569.000000 0.057855
1570.000000 0.086529
1571.000000 0.076923
1572.000000 0.076528
1573.000000 0.074287
1574.000000 0.069727
1575.000000 0.074824
1576.000000 0.076984
1577.000000 0.065829
1578.000000 0.061461
1579.000000 0.059363
1580.000000 0.065687
1581.000000 0.065310
1582.000000 0.063053
1583.000000 0.058255
1584.000000 0.055433
1585.000000 0.045863
1586.000000 0.046800
1587.000000 0.053548
1588.000000 0.055433
1589.000000 0.054437
1590.000000 0.054453
1591.000000 0.061145
1592.000000 0.059526
1593.000000 0.054938
1594.000000 0.052359
1595.000000 0.054214
1596.000000 0.061253
1597.000000 0.064017
1598.000000 0.074276
1599.000000 0.078946
1600.000000 0.080004
1601.000000 0.078840
1602.000000 0.073411
1603.000000 0.067298
1604.000000 0.057652
1605.000000 0.054277
1606.000000 0.047513
1607.000000 0.054648
1608.000000 0.048684
1609.000000 0.047198
1610.000000 0.055316
1611.000000 0.047418
1612.000000 0.046101
1613.000000 0.047346
1614.000000 0.050732
1615.000000 0.046899
1616.000000 0.042217
1617.000000 0.041544
1618.000000 0.039751
1619.000000 0.038795
1620.000000 0.052992
1621.000000 0.066899
1622.000000 0.075055
1623.000000 0.065327
1624.000000 0.062556
1625.000000 0.073811
1626.000000 0.070130
1627.000000 0.071501
1628.000000 0.073488
1629.000000 0.064199
1630.000000 0.059092
1631.000000 0.067516
1632.000000 0.063581
1633.000000 0.063327
1634.000000 0.052824
1635.000000 0.056408
1636.000000 0.064590
1637.000000 0.071650
1638.000000 0.066777
1639.000000 0.061153
1640.000000 0.064844
1641.000000 0.065948
1642.000000 0.066810
1643.000000 0.065383
1644.000000 0.058192
1645.000000 0.053117
1646.000000 0.066789
1647.000000 0.056531
1648.000000 0.059998
1649.000000 0.060663
1650.000000 0.067481
1651.000000 0.068482
1652.000000 0.064478
1653.000000 0.064821
1654.000000 0.060918
1655.000000 0.062223
1656.000000 0.054769
1657.000000 0.066105
1658.000000 0.071086
1659.000000 0.070344
1660.000000 0.069579
1661.000000 0.076669
1662.000000 0.068178
1663.000000 0.066612
1664.000000 0.061814
1665.000000 0.087638
1666.000000 0.083383
1667.000000 0.073094
1668.000000 0.061032
1669.000000 0.051877
1670.000000 0.064929
1671.000000 0.059484
1672.000000 0.059703
1673.000000 0.050243
1674.000000 0.061047
1675.000000 0.056938
1676.000000 0.050697
1677.000000 0.048406
1678.000000 0.061702
1679.000000 0.066500
1680.000000 0.070533
1681.000000 0.066859
1682.000000 0.056728
1683.000000 0.055765
1684.000000 0.071447
1685.000000 0.071754
1686.000000 0.064446
1687.000000 0.064740
1688.000000 0.053723
1689.000000 0.048285
1690.000000 0.050307
1691.000000 0.045334
1692.000000 0.040141
1693.000000 0.039368
1694.000000 0.038023
1695.000000 0.032223
1696.000000 0.038877
1697.000000 0.032389
1698.000000 0.031524
1699.000000 0.026488
1700.000000 0.030483
1701.000000 0.042499
1702.000000 0.052810
1703.000000 0.077413
1704.000000 0.079595
1705.000000 0.075283
1706.000000 0.077487
1707.000000 0.077855
1708.000000 0.077690
1709.000000 0.075555
1710.000000 0.074582
1711.000000 0.074058
1712.000000 0.072499
1713.000000 0.060723
1714.000000 0.052006
1715.000000 0.057225
1716.000000 0.051774
1717.000000 0.044586
1718.000000 0.045946
1719.000000 0.038079
1720.000000 0.035532
1721.000000 0.038679
1722.000000 0.043850
1723.000000 0.049218
1724.000000 0.049376
1725.000000 0.064311
1726.000000 0.057353
1727.000000 0.056125
1728.000000 0.055569
1729.000000 0.058540
1730.000000 0.053875
1731.000000 0.048900
1732.000000 0.047582
1733.000000 0.041687
1734.000000 0.037201
1735.000000 0.038759
1736.000000 0.043931
1737.000000 0.039451
1738.000000 0.037484
1739.000000 0.045585
1740.000000 0.049476
1741.000000 0.051682
1742.000000 0.058590
1743.000000 0.051978
1744.000000 0.058348
1745.000000 0.054176
1746.000000 0.075380
1747.000000 0.073831
1748.000000 0.070032
1749.000000 0.089589
1750.000000 0.087654
1751.000000 0.084614
1752.000000 0.081170
1753.000000 0.078136
1754.000000 0.072241
1755.000000 0.066745
1756.000000 0.059719
1757.000000 0.063989
1758.000000 0.052932
1759.000000 0.049890
1760.000000 0.046454
1761.000000 0.043017
1762.000000 0.047719
1763.000000 0.049811
1764.000000 0.051615
1765.000000 0.046862
1766.000000 0.056435
1767.000000 0.048724
1768.000000 0.049031
1769.000000 0.042919
1770.000000 0.035681
1771.000000 0.043245
1772.000000 0.049406
1773.000000 0.065794
1774.000000 0.069414
1775.000000 0.068415
1776.000000 0.059380
1777.000000 0.054654
1778.000000 0.051107
1779.000000 0.045366
1780.000000 0.042278
1781.000000 0.050647
1782.000000 0.048027
1783.000000 0.062604
1784.000000 0.057963
1785.000000 0.065799
1786.000000 0.062054
1787.000000 0.071253
1788.000000 0.073839
1789.000000 0.065751
1790.000000 0.071221
1791.000000 0.082252
1792.000000 0.079829
1793.000000 0.071480
1794.000000 0.070445
1795.000000 0.070210
1796.000000 0.075913
1797.000000 0.081302
1798.000000 0.071294
1799.000000 0.065896
1800.000000 0.057892
1801.000000 0.049772
1802.000000 0.049177
1803.000000 0.054244
1804.000000 0.046530
1805.000000 0.047372
1806.000000 0.045064
1807.000000 0.043567
1808.000000 0.048455
1809.000000 0.046438
1810.000000 0.052383
1811.000000 0.055022
1812.000000 0.061572
1813.000000 0.069556
1814.000000 0.070747
1815.000000 0.062555
1816.000000 0.069250
1817.000000 0.065771
1818.000000 0.082805
1819.000000 0.084075
1820.000000 0.081267
1821.000000 0.075000
1822.000000 0.074933
1823.000000 0.073185
1824.000000 0.063730
1825.000000 0.058747
1826.000000 0.050108
1827.000000 0.047381
1828.000000 0.054986
1829.000000 0.052385
1830.000000 0.043765
1831.000000 0.038873
1832.000000 0.033925
1833.000000 0.046309
1834.000000 0.038495
1835.000000 0.032226
1836.000000 0.037087
1837.000000 0.052682
1838.000000 0.066710
1839.000000 0.067311
1840.000000 0.077104
1841.000000 0.072076
1842.000000 0.065250
1843.000000 0.079526
1844.000000 0.076861
1845.000000 0.063482
1846.000000 0.066845
1847.000000 0.064245
1848.000000 0.054537
1849.000000 0.047973
1850.000000 0.056584
1851.000000 0.050413
1852.000000 0.052671
1853.000000 0.049992
1854.000000 0.051809
1855.000000 0.058102
1856.000000 0.056363
1857.000000 0.054725
1858.000000 0.055293
1859.000000 0.062008
1860.000000 0.063323
1861.000000 0.065055
1862.000000 0.064836
1863.000000 0.059454
1864.000000 0.065885
1865.000000 0.062417
1866.000000 0.075043
1867.000000 0.070236
1868.000000 0.068557
1869.000000 0.066356
1870.000000 0.063961
1871.000000 0.056472
1872.000000 0.051223
1873.000000 0.070159
1874.000000 0.068564
1875.000000 0.062689
1876.000000 0.054841
1877.000000 0.058592
1878.000000 0.048530
1879.000000 0.048824
1880.000000 0.052138
1881.000000 0.047647
1882.000000 0.056523
1883.000000 0.059148
1884.000000 0.052133
1885.000000 0.052707
1886.000000 0.047305
1887.000000 0.053452
1888.000000 0.056274
1889.000000 0.065146
1890.000000 0.060493
1891.000000 0.053526
1892.000000 0.059396
1893.000000 0.052012
1894.000000 0.061920
1895.000000 0.061291
1896.000000 0.062629
1897.000000 0.051780
1898.000000 0.054389
1899.000000 0.050240
1900.000000 0.048766
1901.000000 0.045604
1902.000000 0.051148
1903.000000 0.043520
1904.000000 0.042560
1905.000000 0.050392
1906.000000 0.058753
1907.000000 0.056891
1908.000000 0.064939
1909.000000 0.058325
1910.000000 0.068630
1911.000000 0.077203
1912.000000 0.073557
1913.000000 0.074472
1914.000000 0.072458
1915.000000 0.085308
1916.000000 0.079626
1917.000000 0.077714
1918.000000 0.073872
1919.000000 0.072408
1920.000000 0.071064
1921.000000 0.074857
1922.000000 0.072188
1923.000000 0.078539
1924.000000 0.074216
1925.000000 0.062488
1926.000000 0.057424
1927.000000 0.059464
1928.000000 0.060902
1929.000000 0.069346
1930.000000 0.065449
1931.000000 0.060161
1932.000000 0.065921
1933.000000 0.061607
1934.000000 0.059440
1935.000000 0.058898
1936.000000 0.053556
1937.000000 0.050654
1938.000000 0.056278
1939.000000 0.053763
1940.000000 0.070083
1941.000000 0.062966
1942.000000 0.060783
1943.000000 0.071032
1944.000000 0.073059
1945.000000 0.070693
1946.000000 0.065353
1947.000000 0.069512
1948.000000 0.063553
1949.000000 0.057816
1950.000000 0.051761
1951.000000 0.053559
1952.000000 0.062762
1953.000000 0.055420
1954.000000 0.048944
1955.000000 0.047159
1956.000000 0.063641
1957.000000 0.063331
1958.000000 0.056417
1959.000000 0.057628
1960.000000 0.066288
1961.000000 0.067634
1962.000000 0.065010
1963.000000 0.060458
1964.000000 0.054039
1965.000000 0.056649
1966.000000 0.054303
1967.000000 0.057940
1968.000000 0.057166
1969.000000 0.056839
1970.000000 0.055256
1971.000000 0.048490
1972.000000 0.045566
1973.000000 0.043960
1974.000000 0.047247
1975.000000 0.050944
1976.000000 0.051113
1977.000000 0.047329
1978.000000 0.057937
1979.000000 0.065445
1980.000000 0.071533
1981.000000 0.074423
1982.000000 0.068075
1983.000000 0.063959
1984.000000 0.061028
1985.000000 0.064614
1986.000000 0.055985
1987.000000 0.058643
1988.000000 0.051128
1989.000000 0.051746
1990.000000 0.045598
1991.000000 0.044898
1992.000000 0.037194
1993.000000 0.036481
1994.000000 0.031827
1995.000000 0.044358
1996.000000 0.041748
1997.000000 0.056359
1998.000000 0.060449
1999.000000 0.069929
2000.000000 0.064992
2001.000000 0.070027
2002.000000 0.066908
2003.000000 0.064192
2004.000000 0.065775
2005.000000 0.061566
2006.000000 0.070581
2007.000000 0.058395
2008.000000 0.051874
2009.000000 0.052420
2010.000000 0.069390
2011.000000 0.065185
2012.000000 0.060922
2013.000000 0.059226
2014.000000 0.080990
2015.000000 0.072132
2016.000000 0.061399
2017.000000 0.069694
2018.000000 0.061724
2019.000000 0.057976
2020.000000 0.052357
2021.000000 0.048370
2022.000000 0.046832
2023.000000 0.065996
2024.000000 0.067298
2025.000000 0.063464
2026.000000 0.062477
2027.000000 0.062537
2028.000000 0.067368
2029.000000 0.057060
2030.000000 0.053531
2031.000000 0.049022
2032.000000 0.055883
2033.000000 0.048862
2034.000000 0.052802
2035.000000 0.052299
2036.000000 0.050351
2037.000000 0.052311
2038.000000 0.064257
2039.000000 0.068896
2040.000000 0.077212
2041.000000 0.084449
2042.000000 0.074962
2043.000000 0.086254
2044.000000 0.079334
2045.000000 0.071635
2046.000000 0.076748
2047.000000 0.083388
2048.000000 0.084455
2049.000000 0.084011
2050.000000 0.083464
2051.000000 0.080318
2052.000000 0.078783
2053.000000 0.077516
2054.000000 0.077776
2055.000000 0.071438
2056.000000 0.069169
2057.000000 0.064760
2058.000000 0.053496
2059.000000 0.058116
2060.000000 0.056844
2061.000000 0.065098
2062.000000 0.057371
2063.000000 0.052250
2064.000000 0.056383
2065.000000 0.058611
2066.000000 0.048528
2067.000000 0.051348
2068.000000 0.054440
2069.000000 0.055742
2070.000000 0.059845
2071.000000 0.059240
2072.000000 0.060567
2073.000000 0.058301
2074.000000 0.069079
2075.000000 0.074068
2076.000000 0.077384
2077.000000 0.069510
2078.000000 0.063988
2079.000000 0.063181
2080.000000 0.067241
2081.000000 0.063220
2082.000000 0.055731
2083.000000 0.063320
2084.000000 0.069943
2085.000000 0.072891
2086.000000 0.075874
2087.000000 0.064278
2088.000000 0.055872
2089.000000 0.066856
2090.000000 0.073128
2091.000000 0.062790
2092.000000 0.064078
2093.000000 0.059585
2094.000000 0.049259
2095.000000 0.050668
2096.000000 0.049419
2097.000000 0.049989
2098.000000 0.055760
2099.000000 0.053859
2100.000000 0.045311
2101.000000 0.050239
2102.000000 0.047243
2103.000000 0.049917
2104.000000 0.058030
2105.000000 0.050213
2106.000000 0.060339
2107.000000 0.070739
2108.000000 0.063834
2109.000000 0.070084
2110.000000 0.064624
2111.000000 0.063007
2112.000000 0.056202
2113.000000 0.047048
2114.000000 0.043468
2115.000000 0.039264
2116.000000 0.044354
2117.000000 0.056957
2118.000000 0.058590
2119.000000 0.057500
2120.000000 0.068549
2121.000000 0.058923
2122.000000 0.071978
2123.000000 0.079970
2124.000000 0.066102
2125.000000 0.070399
2126.000000 0.070600
2127.000000 0.063935
2128.000000 0.060155
2129.000000 0.060919
2130.000000 0.057833
2131.000000 0.068593
2132.000000 0.069504
2133.000000 0.065036
2134.000000 0.053829
2135.000000 0.059721
2136.000000 0.049448
2137.000000 0.068448
2138.000000 0.068533
2139.000000 0.058024
2140.000000 0.061404
2141.000000 0.058592
2142.000000 0.069952
2143.000000 0.064538
2144.000000 0.060900
2145.000000 0.066208
2146.000000 0.063620
2147.000000 0.059691
2148.000000 0.065006
2149.000000 0.073312
2150.000000 0.073067
2151.000000 0.063942
2152.000000 0.081772
2153.000000 0.078992
2154.000000 0.071900
2155.000000 0.065332
2156.000000 0.060524
2157.000000 0.067129
2158.000000 0.061670
2159.000000 0.059423
2160.000000 0.064593
2161.000000 0.053317
2162.000000 0.048908
2163.000000 0.040525
2164.000000 0.037886
2165.000000 0.047956
2166.000000 0.040484
2167.000000 0.035522
2168.000000 0.043128
2169.000000 0.036035
2170.000000 0.049172
2171.000000 0.059764
2172.000000 0.061859
2173.000000 0.070033
2174.000000 0.063711
2175.000000 0.064271
2176.000000 0.075667
2177.000000 0.088191
2178.000000 0.081797
2179.000000 0.071989
2180.000000 0.070861
2181.000000 0.067943
2182.000000 0.067065
2183.000000 0.067606
2184.000000 0.061315
2185.000000 0.054004
2186.000000 0.057874
2187.000000 0.060657
2188.000000 0.053625
2189.000000 0.060583
2190.000000 0.060058
2191.000000 0.050458
2192.000000 0.041792
2193.000000 0.049924
2194.000000 0.044992
2195.000000 0.051172
2196.000000 0.044673
2197.000000 0.055218
2198.000000 0.070523
2199.000000 0.067802
2200.000000 0.081569
2201.000000 0.075082
2202.000000 0.069291
2203.000000 0.087223
2204.000000 0.076281
2205.000000 0.072343
2206.000000 0.064199
2207.000000 0.074079
2208.000000 0.064487
2209.000000 0.073295
2210.000000 0.065011
2211.000000 0.058305
2212.000000 0.053038
2213.000000 0.063603
2214.000000 0.058733
2215.000000 0.052358
2216.000000 0.051805
2217.000000 0.049109
2218.000000 0.051454
2219.000000 0.042639
2220.000000 0.049507
2221.000000 0.047715
2222.000000 0.044881
2223.000000 0.042016
2224.000000 0.038764
2225.000000 0.042736
2226.000000 0.042732
2227.000000 0.040472
2228.000000 0.046107
2229.000000 0.045650
2230.000000 0.053617
2231.000000 0.059554
2232.000000 0.051295
2233.000000 0.061266
2234.000000 0.059254
2235.000000 0.058549
2236.000000 0.056297
2237.000000 0.063354
2238.000000 0.065631
2239.000000 0.063688
2240.000000 0.054639
2241.000000 0.065457
2242.000000 0.079727
2243.000000 0.079799
2244.000000 0.072393
2245.000000 0.064318
2246.000000 0.074438
2247.000000 0.072430
2248.000000 0.088849
2249.000000 0.083959
2250.000000 0.081501
2251.000000 0.080906
2252.000000 0.071682
2253.000000 0.059122
2254.000000 0.048921
2255.000000 0.043127
2256.000000 0.041193
2257.000000 0.048547
2258.000000 0.055323
2259.000000 0.068740
2260.000000 0.063749
2261.000000 0.055060
2262.000000 0.069343
2263.000000 0.063896
2264.000000 0.052733
2265.000000 0.050794
2266.000000 0.046521
2267.000000 0.049852
2268.000000 0.045761
2269.000000 0.037952
2270.000000 0.036500
2271.000000 0.034521
2272.000000 0.036488
2273.000000 0.046190
2274.000000 0.050634
2275.000000 0.050110
2276.000000 0.051085
2277.000000 0.056288
2278.000000 0.056298
2279.000000 0.049321
2280.000000 0.045695
2281.000000 0.043563
2282.000000 0.046761
2283.000000 0.046926
2284.000000 0.047068
2285.000000 0.049696
2286.000000 0.060758
2287.000000 0.058623
2288.000000 0.062074
2289.000000 0.058547
2290.000000 0.051438
2291.000000 0.047130
2292.000000 0.053579
2293.000000 0.049056
2294.000000 0.047277
2295.000000 0.042288
2296.000000 0.040268
2297.000000 0.040611
2298.000000 0.046406
2299.000000 0.043210
2300.000000 0.043045
2301.000000 0.050363
2302.000000 0.044804
2303.000000 0.046674
2304.000000 0.038657
2305.000000 0.034435
2306.000000 0.032030
2307.000000 0.037747
2308.000000 0.032437
2309.000000 0.036461
2310.000000 0.039312
2311.000000 0.049435
2312.000000 0.052640
2313.000000 0.045077
2314.000000 0.061294
2315.000000 0.062934
2316.000000 0.056216
2317.000000 0.070434
2318.000000 0.072661
2319.000000 0.070815
2320.000000 0.064272
2321.000000 0.076786
2322.000000 0.072827
2323.000000 0.086754
2324.000000 0.079930
2325.000000 0.074612
2326.000000 0.072921
2327.000000 0.069073
2328.000000 0.073581
2329.000000 0.069349
2330.000000 0.067087
2331.000000 0.069476
2332.000000 0.065344
2333.000000 0.074751
2334.000000 0.085206
2335.000000 0.070797
2336.000000 0.066420
2337.000000 0.067443
2338.000000 0.064197
2339.000000 0.053132
2340.000000 0.053181
2341.000000 0.061334
2342.000000 0.056100
2343.000000 0.059153
2344.000000 0.052532
2345.000000 0.049212
2346.000000 0.047374
2347.000000 0.046447
2348.000000 0.051308
2349.000000 0.046712
2350.000000 0.051072
2351.000000 0.061307
2352.000000 0.062345
2353.000000 0.058392
2354.000000 0.050940
2355.000000 0.058933
2356.000000 0.059147
2357.000000 0.067865
2358.000000 0.065677
2359.000000 0.056941
2360.000000 0.052774
2361.000000 0.058475
2362.000000 0.057000
2363.000000 0.056317
2364.000000 0.054070
2365.000000 0.063279
2366.000000 0.058205
2367.000000 0.053218
2368.000000 0.064960
2369.000000 0.061041
2370.000000 0.058769
2371.000000 0.050371
2372.000000 0.045001
2373.000000 0.038652
2374.000000 0.040643
2375.000000 0.041482
2376.000000 0.065979
2377.000000 0.064690
2378.000000 0.062858
2379.000000 0.072333
2380.000000 0.070119
2381.000000 0.080619
2382.000000 0.079186
2383.000000 0.077643
2384.000000 0.079477
2385.000000 0.071454
2386.000000 0.075612
2387.000000 0.086638
2388.000000 0.075638
2389.000000 0.093834
2390.000000 0.091282
2391.000000 0.093474
2392.000000 0.085242
2393.000000 0.074337
2394.000000 0.073775
2395.000000 0.068040
2396.000000 0.065942
2397.000000 0.060352
2398.000000 0.056041
2399.000000 0.048177
2400.000000 0.051796
2401.000000 0.046774
2402.000000 0.054597
2403.000000 0.053393
2404.000000 0.060516
2405.000000 0.062558
2406.000000 0.058544
2407.000000 0.054450
2408.000000 0.049714
2409.000000 0.046923
2410.000000 0.046666
2411.000000 0.057191
2412.000000 0.071289
2413.000000 0.071162
2414.000000 0.080567
2415.000000 0.072461
2416.000000 0.064667
2417.000000 0.065295
2418.000000 0.055599
2419.000000 0.057631
2420.000000 0.065181
2421.000000 0.058206
2422.000000 0.058059
2423.000000 0.054051
2424.000000 0.061728
2425.000000 0.057360
2426.000000 0.065264
2427.000000 0.065323
2428.000000 0.059972
2429.000000 0.068843
2430.000000 0.061798
2431.000000 0.061191
2432.000000 0.052978
2433.000000 0.049601
2434.000000 0.060222
2435.000000 0.062025
2436.000000 0.065486
2437.000000 0.065048
2438.000000 0.064024
2439.000000 0.071702
2440.000000 0.065027
2441.000000 0.070658
2442.000000 0.063053
2443.000000 0.064887
2444.000000 0.065246
2445.000000 0.068566
2446.000000 0.076283
2447.000000 0.077040
2448.000000 0.065216
2449.000000 0.055505
2450.000000 0.056423
2451.000000 0.055900
2452.000000 0.064401
2453.000000 0.057451
2454.000000 0.055085
2455.000000 0.049657
2456.000000 0.055270
2457.000000 0.053398
2458.000000 0.053659
2459.000000 0.052086
2460.000000 0.046222
2461.000000 0.044223
2462.000000 0.038780
2463.000000 0.057972
2464.000000 0.055400
2465.000000 0.065216
2466.000000 0.067222
2467.000000 0.067451
2468.000000 0.057810
2469.000000 0.055934
2470.000000 0.052180
2471.000000 0.059896
2472.000000 0.058599
2473.000000 0.059224
2474.000000 0.062066
2475.000000 0.077057
2476.000000 0.069413
2477.000000 0.059363
2478.000000 0.055442
2479.000000 0.061715
2480.000000 0.052802
2481.000000 0.060288
2482.000000 0.057639
2483.000000 0.053245
2484.000000 0.056856
2485.000000 0.069297
2486.000000 0.070722
2487.000000 0.072698
2488.000000 0.072693
2489.000000 0.061583
2490.000000 0.076663
2491.000000 0.075009
2492.000000 0.077858
2493.000000 0.076859
2494.000000 0.071406
2495.000000 0.063559
2496.000000 0.067326
2497.000000 0.068509
2498.000000 0.064986
2499.000000 0.063944
2500.000000 0.059459
2501.000000 0.051996
2502.000000 0.060047
2503.000000 0.060054
2504.000000 0.065110
2505.000000 0.058514
2506.000000 0.049772
2507.000000 0.052249
2508.000000 0.045547
2509.000000 0.041570
2510.000000 0.050863
2511.000000 0.046218
2512.000000 0.045454
2513.000000 0.047320
2514.000000 0.043968
2515.000000 0.055619
2516.000000 0.046021
2517.000000 0.048495
2518.000000 0.052764
2519.000000 0.056735
2520.000000 0.049554
2521.000000 0.050896
2522.000000 0.051639
2523.000000 0.057884
2524.000000 0.048867
2525.000000 0.058828
2526.000000 0.057348
2527.000000 0.065342
2528.000000 0.068466
2529.000000 0.071597
2530.000000 0.072872
2531.000000 0.083884
2532.000000 0.075303
2533.000000 0.065820
2534.000000 0.054428
2535.000000 0.057357
2536.000000 0.069940
2537.000000 0.063552
2538.000000 0.053752
2539.000000 0.049741
2540.000000 0.048092
2541.000000 0.045141
2542.000000 0.049831
2543.000000 0.048830
2544.000000 0.047243
2545.000000 0.047919
2546.000000 0.041436
2547.000000 0.036309
2548.000000 0.036664
2549.000000 0.063299
2550.000000 0.057719
2551.000000 0.069893
2552.000000 0.073446
2553.000000 0.075555
2554.000000 0.080902
2555.000000 0.077458
2556.000000 0.073546
2557.000000 0.070105
2558.000000 0.063844
2559.000000 0.075675
2560.000000 0.066689
2561.000000 0.066986
2562.000000 0.056283
2563.000000 0.049631
2564.000000 0.060320
2565.000000 0.063864
2566.000000 0.078593
2567.000000 0.075740
2568.000000 0.071401
2569.000000 0.070323
2570.000000 0.063377
2571.000000 0.055624
2572.000000 0.046131
2573.000000 0.047691
2574.000000 0.048847
2575.000000 0.043431
2576.000000 0.048656
2577.000000 0.063167
2578.000000 0.075625
2579.000000 0.064163
2580.000000 0.058467
2581.000000 0.054084
2582.000000 0.050870
2583.000000 0.052074
2584.000000 0.053397
2585.000000 0.063999
2586.000000 0.052954
2587.000000 0.049787
2588.000000 0.043149
2589.000000 0.053918
2590.000000 0.050912
2591.000000 0.052965
2592.000000 0.056061
2593.000000 0.049309
2594.000000 0.068373
2595.000000 0.072714
2596.000000 0.065342
2597.000000 0.059257
2598.000000 0.057696
2599.000000 0.060116
2600.000000 0.063731
2601.000000 0.075912
2602.000000 0.074013
2603.000000 0.072473
2604.000000 0.074438
2605.000000 0.074001
2606.000000 0.074997
2607.000000 0.062128
2608.000000 0.053662
2609.000000 0.070689
2610.000000 0.065902
2611.000000 0.065121
2612.000000 0.061194
2613.000000 0.065904
2614.000000 0.072960
2615.000000 0.072760
2616.000000 0.067582
2617.000000 0.064808
2618.000000 0.065971
2619.000000 0.061774
2620.000000 0.061575
2621.000000 0.055240
2622.000000 0.050118
2623.000000 0.049079
2624.000000 0.061136
2625.000000 0.052503
2626.000000 0.059118
2627.000000 0.050229
2628.000000 0.050068
2629.000000 0.052008
2630.000000 0.058146
2631.000000 0.061162
2632.000000 0.072251
2633.000000 0.061093
2634.000000 0.068015
2635.000000 0.075931
2636.000000 0.076581
2637.000000 0.085978
2638.000000 0.071155
2639.000000 0.071437
2640.000000 0.069406
2641.000000 0.065357
2642.000000 0.066252
2643.000000 0.056417
2644.000000 0.052452
2645.000000 0.052723
2646.000000 0.047221
2647.000000 0.052094
2648.000000 0.049194
2649.000000 0.050128
2650.000000 0.049350
2651.000000 0.043708
2652.000000 0.048941
2653.000000 0.048161
2654.000000 0.051853
2655.000000 0.052282
2656.000000 0.058716
2657.000000 0.066379
2658.000000 0.077146
2659.000000 0.084764
2660.000000 0.072423
2661.000000 0.071703
2662.000000 0.071159
2663.000000 0.075386
2664.000000 0.079821
2665.000000 0.070755
2666.000000 0.063709
2667.000000 0.055656
2668.000000 0.059087
2669.000000 0.055333
2670.000000 0.051619
2671.000000 0.052912
2672.000000 0.049807
2673.000000 0.050744
2674.000000 0.055598
2675.000000 0.065646
2676.000000 0.064253
2677.000000 0.063368
2678.000000 0.055188
2679.000000 0.050694
2680.000000 0.055799
2681.000000 0.054147
2682.000000 0.051860
2683.000000 0.051002
2684.000000 0.061507
2685.000000 0.055961
2686.000000 0.063761
2687.000000 0.068322
2688.000000 0.069117
2689.000000 0.067884
2690.000000 0.076406
2691.000000 0.072334
2692.000000 0.063633
2693.000000 0.059837
2694.000000 0.051509
2695.000000 0.049284
2696.000000 0.046568
2697.000000 0.054608
2698.000000 0.053846
2699.000000 0.049906
2700.000000 0.062686
2701.000000 0.082084
2702.000000 0.075170
2703.000000 0.066781
2704.000000 0.068085
2705.000000 0.057851
2706.000000 0.056993
2707.000000 0.051567
2708.000000 0.047670
2709.000000 0.059413
2710.000000 0.057803
2711.000000 0.048878
2712.000000 0.048385
2713.000000 0.064623
2714.000000 0.068561
2715.000000 0.073444
2716.000000 0.071181
2717.000000 0.078516
2718.000000 0.065431
2719.000000 0.072021
2720.000000 0.065557
2721.000000 0.077125
2722.000000 0.081684
2723.000000 0.072354
2724.000000 0.069982
2725.000000 0.082339
2726.000000 0.073219
2727.000000 0.068566
2728.000000 0.082184
2729.000000 0.077541
2730.000000 0.065800
2731.000000 0.058002
2732.000000 0.072970
2733.000000 0.062288
2734.000000 0.060596
2735.000000 0.057175
2736.000000 0.069631
2737.000000 0.079453
2738.000000 0.065628
2739.000000 0.085080
2740.000000 0.071725
2741.000000 0.061860
2742.000000 0.066342
2743.000000 0.055060
2744.000000 0.067289
2745.000000 0.073274
2746.000000 0.064750
2747.000000 0.055451
2748.000000 0.058442
2749.000000 0.048427
2750.000000 0.048439
2751.000000 0.048096
2752.000000 0.048648
2753.000000 0.048545
2754.000000 0.051764
2755.000000 0.052371
2756.000000 0.070897
2757.000000 0.075846
2758.000000 0.067184
2759.000000 0.068705
2760.000000 0.061304
2761.000000 0.064972
2762.000000 0.056539
2763.000000 0.058925
2764.000000 0.052214
2765.000000 0.052766
2766.000000 0.057072
2767.000000 0.049536
2768.000000 0.041599
2769.000000 0.047520
2770.000000 0.048391
2771.000000 0.040131
2772.000000 0.033903
2773.000000 0.038922
2774.000000 0.038587
2775.000000 0.042679
2776.000000 0.046475
2777.000000 0.059877
2778.000000 0.058626
2779.000000 0.065285
2780.000000 0.053984
2781.000000 0.054812
2782.000000 0.049795
2783.000000 0.057300
2784.000000 0.053328
2785.000000 0.052477
2786.000000 0.049179
2787.000000 0.056442
2788.000000 0.065428
2789.000000 0.054417
2790.000000 0.071455
2791.000000 0.062853
2792.000000 0.062374
2793.000000 0.070600
2794.000000 0.072708
2795.000000 0.080675
2796.000000 0.083453
2797.000000 0.079828
2798.000000 0.083257
2799.000000 0.072120
2800.000000 0.080295
2801.000000 0.081663
2802.000000 0.084831
2803.000000 0.081024
2804.000000 0.070690
2805.000000 0.062209
2806.000000 0.060318
2807.000000 0.072461
2808.000000 0.059777
2809.000000 0.060774
2810.000000 0.058165
2811.000000 0.051298
2812.000000 0.051366
2813.000000 0.044115
2814.000000 0.046133
2815.000000 0.056119
2816.000000 0.046567
2817.000000 0.044875
2818.000000 0.051866
2819.000000 0.059341
2820.000000 0.063624
2821.000000 0.059737
2822.000000 0.054849
2823.000000 0.047003
2824.000000 0.046172
2825.000000 0.053745
2826.000000 0.062528
2827.000000 0.058400
2828.000000 0.062599
2829.000000 0.068174
2830.000000 0.062402
2831.000000 0.057897
2832.000000 0.050367
2833.000000 0.064771
2834.000000 0.057417
2835.000000 0.062224
2836.000000 0.058116
2837.000000 0.059548
2838.000000 0.067077
2839.000000 0.062120
2840.000000 0.051449
2841.000000 0.045368
2842.000000 0.046924
2843.000000 0.050760
2844.000000 0.045040
2845.000000 0.041432
2846.000000 0.040023
2847.000000 0.046547
2848.000000 0.039996
2849.000000 0.046458
2850.000000 0.048436
2851.000000 0.049175
2852.000000 0.055525
2853.000000 0.081622
2854.000000 0.091475
2855.000000 0.086111
2856.000000 0.078781
2857.000000 0.078460
2858.000000 0.068976
2859.000000 0.085820
2860.000000 0.079823
2861.000000 0.070704
2862.000000 0.060532
2863.000000 0.061230
2864.000000 0.057437
2865.000000 0.054966
2866.000000 0.059528
2867.000000 0.055377
2868.000000 0.054869
2869.000000 0.045596
2870.000000 0.051615
2871.000000 0.058556
2872.000000 0.059424
2873.000000 0.055405
2874.000000 0.063594
2875.000000 0.073578
2876.000000 0.079349
2877.000000 0.076123
2878.000000 0.066943
2879.000000 0.061690
2880.000000 0.067923
2881.000000 0.072376
2882.000000 0.075349
2883.000000 0.078546
2884.000000 0.081973
2885.000000 0.078030
2886.000000 0.070412
2887.000000 0.064437
2888.000000 0.057389
2889.000000 0.058294
2890.000000 0.051206
2891.000000 0.045796
2892.000000 0.037998
2893.000000 0.039102
2894.000000 0.032524
2895.000000 0.030600
2896.000000 0.031146
2897.000000 0.044344
2898.000000 0.048433
2899.000000 0.049637
2900.000000 0.048446
2901.000000 0.056649
2902.000000 0.051039
2903.000000 0.052904
2904.000000 0.050613
2905.000000 0.062535
2906.000000 0.081586
2907.000000 0.082360
2908.000000 0.085492
2909.000000 0.079434
2910.000000 0.081346
2911.000000 0.077681
2912.000000 0.077102
2913.000000 0.081027
2914.000000 0.068912
2915.000000 0.069183
2916.000000 0.067072
2917.000000 0.072936
2918.000000 0.066428
2919.000000 0.064429
2920.000000 0.069779
2921.000000 0.059887
2922.000000 0.064683
2923.000000 0.059418
2924.000000 0.064195
2925.000000 0.057756
2926.000000 0.050807
2927.000000 0.055785
2928.000000 0.059204
2929.000000 0.060172
2930.000000 0.057632
2931.000000 0.062310
2932.000000 0.062629
2933.000000 0.058031
2934.000000 0.069284
2935.000000 0.064707
2936.000000 0.064226
2937.000000 0.072566
2938.000000 0.064338
2939.000000 0.061416
2940.000000 0.067351
2941.000000 0.062855
2942.000000 0.081093
2943.000000 0.069721
2944.000000 0.061170
2945.000000 0.065569
2946.000000 0.060373
2947.000000 0.051670
2948.000000 0.054713
2949.000000 0.056539
2950.000000 0.057198
2951.000000 0.065213
2952.000000 0.059320
2953.000000 0.060818
2954.000000 0.052085
2955.000000 0.059870
2956.000000 0.073721
2957.000000 0.070606
2958.000000 0.063592
2959.000000 0.058150
2960.000000 0.054262
2961.000000 0.055954
2962.000000 0.050582
2963.000000 0.058369
2964.000000 0.050260
2965.000000 0.048471
2966.000000 0.049151
2967.000000 0.049674
2968.000000 0.051050
2969.000000 0.056367
2970.000000 0.060438
2971.000000 0.056548
2972.000000 0.055399
2973.000000 0.051559
2974.000000 0.051049
2975.000000 0.048140
2976.000000 0.064615
2977.000000 0.061515
2978.000000 0.062218
2979.000000 0.064243
2980.000000 0.072734
2981.000000 0.072201
2982.000000 0.077948
2983.000000 0.077074
2984.000000 0.080117
2985.000000 0.068501
2986.000000 0.074750
2987.000000 0.075716
2988.000000 0.067827
2989.000000 0.062017
2990.000000 0.058160
2991.000000 0.074354
2992.000000 0.072226
2993.000000 0.059707
2994.000000 0.054604
2995.000000 0.056897
2996.000000 0.053896
2997.000000 0.063010
2998.000000 0.059031
2999.000000 0.051823
3000.000000 0.055697
3001.000000 0.052420
3002.000000 0.044325
3003.000000 0.048518
3004.000000 0.046329
3005.000000 0.041555
3006.000000 0.049543
3007.000000 0.041043
3008.000000 0.049017
3009.000000 0.046637
3010.000000 0.050405
3011.000000 0.051698
3012.000000 0.045848
3013.000000 0.043588
3014.000000 0.054668
3015.000000 0.052888
3016.000000 0.049398
3017.000000 0.052777
3018.000000 0.054975
3019.000000 0.055649
3020.000000 0.051166
3021.000000 0.059883
3022.000000 0.062172
3023.000000 0.057170
3024.000000 0.065404
3025.000000 0.068904
3026.000000 0.062660
3027.000000 0.066729
3028.000000 0.064048
3029.000000 0.072366
3030.000000 0.066632
3031.000000 0.074903
3032.000000 0.079622
3033.000000 0.082481
3034.000000 0.083443
3035.000000 0.079552
3036.000000 0.065632
3037.000000 0.065250
3038.000000 0.053901
3039.000000 0.054773
3040.000000 0.051874
3041.000000 0.045731
3042.000000 0.057085
3043.000000 0.058082
3044.000000 0.053499
3045.000000 0.046517
3046.000000 0.048072
3047.000000 0.047187
3048.000000 0.048159
3049.000000 0.050663
3050.000000 0.051460
3051.000000 0.050854
3052.000000 0.055351
3053.000000 0.065375
3054.000000 0.054219
3055.000000 0.047853
3056.000000 0.059669
3057.000000 0.054941
3058.000000 0.067058
3059.000000 0.072712
3060.000000 0.077346
3061.000000 0.085917
3062.000000 0.073755
3063.000000 0.061436
3064.000000 0.061110
3065.000000 0.061632
3066.000000 0.061548
3067.000000 0.058644
3068.000000 0.048478
3069.000000 0.040220
3070.000000 0.041228
3071.000000 0.037666
3072.000000 0.039661
3073.000000 0.045044
3074.000000 0.041576
3075.000000 0.041878
3076.000000 0.039869
3077.000000 0.053279
3078.000000 0.060795
3079.000000 0.072623
3080.000000 0.064646
3081.000000 0.068110
3082.000000 0.078129
3083.000000 0.074975
3084.000000 0.074909
3085.000000 0.072756
3086.000000 0.063335
3087.000000 0.059950
3088.000000 0.063826
3089.000000 0.065699
3090.000000 0.060919
3091.000000 0.058947
3092.000000 0.062660
3093.000000 0.059658
3094.000000 0.054282
3095.000000 0.058135
3096.000000 0.048100
3097.000000 0.053907
3098.000000 0.051612
3099.000000 0.044429
3100.000000 0.056248
3101.000000 0.059042
3102.000000 0.063233
3103.000000 0.066569
3104.000000 0.068449
3105.000000 0.066985
3106.000000 0.078730
3107.000000 0.069497
3108.000000 0.071524
3109.000000 0.060900
3110.000000 0.059070
3111.000000 0.072968
3112.000000 0.066812
3113.000000 0.060219
3114.000000 0.056360
3115.000000 0.050267
3116.000000 0.056706
3117.000000 0.053347
3118.000000 0.047294
3119.000000 0.040791
3120.000000 0.033968
3121.000000 0.030162
3122.000000 0.041713
3123.000000 0.039084
3124.000000 0.038277
3125.000000 0.044709
3126.000000 0.054023
3127.000000 0.063996
3128.000000 0.059352
3129.000000 0.060682
3130.000000 0.065521
3131.000000 0.059352
3132.000000 0.063499
3133.000000 0.063327
3134.000000 0.062630
3135.000000 0.068518
3136.000000 0.065355
3137.000000 0.055349
3138.000000 0.049628
3139.000000 0.045849
3140.000000 0.052230
3141.000000 0.050567
3142.000000 0.051511
3143.000000 0.046313
3144.000000 0.038397
3145.000000 0.036304
3146.000000 0.030259
3147.000000 0.034674
3148.000000 0.039343
3149.000000 0.043991
3150.000000 0.055357
3151.000000 0.064868
3152.000000 0.055861
3153.000000 0.073968
3154.000000 0.081459
3155.000000 0.070868
3156.000000 0.073270
3157.000000 0.067680
3158.000000 0.063326
3159.000000 0.069822
3160.000000 0.069595
3161.000000 0.063315
3162.000000 0.065379
3163.000000 0.065330
3164.000000 0.065655
3165.000000 0.054236
3166.000000 0.049514
3167.000000 0.051184
3168.000000 0.050414
3169.000000 0.049631
3170.000000 0.048945
3171.000000 0.040557
3172.000000 0.033836
3173.000000 0.042461
3174.000000 0.047313
3175.000000 0.060437
3176.000000 0.067524
3177.000000 0.070856
3178.000000 0.066950
3179.000000 0.059258
3180.000000 0.063744
3181.000000 0.056356
3182.000000 0.053124
3183.000000 0.058752
3184.000000 0.063716
3185.000000 0.060081
3186.000000 0.056506
3187.000000 0.056410
3188.000000 0.051783
3189.000000 0.055005
3190.000000 0.051543
3191.000000 0.049684
3192.000000 0.046670
3193.000000 0.060740
3194.000000 0.063335
3195.000000 0.066704
3196.000000 0.061612
3197.000000 0.051045
3198.000000 0.068141
3199.000000 0.082947
3200.000000 0.085342
3201.000000 0.078522
3202.000000 0.081140
3203.000000 0.074293
3204.000000 0.064247
3205.000000 0.062612
3206.000000 0.059023
3207.000000 0.051158
3208.000000 0.055439
3209.000000 0.047711
3210.000000 0.050411
3211.000000 0.045376
3212.000000 0.048441
3213.000000 0.049555
3214.000000 0.049110
3215.000000 0.052650
3216.000000 0.046366
3217.000000 0.040252
3218.000000 0.042177
3219.000000 0.053283
3220.000000 0.050252
3221.000000 0.051125
3222.000000 0.047891
3223.000000 0.060106
3224.000000 0.054154
3225.000000 0.064976
3226.000000 0.066625
3227.000000 0.060568
3228.000000 0.056326
3229.000000 0.055890
3230.000000 0.058760
3231.000000 0.066736
3232.000000 0.060027
3233.000000 0.061339
3234.000000 0.055089
3235.000000 0.060432
3236.000000 0.070495
3237.000000 0.069837
3238.000000 0.065891
3239.000000 0.054928
3240.000000 0.055058
3241.000000 0.048743
3242.000000 0.046640
3243.000000 0.046184
3244.000000 0.044413
3245.000000 0.045092
3246.000000 0.051250
3247.000000 0.060645
3248.000000 0.065193
3249.000000 0.061439
3250.000000 0.054926
3251.000000 0.064124
3252.000000 0.061486
3253.000000 0.060970
3254.000000 0.054553
3255.000000 0.063583
3256.000000 0.065497
3257.000000 0.064255
3258.000000 0.059579
3259.000000 0.056905
3260.000000 0.048861
3261.000000 0.054075
3262.000000 0.051761
3263.000000 0.044314
3264.000000 0.042606
3265.000000 0.047023
3266.000000 0.042231
3267.000000 0.047772
3268.000000 0.058561
3269.000000 0.060821
3270.000000 0.052918
3271.000000 0.049062
3272.000000 0.065555
3273.000000 0.061554
3274.000000 0.058976
3275.000000 0.060327
3276.000000 0.058536
3277.000000 0.054568
3278.000000 0.052894
3279.000000 0.054693
3280.000000 0.055466
3281.000000 0.068245
3282.000000 0.072453
3283.000000 0.066736
3284.000000 0.071230
3285.000000 0.075235
3286.000000 0.081263
3287.000000 0.085420
3288.000000 0.079082
3289.000000 0.074054
3290.000000 0.081210
3291.000000 0.087798
3292.000000 0.088652
3293.000000 0.085656
3294.000000 0.082671
3295.000000 0.074531
3296.000000 0.086284
3297.000000 0.077385
3298.000000 0.080065
3299.000000 0.074620
3300.000000 0.070772
3301.000000 0.074789
3302.000000 0.064682
3303.000000 0.061626
3304.000000 0.052578
3305.000000 0.054989
3306.000000 0.053042
3307.000000 0.050324
3308.000000 0.056937
3309.000000 0.056999
3310.000000 0.063109
3311.000000 0.073132
3312.000000 0.084257
3313.000000 0.088882
3314.000000 0.082549
3315.000000 0.071845
3316.000000 0.062750
3317.000000 0.067465
3318.000000 0.065203
3319.000000 0.068006
3320.000000 0.057562
3321.000000 0.053478
3322.000000 0.051914
3323.000000 0.053260
3324.000000 0.055388
3325.000000 0.047502
3326.000000 0.045844
3327.000000 0.043459
3328.000000 0.050110
3329.000000 0.050605
3330.000000 0.051438
3331.000000 0.050652
3332.000000 0.051795
3333.000000 0.058355
3334.000000 0.066521
3335.000000 0.063848
3336.000000 0.062372
3337.000000 0.077051
3338.000000 0.072531
3339.000000 0.062697
3340.000000 0.057054
3341.000000 0.053248
3342.000000 0.047679
3343.000000 0.045941
3344.000000 0.039423
3345.000000 0.034701
3346.000000 0.053343
3347.000000 0.063966
3348.000000 0.056323
3349.000000 0.063315
3350.000000 0.062934
3351.000000 0.055627
3352.000000 0.053297
3353.000000 0.049269
3354.000000 0.057241
3355.000000 0.067445
3356.000000 0.079597
3357.000000 0.069720
3358.000000 0.073448
3359.000000 0.071374
3360.000000 0.058973
3361.000000 0.056638
3362.000000 0.053665
3363.000000 0.049617
3364.000000 0.059723
3365.000000 0.053195
3366.000000 0.046559
3367.000000 0.041608
3368.000000 0.052260
3369.000000 0.067966
3370.000000 0.071556
3371.000000 0.066338
3372.000000 0.055310
3373.000000 0.050706
3374.000000 0.045958
3375.000000 0.038102
3376.000000 0.040480
3377.000000 0.046714
3378.000000 0.048871
3379.000000 0.051716
3380.000000 0.044258
3381.000000 0.066958
3382.000000 0.071523
3383.000000 0.080471
3384.000000 0.075284
3385.000000 0.066064
3386.000000 0.065090
3387.000000 0.055000
3388.000000 0.059469
3389.000000 0.066619
3390.000000 0.060503
3391.000000 0.051582
3392.000000 0.048444
3393.000000 0.060558
3394.000000 0.056977
3395.000000 0.057175
3396.000000 0.057569
3397.000000 0.050256
3398.000000 0.054841
3399.000000 0.058991
3400.000000 0.050678
3401.000000 0.048907
3402.000000 0.053037
3403.000000 0.067353
3404.000000 0.067826
3405.000000 0.061727
3406.000000 0.054587
3407.000000 0.066358
3408.000000 0.058531
3409.000000 0.074168
3410.000000 0.065784
3411.000000 0.057993
3412.000000 0.058599
3413.000000 0.062251
3414.000000 0.059522
3415.000000 0.049331
3416.000000 0.060847
3417.000000 0.054657
3418.000000 0.067615
3419.000000 0.061116
3420.000000 0.064890
3421.000000 0.060915
3422.000000 0.053066
3423.000000 0.049343
3424.000000 0.044377
3425.000000 0.045184
3426.000000 0.047211
3427.000000 0.043761
3428.000000 0.044787
3429.000000 0.064395
3430.000000 0.066407
3431.000000 0.066202
3432.000000 0.064989
3433.000000 0.063998
3434.000000 0.067811
3435.000000 0.064131
3436.000000 0.059834
3437.000000 0.061169
3438.000000 0.069432
3439.000000 0.057352
3440.000000 0.053695
3441.000000 0.053238
3442.000000 0.067774
3443.000000 0.072756
3444.000000 0.063743
3445.000000 0.060514
3446.000000 0.063570
3447.000000 0.054295
3448.000000 0.055900
3449.000000 0.061639
3450.000000 0.069161
3451.000000 0.059388
3452.000000 0.058420
3453.000000 0.059566
3454.000000 0.066321
3455.000000 0.073347
3456.000000 0.073161
3457.000000 0.067199
3458.000000 0.067206
3459.000000 0.069443
3460.000000 0.064176
3461.000000 0.074090
3462.000000 0.070625
3463.000000 0.067586
3464.000000 0.061289
3465.000000 0.059797
3466.000000 0.061580
3467.000000 0.058233
3468.000000 0.056249
3469.000000 0.054426
3470.000000 0.045014
3471.000000 0.040411
3472.000000 0.038975
3473.000000 0.044445
3474.000000 0.070738
3475.000000 0.058513
3476.000000 0.062165
3477.000000 0.053161
3478.000000 0.053039
3479.000000 0.045504
3480.000000 0.062820
3481.000000 0.054743
3482.000000 0.052340
3483.000000 0.053914
3484.000000 0.052613
3485.000000 0.061761
3486.000000 0.056764
3487.000000 0.051616
3488.000000 0.048750
3489.000000 0.046507
3490.000000 0.047560
3491.000000 0.044573
3492.000000 0.047002
3493.000000 0.044255
3494.000000 0.052930
3495.000000 0.060285
3496.000000 0.059853
3497.000000 0.056471
3498.000000 0.062989
3499.000000 0.064886
3500.000000 0.065458
3501.000000 0.073402
3502.000000 0.062337
3503.000000 0.053050
3504.000000 0.059658
3505.000000 0.059390
3506.000000 0.049654
3507.000000 0.050168
3508.000000 0.059038
3509.000000 0.060737
3510.000000 0.054965
3511.000000 0.053877
3512.000000 0.057423
3513.000000 0.049123
3514.000000 0.045774
3515.000000 0.043376
3516.000000 0.042046
3517.000000 0.054799
3518.000000 0.061155
3519.000000 0.067950
3520.000000 0.074500
3521.000000 0.066362
3522.000000 0.059735
3523.000000 0.055558
3524.000000 0.063881
3525.000000 0.054785
3526.000000 0.063678
3527.000000 0.059711
3528.000000 0.054468
3529.000000 0.059423
3530.000000 0.058642
3531.000000 0.053391
3532.000000 0.052479
3533.000000 0.044419
3534.000000 0.053102
3535.000000 0.050481
3536.000000 0.049397
3537.000000 0.050183
3538.000000 0.045844
3539.000000 0.053752
3540.000000 0.053540
3541.000000 0.047913
3542.000000 0.045381
3543.000000 0.049768
3544.000000 0.054784
3545.000000 0.060150
3546.000000 0.061946
3547.000000 0.058247
3548.000000 0.064741
3549.000000 0.058538
3550.000000 0.051963
3551.000000 0.059802
3552.000000 0.064718
3553.000000 0.056339
3554.000000 0.056872
3555.000000 0.050810
3556.000000 0.052261
3557.000000 0.052195
3558.000000 0.053152
3559.000000 0.047036
3560.000000 0.043205
3561.000000 0.054759
3562.000000 0.049327
3563.000000 0.048752
3564.000000 0.044530
3565.000000 0.055372
3566.000000 0.065566
3567.000000 0.058847
3568.000000 0.053427
3569.000000 0.053334
3570.000000 0.045926
3571.000000 0.048844
3572.000000 0.057665
3573.000000 0.050550
3574.000000 0.051340
3575.000000 0.048572
3576.000000 0.048467
3577.000000 0.040213
3578.000000 0.043023
3579.000000 0.062964
3580.000000 0.078134
3581.000000 0.070902
3582.000000 0.063152
3583.000000 0.056621
3584.000000 0.058840
3585.000000 0.059753
3586.000000 0.053909
3587.000000 0.044817
3588.000000 0.043479
3589.000000 0.043235
3590.000000 0.045030
3591.000000 0.040986
3592.000000 0.034139
3593.000000 0.030199
3594.000000 0.036313
3595.000000 0.040024
3596.000000 0.047980
3597.000000 0.054294
3598.000000 0.058263
3599.000000 0.048501
3600.000000 0.052377
3601.000000 0.060380
3602.000000 0.074609
3603.000000 0.067178
3604.000000 0.068976
3605.000000 0.070994
3606.000000 0.063485
3607.000000 0.059000
3608.000000 0.063609
3609.000000 0.056578
3610.000000 0.053804
3611.000000 0.050469
3612.000000 0.049525
3613.000000 0.055054
3614.000000 0.047168
3615.000000 0.040895
3616.000000 0.039999
3617.000000 0.043204
3618.000000 0.042031
3619.000000 0.037587
3620.000000 0.034132
3621.000000 0.039324
3622.000000 0.038839
3623.000000 0.048277
3624.000000 0.054896
3625.000000 0.049197
3626.000000 0.053850
3627.000000 0.046459
3628.000000 0.050121
3629.000000 0.052563
3630.000000 0.053519
3631.000000 0.062891
3632.000000 0.060653
3633.000000 0.056455
3634.000000 0.071547
3635.000000 0.067723
3636.000000 0.062678
3637.000000 0.057377
3638.000000 0.060381
3639.000000 0.056040
3640.000000 0.055542
3641.000000 0.057823
3642.000000 0.047890
3643.000000 0.051689
3644.000000 0.048773
3645.000000 0.063295
3646.000000 0.056215
3647.000000 0.063973
3648.000000 0.062198
3649.000000 0.053203
3650.000000 0.046876
3651.000000 0.050571
3652.000000 0.051193
3653.000000 0.060941
3654.000000 0.058508
3655.000000 0.055108
3656.000000 0.060102
3657.000000 0.058608
3658.000000 0.059938
3659.000000 0.055690
3660.000000 0.053900
3661.000000 0.048317
3662.000000 0.054766
3663.000000 0.051408
3664.000000 0.048427
3665.000000 0.046425
3666.000000 0.048368
3667.000000 0.051944
3668.000000 0.052972
3669.000000 0.046215
3670.000000 0.049469
3671.000000 0.051760
3672.000000 0.048289
3673.000000 0.060470
3674.000000 0.056075
3675.000000 0.058827
3676.000000 0.063748
3677.000000 0.089580
3678.000000 0.081842
3679.000000 0.071616
3680.000000 0.063693
3681.000000 0.069777
3682.000000 0.066144
3683.000000 0.067708
3684.000000 0.060954
3685.000000 0.067080
3686.000000 0.062977
3687.000000 0.063762
3688.000000 0.056722
3689.000000 0.062852
3690.000000 0.055761
3691.000000 0.053791
3692.000000 0.044484
3693.000000 0.036854
3694.000000 0.040424
3695.000000 0.040300
3696.000000 0.053718
3697.000000 0.047206
3698.000000 0.044581
3699.000000 0.051956
3700.000000 0.055300
3701.000000 0.057343
3702.000000 0.063931
3703.000000 0.053622
3704.000000 0.063895
3705.000000 0.061874
3706.000000 0.068190
3707.000000 0.066920
3708.000000 0.056970
3709.000000 0.051187
3710.000000 0.047602
3711.000000 0.052450
3712.000000 0.061008
3713.000000 0.055180
3714.000000 0.052618
3715.000000 0.060987
3716.000000 0.061427
3717.000000 0.075650
3718.000000 0.091357
3719.000000 0.080385
3720.000000 0.088938
3721.000000 0.080836
3722.000000 0.098528
3723.000000 0.091813
3724.000000 0.088289
3725.000000 0.088114
3726.000000 0.079035
3727.000000 0.079720
3728.000000 0.076284
3729.000000 0.065695
3730.000000 0.060464
3731.000000 0.053385
3732.000000 0.062171
3733.000000 0.073635
3734.000000 0.072853
3735.000000 0.068919
3736.000000 0.062148
3737.000000 0.057275
3738.000000 0.070622
3739.000000 0.074724
3740.000000 0.078084
3741.000000 0.075747
3742.000000 0.082529
3743.000000 0.081324
3744.000000 0.081105
3745.000000 0.080617
3746.000000 0.085067
3747.000000 0.080536
3748.000000 0.072722
3749.000000 0.064351
3750.000000 0.059476
3751.000000 0.053140
3752.000000 0.047143
3753.000000 0.045531
3754.000000 0.048946
3755.000000 0.061043
3756.000000 0.053597
3757.000000 0.067377
3758.000000 0.062244
3759.000000 0.060875
3760.000000 0.060595
3761.000000 0.060716
3762.000000 0.077722
3763.000000 0.080091
3764.000000 0.077204
3765.000000 0.080153
3766.000000 0.078184
3767.000000 0.089490
3768.000000 0.089363
3769.000000 0.084003
3770.000000 0.075275
3771.000000 0.067586
3772.000000 0.068732
3773.000000 0.069074
3774.000000 0.060542
3775.000000 0.061950
3776.000000 0.060111
3777.000000 0.052276
3778.000000 0.045950
3779.000000 0.048773
3780.000000 0.046920
3781.000000 0.047839
3782.000000 0.044882
3783.000000 0.040509
3784.000000 0.058358
3785.000000 0.065515
3786.000000 0.063231
3787.000000 0.071025
3788.000000 0.063681
3789.000000 0.067782
3790.000000 0.072768
3791.000000 0.064529
3792.000000 0.060955
3793.000000 0.065395
3794.000000 0.063041
3795.000000 0.068627
3796.000000 0.060897
3797.000000 0.059621
3798.000000 0.062325
3799.000000 0.062108
3800.000000 0.052896
3801.000000 0.049604
3802.000000 0.048624
3803.000000 0.046900
3804.000000 0.044074
3805.000000 0.052272
3806.000000 0.054321
3807.000000 0.055436
3808.000000 0.061953
3809.000000 0.062303
3810.000000 0.058392
3811.000000 0.058750
3812.000000 0.051190
3813.000000 0.056818
3814.000000 0.057950
3815.000000 0.057194
3816.000000 0.057282
3817.000000 0.053584
3818.000000 0.045731
3819.000000 0.044681
3820.000000 0.041426
3821.000000 0.039255
3822.000000 0.040558
3823.000000 0.033747
3824.000000 0.047759
3825.000000 0.053748
3826.000000 0.057894
3827.000000 0.058936
3828.000000 0.070812
3829.000000 0.080713
3830.000000 0.083402
3831.000000 0.072044
3832.000000 0.067650
3833.000000 0.068082
3834.000000 0.059706
3835.000000 0.063142
3836.000000 0.061503
3837.000000 0.062470
3838.000000 0.058503
3839.000000 0.058225
3840.000000 0.053925
3841.000000 0.054682
3842.000000 0.054011
3843.000000 0.060757
3844.000000 0.059917
3845.000000 0.065316
3846.000000 0.071546
3847.000000 0.073477
3848.000000 0.072224
3849.000000 0.062568
3850.000000 0.057813
3851.000000 0.055709
3852.000000 0.050679
3853.000000 0.053397
3854.000000 0.052555
3855.000000 0.044904
3856.000000 0.049475
3857.000000 0.041159
3858.000000 0.035610
3859.000000 0.032682
3860.000000 0.029062
3861.000000 0.033621
3862.000000 0.036073
3863.000000 0.032828
3864.000000 0.042649
3865.000000 0.058926
3866.000000 0.059834
3867.000000 0.056390
3868.000000 0.057445
3869.000000 0.057281
3870.000000 0.068687
3871.000000 0.066991
3872.000000 0.055528
3873.000000 0.051977
3874.000000 0.052076
3875.000000 0.058326
3876.000000 0.053779
3877.000000 0.059888
3878.000000 0.050880
3879.000000 0.052260
3880.000000 0.050375
3881.000000 0.044476
3882.000000 0.040676
3883.000000 0.044075
3884.000000 0.050196
3885.000000 0.047546
3886.000000 0.049007
3887.000000 0.040768
3888.000000 0.044627
3889.000000 0.052880
3890.000000 0.064637
3891.000000 0.067754
3892.000000 0.069919
3893.000000 0.076176
3894.000000 0.062946
3895.000000 0.060883
3896.000000 0.054877
3897.000000 0.051163
3898.000000 0.053646
3899.000000 0.050191
3900.000000 0.053934
3901.000000 0.050554
3902.000000 0.042261
3903.000000 0.045908
3904.000000 0.050599
3905.000000 0.047915
3906.000000 0.042588
3907.000000 0.036463
3908.000000 0.034031
3909.000000 0.039334
3910.000000 0.040904
3911.000000 0.053603
3912.000000 0.047391
3913.000000 0.049314
3914.000000 0.054946
3915.000000 0.066691
3916.000000 0.066063
3917.000000 0.055953
3918.000000 0.050041
3919.000000 0.053092
3920.000000 0.055299
3921.000000 0.066050
3922.000000 0.056522
3923.000000 0.064373
3924.000000 0.053850
3925.000000 0.058670
3926.000000 0.048708
3927.000000 0.049040
3928.000000 0.056172
3929.000000 0.051599
3930.000000 0.051156
3931.000000 0.044858
3932.000000 0.043629
3933.000000 0.043876
3934.000000 0.058000
3935.000000 0.050106
3936.000000 0.064504
3937.000000 0.073127
3938.000000 0.076105
3939.000000 0.069885
3940.000000 0.063625
3941.000000 0.057803
3942.000000 0.069129
3943.000000 0.071157
3944.000000 0.065989
3945.000000 0.054481
3946.000000 0.055469
3947.000000 0.050300
3948.000000 0.041684
3949.000000 0.043701
3950.000000 0.042291
3951.000000 0.040685
3952.000000 0.041462
3953.000000 0.040399
3954.000000 0.037138
3955.000000 0.052708
3956.000000 0.054757
3957.000000 0.073975
3958.000000 0.066402
3959.000000 0.065444
3960.000000 0.067406
3961.000000 0.066056
3962.000000 0.068319
3963.000000 0.065676
3964.000000 0.071712
3965.000000 0.064581
3966.000000 0.060150
3967.000000 0.058981
3968.000000 0.061457
3969.000000 0.060207
3970.000000 0.049883
3971.000000 0.053158
3972.000000 0.044728
3973.000000 0.045766
3974.000000 0.039633
3975.000000 0.042380
3976.000000 0.048634
3977.000000 0.045896
3978.000000 0.044553
3979.000000 0.065359
3980.000000 0.080298
3981.000000 0.090294
3982.000000 0.079679
3983.000000 0.076878
3984.000000 0.075685
3985.000000 0.081043
3986.000000 0.076470
3987.000000 0.071553
3988.000000 0.066292
3989.000000 0.063115
3990.000000 0.052259
3991.000000 0.050306
3992.000000 0.052053
3993.000000 0.043215
3994.000000 0.039660
3995.000000 0.046413
3996.000000 0.053451
3997.000000 0.051574
3998.000000 0.045558
3999.000000 0.049518
4000.000000 0.044443
4001.000000 0.049541
4002.000000 0.056039
4003.000000 0.059947
4004.000000 0.072498
4005.000000 0.086404
4006.000000 0.088445
4007.000000 0.082236
4008.000000 0.075955
4009.000000 0.075538
4010.000000 0.074011
4011.000000 0.073130
4012.000000 0.066675
4013.000000 0.068133
4014.000000 0.056247
4015.000000 0.056080
4016.000000 0.046371
4017.000000 0.047792
4018.000000 0.047289
4019.000000 0.041897
4020.000000 0.034752
4021.000000 0.033374
4022.000000 0.039297
4023.000000 0.050686
4024.000000 0.052701
4025.000000 0.047908
4026.000000 0.050257
4027.000000 0.055696
4028.000000 0.056084
4029.000000 0.058441
4030.000000 0.059628
4031.000000 0.064695
4032.000000 0.053586
4033.000000 0.054132
4034.000000 0.051710
4035.000000 0.063204
4036.000000 0.055689
4037.000000 0.046493
4038.000000 0.039708
4039.000000 0.044078
4040.000000 0.049899
4041.000000 0.052984
4042.000000 0.049296
4043.000000 0.046552
4044.000000 0.047797
4045.000000 0.052465
4046.000000 0.055007
4047.000000 0.062830
4048.000000 0.051981
4049.000000 0.052971
4050.000000 0.049132
4051.000000 0.048410
4052.000000 0.048504
4053.000000 0.045481
4054.000000 0.050159
4055.000000 0.052749
4056.000000 0.054962
4057.000000 0.053636
4058.000000 0.059392
4059.000000 0.055009
4060.000000 0.069524
4061.000000 0.076889
4062.000000 0.080300
4063.000000 0.079191
4064.000000 0.076205
4065.000000 0.070066
4066.000000 0.070719
4067.000000 0.068055
4068.000000 0.063629
4069.000000 0.059299
4070.000000 0.056595
4071.000000 0.055021
4072.000000 0.054657
4073.000000 0.059724
4074.000000 0.068069
4075.000000 0.067068
4076.000000 0.063707
4077.000000 0.058906
4078.000000 0.054184
4079.000000 0.046521
4080.000000 0.052051
4081.000000 0.051904
4082.000000 0.062587
4083.000000 0.057228
4084.000000 0.062886
4085.000000 0.056456
4086.000000 0.060346
4087.000000 0.057539
4088.000000 0.052092
4089.000000 0.054128
4090.000000 0.053317
4091.000000 0.064708
4092.000000 0.056690
4093.000000 0.049055
4094.000000 0.052531
4095.000000 0.054478
4096.000000 0.048903
4097.000000 0.053807
4098.000000 0.061667
4099.000000 0.062131
4100.000000 0.078174
4101.000000 0.070796
4102.000000 0.060072
4103.000000 0.060142
4104.000000 0.056726
4105.000000 0.049421
4106.000000 0.053736
4107.000000 0.052059
4108.000000 0.047853
4109.000000 0.044065
4110.000000 0.036643
4111.000000 0.033039
4112.000000 0.045571
4113.000000 0.047774
4114.000000 0.053858
4115.000000 0.066344
4116.000000 0.072092
4117.000000 0.085266
4118.000000 0.073425
4119.000000 0.077448
4120.000000 0.073318
4121.000000 0.065712
4122.000000 0.066723
4123.000000 0.057048
4124.000000 0.061938
4125.000000 0.056061
4126.000000 0.055376
4127.000000 0.054941
4128.000000 0.050623
4129.000000 0.052238
4130.000000 0.045937
4131.000000 0.040152
4132.000000 0.033439
4133.000000 0.037510
4134.000000 0.034104
4135.000000 0.044457
4136.000000 0.069092
4137.000000 0.089070
4138.000000 0.095417
4139.000000 0.097920
4140.000000 0.095259
4141.000000 0.083386
4142.000000 0.075140
4143.000000 0.068601
4144.000000 0.057683
4145.000000 0.055836
4146.000000 0.051039
4147.000000 0.046623
4148.000000 0.047906
4149.000000 0.045371
4150.000000 0.051035
4151.000000 0.043957
4152.000000 0.042929
4153.000000 0.041614
4154.000000 0.055142
4155.000000 0.052044
4156.000000 0.043140
4157.000000 0.038717
4158.000000 0.043753
4159.000000 0.044701
4160.000000 0.050202
4161.000000 0.049821
4162.000000 0.048215
4163.000000 0.050386
4164.000000 0.060821
4165.000000 0.059013
4166.000000 0.062493
4167.000000 0.066033
4168.000000 0.068424
4169.000000 0.065151
4170.000000 0.063837
4171.000000 0.071423
4172.000000 0.069027
4173.000000 0.062973
4174.000000 0.071910
4175.000000 0.072098
4176.000000 0.068470
4177.000000 0.062874
4178.000000 0.065942
4179.000000 0.073743
4180.000000 0.068734
4181.000000 0.068372
4182.000000 0.069018
4183.000000 0.060134
4184.000000 0.052346
4185.000000 0.061160
4186.000000 0.065997
4187.000000 0.058327
4188.000000 0.051918
4189.000000 0.043026
4190.000000 0.047467
4191.000000 0.041586
4192.000000 0.034589
4193.000000 0.044261
4194.000000 0.046192
4195.000000 0.044913
4196.000000 0.054806
4197.000000 0.062947
4198.000000 0.065026
4199.000000 0.075169
4200.000000 0.074919
4201.000000 0.077685
4202.000000 0.064818
4203.000000 0.062571
4204.000000 0.067987
4205.000000 0.059727
4206.000000 0.055401
4207.000000 0.067202
4208.000000 0.068641
4209.000000 0.064462
4210.000000 0.062039
4211.000000 0.057017
4212.000000 0.052322
4213.000000 0.051470
4214.000000 0.058681
4215.000000 0.061826
4216.000000 0.067599
4217.000000 0.064235
4218.000000 0.065253
4219.000000 0.060771
4220.000000 0.064295
4221.000000 0.058967
4222.000000 0.053909
4223.000000 0.071928
4224.000000 0.073409
4225.000000 0.067889
4226.000000 0.075889
4227.000000 0.075436
4228.000000 0.070771
4229.000000 0.064698
4230.000000 0.073064
4231.000000 0.071612
4232.000000 0.072411
4233.000000 0.071835
4234.000000 0.070336
4235.000000 0.058053
4236.000000 0.065410
4237.000000 0.069397
4238.000000 0.065037
4239.000000 0.056353
4240.000000 0.062338
4241.000000 0.051589
4242.000000 0.056099
4243.000000 0.055884
4244.000000 0.052329
4245.000000 0.047553
4246.000000 0.051598
4247.000000 0.058582
4248.000000 0.058263
4249.000000 0.065300
4250.000000 0.058509
4251.000000 0.056326
4252.000000 0.062578
4253.000000 0.063347
4254.000000 0.062685
4255.000000 0.055066
4256.000000 0.053151
4257.000000 0.067502
4258.000000 0.065433
4259.000000 0.064346
4260.000000 0.054701
4261.000000 0.050268
4262.000000 0.047989
4263.000000 0.046322
4264.000000 0.043158
4265.000000 0.040777
4266.000000 0.046641
4267.000000 0.048359
4268.000000 0.043346
4269.000000 0.041655
4270.000000 0.046715
4271.000000 0.045061
4272.000000 0.053666
4273.000000 0.053935
4274.000000 0.053653
4275.000000 0.058865
4276.000000 0.058725
4277.000000 0.052177
4278.000000 0.056665
4279.000000 0.051773
4280.000000 0.044620
4281.000000 0.043743
4282.000000 0.042819
4283.000000 0.043181
4284.000000 0.042344
4285.000000 0.043640
4286.000000 0.044704
4287.000000 0.048617
4288.000000 0.040268
4289.000000 0.037764
4290.000000 0.043581
4291.000000 0.044574
4292.000000 0.051365
4293.000000 0.063602
4294.000000 0.060254
4295.000000 0.055134
4296.000000 0.059190
4297.000000 0.055098
4298.000000 0.047596
4299.000000 0.054670
4300.000000 0.048204
4301.000000 0.043627
4302.000000 0.042293
4303.000000 0.035122
4304.000000 0.039027
4305.000000 0.038935
4306.000000 0.049583
4307.000000 0.050080
4308.000000 0.060069
4309.000000 0.062416
4310.000000 0.067248
4311.000000 0.075872
4312.000000 0.068090
4313.000000 0.062771
4314.000000 0.060991
4315.000000 0.054176
4316.000000 0.049136
4317.000000 0.056559
4318.000000 0.051576
4319.000000 0.050735
4320.000000 0.050622
4321.000000 0.060682
4322.000000 0.052309
4323.000000 0.060777
4324.000000 0.058326
4325.000000 0.060824
4326.000000 0.057666
4327.000000 0.052505
4328.000000 0.050972
4329.000000 0.055253
4330.000000 0.062360
4331.000000 0.057322
4332.000000 0.051125
4333.000000 0.050364
4334.000000 0.057176
4335.000000 0.060722
4336.000000 0.055589
4337.000000 0.058517
4338.000000 0.064371
4339.000000 0.059776
4340.000000 0.053528
4341.000000 0.059129
4342.000000 0.067671
4343.000000 0.066682
4344.000000 0.060501
4345.000000 0.055923
4346.000000 0.060423
4347.000000 0.050139
4348.000000 0.061690
4349.000000 0.061940
4350.000000 0.086007
4351.000000 0.089252
4352.000000 0.082226
4353.000000 0.067994
4354.000000 0.061964
4355.000000 0.055198
4356.000000 0.065866
4357.000000 0.066454
4358.000000 0.067537
4359.000000 0.067252
4360.000000 0.077978
4361.000000 0.079422
4362.000000 0.068718
4363.000000 0.066817
4364.000000 0.063327
4365.000000 0.060450
4366.000000 0.054924
4367.000000 0.050259
4368.000000 0.052323
4369.000000 0.047836
4370.000000 0.047260
4371.000000 0.056751
4372.000000 0.065570
4373.000000 0.066042
4374.000000 0.062431
4375.000000 0.059839
4376.000000 0.057592
4377.000000 0.061525
4378.000000 0.053846
4379.000000 0.044648
4380.000000 0.051189
4381.000000 0.048413
4382.000000 0.044869
4383.000000 0.046051
4384.000000 0.053896
4385.000000 0.055375
4386.000000 0.048316
4387.000000 0.045390
4388.000000 0.060242
4389.000000 0.069582
4390.000000 0.066464
4391.000000 0.068592
4392.000000 0.064110
4393.000000 0.068225
4394.000000 0.082156
4395.000000 0.079710
4396.000000 0.072627
4397.000000 0.069407
4398.000000 0.076133
4399.000000 0.066766
4400.000000 0.065315
4401.000000 0.059565
4402.000000 0.051960
4403.000000 0.056707
4404.000000 0.048636
4405.000000 0.048743
4406.000000 0.040500
4407.000000 0.036346
4408.000000 0.039319
4409.000000 0.047479
4410.000000 0.048179
4411.000000 0.061012
4412.000000 0.058887
4413.000000 0.052543
4414.000000 0.058197
4415.000000 0.051536
4416.000000 0.050394
4417.000000 0.050792
4418.000000 0.050943
4419.000000 0.050020
4420.000000 0.045367
4421.000000 0.054946
4422.000000 0.050817
4423.000000 0.045771
4424.000000 0.056378
4425.000000 0.056923
4426.000000 0.055510
4427.000000 0.050879
4428.000000 0.044302
4429.000000 0.052000
4430.000000 0.055357
4431.000000 0.054261
4432.000000 0.054368
4433.000000 0.063866
4434.000000 0.062307
4435.000000 0.053243
4436.000000 0.050834
4437.000000 0.055237
4438.000000 0.052627
4439.000000 0.063265
4440.000000 0.063480
4441.000000 0.064138
4442.000000 0.055958
4443.000000 0.046276
4444.000000 0.039806
4445.000000 0.041222
4446.000000 0.040100
4447.000000 0.046580
4448.000000 0.044746
4449.000000 0.048181
4450.000000 0.059898
4451.000000 0.059858
4452.000000 0.056677
4453.000000 0.057522
4454.000000 0.061794
4455.000000 0.067533
4456.000000 0.066133
4457.000000 0.070122
4458.000000 0.063916
4459.000000 0.063189
4460.000000 0.074463
4461.000000 0.070119
4462.000000 0.060463
4463.000000 0.059962
4464.000000 0.073279
4465.000000 0.063008
4466.000000 0.055489
4467.000000 0.048166
4468.000000 0.052125
4469.000000 0.049583
4470.000000 0.053468
4471.000000 0.069067
4472.000000 0.083156
4473.000000 0.076940
4474.000000 0.088840
4475.000000 0.080629
4476.000000 0.078695
4477.000000 0.065732
4478.000000 0.065480
4479.000000 0.062186
4480.000000 0.057927
4481.000000 0.047934
4482.000000 0.047218
4483.000000 0.042297
4484.000000 0.036720
4485.000000 0.037745
4486.000000 0.033517
4487.000000 0.032562
4488.000000 0.045198
4489.000000 0.049947
4490.000000 0.059436
4491.000000 0.068045
4492.000000 0.063409
4493.000000 0.067942
4494.000000 0.079117
4495.000000 0.077302
4496.000000 0.076662
4497.000000 0.075795
4498.000000 0.077298
4499.000000 0.076122
4500.000000 0.076433
4501.000000 0.081213
4502.000000 0.073471
4503.000000 0.076682
4504.000000 0.081843
4505.000000 0.075827
4506.000000 0.068165
4507.000000 0.061211
4508.000000 0.064862
4509.000000 0.062082
4510.000000 0.062076
4511.000000 0.066278
4512.000000 0.069622
4513.000000 0.069812
4514.000000 0.063305
4515.000000 0.068010
4516.000000 0.064047
4517.000000 0.062991
4518.000000 0.067641
4519.000000 0.069100
4520.000000 0.072503
4521.000000 0.069974
4522.000000 0.057895
4523.000000 0.059621
4524.000000 0.059155
4525.000000 0.060806
4526.000000 0.056260
4527.000000 0.058258
4528.000000 0.068652
4529.000000 0.063906
4530.000000 0.064374
4531.000000 0.061083
4532.000000 0.064268
4533.000000 0.060142
4534.000000 0.051369
4535.000000 0.057843
4536.000000 0.058354
4537.000000 0.050632
4538.000000 0.048825
4539.000000 0.071733
4540.000000 0.064756
4541.000000 0.061853
4542.000000 0.060795
4543.000000 0.058331
4544.000000 0.052769
4545.000000 0.048739
4546.000000 0.042271
4547.000000 0.047177
4548.000000 0.061434
4549.000000 0.052951
4550.000000 0.057998
4551.000000 0.052570
4552.000000 0.047232
4553.000000 0.051547
4554.000000 0.069809
4555.000000 0.071123
4556.000000 0.070641
4557.000000 0.067258
4558.000000 0.065951
4559.000000 0.054464
4560.000000 0.054791
4561.000000 0.067554
4562.000000 0.069627
4563.000000 0.067122
4564.000000 0.055501
4565.000000 0.048168
4566.000000 0.047171
4567.000000 0.048444
4568.000000 0.054082
4569.000000 0.052513
4570.000000 0.049603
4571.000000 0.041198
4572.000000 0.048182
4573.000000 0.055051
4574.000000 0.049118
4575.000000 0.058084
4576.000000 0.062701
4577.000000 0.060310
4578.000000 0.066313
4579.000000 0.056717
4580.000000 0.058267
4581.000000 0.063145
4582.000000 0.066244
4583.000000 0.059881
4584.000000 0.063637
4585.000000 0.065506
4586.000000 0.059162
4587.000000 0.064502
4588.000000 0.053437
4589.000000 0.048427
4590.000000 0.048872
4591.000000 0.057216
4592.000000 0.058964
4593.000000 0.062228
4594.000000 0.061589
4595.000000 0.053529
4596.000000 0.062313
4597.000000 0.057545
4598.000000 0.077733
4599.000000 0.069753
4600.000000 0.065334
4601.000000 0.088305
4602.000000 0.085130
4603.000000 0.080387
4604.000000 0.071069
4605.000000 0.077192
4606.000000 0.071342
4607.000000 0.065441
4608.000000 0.070149
4609.000000 0.065770
4610.000000 0.064069
4611.000000 0.061762
4612.000000 0.054422
4613.000000 0.045119
4614.000000 0.052614
4615.000000 0.058518
4616.000000 0.084190
4617.000000 0.093653
4618.000000 0.083021
4619.000000 0.071870
4620.000000 0.063157
4621.000000 0.060338
4622.000000 0.060025
4623.000000 0.052034
4624.000000 0.053292
4625.000000 0.044147
4626.000000 0.042496
4627.000000 0.047836
4628.000000 0.046298
4629.000000 0.046447
4630.000000 0.043166
4631.000000 0.046137
4632.000000 0.045729
4633.000000 0.068119
4634.000000 0.065962
4635.000000 0.066848
4636.000000 0.069039
4637.000000 0.067047
4638.000000 0.056864
4639.000000 0.060400
4640.000000 0.066298
4641.000000 0.071115
4642.000000 0.077830
4643.000000 0.067349
4644.000000 0.060938
4645.000000 0.059812
4646.000000 0.053607
4647.000000 0.055281
4648.000000 0.047703
4649.000000 0.058087
4650.000000 0.060166
4651.000000 0.074124
4652.000000 0.069902
4653.000000 0.064418
4654.000000 0.085639
4655.000000 0.080037
4656.000000 0.085451
4657.000000 0.078401
4658.000000 0.080004
4659.000000 0.096557
4660.000000 0.091509
4661.000000 0.080451
4662.000000 0.080480
4663.000000 0.080673
4664.000000 0.092061
4665.000000 0.079909
4666.000000 0.071369
4667.000000 0.081659
4668.000000 0.073267
4669.000000 0.072462
4670.000000 0.077471
4671.000000 0.067611
4672.000000 0.067845
4673.000000 0.063187
4674.000000 0.063230
4675.000000 0.063769
4676.000000 0.065598
4677.000000 0.054188
4678.000000 0.058737
4679.000000 0.063499
4680.000000 0.064738
4681.000000 0.063282
4682.000000 0.061508
4683.000000 0.058097
4684.000000 0.055565
4685.000000 0.049977
4686.000000 0.043640
4687.000000 0.047774
4688.000000 0.050050
4689.000000 0.053049
4690.000000 0.048568
4691.000000 0.067015
4692.000000 0.055312
4693.000000 0.052643
4694.000000 0.043552
4695.000000 0.044551
4696.000000 0.049403
4697.000000 0.048570
4698.000000 0.043777
4699.000000 0.038248
4700.000000 0.047303
4701.000000 0.056267
4702.000000 0.051333
4703.000000 0.052256
4704.000000 0.069953
4705.000000 0.075882
4706.000000 0.075278
4707.000000 0.075886
4708.000000 0.082172
4709.000000 0.074114
4710.000000 0.067828
4711.000000 0.056047
4712.000000 0.046327
4713.000000 0.045593
4714.000000 0.042775
4715.000000 0.035477
4716.000000 0.034969
4717.000000 0.040201
4718.000000 0.033351
4719.000000 0.034599
4720.000000 0.033289
4721.000000 0.035374
4722.000000 0.029498
4723.000000 0.033415
4724.000000 0.045227
4725.000000 0.052278
4726.000000 0.060287
4727.000000 0.064248
4728.000000 0.072011
4729.000000 0.082846
4730.000000 0.106305
4731.000000 0.099595
4732.000000 0.098151
4733.000000 0.092059
4734.000000 0.082119
4735.000000 0.086915
4736.000000 0.077857
4737.000000 0.070375
4738.000000 0.065403
4739.000000 0.061908
4740.000000 0.068602
4741.000000 0.068447
4742.000000 0.057946
4743.000000 0.055531
4744.000000 0.056214
4745.000000 0.055140
4746.000000 0.053746
4747.000000 0.051407
4748.000000 0.051609
4749.000000 0.052111
4750.000000 0.051427
4751.000000 0.058135
4752.000000 0.063621
4753.000000 0.062391
4754.000000 0.073813
4755.000000 0.076545
4756.000000 0.072485
4757.000000 0.063868
4758.000000 0.064093
4759.000000 0.056721
4760.000000 0.062593
4761.000000 0.068479
4762.000000 0.057559
4763.000000 0.052036
4764.000000 0.050738
4765.000000 0.053752
4766.000000 0.052929
4767.000000 0.049939
4768.000000 0.045099
4769.000000 0.043714
4770.000000 0.045807
4771.000000 0.039939
4772.000000 0.050243
4773.000000 0.055159
4774.000000 0.064691
4775.000000 0.064591
4776.000000 0.068700
4777.000000 0.071710
4778.000000 0.075346
4779.000000 0.076869
4780.000000 0.072725
4781.000000 0.065508
4782.000000 0.070756
4783.000000 0.069964
4784.000000 0.065394
4785.000000 0.059150
4786.000000 0.052284
4787.000000 0.053493
4788.000000 0.053957
4789.000000 0.059299
4790.000000 0.068582
4791.000000 0.071009
4792.000000 0.076645
4793.000000 0.063372
4794.000000 0.073633
4795.000000 0.097014
4796.000000 0.094563
4797.000000 0.093574
4798.000000 0.091534
4799.000000 0.079761
4800.000000 0.080097
4801.000000 0.077853
4802.000000 0.069701
4803.000000 0.058735
4804.000000 0.059085
4805.000000 0.055357
4806.000000 0.049442
4807.000000 0.048070
4808.000000 0.041503
4809.000000 0.046858
4810.000000 0.046050
4811.000000 0.046611
4812.000000 0.048694
4813.000000 0.049938
4814.000000 0.055445
4815.000000 0.061528
4816.000000 0.063910
4817.000000 0.063663
4818.000000 0.064122
4819.000000 0.070059
4820.000000 0.087782
4821.000000 0.083052
4822.000000 0.076045
4823.000000 0.072473
4824.000000 0.069466
4825.000000 0.072540
4826.000000 0.078559
4827.000000 0.070178
4828.000000 0.067276
4829.000000 0.063250
4830.000000 0.060504
4831.000000 0.066191
4832.000000 0.063705
4833.000000 0.058563
4834.000000 0.051328
4835.000000 0.049026
4836.000000 0.047821
4837.000000 0.047617
4838.000000 0.061788
4839.000000 0.066066
4840.000000 0.064148
4841.000000 0.059323
4842.000000 0.064307
4843.000000 0.071697
4844.000000 0.067812
4845.000000 0.065815
4846.000000 0.060389
4847.000000 0.080721
4848.000000 0.076558
4849.000000 0.069955
4850.000000 0.073655
4851.000000 0.064762
4852.000000 0.066216
4853.000000 0.062237
4854.000000 0.054985
4855.000000 0.052446
4856.000000 0.045945
4857.000000 0.040924
4858.000000 0.039819
4859.000000 0.033150
4860.000000 0.037334
4861.000000 0.052584
4862.000000 0.068007
4863.000000 0.056217
4864.000000 0.052957
4865.000000 0.057101
4866.000000 0.050462
4867.000000 0.060631
4868.000000 0.054731
4869.000000 0.045416
4870.000000 0.050741
4871.000000 0.046546
4872.000000 0.047676
4873.000000 0.056251
4874.000000 0.050598
4875.000000 0.046281
4876.000000 0.053229
4877.000000 0.063757
4878.000000 0.058534
4879.000000 0.052625
4880.000000 0.050583
4881.000000 0.046842
4882.000000 0.047816
4883.000000 0.056975
4884.000000 0.057411
4885.000000 0.055270
4886.000000 0.056597
4887.000000 0.055647
4888.000000 0.051549
4889.000000 0.056530
4890.000000 0.059909
4891.000000 0.063123
4892.000000 0.061543
4893.000000 0.059674
4894.000000 0.060157
4895.000000 0.066709
4896.000000 0.060349
4897.000000 0.063549
4898.000000 0.058264
4899.000000 0.053873
4900.000000 0.051379
4901.000000 0.048014
4902.000000 0.051168
4903.000000 0.058793
4904.000000 0.055231
4905.000000 0.051894
4906.000000 0.053246
4907.000000 0.064203
4908.000000 0.058283
4909.000000 0.065170
4910.000000 0.059052
4911.000000 0.056561
4912.000000 0.053561
4913.000000 0.056037
4914.000000 0.059412
4915.000000 0.089849
4916.000000 0.100828
4917.000000 0.099947
4918.000000 0.096143
4919.000000 0.090323
4920.000000 0.074578
4921.000000 0.063418
4922.000000 0.055711
4923.000000 0.063912
4924.000000 0.057415
4925.000000 0.050909
4926.000000 0.042245
4927.000000 0.036585
4928.000000 0.035099
4929.000000 0.037528
4930.000000 0.040650
4931.000000 0.047387
4932.000000 0.039378
4933.000000 0.036568
4934.000000 0.057060
4935.000000 0.062988
4936.000000 0.060694
4937.000000 0.072531
4938.000000 0.075914
4939.000000 0.075308
4940.000000 0.079511
4941.000000 0.079686
4942.000000 0.077866
4943.000000 0.079121
4944.000000 0.077707
4945.000000 0.079968
4946.000000 0.078927
4947.000000 0.068738
4948.000000 0.079624
4949.000000 0.069999
4950.000000 0.057785
4951.000000 0.056080
4952.000000 0.046478
4953.000000 0.045443
4954.000000 0.040477
4955.000000 0.037914
4956.000000 0.049771
4957.000000 0.046067
4958.000000 0.045798
4959.000000 0.052663
4960.000000 0.069950
4961.000000 0.074584
4962.000000 0.076905
4963.000000 0.080298
4964.000000 0.079133
4965.000000 0.088068
4966.000000 0.087475
4967.000000 0.083920
4968.000000 0.072722
4969.000000 0.094172
4970.000000 0.085571
4971.000000 0.082606
4972.000000 0.073989
4973.000000 0.067081
4974.000000 0.063582
4975.000000 0.067276
4976.000000 0.060866
4977.000000 0.055587
4978.000000 0.056896
4979.000000 0.051998
4980.000000 0.047456
4981.000000 0.039266
4982.000000 0.032591
4983.000000 0.037614
4984.000000 0.050693
4985.000000 0.051429
4986.000000 0.053658
4987.000000 0.044516
4988.000000 0.047007
4989.000000 0.051716
4990.000000 0.055292
4991.000000 0.054549
4992.000000 0.055327
4993.000000 0.058153
4994.000000 0.055189
4995.000000 0.052123
4996.000000 0.049373
4997.000000 0.046856
4998.000000 0.041802
4999.000000 0.046079
5000.000000 0.050283
