501.000000 0.063571
502.000000 0.058479
503.000000 0.063782
504.000000 0.073837
505.000000 0.061824
506.000000 0.057429
507.000000 0.058590
508.000000 0.063131
509.000000 0.060476
510.000000 0.054024
511.000000 0.055030
512.000000 0.057242
513.000000 0.058691
514.000000 0.053841
515.000000 0.051602
516.000000 0.056074
517.000000 0.051734
518.000000 0.053655
519.000000 0.046077
520.000000 0.050868
521.000000 0.050641
522.000000 0.055352
523.000000 0.052618
524.000000 0.052000
525.000000 0.052837
526.000000 0.056575
527.000000 0.058444
528.000000 0.061814
529.000000 0.053137
530.000000 0.050876
531.000000 0.062830
532.000000 0.077031
533.000000 0.069109
534.000000 0.068139
535.000000 0.068100
536.000000 0.067261
537.000000 0.060682
538.000000 0.058168
539.000000 0.049909
540.000000 0.041333
541.000000 0.041760
542.000000 0.037954
543.000000 0.043441
544.000000 0.038619
545.000000 0.045668
546.000000 0.046344
547.000000 0.044486
548.000000 0.052118
549.000000 0.063805
550.000000 0.060429
551.000000 0.059696
552.000000 0.054669
553.000000 0.073084
554.000000 0.075000
555.000000 0.063866
556.000000 0.063772
557.000000 0.058876
558.000000 0.057684
559.000000 0.047644
560.000000 0.057330
561.000000 0.055201
562.000000 0.053962
563.000000 0.055805
564.000000 0.051471
565.000000 0.053458
566.000000 0.044737
567.000000 0.046550
568.000000 0.042901
569.000000 0.049811
570.000000 0.045564
571.000000 0.038976
572.000000 0.035372
573.000000 0.034331
574.000000 0.046832
575.000000 0.069276
576.000000 0.075565
577.000000 0.070401
578.000000 0.071059
579.000000 0.064806
580.000000 0.053615
581.000000 0.046767
582.000000 0.048061
583.000000 0.047944
584.000000 0.046248
585.000000 0.049139
586.000000 0.048826
587.000000 0.056038
588.000000 0.052474
589.000000 0.051496
590.000000 0.043891
591.000000 0.047545
592.000000 0.055009
593.000000 0.055288
594.000000 0.049026
595.000000 0.055085
596.000000 0.058396
597.000000 0.058528
598.000000 0.054657
599.000000 0.061782
600.000000 0.057777
601.000000 0.054153
602.000000 0.055903
603.000000 0.057890
604.000000 0.056742
605.000000 0.065343
606.000000 0.063001
607.000000 0.062386
608.000000 0.055301
609.000000 0.063892
610.000000 0.059229
611.000000 0.065574
612.000000 0.076051
613.000000 0.090480
614.000000 0.074596
615.000000 0.079973
616.000000 0.077756
617.000000 0.072661
618.000000 0.064347
619.000000 0.066129
620.000000 0.060943
621.000000 0.061972
622.000000 0.056309
623.000000 0.061225
624.000000 0.061329
625.000000 0.056964
626.000000 0.053208
627.000000 0.063389
628.000000 0.066835
629.000000 0.070686
630.000000 0.063525
631.000000 0.056111
632.000000 0.073498
633.000000 0.073162
634.000000 0.064889
635.000000 0.059270
636.000000 0.049038
637.000000 0.061313
638.000000 0.065645
639.000000 0.070301
640.000000 0.069121
641.000000 0.064078
642.000000 0.056701
643.000000 0.055828
644.000000 0.062305
645.000000 0.054962
646.000000 0.047567
647.000000 0.044699
648.000000 0.038738
649.000000 0.041389
650.000000 0.043585
651.000000 0.046744
652.000000 0.043455
653.000000 0.045054
654.000000 0.042722
655.000000 0.050102
656.000000 0.043214
657.000000 0.040817
658.000000 0.042436
659.000000 0.054330
660.000000 0.058806
661.000000 0.049505
662.000000 0.050276
663.000000 0.052613
664.000000 0.050867
665.000000 0.044829
666.000000 0.045609
667.000000 0.047094
668.000000 0.049374
669.000000 0.050616
670.000000 0.051959
671.000000 0.053253
672.000000 0.060029
673.000000 0.062967
674.000000 0.065798
675.000000 0.064055
676.000000 0.064930
677.000000 0.057567
678.000000 0.056479
679.000000 0.053312
680.000000 0.047025
681.000000 0.045990
682.000000 0.053039
683.000000 0.055057
684.000000 0.047761
685.000000 0.048464
686.000000 0.052821
687.000000 0.045520
688.000000 0.047258
689.000000 0.046381
690.000000 0.057868
691.000000 0.057103
692.000000 0.060559
693.000000 0.054360
694.000000 0.053748
695.000000 0.050331
696.000000 0.061445
697.000000 0.057790
698.000000 0.058896
699.000000 0.071093
700.000000 0.066598
701.000000 0.066844
702.000000 0.061152
703.000000 0.057902
704.000000 0.049039
705.000000 0.059452
706.000000 0.053707
707.000000 0.048520
708.000000 0.043771
709.000000 0.052620
710.000000 0.060994
711.000000 0.059040
712.000000 0.053723
713.000000 0.055461
714.000000 0.056018
715.000000 0.048407
716.000000 0.043181
717.000000 0.055377
718.000000 0.048715
719.000000 0.046610
720.000000 0.048915
721.000000 0.053548
722.000000 0.060468
723.000000 0.050418
724.000000 0.045375
725.000000 0.038671
726.000000 0.034988
727.000000 0.039413
728.000000 0.053659
729.000000 0.048393
730.000000 0.053781
731.000000 0.063814
732.000000 0.064931
733.000000 0.067693
734.000000 0.057277
735.000000 0.049138
736.000000 0.055606
737.000000 0.062144
738.000000 0.056180
739.000000 0.053720
740.000000 0.045070
741.000000 0.047651
742.000000 0.047092
743.000000 0.048467
744.000000 0.054443
745.000000 0.055838
746.000000 0.056935
747.000000 0.047184
748.000000 0.044562
749.000000 0.057095
750.000000 0.067202
751.000000 0.065582
752.000000 0.065048
753.000000 0.058731
754.000000 0.056738
755.000000 0.052120
756.000000 0.052063
757.000000 0.046878
758.000000 0.038914
759.000000 0.045583
760.000000 0.048289
761.000000 0.053936
762.000000 0.060153
763.000000 0.055025
764.000000 0.048223
765.000000 0.046398
766.000000 0.063127
767.000000 0.056822
768.000000 0.059062
769.000000 0.062714
770.000000 0.069675
771.000000 0.077935
772.000000 0.064306
773.000000 0.058608
774.000000 0.050006
775.000000 0.051395
776.000000 0.046750
777.000000 0.051746
778.000000 0.055628
779.000000 0.049940
780.000000 0.047134
781.000000 0.040677
782.000000 0.039425
783.000000 0.034134
784.000000 0.039838
785.000000 0.042791
786.000000 0.041111
787.000000 0.044102
788.000000 0.044619
789.000000 0.055278
790.000000 0.055049
791.000000 0.052821
792.000000 0.062604
793.000000 0.061652
794.000000 0.064564
795.000000 0.062290
796.000000 0.061664
797.000000 0.061084
798.000000 0.055999
799.000000 0.055217
800.000000 0.049209
801.000000 0.050744
802.000000 0.051200
803.000000 0.043697
804.000000 0.044440
805.000000 0.044206
806.000000 0.048532
807.000000 0.044800
808.000000 0.039603
809.000000 0.041876
810.000000 0.040475
811.000000 0.033733
812.000000 0.035191
813.000000 0.041976
814.000000 0.044055
815.000000 0.043128
816.000000 0.054359
817.000000 0.049391
818.000000 0.061448
819.000000 0.062692
820.000000 0.063149
821.000000 0.056907
822.000000 0.056937
823.000000 0.056778
824.000000 0.061406
825.000000 0.056281
826.000000 0.053175
827.000000 0.060488
828.000000 0.060479
829.000000 0.060098
830.000000 0.058633
831.000000 0.058734
832.000000 0.048508
833.000000 0.047486
834.000000 0.042856
835.000000 0.049027
836.000000 0.048687
837.000000 0.047601
838.000000 0.052804
839.000000 0.046174
840.000000 0.046528
841.000000 0.047705
842.000000 0.051126
843.000000 0.050504
844.000000 0.042445
845.000000 0.052692
846.000000 0.043904
847.000000 0.044114
848.000000 0.050899
849.000000 0.043889
850.000000 0.043692
851.000000 0.056055
852.000000 0.049976
853.000000 0.058601
854.000000 0.056690
855.000000 0.055510
856.000000 0.051873
857.000000 0.050719
858.000000 0.064989
859.000000 0.065086
860.000000 0.057253
861.000000 0.056225
862.000000 0.056834
863.000000 0.055604
864.000000 0.054200
865.000000 0.057275
866.000000 0.057910
867.000000 0.061363
868.000000 0.051817
869.000000 0.055988
870.000000 0.054432
871.000000 0.047351
872.000000 0.042881
873.000000 0.048219
874.000000 0.068906
875.000000 0.067743
876.000000 0.061774
877.000000 0.058559
878.000000 0.055879
879.000000 0.059971
880.000000 0.056243
881.000000 0.056753
882.000000 0.058919
883.000000 0.053150
884.000000 0.061370
885.000000 0.068679
886.000000 0.066878
887.000000 0.064561
888.000000 0.061989
889.000000 0.059929
890.000000 0.060544
891.000000 0.053882
892.000000 0.050723
893.000000 0.046633
894.000000 0.058001
895.000000 0.056904
896.000000 0.050228
897.000000 0.046015
898.000000 0.043446
899.000000 0.042758
900.000000 0.042024
901.000000 0.043486
902.000000 0.052118
903.000000 0.050815
904.000000 0.048483
905.000000 0.060411
906.000000 0.056195
907.000000 0.065427
908.000000 0.060980
909.000000 0.058511
910.000000 0.069587
911.000000 0.070491
912.000000 0.072220
913.000000 0.060643
914.000000 0.059412
915.000000 0.067931
916.000000 0.059817
917.000000 0.059189
918.000000 0.058744
919.000000 0.057003
920.000000 0.055627
921.000000 0.056459
922.000000 0.052224
923.000000 0.048602
924.000000 0.050437
925.000000 0.075959
926.000000 0.066704
927.000000 0.060489
928.000000 0.055440
929.000000 0.051187
930.000000 0.055867
931.000000 0.054821
932.000000 0.047357
933.000000 0.046524
934.000000 0.046206
935.000000 0.038341
936.000000 0.042539
937.000000 0.041886
938.000000 0.041110
939.000000 0.045478
940.000000 0.056353
941.000000 0.058004
942.000000 0.061409
943.000000 0.060346
944.000000 0.053282
945.000000 0.055762
946.000000 0.054602
947.000000 0.052956
948.000000 0.049257
949.000000 0.040830
950.000000 0.052504
951.000000 0.055339
952.000000 0.058960
953.000000 0.052246
954.000000 0.048010
955.000000 0.045686
956.000000 0.046536
957.000000 0.054687
958.000000 0.051374
959.000000 0.049350
960.000000 0.049441
961.000000 0.053629
962.000000 0.060770
963.000000 0.059644
964.000000 0.060383
965.000000 0.070839
966.000000 0.061361
967.000000 0.052640
968.000000 0.055687
969.000000 0.053103
970.000000 0.049927
971.000000 0.049631
972.000000 0.049000
973.000000 0.042579
974.000000 0.049663
975.000000 0.049140
976.000000 0.044038
977.000000 0.052971
978.000000 0.054539
979.000000 0.055346
980.000000 0.051077
981.000000 0.051851
982.000000 0.046917
983.000000 0.043710
984.000000 0.048575
985.000000 0.045621
986.000000 0.049585
987.000000 0.052464
988.000000 0.050396
989.000000 0.052789
990.000000 0.053799
991.000000 0.060439
992.000000 0.059545
993.000000 0.049304
994.000000 0.046398
995.000000 0.045115
996.000000 0.047066
997.000000 0.052233
998.000000 0.056588
999.000000 0.054704
1000.000000 0.059572
1001.000000 0.052815
1002.000000 0.049601
1003.000000 0.049599
1004.000000 0.045026
1005.000000 0.049932
1006.000000 0.052418
1007.000000 0.053618
1008.000000 0.055997
1009.000000 0.060507
1010.000000 0.052567
1011.000000 0.050443
1012.000000 0.042804
1013.000000 0.041977
1014.000000 0.056660
1015.000000 0.067833
1016.000000 0.056493
1017.000000 0.049456
1018.000000 0.045000
1019.000000 0.053587
1020.000000 0.053281
1021.000000 0.046081
1022.000000 0.044804
1023.000000 0.041593
1024.000000 0.043458
1025.000000 0.036917
1026.000000 0.051633
1027.000000 0.046941
1028.000000 0.047394
1029.000000 0.059936
1030.000000 0.065309
1031.000000 0.067264
1032.000000 0.064022
1033.000000 0.055604
1034.000000 0.058152
1035.000000 0.069022
1036.000000 0.062703
1037.000000 0.054418
1038.000000 0.052836
1039.000000 0.047605
1040.000000 0.049542
1041.000000 0.064999
1042.000000 0.053756
1043.000000 0.048016
1044.000000 0.047273
1045.000000 0.049397
1046.000000 0.043558
1047.000000 0.041729
1048.000000 0.045536
1049.000000 0.046279
1050.000000 0.050169
1051.000000 0.046448
1052.000000 0.054117
1053.000000 0.047083
1054.000000 0.049155
1055.000000 0.045794
1056.000000 0.067418
1057.000000 0.063900
1058.000000 0.065475
1059.000000 0.061838
1060.000000 0.067877
1061.000000 0.059530
1062.000000 0.060964
1063.000000 0.060645
1064.000000 0.064989
1065.000000 0.061471
1066.000000 0.064087
1067.000000 0.056045
1068.000000 0.053210
1069.000000 0.052280
1070.000000 0.046156
1071.000000 0.054015
1072.000000 0.051244
1073.000000 0.065534
1074.000000 0.066493
1075.000000 0.060881
1076.000000 0.067669
1077.000000 0.076597
1078.000000 0.076825
1079.000000 0.066325
1080.000000 0.060532
1081.000000 0.057659
1082.000000 0.057167
1083.000000 0.051514
1084.000000 0.051185
1085.000000 0.053790
1086.000000 0.055737
1087.000000 0.055113
1088.000000 0.046463
1089.000000 0.048028
1090.000000 0.047322
1091.000000 0.044489
1092.000000 0.038856
1093.000000 0.032284
1094.000000 0.040013
1095.000000 0.043021
1096.000000 0.053745
1097.000000 0.044548
1098.000000 0.042655
1099.000000 0.039015
1100.000000 0.048579
1101.000000 0.065760
1102.000000 0.062363
1103.000000 0.067031
1104.000000 0.058115
1105.000000 0.057611
1106.000000 0.049958
1107.000000 0.050161
1108.000000 0.048704
1109.000000 0.049448
1110.000000 0.042305
1111.000000 0.040146
1112.000000 0.044259
1113.000000 0.042657
1114.000000 0.040193
1115.000000 0.046261
1116.000000 0.040718
1117.000000 0.052196
1118.000000 0.049172
1119.000000 0.054373
1120.000000 0.068795
1121.000000 0.062777
1122.000000 0.066482
1123.000000 0.063673
1124.000000 0.084272
1125.000000 0.080508
1126.000000 0.077432
1127.000000 0.065324
1128.000000 0.063252
1129.000000 0.058698
1130.000000 0.062820
1131.000000 0.062527
1132.000000 0.065312
1133.000000 0.075341
1134.000000 0.071211
1135.000000 0.070668
1136.000000 0.061188
1137.000000 0.056308
1138.000000 0.054618
1139.000000 0.057803
1140.000000 0.054737
1141.000000 0.055092
1142.000000 0.059033
1143.000000 0.074330
1144.000000 0.065021
1145.000000 0.067022
1146.000000 0.064040
1147.000000 0.062131
1148.000000 0.062349
1149.000000 0.057704
1150.000000 0.067250
1151.000000 0.062565
1152.000000 0.058656
1153.000000 0.062300
1154.000000 0.062894
1155.000000 0.053796
1156.000000 0.053784
1157.000000 0.051913
1158.000000 0.056503
1159.000000 0.053064
1160.000000 0.051105
1161.000000 0.042273
1162.000000 0.044911
1163.000000 0.054215
1164.000000 0.047849
1165.000000 0.046212
1166.000000 0.048436
1167.000000 0.052138
1168.000000 0.048082
1169.000000 0.053044
1170.000000 0.058233
1171.000000 0.060515
1172.000000 0.053033
1173.000000 0.046571
1174.000000 0.049952
1175.000000 0.058318
1176.000000 0.065077
1177.000000 0.057902
1178.000000 0.053905
1179.000000 0.047843
1180.000000 0.048361
1181.000000 0.060821
1182.000000 0.060245
1183.000000 0.049779
1184.000000 0.044835
1185.000000 0.042907
1186.000000 0.044268
1187.000000 0.042668
1188.000000 0.035424
1189.000000 0.038625
1190.000000 0.050160
1191.000000 0.048650
1192.000000 0.054149
1193.000000 0.066565
1194.000000 0.071794
1195.000000 0.073799
1196.000000 0.080628
1197.000000 0.089671
1198.000000 0.083730
1199.000000 0.075330
1200.000000 0.074577
1201.000000 0.063415
1202.000000 0.065798
1203.000000 0.054308
1204.000000 0.050559
1205.000000 0.050944
1206.000000 0.045756
1207.000000 0.037913
1208.000000 0.039720
1209.000000 0.039733
1210.000000 0.036722
1211.000000 0.034843
1212.000000 0.040969
1213.000000 0.035203
1214.000000 0.035634
1215.000000 0.038190
1216.000000 0.043394
1217.000000 0.043624
1218.000000 0.062990
1219.000000 0.059697
1220.000000 0.059997
1221.000000 0.056685
1222.000000 0.061815
1223.000000 0.064950
1224.000000 0.059041
1225.000000 0.056063
1226.000000 0.067098
1227.000000 0.058101
1228.000000 0.056631
1229.000000 0.060551
1230.000000 0.065936
1231.000000 0.062629
1232.000000 0.057551
1233.000000 0.051059
1234.000000 0.068586
1235.000000 0.070871
1236.000000 0.066218
1237.000000 0.059078
1238.000000 0.052112
1239.000000 0.046856
1240.000000 0.043479
1241.000000 0.041064
1242.000000 0.037542
1243.000000 0.039931
1244.000000 0.050202
1245.000000 0.052187
1246.000000 0.047049
1247.000000 0.043197
1248.000000 0.036774
1249.000000 0.050431
1250.000000 0.058073
1251.000000 0.058880
1252.000000 0.059447
1253.000000 0.054961
1254.000000 0.052431
1255.000000 0.049034
1256.000000 0.046771
1257.000000 0.041825
1258.000000 0.043314
1259.000000 0.056326
1260.000000 0.057682
1261.000000 0.055576
1262.000000 0.057129
1263.000000 0.053477
1264.000000 0.051887
1265.000000 0.048584
1266.000000 0.048447
1267.000000 0.048991
1268.000000 0.047393
1269.000000 0.050991
1270.000000 0.050783
1271.000000 0.045947
1272.000000 0.049925
1273.000000 0.055236
1274.000000 0.063753
1275.000000 0.056836
1276.000000 0.053388
1277.000000 0.058126
1278.000000 0.054510
1279.000000 0.061158
1280.000000 0.077606
1281.000000 0.067434
1282.000000 0.062946
1283.000000 0.071981
1284.000000 0.081199
1285.000000 0.090024
1286.000000 0.090428
1287.000000 0.084219
1288.000000 0.085149
1289.000000 0.070261
1290.000000 0.066497
1291.000000 0.063366
1292.000000 0.065126
1293.000000 0.060118
1294.000000 0.056283
1295.000000 0.050836
1296.000000 0.048314
1297.000000 0.041465
1298.000000 0.048306
1299.000000 0.041619
1300.000000 0.049724
1301.000000 0.055120
1302.000000 0.060028
1303.000000 0.055030
1304.000000 0.060999
1305.000000 0.055808
1306.000000 0.051239
1307.000000 0.058256
1308.000000 0.054778
1309.000000 0.056429
1310.000000 0.051340
1311.000000 0.060933
1312.000000 0.063050
1313.000000 0.057026
1314.000000 0.053070
1315.000000 0.057623
1316.000000 0.055629
1317.000000 0.053490
1318.000000 0.050950
1319.000000 0.045799
1320.000000 0.044185
1321.000000 0.040099
1322.000000 0.044638
1323.000000 0.042090
1324.000000 0.044642
1325.000000 0.051344
1326.000000 0.053765
1327.000000 0.058671
1328.000000 0.062465
1329.000000 0.063142
1330.000000 0.065793
1331.000000 0.068756
1332.000000 0.059816
1333.000000 0.056283
1334.000000 0.051889
1335.000000 0.056257
1336.000000 0.064377
1337.000000 0.053854
1338.000000 0.054063
1339.000000 0.053831
1340.000000 0.046867
1341.000000 0.042568
1342.000000 0.042540
1343.000000 0.035273
1344.000000 0.033777
1345.000000 0.038512
1346.000000 0.037532
1347.000000 0.039375
1348.000000 0.032704
1349.000000 0.030812
1350.000000 0.031719
1351.000000 0.043507
1352.000000 0.047571
1353.000000 0.051902
1354.000000 0.054987
1355.000000 0.053783
1356.000000 0.072577
1357.000000 0.076213
1358.000000 0.070315
1359.000000 0.062588
1360.000000 0.062470
1361.000000 0.055165
1362.000000 0.055429
1363.000000 0.052119
1364.000000 0.044498
1365.000000 0.036906
1366.000000 0.039811
1367.000000 0.039376
1368.000000 0.038920
1369.000000 0.041479
1370.000000 0.038469
1371.000000 0.044292
1372.000000 0.053170
1373.000000 0.068355
1374.000000 0.060345
1375.000000 0.056751
1376.000000 0.054637
1377.000000 0.061338
1378.000000 0.064435
1379.000000 0.069640
1380.000000 0.062926
1381.000000 0.056918
1382.000000 0.058573
1383.000000 0.055899
1384.000000 0.049795
1385.000000 0.051501
1386.000000 0.047652
1387.000000 0.046658
1388.000000 0.046882
1389.000000 0.041390
1390.000000 0.048679
1391.000000 0.049619
1392.000000 0.058654
1393.000000 0.066882
1394.000000 0.058505
1395.000000 0.054685
1396.000000 0.055739
1397.000000 0.047766
1398.000000 0.045005
1399.000000 0.037335
1400.000000 0.040596
1401.000000 0.044821
1402.000000 0.041516
1403.000000 0.037442
1404.000000 0.032269
1405.000000 0.039169
1406.000000 0.045898
1407.000000 0.040262
1408.000000 0.035466
1409.000000 0.051900
1410.000000 0.052345
1411.000000 0.057237
1412.000000 0.064557
1413.000000 0.088984
1414.000000 0.095519
1415.000000 0.089348
1416.000000 0.084591
1417.000000 0.089667
1418.000000 0.083917
1419.000000 0.079972
1420.000000 0.068023
1421.000000 0.066480
1422.000000 0.058388
1423.000000 0.056608
1424.000000 0.051847
1425.000000 0.054435
1426.000000 0.064961
1427.000000 0.055515
1428.000000 0.055366
1429.000000 0.056523
1430.000000 0.057325
1431.000000 0.054798
1432.000000 0.047135
1433.000000 0.050930
1434.000000 0.059469
1435.000000 0.051332
1436.000000 0.047279
1437.000000 0.056037
1438.000000 0.061068
1439.000000 0.060247
1440.000000 0.059875
1441.000000 0.061767
1442.000000 0.054488
1443.000000 0.064639
1444.000000 0.061703
1445.000000 0.061493
1446.000000 0.057276
1447.000000 0.057403
1448.000000 0.049809
1449.000000 0.054270
1450.000000 0.053522
1451.000000 0.057445
1452.000000 0.064869
1453.000000 0.056898
1454.000000 0.052708
1455.000000 0.063675
1456.000000 0.067426
1457.000000 0.066523
1458.000000 0.057451
1459.000000 0.052657
1460.000000 0.049201
1461.000000 0.044193
1462.000000 0.044183
1463.000000 0.052150
1464.000000 0.052613
1465.000000 0.051770
1466.000000 0.061295
1467.000000 0.063587
1468.000000 0.064091
1469.000000 0.052968
1470.000000 0.055360
1471.000000 0.047456
1472.000000 0.046713
1473.000000 0.046162
1474.000000 0.054026
1475.000000 0.055975
1476.000000 0.048528
1477.000000 0.042378
1478.000000 0.051451
1479.000000 0.079611
1480.000000 0.088438
1481.000000 0.073074
1482.000000 0.082211
1483.000000 0.081181
1484.000000 0.079881
1485.000000 0.082144
1486.000000 0.084805
1487.000000 0.073446
1488.000000 0.066595
1489.000000 0.061185
1490.000000 0.054501
1491.000000 0.052710
1492.000000 0.047180
1493.000000 0.052266
1494.000000 0.047237
1495.000000 0.046599
1496.000000 0.044176
1497.000000 0.040267
1498.000000 0.033526
1499.000000 0.031326
1500.000000 0.031510
1501.000000 0.043472
1502.000000 0.048990
1503.000000 0.051842
1504.000000 0.049980
1505.000000 0.052516
1506.000000 0.070719
1507.000000 0.068971
1508.000000 0.057136
1509.000000 0.068911
1510.000000 0.072443
1511.000000 0.066874
1512.000000 0.061495
1513.000000 0.056707
1514.000000 0.049204
1515.000000 0.047214
1516.000000 0.052342
1517.000000 0.046995
1518.000000 0.051961
1519.000000 0.046073
1520.000000 0.040740
1521.000000 0.040045
1522.000000 0.036113
1523.000000 0.039092
1524.000000 0.052179
1525.000000 0.053299
1526.000000 0.066083
1527.000000 0.062081
1528.000000 0.063227
1529.000000 0.067063
1530.000000 0.078913
1531.000000 0.093796
1532.000000 0.091742
1533.000000 0.078912
1534.000000 0.093983
1535.000000 0.084599
1536.000000 0.072298
1537.000000 0.073827
1538.000000 0.062595
1539.000000 0.055577
1540.000000 0.048905
1541.000000 0.043784
1542.000000 0.042277
1543.000000 0.036585
1544.000000 0.033676
1545.000000 0.036791
1546.000000 0.034896
1547.000000 0.034704
1548.000000 0.037485
1549.000000 0.041280
1550.000000 0.038754
1551.000000 0.044320
1552.000000 0.055183
1553.000000 0.071045
1554.000000 0.072215
1555.000000 0.064967
1556.000000 0.061245
1557.000000 0.050637
1558.000000 0.056208
1559.000000 0.060107
1560.000000 0.057696
1561.000000 0.057097
1562.000000 0.047261
1563.000000 0.048194
1564.000000 0.045522
1565.000000 0.041901
1566.000000 0.046508
1567.000000 0.044735
1568.000000 0.049067
1569.000000 0.057913
1570.000000 0.051121
1571.000000 0.053782
1572.000000 0.052060
1573.000000 0.055167
1574.000000 0.056983
1575.000000 0.056068
1576.000000 0.055295
1577.000000 0.047818
1578.000000 0.050461
1579.000000 0.050902
1580.000000 0.056296
1581.000000 0.049021
1582.000000 0.047054
1583.000000 0.059998
1584.000000 0.065482
1585.000000 0.063656
1586.000000 0.055891
1587.000000 0.051441
1588.000000 0.049234
1589.000000 0.045136
1590.000000 0.037492
1591.000000 0.036399
1592.000000 0.040623
1593.000000 0.048665
1594.000000 0.042392
1595.000000 0.037227
1596.000000 0.043218
1597.000000 0.037767
1598.000000 0.041982
1599.000000 0.040689
1600.000000 0.051577
1601.000000 0.056096
1602.000000 0.056074
1603.000000 0.051744
1604.000000 0.051995
1605.000000 0.052751
1606.000000 0.066958
1607.000000 0.070028
1608.000000 0.072550
1609.000000 0.063711
1610.000000 0.059977
1611.000000 0.060936
1612.000000 0.061602
1613.000000 0.063552
1614.000000 0.052445
1615.000000 0.052544
1616.000000 0.053587
1617.000000 0.052177
1618.000000 0.050237
1619.000000 0.050117
1620.000000 0.048416
1621.000000 0.048262
1622.000000 0.039984
1623.000000 0.047116
1624.000000 0.045253
1625.000000 0.051602
1626.000000 0.057022
1627.000000 0.074106
1628.000000 0.073393
1629.000000 0.070017
1630.000000 0.065661
1631.000000 0.058708
1632.000000 0.053008
1633.000000 0.049109
1634.000000 0.051143
1635.000000 0.064317
1636.000000 0.056457
1637.000000 0.054666
1638.000000 0.053256
1639.000000 0.052675
1640.000000 0.044344
1641.000000 0.044711
1642.000000 0.058474
1643.000000 0.053771
1644.000000 0.058553
1645.000000 0.048372
1646.000000 0.040009
1647.000000 0.039222
1648.000000 0.045516
1649.000000 0.041536
1650.000000 0.046170
1651.000000 0.046097
1652.000000 0.050268
1653.000000 0.052392
1654.000000 0.055542
1655.000000 0.053184
1656.000000 0.050984
1657.000000 0.047210
1658.000000 0.044302
1659.000000 0.036658
1660.000000 0.038782
1661.000000 0.033186
1662.000000 0.031444
1663.000000 0.027636
1664.000000 0.033214
1665.000000 0.033197
1666.000000 0.042093
1667.000000 0.058484
1668.000000 0.073862
1669.000000 0.073207
1670.000000 0.067969
1671.000000 0.066795
1672.000000 0.064135
1673.000000 0.059092
1674.000000 0.059259
1675.000000 0.051259
1676.000000 0.042986
1677.000000 0.042922
1678.000000 0.042071
1679.000000 0.040382
1680.000000 0.037147
1681.000000 0.034220
1682.000000 0.028631
1683.000000 0.033656
1684.000000 0.050061
1685.000000 0.049589
1686.000000 0.048837
1687.000000 0.050792
1688.000000 0.048581
1689.000000 0.056747
1690.000000 0.053374
1691.000000 0.053587
1692.000000 0.048722
1693.000000 0.062206
1694.000000 0.051447
1695.000000 0.046554
1696.000000 0.047070
1697.000000 0.044072
1698.000000 0.046971
1699.000000 0.058414
1700.000000 0.060098
1701.000000 0.052821
1702.000000 0.048020
1703.000000 0.041527
1704.000000 0.046429
1705.000000 0.049398
1706.000000 0.051050
1707.000000 0.061992
1708.000000 0.054185
1709.000000 0.049838
1710.000000 0.049902
1711.000000 0.048071
1712.000000 0.053112
1713.000000 0.051923
1714.000000 0.046534
1715.000000 0.044960
1716.000000 0.056797
1717.000000 0.054188
1718.000000 0.049639
1719.000000 0.044594
1720.000000 0.054825
1721.000000 0.054939
1722.000000 0.076135
1723.000000 0.068117
1724.000000 0.070978
1725.000000 0.060997
1726.000000 0.054570
1727.000000 0.050496
1728.000000 0.053629
1729.000000 0.052192
1730.000000 0.058262
1731.000000 0.054190
1732.000000 0.049215
1733.000000 0.050555
1734.000000 0.051159
1735.000000 0.053656
1736.000000 0.052546
1737.000000 0.051275
1738.000000 0.053740
1739.000000 0.056225
1740.000000 0.059077
1741.000000 0.055246
1742.000000 0.059818
1743.000000 0.060898
1744.000000 0.057224
1745.000000 0.055181
1746.000000 0.058933
1747.000000 0.065514
1748.000000 0.071745
1749.000000 0.067140
1750.000000 0.067820
1751.000000 0.070435
1752.000000 0.061868
1753.000000 0.057723
1754.000000 0.065315
1755.000000 0.057610
1756.000000 0.056730
1757.000000 0.057566
1758.000000 0.047601
1759.000000 0.044715
1760.000000 0.043409
1761.000000 0.042497
1762.000000 0.041049
1763.000000 0.042632
1764.000000 0.045929
1765.000000 0.038122
1766.000000 0.049813
1767.000000 0.056276
1768.000000 0.053476
1769.000000 0.050537
1770.000000 0.047862
1771.000000 0.048842
1772.000000 0.059578
1773.000000 0.055067
1774.000000 0.056571
1775.000000 0.051766
1776.000000 0.051931
1777.000000 0.052354
1778.000000 0.048093
1779.000000 0.056006
1780.000000 0.057690
1781.000000 0.060548
1782.000000 0.071302
1783.000000 0.062219
1784.000000 0.062755
1785.000000 0.065598
1786.000000 0.068574
1787.000000 0.064008
1788.000000 0.062818
1789.000000 0.058409
1790.000000 0.054894
1791.000000 0.047691
1792.000000 0.046438
1793.000000 0.043544
1794.000000 0.040427
1795.000000 0.052012
1796.000000 0.047353
1797.000000 0.047571
1798.000000 0.052627
1799.000000 0.045184
1800.000000 0.051947
1801.000000 0.050123
1802.000000 0.049977
1803.000000 0.045210
1804.000000 0.062045
1805.000000 0.069677
1806.000000 0.060000
1807.000000 0.067704
1808.000000 0.067408
1809.000000 0.075017
1810.000000 0.087537
1811.000000 0.076446
1812.000000 0.078479
1813.000000 0.070582
1814.000000 0.070381
1815.000000 0.066212
1816.000000 0.067747
1817.000000 0.061563
1818.000000 0.060025
1819.000000 0.054834
1820.000000 0.058707
1821.000000 0.062084
1822.000000 0.062829
1823.000000 0.058514
1824.000000 0.048400
1825.000000 0.059632
1826.000000 0.052096
1827.000000 0.050864
1828.000000 0.049192
1829.000000 0.061324
1830.000000 0.058908
1831.000000 0.056320
1832.000000 0.068673
1833.000000 0.072577
1834.000000 0.083138
1835.000000 0.081446
1836.000000 0.083697
1837.000000 0.076815
1838.000000 0.067059
1839.000000 0.061507
1840.000000 0.055235
1841.000000 0.058541
1842.000000 0.059411
1843.000000 0.056954
1844.000000 0.051660
1845.000000 0.054400
1846.000000 0.048770
1847.000000 0.044278
1848.000000 0.041195
1849.000000 0.043339
1850.000000 0.057060
1851.000000 0.054019
1852.000000 0.048976
1853.000000 0.051513
1854.000000 0.054562
1855.000000 0.049683
1856.000000 0.064425
1857.000000 0.064080
1858.000000 0.063179
1859.000000 0.072491
1860.000000 0.063184
1861.000000 0.055600
1862.000000 0.062689
1863.000000 0.077312
1864.000000 0.069616
1865.000000 0.058067
1866.000000 0.055022
1867.000000 0.054613
1868.000000 0.068455
1869.000000 0.058108
1870.000000 0.059062
1871.000000 0.052436
1872.000000 0.046439
1873.000000 0.053336
1874.000000 0.051365
1875.000000 0.050671
1876.000000 0.047164
1877.000000 0.044597
1878.000000 0.049450
1879.000000 0.055582
1880.000000 0.068767
1881.000000 0.065990
1882.000000 0.059310
1883.000000 0.068320
1884.000000 0.070423
1885.000000 0.062469
1886.000000 0.059849
1887.000000 0.065728
1888.000000 0.066903
1889.000000 0.062561
1890.000000 0.067273
1891.000000 0.062852
1892.000000 0.063305
1893.000000 0.065564
1894.000000 0.058571
1895.000000 0.048595
1896.000000 0.049223
1897.000000 0.053509
1898.000000 0.054299
1899.000000 0.063693
1900.000000 0.060814
1901.000000 0.073660
1902.000000 0.076465
1903.000000 0.073376
1904.000000 0.072094
1905.000000 0.072441
1906.000000 0.069627
1907.000000 0.068407
1908.000000 0.068029
1909.000000 0.069527
1910.000000 0.060666
1911.000000 0.057557
1912.000000 0.053727
1913.000000 0.050120
1914.000000 0.044344
1915.000000 0.048347
1916.000000 0.044079
1917.000000 0.040975
1918.000000 0.042973
1919.000000 0.060197
1920.000000 0.066704
1921.000000 0.063211
1922.000000 0.055970
1923.000000 0.061961
1924.000000 0.061064
1925.000000 0.062464
1926.000000 0.056823
1927.000000 0.053066
1928.000000 0.056351
1929.000000 0.058141
1930.000000 0.053600
1931.000000 0.047715
1932.000000 0.045758
1933.000000 0.038780
1934.000000 0.049966
1935.000000 0.053160
1936.000000 0.046310
1937.000000 0.065203
1938.000000 0.077877
1939.000000 0.080453
1940.000000 0.075969
1941.000000 0.072366
1942.000000 0.066988
1943.000000 0.062725
1944.000000 0.065494
1945.000000 0.068742
1946.000000 0.066911
1947.000000 0.060467
1948.000000 0.062662
1949.000000 0.060479
1950.000000 0.063590
1951.000000 0.057002
1952.000000 0.059844
1953.000000 0.056949
1954.000000 0.061783
1955.000000 0.058120
1956.000000 0.055250
1957.000000 0.060386
1958.000000 0.056909
1959.000000 0.056604
1960.000000 0.056917
1961.000000 0.062056
1962.000000 0.058756
1963.000000 0.059517
1964.000000 0.069072
1965.000000 0.059382
1966.000000 0.052527
1967.000000 0.054329
1968.000000 0.046776
1969.000000 0.042706
1970.000000 0.037551
1971.000000 0.050232
1972.000000 0.057060
1973.000000 0.056681
1974.000000 0.065626
1975.000000 0.055851
1976.000000 0.058838
1977.000000 0.059159
1978.000000 0.056256
1979.000000 0.058487
1980.000000 0.061517
1981.000000 0.064986
1982.000000 0.075395
1983.000000 0.080173
1984.000000 0.079677
1985.000000 0.069621
1986.000000 0.075698
1987.000000 0.077230
1988.000000 0.076802
1989.000000 0.082757
1990.000000 0.082126
1991.000000 0.085464
1992.000000 0.095486
1993.000000 0.086450
1994.000000 0.080997
1995.000000 0.075490
1996.000000 0.076541
1997.000000 0.068705
1998.000000 0.082689
1999.000000 0.080805
2000.000000 0.077745
2001.000000 0.066126
2002.000000 0.064194
2003.000000 0.062291
2004.000000 0.067206
2005.000000 0.057688
2006.000000 0.050048
2007.000000 0.048228
2008.000000 0.051572
2009.000000 0.053192
2010.000000 0.054746
2011.000000 0.062614
2012.000000 0.055402
2013.000000 0.049312
2014.000000 0.046933
2015.000000 0.053334
2016.000000 0.062731
2017.000000 0.069732
2018.000000 0.059166
2019.000000 0.061761
2020.000000 0.065564
2021.000000 0.069457
2022.000000 0.071559
2023.000000 0.061935
2024.000000 0.063512
2025.000000 0.054233
2026.000000 0.044860
2027.000000 0.041116
2028.000000 0.040228
2029.000000 0.040914
2030.000000 0.033908
2031.000000 0.028210
2032.000000 0.029119
2033.000000 0.034954
2034.000000 0.044206
2035.000000 0.052917
2036.000000 0.060100
2037.000000 0.057791
2038.000000 0.051248
2039.000000 0.055472
2040.000000 0.064746
2041.000000 0.073683
2042.000000 0.065900
2043.000000 0.065976
2044.000000 0.057852
2045.000000 0.049790
2046.000000 0.047300
2047.000000 0.048807
2048.000000 0.056651
2049.000000 0.050193
2050.000000 0.049141
2051.000000 0.043359
2052.000000 0.040822
2053.000000 0.055528
2054.000000 0.062305
2055.000000 0.060965
2056.000000 0.061798
2057.000000 0.066370
2058.000000 0.069308
2059.000000 0.060343
2060.000000 0.069830
2061.000000 0.069555
2062.000000 0.076021
2063.000000 0.078649
2064.000000 0.083602
2065.000000 0.080842
2066.000000 0.079448
2067.000000 0.075272
2068.000000 0.067010
2069.000000 0.064181
2070.000000 0.061641
2071.000000 0.059987
2072.000000 0.059168
2073.000000 0.054692
2074.000000 0.055235
2075.000000 0.052255
2076.000000 0.049969
2077.000000 0.047011
2078.000000 0.057789
2079.000000 0.055388
2080.000000 0.053015
2081.000000 0.049264
2082.000000 0.053474
2083.000000 0.054864
2084.000000 0.045604
2085.000000 0.054584
2086.000000 0.067752
2087.000000 0.066638
2088.000000 0.059434
2089.000000 0.068395
2090.000000 0.063014
2091.000000 0.062397
2092.000000 0.055586
2093.000000 0.050249
2094.000000 0.045727
2095.000000 0.048826
2096.000000 0.047764
2097.000000 0.049180
2098.000000 0.045210
2099.000000 0.043858
2100.000000 0.041215
2101.000000 0.043922
2102.000000 0.048769
2103.000000 0.054505
2104.000000 0.049695
2105.000000 0.058871
2106.000000 0.058865
2107.000000 0.050444
2108.000000 0.046379
2109.000000 0.049776
2110.000000 0.051478
2111.000000 0.051258
2112.000000 0.048140
2113.000000 0.051432
2114.000000 0.068569
2115.000000 0.070993
2116.000000 0.060899
2117.000000 0.050896
2118.000000 0.047505
2119.000000 0.042175
2120.000000 0.050416
2121.000000 0.050707
2122.000000 0.057367
2123.000000 0.057849
2124.000000 0.074873
2125.000000 0.073424
2126.000000 0.065404
2127.000000 0.055891
2128.000000 0.058820
2129.000000 0.060135
2130.000000 0.049702
2131.000000 0.047746
2132.000000 0.045198
2133.000000 0.047347
2134.000000 0.050825
2135.000000 0.061014
2136.000000 0.061799
2137.000000 0.064343
2138.000000 0.053536
2139.000000 0.048186
2140.000000 0.057155
2141.000000 0.057178
2142.000000 0.051061
2143.000000 0.051176
2144.000000 0.051903
2145.000000 0.059215
2146.000000 0.060916
2147.000000 0.053639
2148.000000 0.049812
2149.000000 0.063652
2150.000000 0.066324
2151.000000 0.075986
2152.000000 0.072958
2153.000000 0.060208
2154.000000 0.049723
2155.000000 0.043506
2156.000000 0.049587
2157.000000 0.049921
2158.000000 0.053706
2159.000000 0.060697
2160.000000 0.059062
2161.000000 0.056211
2162.000000 0.049218
2163.000000 0.045417
2164.000000 0.040444
2165.000000 0.048715
2166.000000 0.056681
2167.000000 0.053293
2168.000000 0.046223
2169.000000 0.047560
2170.000000 0.048520
2171.000000 0.043582
2172.000000 0.037629
2173.000000 0.052567
2174.000000 0.056221
2175.000000 0.050619
2176.000000 0.047987
2177.000000 0.050015
2178.000000 0.044453
2179.000000 0.041781
2180.000000 0.034778
2181.000000 0.052596
2182.000000 0.059839
2183.000000 0.059274
2184.000000 0.050756
2185.000000 0.055722
2186.000000 0.052066
2187.000000 0.058446
2188.000000 0.052220
2189.000000 0.051937
2190.000000 0.053003
2191.000000 0.049911
2192.000000 0.049344
2193.000000 0.045652
2194.000000 0.048250
2195.000000 0.052944
2196.000000 0.047041
2197.000000 0.048346
2198.000000 0.040216
2199.000000 0.042097
2200.000000 0.071426
2201.000000 0.077635
2202.000000 0.067632
2203.000000 0.078134
2204.000000 0.070186
2205.000000 0.069904
2206.000000 0.067077
2207.000000 0.060004
2208.000000 0.073211
2209.000000 0.066957
2210.000000 0.059672
2211.000000 0.055685
2212.000000 0.050742
2213.000000 0.042007
2214.000000 0.049732
2215.000000 0.042720
2216.000000 0.041688
2217.000000 0.040243
2218.000000 0.036325
2219.000000 0.049467
2220.000000 0.043550
2221.000000 0.045796
2222.000000 0.050706
2223.000000 0.045970
2224.000000 0.059032
2225.000000 0.079512
2226.000000 0.086433
2227.000000 0.079733
2228.000000 0.079521
2229.000000 0.072089
2230.000000 0.064173
2231.000000 0.055922
2232.000000 0.053097
2233.000000 0.049401
2234.000000 0.042945
2235.000000 0.045745
2236.000000 0.049136
2237.000000 0.046598
2238.000000 0.045180
2239.000000 0.045874
2240.000000 0.047882
2241.000000 0.042534
2242.000000 0.041552
2243.000000 0.035473
2244.000000 0.046888
2245.000000 0.042987
2246.000000 0.057230
2247.000000 0.061409
2248.000000 0.060156
2249.000000 0.080751
2250.000000 0.082202
2251.000000 0.075210
2252.000000 0.073175
2253.000000 0.072158
2254.000000 0.079005
2255.000000 0.068167
2256.000000 0.059129
2257.000000 0.058399
2258.000000 0.064540
2259.000000 0.055645
2260.000000 0.052087
2261.000000 0.054425
2262.000000 0.046018
2263.000000 0.045774
2264.000000 0.049465
2265.000000 0.054184
2266.000000 0.050998
2267.000000 0.049422
2268.000000 0.051152
2269.000000 0.049722
2270.000000 0.047664
2271.000000 0.053792
2272.000000 0.052552
2273.000000 0.050643
2274.000000 0.055370
2275.000000 0.052859
2276.000000 0.045210
2277.000000 0.056663
2278.000000 0.067131
2279.000000 0.078576
2280.000000 0.071576
2281.000000 0.061419
2282.000000 0.055352
2283.000000 0.048895
2284.000000 0.045671
2285.000000 0.039853
2286.000000 0.041028
2287.000000 0.034067
2288.000000 0.045285
2289.000000 0.046482
2290.000000 0.051249
2291.000000 0.049543
2292.000000 0.048976
2293.000000 0.055598
2294.000000 0.050261
2295.000000 0.042396
2296.000000 0.044015
2297.000000 0.056983
2298.000000 0.064804
2299.000000 0.068043
2300.000000 0.059609
2301.000000 0.071203
2302.000000 0.069711
2303.000000 0.065775
2304.000000 0.056548
2305.000000 0.050214
2306.000000 0.060738
2307.000000 0.053165
2308.000000 0.054221
2309.000000 0.050051
2310.000000 0.043880
2311.000000 0.049694
2312.000000 0.047103
2313.000000 0.044007
2314.000000 0.036687
2315.000000 0.045426
2316.000000 0.058779
2317.000000 0.058490
2318.000000 0.058001
2319.000000 0.055045
2320.000000 0.064612
2321.000000 0.061124
2322.000000 0.066028
2323.000000 0.059541
2324.000000 0.055486
2325.000000 0.063153
2326.000000 0.060076
2327.000000 0.059885
2328.000000 0.053367
2329.000000 0.060057
2330.000000 0.059559
2331.000000 0.061433
2332.000000 0.050790
2333.000000 0.047307
2334.000000 0.044368
2335.000000 0.050165
2336.000000 0.045379
2337.000000 0.040859
2338.000000 0.039040
2339.000000 0.043612
2340.000000 0.045677
2341.000000 0.050033
2342.000000 0.058871
2343.000000 0.049091
2344.000000 0.059957
2345.000000 0.086190
2346.000000 0.091435
2347.000000 0.098064
2348.000000 0.093530
2349.000000 0.094826
2350.000000 0.079244
2351.000000 0.073838
2352.000000 0.075929
2353.000000 0.063490
2354.000000 0.064827
2355.000000 0.057097
2356.000000 0.049966
2357.000000 0.050221
2358.000000 0.045704
2359.000000 0.048765
2360.000000 0.051084
2361.000000 0.057964
2362.000000 0.047969
2363.000000 0.041127
2364.000000 0.040136
2365.000000 0.036656
2366.000000 0.040493
2367.000000 0.044827
2368.000000 0.043839
2369.000000 0.046939
2370.000000 0.045582
2371.000000 0.050420
2372.000000 0.063281
2373.000000 0.059381
2374.000000 0.068231
2375.000000 0.059359
2376.000000 0.073563
2377.000000 0.069919
2378.000000 0.057710
2379.000000 0.057688
2380.000000 0.047783
2381.000000 0.048896
2382.000000 0.042562
2383.000000 0.042985
2384.000000 0.044110
2385.000000 0.048637
2386.000000 0.051782
2387.000000 0.052900
2388.000000 0.049064
2389.000000 0.045783
2390.000000 0.043699
2391.000000 0.049621
2392.000000 0.051663
2393.000000 0.045382
2394.000000 0.055693
2395.000000 0.059756
2396.000000 0.063731
2397.000000 0.063566
2398.000000 0.057682
2399.000000 0.054597
2400.000000 0.050381
2401.000000 0.057683
2402.000000 0.056531
2403.000000 0.054425
2404.000000 0.050538
2405.000000 0.046285
2406.000000 0.038350
2407.000000 0.038287
2408.000000 0.041956
2409.000000 0.049063
2410.000000 0.043201
2411.000000 0.042682
2412.000000 0.042769
2413.000000 0.037998
2414.000000 0.041968
2415.000000 0.038111
2416.000000 0.040721
2417.000000 0.038395
2418.000000 0.059493
2419.000000 0.052802
2420.000000 0.050333
2421.000000 0.054302
2422.000000 0.060051
2423.000000 0.059149
2424.000000 0.061159
2425.000000 0.060116
2426.000000 0.069206
2427.000000 0.065091
2428.000000 0.062160
2429.000000 0.056456
2430.000000 0.048603
2431.000000 0.048587
2432.000000 0.053483
2433.000000 0.053035
2434.000000 0.049237
2435.000000 0.052674
2436.000000 0.045703
2437.000000 0.040630
2438.000000 0.039395
2439.000000 0.040191
2440.000000 0.042481
2441.000000 0.040207
2442.000000 0.047247
2443.000000 0.049166
2444.000000 0.054803
2445.000000 0.062194
2446.000000 0.066493
2447.000000 0.065686
2448.000000 0.058195
2449.000000 0.060700
2450.000000 0.050185
2451.000000 0.053250
2452.000000 0.061368
2453.000000 0.057205
2454.000000 0.054131
2455.000000 0.056316
2456.000000 0.057865
2457.000000 0.055444
2458.000000 0.051470
2459.000000 0.054552
2460.000000 0.054191
2461.000000 0.046458
2462.000000 0.043521
2463.000000 0.036067
2464.000000 0.033687
2465.000000 0.032571
2466.000000 0.033585
2467.000000 0.029092
2468.000000 0.033916
2469.000000 0.044394
2470.000000 0.048590
2471.000000 0.056389
2472.000000 0.061762
2473.000000 0.059294
2474.000000 0.063685
2475.000000 0.081605
2476.000000 0.081980
2477.000000 0.083888
2478.000000 0.083497
2479.000000 0.074692
2480.000000 0.069650
2481.000000 0.063539
2482.000000 0.063464
2483.000000 0.056845
2484.000000 0.051355
2485.000000 0.047859
2486.000000 0.053106
2487.000000 0.045854
2488.000000 0.046950
2489.000000 0.044060
2490.000000 0.048038
2491.000000 0.048342
2492.000000 0.043095
2493.000000 0.045226
2494.000000 0.057024
2495.000000 0.055063
2496.000000 0.054171
2497.000000 0.063635
2498.000000 0.057115
2499.000000 0.050225
2500.000000 0.052788
2501.000000 0.064535
2502.000000 0.064906
2503.000000 0.061102
2504.000000 0.056810
2505.000000 0.048857
2506.000000 0.048699
2507.000000 0.048447
2508.000000 0.044403
2509.000000 0.041504
2510.000000 0.047939
2511.000000 0.046935
2512.000000 0.042921
2513.000000 0.040531
2514.000000 0.035859
2515.000000 0.040199
2516.000000 0.035424
2517.000000 0.042541
2518.000000 0.047885
2519.000000 0.052862
2520.000000 0.059315
2521.000000 0.059276
2522.000000 0.061316
2523.000000 0.055964
2524.000000 0.050481
2525.000000 0.068632
2526.000000 0.061356
2527.000000 0.062790
2528.000000 0.066056
2529.000000 0.066066
2530.000000 0.064434
2531.000000 0.058143
2532.000000 0.062941
2533.000000 0.054713
2534.000000 0.075219
2535.000000 0.067947
2536.000000 0.064220
2537.000000 0.055112
2538.000000 0.045615
2539.000000 0.050707
2540.000000 0.053730
2541.000000 0.045011
2542.000000 0.042839
2543.000000 0.050682
2544.000000 0.049379
2545.000000 0.049301
2546.000000 0.051840
2547.000000 0.060655
2548.000000 0.068999
2549.000000 0.057842
2550.000000 0.058387
2551.000000 0.051602
2552.000000 0.049335
2553.000000 0.051851
2554.000000 0.050438
2555.000000 0.057713
2556.000000 0.053802
2557.000000 0.050119
2558.000000 0.051216
2559.000000 0.060912
2560.000000 0.062148
2561.000000 0.055755
2562.000000 0.052930
2563.000000 0.048263
2564.000000 0.050569
2565.000000 0.052854
2566.000000 0.058926
2567.000000 0.054167
2568.000000 0.050573
2569.000000 0.055970
2570.000000 0.054929
2571.000000 0.062491
2572.000000 0.053929
2573.000000 0.057704
2574.000000 0.052144
2575.000000 0.054691
2576.000000 0.060194
2577.000000 0.058704
2578.000000 0.057956
2579.000000 0.065181
2580.000000 0.062140
2581.000000 0.055567
2582.000000 0.063545
2583.000000 0.058013
2584.000000 0.053006
2585.000000 0.053035
2586.000000 0.070779
2587.000000 0.065805
2588.000000 0.067686
2589.000000 0.079407
2590.000000 0.069897
2591.000000 0.064516
2592.000000 0.061402
2593.000000 0.058435
2594.000000 0.056493
2595.000000 0.056260
2596.000000 0.048377
2597.000000 0.051195
2598.000000 0.043565
2599.000000 0.053272
2600.000000 0.053196
2601.000000 0.046508
2602.000000 0.057444
2603.000000 0.065276
2604.000000 0.059043
2605.000000 0.057432
2606.000000 0.056345
2607.000000 0.050848
2608.000000 0.046776
2609.000000 0.046058
2610.000000 0.050400
2611.000000 0.041844
2612.000000 0.038019
2613.000000 0.046664
2614.000000 0.051676
2615.000000 0.052680
2616.000000 0.046249
2617.000000 0.067918
2618.000000 0.060638
2619.000000 0.071333
2620.000000 0.063998
2621.000000 0.062852
2622.000000 0.052615
2623.000000 0.052573
2624.000000 0.063594
2625.000000 0.060896
2626.000000 0.060086
2627.000000 0.057980
2628.000000 0.061931
2629.000000 0.056707
2630.000000 0.048832
2631.000000 0.044859
2632.000000 0.044879
2633.000000 0.042504
2634.000000 0.040388
2635.000000 0.047856
2636.000000 0.040487
2637.000000 0.054988
2638.000000 0.073283
2639.000000 0.063675
2640.000000 0.078450
2641.000000 0.072872
2642.000000 0.071265
2643.000000 0.065804
2644.000000 0.063745
2645.000000 0.053228
2646.000000 0.057639
2647.000000 0.055703
2648.000000 0.050596
2649.000000 0.060802
2650.000000 0.063131
2651.000000 0.058212
2652.000000 0.049719
2653.000000 0.046972
2654.000000 0.050779
2655.000000 0.042044
2656.000000 0.041912
2657.000000 0.049266
2658.000000 0.048687
2659.000000 0.052408
2660.000000 0.050659
2661.000000 0.052796
2662.000000 0.045762
2663.000000 0.048893
2664.000000 0.068045
2665.000000 0.063785
2666.000000 0.058772
2667.000000 0.058963
2668.000000 0.066763
2669.000000 0.065250
2670.000000 0.076639
2671.000000 0.071154
2672.000000 0.067580
2673.000000 0.058736
2674.000000 0.055590
2675.000000 0.052424
2676.000000 0.050945
2677.000000 0.054080
2678.000000 0.047118
2679.000000 0.046871
2680.000000 0.044581
2681.000000 0.038940
2682.000000 0.039808
2683.000000 0.054921
2684.000000 0.048673
2685.000000 0.040485
2686.000000 0.055077
2687.000000 0.057544
2688.000000 0.058114
2689.000000 0.048228
2690.000000 0.064012
2691.000000 0.066121
2692.000000 0.062041
2693.000000 0.053802
2694.000000 0.051472
2695.000000 0.056874
2696.000000 0.066222
2697.000000 0.056418
2698.000000 0.058086
2699.000000 0.060345
2700.000000 0.076430
2701.000000 0.069629
2702.000000 0.059339
2703.000000 0.055851
2704.000000 0.046228
2705.000000 0.049858
2706.000000 0.052255
2707.000000 0.054549
2708.000000 0.053661
2709.000000 0.060166
2710.000000 0.058428
2711.000000 0.048509
2712.000000 0.046985
2713.000000 0.055281
2714.000000 0.063066
2715.000000 0.063602
2716.000000 0.061510
2717.000000 0.061890
2718.000000 0.056444
2719.000000 0.054405
2720.000000 0.050819
2721.000000 0.057344
2722.000000 0.058763
2723.000000 0.059697
2724.000000 0.059418
2725.000000 0.058428
2726.000000 0.060511
2727.000000 0.061628
2728.000000 0.055968
2729.000000 0.049809
2730.000000 0.064917
2731.000000 0.060302
2732.000000 0.049882
2733.000000 0.053434
2734.000000 0.044312
2735.000000 0.045143
2736.000000 0.039166
2737.000000 0.058055
2738.000000 0.061218
2739.000000 0.060998
2740.000000 0.068196
2741.000000 0.072464
2742.000000 0.078105
2743.000000 0.086656
2744.000000 0.083949
2745.000000 0.078182
2746.000000 0.069992
2747.000000 0.061810
2748.000000 0.057513
2749.000000 0.051112
2750.000000 0.054434
2751.000000 0.048669
2752.000000 0.045213
2753.000000 0.040488
2754.000000 0.039715
2755.000000 0.043634
2756.000000 0.042760
2757.000000 0.043301
2758.000000 0.039238
2759.000000 0.046510
2760.000000 0.061322
2761.000000 0.062545
2762.000000 0.067097
2763.000000 0.061110
2764.000000 0.065227
2765.000000 0.089296
2766.000000 0.090690
2767.000000 0.074809
2768.000000 0.073145
2769.000000 0.060398
2770.000000 0.052195
2771.000000 0.058247
2772.000000 0.049903
2773.000000 0.043867
2774.000000 0.046231
2775.000000 0.042691
2776.000000 0.035439
2777.000000 0.038129
2778.000000 0.033512
2779.000000 0.034064
2780.000000 0.041731
2781.000000 0.042664
2782.000000 0.035594
2783.000000 0.052007
2784.000000 0.056338
2785.000000 0.057448
2786.000000 0.060646
2787.000000 0.068853
2788.000000 0.076967
2789.000000 0.065069
2790.000000 0.091732
2791.000000 0.094477
2792.000000 0.093597
2793.000000 0.083733
2794.000000 0.073121
2795.000000 0.072581
2796.000000 0.080001
2797.000000 0.071113
2798.000000 0.059095
2799.000000 0.052025
2800.000000 0.048065
2801.000000 0.041972
2802.000000 0.036240
2803.000000 0.034644
2804.000000 0.032765
2805.000000 0.038732
2806.000000 0.046497
2807.000000 0.053669
2808.000000 0.049582
2809.000000 0.053288
2810.000000 0.061200
2811.000000 0.060836
2812.000000 0.054397
2813.000000 0.047263
2814.000000 0.046506
2815.000000 0.058435
2816.000000 0.054796
2817.000000 0.062118
2818.000000 0.059717
2819.000000 0.051758
2820.000000 0.048180
2821.000000 0.047176
2822.000000 0.039024
2823.000000 0.042032
2824.000000 0.038267
2825.000000 0.039650
2826.000000 0.039396
2827.000000 0.034941
2828.000000 0.038076
2829.000000 0.038957
2830.000000 0.032416
2831.000000 0.029298
2832.000000 0.040634
2833.000000 0.048055
2834.000000 0.063251
2835.000000 0.066255
2836.000000 0.066568
2837.000000 0.064496
2838.000000 0.077290
2839.000000 0.073730
2840.000000 0.064314
2841.000000 0.068079
2842.000000 0.065785
2843.000000 0.066723
2844.000000 0.055112
2845.000000 0.048661
2846.000000 0.046247
2847.000000 0.046185
2848.000000 0.044644
2849.000000 0.039965
2850.000000 0.039768
2851.000000 0.047254
2852.000000 0.048498
2853.000000 0.047131
2854.000000 0.040539
2855.000000 0.051785
2856.000000 0.066196
2857.000000 0.059509
2858.000000 0.063393
2859.000000 0.066026
2860.000000 0.067862
2861.000000 0.064311
2862.000000 0.063009
2863.000000 0.060717
2864.000000 0.060591
2865.000000 0.063278
2866.000000 0.056157
2867.000000 0.048284
2868.000000 0.055536
2869.000000 0.055084
2870.000000 0.046592
2871.000000 0.054896
2872.000000 0.051831
2873.000000 0.042939
2874.000000 0.040874
2875.000000 0.041739
2876.000000 0.051208
2877.000000 0.050093
2878.000000 0.048612
2879.000000 0.044704
2880.000000 0.039504
2881.000000 0.046596
2882.000000 0.050722
2883.000000 0.052380
2884.000000 0.049573
2885.000000 0.046039
2886.000000 0.050033
2887.000000 0.053116
2888.000000 0.060088
2889.000000 0.062926
2890.000000 0.054990
2891.000000 0.045506
2892.000000 0.044213
2893.000000 0.045285
2894.000000 0.044957
2895.000000 0.050719
2896.000000 0.053690
2897.000000 0.044670
2898.000000 0.058936
2899.000000 0.076027
2900.000000 0.074461
2901.000000 0.066535
2902.000000 0.072383
2903.000000 0.070518
2904.000000 0.063322
2905.000000 0.052326
2906.000000 0.046100
2907.000000 0.057170
2908.000000 0.053616
2909.000000 0.054325
2910.000000 0.056181
2911.000000 0.053497
2912.000000 0.057258
2913.000000 0.058159
2914.000000 0.060256
2915.000000 0.061237
2916.000000 0.058565
2917.000000 0.052259
2918.000000 0.047103
2919.000000 0.053180
2920.000000 0.051128
2921.000000 0.045767
2922.000000 0.056714
2923.000000 0.067814
2924.000000 0.078525
2925.000000 0.085181
2926.000000 0.072377
2927.000000 0.077260
2928.000000 0.073281
2929.000000 0.074276
2930.000000 0.071818
2931.000000 0.063937
2932.000000 0.070847
2933.000000 0.064686
2934.000000 0.067102
2935.000000 0.060042
2936.000000 0.053494
2937.000000 0.049395
2938.000000 0.046717
2939.000000 0.045189
2940.000000 0.049330
2941.000000 0.048406
2942.000000 0.048713
2943.000000 0.050729
2944.000000 0.048481
2945.000000 0.052242
2946.000000 0.052001
2947.000000 0.055854
2948.000000 0.062364
2949.000000 0.067022
2950.000000 0.059668
2951.000000 0.053174
2952.000000 0.051488
2953.000000 0.057800
2954.000000 0.055606
2955.000000 0.071942
2956.000000 0.069891
2957.000000 0.070949
2958.000000 0.071112
2959.000000 0.058793
2960.000000 0.052105
2961.000000 0.049478
2962.000000 0.052788
2963.000000 0.048075
2964.000000 0.041842
2965.000000 0.039685
2966.000000 0.051764
2967.000000 0.063502
2968.000000 0.069051
2969.000000 0.070643
2970.000000 0.060972
2971.000000 0.057660
2972.000000 0.062245
2973.000000 0.068622
2974.000000 0.060927
2975.000000 0.055712
2976.000000 0.064597
2977.000000 0.059779
2978.000000 0.060635
2979.000000 0.051546
2980.000000 0.044148
2981.000000 0.047684
2982.000000 0.046730
2983.000000 0.047641
2984.000000 0.061041
2985.000000 0.050407
2986.000000 0.041730
2987.000000 0.039648
2988.000000 0.042906
2989.000000 0.041466
2990.000000 0.039114
2991.000000 0.033334
2992.000000 0.042500
2993.000000 0.042074
2994.000000 0.058150
2995.000000 0.055351
2996.000000 0.053254
2997.000000 0.058756
2998.000000 0.072172
2999.000000 0.068506
3000.000000 0.068452
3001.000000 0.061289
3002.000000 0.061129
3003.000000 0.063859
3004.000000 0.075066
3005.000000 0.063684
3006.000000 0.055989
3007.000000 0.082871
3008.000000 0.076477
3009.000000 0.064436
3010.000000 0.065364
3011.000000 0.055657
3012.000000 0.057683
3013.000000 0.069990
3014.000000 0.064421
3015.000000 0.059115
3016.000000 0.057511
3017.000000 0.065115
3018.000000 0.059033
3019.000000 0.055914
3020.000000 0.046276
3021.000000 0.050216
3022.000000 0.049863
3023.000000 0.061652
3024.000000 0.063759
3025.000000 0.055766
3026.000000 0.060379
3027.000000 0.060308
3028.000000 0.051754
3029.000000 0.045522
3030.000000 0.037841
3031.000000 0.046628
3032.000000 0.053626
3033.000000 0.050313
3034.000000 0.042367
3035.000000 0.048719
3036.000000 0.047206
3037.000000 0.048387
3038.000000 0.061272
3039.000000 0.064315
3040.000000 0.066372
3041.000000 0.058155
3042.000000 0.057487
3043.000000 0.057417
3044.000000 0.056126
3045.000000 0.067638
3046.000000 0.065348
3047.000000 0.068242
3048.000000 0.059733
3049.000000 0.059365
3050.000000 0.058175
3051.000000 0.058361
3052.000000 0.055706
3053.000000 0.047713
3054.000000 0.054791
3055.000000 0.051462
3056.000000 0.051104
3057.000000 0.049851
3058.000000 0.048764
3059.000000 0.047820
3060.000000 0.047134
3061.000000 0.047687
3062.000000 0.051982
3063.000000 0.063794
3064.000000 0.056050
3065.000000 0.052320
3066.000000 0.053173
3067.000000 0.050791
3068.000000 0.051784
3069.000000 0.059293
3070.000000 0.058728
3071.000000 0.053854
3072.000000 0.063554
3073.000000 0.064418
3074.000000 0.073494
3075.000000 0.072480
3076.000000 0.066092
3077.000000 0.067441
3078.000000 0.061506
3079.000000 0.063306
3080.000000 0.057923
3081.000000 0.055900
3082.000000 0.048660
3083.000000 0.041981
3084.000000 0.036055
3085.000000 0.035659
3086.000000 0.031369
3087.000000 0.033220
3088.000000 0.033304
3089.000000 0.038016
3090.000000 0.042227
3091.000000 0.053724
3092.000000 0.044475
3093.000000 0.047993
3094.000000 0.046559
3095.000000 0.055513
3096.000000 0.064988
3097.000000 0.070795
3098.000000 0.085841
3099.000000 0.082724
3100.000000 0.087921
3101.000000 0.080132
3102.000000 0.079165
3103.000000 0.067228
3104.000000 0.067846
3105.000000 0.059858
3106.000000 0.066012
3107.000000 0.057890
3108.000000 0.050171
3109.000000 0.056837
3110.000000 0.056165
3111.000000 0.052580
3112.000000 0.066736
3113.000000 0.063838
3114.000000 0.059624
3115.000000 0.071856
3116.000000 0.073408
3117.000000 0.074162
3118.000000 0.065076
3119.000000 0.064459
3120.000000 0.057407
3121.000000 0.058922
3122.000000 0.067186
3123.000000 0.070493
3124.000000 0.067810
3125.000000 0.064756
3126.000000 0.058624
3127.000000 0.048439
3128.000000 0.044693
3129.000000 0.039793
3130.000000 0.047657
3131.000000 0.039893
3132.000000 0.035135
3133.000000 0.040081
3134.000000 0.036778
3135.000000 0.042584
3136.000000 0.035528
3137.000000 0.051770
3138.000000 0.058908
3139.000000 0.055243
3140.000000 0.062677
3141.000000 0.066994
3142.000000 0.063172
3143.000000 0.064177
3144.000000 0.058217
3145.000000 0.056522
3146.000000 0.055397
3147.000000 0.062888
3148.000000 0.055764
3149.000000 0.049441
3150.000000 0.045998
3151.000000 0.039810
3152.000000 0.044043
3153.000000 0.059522
3154.000000 0.051110
3155.000000 0.042388
3156.000000 0.046148
3157.000000 0.050453
3158.000000 0.049249
3159.000000 0.053540
3160.000000 0.055100
3161.000000 0.066878
3162.000000 0.079559
3163.000000 0.069589
3164.000000 0.077228
3165.000000 0.063706
3166.000000 0.061870
3167.000000 0.060757
3168.000000 0.066022
3169.000000 0.065004
3170.000000 0.062826
3171.000000 0.051908
3172.000000 0.058806
3173.000000 0.053183
3174.000000 0.046952
3175.000000 0.056548
3176.000000 0.056913
3177.000000 0.047040
3178.000000 0.045209
3179.000000 0.044383
3180.000000 0.040422
3181.000000 0.050480
3182.000000 0.044164
3183.000000 0.043794
3184.000000 0.052435
3185.000000 0.051138
3186.000000 0.048260
3187.000000 0.053381
3188.000000 0.071293
3189.000000 0.061553
3190.000000 0.060537
3191.000000 0.052596
3192.000000 0.051236
3193.000000 0.056484
3194.000000 0.063428
3195.000000 0.062283
3196.000000 0.066226
3197.000000 0.056116
3198.000000 0.056334
3199.000000 0.061822
3200.000000 0.060732
3201.000000 0.059451
3202.000000 0.052180
3203.000000 0.047240
3204.000000 0.047097
3205.000000 0.045727
3206.000000 0.063108
3207.000000 0.055797
3208.000000 0.048130
3209.000000 0.049332
3210.000000 0.042244
3211.000000 0.044286
3212.000000 0.042410
3213.000000 0.046114
3214.000000 0.045711
3215.000000 0.039759
3216.000000 0.040250
3217.000000 0.036242
3218.000000 0.051837
3219.000000 0.053022
3220.000000 0.062304
3221.000000 0.051403
3222.000000 0.058511
3223.000000 0.054232
3224.000000 0.054115
3225.000000 0.048095
3226.000000 0.046680
3227.000000 0.044741
3228.000000 0.047069
3229.000000 0.045985
3230.000000 0.050411
3231.000000 0.058805
3232.000000 0.051209
3233.000000 0.048278
3234.000000 0.047941
3235.000000 0.039740
3236.000000 0.052802
3237.000000 0.051467
3238.000000 0.047989
3239.000000 0.049943
3240.000000 0.057325
3241.000000 0.056820
3242.000000 0.064425
3243.000000 0.059800
3244.000000 0.065233
3245.000000 0.059724
3246.000000 0.061300
3247.000000 0.056017
3248.000000 0.058436
3249.000000 0.063333
3250.000000 0.066656
3251.000000 0.074835
3252.000000 0.085806
3253.000000 0.075323
3254.000000 0.071757
3255.000000 0.071156
3256.000000 0.065551
3257.000000 0.058112
3258.000000 0.051995
3259.000000 0.057577
3260.000000 0.047593
3261.000000 0.051192
3262.000000 0.049575
3263.000000 0.045516
3264.000000 0.044716
3265.000000 0.048433
3266.000000 0.047400
3267.000000 0.045407
3268.000000 0.052281
3269.000000 0.044795
3270.000000 0.047504
3271.000000 0.051068
3272.000000 0.048764
3273.000000 0.063812
3274.000000 0.076149
3275.000000 0.069632
3276.000000 0.074823
3277.000000 0.083134
3278.000000 0.077951
3279.000000 0.064747
3280.000000 0.063751
3281.000000 0.061741
3282.000000 0.064387
3283.000000 0.054649
3284.000000 0.046894
3285.000000 0.043504
3286.000000 0.041537
3287.000000 0.036748
3288.000000 0.037937
3289.000000 0.036502
3290.000000 0.037049
3291.000000 0.035856
3292.000000 0.045651
3293.000000 0.042591
3294.000000 0.041744
3295.000000 0.043401
3296.000000 0.043241
3297.000000 0.046265
3298.000000 0.055105
3299.000000 0.059890
3300.000000 0.049607
3301.000000 0.046600
3302.000000 0.052514
3303.000000 0.074405
3304.000000 0.067126
3305.000000 0.059421
3306.000000 0.053804
3307.000000 0.049037
3308.000000 0.051467
3309.000000 0.058105
3310.000000 0.058762
3311.000000 0.071070
3312.000000 0.062342
3313.000000 0.059891
3314.000000 0.057652
3315.000000 0.052076
3316.000000 0.044782
3317.000000 0.040361
3318.000000 0.040223
3319.000000 0.050931
3320.000000 0.056817
3321.000000 0.057603
3322.000000 0.055493
3323.000000 0.065330
3324.000000 0.067812
3325.000000 0.065118
3326.000000 0.056417
3327.000000 0.048333
3328.000000 0.041986
3329.000000 0.044096
3330.000000 0.048544
3331.000000 0.054621
3332.000000 0.047411
3333.000000 0.040769
3334.000000 0.042891
3335.000000 0.045625
3336.000000 0.041445
3337.000000 0.041181
3338.000000 0.055456
3339.000000 0.048927
3340.000000 0.046958
3341.000000 0.047931
3342.000000 0.046448
3343.000000 0.053687
3344.000000 0.058878
3345.000000 0.081401
3346.000000 0.086368
3347.000000 0.080194
3348.000000 0.066087
3349.000000 0.068179
3350.000000 0.067617
3351.000000 0.060879
3352.000000 0.069529
3353.000000 0.057363
3354.000000 0.047378
3355.000000 0.043701
3356.000000 0.042390
3357.000000 0.040766
3358.000000 0.036279
3359.000000 0.035763
3360.000000 0.032179
3361.000000 0.038257
3362.000000 0.046026
3363.000000 0.043060
3364.000000 0.047519
3365.000000 0.055440
3366.000000 0.052232
3367.000000 0.063004
3368.000000 0.073388
3369.000000 0.060664
3370.000000 0.065349
3371.000000 0.067904
3372.000000 0.061258
3373.000000 0.063633
3374.000000 0.062193
3375.000000 0.057594
3376.000000 0.060925
3377.000000 0.050428
3378.000000 0.046524
3379.000000 0.048463
3380.000000 0.047609
3381.000000 0.051128
3382.000000 0.052647
3383.000000 0.052633
3384.000000 0.050282
3385.000000 0.046782
3386.000000 0.053769
3387.000000 0.046707
3388.000000 0.042803
3389.000000 0.049624
3390.000000 0.067682
3391.000000 0.069417
3392.000000 0.074617
3393.000000 0.075273
3394.000000 0.078317
3395.000000 0.073652
3396.000000 0.068457
3397.000000 0.074055
3398.000000 0.069533
3399.000000 0.062092
3400.000000 0.059320
3401.000000 0.053366
3402.000000 0.053013
3403.000000 0.048918
3404.000000 0.041562
3405.000000 0.043678
3406.000000 0.037465
3407.000000 0.035595
3408.000000 0.032301
3409.000000 0.045218
3410.000000 0.045731
3411.000000 0.041799
3412.000000 0.039736
3413.000000 0.039833
3414.000000 0.057676
3415.000000 0.059515
3416.000000 0.070267
3417.000000 0.087608
3418.000000 0.075820
3419.000000 0.065183
3420.000000 0.078555
3421.000000 0.078231
3422.000000 0.068787
3423.000000 0.064070
3424.000000 0.065104
3425.000000 0.060372
3426.000000 0.059996
3427.000000 0.060694
3428.000000 0.057869
3429.000000 0.052147
3430.000000 0.046636
3431.000000 0.046999
3432.000000 0.050528
3433.000000 0.045834
3434.000000 0.040897
3435.000000 0.047851
3436.000000 0.042176
3437.000000 0.044017
3438.000000 0.056927
3439.000000 0.049602
3440.000000 0.052430
3441.000000 0.046544
3442.000000 0.048287
3443.000000 0.063821
3444.000000 0.076388
3445.000000 0.074149
3446.000000 0.081595
3447.000000 0.079303
3448.000000 0.076053
3449.000000 0.069121
3450.000000 0.069828
3451.000000 0.058793
3452.000000 0.054592
3453.000000 0.065309
3454.000000 0.060635
3455.000000 0.050546
3456.000000 0.056718
3457.000000 0.052609
3458.000000 0.043551
3459.000000 0.038669
3460.000000 0.036250
3461.000000 0.037519
3462.000000 0.033128
3463.000000 0.036445
3464.000000 0.044334
3465.000000 0.040475
3466.000000 0.055878
3467.000000 0.048015
3468.000000 0.049469
3469.000000 0.043618
3470.000000 0.041360
3471.000000 0.045504
3472.000000 0.064573
3473.000000 0.072011
3474.000000 0.071028
3475.000000 0.080243
3476.000000 0.074488
3477.000000 0.071617
3478.000000 0.067519
3479.000000 0.064815
3480.000000 0.058792
3481.000000 0.064338
3482.000000 0.056758
3483.000000 0.048664
3484.000000 0.040334
3485.000000 0.036151
3486.000000 0.039706
3487.000000 0.044777
3488.000000 0.047766
3489.000000 0.051621
3490.000000 0.058963
3491.000000 0.051678
3492.000000 0.044613
3493.000000 0.046409
3494.000000 0.049696
3495.000000 0.049417
3496.000000 0.049772
3497.000000 0.072122
3498.000000 0.080477
3499.000000 0.087057
3500.000000 0.082056
3501.000000 0.077446
3502.000000 0.073646
3503.000000 0.073459
3504.000000 0.066455
3505.000000 0.054855
3506.000000 0.054547
3507.000000 0.047462
3508.000000 0.052997
3509.000000 0.052194
3510.000000 0.045612
3511.000000 0.044416
3512.000000 0.048592
3513.000000 0.048477
3514.000000 0.044918
3515.000000 0.046913
3516.000000 0.060368
3517.000000 0.062734
3518.000000 0.053129
3519.000000 0.044879
3520.000000 0.046922
3521.000000 0.052349
3522.000000 0.046197
3523.000000 0.050729
3524.000000 0.051930
3525.000000 0.048187
3526.000000 0.043783
3527.000000 0.049564
3528.000000 0.041445
3529.000000 0.045918
3530.000000 0.039992
3531.000000 0.054782
3532.000000 0.056161
3533.000000 0.062137
3534.000000 0.064138
3535.000000 0.061837
3536.000000 0.059263
3537.000000 0.056686
3538.000000 0.050819
3539.000000 0.047510
3540.000000 0.059401
3541.000000 0.060027
3542.000000 0.061852
3543.000000 0.058848
3544.000000 0.061029
3545.000000 0.074100
3546.000000 0.074182
3547.000000 0.064963
3548.000000 0.058563
3549.000000 0.051869
3550.000000 0.047504
3551.000000 0.039361
3552.000000 0.039048
3553.000000 0.044552
3554.000000 0.040953
3555.000000 0.037893
3556.000000 0.038306
3557.000000 0.038376
3558.000000 0.035008
3559.000000 0.029191
3560.000000 0.034662
3561.000000 0.044858
3562.000000 0.045835
3563.000000 0.053249
3564.000000 0.050925
3565.000000 0.043182
3566.000000 0.046815
3567.000000 0.053468
3568.000000 0.066087
3569.000000 0.068394
3570.000000 0.077004
3571.000000 0.084653
3572.000000 0.090834
3573.000000 0.087091
3574.000000 0.083192
3575.000000 0.085764
3576.000000 0.083794
3577.000000 0.075214
3578.000000 0.078191
3579.000000 0.082555
3580.000000 0.080414
3581.000000 0.074259
3582.000000 0.068228
3583.000000 0.069727
3584.000000 0.073081
3585.000000 0.064638
3586.000000 0.065116
3587.000000 0.064618
3588.000000 0.064051
3589.000000 0.058446
3590.000000 0.057662
3591.000000 0.054835
3592.000000 0.051252
3593.000000 0.045095
3594.000000 0.043371
3595.000000 0.040199
3596.000000 0.036738
3597.000000 0.044828
3598.000000 0.046210
3599.000000 0.048541
3600.000000 0.043803
3601.000000 0.047774
3602.000000 0.045967
3603.000000 0.049523
3604.000000 0.052891
3605.000000 0.055983
3606.000000 0.065033
3607.000000 0.057111
3608.000000 0.060385
3609.000000 0.071730
3610.000000 0.067411
3611.000000 0.064583
3612.000000 0.070332
3613.000000 0.077111
3614.000000 0.068253
3615.000000 0.062743
3616.000000 0.069325
3617.000000 0.073544
3618.000000 0.060667
3619.000000 0.052830
3620.000000 0.049134
3621.000000 0.055658
3622.000000 0.067082
3623.000000 0.074081
3624.000000 0.079758
3625.000000 0.066260
3626.000000 0.054773
3627.000000 0.051539
3628.000000 0.042710
3629.000000 0.060277
3630.000000 0.062593
3631.000000 0.071344
3632.000000 0.063571
3633.000000 0.057422
3634.000000 0.047894
3635.000000 0.039718
3636.000000 0.038801
3637.000000 0.036485
3638.000000 0.036226
3639.000000 0.035834
3640.000000 0.036651
3641.000000 0.045193
3642.000000 0.050376
3643.000000 0.055196
3644.000000 0.067805
3645.000000 0.065696
3646.000000 0.060718
3647.000000 0.054963
3648.000000 0.053105
3649.000000 0.053419
3650.000000 0.050181
3651.000000 0.064748
3652.000000 0.068133
3653.000000 0.069651
3654.000000 0.067059
3655.000000 0.060272
3656.000000 0.060345
3657.000000 0.052768
3658.000000 0.057793
3659.000000 0.058125
3660.000000 0.064658
3661.000000 0.061496
3662.000000 0.054688
3663.000000 0.052865
3664.000000 0.052534
3665.000000 0.055268
3666.000000 0.054278
3667.000000 0.050049
3668.000000 0.043746
3669.000000 0.048847
3670.000000 0.047123
3671.000000 0.041306
3672.000000 0.038979
3673.000000 0.041032
3674.000000 0.044100
3675.000000 0.036655
3676.000000 0.039730
3677.000000 0.044396
3678.000000 0.051870
3679.000000 0.050498
3680.000000 0.049319
3681.000000 0.043650
3682.000000 0.051228
3683.000000 0.049966
3684.000000 0.060065
3685.000000 0.059361
3686.000000 0.055520
3687.000000 0.051988
3688.000000 0.052738
3689.000000 0.062155
3690.000000 0.063968
3691.000000 0.052831
3692.000000 0.044883
3693.000000 0.048748
3694.000000 0.058078
3695.000000 0.065742
3696.000000 0.063527
3697.000000 0.063744
3698.000000 0.056900
3699.000000 0.052408
3700.000000 0.051499
3701.000000 0.052592
3702.000000 0.057031
3703.000000 0.059134
3704.000000 0.054375
3705.000000 0.062071
3706.000000 0.051285
3707.000000 0.055988
3708.000000 0.049360
3709.000000 0.046370
3710.000000 0.044251
3711.000000 0.041484
3712.000000 0.039136
3713.000000 0.037218
3714.000000 0.037908
3715.000000 0.031472
3716.000000 0.028746
3717.000000 0.036200
3718.000000 0.037811
3719.000000 0.031485
3720.000000 0.029758
3721.000000 0.033867
3722.000000 0.038524
3723.000000 0.052402
3724.000000 0.063553
3725.000000 0.075225
3726.000000 0.069780
3727.000000 0.069270
3728.000000 0.073115
3729.000000 0.073551
3730.000000 0.068801
3731.000000 0.056902
3732.000000 0.057464
3733.000000 0.062700
3734.000000 0.059596
3735.000000 0.051026
3736.000000 0.049360
3737.000000 0.053384
3738.000000 0.046872
3739.000000 0.040878
3740.000000 0.046301
3741.000000 0.046475
3742.000000 0.043239
3743.000000 0.043048
3744.000000 0.041926
3745.000000 0.047898
3746.000000 0.056642
3747.000000 0.058318
3748.000000 0.060201
3749.000000 0.059580
3750.000000 0.065098
3751.000000 0.054542
3752.000000 0.051852
3753.000000 0.054697
3754.000000 0.047882
3755.000000 0.046132
3756.000000 0.046205
3757.000000 0.043377
3758.000000 0.056303
3759.000000 0.052442
3760.000000 0.047412
3761.000000 0.039994
3762.000000 0.046866
3763.000000 0.055504
3764.000000 0.058400
3765.000000 0.053763
3766.000000 0.054079
3767.000000 0.055882
3768.000000 0.068976
3769.000000 0.066920
3770.000000 0.065152
3771.000000 0.057910
3772.000000 0.057502
3773.000000 0.063997
3774.000000 0.067437
3775.000000 0.066485
3776.000000 0.056108
3777.000000 0.061344
3778.000000 0.068212
3779.000000 0.065297
3780.000000 0.053887
3781.000000 0.045977
3782.000000 0.042989
3783.000000 0.064590
3784.000000 0.058319
3785.000000 0.053347
3786.000000 0.062092
3787.000000 0.056589
3788.000000 0.056125
3789.000000 0.071344
3790.000000 0.062331
3791.000000 0.052467
3792.000000 0.059921
3793.000000 0.063034
3794.000000 0.059842
3795.000000 0.053221
3796.000000 0.047935
3797.000000 0.058881
3798.000000 0.056125
3799.000000 0.064241
3800.000000 0.058237
3801.000000 0.056141
3802.000000 0.059689
3803.000000 0.066445
3804.000000 0.066918
3805.000000 0.057362
3806.000000 0.057979
3807.000000 0.060214
3808.000000 0.057400
3809.000000 0.059784
3810.000000 0.049916
3811.000000 0.046109
3812.000000 0.052463
3813.000000 0.051311
3814.000000 0.055801
3815.000000 0.048909
3816.000000 0.048251
3817.000000 0.053019
3818.000000 0.045288
3819.000000 0.047532
3820.000000 0.053356
3821.000000 0.061853
3822.000000 0.068577
3823.000000 0.074935
3824.000000 0.074735
3825.000000 0.069377
3826.000000 0.063508
3827.000000 0.063577
3828.000000 0.066352
3829.000000 0.055178
3830.000000 0.050587
3831.000000 0.049684
3832.000000 0.049916
3833.000000 0.041393
3834.000000 0.040095
3835.000000 0.046171
3836.000000 0.051345
3837.000000 0.054588
3838.000000 0.060445
3839.000000 0.055364
3840.000000 0.056140
3841.000000 0.061016
3842.000000 0.063784
3843.000000 0.063111
3844.000000 0.061641
3845.000000 0.067521
3846.000000 0.060006
3847.000000 0.052433
3848.000000 0.044504
3849.000000 0.051156
3850.000000 0.047415
3851.000000 0.040499
3852.000000 0.033630
3853.000000 0.036002
3854.000000 0.042809
3855.000000 0.040419
3856.000000 0.038982
3857.000000 0.042170
3858.000000 0.047034
3859.000000 0.045979
3860.000000 0.047816
3861.000000 0.046749
3862.000000 0.041665
3863.000000 0.037634
3864.000000 0.044757
3865.000000 0.055999
3866.000000 0.058159
3867.000000 0.073408
3868.000000 0.079307
3869.000000 0.081431
3870.000000 0.090408
3871.000000 0.092855
3872.000000 0.079917
3873.000000 0.077512
3874.000000 0.072999
3875.000000 0.070117
3876.000000 0.073318
3877.000000 0.073208
3878.000000 0.060419
3879.000000 0.055524
3880.000000 0.045886
3881.000000 0.041164
3882.000000 0.043709
3883.000000 0.042275
3884.000000 0.038683
3885.000000 0.035699
3886.000000 0.033913
3887.000000 0.039684
3888.000000 0.037265
3889.000000 0.051108
3890.000000 0.049803
3891.000000 0.042697
3892.000000 0.043317
3893.000000 0.037965
3894.000000 0.049288
3895.000000 0.050169
3896.000000 0.053499
3897.000000 0.058857
3898.000000 0.048941
3899.000000 0.051740
3900.000000 0.059518
3901.000000 0.065491
3902.000000 0.059831
3903.000000 0.062448
3904.000000 0.056904
3905.000000 0.053019
3906.000000 0.056881
3907.000000 0.057043
3908.000000 0.051278
3909.000000 0.047830
3910.000000 0.044920
3911.000000 0.037226
3912.000000 0.048378
3913.000000 0.052225
3914.000000 0.050565
3915.000000 0.056621
3916.000000 0.051600
3917.000000 0.047811
3918.000000 0.048735
3919.000000 0.043672
3920.000000 0.064320
3921.000000 0.066039
3922.000000 0.057647
3923.000000 0.049713
3924.000000 0.044779
3925.000000 0.047049
3926.000000 0.045072
3927.000000 0.042072
3928.000000 0.040521
3929.000000 0.044351
3930.000000 0.047081
3931.000000 0.050387
3932.000000 0.060036
3933.000000 0.053724
3934.000000 0.051105
3935.000000 0.064149
3936.000000 0.067003
3937.000000 0.067320
3938.000000 0.057450
3939.000000 0.050383
3940.000000 0.050800
3941.000000 0.042051
3942.000000 0.039544
3943.000000 0.033485
3944.000000 0.045649
3945.000000 0.041099
3946.000000 0.048952
3947.000000 0.047359
3948.000000 0.059074
3949.000000 0.055720
3950.000000 0.057806
3951.000000 0.050726
3952.000000 0.049775
3953.000000 0.050141
3954.000000 0.054485
3955.000000 0.051223
3956.000000 0.060423
3957.000000 0.091387
3958.000000 0.084655
3959.000000 0.079229
3960.000000 0.087009
3961.000000 0.085691
3962.000000 0.079136
3963.000000 0.080113
3964.000000 0.071760
3965.000000 0.073781
3966.000000 0.073734
3967.000000 0.070306
3968.000000 0.059299
3969.000000 0.055683
3970.000000 0.055290
3971.000000 0.048871
3972.000000 0.049493
3973.000000 0.051142
3974.000000 0.048203
3975.000000 0.041992
3976.000000 0.045120
3977.000000 0.047998
3978.000000 0.042389
3979.000000 0.038070
3980.000000 0.046634
3981.000000 0.070977
3982.000000 0.071566
3983.000000 0.073531
3984.000000 0.070063
3985.000000 0.069407
3986.000000 0.074591
3987.000000 0.069128
3988.000000 0.075904
3989.000000 0.071423
3990.000000 0.078238
3991.000000 0.070084
3992.000000 0.062662
3993.000000 0.061988
3994.000000 0.067541
3995.000000 0.070290
3996.000000 0.058022
3997.000000 0.047985
3998.000000 0.049805
3999.000000 0.053341
4000.000000 0.050786
4001.000000 0.048348
4002.000000 0.050937
4003.000000 0.051787
4004.000000 0.046588
4005.000000 0.054168
4006.000000 0.075964
4007.000000 0.071738
4008.000000 0.065523
4009.000000 0.070981
4010.000000 0.058698
4011.000000 0.060326
4012.000000 0.062239
4013.000000 0.060637
4014.000000 0.063904
4015.000000 0.052799
4016.000000 0.051365
4017.000000 0.047321
4018.000000 0.043923
4019.000000 0.049258
4020.000000 0.060430
4021.000000 0.057075
4022.000000 0.050414
4023.000000 0.047394
4024.000000 0.042398
4025.000000 0.047467
4026.000000 0.049190
4027.000000 0.069128
4028.000000 0.063004
4029.000000 0.057252
4030.000000 0.050338
4031.000000 0.048730
4032.000000 0.043066
4033.000000 0.040514
4034.000000 0.036775
4035.000000 0.040023
4036.000000 0.048909
4037.000000 0.043988
4038.000000 0.039710
4039.000000 0.035319
4040.000000 0.043003
4041.000000 0.051717
4042.000000 0.051736
4043.000000 0.053274
4044.000000 0.066291
4045.000000 0.073161
4046.000000 0.073974
4047.000000 0.065116
4048.000000 0.065288
4049.000000 0.072931
4050.000000 0.070487
4051.000000 0.059556
4052.000000 0.054034
4053.000000 0.055107
4054.000000 0.052619
4055.000000 0.050494
4056.000000 0.046317
4057.000000 0.049914
4058.000000 0.054618
4059.000000 0.051243
4060.000000 0.045876
4061.000000 0.043840
4062.000000 0.043188
4063.000000 0.038982
4064.000000 0.040412
4065.000000 0.040399
4066.000000 0.036229
4067.000000 0.043220
4068.000000 0.040633
4069.000000 0.050293
4070.000000 0.055675
4071.000000 0.058513
4072.000000 0.062605
4073.000000 0.060961
4074.000000 0.074093
4075.000000 0.073967
4076.000000 0.068322
4077.000000 0.061077
4078.000000 0.053611
4079.000000 0.059402
4080.000000 0.054991
4081.000000 0.064731
4082.000000 0.053568
4083.000000 0.051975
4084.000000 0.048345
4085.000000 0.051902
4086.000000 0.058627
4087.000000 0.050934
4088.000000 0.050662
4089.000000 0.052337
4090.000000 0.048102
4091.000000 0.047614
4092.000000 0.049869
4093.000000 0.049670
4094.000000 0.053582
4095.000000 0.048956
4096.000000 0.053555
4097.000000 0.059172
4098.000000 0.071741
4099.000000 0.064788
4100.000000 0.064256
4101.000000 0.062643
4102.000000 0.064039
4103.000000 0.057584
4104.000000 0.054099
4105.000000 0.056203
4106.000000 0.053640
4107.000000 0.062233
4108.000000 0.058778
4109.000000 0.060278
4110.000000 0.055096
4111.000000 0.057044
4112.000000 0.049977
4113.000000 0.047983
4114.000000 0.047676
4115.000000 0.047006
4116.000000 0.046282
4117.000000 0.051672
4118.000000 0.055217
4119.000000 0.064576
4120.000000 0.067175
4121.000000 0.068421
4122.000000 0.078627
4123.000000 0.068578
4124.000000 0.056774
4125.000000 0.061878
4126.000000 0.065529
4127.000000 0.064167
4128.000000 0.066451
4129.000000 0.063038
4130.000000 0.059361
4131.000000 0.064553
4132.000000 0.058424
4133.000000 0.063252
4134.000000 0.054944
4135.000000 0.053385
4136.000000 0.044374
4137.000000 0.047194
4138.000000 0.070446
4139.000000 0.065513
4140.000000 0.057193
4141.000000 0.068103
4142.000000 0.065744
4143.000000 0.063105
4144.000000 0.058379
4145.000000 0.069338
4146.000000 0.076007
4147.000000 0.071958
4148.000000 0.064329
4149.000000 0.072641
4150.000000 0.064378
4151.000000 0.065858
4152.000000 0.073484
4153.000000 0.060650
4154.000000 0.052825
4155.000000 0.045102
4156.000000 0.049710
4157.000000 0.059521
4158.000000 0.062585
4159.000000 0.052903
4160.000000 0.046018
4161.000000 0.051821
4162.000000 0.052601
4163.000000 0.044205
4164.000000 0.044477
4165.000000 0.059634
4166.000000 0.052669
4167.000000 0.057155
4168.000000 0.059571
4169.000000 0.051482
4170.000000 0.043011
4171.000000 0.046581
4172.000000 0.038608
4173.000000 0.049356
4174.000000 0.049885
4175.000000 0.050349
4176.000000 0.051645
4177.000000 0.047072
4178.000000 0.047099
4179.000000 0.053633
4180.000000 0.058190
4181.000000 0.067393
4182.000000 0.080208
4183.000000 0.073203
4184.000000 0.069058
4185.000000 0.077581
4186.000000 0.070804
4187.000000 0.063583
4188.000000 0.065994
4189.000000 0.058817
4190.000000 0.056427
4191.000000 0.057379
4192.000000 0.054850
4193.000000 0.062437
4194.000000 0.055721
4195.000000 0.053949
4196.000000 0.046997
4197.000000 0.049002
4198.000000 0.049538
4199.000000 0.051810
4200.000000 0.052277
4201.000000 0.053396
4202.000000 0.053656
4203.000000 0.062758
4204.000000 0.060403
4205.000000 0.051864
4206.000000 0.046377
4207.000000 0.049962
4208.000000 0.064585
4209.000000 0.053400
4210.000000 0.057280
4211.000000 0.058507
4212.000000 0.058727
4213.000000 0.057904
4214.000000 0.058013
4215.000000 0.054923
4216.000000 0.052515
4217.000000 0.050281
4218.000000 0.047553
4219.000000 0.044109
4220.000000 0.049521
4221.000000 0.043226
4222.000000 0.038444
4223.000000 0.037439
4224.000000 0.038189
4225.000000 0.038749
4226.000000 0.042138
4227.000000 0.045432
4228.000000 0.044769
4229.000000 0.050459
4230.000000 0.050041
4231.000000 0.056756
4232.000000 0.060544
4233.000000 0.055818
4234.000000 0.048827
4235.000000 0.051442
4236.000000 0.058401
4237.000000 0.051681
4238.000000 0.047948
4239.000000 0.052364
4240.000000 0.053517
4241.000000 0.046736
4242.000000 0.053937
4243.000000 0.055326
4244.000000 0.059542
4245.000000 0.052583
4246.000000 0.045890
4247.000000 0.039116
4248.000000 0.041958
4249.000000 0.045347
4250.000000 0.056319
4251.000000 0.053137
4252.000000 0.053666
4253.000000 0.056098
4254.000000 0.060870
4255.000000 0.059816
4256.000000 0.051077
4257.000000 0.050179
4258.000000 0.049170
4259.000000 0.054742
4260.000000 0.057633
4261.000000 0.052553
4262.000000 0.049635
4263.000000 0.045099
4264.000000 0.052433
4265.000000 0.053982
4266.000000 0.066526
4267.000000 0.064851
4268.000000 0.063987
4269.000000 0.067395
4270.000000 0.070008
4271.000000 0.061579
4272.000000 0.061429
4273.000000 0.060450
4274.000000 0.055937
4275.000000 0.047620
4276.000000 0.043033
4277.000000 0.049709
4278.000000 0.057020
4279.000000 0.052037
4280.000000 0.051843
4281.000000 0.049116
4282.000000 0.049478
4283.000000 0.051156
4284.000000 0.054340
4285.000000 0.051653
4286.000000 0.050142
4287.000000 0.047962
4288.000000 0.068829
4289.000000 0.065550
4290.000000 0.065114
4291.000000 0.062937
4292.000000 0.061238
4293.000000 0.059642
4294.000000 0.056532
4295.000000 0.057321
4296.000000 0.054884
4297.000000 0.058949
4298.000000 0.062254
4299.000000 0.058394
4300.000000 0.055963
4301.000000 0.046284
4302.000000 0.038383
4303.000000 0.034525
4304.000000 0.036740
4305.000000 0.045064
4306.000000 0.044326
4307.000000 0.049374
4308.000000 0.066810
4309.000000 0.061951
4310.000000 0.053420
4311.000000 0.061627
4312.000000 0.061494
4313.000000 0.067438
4314.000000 0.055791
4315.000000 0.052022
4316.000000 0.071960
4317.000000 0.077121
4318.000000 0.068758
4319.000000 0.064729
4320.000000 0.063184
4321.000000 0.057688
4322.000000 0.056728
4323.000000 0.062319
4324.000000 0.059658
4325.000000 0.051054
4326.000000 0.049799
4327.000000 0.053276
4328.000000 0.052589
4329.000000 0.061301
4330.000000 0.054770
4331.000000 0.069146
4332.000000 0.077287
4333.000000 0.074562
4334.000000 0.074835
4335.000000 0.080017
4336.000000 0.078760
4337.000000 0.071641
4338.000000 0.067676
4339.000000 0.066865
4340.000000 0.066659
4341.000000 0.061597
4342.000000 0.058421
4343.000000 0.054769
4344.000000 0.052922
4345.000000 0.049165
4346.000000 0.041841
4347.000000 0.061799
4348.000000 0.063371
4349.000000 0.055727
4350.000000 0.053298
4351.000000 0.049840
4352.000000 0.044959
4353.000000 0.049457
4354.000000 0.067241
4355.000000 0.077189
4356.000000 0.074429
4357.000000 0.063404
4358.000000 0.060082
4359.000000 0.052892
4360.000000 0.048792
4361.000000 0.042738
4362.000000 0.038353
4363.000000 0.039975
4364.000000 0.052474
4365.000000 0.049517
4366.000000 0.046638
4367.000000 0.044468
4368.000000 0.040330
4369.000000 0.045116
4370.000000 0.040101
4371.000000 0.040845
4372.000000 0.039537
4373.000000 0.047723
4374.000000 0.056132
4375.000000 0.052892
4376.000000 0.077374
4377.000000 0.088691
4378.000000 0.076047
4379.000000 0.077170
4380.000000 0.071094
4381.000000 0.065483
4382.000000 0.060586
4383.000000 0.061093
4384.000000 0.058656
4385.000000 0.053478
4386.000000 0.055151
4387.000000 0.051690
4388.000000 0.055745
4389.000000 0.060869
4390.000000 0.058121
4391.000000 0.053799
4392.000000 0.046629
4393.000000 0.048285
4394.000000 0.042776
4395.000000 0.035616
4396.000000 0.044545
4397.000000 0.061308
4398.000000 0.056944
4399.000000 0.064073
4400.000000 0.073486
4401.000000 0.077446
4402.000000 0.077883
4403.000000 0.069927
4404.000000 0.061315
4405.000000 0.057074
4406.000000 0.047210
4407.000000 0.044195
4408.000000 0.045919
4409.000000 0.047297
4410.000000 0.044003
4411.000000 0.038045
4412.000000 0.040823
4413.000000 0.038940
4414.000000 0.043321
4415.000000 0.042257
4416.000000 0.041650
4417.000000 0.046733
4418.000000 0.042950
4419.000000 0.046419
4420.000000 0.041016
4421.000000 0.039419
4422.000000 0.040126
4423.000000 0.058484
4424.000000 0.052837
4425.000000 0.061279
4426.000000 0.066079
4427.000000 0.068898
4428.000000 0.069127
4429.000000 0.063895
4430.000000 0.060503
4431.000000 0.060381
4432.000000 0.062730
4433.000000 0.063026
4434.000000 0.059040
4435.000000 0.057579
4436.000000 0.057020
4437.000000 0.050949
4438.000000 0.056359
4439.000000 0.053668
4440.000000 0.056103
4441.000000 0.052264
4442.000000 0.047967
4443.000000 0.048662
4444.000000 0.052165
4445.000000 0.064168
4446.000000 0.060762
4447.000000 0.058212
4448.000000 0.052425
4449.000000 0.045856
4450.000000 0.053259
4451.000000 0.048799
4452.000000 0.050822
4453.000000 0.047509
4454.000000 0.039432
4455.000000 0.053657
4456.000000 0.054001
4457.000000 0.056258
4458.000000 0.054557
4459.000000 0.055652
4460.000000 0.057705
4461.000000 0.057916
4462.000000 0.058559
4463.000000 0.055000
4464.000000 0.049165
4465.000000 0.041064
4466.000000 0.041263
4467.000000 0.042278
4468.000000 0.040328
4469.000000 0.037133
4470.000000 0.044289
4471.000000 0.045100
4472.000000 0.048418
4473.000000 0.062287
4474.000000 0.057169
4475.000000 0.047262
4476.000000 0.048954
4477.000000 0.045974
4478.000000 0.046384
4479.000000 0.038450
4480.000000 0.051450
4481.000000 0.047673
4482.000000 0.039641
4483.000000 0.041791
4484.000000 0.043536
4485.000000 0.043521
4486.000000 0.046390
4487.000000 0.048712
4488.000000 0.045298
4489.000000 0.055138
4490.000000 0.055474
4491.000000 0.069459
4492.000000 0.078546
4493.000000 0.084294
4494.000000 0.072381
4495.000000 0.072055
4496.000000 0.062765
4497.000000 0.059838
4498.000000 0.060934
4499.000000 0.052466
4500.000000 0.050566
4501.000000 0.046538
4502.000000 0.042681
4503.000000 0.043833
4504.000000 0.048568
4505.000000 0.042103
4506.000000 0.041939
4507.000000 0.046224
4508.000000 0.048863
4509.000000 0.048220
4510.000000 0.057367
4511.000000 0.051348
4512.000000 0.046985
4513.000000 0.046560
4514.000000 0.048377
4515.000000 0.051833
4516.000000 0.057688
4517.000000 0.057493
4518.000000 0.058220
4519.000000 0.052257
4520.000000 0.051157
4521.000000 0.057205
4522.000000 0.057243
4523.000000 0.057924
4524.000000 0.059247
4525.000000 0.076342
4526.000000 0.074121
4527.000000 0.062902
4528.000000 0.059855
4529.000000 0.056503
4530.000000 0.046762
4531.000000 0.047329
4532.000000 0.049130
4533.000000 0.059217
4534.000000 0.053995
4535.000000 0.046507
4536.000000 0.050503
4537.000000 0.054102
4538.000000 0.058703
4539.000000 0.056625
4540.000000 0.050673
4541.000000 0.048603
4542.000000 0.056073
4543.000000 0.051578
4544.000000 0.047833
4545.000000 0.047944
4546.000000 0.051150
4547.000000 0.051998
4548.000000 0.053487
4549.000000 0.046962
4550.000000 0.051656
4551.000000 0.046093
4552.000000 0.059089
4553.000000 0.062868
4554.000000 0.065446
4555.000000 0.057242
4556.000000 0.066161
4557.000000 0.064480
4558.000000 0.057041
4559.000000 0.050509
4560.000000 0.050539
4561.000000 0.053049
4562.000000 0.056672
4563.000000 0.058282
4564.000000 0.053210
4565.000000 0.057307
4566.000000 0.055248
4567.000000 0.052165
4568.000000 0.043696
4569.000000 0.047561
4570.000000 0.046149
4571.000000 0.044053
4572.000000 0.038320
4573.000000 0.045659
4574.000000 0.044566
4575.000000 0.039782
4576.000000 0.046908
4577.000000 0.044770
4578.000000 0.044749
4579.000000 0.052564
4580.000000 0.047020
4581.000000 0.039316
4582.000000 0.047910
4583.000000 0.056134
4584.000000 0.050141
4585.000000 0.059140
4586.000000 0.056928
4587.000000 0.073824
4588.000000 0.070717
4589.000000 0.066556
4590.000000 0.068897
4591.000000 0.074139
4592.000000 0.075357
4593.000000 0.072369
4594.000000 0.085788
4595.000000 0.088981
4596.000000 0.074655
4597.000000 0.073641
4598.000000 0.064833
4599.000000 0.062697
4600.000000 0.053736
4601.000000 0.052818
4602.000000 0.046838
4603.000000 0.042592
4604.000000 0.047902
4605.000000 0.056231
4606.000000 0.056105
4607.000000 0.060381
4608.000000 0.063063
4609.000000 0.063135
4610.000000 0.055998
4611.000000 0.063075
4612.000000 0.055349
4613.000000 0.049755
4614.000000 0.047374
4615.000000 0.043499
4616.000000 0.040424
4617.000000 0.045687
4618.000000 0.044861
4619.000000 0.042522
4620.000000 0.038495
4621.000000 0.044801
4622.000000 0.039504
4623.000000 0.047170
4624.000000 0.044429
4625.000000 0.045189
4626.000000 0.041827
4627.000000 0.038915
4628.000000 0.046846
4629.000000 0.048531
4630.000000 0.043846
4631.000000 0.046540
4632.000000 0.052952
4633.000000 0.050726
4634.000000 0.048732
4635.000000 0.055046
4636.000000 0.055933
4637.000000 0.052444
4638.000000 0.050394
4639.000000 0.049611
4640.000000 0.056377
4641.000000 0.058029
4642.000000 0.064526
4643.000000 0.064074
4644.000000 0.065115
4645.000000 0.055747
4646.000000 0.074645
4647.000000 0.063100
4648.000000 0.061379
4649.000000 0.056805
4650.000000 0.046918
4651.000000 0.044594
4652.000000 0.038806
4653.000000 0.044355
4654.000000 0.041158
4655.000000 0.037367
4656.000000 0.041271
4657.000000 0.047511
4658.000000 0.049584
4659.000000 0.042577
4660.000000 0.046346
4661.000000 0.045436
4662.000000 0.057365
4663.000000 0.054881
4664.000000 0.061822
4665.000000 0.052164
4666.000000 0.053195
4667.000000 0.050190
4668.000000 0.047587
4669.000000 0.045886
4670.000000 0.038042
4671.000000 0.031627
4672.000000 0.046282
4673.000000 0.041025
4674.000000 0.037519
4675.000000 0.036801
4676.000000 0.061125
4677.000000 0.068790
4678.000000 0.058035
4679.000000 0.054472
4680.000000 0.050593
4681.000000 0.059170
4682.000000 0.057425
4683.000000 0.068322
4684.000000 0.082591
4685.000000 0.076518
4686.000000 0.067708
4687.000000 0.072583
4688.000000 0.065226
4689.000000 0.069565
4690.000000 0.074081
4691.000000 0.067699
4692.000000 0.061478
4693.000000 0.054097
4694.000000 0.050632
4695.000000 0.055374
4696.000000 0.045782
4697.000000 0.054298
4698.000000 0.054169
4699.000000 0.048473
4700.000000 0.048607
4701.000000 0.052702
4702.000000 0.048352
4703.000000 0.047962
4704.000000 0.048353
4705.000000 0.065021
4706.000000 0.060542
4707.000000 0.064277
4708.000000 0.061349
4709.000000 0.064359
4710.000000 0.056751
4711.000000 0.049866
4712.000000 0.041232
4713.000000 0.043073
4714.000000 0.039115
4715.000000 0.035453
4716.000000 0.034527
4717.000000 0.034030
4718.000000 0.045238
4719.000000 0.043776
4720.000000 0.036245
4721.000000 0.050021
4722.000000 0.046529
4723.000000 0.053107
4724.000000 0.058208
4725.000000 0.065192
4726.000000 0.061343
4727.000000 0.054991
4728.000000 0.056088
4729.000000 0.065004
4730.000000 0.067288
4731.000000 0.078731
4732.000000 0.067288
4733.000000 0.060028
4734.000000 0.062857
4735.000000 0.062822
4736.000000 0.058367
4737.000000 0.056664
4738.000000 0.050650
4739.000000 0.053679
4740.000000 0.047812
4741.000000 0.045093
4742.000000 0.050951
4743.000000 0.057219
4744.000000 0.052038
4745.000000 0.049164
4746.000000 0.050621
4747.000000 0.049471
4748.000000 0.060401
4749.000000 0.060019
4750.000000 0.057111
4751.000000 0.053174
4752.000000 0.056903
4753.000000 0.057260
4754.000000 0.061879
4755.000000 0.086461
4756.000000 0.083072
4757.000000 0.069130
4758.000000 0.082433
4759.000000 0.079321
4760.000000 0.067075
4761.000000 0.065558
4762.000000 0.067392
4763.000000 0.063542
4764.000000 0.073131
4765.000000 0.064267
4766.000000 0.053058
4767.000000 0.060217
4768.000000 0.057727
4769.000000 0.057097
4770.000000 0.048046
4771.000000 0.045875
4772.000000 0.048545
4773.000000 0.044599
4774.000000 0.043313
4775.000000 0.042471
4776.000000 0.042465
4777.000000 0.038604
4778.000000 0.042529
4779.000000 0.047566
4780.000000 0.040967
4781.000000 0.039177
4782.000000 0.042291
4783.000000 0.050598
4784.000000 0.048829
4785.000000 0.050612
4786.000000 0.062698
4787.000000 0.067242
4788.000000 0.062215
4789.000000 0.064723
4790.000000 0.057990
4791.000000 0.050486
4792.000000 0.050640
4793.000000 0.062280
4794.000000 0.082328
4795.000000 0.077825
4796.000000 0.069831
4797.000000 0.065408
4798.000000 0.063938
4799.000000 0.071332
4800.000000 0.063580
4801.000000 0.066772
4802.000000 0.060965
4803.000000 0.056580
4804.000000 0.057100
4805.000000 0.055033
4806.000000 0.052338
4807.000000 0.050625
4808.000000 0.041984
4809.000000 0.046047
4810.000000 0.040555
4811.000000 0.051971
4812.000000 0.053377
4813.000000 0.050757
4814.000000 0.053903
4815.000000 0.050057
4816.000000 0.054517
4817.000000 0.045732
4818.000000 0.071776
4819.000000 0.064275
4820.000000 0.055969
4821.000000 0.051449
4822.000000 0.054451
4823.000000 0.053144
4824.000000 0.046380
4825.000000 0.046911
4826.000000 0.055399
4827.000000 0.066777
4828.000000 0.058489
4829.000000 0.054335
4830.000000 0.071089
4831.000000 0.072743
4832.000000 0.064535
4833.000000 0.058901
4834.000000 0.070313
4835.000000 0.061368
4836.000000 0.062129
4837.000000 0.067859
4838.000000 0.067467
4839.000000 0.055788
4840.000000 0.058600
4841.000000 0.061501
4842.000000 0.070150
4843.000000 0.065730
4844.000000 0.062566
4845.000000 0.055368
4846.000000 0.059111
4847.000000 0.056051
4848.000000 0.050827
4849.000000 0.046270
4850.000000 0.050175
4851.000000 0.054914
4852.000000 0.055269
4853.000000 0.066463
4854.000000 0.076547
4855.000000 0.073705
4856.000000 0.075526
4857.000000 0.070468
4858.000000 0.076256
4859.000000 0.074525
4860.000000 0.071026
4861.000000 0.067920
4862.000000 0.065621
4863.000000 0.057767
4864.000000 0.050640
4865.000000 0.050834
4866.000000 0.052711
4867.000000 0.047910
4868.000000 0.040738
4869.000000 0.038030
4870.000000 0.047797
4871.000000 0.039589
4872.000000 0.043613
4873.000000 0.043700
4874.000000 0.052401
4875.000000 0.048429
4876.000000 0.046194
4877.000000 0.055473
4878.000000 0.070476
4879.000000 0.066109
4880.000000 0.064272
4881.000000 0.065009
4882.000000 0.057681
4883.000000 0.057022
4884.000000 0.057551
4885.000000 0.054544
4886.000000 0.063141
4887.000000 0.059214
4888.000000 0.059789
4889.000000 0.049484
4890.000000 0.040985
4891.000000 0.040681
4892.000000 0.039761
4893.000000 0.037474
4894.000000 0.051138
4895.000000 0.049941
4896.000000 0.057062
4897.000000 0.055256
4898.000000 0.056954
4899.000000 0.057466
4900.000000 0.051267
4901.000000 0.052857
4902.000000 0.049619
4903.000000 0.055434
4904.000000 0.054890
4905.000000 0.060642
4906.000000 0.057174
4907.000000 0.057238
4908.000000 0.063420
4909.000000 0.063261
4910.000000 0.052376
4911.000000 0.047634
4912.000000 0.047972
4913.000000 0.049591
4914.000000 0.046740
4915.000000 0.041450
4916.000000 0.047697
4917.000000 0.051185
4918.000000 0.050530
4919.000000 0.059125
4920.000000 0.055832
4921.000000 0.052125
4922.000000 0.050159
4923.000000 0.051353
4924.000000 0.046307
4925.000000 0.045288
4926.000000 0.041152
4927.000000 0.054009
4928.000000 0.044809
4929.000000 0.051227
4930.000000 0.058182
4931.000000 0.069081
4932.000000 0.069967
4933.000000 0.064307
4934.000000 0.066907
4935.000000 0.063669
4936.000000 0.059563
4937.000000 0.064457
4938.000000 0.064478
4939.000000 0.059141
4940.000000 0.057806
4941.000000 0.052050
4942.000000 0.057688
4943.000000 0.059147
4944.000000 0.063301
4945.000000 0.061632
4946.000000 0.056712
4947.000000 0.062726
4948.000000 0.061202
4949.000000 0.054603
4950.000000 0.054378
4951.000000 0.055270
4952.000000 0.050205
4953.000000 0.064522
4954.000000 0.054636
4955.000000 0.045263
4956.000000 0.037586
4957.000000 0.038720
4958.000000 0.046246
4959.000000 0.048942
4960.000000 0.053139
4961.000000 0.048897
4962.000000 0.055104
4963.000000 0.046933
4964.000000 0.055773
4965.000000 0.052604
4966.000000 0.052423
4967.000000 0.056263
4968.000000 0.055925
4969.000000 0.053295
4970.000000 0.047850
4971.000000 0.060876
4972.000000 0.061371
4973.000000 0.050802
4974.000000 0.054764
4975.000000 0.066137
4976.000000 0.060599
4977.000000 0.058702
4978.000000 0.058766
4979.000000 0.063668
4980.000000 0.066482
4981.000000 0.066966
4982.000000 0.059111
4983.000000 0.068094
4984.000000 0.069156
4985.000000 0.060689
4986.000000 0.054508
4987.000000 0.066868
4988.000000 0.063788
4989.000000 0.055571
4990.000000 0.049017
4991.000000 0.055923
4992.000000 0.059611
4993.000000 0.061706
4994.000000 0.056261
4995.000000 0.052564
4996.000000 0.050462
4997.000000 0.043841
4998.000000 0.049991
4999.000000 0.046170
5000.000000 0.041650
