501.000000 0.038986
502.000000 0.043576
503.000000 0.048479
504.000000 0.044189
505.000000 0.050823
506.000000 0.048164
507.000000 0.042710
508.000000 0.042484
509.000000 0.046411
510.000000 0.040460
511.000000 0.043193
512.000000 0.038447
513.000000 0.042127
514.000000 0.036504
515.000000 0.041302
516.000000 0.039577
517.000000 0.041823
518.000000 0.042502
519.000000 0.041970
520.000000 0.039135
521.000000 0.049898
522.000000 0.048147
523.000000 0.053520
524.000000 0.049859
525.000000 0.043405
526.000000 0.040922
527.000000 0.043495
528.000000 0.043183
529.000000 0.044132
530.000000 0.050373
531.000000 0.058602
532.000000 0.051818
533.000000 0.051920
534.000000 0.048657
535.000000 0.051062
536.000000 0.044321
537.000000 0.040127
538.000000 0.039046
539.000000 0.040474
540.000000 0.044340
541.000000 0.042676
542.000000 0.038639
543.000000 0.042652
544.000000 0.045007
545.000000 0.044816
546.000000 0.050142
547.000000 0.048353
548.000000 0.046806
549.000000 0.040662
550.000000 0.043697
551.000000 0.044323
552.000000 0.051626
553.000000 0.044700
554.000000 0.041344
555.000000 0.039075
556.000000 0.040825
557.000000 0.044223
558.000000 0.039807
559.000000 0.038549
560.000000 0.042822
561.000000 0.044517
562.000000 0.041523
563.000000 0.047615
564.000000 0.047626
565.000000 0.051535
566.000000 0.044059
567.000000 0.041384
568.000000 0.036465
569.000000 0.034175
570.000000 0.031453
571.000000 0.032202
572.000000 0.028899
573.000000 0.031441
574.000000 0.031114
575.000000 0.026996
576.000000 0.032492
577.000000 0.040941
578.000000 0.048115
579.000000 0.047738
580.000000 0.044248
581.000000 0.043312
582.000000 0.040297
583.000000 0.050321
584.000000 0.051070
585.000000 0.050450
586.000000 0.052226
587.000000 0.052648
588.000000 0.050345
589.000000 0.044620
590.000000 0.039794
591.000000 0.040671
592.000000 0.033697
593.000000 0.037676
594.000000 0.037173
595.000000 0.039173
596.000000 0.035358
597.000000 0.031722
598.000000 0.038037
599.000000 0.039009
600.000000 0.036050
601.000000 0.036153
602.000000 0.045046
603.000000 0.047022
604.000000 0.043336
605.000000 0.041460
606.000000 0.039308
607.000000 0.038145
608.000000 0.034779
609.000000 0.034794
610.000000 0.047326
611.000000 0.043042
612.000000 0.048695
613.000000 0.044582
614.000000 0.041886
615.000000 0.038097
616.000000 0.039115
617.000000 0.041138
618.000000 0.039104
619.000000 0.038216
620.000000 0.035556
621.000000 0.038131
622.000000 0.044085
623.000000 0.043088
624.000000 0.042351
625.000000 0.039033
626.000000 0.041142
627.000000 0.042812
628.000000 0.043028
629.000000 0.041662
630.000000 0.045316
631.000000 0.046505
632.000000 0.045283
633.000000 0.043115
634.000000 0.038859
635.000000 0.045005
636.000000 0.047403
637.000000 0.048906
638.000000 0.048411
639.000000 0.049647
640.000000 0.046892
641.000000 0.040052
642.000000 0.046741
643.000000 0.040491
644.000000 0.043268
645.000000 0.042410
646.000000 0.040853
647.000000 0.039729
648.000000 0.040278
649.000000 0.037228
650.000000 0.041180
651.000000 0.044244
652.000000 0.052495
653.000000 0.050242
654.000000 0.056167
655.000000 0.052243
656.000000 0.051988
657.000000 0.048671
658.000000 0.043644
659.000000 0.041276
660.000000 0.038347
661.000000 0.044576
662.000000 0.046865
663.000000 0.045668
664.000000 0.040600
665.000000 0.039509
666.000000 0.036144
667.000000 0.039471
668.000000 0.037235
669.000000 0.034964
670.000000 0.037304
671.000000 0.048022
672.000000 0.045093
673.000000 0.041218
674.000000 0.046069
675.000000 0.053710
676.000000 0.047008
677.000000 0.054684
678.000000 0.052229
679.000000 0.043365
680.000000 0.041838
681.000000 0.041410
682.000000 0.052708
683.000000 0.051476
684.000000 0.051706
685.000000 0.046570
686.000000 0.041070
687.000000 0.045794
688.000000 0.042205
689.000000 0.046731
690.000000 0.052059
691.000000 0.054099
692.000000 0.049384
693.000000 0.042534
694.000000 0.039723
695.000000 0.042679
696.000000 0.038942
697.000000 0.042556
698.000000 0.043317
699.000000 0.037930
700.000000 0.043952
701.000000 0.042162
702.000000 0.042916
703.000000 0.040378
704.000000 0.040820
705.000000 0.033889
706.000000 0.030664
707.000000 0.037449
708.000000 0.041736
709.000000 0.040211
710.000000 0.034728
711.000000 0.034409
712.000000 0.035814
713.000000 0.040425
714.000000 0.039892
715.000000 0.040118
716.000000 0.037079
717.000000 0.049932
718.000000 0.043400
719.000000 0.046285
720.000000 0.045315
721.000000 0.044788
722.000000 0.045591
723.000000 0.043648
724.000000 0.045140
725.000000 0.049130
726.000000 0.048319
727.000000 0.045588
728.000000 0.046985
729.000000 0.041234
730.000000 0.038564
731.000000 0.041420
732.000000 0.048184
733.000000 0.046829
734.000000 0.044068
735.000000 0.041180
736.000000 0.040097
737.000000 0.046935
738.000000 0.048705
739.000000 0.050259
740.000000 0.047106
741.000000 0.042161
742.000000 0.036295
743.000000 0.041285
744.000000 0.034389
745.000000 0.039979
746.000000 0.043850
747.000000 0.040516
748.000000 0.041487
749.000000 0.043152
750.000000 0.042934
751.000000 0.047784
752.000000 0.048650
753.000000 0.054300
754.000000 0.051603
755.000000 0.054956
756.000000 0.049883
757.000000 0.046708
758.000000 0.050388
759.000000 0.042957
760.000000 0.042006
761.000000 0.038947
762.000000 0.032279
763.000000 0.031359
764.000000 0.027758
765.000000 0.037046
766.000000 0.039599
767.000000 0.039274
768.000000 0.039509
769.000000 0.038353
770.000000 0.041603
771.000000 0.039006
772.000000 0.039458
773.000000 0.042871
774.000000 0.039300
775.000000 0.043271
776.000000 0.056333
777.000000 0.047348
778.000000 0.040895
779.000000 0.047970
780.000000 0.044492
781.000000 0.036846
782.000000 0.036333
783.000000 0.034767
784.000000 0.036277
785.000000 0.038444
786.000000 0.037280
787.000000 0.042052
788.000000 0.040450
789.000000 0.042971
790.000000 0.036445
791.000000 0.038385
792.000000 0.038919
793.000000 0.036621
794.000000 0.034467
795.000000 0.039079
796.000000 0.039583
797.000000 0.048706
798.000000 0.048916
799.000000 0.051839
800.000000 0.062827
801.000000 0.054566
802.000000 0.049931
803.000000 0.047681
804.000000 0.046574
805.000000 0.051379
806.000000 0.048181
807.000000 0.053461
808.000000 0.052731
809.000000 0.045120
810.000000 0.044493
811.000000 0.045628
812.000000 0.042670
813.000000 0.039515
814.000000 0.040937
815.000000 0.035738
816.000000 0.029668
817.000000 0.032182
818.000000 0.032972
819.000000 0.035591
820.000000 0.038540
821.000000 0.039423
822.000000 0.044475
823.000000 0.041693
824.000000 0.041310
825.000000 0.054816
826.000000 0.053706
827.000000 0.052645
828.000000 0.045923
829.000000 0.042129
830.000000 0.036886
831.000000 0.037007
832.000000 0.038483
833.000000 0.038034
834.000000 0.039135
835.000000 0.038091
836.000000 0.036691
837.000000 0.036721
838.000000 0.036387
839.000000 0.034885
840.000000 0.035163
841.000000 0.035905
842.000000 0.046749
843.000000 0.046479
844.000000 0.042789
845.000000 0.046515
846.000000 0.039025
847.000000 0.038369
848.000000 0.033753
849.000000 0.039178
850.000000 0.041302
851.000000 0.045268
852.000000 0.046188
853.000000 0.043038
854.000000 0.036861
855.000000 0.038005
856.000000 0.038104
857.000000 0.040235
858.000000 0.037244
859.000000 0.038135
860.000000 0.047660
861.000000 0.039417
862.000000 0.047084
863.000000 0.047075
864.000000 0.048482
865.000000 0.042747
866.000000 0.043130
867.000000 0.038612
868.000000 0.032494
869.000000 0.035405
870.000000 0.035457
871.000000 0.041066
872.000000 0.039134
873.000000 0.037195
874.000000 0.033070
875.000000 0.031636
876.000000 0.031968
877.000000 0.035278
878.000000 0.036182
879.000000 0.038652
880.000000 0.047767
881.000000 0.046273
882.000000 0.045023
883.000000 0.041988
884.000000 0.039819
885.000000 0.039253
886.000000 0.043831
887.000000 0.043647
888.000000 0.042810
889.000000 0.043149
890.000000 0.038538
891.000000 0.044534
892.000000 0.050222
893.000000 0.044579
894.000000 0.038039
895.000000 0.038305
896.000000 0.034063
897.000000 0.042653
898.000000 0.046605
899.000000 0.040803
900.000000 0.039036
901.000000 0.038324
902.000000 0.039330
903.000000 0.040858
904.000000 0.044440
905.000000 0.045142
906.000000 0.041806
907.000000 0.034670
908.000000 0.032616
909.000000 0.031370
910.000000 0.034833
911.000000 0.042780
912.000000 0.050036
913.000000 0.053006
914.000000 0.059777
915.000000 0.055266
916.000000 0.053028
917.000000 0.047360
918.000000 0.044204
919.000000 0.046553
920.000000 0.044855
921.000000 0.043227
922.000000 0.042945
923.000000 0.045643
924.000000 0.044483
925.000000 0.043688
926.000000 0.037318
927.000000 0.031605
928.000000 0.033109
929.000000 0.038407
930.000000 0.038340
931.000000 0.042215
932.000000 0.036263
933.000000 0.033734
934.000000 0.033462
935.000000 0.042385
936.000000 0.041799
937.000000 0.036408
938.000000 0.035184
939.000000 0.036713
940.000000 0.035253
941.000000 0.041148
942.000000 0.052700
943.000000 0.049767
944.000000 0.047406
945.000000 0.044683
946.000000 0.046121
947.000000 0.045240
948.000000 0.045659
949.000000 0.044193
950.000000 0.046730
951.000000 0.041332
952.000000 0.044622
953.000000 0.044359
954.000000 0.041216
955.000000 0.042086
956.000000 0.046133
957.000000 0.043218
958.000000 0.044969
959.000000 0.048317
960.000000 0.045151
961.000000 0.047995
962.000000 0.048488
963.000000 0.043443
964.000000 0.039082
965.000000 0.038007
966.000000 0.035448
967.000000 0.037110
968.000000 0.037678
969.000000 0.035628
970.000000 0.040963
971.000000 0.038488
972.000000 0.035512
973.000000 0.034517
974.000000 0.033718
975.000000 0.032162
976.000000 0.029241
977.000000 0.032163
978.000000 0.038080
979.000000 0.034075
980.000000 0.047169
981.000000 0.045044
982.000000 0.042849
983.000000 0.046755
984.000000 0.042068
985.000000 0.040021
986.000000 0.040263
987.000000 0.047187
988.000000 0.048755
989.000000 0.047077
990.000000 0.043564
991.000000 0.040191
992.000000 0.041813
993.000000 0.042149
994.000000 0.042971
995.000000 0.045727
996.000000 0.048253
997.000000 0.043236
998.000000 0.039741
999.000000 0.038958
1000.000000 0.044706
1001.000000 0.042047
1002.000000 0.039529
1003.000000 0.042898
1004.000000 0.038187
1005.000000 0.038361
1006.000000 0.040085
1007.000000 0.056788
1008.000000 0.058934
1009.000000 0.056640
1010.000000 0.062050
1011.000000 0.058648
1012.000000 0.054549
1013.000000 0.048770
1014.000000 0.047341
1015.000000 0.039177
1016.000000 0.042079
1017.000000 0.038121
1018.000000 0.036894
1019.000000 0.038401
1020.000000 0.042650
1021.000000 0.037942
1022.000000 0.035155
1023.000000 0.037737
1024.000000 0.042225
1025.000000 0.044528
1026.000000 0.043214
1027.000000 0.037657
1028.000000 0.039631
1029.000000 0.057184
1030.000000 0.060128
1031.000000 0.059047
1032.000000 0.054073
1033.000000 0.055270
1034.000000 0.057544
1035.000000 0.053800
1036.000000 0.052510
1037.000000 0.044683
1038.000000 0.042255
1039.000000 0.042893
1040.000000 0.043219
1041.000000 0.050586
1042.000000 0.045793
1043.000000 0.042576
1044.000000 0.040352
1045.000000 0.047131
1046.000000 0.044318
1047.000000 0.041907
1048.000000 0.050275
1049.000000 0.048535
1050.000000 0.050605
1051.000000 0.050570
1052.000000 0.051520
1053.000000 0.050405
1054.000000 0.048713
1055.000000 0.052094
1056.000000 0.044947
1057.000000 0.040020
1058.000000 0.037480
1059.000000 0.042761
1060.000000 0.045848
1061.000000 0.051482
1062.000000 0.053578
1063.000000 0.053422
1064.000000 0.051434
1065.000000 0.062902
1066.000000 0.057080
1067.000000 0.054125
1068.000000 0.052556
1069.000000 0.053219
1070.000000 0.045947
1071.000000 0.045401
1072.000000 0.045133
1073.000000 0.039603
1074.000000 0.037424
1075.000000 0.031021
1076.000000 0.028073
1077.000000 0.030674
1078.000000 0.036635
1079.000000 0.033397
1080.000000 0.028857
1081.000000 0.027984
1082.000000 0.033406
1083.000000 0.034989
1084.000000 0.035016
1085.000000 0.043233
1086.000000 0.045318
1087.000000 0.056262
1088.000000 0.055503
1089.000000 0.047712
1090.000000 0.045356
1091.000000 0.042447
1092.000000 0.042396
1093.000000 0.050450
1094.000000 0.049703
1095.000000 0.047154
1096.000000 0.046524
1097.000000 0.041509
1098.000000 0.039822
1099.000000 0.036417
1100.000000 0.031814
1101.000000 0.031159
1102.000000 0.038789
1103.000000 0.041443
1104.000000 0.045201
1105.000000 0.042760
1106.000000 0.045203
1107.000000 0.043024
1108.000000 0.045332
1109.000000 0.045610
1110.000000 0.045504
1111.000000 0.044381
1112.000000 0.045611
1113.000000 0.046948
1114.000000 0.049138
1115.000000 0.047763
1116.000000 0.050684
1117.000000 0.049352
1118.000000 0.042118
1119.000000 0.038175
1120.000000 0.034367
1121.000000 0.037305
1122.000000 0.042478
1123.000000 0.047019
1124.000000 0.042397
1125.000000 0.043681
1126.000000 0.044128
1127.000000 0.043840
1128.000000 0.036292
1129.000000 0.036241
1130.000000 0.033151
1131.000000 0.042122
1132.000000 0.042074
1133.000000 0.041109
1134.000000 0.037487
1135.000000 0.037243
1136.000000 0.039612
1137.000000 0.036382
1138.000000 0.036764
1139.000000 0.043401
1140.000000 0.039998
1141.000000 0.046384
1142.000000 0.043373
1143.000000 0.042443
1144.000000 0.040612
1145.000000 0.044578
1146.000000 0.038599
1147.000000 0.038715
1148.000000 0.036356
1149.000000 0.035255
1150.000000 0.040462
1151.000000 0.048033
1152.000000 0.046871
1153.000000 0.042335
1154.000000 0.052117
1155.000000 0.051147
1156.000000 0.046469
1157.000000 0.046859
1158.000000 0.047158
1159.000000 0.044099
1160.000000 0.039453
1161.000000 0.042349
1162.000000 0.039747
1163.000000 0.032956
1164.000000 0.029212
1165.000000 0.033413
1166.000000 0.037913
1167.000000 0.039589
1168.000000 0.041682
1169.000000 0.040982
1170.000000 0.054716
1171.000000 0.049645
1172.000000 0.045021
1173.000000 0.048954
1174.000000 0.043229
1175.000000 0.038944
1176.000000 0.038574
1177.000000 0.038774
1178.000000 0.036560
1179.000000 0.039854
1180.000000 0.043940
1181.000000 0.040729
1182.000000 0.046327
1183.000000 0.038300
1184.000000 0.040541
1185.000000 0.037294
1186.000000 0.039249
1187.000000 0.038688
1188.000000 0.042539
1189.000000 0.041267
1190.000000 0.040835
1191.000000 0.036458
1192.000000 0.030261
1193.000000 0.031285
1194.000000 0.036917
1195.000000 0.040413
1196.000000 0.041474
1197.000000 0.040959
1198.000000 0.037491
1199.000000 0.034778
1200.000000 0.037068
1201.000000 0.034666
1202.000000 0.038932
1203.000000 0.039516
1204.000000 0.037101
1205.000000 0.041545
1206.000000 0.042326
1207.000000 0.039229
1208.000000 0.036807
1209.000000 0.048198
1210.000000 0.047701
1211.000000 0.045862
1212.000000 0.047229
1213.000000 0.046072
1214.000000 0.044159
1215.000000 0.044219
1216.000000 0.044178
1217.000000 0.046195
1218.000000 0.045810
1219.000000 0.039616
1220.000000 0.036434
1221.000000 0.037352
1222.000000 0.038129
1223.000000 0.035024
1224.000000 0.030148
1225.000000 0.033146
1226.000000 0.035452
1227.000000 0.030809
1228.000000 0.036150
1229.000000 0.042950
1230.000000 0.046809
1231.000000 0.044086
1232.000000 0.037343
1233.000000 0.037698
1234.000000 0.035628
1235.000000 0.040163
1236.000000 0.047990
1237.000000 0.051492
1238.000000 0.049020
1239.000000 0.041653
1240.000000 0.041858
1241.000000 0.045516
1242.000000 0.048004
1243.000000 0.050799
1244.000000 0.045113
1245.000000 0.045274
1246.000000 0.041960
1247.000000 0.042902
1248.000000 0.035521
1249.000000 0.034275
1250.000000 0.032368
1251.000000 0.036853
1252.000000 0.041326
1253.000000 0.041797
1254.000000 0.044389
1255.000000 0.042127
1256.000000 0.043011
1257.000000 0.042530
1258.000000 0.037551
1259.000000 0.039966
1260.000000 0.034711
1261.000000 0.040317
1262.000000 0.038757
1263.000000 0.037001
1264.000000 0.037382
1265.000000 0.034106
1266.000000 0.043059
1267.000000 0.052052
1268.000000 0.047669
1269.000000 0.042612
1270.000000 0.039287
1271.000000 0.040410
1272.000000 0.044405
1273.000000 0.053759
1274.000000 0.054624
1275.000000 0.049595
1276.000000 0.051872
1277.000000 0.050648
1278.000000 0.044711
1279.000000 0.040516
1280.000000 0.040493
1281.000000 0.038688
1282.000000 0.034437
1283.000000 0.038244
1284.000000 0.031712
1285.000000 0.036122
1286.000000 0.038036
1287.000000 0.032420
1288.000000 0.034493
1289.000000 0.031394
1290.000000 0.035231
1291.000000 0.038364
1292.000000 0.045442
1293.000000 0.042279
1294.000000 0.047245
1295.000000 0.049912
1296.000000 0.047566
1297.000000 0.046124
1298.000000 0.044215
1299.000000 0.048731
1300.000000 0.051289
1301.000000 0.046908
1302.000000 0.045852
1303.000000 0.051203
1304.000000 0.043300
1305.000000 0.046405
1306.000000 0.044443
1307.000000 0.040390
1308.000000 0.041030
1309.000000 0.042583
1310.000000 0.049088
1311.000000 0.044495
1312.000000 0.042146
1313.000000 0.040474
1314.000000 0.047747
1315.000000 0.044426
1316.000000 0.049287
1317.000000 0.052824
1318.000000 0.049352
1319.000000 0.052318
1320.000000 0.050068
1321.000000 0.047729
1322.000000 0.046459
1323.000000 0.050011
1324.000000 0.050781
1325.000000 0.058221
1326.000000 0.052452
1327.000000 0.051820
1328.000000 0.049502
1329.000000 0.047524
1330.000000 0.044350
1331.000000 0.038354
1332.000000 0.039683
1333.000000 0.042758
1334.000000 0.039459
1335.000000 0.033937
1336.000000 0.032753
1337.000000 0.037064
1338.000000 0.038174
1339.000000 0.040426
1340.000000 0.035919
1341.000000 0.047782
1342.000000 0.045974
1343.000000 0.042615
1344.000000 0.040103
1345.000000 0.043534
1346.000000 0.042958
1347.000000 0.042241
1348.000000 0.044440
1349.000000 0.045348
1350.000000 0.043712
1351.000000 0.040231
1352.000000 0.040073
1353.000000 0.039608
1354.000000 0.038711
1355.000000 0.040588
1356.000000 0.037275
1357.000000 0.034152
1358.000000 0.031396
1359.000000 0.035450
1360.000000 0.040269
1361.000000 0.043005
1362.000000 0.054356
1363.000000 0.045678
1364.000000 0.050081
1365.000000 0.042213
1366.000000 0.036381
1367.000000 0.039463
1368.000000 0.045472
1369.000000 0.040189
1370.000000 0.038119
1371.000000 0.047400
1372.000000 0.044619
1373.000000 0.049376
1374.000000 0.050755
1375.000000 0.044128
1376.000000 0.048967
1377.000000 0.041924
1378.000000 0.034747
1379.000000 0.030519
1380.000000 0.030240
1381.000000 0.035397
1382.000000 0.039560
1383.000000 0.036676
1384.000000 0.042735
1385.000000 0.043182
1386.000000 0.047334
1387.000000 0.041498
1388.000000 0.042174
1389.000000 0.043948
1390.000000 0.048612
1391.000000 0.046854
1392.000000 0.043688
1393.000000 0.042338
1394.000000 0.038449
1395.000000 0.039315
1396.000000 0.048607
1397.000000 0.046525
1398.000000 0.039983
1399.000000 0.035551
1400.000000 0.030947
1401.000000 0.031692
1402.000000 0.031242
1403.000000 0.033506
1404.000000 0.034366
1405.000000 0.036406
1406.000000 0.047018
1407.000000 0.048790
1408.000000 0.050287
1409.000000 0.049504
1410.000000 0.052929
1411.000000 0.052830
1412.000000 0.051007
1413.000000 0.053261
1414.000000 0.051572
1415.000000 0.047584
1416.000000 0.047554
1417.000000 0.042139
1418.000000 0.037185
1419.000000 0.040479
1420.000000 0.047361
1421.000000 0.044872
1422.000000 0.037235
1423.000000 0.038407
1424.000000 0.047321
1425.000000 0.044387
1426.000000 0.047438
1427.000000 0.045167
1428.000000 0.047117
1429.000000 0.047437
1430.000000 0.049108
1431.000000 0.051682
1432.000000 0.051956
1433.000000 0.053662
1434.000000 0.052527
1435.000000 0.047199
1436.000000 0.041971
1437.000000 0.038737
1438.000000 0.042120
1439.000000 0.043586
1440.000000 0.036090
1441.000000 0.047859
1442.000000 0.042736
1443.000000 0.040709
1444.000000 0.039331
1445.000000 0.042436
1446.000000 0.043084
1447.000000 0.046499
1448.000000 0.047454
1449.000000 0.049552
1450.000000 0.047939
1451.000000 0.045510
1452.000000 0.050248
1453.000000 0.047646
1454.000000 0.045543
1455.000000 0.043309
1456.000000 0.039849
1457.000000 0.036861
1458.000000 0.037600
1459.000000 0.045121
1460.000000 0.046946
1461.000000 0.040435
1462.000000 0.038225
1463.000000 0.041376
1464.000000 0.044612
1465.000000 0.046356
1466.000000 0.041427
1467.000000 0.045754
1468.000000 0.042507
1469.000000 0.036002
1470.000000 0.032604
1471.000000 0.039241
1472.000000 0.041447
1473.000000 0.047274
1474.000000 0.045233
1475.000000 0.048085
1476.000000 0.043406
1477.000000 0.041333
1478.000000 0.040621
1479.000000 0.037065
1480.000000 0.037618
1481.000000 0.041752
1482.000000 0.043965
1483.000000 0.044438
1484.000000 0.043311
1485.000000 0.042037
1486.000000 0.044885
1487.000000 0.043669
1488.000000 0.048568
1489.000000 0.052102
1490.000000 0.052082
1491.000000 0.050328
1492.000000 0.045162
1493.000000 0.043482
1494.000000 0.045801
1495.000000 0.043663
1496.000000 0.043640
1497.000000 0.041485
1498.000000 0.040605
1499.000000 0.039959
1500.000000 0.040736
1501.000000 0.039577
1502.000000 0.050179
1503.000000 0.052302
1504.000000 0.056189
1505.000000 0.054296
1506.000000 0.058243
1507.000000 0.055834
1508.000000 0.049353
1509.000000 0.047908
1510.000000 0.045391
1511.000000 0.039243
1512.000000 0.032558
1513.000000 0.034929
1514.000000 0.034181
1515.000000 0.036049
1516.000000 0.034651
1517.000000 0.036760
1518.000000 0.037947
1519.000000 0.036692
1520.000000 0.042629
1521.000000 0.045584
1522.000000 0.044249
1523.000000 0.039224
1524.000000 0.041682
1525.000000 0.044464
1526.000000 0.044036
1527.000000 0.044157
1528.000000 0.045399
1529.000000 0.043489
1530.000000 0.038158
1531.000000 0.039144
1532.000000 0.038726
1533.000000 0.040085
1534.000000 0.039760
1535.000000 0.039092
1536.000000 0.044949
1537.000000 0.046254
1538.000000 0.051865
1539.000000 0.053138
1540.000000 0.055108
1541.000000 0.056751
1542.000000 0.051818
1543.000000 0.045845
1544.000000 0.048925
1545.000000 0.048710
1546.000000 0.047547
1547.000000 0.044017
1548.000000 0.045085
1549.000000 0.044226
1550.000000 0.051301
1551.000000 0.049577
1552.000000 0.046058
1553.000000 0.043029
1554.000000 0.042534
1555.000000 0.039010
1556.000000 0.041578
1557.000000 0.037744
1558.000000 0.040152
1559.000000 0.038718
1560.000000 0.052542
1561.000000 0.047554
1562.000000 0.050874
1563.000000 0.046306
1564.000000 0.043259
1565.000000 0.039768
1566.000000 0.037566
1567.000000 0.041658
1568.000000 0.045153
1569.000000 0.040673
1570.000000 0.048970
1571.000000 0.047003
1572.000000 0.046509
1573.000000 0.041862
1574.000000 0.044380
1575.000000 0.042707
1576.000000 0.039610
1577.000000 0.045355
1578.000000 0.047531
1579.000000 0.046093
1580.000000 0.046338
1581.000000 0.044473
1582.000000 0.038296
1583.000000 0.036696
1584.000000 0.034918
1585.000000 0.033646
1586.000000 0.033182
1587.000000 0.036912
1588.000000 0.034028
1589.000000 0.032750
1590.000000 0.036602
1591.000000 0.035237
1592.000000 0.039504
1593.000000 0.037241
1594.000000 0.033676
1595.000000 0.039762
1596.000000 0.039704
1597.000000 0.038489
1598.000000 0.046867
1599.000000 0.048700
1600.000000 0.044127
1601.000000 0.043172
1602.000000 0.038634
1603.000000 0.037314
1604.000000 0.035031
1605.000000 0.036335
1606.000000 0.033554
1607.000000 0.040426
1608.000000 0.036385
1609.000000 0.040543
1610.000000 0.041257
1611.000000 0.035981
1612.000000 0.031559
1613.000000 0.033113
1614.000000 0.038192
1615.000000 0.038706
1616.000000 0.046330
1617.000000 0.046822
1618.000000 0.046712
1619.000000 0.046404
1620.000000 0.045697
1621.000000 0.039151
1622.000000 0.040418
1623.000000 0.040797
1624.000000 0.036670
1625.000000 0.040264
1626.000000 0.037713
1627.000000 0.040730
1628.000000 0.040281
1629.000000 0.037936
1630.000000 0.043149
1631.000000 0.041652
1632.000000 0.040295
1633.000000 0.044496
1634.000000 0.054664
1635.000000 0.049594
1636.000000 0.049903
1637.000000 0.047849
1638.000000 0.043292
1639.000000 0.044746
1640.000000 0.053135
1641.000000 0.049978
1642.000000 0.047001
1643.000000 0.044975
1644.000000 0.046091
1645.000000 0.041128
1646.000000 0.048804
1647.000000 0.043565
1648.000000 0.037741
1649.000000 0.036778
1650.000000 0.034178
1651.000000 0.038197
1652.000000 0.039581
1653.000000 0.043948
1654.000000 0.038151
1655.000000 0.037797
1656.000000 0.036628
1657.000000 0.041239
1658.000000 0.037617
1659.000000 0.041546
1660.000000 0.037181
1661.000000 0.036196
1662.000000 0.035015
1663.000000 0.038259
1664.000000 0.041924
1665.000000 0.041896
1666.000000 0.047236
1667.000000 0.047476
1668.000000 0.043714
1669.000000 0.042605
1670.000000 0.043912
1671.000000 0.045174
1672.000000 0.046182
1673.000000 0.044001
1674.000000 0.039443
1675.000000 0.049291
1676.000000 0.044937
1677.000000 0.042599
1678.000000 0.037784
1679.000000 0.035197
1680.000000 0.041626
1681.000000 0.039242
1682.000000 0.047764
1683.000000 0.044743
1684.000000 0.050332
1685.000000 0.052220
1686.000000 0.050423
1687.000000 0.050210
1688.000000 0.052665
1689.000000 0.052963
1690.000000 0.050763
1691.000000 0.047039
1692.000000 0.048584
1693.000000 0.043429
1694.000000 0.045057
1695.000000 0.042095
1696.000000 0.043599
1697.000000 0.043895
1698.000000 0.044965
1699.000000 0.039346
1700.000000 0.041957
1701.000000 0.046256
1702.000000 0.045164
1703.000000 0.044782
1704.000000 0.040924
1705.000000 0.034790
1706.000000 0.032978
1707.000000 0.036592
1708.000000 0.048945
1709.000000 0.046204
1710.000000 0.049110
1711.000000 0.047135
1712.000000 0.046434
1713.000000 0.050069
1714.000000 0.053395
1715.000000 0.047694
1716.000000 0.046084
1717.000000 0.043495
1718.000000 0.046667
1719.000000 0.044708
1720.000000 0.038449
1721.000000 0.045880
1722.000000 0.046477
1723.000000 0.051314
1724.000000 0.048431
1725.000000 0.042664
1726.000000 0.038835
1727.000000 0.037773
1728.000000 0.041461
1729.000000 0.044487
1730.000000 0.048566
1731.000000 0.047019
1732.000000 0.055503
1733.000000 0.046948
1734.000000 0.041235
1735.000000 0.042402
1736.000000 0.036250
1737.000000 0.035942
1738.000000 0.034359
1739.000000 0.039651
1740.000000 0.048230
1741.000000 0.047643
1742.000000 0.043838
1743.000000 0.043354
1744.000000 0.038682
1745.000000 0.037569
1746.000000 0.034756
1747.000000 0.036715
1748.000000 0.035136
1749.000000 0.036306
1750.000000 0.035020
1751.000000 0.035978
1752.000000 0.034292
1753.000000 0.038291
1754.000000 0.045062
1755.000000 0.043549
1756.000000 0.042524
1757.000000 0.042947
1758.000000 0.043906
1759.000000 0.040033
1760.000000 0.037308
1761.000000 0.035677
1762.000000 0.035641
1763.000000 0.034111
1764.000000 0.034664
1765.000000 0.045434
1766.000000 0.041993
1767.000000 0.045150
1768.000000 0.051665
1769.000000 0.051299
1770.000000 0.045399
1771.000000 0.050183
1772.000000 0.047666
1773.000000 0.040643
1774.000000 0.039290
1775.000000 0.043427
1776.000000 0.043232
1777.000000 0.055393
1778.000000 0.048348
1779.000000 0.046141
1780.000000 0.051287
1781.000000 0.049279
1782.000000 0.048466
1783.000000 0.047399
1784.000000 0.044144
1785.000000 0.047278
1786.000000 0.044005
1787.000000 0.040945
1788.000000 0.037139
1789.000000 0.036506
1790.000000 0.030864
1791.000000 0.028181
1792.000000 0.028947
1793.000000 0.032103
1794.000000 0.027562
1795.000000 0.036158
1796.000000 0.042450
1797.000000 0.046896
1798.000000 0.045839
1799.000000 0.045345
1800.000000 0.041648
1801.000000 0.036002
1802.000000 0.037762
1803.000000 0.044650
1804.000000 0.045766
1805.000000 0.051159
1806.000000 0.055494
1807.000000 0.049319
1808.000000 0.047792
1809.000000 0.047693
1810.000000 0.045681
1811.000000 0.038543
1812.000000 0.039312
1813.000000 0.036454
1814.000000 0.038942
1815.000000 0.036703
1816.000000 0.038492
1817.000000 0.040400
1818.000000 0.046180
1819.000000 0.044029
1820.000000 0.037348
1821.000000 0.034665
1822.000000 0.038088
1823.000000 0.041528
1824.000000 0.042251
1825.000000 0.041249
1826.000000 0.038400
1827.000000 0.040189
1828.000000 0.037975
1829.000000 0.045935
1830.000000 0.049650
1831.000000 0.047787
1832.000000 0.049605
1833.000000 0.049773
1834.000000 0.046759
1835.000000 0.045309
1836.000000 0.042424
1837.000000 0.036991
1838.000000 0.038035
1839.000000 0.037147
1840.000000 0.031040
1841.000000 0.034390
1842.000000 0.035979
1843.000000 0.043997
1844.000000 0.042385
1845.000000 0.046761
1846.000000 0.043075
1847.000000 0.044892
1848.000000 0.043548
1849.000000 0.052115
1850.000000 0.045586
1851.000000 0.045072
1852.000000 0.046540
1853.000000 0.046734
1854.000000 0.043379
1855.000000 0.042178
1856.000000 0.043468
1857.000000 0.042608
1858.000000 0.038306
1859.000000 0.047677
1860.000000 0.044632
1861.000000 0.042541
1862.000000 0.041313
1863.000000 0.039510
1864.000000 0.033839
1865.000000 0.040872
1866.000000 0.045898
1867.000000 0.044232
1868.000000 0.041860
1869.000000 0.041520
1870.000000 0.042168
1871.000000 0.037326
1872.000000 0.042005
1873.000000 0.046798
1874.000000 0.048429
1875.000000 0.050513
1876.000000 0.054545
1877.000000 0.050604
1878.000000 0.045010
1879.000000 0.043451
1880.000000 0.041515
1881.000000 0.039363
1882.000000 0.039690
1883.000000 0.047990
1884.000000 0.045319
1885.000000 0.047667
1886.000000 0.047348
1887.000000 0.047693
1888.000000 0.043147
1889.000000 0.036968
1890.000000 0.039081
1891.000000 0.060153
1892.000000 0.057451
1893.000000 0.049732
1894.000000 0.045869
1895.000000 0.041306
1896.000000 0.043871
1897.000000 0.045349
1898.000000 0.039736
1899.000000 0.036319
1900.000000 0.038216
1901.000000 0.041809
1902.000000 0.045837
1903.000000 0.046217
1904.000000 0.049887
1905.000000 0.045137
1906.000000 0.040419
1907.000000 0.041144
1908.000000 0.037595
1909.000000 0.051047
1910.000000 0.046251
1911.000000 0.041757
1912.000000 0.041582
1913.000000 0.040657
1914.000000 0.038137
1915.000000 0.041118
1916.000000 0.047564
1917.000000 0.055509
1918.000000 0.049474
1919.000000 0.044763
1920.000000 0.047625
1921.000000 0.043254
1922.000000 0.040272
1923.000000 0.044344
1924.000000 0.043517
1925.000000 0.049763
1926.000000 0.045995
1927.000000 0.042431
1928.000000 0.047936
1929.000000 0.042815
1930.000000 0.044778
1931.000000 0.054280
1932.000000 0.055008
1933.000000 0.054628
1934.000000 0.054776
1935.000000 0.045292
1936.000000 0.045135
1937.000000 0.044071
1938.000000 0.040593
1939.000000 0.037170
1940.000000 0.037614
1941.000000 0.039832
1942.000000 0.036566
1943.000000 0.035632
1944.000000 0.037495
1945.000000 0.040102
1946.000000 0.043946
1947.000000 0.041901
1948.000000 0.038450
1949.000000 0.045371
1950.000000 0.042880
1951.000000 0.048235
1952.000000 0.047689
1953.000000 0.046755
1954.000000 0.042988
1955.000000 0.041340
1956.000000 0.041135
1957.000000 0.039443
1958.000000 0.040753
1959.000000 0.044816
1960.000000 0.040297
1961.000000 0.041414
1962.000000 0.042625
1963.000000 0.036932
1964.000000 0.040480
1965.000000 0.042560
1966.000000 0.045513
1967.000000 0.041722
1968.000000 0.043318
1969.000000 0.043690
1970.000000 0.044413
1971.000000 0.050892
1972.000000 0.042882
1973.000000 0.039499
1974.000000 0.042692
1975.000000 0.044611
1976.000000 0.039315
1977.000000 0.043637
1978.000000 0.041791
1979.000000 0.045193
1980.000000 0.040665
1981.000000 0.040300
1982.000000 0.037513
1983.000000 0.036786
1984.000000 0.040392
1985.000000 0.041412
1986.000000 0.037396
1987.000000 0.037445
1988.000000 0.040081
1989.000000 0.043246
1990.000000 0.045890
1991.000000 0.047525
1992.000000 0.049128
1993.000000 0.048821
1994.000000 0.043539
1995.000000 0.042989
1996.000000 0.037568
1997.000000 0.038696
1998.000000 0.040963
1999.000000 0.050111
2000.000000 0.047830
2001.000000 0.044560
2002.000000 0.043360
2003.000000 0.042971
2004.000000 0.044810
2005.000000 0.045623
2006.000000 0.041504
2007.000000 0.039901
2008.000000 0.038855
2009.000000 0.039991
2010.000000 0.041802
2011.000000 0.036886
2012.000000 0.035200
2013.000000 0.033462
2014.000000 0.034987
2015.000000 0.031306
2016.000000 0.037345
2017.000000 0.035112
2018.000000 0.032348
2019.000000 0.040479
2020.000000 0.048170
2021.000000 0.043945
2022.000000 0.046496
2023.000000 0.044019
2024.000000 0.042892
2025.000000 0.040235
2026.000000 0.040307
2027.000000 0.041611
2028.000000 0.038650
2029.000000 0.035199
2030.000000 0.036279
2031.000000 0.046547
2032.000000 0.049727
2033.000000 0.049224
2034.000000 0.042136
2035.000000 0.037094
2036.000000 0.043632
2037.000000 0.045143
2038.000000 0.041859
2039.000000 0.036487
2040.000000 0.034754
2041.000000 0.032259
2042.000000 0.029404
2043.000000 0.034486
2044.000000 0.045052
2045.000000 0.039444
2046.000000 0.044576
2047.000000 0.043945
2048.000000 0.043705
2049.000000 0.039723
2050.000000 0.036377
2051.000000 0.037279
2052.000000 0.040749
2053.000000 0.039981
2054.000000 0.036975
2055.000000 0.040316
2056.000000 0.040090
2057.000000 0.035003
2058.000000 0.036756
2059.000000 0.034596
2060.000000 0.033829
2061.000000 0.035830
2062.000000 0.035973
2063.000000 0.041280
2064.000000 0.037472
2065.000000 0.041556
2066.000000 0.042780
2067.000000 0.039533
2068.000000 0.042193
2069.000000 0.040642
2070.000000 0.046112
2071.000000 0.043443
2072.000000 0.043315
2073.000000 0.042828
2074.000000 0.048114
2075.000000 0.044381
2076.000000 0.040333
2077.000000 0.037588
2078.000000 0.037851
2079.000000 0.037323
2080.000000 0.038644
2081.000000 0.037730
2082.000000 0.034015
2083.000000 0.038798
2084.000000 0.040345
2085.000000 0.036675
2086.000000 0.035377
2087.000000 0.032638
2088.000000 0.033252
2089.000000 0.036610
2090.000000 0.035954
2091.000000 0.040045
2092.000000 0.041679
2093.000000 0.047175
2094.000000 0.047120
2095.000000 0.050950
2096.000000 0.044894
2097.000000 0.041963
2098.000000 0.038508
2099.000000 0.037547
2100.000000 0.038899
2101.000000 0.038187
2102.000000 0.044697
2103.000000 0.042249
2104.000000 0.036971
2105.000000 0.043118
2106.000000 0.044639
2107.000000 0.045596
2108.000000 0.047889
2109.000000 0.051626
2110.000000 0.051897
2111.000000 0.045285
2112.000000 0.040435
2113.000000 0.038476
2114.000000 0.042992
2115.000000 0.038014
2116.000000 0.040032
2117.000000 0.037426
2118.000000 0.039991
2119.000000 0.038304
2120.000000 0.041044
2121.000000 0.040007
2122.000000 0.037140
2123.000000 0.037726
2124.000000 0.037804
2125.000000 0.044489
2126.000000 0.044744
2127.000000 0.039706
2128.000000 0.042799
2129.000000 0.047541
2130.000000 0.046817
2131.000000 0.043556
2132.000000 0.040790
2133.000000 0.038768
2134.000000 0.038021
2135.000000 0.041348
2136.000000 0.041350
2137.000000 0.035822
2138.000000 0.031447
2139.000000 0.033015
2140.000000 0.037552
2141.000000 0.037483
2142.000000 0.043456
2143.000000 0.050612
2144.000000 0.045937
2145.000000 0.050759
2146.000000 0.050703
2147.000000 0.053723
2148.000000 0.055962
2149.000000 0.052487
2150.000000 0.049717
2151.000000 0.044808
2152.000000 0.041284
2153.000000 0.035739
2154.000000 0.040074
2155.000000 0.041091
2156.000000 0.037302
2157.000000 0.035691
2158.000000 0.032535
2159.000000 0.030305
2160.000000 0.030129
2161.000000 0.032389
2162.000000 0.038108
2163.000000 0.044243
2164.000000 0.049537
2165.000000 0.047174
2166.000000 0.047175
2167.000000 0.040134
2168.000000 0.034917
2169.000000 0.038310
2170.000000 0.040791
2171.000000 0.044224
2172.000000 0.038568
2173.000000 0.045876
2174.000000 0.040947
2175.000000 0.042749
2176.000000 0.043930
2177.000000 0.038609
2178.000000 0.052127
2179.000000 0.048321
2180.000000 0.045675
2181.000000 0.046474
2182.000000 0.046850
2183.000000 0.043085
2184.000000 0.044379
2185.000000 0.047083
2186.000000 0.044107
2187.000000 0.041108
2188.000000 0.040844
2189.000000 0.035383
2190.000000 0.037604
2191.000000 0.048324
2192.000000 0.041909
2193.000000 0.036342
2194.000000 0.032810
2195.000000 0.038359
2196.000000 0.035456
2197.000000 0.041325
2198.000000 0.037609
2199.000000 0.039976
2200.000000 0.040384
2201.000000 0.043925
2202.000000 0.045207
2203.000000 0.046225
2204.000000 0.044279
2205.000000 0.040181
2206.000000 0.040862
2207.000000 0.041571
2208.000000 0.046072
2209.000000 0.050099
2210.000000 0.048931
2211.000000 0.046270
2212.000000 0.049481
2213.000000 0.045685
2214.000000 0.041360
2215.000000 0.037907
2216.000000 0.036281
2217.000000 0.033104
2218.000000 0.033285
2219.000000 0.028418
2220.000000 0.031753
2221.000000 0.030120
2222.000000 0.030544
2223.000000 0.033451
2224.000000 0.043151
2225.000000 0.043505
2226.000000 0.040838
2227.000000 0.039056
2228.000000 0.044060
2229.000000 0.044947
2230.000000 0.050627
2231.000000 0.054421
2232.000000 0.049855
2233.000000 0.045122
2234.000000 0.044730
2235.000000 0.037786
2236.000000 0.034843
2237.000000 0.038471
2238.000000 0.037181
2239.000000 0.033820
2240.000000 0.036613
2241.000000 0.037417
2242.000000 0.039682
2243.000000 0.037853
2244.000000 0.040411
2245.000000 0.041415
2246.000000 0.037147
2247.000000 0.039076
2248.000000 0.040778
2249.000000 0.043338
2250.000000 0.039660
2251.000000 0.043637
2252.000000 0.042334
2253.000000 0.048547
2254.000000 0.050606
2255.000000 0.045469
2256.000000 0.049123
2257.000000 0.042015
2258.000000 0.042463
2259.000000 0.040018
2260.000000 0.041929
2261.000000 0.048228
2262.000000 0.051307
2263.000000 0.046228
2264.000000 0.042253
2265.000000 0.040149
2266.000000 0.037582
2267.000000 0.043264
2268.000000 0.042100
2269.000000 0.044775
2270.000000 0.048037
2271.000000 0.045068
2272.000000 0.047363
2273.000000 0.042003
2274.000000 0.038432
2275.000000 0.036310
2276.000000 0.035155
2277.000000 0.038194
2278.000000 0.038980
2279.000000 0.033671
2280.000000 0.035173
2281.000000 0.035845
2282.000000 0.032549
2283.000000 0.035544
2284.000000 0.040559
2285.000000 0.038504
2286.000000 0.036107
2287.000000 0.033682
2288.000000 0.035847
2289.000000 0.038308
2290.000000 0.034824
2291.000000 0.040669
2292.000000 0.037971
2293.000000 0.045340
2294.000000 0.046184
2295.000000 0.048697
2296.000000 0.052654
2297.000000 0.048063
2298.000000 0.042751
2299.000000 0.040489
2300.000000 0.040067
2301.000000 0.044533
2302.000000 0.041684
2303.000000 0.041904
2304.000000 0.038131
2305.000000 0.036925
2306.000000 0.032051
2307.000000 0.039599
2308.000000 0.036513
2309.000000 0.033348
2310.000000 0.032790
2311.000000 0.034053
2312.000000 0.042591
2313.000000 0.048945
2314.000000 0.051674
2315.000000 0.045549
2316.000000 0.045962
2317.000000 0.043101
2318.000000 0.037619
2319.000000 0.044116
2320.000000 0.040866
2321.000000 0.039567
2322.000000 0.038596
2323.000000 0.043117
2324.000000 0.043035
2325.000000 0.044858
2326.000000 0.042323
2327.000000 0.044747
2328.000000 0.046104
2329.000000 0.042866
2330.000000 0.045160
2331.000000 0.040606
2332.000000 0.041066
2333.000000 0.048938
2334.000000 0.055608
2335.000000 0.051903
2336.000000 0.053323
2337.000000 0.046378
2338.000000 0.048969
2339.000000 0.056940
2340.000000 0.048270
2341.000000 0.041872
2342.000000 0.042843
2343.000000 0.042997
2344.000000 0.043706
2345.000000 0.037952
2346.000000 0.031968
2347.000000 0.029553
2348.000000 0.036890
2349.000000 0.037383
2350.000000 0.041750
2351.000000 0.041790
2352.000000 0.050314
2353.000000 0.043630
2354.000000 0.040101
2355.000000 0.044388
2356.000000 0.038512
2357.000000 0.039923
2358.000000 0.038435
2359.000000 0.039507
2360.000000 0.036820
2361.000000 0.044864
2362.000000 0.041448
2363.000000 0.044583
2364.000000 0.044483
2365.000000 0.053306
2366.000000 0.051992
2367.000000 0.049536
2368.000000 0.045420
2369.000000 0.041883
2370.000000 0.040685
2371.000000 0.038796
2372.000000 0.039787
2373.000000 0.038652
2374.000000 0.035569
2375.000000 0.035702
2376.000000 0.042971
2377.000000 0.044462
2378.000000 0.036790
2379.000000 0.037384
2380.000000 0.050504
2381.000000 0.045651
2382.000000 0.042196
2383.000000 0.038188
2384.000000 0.037704
2385.000000 0.037033
2386.000000 0.040655
2387.000000 0.051350
2388.000000 0.047310
2389.000000 0.046875
2390.000000 0.043016
2391.000000 0.049169
2392.000000 0.052842
2393.000000 0.046855
2394.000000 0.042655
2395.000000 0.043904
2396.000000 0.042762
2397.000000 0.037520
2398.000000 0.034677
2399.000000 0.046631
2400.000000 0.043539
2401.000000 0.044877
2402.000000 0.041062
2403.000000 0.040853
2404.000000 0.042736
2405.000000 0.042966
2406.000000 0.038130
2407.000000 0.036293
2408.000000 0.035166
2409.000000 0.034146
2410.000000 0.040188
2411.000000 0.038501
2412.000000 0.044897
2413.000000 0.047502
2414.000000 0.043454
2415.000000 0.044410
2416.000000 0.044368
2417.000000 0.042559
2418.000000 0.036843
2419.000000 0.036059
2420.000000 0.035967
2421.000000 0.032639
2422.000000 0.035109
2423.000000 0.048951
2424.000000 0.053185
2425.000000 0.058757
2426.000000 0.055202
2427.000000 0.055448
2428.000000 0.049135
2429.000000 0.050139
2430.000000 0.052977
2431.000000 0.052388
2432.000000 0.044466
2433.000000 0.039144
2434.000000 0.039170
2435.000000 0.033425
2436.000000 0.038620
2437.000000 0.036969
2438.000000 0.037536
2439.000000 0.032921
2440.000000 0.035848
2441.000000 0.038524
2442.000000 0.037857
2443.000000 0.038123
2444.000000 0.040718
2445.000000 0.041115
2446.000000 0.041752
2447.000000 0.037622
2448.000000 0.042702
2449.000000 0.045453
2450.000000 0.047174
2451.000000 0.050475
2452.000000 0.047251
2453.000000 0.044359
2454.000000 0.045108
2455.000000 0.046281
2456.000000 0.047547
2457.000000 0.050632
2458.000000 0.042083
2459.000000 0.042424
2460.000000 0.044949
2461.000000 0.055546
2462.000000 0.055683
2463.000000 0.059955
2464.000000 0.057034
2465.000000 0.048954
2466.000000 0.045043
2467.000000 0.045635
2468.000000 0.048144
2469.000000 0.046826
2470.000000 0.040351
2471.000000 0.038336
2472.000000 0.035551
2473.000000 0.030189
2474.000000 0.031636
2475.000000 0.034154
2476.000000 0.030994
2477.000000 0.032400
2478.000000 0.037945
2479.000000 0.037267
2480.000000 0.039613
2481.000000 0.033545
2482.000000 0.032356
2483.000000 0.033919
2484.000000 0.032717
2485.000000 0.039738
2486.000000 0.036091
2487.000000 0.043967
2488.000000 0.047050
2489.000000 0.047503
2490.000000 0.044491
2491.000000 0.040810
2492.000000 0.037995
2493.000000 0.043935
2494.000000 0.047435
2495.000000 0.047724
2496.000000 0.045268
2497.000000 0.039998
2498.000000 0.036492
2499.000000 0.035419
2500.000000 0.030875
2501.000000 0.035963
2502.000000 0.033965
2503.000000 0.034539
2504.000000 0.036589
2505.000000 0.040093
2506.000000 0.040815
2507.000000 0.048308
2508.000000 0.054795
2509.000000 0.049019
2510.000000 0.044597
2511.000000 0.047645
2512.000000 0.048999
2513.000000 0.046403
2514.000000 0.040156
2515.000000 0.037425
2516.000000 0.045637
2517.000000 0.037816
2518.000000 0.034672
2519.000000 0.037313
2520.000000 0.035432
2521.000000 0.050787
2522.000000 0.047841
2523.000000 0.040975
2524.000000 0.044197
2525.000000 0.048252
2526.000000 0.047738
2527.000000 0.055591
2528.000000 0.050440
2529.000000 0.046819
2530.000000 0.050768
2531.000000 0.051309
2532.000000 0.046129
2533.000000 0.048333
2534.000000 0.046294
2535.000000 0.046089
2536.000000 0.045459
2537.000000 0.042627
2538.000000 0.042680
2539.000000 0.049085
2540.000000 0.050960
2541.000000 0.045575
2542.000000 0.049772
2543.000000 0.050312
2544.000000 0.046596
2545.000000 0.044643
2546.000000 0.048876
2547.000000 0.047640
2548.000000 0.051120
2549.000000 0.047805
2550.000000 0.047111
2551.000000 0.050992
2552.000000 0.050455
2553.000000 0.043417
2554.000000 0.038952
2555.000000 0.036729
2556.000000 0.038740
2557.000000 0.043683
2558.000000 0.039309
2559.000000 0.039283
2560.000000 0.036814
2561.000000 0.033460
2562.000000 0.033359
2563.000000 0.031879
2564.000000 0.026489
2565.000000 0.027714
2566.000000 0.027036
2567.000000 0.028739
2568.000000 0.032533
2569.000000 0.044944
2570.000000 0.044421
2571.000000 0.053066
2572.000000 0.057517
2573.000000 0.063256
2574.000000 0.059199
2575.000000 0.051616
2576.000000 0.049967
2577.000000 0.046886
2578.000000 0.047967
2579.000000 0.046643
2580.000000 0.044823
2581.000000 0.046882
2582.000000 0.041916
2583.000000 0.042463
2584.000000 0.042285
2585.000000 0.045342
2586.000000 0.046754
2587.000000 0.047065
2588.000000 0.044383
2589.000000 0.042428
2590.000000 0.050027
2591.000000 0.047695
2592.000000 0.041437
2593.000000 0.041664
2594.000000 0.045833
2595.000000 0.040826
2596.000000 0.041575
2597.000000 0.040430
2598.000000 0.040168
2599.000000 0.043271
2600.000000 0.049272
2601.000000 0.048011
2602.000000 0.048910
2603.000000 0.042112
2604.000000 0.038163
2605.000000 0.042055
2606.000000 0.048083
2607.000000 0.047430
2608.000000 0.046578
2609.000000 0.040165
2610.000000 0.044368
2611.000000 0.047330
2612.000000 0.046117
2613.000000 0.052251
2614.000000 0.046374
2615.000000 0.046789
2616.000000 0.042684
2617.000000 0.041986
2618.000000 0.041853
2619.000000 0.042302
2620.000000 0.040879
2621.000000 0.038909
2622.000000 0.039119
2623.000000 0.038100
2624.000000 0.038380
2625.000000 0.041972
2626.000000 0.042232
2627.000000 0.039637
2628.000000 0.045804
2629.000000 0.041668
2630.000000 0.038542
2631.000000 0.036473
2632.000000 0.035462
2633.000000 0.038175
2634.000000 0.038770
2635.000000 0.033883
2636.000000 0.032786
2637.000000 0.034338
2638.000000 0.040623
2639.000000 0.043218
2640.000000 0.041995
2641.000000 0.039618
2642.000000 0.036630
2643.000000 0.035123
2644.000000 0.040671
2645.000000 0.044384
2646.000000 0.037855
2647.000000 0.044176
2648.000000 0.039468
2649.000000 0.043468
2650.000000 0.043412
2651.000000 0.046130
2652.000000 0.040740
2653.000000 0.044298
2654.000000 0.039621
2655.000000 0.036414
2656.000000 0.038911
2657.000000 0.034796
2658.000000 0.040513
2659.000000 0.038871
2660.000000 0.038253
2661.000000 0.037858
2662.000000 0.041021
2663.000000 0.043393
2664.000000 0.039318
2665.000000 0.042073
2666.000000 0.039932
2667.000000 0.040818
2668.000000 0.039491
2669.000000 0.040544
2670.000000 0.041266
2671.000000 0.036639
2672.000000 0.033302
2673.000000 0.041235
2674.000000 0.034159
2675.000000 0.030417
2676.000000 0.036367
2677.000000 0.040353
2678.000000 0.035039
2679.000000 0.035889
2680.000000 0.042200
2681.000000 0.042975
2682.000000 0.039549
2683.000000 0.036309
2684.000000 0.043818
2685.000000 0.046999
2686.000000 0.044490
2687.000000 0.037715
2688.000000 0.031271
2689.000000 0.029047
2690.000000 0.029248
2691.000000 0.029507
2692.000000 0.029911
2693.000000 0.041998
2694.000000 0.044966
2695.000000 0.048299
2696.000000 0.050410
2697.000000 0.061017
2698.000000 0.066347
2699.000000 0.057955
2700.000000 0.053192
2701.000000 0.056689
2702.000000 0.047831
2703.000000 0.043369
2704.000000 0.039068
2705.000000 0.035347
2706.000000 0.040722
2707.000000 0.044016
2708.000000 0.045496
2709.000000 0.041145
2710.000000 0.038054
2711.000000 0.034937
2712.000000 0.031763
2713.000000 0.032005
2714.000000 0.034469
2715.000000 0.033634
2716.000000 0.039980
2717.000000 0.046879
2718.000000 0.048736
2719.000000 0.048953
2720.000000 0.043313
2721.000000 0.040380
2722.000000 0.039204
2723.000000 0.043638
2724.000000 0.044010
2725.000000 0.040503
2726.000000 0.038102
2727.000000 0.048161
2728.000000 0.046461
2729.000000 0.038490
2730.000000 0.036483
2731.000000 0.043715
2732.000000 0.044853
2733.000000 0.037141
2734.000000 0.035315
2735.000000 0.035598
2736.000000 0.040758
2737.000000 0.038897
2738.000000 0.046907
2739.000000 0.048549
2740.000000 0.044596
2741.000000 0.046129
2742.000000 0.050679
2743.000000 0.051123
2744.000000 0.048687
2745.000000 0.047681
2746.000000 0.049435
2747.000000 0.049515
2748.000000 0.045364
2749.000000 0.044144
2750.000000 0.039279
2751.000000 0.048287
2752.000000 0.044183
2753.000000 0.044724
2754.000000 0.039151
2755.000000 0.039639
2756.000000 0.035973
2757.000000 0.032461
2758.000000 0.033747
2759.000000 0.035942
2760.000000 0.035111
2761.000000 0.041056
2762.000000 0.044453
2763.000000 0.043441
2764.000000 0.037929
2765.000000 0.045517
2766.000000 0.050373
2767.000000 0.045158
2768.000000 0.043302
2769.000000 0.045517
2770.000000 0.043926
2771.000000 0.048768
2772.000000 0.049545
2773.000000 0.049661
2774.000000 0.048107
2775.000000 0.039858
2776.000000 0.039800
2777.000000 0.042209
2778.000000 0.053832
2779.000000 0.051123
2780.000000 0.043618
2781.000000 0.040250
2782.000000 0.036920
2783.000000 0.034540
2784.000000 0.038798
2785.000000 0.036907
2786.000000 0.043625
2787.000000 0.038281
2788.000000 0.040814
2789.000000 0.036372
2790.000000 0.038331
2791.000000 0.044353
2792.000000 0.041351
2793.000000 0.042912
2794.000000 0.043707
2795.000000 0.048325
2796.000000 0.050856
2797.000000 0.048279
2798.000000 0.048025
2799.000000 0.046256
2800.000000 0.044329
2801.000000 0.041404
2802.000000 0.051152
2803.000000 0.052308
2804.000000 0.051035
2805.000000 0.045419
2806.000000 0.039010
2807.000000 0.044436
2808.000000 0.040264
2809.000000 0.043168
2810.000000 0.044185
2811.000000 0.040016
2812.000000 0.038067
2813.000000 0.036738
2814.000000 0.037725
2815.000000 0.035979
2816.000000 0.031534
2817.000000 0.038912
2818.000000 0.040949
2819.000000 0.038713
2820.000000 0.036872
2821.000000 0.051027
2822.000000 0.053764
2823.000000 0.054525
2824.000000 0.060849
2825.000000 0.063627
2826.000000 0.057041
2827.000000 0.058574
2828.000000 0.056493
2829.000000 0.057054
2830.000000 0.053303
2831.000000 0.054592
2832.000000 0.051220
2833.000000 0.046217
2834.000000 0.047467
2835.000000 0.051165
2836.000000 0.049752
2837.000000 0.048020
2838.000000 0.047868
2839.000000 0.048975
2840.000000 0.048986
2841.000000 0.044649
2842.000000 0.043353
2843.000000 0.044117
2844.000000 0.039870
2845.000000 0.040662
2846.000000 0.038489
2847.000000 0.040536
2848.000000 0.036601
2849.000000 0.038444
2850.000000 0.049381
2851.000000 0.049786
2852.000000 0.053037
2853.000000 0.049980
2854.000000 0.049062
2855.000000 0.044834
2856.000000 0.043214
2857.000000 0.049132
2858.000000 0.045822
2859.000000 0.046850
2860.000000 0.042790
2861.000000 0.045653
2862.000000 0.043053
2863.000000 0.039542
2864.000000 0.038340
2865.000000 0.037281
2866.000000 0.039739
2867.000000 0.034556
2868.000000 0.039035
2869.000000 0.035601
2870.000000 0.036218
2871.000000 0.036575
2872.000000 0.040971
2873.000000 0.052820
2874.000000 0.048191
2875.000000 0.041459
2876.000000 0.041647
2877.000000 0.039478
2878.000000 0.038004
2879.000000 0.036243
2880.000000 0.047388
2881.000000 0.047109
2882.000000 0.046176
2883.000000 0.049262
2884.000000 0.045661
2885.000000 0.046273
2886.000000 0.044332
2887.000000 0.042734
2888.000000 0.045948
2889.000000 0.051604
2890.000000 0.051129
2891.000000 0.054793
2892.000000 0.048086
2893.000000 0.043746
2894.000000 0.052468
2895.000000 0.052613
2896.000000 0.047175
2897.000000 0.044105
2898.000000 0.039493
2899.000000 0.037153
2900.000000 0.042198
2901.000000 0.040614
2902.000000 0.039458
2903.000000 0.034206
2904.000000 0.031641
2905.000000 0.031899
2906.000000 0.030066
2907.000000 0.032600
2908.000000 0.028118
2909.000000 0.034938
2910.000000 0.039743
2911.000000 0.050781
2912.000000 0.049794
2913.000000 0.049671
2914.000000 0.050730
2915.000000 0.051007
2916.000000 0.052119
2917.000000 0.047864
2918.000000 0.046136
2919.000000 0.042492
2920.000000 0.040509
2921.000000 0.039017
2922.000000 0.039226
2923.000000 0.036523
2924.000000 0.030706
2925.000000 0.030281
2926.000000 0.037147
2927.000000 0.040644
2928.000000 0.040461
2929.000000 0.043697
2930.000000 0.044698
2931.000000 0.049611
2932.000000 0.046019
2933.000000 0.043486
2934.000000 0.039160
2935.000000 0.038725
2936.000000 0.044989
2937.000000 0.048872
2938.000000 0.045404
2939.000000 0.055015
2940.000000 0.048764
2941.000000 0.042799
2942.000000 0.039839
2943.000000 0.040273
2944.000000 0.054184
2945.000000 0.047843
2946.000000 0.043753
2947.000000 0.038821
2948.000000 0.045515
2949.000000 0.042671
2950.000000 0.041735
2951.000000 0.034618
2952.000000 0.031100
2953.000000 0.037590
2954.000000 0.046879
2955.000000 0.049340
2956.000000 0.053367
2957.000000 0.053469
2958.000000 0.051423
2959.000000 0.052178
2960.000000 0.054249
2961.000000 0.051058
2962.000000 0.049385
2963.000000 0.048678
2964.000000 0.050756
2965.000000 0.046996
2966.000000 0.047203
2967.000000 0.044096
2968.000000 0.042017
2969.000000 0.039571
2970.000000 0.036699
2971.000000 0.038315
2972.000000 0.038742
2973.000000 0.043401
2974.000000 0.047780
2975.000000 0.052853
2976.000000 0.048154
2977.000000 0.045809
2978.000000 0.051222
2979.000000 0.052985
2980.000000 0.050373
2981.000000 0.049609
2982.000000 0.047787
2983.000000 0.048643
2984.000000 0.055970
2985.000000 0.062258
2986.000000 0.051418
2987.000000 0.045099
2988.000000 0.047740
2989.000000 0.046627
2990.000000 0.050887
2991.000000 0.044899
2992.000000 0.043276
2993.000000 0.038862
2994.000000 0.034081
2995.000000 0.038033
2996.000000 0.042238
2997.000000 0.039061
2998.000000 0.043981
2999.000000 0.042245
3000.000000 0.040725
3001.000000 0.040247
3002.000000 0.036626
3003.000000 0.034601
3004.000000 0.045236
3005.000000 0.048603
3006.000000 0.048821
3007.000000 0.043458
3008.000000 0.039223
3009.000000 0.041439
3010.000000 0.040528
3011.000000 0.037535
3012.000000 0.037379
3013.000000 0.036059
3014.000000 0.032917
3015.000000 0.035538
3016.000000 0.038040
3017.000000 0.042448
3018.000000 0.047137
3019.000000 0.049525
3020.000000 0.051106
3021.000000 0.044857
3022.000000 0.049068
3023.000000 0.047334
3024.000000 0.049889
3025.000000 0.048213
3026.000000 0.052784
3027.000000 0.046440
3028.000000 0.039559
3029.000000 0.035986
3030.000000 0.034825
3031.000000 0.042376
3032.000000 0.038151
3033.000000 0.039624
3034.000000 0.036388
3035.000000 0.036800
3036.000000 0.037694
3037.000000 0.039573
3038.000000 0.042598
3039.000000 0.042993
3040.000000 0.042872
3041.000000 0.041933
3042.000000 0.045977
3043.000000 0.049564
3044.000000 0.049540
3045.000000 0.051217
3046.000000 0.047530
3047.000000 0.041735
3048.000000 0.043687
3049.000000 0.048969
3050.000000 0.044727
3051.000000 0.037944
3052.000000 0.038277
3053.000000 0.040665
3054.000000 0.042421
3055.000000 0.041240
3056.000000 0.047258
3057.000000 0.050431
3058.000000 0.059713
3059.000000 0.058650
3060.000000 0.056680
3061.000000 0.053092
3062.000000 0.051567
3063.000000 0.062046
3064.000000 0.061629
3065.000000 0.056455
3066.000000 0.051385
3067.000000 0.048044
3068.000000 0.045391
3069.000000 0.046478
3070.000000 0.051336
3071.000000 0.047310
3072.000000 0.044603
3073.000000 0.042797
3074.000000 0.042061
3075.000000 0.036294
3076.000000 0.036464
3077.000000 0.040871
3078.000000 0.037289
3079.000000 0.038909
3080.000000 0.037212
3081.000000 0.039062
3082.000000 0.036396
3083.000000 0.034388
3084.000000 0.031312
3085.000000 0.034689
3086.000000 0.033304
3087.000000 0.036928
3088.000000 0.041292
3089.000000 0.048648
3090.000000 0.051355
3091.000000 0.047253
3092.000000 0.044677
3093.000000 0.045516
3094.000000 0.045079
3095.000000 0.045939
3096.000000 0.045560
3097.000000 0.044049
3098.000000 0.045624
3099.000000 0.045276
3100.000000 0.039402
3101.000000 0.043857
3102.000000 0.046003
3103.000000 0.042264
3104.000000 0.041101
3105.000000 0.037572
3106.000000 0.037649
3107.000000 0.034789
3108.000000 0.043343
3109.000000 0.043708
3110.000000 0.040059
3111.000000 0.036707
3112.000000 0.049615
3113.000000 0.053987
3114.000000 0.053567
3115.000000 0.058050
3116.000000 0.058807
3117.000000 0.051504
3118.000000 0.048427
3119.000000 0.045511
3120.000000 0.042969
3121.000000 0.037672
3122.000000 0.042840
3123.000000 0.044969
3124.000000 0.043293
3125.000000 0.037648
3126.000000 0.032740
3127.000000 0.039203
3128.000000 0.037396
3129.000000 0.033088
3130.000000 0.034392
3131.000000 0.037812
3132.000000 0.039766
3133.000000 0.039916
3134.000000 0.042019
3135.000000 0.042163
3136.000000 0.036004
3137.000000 0.034021
3138.000000 0.044163
3139.000000 0.041307
3140.000000 0.037651
3141.000000 0.032456
3142.000000 0.039838
3143.000000 0.040748
3144.000000 0.044890
3145.000000 0.046144
3146.000000 0.046869
3147.000000 0.048577
3148.000000 0.054422
3149.000000 0.047017
3150.000000 0.044537
3151.000000 0.039950
3152.000000 0.042454
3153.000000 0.039256
3154.000000 0.036615
3155.000000 0.042562
3156.000000 0.050443
3157.000000 0.046580
3158.000000 0.043458
3159.000000 0.043889
3160.000000 0.043273
3161.000000 0.041816
3162.000000 0.038483
3163.000000 0.041008
3164.000000 0.045346
3165.000000 0.046129
3166.000000 0.045889
3167.000000 0.050865
3168.000000 0.052607
3169.000000 0.053231
3170.000000 0.051136
3171.000000 0.051234
3172.000000 0.053520
3173.000000 0.051862
3174.000000 0.048999
3175.000000 0.045793
3176.000000 0.050740
3177.000000 0.059385
3178.000000 0.063487
3179.000000 0.062861
3180.000000 0.054208
3181.000000 0.052619
3182.000000 0.052052
3183.000000 0.050441
3184.000000 0.056475
3185.000000 0.050820
3186.000000 0.052474
3187.000000 0.046271
3188.000000 0.045784
3189.000000 0.040790
3190.000000 0.044354
3191.000000 0.039848
3192.000000 0.042334
3193.000000 0.043033
3194.000000 0.040576
3195.000000 0.047275
3196.000000 0.042089
3197.000000 0.037776
3198.000000 0.034344
3199.000000 0.034904
3200.000000 0.041917
3201.000000 0.043662
3202.000000 0.042437
3203.000000 0.046610
3204.000000 0.044184
3205.000000 0.046195
3206.000000 0.043042
3207.000000 0.048159
3208.000000 0.041318
3209.000000 0.050703
3210.000000 0.045031
3211.000000 0.043922
3212.000000 0.042893
3213.000000 0.039922
3214.000000 0.039649
3215.000000 0.034641
3216.000000 0.036314
3217.000000 0.033507
3218.000000 0.038464
3219.000000 0.037946
3220.000000 0.038164
3221.000000 0.037436
3222.000000 0.036992
3223.000000 0.035309
3224.000000 0.045855
3225.000000 0.040702
3226.000000 0.043955
3227.000000 0.041130
3228.000000 0.042870
3229.000000 0.045348
3230.000000 0.045694
3231.000000 0.045695
3232.000000 0.043051
3233.000000 0.045939
3234.000000 0.045645
3235.000000 0.038575
3236.000000 0.033095
3237.000000 0.030616
3238.000000 0.030954
3239.000000 0.041701
3240.000000 0.043637
3241.000000 0.038623
3242.000000 0.040370
3243.000000 0.041295
3244.000000 0.040195
3245.000000 0.044816
3246.000000 0.051060
3247.000000 0.045577
3248.000000 0.051646
3249.000000 0.053906
3250.000000 0.051675
3251.000000 0.051738
3252.000000 0.049939
3253.000000 0.048086
3254.000000 0.044783
3255.000000 0.050670
3256.000000 0.045886
3257.000000 0.047878
3258.000000 0.043563
3259.000000 0.043404
3260.000000 0.040966
3261.000000 0.037712
3262.000000 0.036062
3263.000000 0.036003
3264.000000 0.038391
3265.000000 0.037714
3266.000000 0.041061
3267.000000 0.039735
3268.000000 0.041459
3269.000000 0.035889
3270.000000 0.033707
3271.000000 0.034124
3272.000000 0.037698
3273.000000 0.041201
3274.000000 0.039429
3275.000000 0.038872
3276.000000 0.036183
3277.000000 0.040971
3278.000000 0.041660
3279.000000 0.036115
3280.000000 0.037079
3281.000000 0.040980
3282.000000 0.040749
3283.000000 0.036670
3284.000000 0.046678
3285.000000 0.050687
3286.000000 0.054425
3287.000000 0.053139
3288.000000 0.050519
3289.000000 0.046518
3290.000000 0.045776
3291.000000 0.041227
3292.000000 0.045417
3293.000000 0.043874
3294.000000 0.049997
3295.000000 0.047724
3296.000000 0.051267
3297.000000 0.044209
3298.000000 0.047015
3299.000000 0.045335
3300.000000 0.045502
3301.000000 0.042746
3302.000000 0.041916
3303.000000 0.045170
3304.000000 0.042797
3305.000000 0.035411
3306.000000 0.036075
3307.000000 0.034567
3308.000000 0.043035
3309.000000 0.044031
3310.000000 0.049902
3311.000000 0.043908
3312.000000 0.040309
3313.000000 0.038238
3314.000000 0.036696
3315.000000 0.035132
3316.000000 0.042710
3317.000000 0.046844
3318.000000 0.042223
3319.000000 0.042760
3320.000000 0.044773
3321.000000 0.039030
3322.000000 0.039443
3323.000000 0.038977
3324.000000 0.041544
3325.000000 0.035387
3326.000000 0.036894
3327.000000 0.039993
3328.000000 0.037725
3329.000000 0.038218
3330.000000 0.041526
3331.000000 0.042561
3332.000000 0.040936
3333.000000 0.044573
3334.000000 0.041227
3335.000000 0.045967
3336.000000 0.044080
3337.000000 0.049335
3338.000000 0.050427
3339.000000 0.047668
3340.000000 0.043713
3341.000000 0.041063
3342.000000 0.046378
3343.000000 0.044599
3344.000000 0.038948
3345.000000 0.034677
3346.000000 0.038944
3347.000000 0.047493
3348.000000 0.047384
3349.000000 0.051699
3350.000000 0.044439
3351.000000 0.043190
3352.000000 0.046325
3353.000000 0.045075
3354.000000 0.044738
3355.000000 0.041065
3356.000000 0.041826
3357.000000 0.037057
3358.000000 0.036562
3359.000000 0.041506
3360.000000 0.040464
3361.000000 0.043883
3362.000000 0.047334
3363.000000 0.045923
3364.000000 0.046761
3365.000000 0.048918
3366.000000 0.046329
3367.000000 0.046686
3368.000000 0.049116
3369.000000 0.042236
3370.000000 0.045320
3371.000000 0.045776
3372.000000 0.047844
3373.000000 0.050149
3374.000000 0.044982
3375.000000 0.047853
3376.000000 0.045676
3377.000000 0.050063
3378.000000 0.051208
3379.000000 0.045598
3380.000000 0.046194
3381.000000 0.047128
3382.000000 0.050425
3383.000000 0.045314
3384.000000 0.045247
3385.000000 0.043666
3386.000000 0.043186
3387.000000 0.038689
3388.000000 0.035302
3389.000000 0.039090
3390.000000 0.041140
3391.000000 0.042065
3392.000000 0.036686
3393.000000 0.044280
3394.000000 0.048125
3395.000000 0.043214
3396.000000 0.039111
3397.000000 0.042962
3398.000000 0.043852
3399.000000 0.057530
3400.000000 0.048909
3401.000000 0.042629
3402.000000 0.038955
3403.000000 0.049444
3404.000000 0.058415
3405.000000 0.054084
3406.000000 0.054502
3407.000000 0.049124
3408.000000 0.043270
3409.000000 0.040535
3410.000000 0.039670
3411.000000 0.039445
3412.000000 0.035765
3413.000000 0.032415
3414.000000 0.037527
3415.000000 0.042973
3416.000000 0.052360
3417.000000 0.045606
3418.000000 0.042624
3419.000000 0.038975
3420.000000 0.041770
3421.000000 0.039996
3422.000000 0.037999
3423.000000 0.037639
3424.000000 0.032880
3425.000000 0.035657
3426.000000 0.037522
3427.000000 0.038693
3428.000000 0.037752
3429.000000 0.038509
3430.000000 0.035065
3431.000000 0.033502
3432.000000 0.036352
3433.000000 0.038297
3434.000000 0.040345
3435.000000 0.043950
3436.000000 0.046427
3437.000000 0.040579
3438.000000 0.039637
3439.000000 0.040080
3440.000000 0.045542
3441.000000 0.045967
3442.000000 0.038107
3443.000000 0.037681
3444.000000 0.041226
3445.000000 0.038991
3446.000000 0.040451
3447.000000 0.043564
3448.000000 0.045504
3449.000000 0.041629
3450.000000 0.045582
3451.000000 0.045387
3452.000000 0.049178
3453.000000 0.057622
3454.000000 0.055253
3455.000000 0.047296
3456.000000 0.049175
3457.000000 0.044850
3458.000000 0.050158
3459.000000 0.046202
3460.000000 0.045925
3461.000000 0.043869
3462.000000 0.043983
3463.000000 0.040009
3464.000000 0.041381
3465.000000 0.046857
3466.000000 0.043498
3467.000000 0.043168
3468.000000 0.038609
3469.000000 0.051732
3470.000000 0.056645
3471.000000 0.055876
3472.000000 0.049452
3473.000000 0.049326
3474.000000 0.042930
3475.000000 0.038186
3476.000000 0.044571
3477.000000 0.041905
3478.000000 0.037580
3479.000000 0.034912
3480.000000 0.034033
3481.000000 0.045288
3482.000000 0.040220
3483.000000 0.039034
3484.000000 0.037368
3485.000000 0.037895
3486.000000 0.040978
3487.000000 0.039595
3488.000000 0.040309
3489.000000 0.044263
3490.000000 0.045042
3491.000000 0.041621
3492.000000 0.040523
3493.000000 0.037553
3494.000000 0.046899
3495.000000 0.048263
3496.000000 0.046738
3497.000000 0.042574
3498.000000 0.046291
3499.000000 0.041055
3500.000000 0.042180
3501.000000 0.049464
3502.000000 0.048119
3503.000000 0.046460
3504.000000 0.046450
3505.000000 0.045543
3506.000000 0.040028
3507.000000 0.037219
3508.000000 0.035038
3509.000000 0.032786
3510.000000 0.031354
3511.000000 0.028775
3512.000000 0.032277
3513.000000 0.043970
3514.000000 0.042914
3515.000000 0.050712
3516.000000 0.051554
3517.000000 0.045934
3518.000000 0.051616
3519.000000 0.050315
3520.000000 0.049527
3521.000000 0.045479
3522.000000 0.047526
3523.000000 0.048251
3524.000000 0.043132
3525.000000 0.043815
3526.000000 0.041357
3527.000000 0.037871
3528.000000 0.042461
3529.000000 0.036927
3530.000000 0.031550
3531.000000 0.027668
3532.000000 0.043213
3533.000000 0.051153
3534.000000 0.050185
3535.000000 0.051783
3536.000000 0.048533
3537.000000 0.055386
3538.000000 0.057990
3539.000000 0.053676
3540.000000 0.054676
3541.000000 0.057556
3542.000000 0.055192
3543.000000 0.049889
3544.000000 0.049029
3545.000000 0.043581
3546.000000 0.041511
3547.000000 0.049192
3548.000000 0.050543
3549.000000 0.048415
3550.000000 0.053778
3551.000000 0.048138
3552.000000 0.048456
3553.000000 0.041713
3554.000000 0.040876
3555.000000 0.036491
3556.000000 0.045325
3557.000000 0.052883
3558.000000 0.051494
3559.000000 0.048343
3560.000000 0.041661
3561.000000 0.042023
3562.000000 0.037869
3563.000000 0.041069
3564.000000 0.038140
3565.000000 0.039103
3566.000000 0.037863
3567.000000 0.046119
3568.000000 0.043363
3569.000000 0.046649
3570.000000 0.045157
3571.000000 0.051255
3572.000000 0.051212
3573.000000 0.052756
3574.000000 0.051778
3575.000000 0.043969
3576.000000 0.043293
3577.000000 0.043961
3578.000000 0.042193
3579.000000 0.043950
3580.000000 0.054082
3581.000000 0.057907
3582.000000 0.050386
3583.000000 0.042323
3584.000000 0.035078
3585.000000 0.038728
3586.000000 0.041125
3587.000000 0.038584
3588.000000 0.042272
3589.000000 0.041688
3590.000000 0.036530
3591.000000 0.036807
3592.000000 0.036082
3593.000000 0.035621
3594.000000 0.036601
3595.000000 0.045679
3596.000000 0.042735
3597.000000 0.044942
3598.000000 0.050031
3599.000000 0.043463
3600.000000 0.043902
3601.000000 0.045141
3602.000000 0.042168
3603.000000 0.036802
3604.000000 0.037840
3605.000000 0.033200
3606.000000 0.035276
3607.000000 0.039250
3608.000000 0.041733
3609.000000 0.039852
3610.000000 0.041082
3611.000000 0.044164
3612.000000 0.037760
3613.000000 0.041514
3614.000000 0.043123
3615.000000 0.040764
3616.000000 0.035796
3617.000000 0.037358
3618.000000 0.037007
3619.000000 0.036341
3620.000000 0.042895
3621.000000 0.049262
3622.000000 0.051853
3623.000000 0.045215
3624.000000 0.048908
3625.000000 0.048134
3626.000000 0.040769
3627.000000 0.040230
3628.000000 0.040697
3629.000000 0.039994
3630.000000 0.039866
3631.000000 0.035708
3632.000000 0.035274
3633.000000 0.036947
3634.000000 0.038996
3635.000000 0.046772
3636.000000 0.038664
3637.000000 0.034529
3638.000000 0.034264
3639.000000 0.030229
3640.000000 0.033879
3641.000000 0.035621
3642.000000 0.035841
3643.000000 0.034594
3644.000000 0.034729
3645.000000 0.039751
3646.000000 0.044101
3647.000000 0.038457
3648.000000 0.040467
3649.000000 0.049580
3650.000000 0.055637
3651.000000 0.050772
3652.000000 0.042065
3653.000000 0.045353
3654.000000 0.046014
3655.000000 0.041185
3656.000000 0.038845
3657.000000 0.038351
3658.000000 0.031807
3659.000000 0.030626
3660.000000 0.031854
3661.000000 0.046074
3662.000000 0.040840
3663.000000 0.042348
3664.000000 0.042869
3665.000000 0.038276
3666.000000 0.036503
3667.000000 0.033264
3668.000000 0.030766
3669.000000 0.039825
3670.000000 0.044700
3671.000000 0.052416
3672.000000 0.047492
3673.000000 0.046807
3674.000000 0.043644
3675.000000 0.041292
3676.000000 0.042237
3677.000000 0.045639
3678.000000 0.044157
3679.000000 0.045037
3680.000000 0.046985
3681.000000 0.044739
3682.000000 0.041544
3683.000000 0.040653
3684.000000 0.037397
3685.000000 0.036352
3686.000000 0.035293
3687.000000 0.036259
3688.000000 0.042273
3689.000000 0.037160
3690.000000 0.034697
3691.000000 0.033915
3692.000000 0.046090
3693.000000 0.048909
3694.000000 0.049125
3695.000000 0.044170
3696.000000 0.043925
3697.000000 0.040160
3698.000000 0.047173
3699.000000 0.044653
3700.000000 0.039990
3701.000000 0.043230
3702.000000 0.037335
3703.000000 0.034491
3704.000000 0.036287
3705.000000 0.040467
3706.000000 0.037484
3707.000000 0.037822
3708.000000 0.036766
3709.000000 0.040865
3710.000000 0.036531
3711.000000 0.037788
3712.000000 0.043936
3713.000000 0.046839
3714.000000 0.051099
3715.000000 0.049047
3716.000000 0.046106
3717.000000 0.039441
3718.000000 0.041330
3719.000000 0.039367
3720.000000 0.040584
3721.000000 0.047811
3722.000000 0.043627
3723.000000 0.050415
3724.000000 0.049152
3725.000000 0.051158
3726.000000 0.049831
3727.000000 0.042986
3728.000000 0.046889
3729.000000 0.045808
3730.000000 0.045742
3731.000000 0.044960
3732.000000 0.040533
3733.000000 0.038563
3734.000000 0.039506
3735.000000 0.037688
3736.000000 0.036037
3737.000000 0.035884
3738.000000 0.037257
3739.000000 0.045056
3740.000000 0.047779
3741.000000 0.047427
3742.000000 0.047045
3743.000000 0.046047
3744.000000 0.042362
3745.000000 0.036189
3746.000000 0.032740
3747.000000 0.033903
3748.000000 0.032706
3749.000000 0.036757
3750.000000 0.041777
3751.000000 0.039974
3752.000000 0.042916
3753.000000 0.041052
3754.000000 0.036166
3755.000000 0.037756
3756.000000 0.044748
3757.000000 0.040648
3758.000000 0.040038
3759.000000 0.043317
3760.000000 0.041187
3761.000000 0.038534
3762.000000 0.042402
3763.000000 0.052041
3764.000000 0.044850
3765.000000 0.051410
3766.000000 0.050110
3767.000000 0.044736
3768.000000 0.042471
3769.000000 0.043014
3770.000000 0.035675
3771.000000 0.035364
3772.000000 0.040685
3773.000000 0.039340
3774.000000 0.037463
3775.000000 0.042546
3776.000000 0.043310
3777.000000 0.044384
3778.000000 0.040408
3779.000000 0.045146
3780.000000 0.043242
3781.000000 0.037767
3782.000000 0.035461
3783.000000 0.038852
3784.000000 0.039528
3785.000000 0.038937
3786.000000 0.041023
3787.000000 0.038193
3788.000000 0.039260
3789.000000 0.038779
3790.000000 0.038508
3791.000000 0.043382
3792.000000 0.048577
3793.000000 0.051947
3794.000000 0.049861
3795.000000 0.045431
3796.000000 0.039707
3797.000000 0.043694
3798.000000 0.051074
3799.000000 0.049798
3800.000000 0.048322
3801.000000 0.044315
3802.000000 0.039881
3803.000000 0.043432
3804.000000 0.041502
3805.000000 0.042362
3806.000000 0.038911
3807.000000 0.041286
3808.000000 0.046455
3809.000000 0.046067
3810.000000 0.045705
3811.000000 0.045502
3812.000000 0.043953
3813.000000 0.041293
3814.000000 0.040757
3815.000000 0.048401
3816.000000 0.051945
3817.000000 0.044124
3818.000000 0.046626
3819.000000 0.044959
3820.000000 0.041267
3821.000000 0.047421
3822.000000 0.041322
3823.000000 0.040753
3824.000000 0.037924
3825.000000 0.037447
3826.000000 0.035571
3827.000000 0.039423
3828.000000 0.040733
3829.000000 0.042082
3830.000000 0.035043
3831.000000 0.032617
3832.000000 0.039984
3833.000000 0.039964
3834.000000 0.047895
3835.000000 0.046331
3836.000000 0.045199
3837.000000 0.044965
3838.000000 0.045786
3839.000000 0.040398
3840.000000 0.039133
3841.000000 0.037426
3842.000000 0.041957
3843.000000 0.039498
3844.000000 0.039013
3845.000000 0.038226
3846.000000 0.046543
3847.000000 0.049266
3848.000000 0.047173
3849.000000 0.048536
3850.000000 0.043895
3851.000000 0.047646
3852.000000 0.045292
3853.000000 0.039360
3854.000000 0.048125
3855.000000 0.050451
3856.000000 0.041758
3857.000000 0.040919
3858.000000 0.047622
3859.000000 0.043877
3860.000000 0.047897
3861.000000 0.047032
3862.000000 0.043627
3863.000000 0.038381
3864.000000 0.046867
3865.000000 0.048294
3866.000000 0.046969
3867.000000 0.050134
3868.000000 0.051733
3869.000000 0.049277
3870.000000 0.047316
3871.000000 0.050143
3872.000000 0.048681
3873.000000 0.044893
3874.000000 0.040588
3875.000000 0.038906
3876.000000 0.034894
3877.000000 0.031602
3878.000000 0.036030
3879.000000 0.034459
3880.000000 0.037542
3881.000000 0.033432
3882.000000 0.039097
3883.000000 0.041318
3884.000000 0.046232
3885.000000 0.048142
3886.000000 0.048591
3887.000000 0.047484
3888.000000 0.047928
3889.000000 0.039656
3890.000000 0.038470
3891.000000 0.032838
3892.000000 0.030770
3893.000000 0.026576
3894.000000 0.024781
3895.000000 0.024807
3896.000000 0.033952
3897.000000 0.046035
3898.000000 0.049159
3899.000000 0.053838
3900.000000 0.050613
3901.000000 0.051137
3902.000000 0.043483
3903.000000 0.050034
3904.000000 0.052627
3905.000000 0.052964
3906.000000 0.054108
3907.000000 0.052653
3908.000000 0.043531
3909.000000 0.046278
3910.000000 0.041986
3911.000000 0.044106
3912.000000 0.042673
3913.000000 0.044459
3914.000000 0.045858
3915.000000 0.044662
3916.000000 0.036951
3917.000000 0.041551
3918.000000 0.037243
3919.000000 0.039625
3920.000000 0.036184
3921.000000 0.042796
3922.000000 0.051539
3923.000000 0.053463
3924.000000 0.047695
3925.000000 0.048002
3926.000000 0.047646
3927.000000 0.043941
3928.000000 0.041539
3929.000000 0.040417
3930.000000 0.037203
3931.000000 0.038867
3932.000000 0.043031
3933.000000 0.038041
3934.000000 0.038603
3935.000000 0.036849
3936.000000 0.037361
3937.000000 0.036158
3938.000000 0.036965
3939.000000 0.035598
3940.000000 0.035773
3941.000000 0.042828
3942.000000 0.048433
3943.000000 0.046697
3944.000000 0.046133
3945.000000 0.043864
3946.000000 0.040687
3947.000000 0.044377
3948.000000 0.040822
3949.000000 0.039081
3950.000000 0.036134
3951.000000 0.041456
3952.000000 0.039857
3953.000000 0.043661
3954.000000 0.048559
3955.000000 0.049769
3956.000000 0.049694
3957.000000 0.043672
3958.000000 0.042864
3959.000000 0.043797
3960.000000 0.042237
3961.000000 0.042244
3962.000000 0.037225
3963.000000 0.046684
3964.000000 0.045434
3965.000000 0.042861
3966.000000 0.040238
3967.000000 0.033453
3968.000000 0.035109
3969.000000 0.038253
3970.000000 0.036778
3971.000000 0.033559
3972.000000 0.034709
3973.000000 0.039569
3974.000000 0.042646
3975.000000 0.046310
3976.000000 0.048702
3977.000000 0.043355
3978.000000 0.043331
3979.000000 0.049123
3980.000000 0.050996
3981.000000 0.045852
3982.000000 0.053171
3983.000000 0.046549
3984.000000 0.042764
3985.000000 0.044916
3986.000000 0.046929
3987.000000 0.048647
3988.000000 0.048477
3989.000000 0.042116
3990.000000 0.042615
3991.000000 0.047765
3992.000000 0.044421
3993.000000 0.042695
3994.000000 0.050249
3995.000000 0.046136
3996.000000 0.042455
3997.000000 0.046745
3998.000000 0.045447
3999.000000 0.043419
4000.000000 0.039480
4001.000000 0.052441
4002.000000 0.052541
4003.000000 0.051912
4004.000000 0.054954
4005.000000 0.050559
4006.000000 0.049093
4007.000000 0.042328
4008.000000 0.039763
4009.000000 0.035046
4010.000000 0.034130
4011.000000 0.034028
4012.000000 0.042049
4013.000000 0.042007
4014.000000 0.036792
4015.000000 0.033589
4016.000000 0.034228
4017.000000 0.038872
4018.000000 0.041716
4019.000000 0.039393
4020.000000 0.039112
4021.000000 0.039086
4022.000000 0.039911
4023.000000 0.047016
4024.000000 0.046104
4025.000000 0.045322
4026.000000 0.042526
4027.000000 0.041523
4028.000000 0.042487
4029.000000 0.044826
4030.000000 0.039181
4031.000000 0.039473
4032.000000 0.047085
4033.000000 0.046837
4034.000000 0.045659
4035.000000 0.046310
4036.000000 0.043344
4037.000000 0.037876
4038.000000 0.038106
4039.000000 0.038786
4040.000000 0.037363
4041.000000 0.031604
4042.000000 0.036642
4043.000000 0.040225
4044.000000 0.039374
4045.000000 0.036594
4046.000000 0.038332
4047.000000 0.041548
4048.000000 0.047888
4049.000000 0.049784
4050.000000 0.048438
4051.000000 0.050901
4052.000000 0.047553
4053.000000 0.041100
4054.000000 0.037893
4055.000000 0.037303
4056.000000 0.045118
4057.000000 0.041065
4058.000000 0.045131
4059.000000 0.041081
4060.000000 0.042937
4061.000000 0.036749
4062.000000 0.036943
4063.000000 0.036229
4064.000000 0.038535
4065.000000 0.043806
4066.000000 0.044707
4067.000000 0.046351
4068.000000 0.040503
4069.000000 0.039875
4070.000000 0.043980
4071.000000 0.043830
4072.000000 0.046455
4073.000000 0.039339
4074.000000 0.034919
4075.000000 0.031125
4076.000000 0.036521
4077.000000 0.038075
4078.000000 0.038294
4079.000000 0.043444
4080.000000 0.038694
4081.000000 0.042185
4082.000000 0.038914
4083.000000 0.038733
4084.000000 0.044152
4085.000000 0.052080
4086.000000 0.053518
4087.000000 0.053440
4088.000000 0.050363
4089.000000 0.045452
4090.000000 0.055552
4091.000000 0.062173
4092.000000 0.052755
4093.000000 0.046707
4094.000000 0.044079
4095.000000 0.038387
4096.000000 0.038061
4097.000000 0.031866
4098.000000 0.033155
4099.000000 0.040086
4100.000000 0.035694
4101.000000 0.032049
4102.000000 0.039633
4103.000000 0.039898
4104.000000 0.048752
4105.000000 0.042771
4106.000000 0.041321
4107.000000 0.038055
4108.000000 0.044612
4109.000000 0.046796
4110.000000 0.043395
4111.000000 0.041466
4112.000000 0.039163
4113.000000 0.040488
4114.000000 0.038669
4115.000000 0.037482
4116.000000 0.037562
4117.000000 0.037523
4118.000000 0.035124
4119.000000 0.030948
4120.000000 0.040945
4121.000000 0.039578
4122.000000 0.040398
4123.000000 0.046207
4124.000000 0.050716
4125.000000 0.049509
4126.000000 0.052065
4127.000000 0.054194
4128.000000 0.054661
4129.000000 0.052641
4130.000000 0.048251
4131.000000 0.049169
4132.000000 0.046445
4133.000000 0.045022
4134.000000 0.037643
4135.000000 0.037024
4136.000000 0.034023
4137.000000 0.035024
4138.000000 0.030129
4139.000000 0.036351
4140.000000 0.033598
4141.000000 0.042171
4142.000000 0.035006
4143.000000 0.038020
4144.000000 0.037583
4145.000000 0.043224
4146.000000 0.047901
4147.000000 0.044053
4148.000000 0.044801
4149.000000 0.052245
4150.000000 0.051331
4151.000000 0.053173
4152.000000 0.051118
4153.000000 0.057353
4154.000000 0.052795
4155.000000 0.050735
4156.000000 0.041971
4157.000000 0.040150
4158.000000 0.039389
4159.000000 0.039533
4160.000000 0.038221
4161.000000 0.033742
4162.000000 0.037211
4163.000000 0.036192
4164.000000 0.037054
4165.000000 0.042433
4166.000000 0.039573
4167.000000 0.043627
4168.000000 0.036147
4169.000000 0.034091
4170.000000 0.033737
4171.000000 0.035492
4172.000000 0.038844
4173.000000 0.037414
4174.000000 0.034856
4175.000000 0.034043
4176.000000 0.037449
4177.000000 0.037462
4178.000000 0.039661
4179.000000 0.038944
4180.000000 0.043136
4181.000000 0.043310
4182.000000 0.038964
4183.000000 0.039416
4184.000000 0.039052
4185.000000 0.035478
4186.000000 0.036709
4187.000000 0.040164
4188.000000 0.043740
4189.000000 0.038415
4190.000000 0.041182
4191.000000 0.048670
4192.000000 0.044362
4193.000000 0.036867
4194.000000 0.037984
4195.000000 0.033601
4196.000000 0.030511
4197.000000 0.038525
4198.000000 0.037709
4199.000000 0.040820
4200.000000 0.045235
4201.000000 0.042592
4202.000000 0.044014
4203.000000 0.041543
4204.000000 0.040442
4205.000000 0.036195
4206.000000 0.037653
4207.000000 0.039657
4208.000000 0.040676
4209.000000 0.041964
4210.000000 0.036373
4211.000000 0.036221
4212.000000 0.039501
4213.000000 0.040962
4214.000000 0.039398
4215.000000 0.038028
4216.000000 0.041546
4217.000000 0.043002
4218.000000 0.046550
4219.000000 0.041255
4220.000000 0.043205
4221.000000 0.041933
4222.000000 0.042864
4223.000000 0.044445
4224.000000 0.042729
4225.000000 0.043164
4226.000000 0.040974
4227.000000 0.049260
4228.000000 0.046585
4229.000000 0.051174
4230.000000 0.048433
4231.000000 0.052768
4232.000000 0.049700
4233.000000 0.050267
4234.000000 0.054168
4235.000000 0.054201
4236.000000 0.055854
4237.000000 0.050160
4238.000000 0.044598
4239.000000 0.046630
4240.000000 0.042667
4241.000000 0.037983
4242.000000 0.033649
4243.000000 0.034174
4244.000000 0.038598
4245.000000 0.041127
4246.000000 0.046209
4247.000000 0.044984
4248.000000 0.043251
4249.000000 0.041183
4250.000000 0.042349
4251.000000 0.037147
4252.000000 0.036075
4253.000000 0.044427
4254.000000 0.038485
4255.000000 0.037801
4256.000000 0.041142
4257.000000 0.040833
4258.000000 0.044462
4259.000000 0.046361
4260.000000 0.044834
4261.000000 0.042959
4262.000000 0.046936
4263.000000 0.043726
4264.000000 0.041416
4265.000000 0.049612
4266.000000 0.057826
4267.000000 0.053277
4268.000000 0.052788
4269.000000 0.048771
4270.000000 0.041284
4271.000000 0.042365
4272.000000 0.037166
4273.000000 0.035416
4274.000000 0.045177
4275.000000 0.049819
4276.000000 0.045286
4277.000000 0.042477
4278.000000 0.053234
4279.000000 0.046755
4280.000000 0.047560
4281.000000 0.053098
4282.000000 0.046779
4283.000000 0.044883
4284.000000 0.045475
4285.000000 0.043849
4286.000000 0.043463
4287.000000 0.047017
4288.000000 0.047120
4289.000000 0.057978
4290.000000 0.054218
4291.000000 0.052255
4292.000000 0.045452
4293.000000 0.047683
4294.000000 0.051526
4295.000000 0.045278
4296.000000 0.043768
4297.000000 0.043783
4298.000000 0.040149
4299.000000 0.043734
4300.000000 0.043062
4301.000000 0.044348
4302.000000 0.047767
4303.000000 0.040890
4304.000000 0.040282
4305.000000 0.039939
4306.000000 0.041581
4307.000000 0.036177
4308.000000 0.052836
4309.000000 0.047039
4310.000000 0.045240
4311.000000 0.041625
4312.000000 0.038616
4313.000000 0.042967
4314.000000 0.044604
4315.000000 0.048558
4316.000000 0.045224
4317.000000 0.044480
4318.000000 0.042632
4319.000000 0.043571
4320.000000 0.040444
4321.000000 0.041136
4322.000000 0.043794
4323.000000 0.046278
4324.000000 0.043722
4325.000000 0.042565
4326.000000 0.045575
4327.000000 0.042800
4328.000000 0.046882
4329.000000 0.050808
4330.000000 0.047868
4331.000000 0.046387
4332.000000 0.039258
4333.000000 0.042922
4334.000000 0.044841
4335.000000 0.043616
4336.000000 0.040761
4337.000000 0.037098
4338.000000 0.038501
4339.000000 0.035609
4340.000000 0.032610
4341.000000 0.031870
4342.000000 0.039517
4343.000000 0.037412
4344.000000 0.036058
4345.000000 0.032296
4346.000000 0.036420
4347.000000 0.037336
4348.000000 0.042662
4349.000000 0.047259
4350.000000 0.047950
4351.000000 0.048970
4352.000000 0.048262
4353.000000 0.041815
4354.000000 0.046135
4355.000000 0.038207
4356.000000 0.045429
4357.000000 0.041285
4358.000000 0.041394
4359.000000 0.041063
4360.000000 0.044557
4361.000000 0.041053
4362.000000 0.039504
4363.000000 0.041664
4364.000000 0.040972
4365.000000 0.040036
4366.000000 0.048555
4367.000000 0.042887
4368.000000 0.041593
4369.000000 0.036018
4370.000000 0.037697
4371.000000 0.038107
4372.000000 0.047134
4373.000000 0.043269
4374.000000 0.043333
4375.000000 0.042989
4376.000000 0.042214
4377.000000 0.043652
4378.000000 0.047294
4379.000000 0.045739
4380.000000 0.041744
4381.000000 0.048963
4382.000000 0.044565
4383.000000 0.043335
4384.000000 0.041837
4385.000000 0.038268
4386.000000 0.038076
4387.000000 0.034419
4388.000000 0.032281
4389.000000 0.028883
4390.000000 0.030906
4391.000000 0.044718
4392.000000 0.051816
4393.000000 0.044568
4394.000000 0.044576
4395.000000 0.042675
4396.000000 0.050130
4397.000000 0.049057
4398.000000 0.046926
4399.000000 0.045039
4400.000000 0.047194
4401.000000 0.045580
4402.000000 0.047722
4403.000000 0.041489
4404.000000 0.043125
4405.000000 0.037413
4406.000000 0.037409
4407.000000 0.036337
4408.000000 0.037711
4409.000000 0.040653
4410.000000 0.037552
4411.000000 0.036517
4412.000000 0.042526
4413.000000 0.037169
4414.000000 0.030912
4415.000000 0.037944
4416.000000 0.045573
4417.000000 0.054698
4418.000000 0.048516
4419.000000 0.057004
4420.000000 0.054998
4421.000000 0.051319
4422.000000 0.046126
4423.000000 0.050375
4424.000000 0.054191
4425.000000 0.051254
4426.000000 0.055031
4427.000000 0.045509
4428.000000 0.048399
4429.000000 0.044765
4430.000000 0.051215
4431.000000 0.046124
4432.000000 0.045417
4433.000000 0.045050
4434.000000 0.045246
4435.000000 0.040929
4436.000000 0.045483
4437.000000 0.042938
4438.000000 0.043418
4439.000000 0.041874
4440.000000 0.041714
4441.000000 0.044153
4442.000000 0.042254
4443.000000 0.036013
4444.000000 0.030656
4445.000000 0.038237
4446.000000 0.036732
4447.000000 0.045147
4448.000000 0.047314
4449.000000 0.047409
4450.000000 0.042393
4451.000000 0.040815
4452.000000 0.043797
4453.000000 0.042899
4454.000000 0.043883
4455.000000 0.043613
4456.000000 0.041380
4457.000000 0.036871
4458.000000 0.032777
4459.000000 0.035196
4460.000000 0.046856
4461.000000 0.047480
4462.000000 0.046823
4463.000000 0.052769
4464.000000 0.051614
4465.000000 0.044484
4466.000000 0.049380
4467.000000 0.047202
4468.000000 0.041354
4469.000000 0.041570
4470.000000 0.036268
4471.000000 0.038343
4472.000000 0.035397
4473.000000 0.033505
4474.000000 0.047884
4475.000000 0.045219
4476.000000 0.044287
4477.000000 0.046840
4478.000000 0.047082
4479.000000 0.044172
4480.000000 0.042447
4481.000000 0.039244
4482.000000 0.033241
4483.000000 0.040626
4484.000000 0.045081
4485.000000 0.044413
4486.000000 0.041273
4487.000000 0.037690
4488.000000 0.034676
4489.000000 0.042404
4490.000000 0.037148
4491.000000 0.038690
4492.000000 0.036308
4493.000000 0.040139
4494.000000 0.048467
4495.000000 0.045374
4496.000000 0.040331
4497.000000 0.036636
4498.000000 0.033363
4499.000000 0.035068
4500.000000 0.038863
4501.000000 0.038014
4502.000000 0.034032
4503.000000 0.035739
4504.000000 0.042540
4505.000000 0.045244
4506.000000 0.046867
4507.000000 0.047442
4508.000000 0.041575
4509.000000 0.044133
4510.000000 0.046276
4511.000000 0.048333
4512.000000 0.045001
4513.000000 0.045848
4514.000000 0.039832
4515.000000 0.043628
4516.000000 0.042292
4517.000000 0.037320
4518.000000 0.033464
4519.000000 0.037211
4520.000000 0.038208
4521.000000 0.038630
4522.000000 0.036031
4523.000000 0.039767
4524.000000 0.036274
4525.000000 0.031763
4526.000000 0.031664
4527.000000 0.037243
4528.000000 0.035577
4529.000000 0.035885
4530.000000 0.032529
4531.000000 0.034496
4532.000000 0.038766
4533.000000 0.040320
4534.000000 0.036884
4535.000000 0.039477
4536.000000 0.041508
4537.000000 0.039114
4538.000000 0.042815
4539.000000 0.045157
4540.000000 0.040401
4541.000000 0.047475
4542.000000 0.044936
4543.000000 0.043197
4544.000000 0.043967
4545.000000 0.043727
4546.000000 0.038196
4547.000000 0.039469
4548.000000 0.043621
4549.000000 0.040947
4550.000000 0.039393
4551.000000 0.040279
4552.000000 0.040244
4553.000000 0.043489
4554.000000 0.040642
4555.000000 0.041229
4556.000000 0.044279
4557.000000 0.040589
4558.000000 0.036233
4559.000000 0.035430
4560.000000 0.032302
4561.000000 0.031757
4562.000000 0.028740
4563.000000 0.028547
4564.000000 0.023790
4565.000000 0.033377
4566.000000 0.037556
4567.000000 0.042135
4568.000000 0.050789
4569.000000 0.053118
4570.000000 0.053618
4571.000000 0.045302
4572.000000 0.037461
4573.000000 0.043113
4574.000000 0.043714
4575.000000 0.039188
4576.000000 0.037759
4577.000000 0.034605
4578.000000 0.031815
4579.000000 0.035937
4580.000000 0.033559
4581.000000 0.038484
4582.000000 0.036755
4583.000000 0.040245
4584.000000 0.038061
4585.000000 0.041961
4586.000000 0.048890
4587.000000 0.051072
4588.000000 0.045558
4589.000000 0.046740
4590.000000 0.048827
4591.000000 0.044580
4592.000000 0.036924
4593.000000 0.038462
4594.000000 0.040969
4595.000000 0.037500
4596.000000 0.038735
4597.000000 0.036666
4598.000000 0.031603
4599.000000 0.028627
4600.000000 0.028511
4601.000000 0.029438
4602.000000 0.027759
4603.000000 0.042416
4604.000000 0.043540
4605.000000 0.050144
4606.000000 0.043301
4607.000000 0.038965
4608.000000 0.044204
4609.000000 0.039292
4610.000000 0.040969
4611.000000 0.043108
4612.000000 0.043997
4613.000000 0.040020
4614.000000 0.040775
4615.000000 0.043978
4616.000000 0.036930
4617.000000 0.045200
4618.000000 0.047565
4619.000000 0.046938
4620.000000 0.046820
4621.000000 0.042797
4622.000000 0.038791
4623.000000 0.040039
4624.000000 0.040439
4625.000000 0.039822
4626.000000 0.043841
4627.000000 0.047008
4628.000000 0.043302
4629.000000 0.040734
4630.000000 0.042595
4631.000000 0.044912
4632.000000 0.046106
4633.000000 0.046693
4634.000000 0.045304
4635.000000 0.044583
4636.000000 0.042811
4637.000000 0.040776
4638.000000 0.040537
4639.000000 0.044423
4640.000000 0.042598
4641.000000 0.040538
4642.000000 0.046727
4643.000000 0.042921
4644.000000 0.042862
4645.000000 0.044493
4646.000000 0.038498
4647.000000 0.041086
4648.000000 0.036446
4649.000000 0.035823
4650.000000 0.041563
4651.000000 0.049466
4652.000000 0.046429
4653.000000 0.039198
4654.000000 0.039202
4655.000000 0.040817
4656.000000 0.047110
4657.000000 0.045031
4658.000000 0.040532
4659.000000 0.049022
4660.000000 0.048837
4661.000000 0.042616
4662.000000 0.041741
4663.000000 0.036909
4664.000000 0.042691
4665.000000 0.041158
4666.000000 0.041646
4667.000000 0.036441
4668.000000 0.041412
4669.000000 0.041178
4670.000000 0.043426
4671.000000 0.042965
4672.000000 0.042863
4673.000000 0.043213
4674.000000 0.042734
4675.000000 0.047844
4676.000000 0.052115
4677.000000 0.047001
4678.000000 0.041683
4679.000000 0.043222
4680.000000 0.045947
4681.000000 0.045007
4682.000000 0.045197
4683.000000 0.045139
4684.000000 0.047365
4685.000000 0.041818
4686.000000 0.036176
4687.000000 0.044096
4688.000000 0.052508
4689.000000 0.054359
4690.000000 0.049703
4691.000000 0.050035
4692.000000 0.049226
4693.000000 0.045221
4694.000000 0.043978
4695.000000 0.042022
4696.000000 0.040566
4697.000000 0.048802
4698.000000 0.051257
4699.000000 0.046672
4700.000000 0.049412
4701.000000 0.054890
4702.000000 0.053109
4703.000000 0.046624
4704.000000 0.043015
4705.000000 0.037882
4706.000000 0.045332
4707.000000 0.037542
4708.000000 0.033109
4709.000000 0.035678
4710.000000 0.037118
4711.000000 0.040312
4712.000000 0.036888
4713.000000 0.033536
4714.000000 0.037880
4715.000000 0.040594
4716.000000 0.042447
4717.000000 0.043111
4718.000000 0.043453
4719.000000 0.051676
4720.000000 0.047671
4721.000000 0.047622
4722.000000 0.055615
4723.000000 0.048043
4724.000000 0.044420
4725.000000 0.039236
4726.000000 0.037805
4727.000000 0.043032
4728.000000 0.042023
4729.000000 0.048617
4730.000000 0.046614
4731.000000 0.044832
4732.000000 0.047795
4733.000000 0.046483
4734.000000 0.050901
4735.000000 0.052303
4736.000000 0.047333
4737.000000 0.059001
4738.000000 0.059887
4739.000000 0.052711
4740.000000 0.047169
4741.000000 0.042587
4742.000000 0.042608
4743.000000 0.039003
4744.000000 0.039196
4745.000000 0.035568
4746.000000 0.033332
4747.000000 0.034779
4748.000000 0.040293
4749.000000 0.039235
4750.000000 0.040146
4751.000000 0.039431
4752.000000 0.036990
4753.000000 0.038080
4754.000000 0.040197
4755.000000 0.037755
4756.000000 0.044635
4757.000000 0.042804
4758.000000 0.038477
4759.000000 0.045937
4760.000000 0.055020
4761.000000 0.055731
4762.000000 0.049501
4763.000000 0.047962
4764.000000 0.046805
4765.000000 0.045466
4766.000000 0.039464
4767.000000 0.040114
4768.000000 0.045690
4769.000000 0.044880
4770.000000 0.044921
4771.000000 0.047381
4772.000000 0.053712
4773.000000 0.049624
4774.000000 0.044191
4775.000000 0.042925
4776.000000 0.041183
4777.000000 0.040371
4778.000000 0.042084
4779.000000 0.041217
4780.000000 0.056531
4781.000000 0.050566
4782.000000 0.048598
4783.000000 0.048150
4784.000000 0.044307
4785.000000 0.038711
4786.000000 0.035708
4787.000000 0.040504
4788.000000 0.042665
4789.000000 0.040983
4790.000000 0.050276
4791.000000 0.046402
4792.000000 0.049639
4793.000000 0.046630
4794.000000 0.056718
4795.000000 0.054191
4796.000000 0.050984
4797.000000 0.049137
4798.000000 0.049393
4799.000000 0.047630
4800.000000 0.046410
4801.000000 0.042544
4802.000000 0.045864
4803.000000 0.039996
4804.000000 0.037570
4805.000000 0.035670
4806.000000 0.031374
4807.000000 0.034253
4808.000000 0.041855
4809.000000 0.041387
4810.000000 0.048914
4811.000000 0.042845
4812.000000 0.046115
4813.000000 0.047414
4814.000000 0.045065
4815.000000 0.041734
4816.000000 0.047690
4817.000000 0.044323
4818.000000 0.038649
4819.000000 0.039756
4820.000000 0.038293
4821.000000 0.044879
4822.000000 0.048988
4823.000000 0.045695
4824.000000 0.044253
4825.000000 0.045567
4826.000000 0.043150
4827.000000 0.046837
4828.000000 0.048193
4829.000000 0.044196
4830.000000 0.047044
4831.000000 0.042546
4832.000000 0.040536
4833.000000 0.038327
4834.000000 0.042209
4835.000000 0.039513
4836.000000 0.040043
4837.000000 0.038266
4838.000000 0.042804
4839.000000 0.040364
4840.000000 0.036728
4841.000000 0.037376
4842.000000 0.041893
4843.000000 0.041208
4844.000000 0.047439
4845.000000 0.050754
4846.000000 0.059038
4847.000000 0.055771
4848.000000 0.047783
4849.000000 0.045770
4850.000000 0.043535
4851.000000 0.040978
4852.000000 0.040084
4853.000000 0.042289
4854.000000 0.040514
4855.000000 0.034963
4856.000000 0.032861
4857.000000 0.041123
4858.000000 0.046293
4859.000000 0.049074
4860.000000 0.048134
4861.000000 0.044006
4862.000000 0.043451
4863.000000 0.044031
4864.000000 0.041604
4865.000000 0.042531
4866.000000 0.051535
4867.000000 0.049462
4868.000000 0.046027
4869.000000 0.042237
4870.000000 0.040651
4871.000000 0.037431
4872.000000 0.036918
4873.000000 0.031774
4874.000000 0.036766
4875.000000 0.032646
4876.000000 0.034727
4877.000000 0.036517
4878.000000 0.033115
4879.000000 0.034220
4880.000000 0.034138
4881.000000 0.033441
4882.000000 0.040796
4883.000000 0.043522
4884.000000 0.040978
4885.000000 0.044823
4886.000000 0.042231
4887.000000 0.040392
4888.000000 0.047731
4889.000000 0.046109
4890.000000 0.045224
4891.000000 0.041897
4892.000000 0.037244
4893.000000 0.035485
4894.000000 0.037347
4895.000000 0.038307
4896.000000 0.038750
4897.000000 0.046463
4898.000000 0.046147
4899.000000 0.048142
4900.000000 0.047537
4901.000000 0.043874
4902.000000 0.043444
4903.000000 0.040143
4904.000000 0.035290
4905.000000 0.037368
4906.000000 0.038707
4907.000000 0.038787
4908.000000 0.042072
4909.000000 0.039719
4910.000000 0.037760
4911.000000 0.042545
4912.000000 0.046892
4913.000000 0.042111
4914.000000 0.049503
4915.000000 0.049438
4916.000000 0.048240
4917.000000 0.050261
4918.000000 0.045620
4919.000000 0.046081
4920.000000 0.042696
4921.000000 0.043380
4922.000000 0.039537
4923.000000 0.044313
4924.000000 0.041452
4925.000000 0.042128
4926.000000 0.036341
4927.000000 0.038127
4928.000000 0.043330
4929.000000 0.040421
4930.000000 0.034727
4931.000000 0.037798
4932.000000 0.033716
4933.000000 0.041515
4934.000000 0.041215
4935.000000 0.043927
4936.000000 0.044706
4937.000000 0.048688
4938.000000 0.051203
4939.000000 0.045174
4940.000000 0.040135
4941.000000 0.048183
4942.000000 0.048559
4943.000000 0.046756
4944.000000 0.045525
4945.000000 0.038911
4946.000000 0.036272
4947.000000 0.036645
4948.000000 0.033206
4949.000000 0.036017
4950.000000 0.036301
4951.000000 0.041398
4952.000000 0.045493
4953.000000 0.049239
4954.000000 0.048435
4955.000000 0.043539
4956.000000 0.038887
4957.000000 0.039282
4958.000000 0.045771
4959.000000 0.039653
4960.000000 0.043055
4961.000000 0.042092
4962.000000 0.040610
4963.000000 0.043857
4964.000000 0.038252
4965.000000 0.036644
4966.000000 0.031150
4967.000000 0.029123
4968.000000 0.032603
4969.000000 0.037833
4970.000000 0.043526
4971.000000 0.045349
4972.000000 0.049624
4973.000000 0.052333
4974.000000 0.054091
4975.000000 0.054610
4976.000000 0.056539
4977.000000 0.050410
4978.000000 0.046890
4979.000000 0.047846
4980.000000 0.049334
4981.000000 0.046778
4982.000000 0.050702
4983.000000 0.050340
4984.000000 0.045797
4985.000000 0.048016
4986.000000 0.051714
4987.000000 0.049670
4988.000000 0.046009
4989.000000 0.038069
4990.000000 0.034636
4991.000000 0.031293
4992.000000 0.030433
4993.000000 0.032606
4994.000000 0.033801
4995.000000 0.036807
4996.000000 0.042087
4997.000000 0.053283
4998.000000 0.047599
4999.000000 0.048471
5000.000000 0.040082
