501.000000 0.057916
502.000000 0.059438
503.000000 0.062299
504.000000 0.065169
505.000000 0.067781
506.000000 0.066474
507.000000 0.065718
508.000000 0.067003
509.000000 0.059169
510.000000 0.066952
511.000000 0.063215
512.000000 0.066300
513.000000 0.064340
514.000000 0.058299
515.000000 0.063751
516.000000 0.077969
517.000000 0.075747
518.000000 0.065814
519.000000 0.064618
520.000000 0.063497
521.000000 0.076004
522.000000 0.075302
523.000000 0.063599
524.000000 0.054722
525.000000 0.066675
526.000000 0.066262
527.000000 0.060469
528.000000 0.056243
529.000000 0.053438
530.000000 0.050480
531.000000 0.061505
532.000000 0.061293
533.000000 0.058669
534.000000 0.051754
535.000000 0.049122
536.000000 0.048422
537.000000 0.048671
538.000000 0.043807
539.000000 0.039789
540.000000 0.046872
541.000000 0.044261
542.000000 0.050092
543.000000 0.047467
544.000000 0.049577
545.000000 0.045679
546.000000 0.042319
547.000000 0.043605
548.000000 0.043071
549.000000 0.041195
550.000000 0.042576
551.000000 0.043382
552.000000 0.043659
553.000000 0.056480
554.000000 0.055154
555.000000 0.063955
556.000000 0.070372
557.000000 0.081139
558.000000 0.093187
559.000000 0.087210
560.000000 0.079170
561.000000 0.074239
562.000000 0.069436
563.000000 0.057431
564.000000 0.056909
565.000000 0.064595
566.000000 0.061523
567.000000 0.052803
568.000000 0.059495
569.000000 0.057278
570.000000 0.057295
571.000000 0.058014
572.000000 0.060331
573.000000 0.054770
574.000000 0.052612
575.000000 0.056346
576.000000 0.064953
577.000000 0.063031
578.000000 0.056859
579.000000 0.048627
580.000000 0.046083
581.000000 0.052197
582.000000 0.066310
583.000000 0.075892
584.000000 0.075288
585.000000 0.066302
586.000000 0.060043
587.000000 0.064114
588.000000 0.062633
589.000000 0.058134
590.000000 0.051936
591.000000 0.045991
592.000000 0.049934
593.000000 0.050548
594.000000 0.051532
595.000000 0.050520
596.000000 0.044353
597.000000 0.048640
598.000000 0.057192
599.000000 0.069604
600.000000 0.070217
601.000000 0.073397
602.000000 0.077526
603.000000 0.082339
604.000000 0.074956
605.000000 0.079293
606.000000 0.079622
607.000000 0.067711
608.000000 0.059678
609.000000 0.057448
610.000000 0.069099
611.000000 0.061730
612.000000 0.062502
613.000000 0.054636
614.000000 0.053181
615.000000 0.055165
616.000000 0.056861
617.000000 0.068584
618.000000 0.063953
619.000000 0.058612
620.000000 0.061424
621.000000 0.051512
622.000000 0.049567
623.000000 0.046208
624.000000 0.046008
625.000000 0.041186
626.000000 0.044942
627.000000 0.045495
628.000000 0.040268
629.000000 0.041657
630.000000 0.039512
631.000000 0.039197
632.000000 0.045094
633.000000 0.047446
634.000000 0.046355
635.000000 0.039729
636.000000 0.045320
637.000000 0.043539
638.000000 0.047053
639.000000 0.085119
640.000000 0.075273
641.000000 0.065798
642.000000 0.067378
643.000000 0.068670
644.000000 0.064465
645.000000 0.059372
646.000000 0.052987
647.000000 0.043894
648.000000 0.057843
649.000000 0.057926
650.000000 0.047919
651.000000 0.045868
652.000000 0.038033
653.000000 0.038924
654.000000 0.038644
655.000000 0.036956
656.000000 0.033251
657.000000 0.041422
658.000000 0.044620
659.000000 0.048323
660.000000 0.053776
661.000000 0.078866
662.000000 0.079360
663.000000 0.082517
664.000000 0.090693
665.000000 0.095306
666.000000 0.080240
667.000000 0.076579
668.000000 0.071449
669.000000 0.065814
670.000000 0.065737
671.000000 0.078491
672.000000 0.072264
673.000000 0.068127
674.000000 0.058716
675.000000 0.053935
676.000000 0.052488
677.000000 0.044354
678.000000 0.041810
679.000000 0.039796
680.000000 0.038027
681.000000 0.031682
682.000000 0.042269
683.000000 0.039800
684.000000 0.040819
685.000000 0.043716
686.000000 0.043883
687.000000 0.049960
688.000000 0.049484
689.000000 0.051146
690.000000 0.064938
691.000000 0.064670
692.000000 0.063688
693.000000 0.071075
694.000000 0.082091
695.000000 0.088884
696.000000 0.086590
697.000000 0.080967
698.000000 0.076018
699.000000 0.064986
700.000000 0.056940
701.000000 0.056317
702.000000 0.057151
703.000000 0.054140
704.000000 0.046892
705.000000 0.040595
706.000000 0.039020
707.000000 0.047366
708.000000 0.054434
709.000000 0.055826
710.000000 0.048845
711.000000 0.054256
712.000000 0.052174
713.000000 0.047997
714.000000 0.056830
715.000000 0.058327
716.000000 0.065236
717.000000 0.067034
718.000000 0.061416
719.000000 0.062105
720.000000 0.057357
721.000000 0.052835
722.000000 0.054185
723.000000 0.060748
724.000000 0.054151
725.000000 0.050785
726.000000 0.045165
727.000000 0.050803
728.000000 0.056401
729.000000 0.049560
730.000000 0.047934
731.000000 0.039706
732.000000 0.044736
733.000000 0.048790
734.000000 0.049048
735.000000 0.048706
736.000000 0.052430
737.000000 0.050536
738.000000 0.053603
739.000000 0.048616
740.000000 0.050537
741.000000 0.058383
742.000000 0.051370
743.000000 0.051806
744.000000 0.050457
745.000000 0.048366
746.000000 0.057855
747.000000 0.055196
748.000000 0.059584
749.000000 0.058046
750.000000 0.052669
751.000000 0.061871
752.000000 0.062828
753.000000 0.067296
754.000000 0.070448
755.000000 0.069054
756.000000 0.077491
757.000000 0.078247
758.000000 0.076430
759.000000 0.073344
760.000000 0.081082
761.000000 0.082247
762.000000 0.071996
763.000000 0.068640
764.000000 0.068033
765.000000 0.062578
766.000000 0.054843
767.000000 0.057251
768.000000 0.055875
769.000000 0.051445
770.000000 0.059432
771.000000 0.050302
772.000000 0.048214
773.000000 0.051938
774.000000 0.049707
775.000000 0.047070
776.000000 0.057625
777.000000 0.058281
778.000000 0.055195
779.000000 0.049964
780.000000 0.063215
781.000000 0.056965
782.000000 0.056915
783.000000 0.063090
784.000000 0.058002
785.000000 0.053029
786.000000 0.057558
787.000000 0.055571
788.000000 0.060104
789.000000 0.060330
790.000000 0.071195
791.000000 0.075406
792.000000 0.066532
793.000000 0.057352
794.000000 0.059771
795.000000 0.075543
796.000000 0.073158
797.000000 0.065878
798.000000 0.059762
799.000000 0.056627
800.000000 0.054028
801.000000 0.074599
802.000000 0.072605
803.000000 0.061585
804.000000 0.068958
805.000000 0.061782
806.000000 0.063562
807.000000 0.066152
808.000000 0.060530
809.000000 0.052863
810.000000 0.062588
811.000000 0.066489
812.000000 0.061913
813.000000 0.055699
814.000000 0.053060
815.000000 0.055468
816.000000 0.045957
817.000000 0.038225
818.000000 0.054633
819.000000 0.047225
820.000000 0.045234
821.000000 0.053023
822.000000 0.057962
823.000000 0.064653
824.000000 0.070133
825.000000 0.081393
826.000000 0.076909
827.000000 0.072603
828.000000 0.076973
829.000000 0.078031
830.000000 0.075761
831.000000 0.069535
832.000000 0.064446
833.000000 0.058879
834.000000 0.055948
835.000000 0.072581
836.000000 0.064413
837.000000 0.061022
838.000000 0.064894
839.000000 0.071751
840.000000 0.062318
841.000000 0.054922
842.000000 0.053406
843.000000 0.054955
844.000000 0.057157
845.000000 0.064504
846.000000 0.057574
847.000000 0.074688
848.000000 0.072391
849.000000 0.077648
850.000000 0.072993
851.000000 0.067902
852.000000 0.079786
853.000000 0.069065
854.000000 0.065595
855.000000 0.067657
856.000000 0.055849
857.000000 0.048313
858.000000 0.046664
859.000000 0.045197
860.000000 0.045203
861.000000 0.041365
862.000000 0.037936
863.000000 0.033373
864.000000 0.034808
865.000000 0.029018
866.000000 0.034108
867.000000 0.035459
868.000000 0.045103
869.000000 0.051259
870.000000 0.052443
871.000000 0.051147
872.000000 0.069243
873.000000 0.072555
874.000000 0.082220
875.000000 0.077174
876.000000 0.069191
877.000000 0.075075
878.000000 0.063913
879.000000 0.068773
880.000000 0.068051
881.000000 0.058894
882.000000 0.060922
883.000000 0.062371
884.000000 0.067500
885.000000 0.059458
886.000000 0.054076
887.000000 0.044752
888.000000 0.038745
889.000000 0.039259
890.000000 0.043391
891.000000 0.045134
892.000000 0.051557
893.000000 0.051844
894.000000 0.054887
895.000000 0.063560
896.000000 0.057998
897.000000 0.060864
898.000000 0.060870
899.000000 0.053563
900.000000 0.065668
901.000000 0.067458
902.000000 0.058753
903.000000 0.062420
904.000000 0.060264
905.000000 0.049778
906.000000 0.047802
907.000000 0.058565
908.000000 0.063420
909.000000 0.053960
910.000000 0.059101
911.000000 0.060303
912.000000 0.057463
913.000000 0.055425
914.000000 0.060719
915.000000 0.059188
916.000000 0.050122
917.000000 0.045475
918.000000 0.058175
919.000000 0.053069
920.000000 0.055222
921.000000 0.060616
922.000000 0.067343
923.000000 0.060166
924.000000 0.060210
925.000000 0.065247
926.000000 0.086559
927.000000 0.078343
928.000000 0.077656
929.000000 0.075004
930.000000 0.076830
931.000000 0.080365
932.000000 0.076374
933.000000 0.068699
934.000000 0.072866
935.000000 0.068266
936.000000 0.060799
937.000000 0.064258
938.000000 0.064922
939.000000 0.058219
940.000000 0.048096
941.000000 0.046018
942.000000 0.041458
943.000000 0.036168
944.000000 0.043145
945.000000 0.045748
946.000000 0.038063
947.000000 0.046910
948.000000 0.046074
949.000000 0.055174
950.000000 0.062429
951.000000 0.075157
952.000000 0.077940
953.000000 0.078818
954.000000 0.086235
955.000000 0.085056
956.000000 0.074130
957.000000 0.089159
958.000000 0.088184
959.000000 0.081806
960.000000 0.069827
961.000000 0.063341
962.000000 0.062300
963.000000 0.070326
964.000000 0.061642
965.000000 0.062859
966.000000 0.059588
967.000000 0.065665
968.000000 0.069980
969.000000 0.061489
970.000000 0.066877
971.000000 0.061391
972.000000 0.065387
973.000000 0.054078
974.000000 0.050171
975.000000 0.046844
976.000000 0.045883
977.000000 0.058950
978.000000 0.060911
979.000000 0.056840
980.000000 0.048544
981.000000 0.073995
982.000000 0.065314
983.000000 0.071387
984.000000 0.072587
985.000000 0.071706
986.000000 0.067452
987.000000 0.059043
988.000000 0.061010
989.000000 0.057896
990.000000 0.057476
991.000000 0.054094
992.000000 0.058476
993.000000 0.060638
994.000000 0.064314
995.000000 0.061163
996.000000 0.054786
997.000000 0.052494
998.000000 0.058250
999.000000 0.064709
1000.000000 0.058931
1001.000000 0.053740
1002.000000 0.047582
1003.000000 0.043999
1004.000000 0.054948
1005.000000 0.047878
1006.000000 0.041755
1007.000000 0.049891
1008.000000 0.048921
1009.000000 0.053837
1010.000000 0.064739
1011.000000 0.065947
1012.000000 0.075578
1013.000000 0.082465
1014.000000 0.084530
1015.000000 0.073265
1016.000000 0.073398
1017.000000 0.070038
1018.000000 0.069041
1019.000000 0.057816
1020.000000 0.050253
1021.000000 0.041635
1022.000000 0.057275
1023.000000 0.062677
1024.000000 0.056426
1025.000000 0.057175
1026.000000 0.051348
1027.000000 0.048985
1028.000000 0.052357
1029.000000 0.047126
1030.000000 0.040679
1031.000000 0.047469
1032.000000 0.055060
1033.000000 0.060505
1034.000000 0.059741
1035.000000 0.049453
1036.000000 0.051942
1037.000000 0.047464
1038.000000 0.055545
1039.000000 0.052967
1040.000000 0.050680
1041.000000 0.048840
1042.000000 0.047856
1043.000000 0.047553
1044.000000 0.053605
1045.000000 0.057674
1046.000000 0.052380
1047.000000 0.049044
1048.000000 0.043490
1049.000000 0.046084
1050.000000 0.042458
1051.000000 0.046225
1052.000000 0.047916
1053.000000 0.052918
1054.000000 0.066818
1055.000000 0.062757
1056.000000 0.060589
1057.000000 0.052351
1058.000000 0.047755
1059.000000 0.052412
1060.000000 0.059681
1061.000000 0.055091
1062.000000 0.046488
1063.000000 0.053532
1064.000000 0.048400
1065.000000 0.059951
1066.000000 0.062569
1067.000000 0.058527
1068.000000 0.050278
1069.000000 0.043390
1070.000000 0.049547
1071.000000 0.062630
1072.000000 0.065294
1073.000000 0.073548
1074.000000 0.062172
1075.000000 0.054521
1076.000000 0.061215
1077.000000 0.082958
1078.000000 0.071203
1079.000000 0.062285
1080.000000 0.066786
1081.000000 0.057997
1082.000000 0.058452
1083.000000 0.068851
1084.000000 0.067341
1085.000000 0.064880
1086.000000 0.055233
1087.000000 0.045767
1088.000000 0.045571
1089.000000 0.045582
1090.000000 0.044702
1091.000000 0.044034
1092.000000 0.045264
1093.000000 0.051258
1094.000000 0.043746
1095.000000 0.055272
1096.000000 0.059717
1097.000000 0.063739
1098.000000 0.062748
1099.000000 0.052684
1100.000000 0.052442
1101.000000 0.057557
1102.000000 0.074089
1103.000000 0.063181
1104.000000 0.061279
1105.000000 0.070913
1106.000000 0.061867
1107.000000 0.061251
1108.000000 0.061035
1109.000000 0.056981
1110.000000 0.058341
1111.000000 0.061393
1112.000000 0.054587
1113.000000 0.059073
1114.000000 0.051615
1115.000000 0.053875
1116.000000 0.044635
1117.000000 0.045956
1118.000000 0.047356
1119.000000 0.050321
1120.000000 0.058493
1121.000000 0.062121
1122.000000 0.070126
1123.000000 0.068987
1124.000000 0.085869
1125.000000 0.084173
1126.000000 0.080996
1127.000000 0.079851
1128.000000 0.092265
1129.000000 0.087699
1130.000000 0.078268
1131.000000 0.083925
1132.000000 0.084132
1133.000000 0.081595
1134.000000 0.074588
1135.000000 0.068237
1136.000000 0.075004
1137.000000 0.064107
1138.000000 0.061322
1139.000000 0.066889
1140.000000 0.059111
1141.000000 0.051808
1142.000000 0.059735
1143.000000 0.051794
1144.000000 0.047597
1145.000000 0.043712
1146.000000 0.046497
1147.000000 0.058726
1148.000000 0.067652
1149.000000 0.073629
1150.000000 0.077625
1151.000000 0.075148
1152.000000 0.076421
1153.000000 0.073899
1154.000000 0.070666
1155.000000 0.067779
1156.000000 0.061247
1157.000000 0.061095
1158.000000 0.057630
1159.000000 0.057701
1160.000000 0.058344
1161.000000 0.060778
1162.000000 0.060402
1163.000000 0.057067
1164.000000 0.055628
1165.000000 0.057628
1166.000000 0.050154
1167.000000 0.044866
1168.000000 0.050793
1169.000000 0.043693
1170.000000 0.045313
1171.000000 0.054800
1172.000000 0.055144
1173.000000 0.061552
1174.000000 0.050946
1175.000000 0.050609
1176.000000 0.055851
1177.000000 0.062834
1178.000000 0.057364
1179.000000 0.069207
1180.000000 0.073275
1181.000000 0.077745
1182.000000 0.072834
1183.000000 0.069520
1184.000000 0.083641
1185.000000 0.079326
1186.000000 0.074187
1187.000000 0.072441
1188.000000 0.068376
1189.000000 0.077134
1190.000000 0.085895
1191.000000 0.087851
1192.000000 0.078816
1193.000000 0.078451
1194.000000 0.080252
1195.000000 0.075729
1196.000000 0.074477
1197.000000 0.063565
1198.000000 0.058687
1199.000000 0.066773
1200.000000 0.063800
1201.000000 0.067617
1202.000000 0.073176
1203.000000 0.078669
1204.000000 0.071527
1205.000000 0.068180
1206.000000 0.059262
1207.000000 0.059329
1208.000000 0.066062
1209.000000 0.060738
1210.000000 0.058473
1211.000000 0.064257
1212.000000 0.058819
1213.000000 0.063288
1214.000000 0.062823
1215.000000 0.063941
1216.000000 0.057745
1217.000000 0.057705
1218.000000 0.057046
1219.000000 0.066504
1220.000000 0.074637
1221.000000 0.074782
1222.000000 0.061719
1223.000000 0.058122
1224.000000 0.055229
1225.000000 0.049767
1226.000000 0.067089
1227.000000 0.061427
1228.000000 0.061506
1229.000000 0.060530
1230.000000 0.052551
1231.000000 0.043462
1232.000000 0.049345
1233.000000 0.045308
1234.000000 0.040847
1235.000000 0.042023
1236.000000 0.047597
1237.000000 0.048368
1238.000000 0.048008
1239.000000 0.043585
1240.000000 0.052454
1241.000000 0.059077
1242.000000 0.054808
1243.000000 0.052029
1244.000000 0.045420
1245.000000 0.050423
1246.000000 0.041733
1247.000000 0.048936
1248.000000 0.050242
1249.000000 0.041585
1250.000000 0.040466
1251.000000 0.039349
1252.000000 0.057284
1253.000000 0.049548
1254.000000 0.041983
1255.000000 0.046669
1256.000000 0.046301
1257.000000 0.044744
1258.000000 0.048770
1259.000000 0.046365
1260.000000 0.042482
1261.000000 0.049034
1262.000000 0.057917
1263.000000 0.065843
1264.000000 0.082999
1265.000000 0.068587
1266.000000 0.072297
1267.000000 0.068421
1268.000000 0.061745
1269.000000 0.065942
1270.000000 0.080683
1271.000000 0.072755
1272.000000 0.070862
1273.000000 0.063368
1274.000000 0.055548
1275.000000 0.054648
1276.000000 0.053441
1277.000000 0.053572
1278.000000 0.053006
1279.000000 0.046420
1280.000000 0.045140
1281.000000 0.045316
1282.000000 0.064352
1283.000000 0.069631
1284.000000 0.069943
1285.000000 0.072887
1286.000000 0.063612
1287.000000 0.067675
1288.000000 0.071142
1289.000000 0.067638
1290.000000 0.060243
1291.000000 0.069620
1292.000000 0.073603
1293.000000 0.064849
1294.000000 0.069456
1295.000000 0.071559
1296.000000 0.065526
1297.000000 0.064101
1298.000000 0.057533
1299.000000 0.062660
1300.000000 0.062383
1301.000000 0.063518
1302.000000 0.052481
1303.000000 0.052679
1304.000000 0.055640
1305.000000 0.061380
1306.000000 0.053782
1307.000000 0.052972
1308.000000 0.058299
1309.000000 0.050272
1310.000000 0.055509
1311.000000 0.053671
1312.000000 0.057549
1313.000000 0.054545
1314.000000 0.052924
1315.000000 0.059145
1316.000000 0.070592
1317.000000 0.067363
1318.000000 0.063666
1319.000000 0.052687
1320.000000 0.053080
1321.000000 0.059740
1322.000000 0.054793
1323.000000 0.054215
1324.000000 0.049709
1325.000000 0.060969
1326.000000 0.054965
1327.000000 0.058931
1328.000000 0.062499
1329.000000 0.059079
1330.000000 0.069166
1331.000000 0.072699
1332.000000 0.071029
1333.000000 0.067719
1334.000000 0.065568
1335.000000 0.059238
1336.000000 0.058475
1337.000000 0.053307
1338.000000 0.050309
1339.000000 0.045556
1340.000000 0.049526
1341.000000 0.044385
1342.000000 0.048765
1343.000000 0.051764
1344.000000 0.057397
1345.000000 0.057292
1346.000000 0.060371
1347.000000 0.058089
1348.000000 0.058117
1349.000000 0.074731
1350.000000 0.069910
1351.000000 0.081294
1352.000000 0.070569
1353.000000 0.068531
1354.000000 0.076822
1355.000000 0.070628
1356.000000 0.072466
1357.000000 0.074861
1358.000000 0.073797
1359.000000 0.071996
1360.000000 0.065805
1361.000000 0.059792
1362.000000 0.051607
1363.000000 0.046623
1364.000000 0.051442
1365.000000 0.061667
1366.000000 0.054862
1367.000000 0.053148
1368.000000 0.059733
1369.000000 0.051063
1370.000000 0.044822
1371.000000 0.047316
1372.000000 0.058439
1373.000000 0.069870
1374.000000 0.067992
1375.000000 0.069874
1376.000000 0.078977
1377.000000 0.068397
1378.000000 0.065811
1379.000000 0.081217
1380.000000 0.075675
1381.000000 0.073023
1382.000000 0.085311
1383.000000 0.079406
1384.000000 0.075169
1385.000000 0.082775
1386.000000 0.077736
1387.000000 0.084819
1388.000000 0.093645
1389.000000 0.081805
1390.000000 0.073570
1391.000000 0.064846
1392.000000 0.063801
1393.000000 0.074708
1394.000000 0.067480
1395.000000 0.070603
1396.000000 0.070728
1397.000000 0.070062
1398.000000 0.071918
1399.000000 0.072786
1400.000000 0.085241
1401.000000 0.086876
1402.000000 0.081045
1403.000000 0.071808
1404.000000 0.060650
1405.000000 0.053909
1406.000000 0.053556
1407.000000 0.050333
1408.000000 0.047067
1409.000000 0.050610
1410.000000 0.044361
1411.000000 0.046525
1412.000000 0.041915
1413.000000 0.045451
1414.000000 0.039334
1415.000000 0.048312
1416.000000 0.049091
1417.000000 0.062628
1418.000000 0.064374
1419.000000 0.075572
1420.000000 0.068976
1421.000000 0.063077
1422.000000 0.076773
1423.000000 0.075649
1424.000000 0.070585
1425.000000 0.075034
1426.000000 0.071012
1427.000000 0.069607
1428.000000 0.067373
1429.000000 0.065177
1430.000000 0.057823
1431.000000 0.049728
1432.000000 0.057981
1433.000000 0.051782
1434.000000 0.065297
1435.000000 0.058330
1436.000000 0.053344
1437.000000 0.057278
1438.000000 0.066950
1439.000000 0.059918
1440.000000 0.059755
1441.000000 0.068895
1442.000000 0.063532
1443.000000 0.062588
1444.000000 0.074298
1445.000000 0.074713
1446.000000 0.067507
1447.000000 0.065049
1448.000000 0.062991
1449.000000 0.062051
1450.000000 0.054700
1451.000000 0.063930
1452.000000 0.057875
1453.000000 0.048676
1454.000000 0.043582
1455.000000 0.054993
1456.000000 0.047474
1457.000000 0.044359
1458.000000 0.042426
1459.000000 0.049265
1460.000000 0.055138
1461.000000 0.048154
1462.000000 0.047430
1463.000000 0.059484
1464.000000 0.059298
1465.000000 0.058712
1466.000000 0.053739
1467.000000 0.068451
1468.000000 0.066037
1469.000000 0.057379
1470.000000 0.072105
1471.000000 0.069986
1472.000000 0.072908
1473.000000 0.072557
1474.000000 0.076920
1475.000000 0.065427
1476.000000 0.084750
1477.000000 0.075573
1478.000000 0.082399
1479.000000 0.074652
1480.000000 0.077286
1481.000000 0.065470
1482.000000 0.059319
1483.000000 0.062024
1484.000000 0.055443
1485.000000 0.052332
1486.000000 0.048520
1487.000000 0.041781
1488.000000 0.046410
1489.000000 0.049178
1490.000000 0.057649
1491.000000 0.051075
1492.000000 0.057461
1493.000000 0.057421
1494.000000 0.058354
1495.000000 0.061596
1496.000000 0.076716
1497.000000 0.079401
1498.000000 0.082317
1499.000000 0.084295
1500.000000 0.079212
1501.000000 0.068434
1502.000000 0.068391
1503.000000 0.070445
1504.000000 0.063986
1505.000000 0.056773
1506.000000 0.049867
1507.000000 0.043104
1508.000000 0.039091
1509.000000 0.035585
1510.000000 0.036149
1511.000000 0.033883
1512.000000 0.043130
1513.000000 0.048772
1514.000000 0.056247
1515.000000 0.059878
1516.000000 0.053848
1517.000000 0.054974
1518.000000 0.058093
1519.000000 0.052783
1520.000000 0.072455
1521.000000 0.076853
1522.000000 0.072134
1523.000000 0.066157
1524.000000 0.066884
1525.000000 0.076382
1526.000000 0.065376
1527.000000 0.081796
1528.000000 0.081482
1529.000000 0.081917
1530.000000 0.075890
1531.000000 0.070925
1532.000000 0.063672
1533.000000 0.083165
1534.000000 0.077854
1535.000000 0.073171
1536.000000 0.064686
1537.000000 0.067455
1538.000000 0.069095
1539.000000 0.084898
1540.000000 0.076283
1541.000000 0.072968
1542.000000 0.065975
1543.000000 0.084253
1544.000000 0.069450
1545.000000 0.058489
1546.000000 0.051432
1547.000000 0.046686
1548.000000 0.049863
1549.000000 0.050611
1550.000000 0.042230
1551.000000 0.036703
1552.000000 0.038802
1553.000000 0.037594
1554.000000 0.053452
1555.000000 0.060686
1556.000000 0.076502
1557.000000 0.068430
1558.000000 0.058971
1559.000000 0.067190
1560.000000 0.065528
1561.000000 0.065319
1562.000000 0.069814
1563.000000 0.060751
1564.000000 0.063671
1565.000000 0.059923
1566.000000 0.063038
1567.000000 0.065217
1568.000000 0.066227
1569.000000 0.056797
1570.000000 0.046925
1571.000000 0.047615
1572.000000 0.043973
1573.000000 0.036457
1574.000000 0.036499
1575.000000 0.038983
1576.000000 0.040140
1577.000000 0.041858
1578.000000 0.041470
1579.000000 0.041479
1580.000000 0.051716
1581.000000 0.045985
1582.000000 0.044520
1583.000000 0.039580
1584.000000 0.052038
1585.000000 0.061996
1586.000000 0.065890
1587.000000 0.083324
1588.000000 0.074008
1589.000000 0.068366
1590.000000 0.069159
1591.000000 0.079304
1592.000000 0.088589
1593.000000 0.083983
1594.000000 0.073731
1595.000000 0.068732
1596.000000 0.066855
1597.000000 0.063230
1598.000000 0.068269
1599.000000 0.078309
1600.000000 0.071610
1601.000000 0.068553
1602.000000 0.059534
1603.000000 0.052743
1604.000000 0.047776
1605.000000 0.044203
1606.000000 0.053117
1607.000000 0.051341
1608.000000 0.049388
1609.000000 0.047413
1610.000000 0.059354
1611.000000 0.057170
1612.000000 0.071432
1613.000000 0.072383
1614.000000 0.069976
1615.000000 0.062653
1616.000000 0.071949
1617.000000 0.073769
1618.000000 0.087623
1619.000000 0.075247
1620.000000 0.068624
1621.000000 0.065264
1622.000000 0.055720
1623.000000 0.059240
1624.000000 0.052927
1625.000000 0.043847
1626.000000 0.045889
1627.000000 0.045371
1628.000000 0.057258
1629.000000 0.050338
1630.000000 0.044080
1631.000000 0.039590
1632.000000 0.036074
1633.000000 0.043587
1634.000000 0.044738
1635.000000 0.039332
1636.000000 0.044373
1637.000000 0.056156
1638.000000 0.064564
1639.000000 0.059601
1640.000000 0.063183
1641.000000 0.071434
1642.000000 0.071753
1643.000000 0.067597
1644.000000 0.079464
1645.000000 0.072409
1646.000000 0.063206
1647.000000 0.056887
1648.000000 0.055160
1649.000000 0.045636
1650.000000 0.040504
1651.000000 0.047993
1652.000000 0.050405
1653.000000 0.044387
1654.000000 0.049932
1655.000000 0.047980
1656.000000 0.048179
1657.000000 0.044470
1658.000000 0.046371
1659.000000 0.052471
1660.000000 0.060672
1661.000000 0.067165
1662.000000 0.075888
1663.000000 0.073678
1664.000000 0.078498
1665.000000 0.090834
1666.000000 0.086962
1667.000000 0.074279
1668.000000 0.063273
1669.000000 0.070356
1670.000000 0.074655
1671.000000 0.066735
1672.000000 0.059925
1673.000000 0.049557
1674.000000 0.054716
1675.000000 0.045237
1676.000000 0.046902
1677.000000 0.048380
1678.000000 0.040061
1679.000000 0.044145
1680.000000 0.044337
1681.000000 0.038626
1682.000000 0.037790
1683.000000 0.053776
1684.000000 0.057703
1685.000000 0.068141
1686.000000 0.065899
1687.000000 0.075330
1688.000000 0.074044
1689.000000 0.094523
1690.000000 0.086587
1691.000000 0.076320
1692.000000 0.078518
1693.000000 0.084462
1694.000000 0.071471
1695.000000 0.066736
1696.000000 0.069624
1697.000000 0.063180
1698.000000 0.054633
1699.000000 0.053347
1700.000000 0.060438
1701.000000 0.062745
1702.000000 0.058823
1703.000000 0.051590
1704.000000 0.046625
1705.000000 0.038656
1706.000000 0.034521
1707.000000 0.036874
1708.000000 0.052323
1709.000000 0.063669
1710.000000 0.071217
1711.000000 0.073066
1712.000000 0.061577
1713.000000 0.067937
1714.000000 0.067752
1715.000000 0.077631
1716.000000 0.078205
1717.000000 0.071917
1718.000000 0.073287
1719.000000 0.060436
1720.000000 0.058454
1721.000000 0.059284
1722.000000 0.054622
1723.000000 0.047815
1724.000000 0.044712
1725.000000 0.039163
1726.000000 0.045031
1727.000000 0.054834
1728.000000 0.050102
1729.000000 0.046003
1730.000000 0.054955
1731.000000 0.058020
1732.000000 0.062671
1733.000000 0.051849
1734.000000 0.066239
1735.000000 0.065453
1736.000000 0.059191
1737.000000 0.062650
1738.000000 0.065151
1739.000000 0.070582
1740.000000 0.067343
1741.000000 0.063882
1742.000000 0.073170
1743.000000 0.069551
1744.000000 0.069500
1745.000000 0.078594
1746.000000 0.068369
1747.000000 0.060786
1748.000000 0.065462
1749.000000 0.066144
1750.000000 0.063739
1751.000000 0.055576
1752.000000 0.052719
1753.000000 0.064344
1754.000000 0.067371
1755.000000 0.069906
1756.000000 0.065594
1757.000000 0.066820
1758.000000 0.072796
1759.000000 0.072811
1760.000000 0.065503
1761.000000 0.059145
1762.000000 0.055172
1763.000000 0.054351
1764.000000 0.047017
1765.000000 0.038989
1766.000000 0.037154
1767.000000 0.060411
1768.000000 0.054408
1769.000000 0.049031
1770.000000 0.048560
1771.000000 0.055741
1772.000000 0.046181
1773.000000 0.049844
1774.000000 0.051347
1775.000000 0.058794
1776.000000 0.049334
1777.000000 0.044192
1778.000000 0.065130
1779.000000 0.058695
1780.000000 0.061841
1781.000000 0.063539
1782.000000 0.068619
1783.000000 0.063404
1784.000000 0.062267
1785.000000 0.059978
1786.000000 0.049586
1787.000000 0.048494
1788.000000 0.057509
1789.000000 0.059183
1790.000000 0.056735
1791.000000 0.048745
1792.000000 0.047463
1793.000000 0.044006
1794.000000 0.054339
1795.000000 0.056163
1796.000000 0.068036
1797.000000 0.070508
1798.000000 0.065341
1799.000000 0.067083
1800.000000 0.060091
1801.000000 0.062510
1802.000000 0.063677
1803.000000 0.058047
1804.000000 0.060357
1805.000000 0.067486
1806.000000 0.072679
1807.000000 0.061801
1808.000000 0.065975
1809.000000 0.067776
1810.000000 0.061376
1811.000000 0.060116
1812.000000 0.057642
1813.000000 0.049995
1814.000000 0.053872
1815.000000 0.057995
1816.000000 0.052000
1817.000000 0.049194
1818.000000 0.058797
1819.000000 0.056014
1820.000000 0.064923
1821.000000 0.074367
1822.000000 0.065241
1823.000000 0.068925
1824.000000 0.074473
1825.000000 0.071519
1826.000000 0.059305
1827.000000 0.071023
1828.000000 0.080589
1829.000000 0.070628
1830.000000 0.067926
1831.000000 0.060588
1832.000000 0.051724
1833.000000 0.056334
1834.000000 0.052673
1835.000000 0.050494
1836.000000 0.051741
1837.000000 0.054560
1838.000000 0.063692
1839.000000 0.061125
1840.000000 0.064940
1841.000000 0.067771
1842.000000 0.076421
1843.000000 0.081107
1844.000000 0.082176
1845.000000 0.071994
1846.000000 0.066669
1847.000000 0.072632
1848.000000 0.068120
1849.000000 0.071971
1850.000000 0.068701
1851.000000 0.061648
1852.000000 0.060791
1853.000000 0.059681
1854.000000 0.054512
1855.000000 0.056603
1856.000000 0.053638
1857.000000 0.060890
1858.000000 0.057341
1859.000000 0.069529
1860.000000 0.093741
1861.000000 0.090285
1862.000000 0.090276
1863.000000 0.099707
1864.000000 0.097211
1865.000000 0.090482
1866.000000 0.084021
1867.000000 0.069267
1868.000000 0.060048
1869.000000 0.060552
1870.000000 0.066593
1871.000000 0.054998
1872.000000 0.059230
1873.000000 0.060746
1874.000000 0.058482
1875.000000 0.052822
1876.000000 0.049102
1877.000000 0.050597
1878.000000 0.049639
1879.000000 0.046693
1880.000000 0.046063
1881.000000 0.040256
1882.000000 0.055880
1883.000000 0.058436
1884.000000 0.051081
1885.000000 0.048621
1886.000000 0.044675
1887.000000 0.043763
1888.000000 0.049487
1889.000000 0.049727
1890.000000 0.045033
1891.000000 0.041787
1892.000000 0.040294
1893.000000 0.053752
1894.000000 0.057506
1895.000000 0.057225
1896.000000 0.062622
1897.000000 0.063607
1898.000000 0.056261
1899.000000 0.054609
1900.000000 0.059654
1901.000000 0.067834
1902.000000 0.062420
1903.000000 0.077129
1904.000000 0.079616
1905.000000 0.078342
1906.000000 0.064709
1907.000000 0.063736
1908.000000 0.062221
1909.000000 0.064706
1910.000000 0.066460
1911.000000 0.066064
1912.000000 0.066748
1913.000000 0.058757
1914.000000 0.062183
1915.000000 0.056158
1916.000000 0.053783
1917.000000 0.056190
1918.000000 0.057610
1919.000000 0.051312
1920.000000 0.047092
1921.000000 0.051709
1922.000000 0.046888
1923.000000 0.047296
1924.000000 0.044664
1925.000000 0.045847
1926.000000 0.046592
1927.000000 0.048805
1928.000000 0.049684
1929.000000 0.047988
1930.000000 0.053140
1931.000000 0.050278
1932.000000 0.043505
1933.000000 0.057104
1934.000000 0.083086
1935.000000 0.084374
1936.000000 0.075458
1937.000000 0.070390
1938.000000 0.062732
1939.000000 0.053377
1940.000000 0.052214
1941.000000 0.052621
1942.000000 0.051458
1943.000000 0.047692
1944.000000 0.041867
1945.000000 0.045041
1946.000000 0.040435
1947.000000 0.035770
1948.000000 0.033978
1949.000000 0.036212
1950.000000 0.040556
1951.000000 0.039508
1952.000000 0.043841
1953.000000 0.044776
1954.000000 0.051797
1955.000000 0.076570
1956.000000 0.104028
1957.000000 0.089703
1958.000000 0.089653
1959.000000 0.082498
1960.000000 0.081484
1961.000000 0.069799
1962.000000 0.061445
1963.000000 0.061265
1964.000000 0.054693
1965.000000 0.050164
1966.000000 0.047624
1967.000000 0.051608
1968.000000 0.055924
1969.000000 0.056000
1970.000000 0.055155
1971.000000 0.055686
1972.000000 0.062865
1973.000000 0.063324
1974.000000 0.052343
1975.000000 0.058678
1976.000000 0.058921
1977.000000 0.062992
1978.000000 0.065987
1979.000000 0.065398
1980.000000 0.070719
1981.000000 0.082458
1982.000000 0.076713
1983.000000 0.074855
1984.000000 0.063575
1985.000000 0.057718
1986.000000 0.054314
1987.000000 0.055110
1988.000000 0.050642
1989.000000 0.053301
1990.000000 0.046446
1991.000000 0.040260
1992.000000 0.052135
1993.000000 0.050646
1994.000000 0.042042
1995.000000 0.043354
1996.000000 0.041200
1997.000000 0.044069
1998.000000 0.048081
1999.000000 0.052018
2000.000000 0.064687
2001.000000 0.071742
2002.000000 0.077153
2003.000000 0.071716
2004.000000 0.072157
2005.000000 0.082481
2006.000000 0.077453
2007.000000 0.079142
2008.000000 0.076717
2009.000000 0.070165
2010.000000 0.062658
2011.000000 0.058754
2012.000000 0.055089
2013.000000 0.049045
2014.000000 0.049445
2015.000000 0.042883
2016.000000 0.037318
2017.000000 0.040213
2018.000000 0.038212
2019.000000 0.042171
2020.000000 0.052365
2021.000000 0.053738
2022.000000 0.053568
2023.000000 0.055193
2024.000000 0.055291
2025.000000 0.055326
2026.000000 0.066075
2027.000000 0.067531
2028.000000 0.068493
2029.000000 0.065120
2030.000000 0.055701
2031.000000 0.053116
2032.000000 0.048700
2033.000000 0.047123
2034.000000 0.049458
2035.000000 0.044500
2036.000000 0.039240
2037.000000 0.041093
2038.000000 0.047711
2039.000000 0.050306
2040.000000 0.060403
2041.000000 0.068096
2042.000000 0.078652
2043.000000 0.075162
2044.000000 0.070141
2045.000000 0.075176
2046.000000 0.078906
2047.000000 0.068002
2048.000000 0.071699
2049.000000 0.071341
2050.000000 0.064196
2051.000000 0.055855
2052.000000 0.048961
2053.000000 0.045850
2054.000000 0.044976
2055.000000 0.050997
2056.000000 0.052866
2057.000000 0.048942
2058.000000 0.044879
2059.000000 0.050214
2060.000000 0.057501
2061.000000 0.055269
2062.000000 0.047350
2063.000000 0.049638
2064.000000 0.049603
2065.000000 0.057097
2066.000000 0.058704
2067.000000 0.063062
2068.000000 0.059698
2069.000000 0.054587
2070.000000 0.058070
2071.000000 0.048004
2072.000000 0.045730
2073.000000 0.042144
2074.000000 0.052120
2075.000000 0.055492
2076.000000 0.049282
2077.000000 0.046797
2078.000000 0.044381
2079.000000 0.042777
2080.000000 0.061593
2081.000000 0.064263
2082.000000 0.062446
2083.000000 0.065561
2084.000000 0.066782
2085.000000 0.068670
2086.000000 0.060228
2087.000000 0.075044
2088.000000 0.063777
2089.000000 0.055983
2090.000000 0.050570
2091.000000 0.060857
2092.000000 0.056332
2093.000000 0.050085
2094.000000 0.050068
2095.000000 0.049175
2096.000000 0.053366
2097.000000 0.055705
2098.000000 0.054639
2099.000000 0.053696
2100.000000 0.051413
2101.000000 0.049489
2102.000000 0.052215
2103.000000 0.055677
2104.000000 0.064407
2105.000000 0.066676
2106.000000 0.055622
2107.000000 0.058218
2108.000000 0.061322
2109.000000 0.076494
2110.000000 0.063385
2111.000000 0.066910
2112.000000 0.062510
2113.000000 0.062679
2114.000000 0.061602
2115.000000 0.062816
2116.000000 0.062718
2117.000000 0.073433
2118.000000 0.063206
2119.000000 0.052249
2120.000000 0.052798
2121.000000 0.053901
2122.000000 0.054276
2123.000000 0.055810
2124.000000 0.050352
2125.000000 0.047174
2126.000000 0.045294
2127.000000 0.050142
2128.000000 0.053189
2129.000000 0.056457
2130.000000 0.066589
2131.000000 0.073158
2132.000000 0.069258
2133.000000 0.069747
2134.000000 0.059093
2135.000000 0.058862
2136.000000 0.051613
2137.000000 0.049756
2138.000000 0.043361
2139.000000 0.056159
2140.000000 0.061575
2141.000000 0.054888
2142.000000 0.050764
2143.000000 0.048331
2144.000000 0.054013
2145.000000 0.053385
2146.000000 0.046854
2147.000000 0.043546
2148.000000 0.046623
2149.000000 0.061002
2150.000000 0.067723
2151.000000 0.063477
2152.000000 0.069404
2153.000000 0.082210
2154.000000 0.096404
2155.000000 0.083602
2156.000000 0.077199
2157.000000 0.091459
2158.000000 0.092165
2159.000000 0.089430
2160.000000 0.084437
2161.000000 0.082454
2162.000000 0.072333
2163.000000 0.072840
2164.000000 0.066006
2165.000000 0.056869
2166.000000 0.063731
2167.000000 0.064390
2168.000000 0.060242
2169.000000 0.061997
2170.000000 0.058383
2171.000000 0.055617
2172.000000 0.059072
2173.000000 0.063702
2174.000000 0.066637
2175.000000 0.063968
2176.000000 0.062150
2177.000000 0.067572
2178.000000 0.058936
2179.000000 0.069583
2180.000000 0.063515
2181.000000 0.071898
2182.000000 0.070110
2183.000000 0.063032
2184.000000 0.067964
2185.000000 0.061589
2186.000000 0.053685
2187.000000 0.048360
2188.000000 0.048818
2189.000000 0.040409
2190.000000 0.041626
2191.000000 0.047597
2192.000000 0.041994
2193.000000 0.034959
2194.000000 0.044999
2195.000000 0.047095
2196.000000 0.050901
2197.000000 0.063612
2198.000000 0.068452
2199.000000 0.074333
2200.000000 0.085401
2201.000000 0.073232
2202.000000 0.071376
2203.000000 0.062594
2204.000000 0.063682
2205.000000 0.059232
2206.000000 0.053150
2207.000000 0.059931
2208.000000 0.056708
2209.000000 0.052975
2210.000000 0.049269
2211.000000 0.046287
2212.000000 0.049079
2213.000000 0.065207
2214.000000 0.056862
2215.000000 0.058091
2216.000000 0.049572
2217.000000 0.056032
2218.000000 0.051904
2219.000000 0.050854
2220.000000 0.044762
2221.000000 0.038455
2222.000000 0.062584
2223.000000 0.060171
2224.000000 0.057891
2225.000000 0.073069
2226.000000 0.068253
2227.000000 0.077547
2228.000000 0.075707
2229.000000 0.068080
2230.000000 0.068345
2231.000000 0.063079
2232.000000 0.058734
2233.000000 0.062832
2234.000000 0.070035
2235.000000 0.075987
2236.000000 0.077773
2237.000000 0.077243
2238.000000 0.089633
2239.000000 0.078878
2240.000000 0.074531
2241.000000 0.063792
2242.000000 0.070584
2243.000000 0.078298
2244.000000 0.074524
2245.000000 0.069241
2246.000000 0.074008
2247.000000 0.078189
2248.000000 0.072028
2249.000000 0.073279
2250.000000 0.064065
2251.000000 0.055677
2252.000000 0.052815
2253.000000 0.048020
2254.000000 0.041285
2255.000000 0.042261
2256.000000 0.042273
2257.000000 0.041250
2258.000000 0.051628
2259.000000 0.062418
2260.000000 0.055604
2261.000000 0.071726
2262.000000 0.080822
2263.000000 0.080812
2264.000000 0.077516
2265.000000 0.083460
2266.000000 0.071785
2267.000000 0.080716
2268.000000 0.078634
2269.000000 0.070162
2270.000000 0.071016
2271.000000 0.065792
2272.000000 0.054336
2273.000000 0.050294
2274.000000 0.044687
2275.000000 0.043292
2276.000000 0.042961
2277.000000 0.050463
2278.000000 0.048101
2279.000000 0.047726
2280.000000 0.058124
2281.000000 0.048025
2282.000000 0.055010
2283.000000 0.057965
2284.000000 0.050479
2285.000000 0.043249
2286.000000 0.051817
2287.000000 0.048698
2288.000000 0.046822
2289.000000 0.057859
2290.000000 0.070362
2291.000000 0.074815
2292.000000 0.063593
2293.000000 0.061058
2294.000000 0.058166
2295.000000 0.048763
2296.000000 0.044486
2297.000000 0.053652
2298.000000 0.050848
2299.000000 0.057323
2300.000000 0.051517
2301.000000 0.056124
2302.000000 0.068060
2303.000000 0.064064
2304.000000 0.063122
2305.000000 0.055559
2306.000000 0.053961
2307.000000 0.064969
2308.000000 0.073232
2309.000000 0.065905
2310.000000 0.061088
2311.000000 0.064616
2312.000000 0.064293
2313.000000 0.056409
2314.000000 0.059968
2315.000000 0.055736
2316.000000 0.056743
2317.000000 0.068933
2318.000000 0.061923
2319.000000 0.056235
2320.000000 0.061053
2321.000000 0.060064
2322.000000 0.058167
2323.000000 0.049822
2324.000000 0.044393
2325.000000 0.048571
2326.000000 0.050573
2327.000000 0.058656
2328.000000 0.059578
2329.000000 0.050573
2330.000000 0.067394
2331.000000 0.060829
2332.000000 0.058967
2333.000000 0.054804
2334.000000 0.045308
2335.000000 0.049051
2336.000000 0.048415
2337.000000 0.046751
2338.000000 0.050522
2339.000000 0.046870
2340.000000 0.051233
2341.000000 0.052773
2342.000000 0.054088
2343.000000 0.055041
2344.000000 0.053644
2345.000000 0.058078
2346.000000 0.048082
2347.000000 0.044157
2348.000000 0.044985
2349.000000 0.056349
2350.000000 0.051591
2351.000000 0.055579
2352.000000 0.061528
2353.000000 0.069813
2354.000000 0.073564
2355.000000 0.073860
2356.000000 0.076402
2357.000000 0.079825
2358.000000 0.085156
2359.000000 0.076903
2360.000000 0.070133
2361.000000 0.069871
2362.000000 0.072778
2363.000000 0.070942
2364.000000 0.066299
2365.000000 0.063609
2366.000000 0.061992
2367.000000 0.069348
2368.000000 0.061776
2369.000000 0.057896
2370.000000 0.056321
2371.000000 0.048067
2372.000000 0.045413
2373.000000 0.046488
2374.000000 0.043038
2375.000000 0.053307
2376.000000 0.063131
2377.000000 0.069592
2378.000000 0.085016
2379.000000 0.079848
2380.000000 0.080104
2381.000000 0.074864
2382.000000 0.074122
2383.000000 0.080385
2384.000000 0.071814
2385.000000 0.066821
2386.000000 0.060985
2387.000000 0.057409
2388.000000 0.047493
2389.000000 0.048096
2390.000000 0.057719
2391.000000 0.047690
2392.000000 0.054727
2393.000000 0.047242
2394.000000 0.048233
2395.000000 0.042541
2396.000000 0.047865
2397.000000 0.050443
2398.000000 0.056184
2399.000000 0.059777
2400.000000 0.055058
2401.000000 0.062738
2402.000000 0.084449
2403.000000 0.071309
2404.000000 0.069662
2405.000000 0.060117
2406.000000 0.049705
2407.000000 0.065178
2408.000000 0.061453
2409.000000 0.058911
2410.000000 0.048721
2411.000000 0.047874
2412.000000 0.046090
2413.000000 0.060338
2414.000000 0.066937
2415.000000 0.084120
2416.000000 0.076178
2417.000000 0.065332
2418.000000 0.062147
2419.000000 0.055170
2420.000000 0.055271
2421.000000 0.047626
2422.000000 0.057938
2423.000000 0.058562
2424.000000 0.055395
2425.000000 0.048455
2426.000000 0.050746
2427.000000 0.044808
2428.000000 0.042105
2429.000000 0.041442
2430.000000 0.039810
2431.000000 0.036236
2432.000000 0.038929
2433.000000 0.046155
2434.000000 0.064911
2435.000000 0.065836
2436.000000 0.063896
2437.000000 0.061269
2438.000000 0.061219
2439.000000 0.064730
2440.000000 0.061203
2441.000000 0.050627
2442.000000 0.045435
2443.000000 0.050621
2444.000000 0.052125
2445.000000 0.054733
2446.000000 0.051105
2447.000000 0.052693
2448.000000 0.045656
2449.000000 0.044940
2450.000000 0.046009
2451.000000 0.054555
2452.000000 0.055022
2453.000000 0.048680
2454.000000 0.050296
2455.000000 0.071880
2456.000000 0.075295
2457.000000 0.075510
2458.000000 0.068682
2459.000000 0.059252
2460.000000 0.059147
2461.000000 0.056491
2462.000000 0.074083
2463.000000 0.076724
2464.000000 0.074510
2465.000000 0.076194
2466.000000 0.066584
2467.000000 0.060572
2468.000000 0.059072
2469.000000 0.053008
2470.000000 0.046079
2471.000000 0.038168
2472.000000 0.040672
2473.000000 0.047646
2474.000000 0.048766
2475.000000 0.040477
2476.000000 0.043728
2477.000000 0.052275
2478.000000 0.057736
2479.000000 0.070724
2480.000000 0.068901
2481.000000 0.083508
2482.000000 0.074104
2483.000000 0.064476
2484.000000 0.053341
2485.000000 0.055926
2486.000000 0.054474
2487.000000 0.052703
2488.000000 0.051511
2489.000000 0.046400
2490.000000 0.050923
2491.000000 0.042997
2492.000000 0.045428
2493.000000 0.038430
2494.000000 0.039229
2495.000000 0.052607
2496.000000 0.056503
2497.000000 0.055701
2498.000000 0.059089
2499.000000 0.056499
2500.000000 0.061136
2501.000000 0.059774
2502.000000 0.060468
2503.000000 0.079221
2504.000000 0.087391
2505.000000 0.073210
2506.000000 0.074462
2507.000000 0.072530
2508.000000 0.065135
2509.000000 0.068338
2510.000000 0.062742
2511.000000 0.061654
2512.000000 0.056596
2513.000000 0.052034
2514.000000 0.049397
2515.000000 0.047239
2516.000000 0.041698
2517.000000 0.055671
2518.000000 0.047753
2519.000000 0.043567
2520.000000 0.042062
2521.000000 0.038573
2522.000000 0.046073
2523.000000 0.047716
2524.000000 0.042239
2525.000000 0.066805
2526.000000 0.073496
2527.000000 0.069070
2528.000000 0.072189
2529.000000 0.064899
2530.000000 0.062177
2531.000000 0.061706
2532.000000 0.058630
2533.000000 0.053959
2534.000000 0.060983
2535.000000 0.068349
2536.000000 0.065602
2537.000000 0.059605
2538.000000 0.060211
2539.000000 0.056497
2540.000000 0.064048
2541.000000 0.066253
2542.000000 0.057266
2543.000000 0.058718
2544.000000 0.052808
2545.000000 0.058616
2546.000000 0.056569
2547.000000 0.050890
2548.000000 0.052796
2549.000000 0.063537
2550.000000 0.075708
2551.000000 0.075398
2552.000000 0.065750
2553.000000 0.077305
2554.000000 0.078824
2555.000000 0.074495
2556.000000 0.066606
2557.000000 0.061592
2558.000000 0.053295
2559.000000 0.053904
2560.000000 0.068443
2561.000000 0.056627
2562.000000 0.055816
2563.000000 0.047571
2564.000000 0.056825
2565.000000 0.066119
2566.000000 0.058120
2567.000000 0.051779
2568.000000 0.054409
2569.000000 0.055267
2570.000000 0.054609
2571.000000 0.063630
2572.000000 0.064341
2573.000000 0.068159
2574.000000 0.059789
2575.000000 0.066162
2576.000000 0.066530
2577.000000 0.073274
2578.000000 0.078839
2579.000000 0.069947
2580.000000 0.079892
2581.000000 0.072360
2582.000000 0.059762
2583.000000 0.049526
2584.000000 0.066261
2585.000000 0.065843
2586.000000 0.063413
2587.000000 0.055537
2588.000000 0.048314
2589.000000 0.051747
2590.000000 0.051647
2591.000000 0.056099
2592.000000 0.057524
2593.000000 0.055976
2594.000000 0.051575
2595.000000 0.056396
2596.000000 0.053026
2597.000000 0.048566
2598.000000 0.045225
2599.000000 0.043120
2600.000000 0.052772
2601.000000 0.049182
2602.000000 0.051223
2603.000000 0.053587
2604.000000 0.066032
2605.000000 0.075733
2606.000000 0.074975
2607.000000 0.062015
2608.000000 0.061050
2609.000000 0.063557
2610.000000 0.058981
2611.000000 0.051010
2612.000000 0.042450
2613.000000 0.045522
2614.000000 0.048280
2615.000000 0.049566
2616.000000 0.051383
2617.000000 0.046953
2618.000000 0.056609
2619.000000 0.070709
2620.000000 0.066047
2621.000000 0.070029
2622.000000 0.066616
2623.000000 0.057720
2624.000000 0.052594
2625.000000 0.052010
2626.000000 0.056140
2627.000000 0.053606
2628.000000 0.059186
2629.000000 0.055871
2630.000000 0.052086
2631.000000 0.048539
2632.000000 0.056567
2633.000000 0.046881
2634.000000 0.046747
2635.000000 0.049704
2636.000000 0.057301
2637.000000 0.049340
2638.000000 0.040965
2639.000000 0.037067
2640.000000 0.053261
2641.000000 0.066890
2642.000000 0.059861
2643.000000 0.057105
2644.000000 0.075344
2645.000000 0.066182
2646.000000 0.061740
2647.000000 0.054240
2648.000000 0.051129
2649.000000 0.049536
2650.000000 0.057921
2651.000000 0.053715
2652.000000 0.052767
2653.000000 0.050864
2654.000000 0.052696
2655.000000 0.060842
2656.000000 0.060718
2657.000000 0.051951
2658.000000 0.052894
2659.000000 0.059938
2660.000000 0.057512
2661.000000 0.066179
2662.000000 0.066413
2663.000000 0.066582
2664.000000 0.075780
2665.000000 0.068820
2666.000000 0.067602
2667.000000 0.068846
2668.000000 0.069237
2669.000000 0.058690
2670.000000 0.056852
2671.000000 0.056571
2672.000000 0.050878
2673.000000 0.054757
2674.000000 0.062922
2675.000000 0.063943
2676.000000 0.063559
2677.000000 0.062426
2678.000000 0.058272
2679.000000 0.061716
2680.000000 0.064070
2681.000000 0.073871
2682.000000 0.088197
2683.000000 0.085463
2684.000000 0.074897
2685.000000 0.071743
2686.000000 0.067734
2687.000000 0.056028
2688.000000 0.057124
2689.000000 0.050874
2690.000000 0.047420
2691.000000 0.045591
2692.000000 0.045404
2693.000000 0.046404
2694.000000 0.042397
2695.000000 0.041318
2696.000000 0.035444
2697.000000 0.033440
2698.000000 0.034619
2699.000000 0.033201
2700.000000 0.039127
2701.000000 0.051323
2702.000000 0.053100
2703.000000 0.064376
2704.000000 0.064055
2705.000000 0.061133
2706.000000 0.063396
2707.000000 0.083203
2708.000000 0.083462
2709.000000 0.077579
2710.000000 0.066091
2711.000000 0.060010
2712.000000 0.058778
2713.000000 0.056760
2714.000000 0.049891
2715.000000 0.062183
2716.000000 0.054530
2717.000000 0.052221
2718.000000 0.049522
2719.000000 0.046846
2720.000000 0.053416
2721.000000 0.064819
2722.000000 0.067609
2723.000000 0.066619
2724.000000 0.071847
2725.000000 0.067944
2726.000000 0.072215
2727.000000 0.063589
2728.000000 0.065899
2729.000000 0.065016
2730.000000 0.067235
2731.000000 0.055648
2732.000000 0.059201
2733.000000 0.051424
2734.000000 0.065514
2735.000000 0.056586
2736.000000 0.052848
2737.000000 0.056693
2738.000000 0.053784
2739.000000 0.052201
2740.000000 0.055382
2741.000000 0.049751
2742.000000 0.055610
2743.000000 0.065956
2744.000000 0.065504
2745.000000 0.077584
2746.000000 0.076911
2747.000000 0.081088
2748.000000 0.079084
2749.000000 0.080051
2750.000000 0.078878
2751.000000 0.075586
2752.000000 0.064875
2753.000000 0.057780
2754.000000 0.050578
2755.000000 0.051016
2756.000000 0.059655
2757.000000 0.056699
2758.000000 0.050279
2759.000000 0.044149
2760.000000 0.053317
2761.000000 0.049125
2762.000000 0.052397
2763.000000 0.048564
2764.000000 0.048665
2765.000000 0.060577
2766.000000 0.068816
2767.000000 0.068681
2768.000000 0.072399
2769.000000 0.061411
2770.000000 0.067620
2771.000000 0.066423
2772.000000 0.056305
2773.000000 0.053041
2774.000000 0.053988
2775.000000 0.049383
2776.000000 0.063562
2777.000000 0.068295
2778.000000 0.063675
2779.000000 0.076666
2780.000000 0.067693
2781.000000 0.070782
2782.000000 0.078652
2783.000000 0.077064
2784.000000 0.079976
2785.000000 0.079096
2786.000000 0.075070
2787.000000 0.070187
2788.000000 0.059078
2789.000000 0.057906
2790.000000 0.056690
2791.000000 0.060847
2792.000000 0.050645
2793.000000 0.053610
2794.000000 0.057213
2795.000000 0.050422
2796.000000 0.051057
2797.000000 0.051425
2798.000000 0.051050
2799.000000 0.051019
2800.000000 0.049421
2801.000000 0.049634
2802.000000 0.043320
2803.000000 0.045469
2804.000000 0.051629
2805.000000 0.060182
2806.000000 0.060271
2807.000000 0.065053
2808.000000 0.060124
2809.000000 0.068683
2810.000000 0.068453
2811.000000 0.067737
2812.000000 0.059966
2813.000000 0.052657
2814.000000 0.056110
2815.000000 0.053242
2816.000000 0.055539
2817.000000 0.050011
2818.000000 0.051105
2819.000000 0.057912
2820.000000 0.051204
2821.000000 0.047346
2822.000000 0.052216
2823.000000 0.047275
2824.000000 0.054545
2825.000000 0.050419
2826.000000 0.053037
2827.000000 0.064913
2828.000000 0.065441
2829.000000 0.064224
2830.000000 0.056104
2831.000000 0.063625
2832.000000 0.055787
2833.000000 0.054704
2834.000000 0.057028
2835.000000 0.059570
2836.000000 0.050774
2837.000000 0.063068
2838.000000 0.069675
2839.000000 0.074150
2840.000000 0.072892
2841.000000 0.074981
2842.000000 0.078099
2843.000000 0.069430
2844.000000 0.065179
2845.000000 0.069018
2846.000000 0.059347
2847.000000 0.061618
2848.000000 0.054052
2849.000000 0.054854
2850.000000 0.053607
2851.000000 0.054900
2852.000000 0.054717
2853.000000 0.051567
2854.000000 0.050460
2855.000000 0.055232
2856.000000 0.057288
2857.000000 0.050293
2858.000000 0.046736
2859.000000 0.038830
2860.000000 0.037446
2861.000000 0.041546
2862.000000 0.037389
2863.000000 0.056876
2864.000000 0.053965
2865.000000 0.054610
2866.000000 0.050164
2867.000000 0.047868
2868.000000 0.046378
2869.000000 0.058421
2870.000000 0.054494
2871.000000 0.050264
2872.000000 0.045941
2873.000000 0.066738
2874.000000 0.063295
2875.000000 0.052356
2876.000000 0.064785
2877.000000 0.055484
2878.000000 0.045906
2879.000000 0.051161
2880.000000 0.058227
2881.000000 0.058621
2882.000000 0.077582
2883.000000 0.071534
2884.000000 0.063410
2885.000000 0.062907
2886.000000 0.066631
2887.000000 0.063560
2888.000000 0.065014
2889.000000 0.057312
2890.000000 0.063866
2891.000000 0.060187
2892.000000 0.053470
2893.000000 0.044844
2894.000000 0.039261
2895.000000 0.044474
2896.000000 0.037109
2897.000000 0.042724
2898.000000 0.042381
2899.000000 0.045506
2900.000000 0.050172
2901.000000 0.052448
2902.000000 0.062933
2903.000000 0.067678
2904.000000 0.067513
2905.000000 0.066470
2906.000000 0.066696
2907.000000 0.065768
2908.000000 0.071465
2909.000000 0.075895
2910.000000 0.077113
2911.000000 0.081388
2912.000000 0.083359
2913.000000 0.078602
2914.000000 0.075824
2915.000000 0.091326
2916.000000 0.077836
2917.000000 0.066449
2918.000000 0.066133
2919.000000 0.065781
2920.000000 0.058731
2921.000000 0.074728
2922.000000 0.081426
2923.000000 0.067194
2924.000000 0.059316
2925.000000 0.054595
2926.000000 0.060453
2927.000000 0.058308
2928.000000 0.077743
2929.000000 0.066782
2930.000000 0.065242
2931.000000 0.055709
2932.000000 0.049834
2933.000000 0.055723
2934.000000 0.073476
2935.000000 0.075117
2936.000000 0.075999
2937.000000 0.085738
2938.000000 0.085347
2939.000000 0.074100
2940.000000 0.079883
2941.000000 0.082101
2942.000000 0.069643
2943.000000 0.067787
2944.000000 0.064267
2945.000000 0.069243
2946.000000 0.065458
2947.000000 0.056659
2948.000000 0.060788
2949.000000 0.063175
2950.000000 0.065810
2951.000000 0.071112
2952.000000 0.066417
2953.000000 0.062228
2954.000000 0.070560
2955.000000 0.072433
2956.000000 0.064096
2957.000000 0.063188
2958.000000 0.056266
2959.000000 0.065249
2960.000000 0.073289
2961.000000 0.068250
2962.000000 0.065766
2963.000000 0.065769
2964.000000 0.066702
2965.000000 0.075916
2966.000000 0.068891
2967.000000 0.059514
2968.000000 0.062077
2969.000000 0.061414
2970.000000 0.062404
2971.000000 0.058477
2972.000000 0.056571
2973.000000 0.055102
2974.000000 0.055361
2975.000000 0.045844
2976.000000 0.051516
2977.000000 0.063542
2978.000000 0.064019
2979.000000 0.067892
2980.000000 0.066875
2981.000000 0.079225
2982.000000 0.072467
2983.000000 0.068471
2984.000000 0.067385
2985.000000 0.071105
2986.000000 0.060689
2987.000000 0.064649
2988.000000 0.068266
2989.000000 0.063535
2990.000000 0.061302
2991.000000 0.063035
2992.000000 0.058851
2993.000000 0.063992
2994.000000 0.057327
2995.000000 0.053803
2996.000000 0.050694
2997.000000 0.048120
2998.000000 0.052879
2999.000000 0.081758
3000.000000 0.083939
3001.000000 0.088430
3002.000000 0.087877
3003.000000 0.083945
3004.000000 0.075323
3005.000000 0.062180
3006.000000 0.058221
3007.000000 0.057302
3008.000000 0.061275
3009.000000 0.060913
3010.000000 0.059557
3011.000000 0.060221
3012.000000 0.054005
3013.000000 0.053148
3014.000000 0.050896
3015.000000 0.046661
3016.000000 0.049612
3017.000000 0.057457
3018.000000 0.057724
3019.000000 0.053607
3020.000000 0.056045
3021.000000 0.065866
3022.000000 0.075619
3023.000000 0.069695
3024.000000 0.067058
3025.000000 0.061683
3026.000000 0.061274
3027.000000 0.059450
3028.000000 0.050881
3029.000000 0.051678
3030.000000 0.057475
3031.000000 0.057476
3032.000000 0.051483
3033.000000 0.070129
3034.000000 0.066077
3035.000000 0.055451
3036.000000 0.048465
3037.000000 0.046298
3038.000000 0.058094
3039.000000 0.058207
3040.000000 0.055329
3041.000000 0.061617
3042.000000 0.064694
3043.000000 0.057714
3044.000000 0.055551
3045.000000 0.056909
3046.000000 0.057383
3047.000000 0.048992
3048.000000 0.048273
3049.000000 0.045940
3050.000000 0.055259
3051.000000 0.053639
3052.000000 0.049445
3053.000000 0.054423
3054.000000 0.056476
3055.000000 0.063294
3056.000000 0.066552
3057.000000 0.067194
3058.000000 0.064268
3059.000000 0.053272
3060.000000 0.051168
3061.000000 0.067944
3062.000000 0.061083
3063.000000 0.070452
3064.000000 0.066932
3065.000000 0.059159
3066.000000 0.051448
3067.000000 0.060302
3068.000000 0.054763
3069.000000 0.063562
3070.000000 0.057507
3071.000000 0.061608
3072.000000 0.054068
3073.000000 0.048713
3074.000000 0.042843
3075.000000 0.052547
3076.000000 0.052968
3077.000000 0.058276
3078.000000 0.062765
3079.000000 0.064685
3080.000000 0.063018
3081.000000 0.063501
3082.000000 0.065329
3083.000000 0.068965
3084.000000 0.059882
3085.000000 0.055585
3086.000000 0.062852
3087.000000 0.053257
3088.000000 0.053038
3089.000000 0.052546
3090.000000 0.046820
3091.000000 0.065027
3092.000000 0.063093
3093.000000 0.056917
3094.000000 0.069121
3095.000000 0.073784
3096.000000 0.071590
3097.000000 0.069362
3098.000000 0.062000
3099.000000 0.056540
3100.000000 0.063016
3101.000000 0.056062
3102.000000 0.052195
3103.000000 0.045753
3104.000000 0.047544
3105.000000 0.050821
3106.000000 0.044000
3107.000000 0.043756
3108.000000 0.045733
3109.000000 0.059902
3110.000000 0.054542
3111.000000 0.054888
3112.000000 0.057048
3113.000000 0.077429
3114.000000 0.084218
3115.000000 0.076060
3116.000000 0.089650
3117.000000 0.100710
3118.000000 0.092804
3119.000000 0.088402
3120.000000 0.076450
3121.000000 0.068565
3122.000000 0.067495
3123.000000 0.063059
3124.000000 0.052084
3125.000000 0.046442
3126.000000 0.047530
3127.000000 0.042376
3128.000000 0.043200
3129.000000 0.047405
3130.000000 0.050158
3131.000000 0.048307
3132.000000 0.047877
3133.000000 0.047480
3134.000000 0.054623
3135.000000 0.053943
3136.000000 0.056144
3137.000000 0.050834
3138.000000 0.061141
3139.000000 0.061687
3140.000000 0.057883
3141.000000 0.066707
3142.000000 0.074735
3143.000000 0.071062
3144.000000 0.071253
3145.000000 0.071898
3146.000000 0.067093
3147.000000 0.069079
3148.000000 0.073337
3149.000000 0.066543
3150.000000 0.067927
3151.000000 0.072549
3152.000000 0.068503
3153.000000 0.067448
3154.000000 0.057713
3155.000000 0.050312
3156.000000 0.052353
3157.000000 0.045854
3158.000000 0.048969
3159.000000 0.049511
3160.000000 0.047910
3161.000000 0.047402
3162.000000 0.044626
3163.000000 0.048777
3164.000000 0.044594
3165.000000 0.040389
3166.000000 0.040821
3167.000000 0.039480
3168.000000 0.046711
3169.000000 0.048713
3170.000000 0.060578
3171.000000 0.078500
3172.000000 0.086405
3173.000000 0.080332
3174.000000 0.081341
3175.000000 0.077803
3176.000000 0.069755
3177.000000 0.065876
3178.000000 0.062836
3179.000000 0.060036
3180.000000 0.049869
3181.000000 0.063794
3182.000000 0.070544
3183.000000 0.065486
3184.000000 0.056207
3185.000000 0.052917
3186.000000 0.051112
3187.000000 0.056217
3188.000000 0.050043
3189.000000 0.045421
3190.000000 0.049237
3191.000000 0.049777
3192.000000 0.053414
3193.000000 0.053169
3194.000000 0.056940
3195.000000 0.059880
3196.000000 0.089121
3197.000000 0.090403
3198.000000 0.080457
3199.000000 0.073296
3200.000000 0.079796
3201.000000 0.085222
3202.000000 0.086617
3203.000000 0.083224
3204.000000 0.083412
3205.000000 0.076121
3206.000000 0.067081
3207.000000 0.055545
3208.000000 0.057621
3209.000000 0.051356
3210.000000 0.050461
3211.000000 0.044922
3212.000000 0.046543
3213.000000 0.047397
3214.000000 0.052255
3215.000000 0.046462
3216.000000 0.056119
3217.000000 0.058837
3218.000000 0.052096
3219.000000 0.058336
3220.000000 0.071763
3221.000000 0.060837
3222.000000 0.067073
3223.000000 0.066540
3224.000000 0.061780
3225.000000 0.062318
3226.000000 0.051525
3227.000000 0.045106
3228.000000 0.047586
3229.000000 0.046989
3230.000000 0.049798
3231.000000 0.044121
3232.000000 0.046250
3233.000000 0.040168
3234.000000 0.044582
3235.000000 0.042344
3236.000000 0.051788
3237.000000 0.054553
3238.000000 0.064568
3239.000000 0.069080
3240.000000 0.066837
3241.000000 0.067447
3242.000000 0.072991
3243.000000 0.076402
3244.000000 0.071630
3245.000000 0.066203
3246.000000 0.058282
3247.000000 0.068458
3248.000000 0.065700
3249.000000 0.063825
3250.000000 0.061411
3251.000000 0.062395
3252.000000 0.061881
3253.000000 0.056423
3254.000000 0.048273
3255.000000 0.044571
3256.000000 0.036987
3257.000000 0.036597
3258.000000 0.044820
3259.000000 0.052844
3260.000000 0.057386
3261.000000 0.050786
3262.000000 0.049670
3263.000000 0.058174
3264.000000 0.067348
3265.000000 0.075387
3266.000000 0.078010
3267.000000 0.078883
3268.000000 0.082542
3269.000000 0.072134
3270.000000 0.072270
3271.000000 0.073870
3272.000000 0.061816
3273.000000 0.053861
3274.000000 0.048949
3275.000000 0.048473
3276.000000 0.047812
3277.000000 0.042821
3278.000000 0.041809
3279.000000 0.045076
3280.000000 0.039552
3281.000000 0.037226
3282.000000 0.042593
3283.000000 0.048696
3284.000000 0.044262
3285.000000 0.051195
3286.000000 0.064601
3287.000000 0.072351
3288.000000 0.078277
3289.000000 0.079722
3290.000000 0.067033
3291.000000 0.056933
3292.000000 0.051797
3293.000000 0.048539
3294.000000 0.058104
3295.000000 0.050956
3296.000000 0.044486
3297.000000 0.039914
3298.000000 0.044824
3299.000000 0.043548
3300.000000 0.045701
3301.000000 0.050864
3302.000000 0.043580
3303.000000 0.038015
3304.000000 0.033016
3305.000000 0.033796
3306.000000 0.039610
3307.000000 0.043490
3308.000000 0.054937
3309.000000 0.062498
3310.000000 0.063266
3311.000000 0.081900
3312.000000 0.086555
3313.000000 0.093666
3314.000000 0.079341
3315.000000 0.075695
3316.000000 0.067428
3317.000000 0.071475
3318.000000 0.074898
3319.000000 0.067652
3320.000000 0.067986
3321.000000 0.071114
3322.000000 0.069785
3323.000000 0.063457
3324.000000 0.054586
3325.000000 0.046530
3326.000000 0.047703
3327.000000 0.046875
3328.000000 0.040317
3329.000000 0.043805
3330.000000 0.046741
3331.000000 0.044649
3332.000000 0.055732
3333.000000 0.062533
3334.000000 0.055988
3335.000000 0.057860
3336.000000 0.056033
3337.000000 0.059399
3338.000000 0.066260
3339.000000 0.070232
3340.000000 0.084931
3341.000000 0.085110
3342.000000 0.072499
3343.000000 0.078070
3344.000000 0.065783
3345.000000 0.064772
3346.000000 0.075451
3347.000000 0.067567
3348.000000 0.062122
3349.000000 0.061683
3350.000000 0.065603
3351.000000 0.072206
3352.000000 0.064219
3353.000000 0.067221
3354.000000 0.059084
3355.000000 0.058157
3356.000000 0.055656
3357.000000 0.057672
3358.000000 0.055350
3359.000000 0.051334
3360.000000 0.047687
3361.000000 0.050696
3362.000000 0.044060
3363.000000 0.052808
3364.000000 0.051721
3365.000000 0.056887
3366.000000 0.052996
3367.000000 0.057790
3368.000000 0.049416
3369.000000 0.046554
3370.000000 0.049460
3371.000000 0.047890
3372.000000 0.052775
3373.000000 0.059000
3374.000000 0.058220
3375.000000 0.057995
3376.000000 0.057195
3377.000000 0.058718
3378.000000 0.073368
3379.000000 0.070811
3380.000000 0.060241
3381.000000 0.054715
3382.000000 0.053497
3383.000000 0.047775
3384.000000 0.052561
3385.000000 0.056100
3386.000000 0.046444
3387.000000 0.043692
3388.000000 0.047106
3389.000000 0.051196
3390.000000 0.052037
3391.000000 0.065192
3392.000000 0.064546
3393.000000 0.075339
3394.000000 0.067203
3395.000000 0.068367
3396.000000 0.062252
3397.000000 0.075208
3398.000000 0.069755
3399.000000 0.086463
3400.000000 0.083828
3401.000000 0.073352
3402.000000 0.074485
3403.000000 0.073424
3404.000000 0.064161
3405.000000 0.060017
3406.000000 0.053530
3407.000000 0.046768
3408.000000 0.051277
3409.000000 0.055126
3410.000000 0.050330
3411.000000 0.046243
3412.000000 0.052021
3413.000000 0.047510
3414.000000 0.044667
3415.000000 0.058888
3416.000000 0.055153
3417.000000 0.058252
3418.000000 0.064968
3419.000000 0.070874
3420.000000 0.074258
3421.000000 0.061666
3422.000000 0.057122
3423.000000 0.071823
3424.000000 0.062207
3425.000000 0.053553
3426.000000 0.057813
3427.000000 0.048229
3428.000000 0.045650
3429.000000 0.042424
3430.000000 0.053879
3431.000000 0.053111
3432.000000 0.052164
3433.000000 0.068356
3434.000000 0.073911
3435.000000 0.083943
3436.000000 0.073708
3437.000000 0.082309
3438.000000 0.074629
3439.000000 0.063052
3440.000000 0.057154
3441.000000 0.055723
3442.000000 0.054231
3443.000000 0.051991
3444.000000 0.052949
3445.000000 0.058660
3446.000000 0.052035
3447.000000 0.053821
3448.000000 0.059533
3449.000000 0.053736
3450.000000 0.046143
3451.000000 0.041680
3452.000000 0.050536
3453.000000 0.056852
3454.000000 0.058963
3455.000000 0.056518
3456.000000 0.067635
3457.000000 0.064193
3458.000000 0.070359
3459.000000 0.063955
3460.000000 0.075244
3461.000000 0.069162
3462.000000 0.059778
3463.000000 0.056966
3464.000000 0.047134
3465.000000 0.051168
3466.000000 0.045541
3467.000000 0.039861
3468.000000 0.034693
3469.000000 0.044039
3470.000000 0.036497
3471.000000 0.030370
3472.000000 0.025373
3473.000000 0.043925
3474.000000 0.045289
3475.000000 0.050740
3476.000000 0.057526
3477.000000 0.062499
3478.000000 0.074485
3479.000000 0.074677
3480.000000 0.064482
3481.000000 0.066341
3482.000000 0.063513
3483.000000 0.067681
3484.000000 0.065996
3485.000000 0.064535
3486.000000 0.068999
3487.000000 0.067722
3488.000000 0.074967
3489.000000 0.061900
3490.000000 0.051202
3491.000000 0.042465
3492.000000 0.050954
3493.000000 0.049760
3494.000000 0.041247
3495.000000 0.052133
3496.000000 0.050429
3497.000000 0.055713
3498.000000 0.055706
3499.000000 0.051730
3500.000000 0.054061
3501.000000 0.059069
3502.000000 0.067106
3503.000000 0.062170
3504.000000 0.056036
3505.000000 0.052277
3506.000000 0.055159
3507.000000 0.057907
3508.000000 0.064961
3509.000000 0.064496
3510.000000 0.056605
3511.000000 0.055658
3512.000000 0.050166
3513.000000 0.045437
3514.000000 0.055770
3515.000000 0.064867
3516.000000 0.058709
3517.000000 0.054689
3518.000000 0.052691
3519.000000 0.061907
3520.000000 0.075197
3521.000000 0.072552
3522.000000 0.062717
3523.000000 0.057516
3524.000000 0.060803
3525.000000 0.060393
3526.000000 0.058881
3527.000000 0.051738
3528.000000 0.045688
3529.000000 0.047206
3530.000000 0.046376
3531.000000 0.052681
3532.000000 0.052934
3533.000000 0.072285
3534.000000 0.063711
3535.000000 0.062253
3536.000000 0.055492
3537.000000 0.054223
3538.000000 0.055325
3539.000000 0.052951
3540.000000 0.050042
3541.000000 0.072470
3542.000000 0.065084
3543.000000 0.062768
3544.000000 0.056064
3545.000000 0.052747
3546.000000 0.052313
3547.000000 0.052548
3548.000000 0.058492
3549.000000 0.059862
3550.000000 0.058115
3551.000000 0.063473
3552.000000 0.064580
3553.000000 0.061344
3554.000000 0.061948
3555.000000 0.061082
3556.000000 0.068454
3557.000000 0.070611
3558.000000 0.078895
3559.000000 0.077094
3560.000000 0.067852
3561.000000 0.066221
3562.000000 0.058030
3563.000000 0.047930
3564.000000 0.041977
3565.000000 0.041290
3566.000000 0.041449
3567.000000 0.034330
3568.000000 0.030639
3569.000000 0.037510
3570.000000 0.043396
3571.000000 0.036039
3572.000000 0.043350
3573.000000 0.039693
3574.000000 0.038506
3575.000000 0.062833
3576.000000 0.060558
3577.000000 0.069527
3578.000000 0.069476
3579.000000 0.065953
3580.000000 0.059161
3581.000000 0.065208
3582.000000 0.067745
3583.000000 0.069404
3584.000000 0.057284
3585.000000 0.056762
3586.000000 0.049997
3587.000000 0.053203
3588.000000 0.047627
3589.000000 0.039447
3590.000000 0.035218
3591.000000 0.039320
3592.000000 0.032691
3593.000000 0.030585
3594.000000 0.028577
3595.000000 0.033472
3596.000000 0.036881
3597.000000 0.048954
3598.000000 0.091957
3599.000000 0.099661
3600.000000 0.106412
3601.000000 0.102396
3602.000000 0.102625
3603.000000 0.093667
3604.000000 0.096268
3605.000000 0.083018
3606.000000 0.070665
3607.000000 0.069168
3608.000000 0.071307
3609.000000 0.064593
3610.000000 0.055005
3611.000000 0.060398
3612.000000 0.049975
3613.000000 0.051162
3614.000000 0.051105
3615.000000 0.048533
3616.000000 0.042363
3617.000000 0.045954
3618.000000 0.052197
3619.000000 0.054045
3620.000000 0.054254
3621.000000 0.050549
3622.000000 0.051132
3623.000000 0.056253
3624.000000 0.092869
3625.000000 0.086209
3626.000000 0.078984
3627.000000 0.070851
3628.000000 0.069454
3629.000000 0.060840
3630.000000 0.056685
3631.000000 0.048260
3632.000000 0.057461
3633.000000 0.063052
3634.000000 0.062713
3635.000000 0.067840
3636.000000 0.056139
3637.000000 0.055741
3638.000000 0.067579
3639.000000 0.057507
3640.000000 0.056637
3641.000000 0.061987
3642.000000 0.060212
3643.000000 0.049810
3644.000000 0.046044
3645.000000 0.045045
3646.000000 0.058247
3647.000000 0.058028
3648.000000 0.058459
3649.000000 0.066928
3650.000000 0.066231
3651.000000 0.062669
3652.000000 0.060932
3653.000000 0.056625
3654.000000 0.050138
3655.000000 0.061716
3656.000000 0.053195
3657.000000 0.065254
3658.000000 0.068266
3659.000000 0.072915
3660.000000 0.068536
3661.000000 0.068670
3662.000000 0.072255
3663.000000 0.073397
3664.000000 0.066413
3665.000000 0.061364
3666.000000 0.052375
3667.000000 0.067480
3668.000000 0.062881
3669.000000 0.061488
3670.000000 0.054153
3671.000000 0.054066
3672.000000 0.054267
3673.000000 0.047628
3674.000000 0.063961
3675.000000 0.062722
3676.000000 0.077402
3677.000000 0.071823
3678.000000 0.061337
3679.000000 0.064429
3680.000000 0.058492
3681.000000 0.064448
3682.000000 0.059844
3683.000000 0.065144
3684.000000 0.063672
3685.000000 0.063924
3686.000000 0.064406
3687.000000 0.060402
3688.000000 0.061209
3689.000000 0.066339
3690.000000 0.059669
3691.000000 0.060722
3692.000000 0.063481
3693.000000 0.065242
3694.000000 0.054878
3695.000000 0.054567
3696.000000 0.055512
3697.000000 0.059465
3698.000000 0.062612
3699.000000 0.060817
3700.000000 0.060966
3701.000000 0.062785
3702.000000 0.066389
3703.000000 0.065041
3704.000000 0.057366
3705.000000 0.069599
3706.000000 0.067957
3707.000000 0.064983
3708.000000 0.058174
3709.000000 0.058775
3710.000000 0.062841
3711.000000 0.074394
3712.000000 0.061393
3713.000000 0.052447
3714.000000 0.053642
3715.000000 0.049856
3716.000000 0.048684
3717.000000 0.047191
3718.000000 0.055541
3719.000000 0.063206
3720.000000 0.074254
3721.000000 0.064719
3722.000000 0.063861
3723.000000 0.066853
3724.000000 0.071260
3725.000000 0.061983
3726.000000 0.058858
3727.000000 0.057184
3728.000000 0.058343
3729.000000 0.058384
3730.000000 0.055739
3731.000000 0.050548
3732.000000 0.044721
3733.000000 0.043116
3734.000000 0.038162
3735.000000 0.047824
3736.000000 0.046237
3737.000000 0.038507
3738.000000 0.040948
3739.000000 0.037755
3740.000000 0.035296
3741.000000 0.042205
3742.000000 0.056616
3743.000000 0.064988
3744.000000 0.067422
3745.000000 0.088530
3746.000000 0.099714
3747.000000 0.092581
3748.000000 0.104180
3749.000000 0.095769
3750.000000 0.094462
3751.000000 0.099498
3752.000000 0.085640
3753.000000 0.078963
3754.000000 0.065164
3755.000000 0.058908
3756.000000 0.052900
3757.000000 0.057212
3758.000000 0.051841
3759.000000 0.053122
3760.000000 0.053444
3761.000000 0.047188
3762.000000 0.046227
3763.000000 0.043256
3764.000000 0.050627
3765.000000 0.052608
3766.000000 0.048000
3767.000000 0.049479
3768.000000 0.053025
3769.000000 0.056805
3770.000000 0.068206
3771.000000 0.061940
3772.000000 0.058485
3773.000000 0.055440
3774.000000 0.055554
3775.000000 0.046209
3776.000000 0.040415
3777.000000 0.050658
3778.000000 0.054844
3779.000000 0.047797
3780.000000 0.059915
3781.000000 0.072136
3782.000000 0.061204
3783.000000 0.055705
3784.000000 0.057747
3785.000000 0.051965
3786.000000 0.053408
3787.000000 0.055420
3788.000000 0.062087
3789.000000 0.058401
3790.000000 0.054898
3791.000000 0.055593
3792.000000 0.053966
3793.000000 0.061763
3794.000000 0.054994
3795.000000 0.055631
3796.000000 0.053954
3797.000000 0.059387
3798.000000 0.056116
3799.000000 0.052083
3800.000000 0.051584
3801.000000 0.056972
3802.000000 0.051239
3803.000000 0.065041
3804.000000 0.055423
3805.000000 0.066935
3806.000000 0.059395
3807.000000 0.058197
3808.000000 0.069456
3809.000000 0.065574
3810.000000 0.065414
3811.000000 0.058969
3812.000000 0.057643
3813.000000 0.057327
3814.000000 0.052480
3815.000000 0.060137
3816.000000 0.056099
3817.000000 0.050201
3818.000000 0.049475
3819.000000 0.049231
3820.000000 0.057151
3821.000000 0.058856
3822.000000 0.055249
3823.000000 0.051339
3824.000000 0.051580
3825.000000 0.052787
3826.000000 0.051785
3827.000000 0.060490
3828.000000 0.064269
3829.000000 0.079410
3830.000000 0.074087
3831.000000 0.068136
3832.000000 0.066380
3833.000000 0.054936
3834.000000 0.045525
3835.000000 0.052982
3836.000000 0.050745
3837.000000 0.053228
3838.000000 0.053051
3839.000000 0.044212
3840.000000 0.055933
3841.000000 0.050371
3842.000000 0.061926
3843.000000 0.059216
3844.000000 0.056171
3845.000000 0.048981
3846.000000 0.043085
3847.000000 0.041880
3848.000000 0.044140
3849.000000 0.046181
3850.000000 0.052404
3851.000000 0.058092
3852.000000 0.082686
3853.000000 0.085992
3854.000000 0.090816
3855.000000 0.089961
3856.000000 0.080718
3857.000000 0.070497
3858.000000 0.080515
3859.000000 0.079068
3860.000000 0.072851
3861.000000 0.075809
3862.000000 0.075731
3863.000000 0.062555
3864.000000 0.059285
3865.000000 0.055935
3866.000000 0.052965
3867.000000 0.061718
3868.000000 0.059103
3869.000000 0.053695
3870.000000 0.052681
3871.000000 0.051291
3872.000000 0.049620
3873.000000 0.051542
3874.000000 0.064547
3875.000000 0.073230
3876.000000 0.071821
3877.000000 0.071155
3878.000000 0.060720
3879.000000 0.064188
3880.000000 0.079138
3881.000000 0.074484
3882.000000 0.072646
3883.000000 0.069998
3884.000000 0.072758
3885.000000 0.060977
3886.000000 0.051980
3887.000000 0.050053
3888.000000 0.041543
3889.000000 0.039809
3890.000000 0.037815
3891.000000 0.036181
3892.000000 0.033670
3893.000000 0.042635
3894.000000 0.035478
3895.000000 0.038839
3896.000000 0.046878
3897.000000 0.059179
3898.000000 0.068505
3899.000000 0.080164
3900.000000 0.074133
3901.000000 0.071925
3902.000000 0.073702
3903.000000 0.097370
3904.000000 0.088582
3905.000000 0.082359
3906.000000 0.067965
3907.000000 0.066781
3908.000000 0.058952
3909.000000 0.050811
3910.000000 0.043204
3911.000000 0.044061
3912.000000 0.052643
3913.000000 0.055550
3914.000000 0.063402
3915.000000 0.054147
3916.000000 0.062082
3917.000000 0.060556
3918.000000 0.059761
3919.000000 0.068547
3920.000000 0.064253
3921.000000 0.059606
3922.000000 0.054193
3923.000000 0.055352
3924.000000 0.056170
3925.000000 0.066363
3926.000000 0.076333
3927.000000 0.071293
3928.000000 0.069230
3929.000000 0.059481
3930.000000 0.062985
3931.000000 0.065581
3932.000000 0.064373
3933.000000 0.065298
3934.000000 0.057322
3935.000000 0.052171
3936.000000 0.049699
3937.000000 0.050486
3938.000000 0.052105
3939.000000 0.054593
3940.000000 0.061311
3941.000000 0.052984
3942.000000 0.053635
3943.000000 0.047593
3944.000000 0.040491
3945.000000 0.048423
3946.000000 0.049370
3947.000000 0.054245
3948.000000 0.051710
3949.000000 0.055015
3950.000000 0.054905
3951.000000 0.055615
3952.000000 0.054547
3953.000000 0.055377
3954.000000 0.058289
3955.000000 0.059436
3956.000000 0.065533
3957.000000 0.076847
3958.000000 0.073948
3959.000000 0.070540
3960.000000 0.062937
3961.000000 0.071431
3962.000000 0.078601
3963.000000 0.073310
3964.000000 0.060646
3965.000000 0.064821
3966.000000 0.073452
3967.000000 0.080339
3968.000000 0.076464
3969.000000 0.078879
3970.000000 0.079247
3971.000000 0.069328
3972.000000 0.065529
3973.000000 0.061630
3974.000000 0.055107
3975.000000 0.048254
3976.000000 0.041823
3977.000000 0.050436
3978.000000 0.048467
3979.000000 0.052493
3980.000000 0.047973
3981.000000 0.048846
3982.000000 0.049618
3983.000000 0.041146
3984.000000 0.046380
3985.000000 0.045334
3986.000000 0.048446
3987.000000 0.044071
3988.000000 0.051021
3989.000000 0.059804
3990.000000 0.068272
3991.000000 0.067612
3992.000000 0.065809
3993.000000 0.064393
3994.000000 0.056226
3995.000000 0.052306
3996.000000 0.047803
3997.000000 0.046337
3998.000000 0.039410
3999.000000 0.044861
4000.000000 0.048161
4001.000000 0.045154
4002.000000 0.041054
4003.000000 0.039826
4004.000000 0.044679
4005.000000 0.050036
4006.000000 0.069793
4007.000000 0.065798
4008.000000 0.077372
4009.000000 0.098703
4010.000000 0.083625
4011.000000 0.087336
4012.000000 0.087982
4013.000000 0.098815
4014.000000 0.096227
4015.000000 0.090147
4016.000000 0.091892
4017.000000 0.080933
4018.000000 0.069711
4019.000000 0.070717
4020.000000 0.062736
4021.000000 0.069165
4022.000000 0.065751
4023.000000 0.070108
4024.000000 0.064306
4025.000000 0.059818
4026.000000 0.056621
4027.000000 0.046874
4028.000000 0.049451
4029.000000 0.052739
4030.000000 0.062654
4031.000000 0.061411
4032.000000 0.058417
4033.000000 0.057657
4034.000000 0.060120
4035.000000 0.079304
4036.000000 0.077263
4037.000000 0.073797
4038.000000 0.070815
4039.000000 0.064181
4040.000000 0.060491
4041.000000 0.052223
4042.000000 0.045961
4043.000000 0.040465
4044.000000 0.040110
4045.000000 0.041691
4046.000000 0.045920
4047.000000 0.046688
4048.000000 0.050507
4049.000000 0.048573
4050.000000 0.053638
4051.000000 0.049151
4052.000000 0.061947
4053.000000 0.059400
4054.000000 0.059432
4055.000000 0.050073
4056.000000 0.067694
4057.000000 0.070468
4058.000000 0.066767
4059.000000 0.062845
4060.000000 0.075762
4061.000000 0.077967
4062.000000 0.071415
4063.000000 0.069308
4064.000000 0.063111
4065.000000 0.065319
4066.000000 0.055524
4067.000000 0.052591
4068.000000 0.060959
4069.000000 0.067218
4070.000000 0.070759
4071.000000 0.068095
4072.000000 0.059538
4073.000000 0.062707
4074.000000 0.055071
4075.000000 0.057603
4076.000000 0.064513
4077.000000 0.064293
4078.000000 0.064679
4079.000000 0.061371
4080.000000 0.061167
4081.000000 0.055790
4082.000000 0.054015
4083.000000 0.051879
4084.000000 0.053066
4085.000000 0.051327
4086.000000 0.060685
4087.000000 0.055252
4088.000000 0.058245
4089.000000 0.052760
4090.000000 0.055237
4091.000000 0.060509
4092.000000 0.056283
4093.000000 0.046577
4094.000000 0.050230
4095.000000 0.044388
4096.000000 0.042040
4097.000000 0.040613
4098.000000 0.056261
4099.000000 0.060796
4100.000000 0.063279
4101.000000 0.067075
4102.000000 0.065244
4103.000000 0.077851
4104.000000 0.070393
4105.000000 0.065719
4106.000000 0.061882
4107.000000 0.056864
4108.000000 0.061083
4109.000000 0.065107
4110.000000 0.070772
4111.000000 0.060261
4112.000000 0.057607
4113.000000 0.056345
4114.000000 0.060571
4115.000000 0.056483
4116.000000 0.054807
4117.000000 0.054292
4118.000000 0.060633
4119.000000 0.050213
4120.000000 0.048368
4121.000000 0.046482
4122.000000 0.045186
4123.000000 0.050925
4124.000000 0.049564
4125.000000 0.048718
4126.000000 0.054623
4127.000000 0.057491
4128.000000 0.075769
4129.000000 0.070027
4130.000000 0.065260
4131.000000 0.067525
4132.000000 0.074410
4133.000000 0.085288
4134.000000 0.077321
4135.000000 0.071371
4136.000000 0.072308
4137.000000 0.067633
4138.000000 0.072112
4139.000000 0.067432
4140.000000 0.073852
4141.000000 0.065712
4142.000000 0.070908
4143.000000 0.075198
4144.000000 0.073446
4145.000000 0.072803
4146.000000 0.071353
4147.000000 0.070770
4148.000000 0.061037
4149.000000 0.065188
4150.000000 0.059535
4151.000000 0.056682
4152.000000 0.047042
4153.000000 0.048860
4154.000000 0.055776
4155.000000 0.069569
4156.000000 0.066445
4157.000000 0.061560
4158.000000 0.067056
4159.000000 0.065888
4160.000000 0.062537
4161.000000 0.060637
4162.000000 0.061840
4163.000000 0.055770
4164.000000 0.050459
4165.000000 0.041847
4166.000000 0.040814
4167.000000 0.047706
4168.000000 0.048582
4169.000000 0.062437
4170.000000 0.056581
4171.000000 0.059102
4172.000000 0.050637
4173.000000 0.046081
4174.000000 0.047378
4175.000000 0.045789
4176.000000 0.043041
4177.000000 0.047748
4178.000000 0.051978
4179.000000 0.053377
4180.000000 0.055719
4181.000000 0.060542
4182.000000 0.056784
4183.000000 0.069509
4184.000000 0.064696
4185.000000 0.065439
4186.000000 0.061016
4187.000000 0.078671
4188.000000 0.079344
4189.000000 0.072039
4190.000000 0.064840
4191.000000 0.060735
4192.000000 0.061586
4193.000000 0.059628
4194.000000 0.054007
4195.000000 0.052930
4196.000000 0.050943
4197.000000 0.050998
4198.000000 0.054573
4199.000000 0.058465
4200.000000 0.064276
4201.000000 0.062950
4202.000000 0.071024
4203.000000 0.069974
4204.000000 0.057841
4205.000000 0.053212
4206.000000 0.049939
4207.000000 0.073462
4208.000000 0.065908
4209.000000 0.061758
4210.000000 0.059312
4211.000000 0.049232
4212.000000 0.046758
4213.000000 0.045639
4214.000000 0.050219
4215.000000 0.045679
4216.000000 0.062100
4217.000000 0.062740
4218.000000 0.062026
4219.000000 0.056886
4220.000000 0.055886
4221.000000 0.059851
4222.000000 0.051777
4223.000000 0.056596
4224.000000 0.062319
4225.000000 0.062021
4226.000000 0.057441
4227.000000 0.052535
4228.000000 0.064890
4229.000000 0.069811
4230.000000 0.070890
4231.000000 0.095359
4232.000000 0.086500
4233.000000 0.078155
4234.000000 0.072103
4235.000000 0.062767
4236.000000 0.053769
4237.000000 0.046088
4238.000000 0.038294
4239.000000 0.032051
4240.000000 0.031887
4241.000000 0.033209
4242.000000 0.036743
4243.000000 0.045567
4244.000000 0.046143
4245.000000 0.050007
4246.000000 0.049468
4247.000000 0.057574
4248.000000 0.062658
4249.000000 0.068541
4250.000000 0.084553
4251.000000 0.101368
4252.000000 0.096051
4253.000000 0.094422
4254.000000 0.095784
4255.000000 0.098235
4256.000000 0.088097
4257.000000 0.083794
4258.000000 0.071500
4259.000000 0.062008
4260.000000 0.068653
4261.000000 0.064959
4262.000000 0.058873
4263.000000 0.054437
4264.000000 0.052054
4265.000000 0.059011
4266.000000 0.058612
4267.000000 0.048476
4268.000000 0.052854
4269.000000 0.048910
4270.000000 0.050936
4271.000000 0.048447
4272.000000 0.041774
4273.000000 0.051599
4274.000000 0.047937
4275.000000 0.051288
4276.000000 0.078124
4277.000000 0.067608
4278.000000 0.074257
4279.000000 0.071390
4280.000000 0.060334
4281.000000 0.059060
4282.000000 0.070599
4283.000000 0.063372
4284.000000 0.060844
4285.000000 0.054006
4286.000000 0.055023
4287.000000 0.061567
4288.000000 0.058020
4289.000000 0.060387
4290.000000 0.061779
4291.000000 0.069609
4292.000000 0.081227
4293.000000 0.072708
4294.000000 0.079845
4295.000000 0.070223
4296.000000 0.062391
4297.000000 0.069375
4298.000000 0.067367
4299.000000 0.063298
4300.000000 0.059436
4301.000000 0.057513
4302.000000 0.055361
4303.000000 0.059848
4304.000000 0.060370
4305.000000 0.053512
4306.000000 0.051674
4307.000000 0.056329
4308.000000 0.052546
4309.000000 0.051223
4310.000000 0.049598
4311.000000 0.073874
4312.000000 0.070529
4313.000000 0.063693
4314.000000 0.057698
4315.000000 0.057302
4316.000000 0.058969
4317.000000 0.059754
4318.000000 0.065955
4319.000000 0.064396
4320.000000 0.054782
4321.000000 0.049089
4322.000000 0.060127
4323.000000 0.069636
4324.000000 0.057935
4325.000000 0.055208
4326.000000 0.053454
4327.000000 0.050708
4328.000000 0.054409
4329.000000 0.052299
4330.000000 0.057190
4331.000000 0.049155
4332.000000 0.049502
4333.000000 0.059280
4334.000000 0.074310
4335.000000 0.063827
4336.000000 0.052811
4337.000000 0.068565
4338.000000 0.073316
4339.000000 0.066850
4340.000000 0.068614
4341.000000 0.073469
4342.000000 0.068830
4343.000000 0.063562
4344.000000 0.054875
4345.000000 0.053070
4346.000000 0.053085
4347.000000 0.051748
4348.000000 0.044150
4349.000000 0.043896
4350.000000 0.050121
4351.000000 0.048308
4352.000000 0.042302
4353.000000 0.046306
4354.000000 0.059794
4355.000000 0.062121
4356.000000 0.068701
4357.000000 0.073604
4358.000000 0.079900
4359.000000 0.082133
4360.000000 0.081957
4361.000000 0.083960
4362.000000 0.081395
4363.000000 0.071803
4364.000000 0.071275
4365.000000 0.070527
4366.000000 0.059944
4367.000000 0.059725
4368.000000 0.052755
4369.000000 0.053292
4370.000000 0.053803
4371.000000 0.049242
4372.000000 0.057537
4373.000000 0.052748
4374.000000 0.054551
4375.000000 0.062113
4376.000000 0.056302
4377.000000 0.053094
4378.000000 0.048367
4379.000000 0.044840
4380.000000 0.041182
4381.000000 0.045116
4382.000000 0.063282
4383.000000 0.060555
4384.000000 0.058132
4385.000000 0.059248
4386.000000 0.072867
4387.000000 0.064986
4388.000000 0.058100
4389.000000 0.052472
4390.000000 0.056717
4391.000000 0.053884
4392.000000 0.063029
4393.000000 0.061607
4394.000000 0.060461
4395.000000 0.056174
4396.000000 0.059689
4397.000000 0.066285
4398.000000 0.065183
4399.000000 0.057097
4400.000000 0.047362
4401.000000 0.042501
4402.000000 0.042153
4403.000000 0.049403
4404.000000 0.060176
4405.000000 0.069952
4406.000000 0.067717
4407.000000 0.060098
4408.000000 0.053079
4409.000000 0.053731
4410.000000 0.048145
4411.000000 0.054430
4412.000000 0.054037
4413.000000 0.050791
4414.000000 0.045379
4415.000000 0.044395
4416.000000 0.041818
4417.000000 0.039823
4418.000000 0.041443
4419.000000 0.040956
4420.000000 0.045008
4421.000000 0.043650
4422.000000 0.049671
4423.000000 0.053883
4424.000000 0.058518
4425.000000 0.058545
4426.000000 0.057845
4427.000000 0.062367
4428.000000 0.071724
4429.000000 0.065121
4430.000000 0.062252
4431.000000 0.054684
4432.000000 0.054526
4433.000000 0.054534
4434.000000 0.061963
4435.000000 0.060539
4436.000000 0.065407
4437.000000 0.057806
4438.000000 0.052517
4439.000000 0.055432
4440.000000 0.048823
4441.000000 0.043574
4442.000000 0.047726
4443.000000 0.057910
4444.000000 0.070805
4445.000000 0.074580
4446.000000 0.074253
4447.000000 0.072882
4448.000000 0.068251
4449.000000 0.067252
4450.000000 0.073886
4451.000000 0.061899
4452.000000 0.066258
4453.000000 0.070323
4454.000000 0.066526
4455.000000 0.069422
4456.000000 0.069345
4457.000000 0.057253
4458.000000 0.062283
4459.000000 0.066452
4460.000000 0.054881
4461.000000 0.055249
4462.000000 0.045734
4463.000000 0.045994
4464.000000 0.056629
4465.000000 0.056380
4466.000000 0.052859
4467.000000 0.053044
4468.000000 0.060992
4469.000000 0.060298
4470.000000 0.049986
4471.000000 0.051462
4472.000000 0.050108
4473.000000 0.060542
4474.000000 0.055108
4475.000000 0.060094
4476.000000 0.055216
4477.000000 0.060234
4478.000000 0.068494
4479.000000 0.071770
4480.000000 0.073230
4481.000000 0.071325
4482.000000 0.074084
4483.000000 0.064863
4484.000000 0.060456
4485.000000 0.062470
4486.000000 0.061054
4487.000000 0.066856
4488.000000 0.064381
4489.000000 0.058801
4490.000000 0.053354
4491.000000 0.051941
4492.000000 0.059240
4493.000000 0.066135
4494.000000 0.070524
4495.000000 0.061732
4496.000000 0.063293
4497.000000 0.067607
4498.000000 0.069658
4499.000000 0.061365
4500.000000 0.059115
4501.000000 0.064132
4502.000000 0.067110
4503.000000 0.069470
4504.000000 0.058882
4505.000000 0.052380
4506.000000 0.047431
4507.000000 0.043746
4508.000000 0.049577
4509.000000 0.045706
4510.000000 0.042214
4511.000000 0.046159
4512.000000 0.052182
4513.000000 0.051373
4514.000000 0.044868
4515.000000 0.047944
4516.000000 0.052686
4517.000000 0.065691
4518.000000 0.063857
4519.000000 0.056476
4520.000000 0.047609
4521.000000 0.068472
4522.000000 0.073044
4523.000000 0.077291
4524.000000 0.072752
4525.000000 0.069591
4526.000000 0.059182
4527.000000 0.049007
4528.000000 0.052492
4529.000000 0.050840
4530.000000 0.051877
4531.000000 0.042964
4532.000000 0.043787
4533.000000 0.046086
4534.000000 0.043613
4535.000000 0.045779
4536.000000 0.046059
4537.000000 0.044888
4538.000000 0.048228
4539.000000 0.052854
4540.000000 0.047580
4541.000000 0.066655
4542.000000 0.058132
4543.000000 0.071475
4544.000000 0.087582
4545.000000 0.083983
4546.000000 0.079369
4547.000000 0.066226
4548.000000 0.082928
4549.000000 0.078316
4550.000000 0.077292
4551.000000 0.063817
4552.000000 0.052814
4553.000000 0.046834
4554.000000 0.046428
4555.000000 0.045375
4556.000000 0.054032
4557.000000 0.044747
4558.000000 0.058442
4559.000000 0.072827
4560.000000 0.065103
4561.000000 0.064760
4562.000000 0.066261
4563.000000 0.070535
4564.000000 0.063092
4565.000000 0.066431
4566.000000 0.070706
4567.000000 0.065415
4568.000000 0.056646
4569.000000 0.063452
4570.000000 0.060715
4571.000000 0.055935
4572.000000 0.049339
4573.000000 0.057630
4574.000000 0.061620
4575.000000 0.059172
4576.000000 0.052097
4577.000000 0.047991
4578.000000 0.041691
4579.000000 0.057042
4580.000000 0.052910
4581.000000 0.049314
4582.000000 0.047740
4583.000000 0.063549
4584.000000 0.055509
4585.000000 0.057308
4586.000000 0.049884
4587.000000 0.043799
4588.000000 0.052877
4589.000000 0.049216
4590.000000 0.056227
4591.000000 0.054743
4592.000000 0.063197
4593.000000 0.065852
4594.000000 0.064271
4595.000000 0.066772
4596.000000 0.075654
4597.000000 0.068732
4598.000000 0.074652
4599.000000 0.079825
4600.000000 0.071709
4601.000000 0.067634
4602.000000 0.064444
4603.000000 0.072208
4604.000000 0.062887
4605.000000 0.057795
4606.000000 0.047754
4607.000000 0.042228
4608.000000 0.041559
4609.000000 0.044034
4610.000000 0.044377
4611.000000 0.043940
4612.000000 0.041076
4613.000000 0.041778
4614.000000 0.048034
4615.000000 0.054860
4616.000000 0.055087
4617.000000 0.050622
4618.000000 0.060810
4619.000000 0.066108
4620.000000 0.059558
4621.000000 0.056730
4622.000000 0.058346
4623.000000 0.056688
4624.000000 0.064012
4625.000000 0.064796
4626.000000 0.054646
4627.000000 0.053586
4628.000000 0.045452
4629.000000 0.045181
4630.000000 0.039530
4631.000000 0.035757
4632.000000 0.030680
4633.000000 0.035835
4634.000000 0.036759
4635.000000 0.039263
4636.000000 0.043895
4637.000000 0.051690
4638.000000 0.058527
4639.000000 0.062352
4640.000000 0.068023
4641.000000 0.078657
4642.000000 0.079222
4643.000000 0.067285
4644.000000 0.066873
4645.000000 0.075361
4646.000000 0.064915
4647.000000 0.065637
4648.000000 0.056849
4649.000000 0.052110
4650.000000 0.053272
4651.000000 0.044120
4652.000000 0.040360
4653.000000 0.046423
4654.000000 0.057514
4655.000000 0.047568
4656.000000 0.050322
4657.000000 0.062318
4658.000000 0.054950
4659.000000 0.049878
4660.000000 0.041290
4661.000000 0.046578
4662.000000 0.045455
4663.000000 0.037695
4664.000000 0.037912
4665.000000 0.040366
4666.000000 0.041647
4667.000000 0.039321
4668.000000 0.036437
4669.000000 0.058208
4670.000000 0.056669
4671.000000 0.051694
4672.000000 0.051535
4673.000000 0.070765
4674.000000 0.066832
4675.000000 0.055350
4676.000000 0.049997
4677.000000 0.049105
4678.000000 0.057888
4679.000000 0.053685
4680.000000 0.062920
4681.000000 0.053593
4682.000000 0.060315
4683.000000 0.062904
4684.000000 0.060543
4685.000000 0.063957
4686.000000 0.062480
4687.000000 0.053051
4688.000000 0.047802
4689.000000 0.046571
4690.000000 0.045226
4691.000000 0.063580
4692.000000 0.073317
4693.000000 0.066491
4694.000000 0.074040
4695.000000 0.067674
4696.000000 0.065576
4697.000000 0.058508
4698.000000 0.068633
4699.000000 0.061882
4700.000000 0.060377
4701.000000 0.052810
4702.000000 0.049898
4703.000000 0.055690
4704.000000 0.057683
4705.000000 0.052997
4706.000000 0.052598
4707.000000 0.047782
4708.000000 0.046233
4709.000000 0.043942
4710.000000 0.047949
4711.000000 0.050054
4712.000000 0.054067
4713.000000 0.046481
4714.000000 0.050346
4715.000000 0.044973
4716.000000 0.047736
4717.000000 0.075346
4718.000000 0.073418
4719.000000 0.070218
4720.000000 0.073109
4721.000000 0.068556
4722.000000 0.060816
4723.000000 0.057010
4724.000000 0.056593
4725.000000 0.054159
4726.000000 0.050386
4727.000000 0.046757
4728.000000 0.047812
4729.000000 0.043282
4730.000000 0.038880
4731.000000 0.032339
4732.000000 0.045932
4733.000000 0.042290
4734.000000 0.043652
4735.000000 0.056435
4736.000000 0.055572
4737.000000 0.051375
4738.000000 0.046596
4739.000000 0.042474
4740.000000 0.050386
4741.000000 0.051093
4742.000000 0.047435
4743.000000 0.047290
4744.000000 0.054456
4745.000000 0.048795
4746.000000 0.060212
4747.000000 0.061289
4748.000000 0.055600
4749.000000 0.055970
4750.000000 0.059479
4751.000000 0.060447
4752.000000 0.059054
4753.000000 0.067241
4754.000000 0.066282
4755.000000 0.063551
4756.000000 0.052645
4757.000000 0.049251
4758.000000 0.064395
4759.000000 0.064767
4760.000000 0.059353
4761.000000 0.067381
4762.000000 0.067599
4763.000000 0.063093
4764.000000 0.058790
4765.000000 0.068460
4766.000000 0.068563
4767.000000 0.082065
4768.000000 0.071890
4769.000000 0.075093
4770.000000 0.078747
4771.000000 0.084811
4772.000000 0.094440
4773.000000 0.089387
4774.000000 0.078995
4775.000000 0.077119
4776.000000 0.073003
4777.000000 0.075894
4778.000000 0.064999
4779.000000 0.059289
4780.000000 0.060366
4781.000000 0.051387
4782.000000 0.046162
4783.000000 0.049222
4784.000000 0.055265
4785.000000 0.058872
4786.000000 0.050955
4787.000000 0.048745
4788.000000 0.043809
4789.000000 0.040859
4790.000000 0.039716
4791.000000 0.032980
4792.000000 0.035388
4793.000000 0.044164
4794.000000 0.041328
4795.000000 0.040636
4796.000000 0.042400
4797.000000 0.050043
4798.000000 0.068352
4799.000000 0.078617
4800.000000 0.076345
4801.000000 0.074324
4802.000000 0.067455
4803.000000 0.078694
4804.000000 0.080653
4805.000000 0.077959
4806.000000 0.071539
4807.000000 0.080810
4808.000000 0.081195
4809.000000 0.073144
4810.000000 0.073658
4811.000000 0.072824
4812.000000 0.069418
4813.000000 0.066619
4814.000000 0.070415
4815.000000 0.064131
4816.000000 0.063399
4817.000000 0.068564
4818.000000 0.078599
4819.000000 0.072494
4820.000000 0.066825
4821.000000 0.078878
4822.000000 0.071037
4823.000000 0.073430
4824.000000 0.063748
4825.000000 0.071845
4826.000000 0.070382
4827.000000 0.072235
4828.000000 0.066847
4829.000000 0.063524
4830.000000 0.067366
4831.000000 0.063772
4832.000000 0.054164
4833.000000 0.065986
4834.000000 0.063964
4835.000000 0.052915
4836.000000 0.047624
4837.000000 0.043963
4838.000000 0.048412
4839.000000 0.050063
4840.000000 0.053705
4841.000000 0.051543
4842.000000 0.061494
4843.000000 0.063540
4844.000000 0.063682
4845.000000 0.062808
4846.000000 0.065682
4847.000000 0.059181
4848.000000 0.058360
4849.000000 0.059274
4850.000000 0.071278
4851.000000 0.078756
4852.000000 0.082189
4853.000000 0.074984
4854.000000 0.067736
4855.000000 0.071195
4856.000000 0.076049
4857.000000 0.064874
4858.000000 0.077910
4859.000000 0.067638
4860.000000 0.073580
4861.000000 0.081139
4862.000000 0.073006
4863.000000 0.063593
4864.000000 0.059983
4865.000000 0.063875
4866.000000 0.063008
4867.000000 0.057167
4868.000000 0.059200
4869.000000 0.053457
4870.000000 0.046902
4871.000000 0.047948
4872.000000 0.051088
4873.000000 0.048813
4874.000000 0.062868
4875.000000 0.055628
4876.000000 0.056921
4877.000000 0.056461
4878.000000 0.064967
4879.000000 0.056672
4880.000000 0.057213
4881.000000 0.058214
4882.000000 0.060938
4883.000000 0.062377
4884.000000 0.051658
4885.000000 0.060004
4886.000000 0.065726
4887.000000 0.062891
4888.000000 0.071623
4889.000000 0.062447
4890.000000 0.059008
4891.000000 0.069481
4892.000000 0.073959
4893.000000 0.076865
4894.000000 0.063511
4895.000000 0.073909
4896.000000 0.061101
4897.000000 0.060748
4898.000000 0.059919
4899.000000 0.057149
4900.000000 0.049063
4901.000000 0.060727
4902.000000 0.069331
4903.000000 0.064731
4904.000000 0.057355
4905.000000 0.056408
4906.000000 0.056100
4907.000000 0.064438
4908.000000 0.060857
4909.000000 0.056740
4910.000000 0.062323
4911.000000 0.071552
4912.000000 0.070962
4913.000000 0.065383
4914.000000 0.075437
4915.000000 0.081462
4916.000000 0.070239
4917.000000 0.067395
4918.000000 0.075139
4919.000000 0.076892
4920.000000 0.069101
4921.000000 0.062998
4922.000000 0.075071
4923.000000 0.065183
4924.000000 0.069758
4925.000000 0.064596
4926.000000 0.058839
4927.000000 0.058712
4928.000000 0.061705
4929.000000 0.059941
4930.000000 0.059977
4931.000000 0.064945
4932.000000 0.064759
4933.000000 0.054469
4934.000000 0.047493
4935.000000 0.053847
4936.000000 0.055146
4937.000000 0.045652
4938.000000 0.040751
4939.000000 0.052739
4940.000000 0.053207
4941.000000 0.053059
4942.000000 0.047988
4943.000000 0.050266
4944.000000 0.041826
4945.000000 0.045892
4946.000000 0.056252
4947.000000 0.055866
4948.000000 0.055999
4949.000000 0.058475
4950.000000 0.057997
4951.000000 0.057073
4952.000000 0.073744
4953.000000 0.075962
4954.000000 0.065588
4955.000000 0.069842
4956.000000 0.080773
4957.000000 0.072557
4958.000000 0.081965
4959.000000 0.090086
4960.000000 0.085911
4961.000000 0.076966
4962.000000 0.067219
4963.000000 0.067547
4964.000000 0.071711
4965.000000 0.072935
4966.000000 0.068865
4967.000000 0.063106
4968.000000 0.063347
4969.000000 0.057670
4970.000000 0.062714
4971.000000 0.061472
4972.000000 0.052457
4973.000000 0.061582
4974.000000 0.063284
4975.000000 0.057784
4976.000000 0.066336
4977.000000 0.064268
4978.000000 0.075564
4979.000000 0.077541
4980.000000 0.069699
4981.000000 0.071666
4982.000000 0.072852
4983.000000 0.074517
4984.000000 0.074140
4985.000000 0.071446
4986.000000 0.072085
4987.000000 0.063420
4988.000000 0.061210
4989.000000 0.061656
4990.000000 0.079428
4991.000000 0.069044
4992.000000 0.059039
4993.000000 0.054911
4994.000000 0.056598
4995.000000 0.065116
4996.000000 0.058136
4997.000000 0.066904
4998.000000 0.062666
4999.000000 0.076339
5000.000000 0.072435
