501.000000 0.044664
502.000000 0.041859
503.000000 0.047549
504.000000 0.040433
505.000000 0.034267
506.000000 0.031722
507.000000 0.030756
508.000000 0.036461
509.000000 0.038361
510.000000 0.039185
511.000000 0.038330
512.000000 0.036310
513.000000 0.035665
514.000000 0.029600
515.000000 0.030898
516.000000 0.031566
517.000000 0.036831
518.000000 0.039724
519.000000 0.042651
520.000000 0.041472
521.000000 0.037648
522.000000 0.035497
523.000000 0.039016
524.000000 0.042596
525.000000 0.040889
526.000000 0.037170
527.000000 0.034015
528.000000 0.034476
529.000000 0.032536
530.000000 0.031061
531.000000 0.037765
532.000000 0.035476
533.000000 0.038514
534.000000 0.037867
535.000000 0.041906
536.000000 0.046628
537.000000 0.048128
538.000000 0.047380
539.000000 0.045975
540.000000 0.042972
541.000000 0.047297
542.000000 0.042143
543.000000 0.038875
544.000000 0.037621
545.000000 0.035544
546.000000 0.037556
547.000000 0.051775
548.000000 0.046471
549.000000 0.039465
550.000000 0.035805
551.000000 0.036989
552.000000 0.040376
553.000000 0.041635
554.000000 0.041812
555.000000 0.041914
556.000000 0.041674
557.000000 0.046523
558.000000 0.043983
559.000000 0.036406
560.000000 0.033786
561.000000 0.036436
562.000000 0.034918
563.000000 0.033577
564.000000 0.035617
565.000000 0.034168
566.000000 0.033214
567.000000 0.033003
568.000000 0.038874
569.000000 0.037042
570.000000 0.041240
571.000000 0.041403
572.000000 0.039269
573.000000 0.047199
574.000000 0.044483
575.000000 0.042335
576.000000 0.041433
577.000000 0.035693
578.000000 0.037818
579.000000 0.037477
580.000000 0.036330
581.000000 0.037718
582.000000 0.039461
583.000000 0.038450
584.000000 0.034152
585.000000 0.041603
586.000000 0.044559
587.000000 0.047884
588.000000 0.043056
589.000000 0.044126
590.000000 0.037552
591.000000 0.048356
592.000000 0.045976
593.000000 0.042388
594.000000 0.037123
595.000000 0.033927
596.000000 0.033626
597.000000 0.034122
598.000000 0.034452
599.000000 0.033054
600.000000 0.032593
601.000000 0.038509
602.000000 0.043629
603.000000 0.050449
604.000000 0.047955
605.000000 0.044273
606.000000 0.045613
607.000000 0.045617
608.000000 0.048633
609.000000 0.042554
610.000000 0.044580
611.000000 0.042289
612.000000 0.034996
613.000000 0.031948
614.000000 0.026555
615.000000 0.025078
616.000000 0.022709
617.000000 0.020822
618.000000 0.023308
619.000000 0.031312
620.000000 0.032344
621.000000 0.042135
622.000000 0.041306
623.000000 0.044603
624.000000 0.048896
625.000000 0.051746
626.000000 0.053730
627.000000 0.048706
628.000000 0.047634
629.000000 0.046919
630.000000 0.045556
631.000000 0.037697
632.000000 0.037902
633.000000 0.036039
634.000000 0.038090
635.000000 0.033557
636.000000 0.034142
637.000000 0.032968
638.000000 0.042425
639.000000 0.036896
640.000000 0.036780
641.000000 0.035013
642.000000 0.034311
643.000000 0.034364
644.000000 0.039542
645.000000 0.035109
646.000000 0.036571
647.000000 0.034153
648.000000 0.032088
649.000000 0.032281
650.000000 0.039491
651.000000 0.033833
652.000000 0.032978
653.000000 0.041436
654.000000 0.042605
655.000000 0.042999
656.000000 0.047183
657.000000 0.051165
658.000000 0.059394
659.000000 0.054501
660.000000 0.046807
661.000000 0.044561
662.000000 0.041277
663.000000 0.038157
664.000000 0.041554
665.000000 0.041704
666.000000 0.038824
667.000000 0.035828
668.000000 0.033350
669.000000 0.032640
670.000000 0.030303
671.000000 0.029116
672.000000 0.026802
673.000000 0.024273
674.000000 0.024682
675.000000 0.029434
676.000000 0.033644
677.000000 0.040934
678.000000 0.044670
679.000000 0.047815
680.000000 0.048488
681.000000 0.046006
682.000000 0.042502
683.000000 0.041600
684.000000 0.039658
685.000000 0.035171
686.000000 0.031173
687.000000 0.031989
688.000000 0.036506
689.000000 0.032327
690.000000 0.030818
691.000000 0.032459
692.000000 0.027158
693.000000 0.029012
694.000000 0.034551
695.000000 0.041552
696.000000 0.037298
697.000000 0.034535
698.000000 0.036971
699.000000 0.034330
700.000000 0.033295
701.000000 0.032706
702.000000 0.033828
703.000000 0.039121
704.000000 0.040985
705.000000 0.043301
706.000000 0.044253
707.000000 0.039828
708.000000 0.042502
709.000000 0.039721
710.000000 0.038305
711.000000 0.044000
712.000000 0.043016
713.000000 0.040675
714.000000 0.036242
715.000000 0.038906
716.000000 0.034150
717.000000 0.038951
718.000000 0.037424
719.000000 0.037290
720.000000 0.037699
721.000000 0.035522
722.000000 0.034469
723.000000 0.037418
724.000000 0.037128
725.000000 0.034493
726.000000 0.033782
727.000000 0.033135
728.000000 0.030938
729.000000 0.031832
730.000000 0.031169
731.000000 0.033372
732.000000 0.041751
733.000000 0.041969
734.000000 0.042573
735.000000 0.044894
736.000000 0.045602
737.000000 0.043300
738.000000 0.039744
739.000000 0.039534
740.000000 0.043074
741.000000 0.045978
742.000000 0.045214
743.000000 0.044574
744.000000 0.040172
745.000000 0.039191
746.000000 0.039514
747.000000 0.039682
748.000000 0.035274
749.000000 0.035849
750.000000 0.032770
751.000000 0.035552
752.000000 0.033495
753.000000 0.035412
754.000000 0.037529
755.000000 0.035988
756.000000 0.038112
757.000000 0.038898
758.000000 0.043431
759.000000 0.040891
760.000000 0.035198
761.000000 0.033739
762.000000 0.036294
763.000000 0.032757
764.000000 0.032933
765.000000 0.032092
766.000000 0.033902
767.000000 0.032756
768.000000 0.037602
769.000000 0.036639
770.000000 0.035922
771.000000 0.038098
772.000000 0.039136
773.000000 0.035478
774.000000 0.036239
775.000000 0.032152
776.000000 0.026722
777.000000 0.025019
778.000000 0.034487
779.000000 0.042572
780.000000 0.042087
781.000000 0.036256
782.000000 0.041258
783.000000 0.047694
784.000000 0.041366
785.000000 0.038750
786.000000 0.042463
787.000000 0.036077
788.000000 0.043276
789.000000 0.037686
790.000000 0.042921
791.000000 0.039575
792.000000 0.034221
793.000000 0.037165
794.000000 0.033240
795.000000 0.031213
796.000000 0.026361
797.000000 0.025245
798.000000 0.025916
799.000000 0.027766
800.000000 0.023212
801.000000 0.033586
802.000000 0.029810
803.000000 0.036223
804.000000 0.039878
805.000000 0.040552
806.000000 0.039848
807.000000 0.036238
808.000000 0.034971
809.000000 0.038801
810.000000 0.042783
811.000000 0.042640
812.000000 0.038191
813.000000 0.035696
814.000000 0.031130
815.000000 0.030035
816.000000 0.029017
817.000000 0.030143
818.000000 0.028894
819.000000 0.029111
820.000000 0.027847
821.000000 0.027502
822.000000 0.030750
823.000000 0.030734
824.000000 0.033204
825.000000 0.034842
826.000000 0.039110
827.000000 0.040481
828.000000 0.039968
829.000000 0.039240
830.000000 0.037348
831.000000 0.034004
832.000000 0.034258
833.000000 0.034189
834.000000 0.031824
835.000000 0.031344
836.000000 0.028337
837.000000 0.031138
838.000000 0.033716
839.000000 0.033699
840.000000 0.038917
841.000000 0.040867
842.000000 0.048217
843.000000 0.055190
844.000000 0.047124
845.000000 0.049069
846.000000 0.044618
847.000000 0.039344
848.000000 0.036652
849.000000 0.035139
850.000000 0.033122
851.000000 0.030532
852.000000 0.028642
853.000000 0.031431
854.000000 0.034037
855.000000 0.040390
856.000000 0.036819
857.000000 0.032924
858.000000 0.029320
859.000000 0.028464
860.000000 0.034205
861.000000 0.037970
862.000000 0.047063
863.000000 0.040834
864.000000 0.043659
865.000000 0.043742
866.000000 0.043785
867.000000 0.037216
868.000000 0.042839
869.000000 0.040253
870.000000 0.040835
871.000000 0.040098
872.000000 0.039609
873.000000 0.040083
874.000000 0.038755
875.000000 0.034633
876.000000 0.035899
877.000000 0.036189
878.000000 0.037346
879.000000 0.038948
880.000000 0.037560
881.000000 0.043579
882.000000 0.039376
883.000000 0.038086
884.000000 0.035574
885.000000 0.039094
886.000000 0.039232
887.000000 0.038284
888.000000 0.034934
889.000000 0.034451
890.000000 0.033860
891.000000 0.033578
892.000000 0.030477
893.000000 0.035840
894.000000 0.043067
895.000000 0.037962
896.000000 0.037743
897.000000 0.049655
898.000000 0.041786
899.000000 0.037342
900.000000 0.033593
901.000000 0.031491
902.000000 0.033238
903.000000 0.037891
904.000000 0.036571
905.000000 0.035529
906.000000 0.037341
907.000000 0.035868
908.000000 0.039274
909.000000 0.037244
910.000000 0.042617
911.000000 0.039291
912.000000 0.036944
913.000000 0.032305
914.000000 0.032770
915.000000 0.037021
916.000000 0.040231
917.000000 0.035809
918.000000 0.035938
919.000000 0.036961
920.000000 0.035043
921.000000 0.036068
922.000000 0.037722
923.000000 0.040845
924.000000 0.041510
925.000000 0.036285
926.000000 0.037630
927.000000 0.039026
928.000000 0.032944
929.000000 0.036552
930.000000 0.039116
931.000000 0.034847
932.000000 0.035170
933.000000 0.035129
934.000000 0.032421
935.000000 0.035862
936.000000 0.033362
937.000000 0.037698
938.000000 0.033525
939.000000 0.038357
940.000000 0.037447
941.000000 0.033182
942.000000 0.040275
943.000000 0.042321
944.000000 0.037870
945.000000 0.035123
946.000000 0.033727
947.000000 0.036934
948.000000 0.034808
949.000000 0.031831
950.000000 0.040910
951.000000 0.042473
952.000000 0.046137
953.000000 0.043675
954.000000 0.043845
955.000000 0.046822
956.000000 0.043444
957.000000 0.036823
958.000000 0.036672
959.000000 0.041339
960.000000 0.038912
961.000000 0.036626
962.000000 0.038508
963.000000 0.035628
964.000000 0.037076
965.000000 0.037698
966.000000 0.032803
967.000000 0.028554
968.000000 0.037165
969.000000 0.033734
970.000000 0.039053
971.000000 0.033898
972.000000 0.028274
973.000000 0.030583
974.000000 0.035037
975.000000 0.035041
976.000000 0.033917
977.000000 0.034869
978.000000 0.034071
979.000000 0.038882
980.000000 0.038232
981.000000 0.037421
982.000000 0.038965
983.000000 0.032321
984.000000 0.036398
985.000000 0.036994
986.000000 0.036307
987.000000 0.043210
988.000000 0.040028
989.000000 0.037616
990.000000 0.035931
991.000000 0.037557
992.000000 0.041924
993.000000 0.037923
994.000000 0.036998
995.000000 0.036331
996.000000 0.046962
997.000000 0.042457
998.000000 0.038562
999.000000 0.037722
1000.000000 0.042319
1001.000000 0.041382
1002.000000 0.038200
1003.000000 0.033837
1004.000000 0.030516
1005.000000 0.033872
1006.000000 0.033684
1007.000000 0.042207
1008.000000 0.037844
1009.000000 0.042369
1010.000000 0.041067
1011.000000 0.035939
1012.000000 0.037884
1013.000000 0.040788
1014.000000 0.039230
1015.000000 0.036079
1016.000000 0.033416
1017.000000 0.033813
1018.000000 0.033242
1019.000000 0.030258
1020.000000 0.031989
1021.000000 0.034498
1022.000000 0.036081
1023.000000 0.035850
1024.000000 0.036499
1025.000000 0.033697
1026.000000 0.040587
1027.000000 0.046192
1028.000000 0.042761
1029.000000 0.039675
1030.000000 0.040585
1031.000000 0.037490
1032.000000 0.036107
1033.000000 0.035442
1034.000000 0.032798
1035.000000 0.029609
1036.000000 0.026678
1037.000000 0.030602
1038.000000 0.031483
1039.000000 0.036279
1040.000000 0.034926
1041.000000 0.033155
1042.000000 0.038810
1043.000000 0.038782
1044.000000 0.037397
1045.000000 0.040080
1046.000000 0.037404
1047.000000 0.044678
1048.000000 0.041217
1049.000000 0.042826
1050.000000 0.041659
1051.000000 0.040138
1052.000000 0.040041
1053.000000 0.038477
1054.000000 0.032445
1055.000000 0.036833
1056.000000 0.034642
1057.000000 0.039160
1058.000000 0.046500
1059.000000 0.043565
1060.000000 0.037409
1061.000000 0.037281
1062.000000 0.036322
1063.000000 0.033106
1064.000000 0.030709
1065.000000 0.033402
1066.000000 0.034191
1067.000000 0.038180
1068.000000 0.033068
1069.000000 0.032507
1070.000000 0.032251
1071.000000 0.041678
1072.000000 0.042764
1073.000000 0.043843
1074.000000 0.043697
1075.000000 0.041209
1076.000000 0.043392
1077.000000 0.038667
1078.000000 0.038174
1079.000000 0.033437
1080.000000 0.033441
1081.000000 0.031885
1082.000000 0.027914
1083.000000 0.028862
1084.000000 0.039043
1085.000000 0.033814
1086.000000 0.032777
1087.000000 0.030903
1088.000000 0.040847
1089.000000 0.034578
1090.000000 0.033177
1091.000000 0.033460
1092.000000 0.034232
1093.000000 0.035587
1094.000000 0.043251
1095.000000 0.049003
1096.000000 0.051716
1097.000000 0.047763
1098.000000 0.046884
1099.000000 0.043548
1100.000000 0.037920
1101.000000 0.044841
1102.000000 0.050039
1103.000000 0.045711
1104.000000 0.044227
1105.000000 0.041522
1106.000000 0.039735
1107.000000 0.036513
1108.000000 0.033505
1109.000000 0.030833
1110.000000 0.032140
1111.000000 0.028544
1112.000000 0.031491
1113.000000 0.026453
1114.000000 0.027903
1115.000000 0.032156
1116.000000 0.034244
1117.000000 0.037932
1118.000000 0.039849
1119.000000 0.044681
1120.000000 0.043983
1121.000000 0.040170
1122.000000 0.039677
1123.000000 0.038312
1124.000000 0.038570
1125.000000 0.034700
1126.000000 0.033221
1127.000000 0.030781
1128.000000 0.026731
1129.000000 0.032757
1130.000000 0.032266
1131.000000 0.035357
1132.000000 0.033670
1133.000000 0.044789
1134.000000 0.044498
1135.000000 0.038659
1136.000000 0.041601
1137.000000 0.047036
1138.000000 0.041296
1139.000000 0.043165
1140.000000 0.041476
1141.000000 0.042046
1142.000000 0.039674
1143.000000 0.035750
1144.000000 0.034475
1145.000000 0.032757
1146.000000 0.031952
1147.000000 0.031460
1148.000000 0.040981
1149.000000 0.042029
1150.000000 0.038843
1151.000000 0.037420
1152.000000 0.046012
1153.000000 0.047529
1154.000000 0.042020
1155.000000 0.044069
1156.000000 0.038041
1157.000000 0.033450
1158.000000 0.030423
1159.000000 0.028206
1160.000000 0.034123
1161.000000 0.036762
1162.000000 0.035506
1163.000000 0.031452
1164.000000 0.028310
1165.000000 0.026019
1166.000000 0.028643
1167.000000 0.033030
1168.000000 0.031852
1169.000000 0.030533
1170.000000 0.032014
1171.000000 0.031998
1172.000000 0.037085
1173.000000 0.034219
1174.000000 0.039463
1175.000000 0.044844
1176.000000 0.043745
1177.000000 0.044492
1178.000000 0.041431
1179.000000 0.036610
1180.000000 0.041461
1181.000000 0.036847
1182.000000 0.033104
1183.000000 0.032901
1184.000000 0.032151
1185.000000 0.031776
1186.000000 0.033157
1187.000000 0.033049
1188.000000 0.035360
1189.000000 0.032515
1190.000000 0.031281
1191.000000 0.032812
1192.000000 0.033649
1193.000000 0.036548
1194.000000 0.036235
1195.000000 0.035873
1196.000000 0.042421
1197.000000 0.039980
1198.000000 0.040398
1199.000000 0.040864
1200.000000 0.041846
1201.000000 0.046300
1202.000000 0.043732
1203.000000 0.039912
1204.000000 0.041994
1205.000000 0.041566
1206.000000 0.042313
1207.000000 0.045585
1208.000000 0.040168
1209.000000 0.034502
1210.000000 0.035052
1211.000000 0.032347
1212.000000 0.042715
1213.000000 0.037293
1214.000000 0.041514
1215.000000 0.040390
1216.000000 0.035532
1217.000000 0.030801
1218.000000 0.028528
1219.000000 0.036934
1220.000000 0.035874
1221.000000 0.039495
1222.000000 0.037857
1223.000000 0.041004
1224.000000 0.039809
1225.000000 0.044368
1226.000000 0.048543
1227.000000 0.048469
1228.000000 0.047888
1229.000000 0.045423
1230.000000 0.045617
1231.000000 0.046919
1232.000000 0.046476
1233.000000 0.039683
1234.000000 0.039579
1235.000000 0.040914
1236.000000 0.037783
1237.000000 0.034552
1238.000000 0.036150
1239.000000 0.032758
1240.000000 0.032365
1241.000000 0.028160
1242.000000 0.039235
1243.000000 0.035495
1244.000000 0.034707
1245.000000 0.039179
1246.000000 0.042137
1247.000000 0.038841
1248.000000 0.036580
1249.000000 0.036047
1250.000000 0.034300
1251.000000 0.034338
1252.000000 0.035966
1253.000000 0.034831
1254.000000 0.039455
1255.000000 0.042526
1256.000000 0.038016
1257.000000 0.048138
1258.000000 0.042639
1259.000000 0.043170
1260.000000 0.042431
1261.000000 0.043533
1262.000000 0.039261
1263.000000 0.040583
1264.000000 0.037423
1265.000000 0.033322
1266.000000 0.028633
1267.000000 0.026075
1268.000000 0.028519
1269.000000 0.029348
1270.000000 0.039791
1271.000000 0.035968
1272.000000 0.037210
1273.000000 0.045378
1274.000000 0.049443
1275.000000 0.049271
1276.000000 0.045723
1277.000000 0.046173
1278.000000 0.041433
1279.000000 0.041013
1280.000000 0.042040
1281.000000 0.039157
1282.000000 0.039070
1283.000000 0.033427
1284.000000 0.030676
1285.000000 0.031444
1286.000000 0.033965
1287.000000 0.034096
1288.000000 0.033063
1289.000000 0.032176
1290.000000 0.036629
1291.000000 0.040745
1292.000000 0.040037
1293.000000 0.037970
1294.000000 0.033989
1295.000000 0.036693
1296.000000 0.033998
1297.000000 0.038049
1298.000000 0.038130
1299.000000 0.037596
1300.000000 0.047470
1301.000000 0.043788
1302.000000 0.038536
1303.000000 0.036317
1304.000000 0.036376
1305.000000 0.031876
1306.000000 0.034811
1307.000000 0.039868
1308.000000 0.038965
1309.000000 0.039425
1310.000000 0.035133
1311.000000 0.034520
1312.000000 0.038877
1313.000000 0.033418
1314.000000 0.039930
1315.000000 0.036756
1316.000000 0.039069
1317.000000 0.038397
1318.000000 0.032458
1319.000000 0.037360
1320.000000 0.040529
1321.000000 0.038973
1322.000000 0.040055
1323.000000 0.038933
1324.000000 0.040570
1325.000000 0.044097
1326.000000 0.038190
1327.000000 0.044021
1328.000000 0.040662
1329.000000 0.038537
1330.000000 0.036660
1331.000000 0.036260
1332.000000 0.036150
1333.000000 0.036863
1334.000000 0.032955
1335.000000 0.036168
1336.000000 0.037586
1337.000000 0.036947
1338.000000 0.034012
1339.000000 0.031644
1340.000000 0.035097
1341.000000 0.039860
1342.000000 0.049284
1343.000000 0.051178
1344.000000 0.046974
1345.000000 0.041828
1346.000000 0.040106
1347.000000 0.036449
1348.000000 0.038414
1349.000000 0.031874
1350.000000 0.032798
1351.000000 0.029674
1352.000000 0.029186
1353.000000 0.025811
1354.000000 0.033567
1355.000000 0.030739
1356.000000 0.035718
1357.000000 0.041691
1358.000000 0.041355
1359.000000 0.042757
1360.000000 0.049709
1361.000000 0.050749
1362.000000 0.051142
1363.000000 0.045249
1364.000000 0.044031
1365.000000 0.039208
1366.000000 0.039182
1367.000000 0.035912
1368.000000 0.036825
1369.000000 0.033597
1370.000000 0.044735
1371.000000 0.042760
1372.000000 0.039988
1373.000000 0.038247
1374.000000 0.041158
1375.000000 0.040657
1376.000000 0.036028
1377.000000 0.036137
1378.000000 0.039693
1379.000000 0.038217
1380.000000 0.039319
1381.000000 0.042013
1382.000000 0.046145
1383.000000 0.051690
1384.000000 0.047924
1385.000000 0.047582
1386.000000 0.042712
1387.000000 0.043390
1388.000000 0.045433
1389.000000 0.042208
1390.000000 0.040894
1391.000000 0.038038
1392.000000 0.037333
1393.000000 0.038817
1394.000000 0.035762
1395.000000 0.042065
1396.000000 0.045850
1397.000000 0.041750
1398.000000 0.041075
1399.000000 0.041524
1400.000000 0.048475
1401.000000 0.046708
1402.000000 0.041221
1403.000000 0.040013
1404.000000 0.040850
1405.000000 0.043672
1406.000000 0.038987
1407.000000 0.037090
1408.000000 0.035928
1409.000000 0.032809
1410.000000 0.029209
1411.000000 0.035235
1412.000000 0.035147
1413.000000 0.040844
1414.000000 0.042557
1415.000000 0.043290
1416.000000 0.040064
1417.000000 0.035191
1418.000000 0.038181
1419.000000 0.045805
1420.000000 0.044749
1421.000000 0.038332
1422.000000 0.037708
1423.000000 0.040382
1424.000000 0.041445
1425.000000 0.037798
1426.000000 0.039147
1427.000000 0.040873
1428.000000 0.039613
1429.000000 0.040624
1430.000000 0.036255
1431.000000 0.036523
1432.000000 0.043576
1433.000000 0.042608
1434.000000 0.038934
1435.000000 0.040578
1436.000000 0.037220
1437.000000 0.035986
1438.000000 0.039652
1439.000000 0.042522
1440.000000 0.041805
1441.000000 0.036654
1442.000000 0.041177
1443.000000 0.038876
1444.000000 0.038022
1445.000000 0.034600
1446.000000 0.030773
1447.000000 0.028479
1448.000000 0.027621
1449.000000 0.033423
1450.000000 0.029591
1451.000000 0.026720
1452.000000 0.034262
1453.000000 0.030006
1454.000000 0.038230
1455.000000 0.045356
1456.000000 0.047388
1457.000000 0.049122
1458.000000 0.048190
1459.000000 0.046571
1460.000000 0.043268
1461.000000 0.038714
1462.000000 0.044387
1463.000000 0.042694
1464.000000 0.041514
1465.000000 0.039675
1466.000000 0.043142
1467.000000 0.038234
1468.000000 0.035227
1469.000000 0.035873
1470.000000 0.037114
1471.000000 0.035390
1472.000000 0.031267
1473.000000 0.029061
1474.000000 0.033431
1475.000000 0.039269
1476.000000 0.035024
1477.000000 0.033303
1478.000000 0.034185
1479.000000 0.032783
1480.000000 0.034760
1481.000000 0.040238
1482.000000 0.038421
1483.000000 0.044901
1484.000000 0.043103
1485.000000 0.040278
1486.000000 0.037818
1487.000000 0.045028
1488.000000 0.042092
1489.000000 0.045608
1490.000000 0.045731
1491.000000 0.048085
1492.000000 0.046600
1493.000000 0.042017
1494.000000 0.038965
1495.000000 0.036268
1496.000000 0.035128
1497.000000 0.031618
1498.000000 0.027603
1499.000000 0.027271
1500.000000 0.028171
1501.000000 0.028140
1502.000000 0.028870
1503.000000 0.029127
1504.000000 0.039912
1505.000000 0.043357
1506.000000 0.040594
1507.000000 0.039084
1508.000000 0.042201
1509.000000 0.044549
1510.000000 0.042603
1511.000000 0.037603
1512.000000 0.044483
1513.000000 0.043290
1514.000000 0.037877
1515.000000 0.031454
1516.000000 0.030680
1517.000000 0.036089
1518.000000 0.034388
1519.000000 0.042534
1520.000000 0.041865
1521.000000 0.045428
1522.000000 0.041319
1523.000000 0.037102
1524.000000 0.037454
1525.000000 0.037191
1526.000000 0.041392
1527.000000 0.046684
1528.000000 0.044917
1529.000000 0.042413
1530.000000 0.039114
1531.000000 0.036762
1532.000000 0.036882
1533.000000 0.030649
1534.000000 0.044147
1535.000000 0.045330
1536.000000 0.040205
1537.000000 0.041361
1538.000000 0.037177
1539.000000 0.039952
1540.000000 0.047446
1541.000000 0.043616
1542.000000 0.042084
1543.000000 0.038631
1544.000000 0.039108
1545.000000 0.033278
1546.000000 0.031226
1547.000000 0.030589
1548.000000 0.033869
1549.000000 0.038077
1550.000000 0.041585
1551.000000 0.037198
1552.000000 0.036288
1553.000000 0.032691
1554.000000 0.038169
1555.000000 0.036633
1556.000000 0.048527
1557.000000 0.051008
1558.000000 0.043830
1559.000000 0.042704
1560.000000 0.040870
1561.000000 0.047472
1562.000000 0.047362
1563.000000 0.042897
1564.000000 0.042168
1565.000000 0.037862
1566.000000 0.037405
1567.000000 0.033441
1568.000000 0.030194
1569.000000 0.027017
1570.000000 0.029364
1571.000000 0.027821
1572.000000 0.032392
1573.000000 0.036542
1574.000000 0.038163
1575.000000 0.044213
1576.000000 0.043328
1577.000000 0.044919
1578.000000 0.047315
1579.000000 0.045195
1580.000000 0.042116
1581.000000 0.040084
1582.000000 0.035644
1583.000000 0.038616
1584.000000 0.043295
1585.000000 0.045892
1586.000000 0.042004
1587.000000 0.040446
1588.000000 0.038879
1589.000000 0.041326
1590.000000 0.042251
1591.000000 0.041356
1592.000000 0.038592
1593.000000 0.040093
1594.000000 0.040832
1595.000000 0.039241
1596.000000 0.043612
1597.000000 0.041006
1598.000000 0.039272
1599.000000 0.037005
1600.000000 0.044468
1601.000000 0.036820
1602.000000 0.038294
1603.000000 0.041397
1604.000000 0.041444
1605.000000 0.042807
1606.000000 0.045137
1607.000000 0.039098
1608.000000 0.045131
1609.000000 0.043999
1610.000000 0.038982
1611.000000 0.039603
1612.000000 0.037623
1613.000000 0.036126
1614.000000 0.042764
1615.000000 0.037993
1616.000000 0.037403
1617.000000 0.038550
1618.000000 0.039223
1619.000000 0.040093
1620.000000 0.039735
1621.000000 0.036933
1622.000000 0.034558
1623.000000 0.030774
1624.000000 0.033502
1625.000000 0.038405
1626.000000 0.038622
1627.000000 0.043684
1628.000000 0.044589
1629.000000 0.041510
1630.000000 0.038507
1631.000000 0.043757
1632.000000 0.038834
1633.000000 0.037968
1634.000000 0.046014
1635.000000 0.041383
1636.000000 0.039923
1637.000000 0.036052
1638.000000 0.039990
1639.000000 0.035074
1640.000000 0.032375
1641.000000 0.027858
1642.000000 0.031058
1643.000000 0.031100
1644.000000 0.029035
1645.000000 0.035882
1646.000000 0.035985
1647.000000 0.040287
1648.000000 0.045296
1649.000000 0.049600
1650.000000 0.042886
1651.000000 0.041728
1652.000000 0.042819
1653.000000 0.039400
1654.000000 0.037444
1655.000000 0.037955
1656.000000 0.038008
1657.000000 0.040343
1658.000000 0.038778
1659.000000 0.034886
1660.000000 0.038396
1661.000000 0.034980
1662.000000 0.032666
1663.000000 0.035410
1664.000000 0.031548
1665.000000 0.030835
1666.000000 0.034875
1667.000000 0.031140
1668.000000 0.036524
1669.000000 0.036116
1670.000000 0.034592
1671.000000 0.039659
1672.000000 0.047819
1673.000000 0.042662
1674.000000 0.041548
1675.000000 0.046068
1676.000000 0.042571
1677.000000 0.044967
1678.000000 0.039293
1679.000000 0.035217
1680.000000 0.032821
1681.000000 0.033695
1682.000000 0.037109
1683.000000 0.042361
1684.000000 0.035403
1685.000000 0.032698
1686.000000 0.040776
1687.000000 0.042615
1688.000000 0.048523
1689.000000 0.041053
1690.000000 0.040703
1691.000000 0.042631
1692.000000 0.040850
1693.000000 0.038920
1694.000000 0.032673
1695.000000 0.035151
1696.000000 0.035756
1697.000000 0.034635
1698.000000 0.034787
1699.000000 0.033772
1700.000000 0.038445
1701.000000 0.044588
1702.000000 0.041255
1703.000000 0.041302
1704.000000 0.039234
1705.000000 0.037434
1706.000000 0.038192
1707.000000 0.042261
1708.000000 0.044885
1709.000000 0.044367
1710.000000 0.039308
1711.000000 0.038403
1712.000000 0.045492
1713.000000 0.050495
1714.000000 0.044342
1715.000000 0.041234
1716.000000 0.040233
1717.000000 0.044957
1718.000000 0.041971
1719.000000 0.039865
1720.000000 0.037693
1721.000000 0.035398
1722.000000 0.039272
1723.000000 0.035976
1724.000000 0.039435
1725.000000 0.039082
1726.000000 0.042587
1727.000000 0.035346
1728.000000 0.038175
1729.000000 0.043619
1730.000000 0.045790
1731.000000 0.044279
1732.000000 0.038152
1733.000000 0.039818
1734.000000 0.043041
1735.000000 0.047391
1736.000000 0.046581
1737.000000 0.039897
1738.000000 0.035967
1739.000000 0.042951
1740.000000 0.043138
1741.000000 0.036906
1742.000000 0.039005
1743.000000 0.038966
1744.000000 0.037331
1745.000000 0.042376
1746.000000 0.040958
1747.000000 0.037884
1748.000000 0.041415
1749.000000 0.036602
1750.000000 0.034192
1751.000000 0.036449
1752.000000 0.034481
1753.000000 0.036836
1754.000000 0.037469
1755.000000 0.034285
1756.000000 0.031206
1757.000000 0.026717
1758.000000 0.039554
1759.000000 0.039240
1760.000000 0.040411
1761.000000 0.041271
1762.000000 0.037432
1763.000000 0.040310
1764.000000 0.037569
1765.000000 0.037458
1766.000000 0.040364
1767.000000 0.046660
1768.000000 0.042445
1769.000000 0.040430
1770.000000 0.037146
1771.000000 0.037529
1772.000000 0.037274
1773.000000 0.041099
1774.000000 0.042394
1775.000000 0.037307
1776.000000 0.033972
1777.000000 0.032321
1778.000000 0.039608
1779.000000 0.033707
1780.000000 0.032842
1781.000000 0.032445
1782.000000 0.034467
1783.000000 0.036355
1784.000000 0.040414
1785.000000 0.041781
1786.000000 0.039540
1787.000000 0.034745
1788.000000 0.037166
1789.000000 0.038609
1790.000000 0.034982
1791.000000 0.030247
1792.000000 0.038606
1793.000000 0.040717
1794.000000 0.036201
1795.000000 0.034636
1796.000000 0.032474
1797.000000 0.034381
1798.000000 0.036593
1799.000000 0.042512
1800.000000 0.039980
1801.000000 0.035710
1802.000000 0.040142
1803.000000 0.040747
1804.000000 0.041084
1805.000000 0.043248
1806.000000 0.041217
1807.000000 0.037342
1808.000000 0.036765
1809.000000 0.034743
1810.000000 0.033907
1811.000000 0.036208
1812.000000 0.037578
1813.000000 0.033445
1814.000000 0.032631
1815.000000 0.029887
1816.000000 0.034956
1817.000000 0.034622
1818.000000 0.040888
1819.000000 0.045635
1820.000000 0.039244
1821.000000 0.039481
1822.000000 0.038909
1823.000000 0.035553
1824.000000 0.043352
1825.000000 0.045682
1826.000000 0.040660
1827.000000 0.037655
1828.000000 0.039605
1829.000000 0.039517
1830.000000 0.036685
1831.000000 0.040079
1832.000000 0.039334
1833.000000 0.036896
1834.000000 0.035093
1835.000000 0.036107
1836.000000 0.048416
1837.000000 0.047354
1838.000000 0.043371
1839.000000 0.035927
1840.000000 0.033105
1841.000000 0.034225
1842.000000 0.033248
1843.000000 0.030580
1844.000000 0.034102
1845.000000 0.038469
1846.000000 0.041881
1847.000000 0.044192
1848.000000 0.041361
1849.000000 0.034923
1850.000000 0.033115
1851.000000 0.033521
1852.000000 0.033068
1853.000000 0.037998
1854.000000 0.035596
1855.000000 0.036340
1856.000000 0.034654
1857.000000 0.037646
1858.000000 0.037748
1859.000000 0.050831
1860.000000 0.046921
1861.000000 0.045488
1862.000000 0.044307
1863.000000 0.044270
1864.000000 0.039529
1865.000000 0.038039
1866.000000 0.034458
1867.000000 0.032381
1868.000000 0.030733
1869.000000 0.029265
1870.000000 0.032250
1871.000000 0.035088
1872.000000 0.038633
1873.000000 0.044001
1874.000000 0.045828
1875.000000 0.045809
1876.000000 0.046133
1877.000000 0.047501
1878.000000 0.046696
1879.000000 0.043299
1880.000000 0.037984
1881.000000 0.038867
1882.000000 0.035477
1883.000000 0.038050
1884.000000 0.034370
1885.000000 0.031583
1886.000000 0.027684
1887.000000 0.024519
1888.000000 0.028945
1889.000000 0.027579
1890.000000 0.023062
1891.000000 0.025013
1892.000000 0.027893
1893.000000 0.036212
1894.000000 0.042324
1895.000000 0.046411
1896.000000 0.049368
1897.000000 0.048988
1898.000000 0.047593
1899.000000 0.049021
1900.000000 0.046778
1901.000000 0.040736
1902.000000 0.036909
1903.000000 0.041507
1904.000000 0.042299
1905.000000 0.037858
1906.000000 0.033016
1907.000000 0.029027
1908.000000 0.030871
1909.000000 0.036045
1910.000000 0.042536
1911.000000 0.041880
1912.000000 0.043101
1913.000000 0.043996
1914.000000 0.041475
1915.000000 0.036474
1916.000000 0.039014
1917.000000 0.041332
1918.000000 0.041467
1919.000000 0.038019
1920.000000 0.037044
1921.000000 0.034160
1922.000000 0.034582
1923.000000 0.034128
1924.000000 0.038576
1925.000000 0.034202
1926.000000 0.032260
1927.000000 0.030680
1928.000000 0.034441
1929.000000 0.033963
1930.000000 0.035317
1931.000000 0.038707
1932.000000 0.039833
1933.000000 0.039345
1934.000000 0.032725
1935.000000 0.028566
1936.000000 0.030910
1937.000000 0.028889
1938.000000 0.033011
1939.000000 0.034917
1940.000000 0.037874
1941.000000 0.040897
1942.000000 0.047047
1943.000000 0.043833
1944.000000 0.043467
1945.000000 0.039018
1946.000000 0.037415
1947.000000 0.037752
1948.000000 0.039828
1949.000000 0.040894
1950.000000 0.042988
1951.000000 0.040714
1952.000000 0.043501
1953.000000 0.043863
1954.000000 0.043331
1955.000000 0.039739
1956.000000 0.038578
1957.000000 0.040444
1958.000000 0.050125
1959.000000 0.045954
1960.000000 0.041929
1961.000000 0.039344
1962.000000 0.033518
1963.000000 0.031593
1964.000000 0.028382
1965.000000 0.026603
1966.000000 0.023767
1967.000000 0.029352
1968.000000 0.031075
1969.000000 0.027743
1970.000000 0.033793
1971.000000 0.036727
1972.000000 0.042296
1973.000000 0.046226
1974.000000 0.043116
1975.000000 0.044860
1976.000000 0.045111
1977.000000 0.042781
1978.000000 0.041088
1979.000000 0.041276
1980.000000 0.039336
1981.000000 0.035307
1982.000000 0.030385
1983.000000 0.025983
1984.000000 0.029961
1985.000000 0.030423
1986.000000 0.025704
1987.000000 0.031309
1988.000000 0.030028
1989.000000 0.038563
1990.000000 0.042388
1991.000000 0.038775
1992.000000 0.047999
1993.000000 0.043552
1994.000000 0.042704
1995.000000 0.036794
1996.000000 0.036747
1997.000000 0.041486
1998.000000 0.044236
1999.000000 0.045790
2000.000000 0.039669
2001.000000 0.040867
2002.000000 0.034505
2003.000000 0.039798
2004.000000 0.033977
2005.000000 0.034910
2006.000000 0.033531
2007.000000 0.029333
2008.000000 0.028930
2009.000000 0.026785
2010.000000 0.026580
2011.000000 0.041293
2012.000000 0.040477
2013.000000 0.043530
2014.000000 0.043455
2015.000000 0.047364
2016.000000 0.042463
2017.000000 0.040784
2018.000000 0.036536
2019.000000 0.036330
2020.000000 0.037504
2021.000000 0.036618
2022.000000 0.038783
2023.000000 0.038010
2024.000000 0.038771
2025.000000 0.036977
2026.000000 0.035738
2027.000000 0.040546
2028.000000 0.040837
2029.000000 0.041294
2030.000000 0.044016
2031.000000 0.047600
2032.000000 0.046745
2033.000000 0.045029
2034.000000 0.050319
2035.000000 0.046570
2036.000000 0.041261
2037.000000 0.042775
2038.000000 0.037281
2039.000000 0.036222
2040.000000 0.031686
2041.000000 0.032853
2042.000000 0.031951
2043.000000 0.033139
2044.000000 0.035574
2045.000000 0.033869
2046.000000 0.032117
2047.000000 0.032170
2048.000000 0.036386
2049.000000 0.033758
2050.000000 0.030210
2051.000000 0.033710
2052.000000 0.031368
2053.000000 0.041597
2054.000000 0.045084
2055.000000 0.047885
2056.000000 0.044973
2057.000000 0.048010
2058.000000 0.044617
2059.000000 0.042827
2060.000000 0.045500
2061.000000 0.041503
2062.000000 0.037746
2063.000000 0.033731
2064.000000 0.032470
2065.000000 0.028691
2066.000000 0.025618
2067.000000 0.038273
2068.000000 0.037902
2069.000000 0.033968
2070.000000 0.036227
2071.000000 0.043399
2072.000000 0.037418
2073.000000 0.041536
2074.000000 0.046300
2075.000000 0.044930
2076.000000 0.039268
2077.000000 0.041557
2078.000000 0.037069
2079.000000 0.032104
2080.000000 0.034486
2081.000000 0.031824
2082.000000 0.042048
2083.000000 0.038066
2084.000000 0.042154
2085.000000 0.042409
2086.000000 0.040247
2087.000000 0.035528
2088.000000 0.032892
2089.000000 0.035391
2090.000000 0.033395
2091.000000 0.035711
2092.000000 0.044177
2093.000000 0.041818
2094.000000 0.040901
2095.000000 0.035720
2096.000000 0.035327
2097.000000 0.034674
2098.000000 0.034972
2099.000000 0.037022
2100.000000 0.039621
2101.000000 0.040951
2102.000000 0.039296
2103.000000 0.035390
2104.000000 0.040895
2105.000000 0.035012
2106.000000 0.034685
2107.000000 0.036196
2108.000000 0.039927
2109.000000 0.038167
2110.000000 0.040096
2111.000000 0.042089
2112.000000 0.045853
2113.000000 0.040219
2114.000000 0.039089
2115.000000 0.037010
2116.000000 0.040487
2117.000000 0.040240
2118.000000 0.035743
2119.000000 0.030192
2120.000000 0.028329
2121.000000 0.028864
2122.000000 0.035628
2123.000000 0.044402
2124.000000 0.049540
2125.000000 0.045628
2126.000000 0.041333
2127.000000 0.038410
2128.000000 0.035425
2129.000000 0.034520
2130.000000 0.044103
2131.000000 0.042400
2132.000000 0.036912
2133.000000 0.035595
2134.000000 0.033197
2135.000000 0.030467
2136.000000 0.029230
2137.000000 0.029104
2138.000000 0.034201
2139.000000 0.032153
2140.000000 0.041119
2141.000000 0.041217
2142.000000 0.040726
2143.000000 0.037834
2144.000000 0.035356
2145.000000 0.039225
2146.000000 0.035423
2147.000000 0.038758
2148.000000 0.043748
2149.000000 0.037192
2150.000000 0.044642
2151.000000 0.041127
2152.000000 0.038367
2153.000000 0.037245
2154.000000 0.032789
2155.000000 0.035348
2156.000000 0.035916
2157.000000 0.038066
2158.000000 0.040853
2159.000000 0.037137
2160.000000 0.037242
2161.000000 0.037380
2162.000000 0.045498
2163.000000 0.039538
2164.000000 0.037975
2165.000000 0.040447
2166.000000 0.039513
2167.000000 0.036969
2168.000000 0.035413
2169.000000 0.036959
2170.000000 0.033540
2171.000000 0.031280
2172.000000 0.029290
2173.000000 0.036135
2174.000000 0.037799
2175.000000 0.042749
2176.000000 0.039858
2177.000000 0.034323
2178.000000 0.034473
2179.000000 0.030116
2180.000000 0.036831
2181.000000 0.031775
2182.000000 0.027777
2183.000000 0.030112
2184.000000 0.027885
2185.000000 0.031225
2186.000000 0.032583
2187.000000 0.031236
2188.000000 0.034020
2189.000000 0.030070
2190.000000 0.033390
2191.000000 0.035350
2192.000000 0.034861
2193.000000 0.034767
2194.000000 0.033372
2195.000000 0.038594
2196.000000 0.048269
2197.000000 0.047227
2198.000000 0.046740
2199.000000 0.042182
2200.000000 0.041261
2201.000000 0.039692
2202.000000 0.044669
2203.000000 0.041775
2204.000000 0.040565
2205.000000 0.039289
2206.000000 0.036197
2207.000000 0.037129
2208.000000 0.039058
2209.000000 0.036004
2210.000000 0.039425
2211.000000 0.035148
2212.000000 0.033468
2213.000000 0.037404
2214.000000 0.036234
2215.000000 0.039604
2216.000000 0.041014
2217.000000 0.041984
2218.000000 0.045355
2219.000000 0.042875
2220.000000 0.045646
2221.000000 0.044273
2222.000000 0.042507
2223.000000 0.038962
2224.000000 0.040056
2225.000000 0.037862
2226.000000 0.038196
2227.000000 0.037342
2228.000000 0.037038
2229.000000 0.033316
2230.000000 0.038007
2231.000000 0.034673
2232.000000 0.036504
2233.000000 0.039188
2234.000000 0.038911
2235.000000 0.034184
2236.000000 0.038710
2237.000000 0.044562
2238.000000 0.040936
2239.000000 0.041863
2240.000000 0.037601
2241.000000 0.034266
2242.000000 0.030393
2243.000000 0.035625
2244.000000 0.036584
2245.000000 0.035839
2246.000000 0.038253
2247.000000 0.038020
2248.000000 0.035949
2249.000000 0.040618
2250.000000 0.044314
2251.000000 0.040523
2252.000000 0.042513
2253.000000 0.044183
2254.000000 0.042225
2255.000000 0.047542
2256.000000 0.045455
2257.000000 0.047087
2258.000000 0.043516
2259.000000 0.038148
2260.000000 0.034958
2261.000000 0.035022
2262.000000 0.039530
2263.000000 0.044973
2264.000000 0.045212
2265.000000 0.045148
2266.000000 0.040149
2267.000000 0.043343
2268.000000 0.038607
2269.000000 0.032023
2270.000000 0.032953
2271.000000 0.036544
2272.000000 0.047024
2273.000000 0.042604
2274.000000 0.046885
2275.000000 0.041392
2276.000000 0.035743
2277.000000 0.035776
2278.000000 0.035192
2279.000000 0.031453
2280.000000 0.030809
2281.000000 0.030309
2282.000000 0.035087
2283.000000 0.032747
2284.000000 0.031442
2285.000000 0.031768
2286.000000 0.039675
2287.000000 0.040680
2288.000000 0.035717
2289.000000 0.033714
2290.000000 0.035073
2291.000000 0.043359
2292.000000 0.040421
2293.000000 0.039381
2294.000000 0.039050
2295.000000 0.038051
2296.000000 0.035661
2297.000000 0.038478
2298.000000 0.041551
2299.000000 0.043911
2300.000000 0.040801
2301.000000 0.040005
2302.000000 0.037014
2303.000000 0.033235
2304.000000 0.031363
2305.000000 0.030414
2306.000000 0.029924
2307.000000 0.036534
2308.000000 0.035196
2309.000000 0.036729
2310.000000 0.042854
2311.000000 0.041363
2312.000000 0.040859
2313.000000 0.036634
2314.000000 0.037780
2315.000000 0.037076
2316.000000 0.041405
2317.000000 0.044140
2318.000000 0.041955
2319.000000 0.041351
2320.000000 0.039549
2321.000000 0.034279
2322.000000 0.030216
2323.000000 0.035984
2324.000000 0.035790
2325.000000 0.033507
2326.000000 0.031490
2327.000000 0.034918
2328.000000 0.038187
2329.000000 0.034938
2330.000000 0.033114
2331.000000 0.031006
2332.000000 0.031060
2333.000000 0.031477
2334.000000 0.033307
2335.000000 0.039498
2336.000000 0.039593
2337.000000 0.039921
2338.000000 0.036513
2339.000000 0.032466
2340.000000 0.036329
2341.000000 0.039815
2342.000000 0.033441
2343.000000 0.032508
2344.000000 0.030304
2345.000000 0.032444
2346.000000 0.039174
2347.000000 0.039443
2348.000000 0.036869
2349.000000 0.034516
2350.000000 0.036959
2351.000000 0.037700
2352.000000 0.035531
2353.000000 0.037014
2354.000000 0.035767
2355.000000 0.039478
2356.000000 0.041704
2357.000000 0.038712
2358.000000 0.037316
2359.000000 0.036403
2360.000000 0.039523
2361.000000 0.033196
2362.000000 0.030936
2363.000000 0.041174
2364.000000 0.041674
2365.000000 0.041254
2366.000000 0.045631
2367.000000 0.045901
2368.000000 0.042505
2369.000000 0.043384
2370.000000 0.043635
2371.000000 0.040937
2372.000000 0.038628
2373.000000 0.032893
2374.000000 0.030394
2375.000000 0.029735
2376.000000 0.027176
2377.000000 0.035195
2378.000000 0.034907
2379.000000 0.036611
2380.000000 0.037594
2381.000000 0.041309
2382.000000 0.042831
2383.000000 0.046707
2384.000000 0.043332
2385.000000 0.052361
2386.000000 0.046575
2387.000000 0.048233
2388.000000 0.048567
2389.000000 0.044746
2390.000000 0.043256
2391.000000 0.037594
2392.000000 0.038287
2393.000000 0.035245
2394.000000 0.032120
2395.000000 0.035012
2396.000000 0.032236
2397.000000 0.030763
2398.000000 0.034474
2399.000000 0.034767
2400.000000 0.030310
2401.000000 0.037380
2402.000000 0.034602
2403.000000 0.032109
2404.000000 0.029844
2405.000000 0.031815
2406.000000 0.038697
2407.000000 0.039004
2408.000000 0.035258
2409.000000 0.040887
2410.000000 0.038242
2411.000000 0.037484
2412.000000 0.034053
2413.000000 0.031248
2414.000000 0.034393
2415.000000 0.042434
2416.000000 0.040772
2417.000000 0.041738
2418.000000 0.038960
2419.000000 0.037901
2420.000000 0.039156
2421.000000 0.044635
2422.000000 0.044439
2423.000000 0.047023
2424.000000 0.039993
2425.000000 0.041154
2426.000000 0.040164
2427.000000 0.038934
2428.000000 0.034698
2429.000000 0.037625
2430.000000 0.035715
2431.000000 0.037278
2432.000000 0.037829
2433.000000 0.034061
2434.000000 0.036115
2435.000000 0.037300
2436.000000 0.034948
2437.000000 0.039028
2438.000000 0.034518
2439.000000 0.037242
2440.000000 0.039074
2441.000000 0.041190
2442.000000 0.048090
2443.000000 0.048289
2444.000000 0.043869
2445.000000 0.037187
2446.000000 0.034648
2447.000000 0.036266
2448.000000 0.034161
2449.000000 0.043251
2450.000000 0.044579
2451.000000 0.042723
2452.000000 0.044196
2453.000000 0.040663
2454.000000 0.039421
2455.000000 0.040744
2456.000000 0.038602
2457.000000 0.040044
2458.000000 0.044704
2459.000000 0.039055
2460.000000 0.041069
2461.000000 0.038865
2462.000000 0.037446
2463.000000 0.032737
2464.000000 0.034816
2465.000000 0.036329
2466.000000 0.038529
2467.000000 0.039860
2468.000000 0.044945
2469.000000 0.041247
2470.000000 0.038512
2471.000000 0.031926
2472.000000 0.028909
2473.000000 0.024058
2474.000000 0.029140
2475.000000 0.026811
2476.000000 0.034088
2477.000000 0.034151
2478.000000 0.032727
2479.000000 0.031773
2480.000000 0.041700
2481.000000 0.038116
2482.000000 0.032624
2483.000000 0.037479
2484.000000 0.041994
2485.000000 0.037018
2486.000000 0.033604
2487.000000 0.029141
2488.000000 0.033044
2489.000000 0.033298
2490.000000 0.029502
2491.000000 0.033609
2492.000000 0.034490
2493.000000 0.041019
2494.000000 0.036874
2495.000000 0.035590
2496.000000 0.046862
2497.000000 0.050551
2498.000000 0.046972
2499.000000 0.046507
2500.000000 0.041906
2501.000000 0.040448
2502.000000 0.041210
2503.000000 0.035867
2504.000000 0.040954
2505.000000 0.037325
2506.000000 0.031188
2507.000000 0.032343
2508.000000 0.027282
2509.000000 0.030078
2510.000000 0.037252
2511.000000 0.036678
2512.000000 0.040925
2513.000000 0.045121
2514.000000 0.045344
2515.000000 0.040383
2516.000000 0.040215
2517.000000 0.039351
2518.000000 0.040216
2519.000000 0.040831
2520.000000 0.037267
2521.000000 0.041876
2522.000000 0.039346
2523.000000 0.043635
2524.000000 0.041623
2525.000000 0.038434
2526.000000 0.038932
2527.000000 0.034354
2528.000000 0.032917
2529.000000 0.035380
2530.000000 0.034922
2531.000000 0.038472
2532.000000 0.034120
2533.000000 0.038028
2534.000000 0.041461
2535.000000 0.038982
2536.000000 0.039078
2537.000000 0.040604
2538.000000 0.038513
2539.000000 0.036858
2540.000000 0.037531
2541.000000 0.037875
2542.000000 0.035610
2543.000000 0.030284
2544.000000 0.029385
2545.000000 0.031900
2546.000000 0.039797
2547.000000 0.042411
2548.000000 0.039431
2549.000000 0.036741
2550.000000 0.036141
2551.000000 0.032177
2552.000000 0.035895
2553.000000 0.041106
2554.000000 0.040719
2555.000000 0.035319
2556.000000 0.033938
2557.000000 0.029544
2558.000000 0.027192
2559.000000 0.030113
2560.000000 0.032093
2561.000000 0.035210
2562.000000 0.037791
2563.000000 0.044459
2564.000000 0.040823
2565.000000 0.040620
2566.000000 0.043492
2567.000000 0.046604
2568.000000 0.043086
2569.000000 0.046052
2570.000000 0.045094
2571.000000 0.037321
2572.000000 0.037153
2573.000000 0.041135
2574.000000 0.037148
2575.000000 0.031700
2576.000000 0.033280
2577.000000 0.034836
2578.000000 0.031837
2579.000000 0.035407
2580.000000 0.035409
2581.000000 0.036121
2582.000000 0.033995
2583.000000 0.038774
2584.000000 0.044804
2585.000000 0.047433
2586.000000 0.044443
2587.000000 0.043199
2588.000000 0.047789
2589.000000 0.046285
2590.000000 0.044824
2591.000000 0.039657
2592.000000 0.040322
2593.000000 0.046291
2594.000000 0.040077
2595.000000 0.038120
2596.000000 0.039103
2597.000000 0.033583
2598.000000 0.029593
2599.000000 0.028739
2600.000000 0.029015
2601.000000 0.034751
2602.000000 0.029792
2603.000000 0.029141
2604.000000 0.031724
2605.000000 0.033274
2606.000000 0.047865
2607.000000 0.045382
2608.000000 0.041396
2609.000000 0.046197
2610.000000 0.044000
2611.000000 0.038309
2612.000000 0.036986
2613.000000 0.033210
2614.000000 0.034740
2615.000000 0.034013
2616.000000 0.034129
2617.000000 0.036059
2618.000000 0.034122
2619.000000 0.030126
2620.000000 0.031631
2621.000000 0.034712
2622.000000 0.042788
2623.000000 0.040468
2624.000000 0.038601
2625.000000 0.042073
2626.000000 0.039915
2627.000000 0.039086
2628.000000 0.037507
2629.000000 0.033880
2630.000000 0.036311
2631.000000 0.035765
2632.000000 0.033090
2633.000000 0.032043
2634.000000 0.035988
2635.000000 0.032096
2636.000000 0.031078
2637.000000 0.037315
2638.000000 0.038040
2639.000000 0.037050
2640.000000 0.037418
2641.000000 0.037679
2642.000000 0.035830
2643.000000 0.035402
2644.000000 0.033486
2645.000000 0.031830
2646.000000 0.033917
2647.000000 0.035196
2648.000000 0.033731
2649.000000 0.038075
2650.000000 0.043112
2651.000000 0.038807
2652.000000 0.035616
2653.000000 0.033618
2654.000000 0.040456
2655.000000 0.036967
2656.000000 0.034292
2657.000000 0.032437
2658.000000 0.027964
2659.000000 0.032735
2660.000000 0.034870
2661.000000 0.036681
2662.000000 0.039893
2663.000000 0.041964
2664.000000 0.039861
2665.000000 0.041154
2666.000000 0.037270
2667.000000 0.037998
2668.000000 0.039639
2669.000000 0.039419
2670.000000 0.042874
2671.000000 0.043614
2672.000000 0.046939
2673.000000 0.044478
2674.000000 0.042767
2675.000000 0.036973
2676.000000 0.033944
2677.000000 0.030757
2678.000000 0.026404
2679.000000 0.031611
2680.000000 0.033849
2681.000000 0.032540
2682.000000 0.042690
2683.000000 0.052253
2684.000000 0.048598
2685.000000 0.045102
2686.000000 0.042069
2687.000000 0.042786
2688.000000 0.043124
2689.000000 0.039415
2690.000000 0.037141
2691.000000 0.038676
2692.000000 0.036325
2693.000000 0.034711
2694.000000 0.034007
2695.000000 0.028571
2696.000000 0.032859
2697.000000 0.029213
2698.000000 0.034032
2699.000000 0.032474
2700.000000 0.036758
2701.000000 0.033580
2702.000000 0.043078
2703.000000 0.043711
2704.000000 0.039269
2705.000000 0.042713
2706.000000 0.039587
2707.000000 0.041999
2708.000000 0.035260
2709.000000 0.042037
2710.000000 0.038199
2711.000000 0.037482
2712.000000 0.033144
2713.000000 0.040015
2714.000000 0.038183
2715.000000 0.038184
2716.000000 0.041653
2717.000000 0.039013
2718.000000 0.040487
2719.000000 0.041253
2720.000000 0.035691
2721.000000 0.033265
2722.000000 0.028405
2723.000000 0.028834
2724.000000 0.031445
2725.000000 0.036885
2726.000000 0.037059
2727.000000 0.042321
2728.000000 0.040676
2729.000000 0.039734
2730.000000 0.039263
2731.000000 0.042274
2732.000000 0.035792
2733.000000 0.035996
2734.000000 0.036244
2735.000000 0.031354
2736.000000 0.031252
2737.000000 0.034011
2738.000000 0.032062
2739.000000 0.033100
2740.000000 0.033822
2741.000000 0.032042
2742.000000 0.032738
2743.000000 0.040733
2744.000000 0.040021
2745.000000 0.043835
2746.000000 0.041898
2747.000000 0.038032
2748.000000 0.035842
2749.000000 0.035670
2750.000000 0.034877
2751.000000 0.031854
2752.000000 0.032825
2753.000000 0.032705
2754.000000 0.031743
2755.000000 0.031416
2756.000000 0.032030
2757.000000 0.033218
2758.000000 0.035120
2759.000000 0.039278
2760.000000 0.047951
2761.000000 0.045602
2762.000000 0.040384
2763.000000 0.038608
2764.000000 0.039004
2765.000000 0.036930
2766.000000 0.043397
2767.000000 0.039930
2768.000000 0.037583
2769.000000 0.037528
2770.000000 0.034818
2771.000000 0.037273
2772.000000 0.032012
2773.000000 0.032662
2774.000000 0.029433
2775.000000 0.032293
2776.000000 0.033265
2777.000000 0.032376
2778.000000 0.037581
2779.000000 0.034508
2780.000000 0.037070
2781.000000 0.033023
2782.000000 0.035941
2783.000000 0.040240
2784.000000 0.038684
2785.000000 0.040851
2786.000000 0.036316
2787.000000 0.035723
2788.000000 0.038209
2789.000000 0.034321
2790.000000 0.034055
2791.000000 0.042227
2792.000000 0.041674
2793.000000 0.042691
2794.000000 0.037812
2795.000000 0.042631
2796.000000 0.043255
2797.000000 0.041391
2798.000000 0.039415
2799.000000 0.037674
2800.000000 0.037454
2801.000000 0.038320
2802.000000 0.033372
2803.000000 0.033631
2804.000000 0.034632
2805.000000 0.031251
2806.000000 0.031642
2807.000000 0.042411
2808.000000 0.038941
2809.000000 0.033022
2810.000000 0.033420
2811.000000 0.046174
2812.000000 0.040534
2813.000000 0.043468
2814.000000 0.040126
2815.000000 0.037643
2816.000000 0.037531
2817.000000 0.035288
2818.000000 0.036764
2819.000000 0.031827
2820.000000 0.033181
2821.000000 0.032497
2822.000000 0.027003
2823.000000 0.032108
2824.000000 0.034931
2825.000000 0.032087
2826.000000 0.033394
2827.000000 0.033545
2828.000000 0.032166
2829.000000 0.033464
2830.000000 0.031132
2831.000000 0.036923
2832.000000 0.049381
2833.000000 0.051288
2834.000000 0.045618
2835.000000 0.039089
2836.000000 0.034377
2837.000000 0.038219
2838.000000 0.038385
2839.000000 0.039339
2840.000000 0.039830
2841.000000 0.042570
2842.000000 0.038565
2843.000000 0.037697
2844.000000 0.035916
2845.000000 0.037223
2846.000000 0.034195
2847.000000 0.036418
2848.000000 0.033976
2849.000000 0.043975
2850.000000 0.039942
2851.000000 0.036767
2852.000000 0.035369
2853.000000 0.039079
2854.000000 0.044470
2855.000000 0.042229
2856.000000 0.044766
2857.000000 0.043347
2858.000000 0.041433
2859.000000 0.040730
2860.000000 0.040118
2861.000000 0.037735
2862.000000 0.037268
2863.000000 0.032334
2864.000000 0.032117
2865.000000 0.035095
2866.000000 0.033997
2867.000000 0.030714
2868.000000 0.035623
2869.000000 0.039024
2870.000000 0.041337
2871.000000 0.042681
2872.000000 0.046754
2873.000000 0.040200
2874.000000 0.035092
2875.000000 0.035895
2876.000000 0.037841
2877.000000 0.039763
2878.000000 0.038601
2879.000000 0.034233
2880.000000 0.031437
2881.000000 0.029236
2882.000000 0.035355
2883.000000 0.045927
2884.000000 0.049593
2885.000000 0.047293
2886.000000 0.044393
2887.000000 0.040518
2888.000000 0.042774
2889.000000 0.040408
2890.000000 0.034393
2891.000000 0.031076
2892.000000 0.031156
2893.000000 0.027099
2894.000000 0.030264
2895.000000 0.033244
2896.000000 0.028697
2897.000000 0.031686
2898.000000 0.035952
2899.000000 0.040274
2900.000000 0.034587
2901.000000 0.039851
2902.000000 0.037735
2903.000000 0.039140
2904.000000 0.041050
2905.000000 0.036336
2906.000000 0.037515
2907.000000 0.034371
2908.000000 0.034295
2909.000000 0.035548
2910.000000 0.036363
2911.000000 0.033777
2912.000000 0.032056
2913.000000 0.038365
2914.000000 0.038783
2915.000000 0.037128
2916.000000 0.030788
2917.000000 0.034456
2918.000000 0.036088
2919.000000 0.036073
2920.000000 0.041460
2921.000000 0.038706
2922.000000 0.039524
2923.000000 0.036882
2924.000000 0.036833
2925.000000 0.034540
2926.000000 0.037762
2927.000000 0.037960
2928.000000 0.034360
2929.000000 0.036926
2930.000000 0.040915
2931.000000 0.039664
2932.000000 0.036957
2933.000000 0.036722
2934.000000 0.035610
2935.000000 0.041952
2936.000000 0.042424
2937.000000 0.039851
2938.000000 0.037568
2939.000000 0.035465
2940.000000 0.038247
2941.000000 0.043373
2942.000000 0.043078
2943.000000 0.039947
2944.000000 0.038419
2945.000000 0.037891
2946.000000 0.037310
2947.000000 0.036292
2948.000000 0.036443
2949.000000 0.037136
2950.000000 0.035508
2951.000000 0.041647
2952.000000 0.036225
2953.000000 0.035971
2954.000000 0.033144
2955.000000 0.037089
2956.000000 0.036062
2957.000000 0.035337
2958.000000 0.030331
2959.000000 0.030287
2960.000000 0.042433
2961.000000 0.041139
2962.000000 0.045070
2963.000000 0.041269
2964.000000 0.039537
2965.000000 0.044187
2966.000000 0.045692
2967.000000 0.048183
2968.000000 0.044934
2969.000000 0.039574
2970.000000 0.036909
2971.000000 0.035250
2972.000000 0.038348
2973.000000 0.036109
2974.000000 0.035417
2975.000000 0.033612
2976.000000 0.033391
2977.000000 0.030127
2978.000000 0.029195
2979.000000 0.033055
2980.000000 0.039732
2981.000000 0.042167
2982.000000 0.041420
2983.000000 0.042572
2984.000000 0.043542
2985.000000 0.048414
2986.000000 0.040907
2987.000000 0.037536
2988.000000 0.034044
2989.000000 0.032849
2990.000000 0.030974
2991.000000 0.029946
2992.000000 0.032029
2993.000000 0.036873
2994.000000 0.038158
2995.000000 0.036155
2996.000000 0.032573
2997.000000 0.031505
2998.000000 0.031270
2999.000000 0.036873
3000.000000 0.036220
3001.000000 0.036155
3002.000000 0.040874
3003.000000 0.044923
3004.000000 0.043880
3005.000000 0.046657
3006.000000 0.045364
3007.000000 0.042526
3008.000000 0.046757
3009.000000 0.040561
3010.000000 0.042548
3011.000000 0.038026
3012.000000 0.033833
3013.000000 0.031445
3014.000000 0.032885
3015.000000 0.028957
3016.000000 0.028794
3017.000000 0.033286
3018.000000 0.036631
3019.000000 0.034279
3020.000000 0.039939
3021.000000 0.036293
3022.000000 0.034069
3023.000000 0.028481
3024.000000 0.029765
3025.000000 0.028903
3026.000000 0.035486
3027.000000 0.038723
3028.000000 0.052648
3029.000000 0.049022
3030.000000 0.049744
3031.000000 0.046295
3032.000000 0.041436
3033.000000 0.036469
3034.000000 0.034677
3035.000000 0.039694
3036.000000 0.035097
3037.000000 0.039362
3038.000000 0.043240
3039.000000 0.040426
3040.000000 0.042524
3041.000000 0.043661
3042.000000 0.042421
3043.000000 0.037529
3044.000000 0.036649
3045.000000 0.032515
3046.000000 0.035235
3047.000000 0.038767
3048.000000 0.033881
3049.000000 0.032159
3050.000000 0.033463
3051.000000 0.043795
3052.000000 0.044294
3053.000000 0.040435
3054.000000 0.041301
3055.000000 0.049591
3056.000000 0.045654
3057.000000 0.041487
3058.000000 0.040109
3059.000000 0.037989
3060.000000 0.038534
3061.000000 0.036586
3062.000000 0.037251
3063.000000 0.036371
3064.000000 0.037204
3065.000000 0.038675
3066.000000 0.040219
3067.000000 0.038924
3068.000000 0.036652
3069.000000 0.032940
3070.000000 0.030993
3071.000000 0.028196
3072.000000 0.028867
3073.000000 0.032600
3074.000000 0.033877
3075.000000 0.034461
3076.000000 0.037372
3077.000000 0.036559
3078.000000 0.036249
3079.000000 0.036318
3080.000000 0.032296
3081.000000 0.035618
3082.000000 0.038668
3083.000000 0.035762
3084.000000 0.034158
3085.000000 0.040362
3086.000000 0.039159
3087.000000 0.041867
3088.000000 0.042332
3089.000000 0.036926
3090.000000 0.037844
3091.000000 0.040640
3092.000000 0.043627
3093.000000 0.044234
3094.000000 0.047680
3095.000000 0.049304
3096.000000 0.047774
3097.000000 0.046648
3098.000000 0.048078
3099.000000 0.046069
3100.000000 0.042888
3101.000000 0.046651
3102.000000 0.043829
3103.000000 0.038981
3104.000000 0.037105
3105.000000 0.032765
3106.000000 0.032276
3107.000000 0.034259
3108.000000 0.038663
3109.000000 0.038881
3110.000000 0.034798
3111.000000 0.031697
3112.000000 0.029224
3113.000000 0.030037
3114.000000 0.026953
3115.000000 0.039615
3116.000000 0.040374
3117.000000 0.038309
3118.000000 0.040061
3119.000000 0.035863
3120.000000 0.035205
3121.000000 0.039472
3122.000000 0.037674
3123.000000 0.044071
3124.000000 0.042747
3125.000000 0.043278
3126.000000 0.038256
3127.000000 0.037569
3128.000000 0.044288
3129.000000 0.039559
3130.000000 0.040347
3131.000000 0.046141
3132.000000 0.044766
3133.000000 0.042272
3134.000000 0.042598
3135.000000 0.041616
3136.000000 0.040532
3137.000000 0.040692
3138.000000 0.037887
3139.000000 0.033304
3140.000000 0.032865
3141.000000 0.040245
3142.000000 0.039120
3143.000000 0.039839
3144.000000 0.043551
3145.000000 0.042885
3146.000000 0.041897
3147.000000 0.043981
3148.000000 0.043887
3149.000000 0.040154
3150.000000 0.034122
3151.000000 0.033449
3152.000000 0.034987
3153.000000 0.043455
3154.000000 0.042840
3155.000000 0.040900
3156.000000 0.037452
3157.000000 0.042970
3158.000000 0.039079
3159.000000 0.034849
3160.000000 0.031844
3161.000000 0.031420
3162.000000 0.033484
3163.000000 0.037745
3164.000000 0.036563
3165.000000 0.038095
3166.000000 0.035754
3167.000000 0.035385
3168.000000 0.034373
3169.000000 0.029403
3170.000000 0.032294
3171.000000 0.028718
3172.000000 0.033706
3173.000000 0.034124
3174.000000 0.036250
3175.000000 0.039924
3176.000000 0.035046
3177.000000 0.037945
3178.000000 0.036889
3179.000000 0.037077
3180.000000 0.034432
3181.000000 0.035709
3182.000000 0.032420
3183.000000 0.041075
3184.000000 0.044663
3185.000000 0.040937
3186.000000 0.042379
3187.000000 0.040580
3188.000000 0.041742
3189.000000 0.036419
3190.000000 0.043043
3191.000000 0.045000
3192.000000 0.040499
3193.000000 0.043922
3194.000000 0.039515
3195.000000 0.035537
3196.000000 0.031051
3197.000000 0.032946
3198.000000 0.030327
3199.000000 0.035556
3200.000000 0.034937
3201.000000 0.030927
3202.000000 0.037040
3203.000000 0.038900
3204.000000 0.036058
3205.000000 0.034568
3206.000000 0.032179
3207.000000 0.035721
3208.000000 0.036924
3209.000000 0.041409
3210.000000 0.038567
3211.000000 0.036196
3212.000000 0.036239
3213.000000 0.035611
3214.000000 0.032397
3215.000000 0.034666
3216.000000 0.037366
3217.000000 0.035993
3218.000000 0.032988
3219.000000 0.031861
3220.000000 0.031553
3221.000000 0.029306
3222.000000 0.030094
3223.000000 0.035808
3224.000000 0.040790
3225.000000 0.036559
3226.000000 0.037652
3227.000000 0.040159
3228.000000 0.038013
3229.000000 0.035958
3230.000000 0.032165
3231.000000 0.040099
3232.000000 0.046606
3233.000000 0.047788
3234.000000 0.047727
3235.000000 0.044423
3236.000000 0.038684
3237.000000 0.036275
3238.000000 0.033868
3239.000000 0.030141
3240.000000 0.031746
3241.000000 0.042273
3242.000000 0.041577
3243.000000 0.040341
3244.000000 0.043318
3245.000000 0.039799
3246.000000 0.036486
3247.000000 0.038426
3248.000000 0.044776
3249.000000 0.041092
3250.000000 0.043126
3251.000000 0.037468
3252.000000 0.033439
3253.000000 0.032408
3254.000000 0.032131
3255.000000 0.034378
3256.000000 0.032999
3257.000000 0.035675
3258.000000 0.035051
3259.000000 0.033802
3260.000000 0.039907
3261.000000 0.035867
3262.000000 0.046286
3263.000000 0.048097
3264.000000 0.043881
3265.000000 0.038859
3266.000000 0.038831
3267.000000 0.034379
3268.000000 0.038121
3269.000000 0.039576
3270.000000 0.039812
3271.000000 0.036334
3272.000000 0.036755
3273.000000 0.037787
3274.000000 0.034816
3275.000000 0.030768
3276.000000 0.032912
3277.000000 0.035125
3278.000000 0.042103
3279.000000 0.039446
3280.000000 0.042566
3281.000000 0.042878
3282.000000 0.036866
3283.000000 0.036390
3284.000000 0.032742
3285.000000 0.035991
3286.000000 0.041129
3287.000000 0.036941
3288.000000 0.041814
3289.000000 0.041979
3290.000000 0.042385
3291.000000 0.043831
3292.000000 0.039358
3293.000000 0.034210
3294.000000 0.031913
3295.000000 0.029920
3296.000000 0.030737
3297.000000 0.032961
3298.000000 0.035253
3299.000000 0.035234
3300.000000 0.039100
3301.000000 0.042101
3302.000000 0.041650
3303.000000 0.036727
3304.000000 0.040346
3305.000000 0.037567
3306.000000 0.039432
3307.000000 0.037301
3308.000000 0.033399
3309.000000 0.037379
3310.000000 0.035525
3311.000000 0.032611
3312.000000 0.029894
3313.000000 0.028541
3314.000000 0.028462
3315.000000 0.033120
3316.000000 0.031427
3317.000000 0.033169
3318.000000 0.037672
3319.000000 0.037383
3320.000000 0.041417
3321.000000 0.043028
3322.000000 0.043337
3323.000000 0.049726
3324.000000 0.043567
3325.000000 0.045269
3326.000000 0.046683
3327.000000 0.043205
3328.000000 0.043885
3329.000000 0.040105
3330.000000 0.039633
3331.000000 0.042118
3332.000000 0.038500
3333.000000 0.037889
3334.000000 0.036959
3335.000000 0.034919
3336.000000 0.035508
3337.000000 0.033545
3338.000000 0.034862
3339.000000 0.033200
3340.000000 0.034065
3341.000000 0.035605
3342.000000 0.032769
3343.000000 0.036314
3344.000000 0.034263
3345.000000 0.034661
3346.000000 0.031377
3347.000000 0.032474
3348.000000 0.031263
3349.000000 0.031347
3350.000000 0.035148
3351.000000 0.032720
3352.000000 0.031080
3353.000000 0.032357
3354.000000 0.045308
3355.000000 0.045111
3356.000000 0.052195
3357.000000 0.047865
3358.000000 0.044239
3359.000000 0.040509
3360.000000 0.042726
3361.000000 0.039238
3362.000000 0.039982
3363.000000 0.040144
3364.000000 0.036602
3365.000000 0.047173
3366.000000 0.047746
3367.000000 0.041692
3368.000000 0.038646
3369.000000 0.035055
3370.000000 0.034364
3371.000000 0.035732
3372.000000 0.034907
3373.000000 0.029016
3374.000000 0.033388
3375.000000 0.038085
3376.000000 0.039433
3377.000000 0.042284
3378.000000 0.042978
3379.000000 0.048172
3380.000000 0.050144
3381.000000 0.051903
3382.000000 0.046859
3383.000000 0.050270
3384.000000 0.048911
3385.000000 0.047355
3386.000000 0.042731
3387.000000 0.042764
3388.000000 0.041488
3389.000000 0.038600
3390.000000 0.036568
3391.000000 0.032178
3392.000000 0.030524
3393.000000 0.032498
3394.000000 0.031931
3395.000000 0.036033
3396.000000 0.031465
3397.000000 0.038129
3398.000000 0.042756
3399.000000 0.040389
3400.000000 0.044619
3401.000000 0.038987
3402.000000 0.042061
3403.000000 0.039241
3404.000000 0.042079
3405.000000 0.039206
3406.000000 0.038909
3407.000000 0.035968
3408.000000 0.036060
3409.000000 0.032016
3410.000000 0.033025
3411.000000 0.035762
3412.000000 0.038882
3413.000000 0.035987
3414.000000 0.036368
3415.000000 0.034382
3416.000000 0.037374
3417.000000 0.043007
3418.000000 0.044050
3419.000000 0.041570
3420.000000 0.047265
3421.000000 0.043407
3422.000000 0.046253
3423.000000 0.049769
3424.000000 0.045718
3425.000000 0.042594
3426.000000 0.035266
3427.000000 0.032962
3428.000000 0.030047
3429.000000 0.028699
3430.000000 0.026777
3431.000000 0.030442
3432.000000 0.028353
3433.000000 0.035218
3434.000000 0.030532
3435.000000 0.030773
3436.000000 0.028434
3437.000000 0.033849
3438.000000 0.041797
3439.000000 0.042638
3440.000000 0.041297
3441.000000 0.041797
3442.000000 0.041525
3443.000000 0.037197
3444.000000 0.040877
3445.000000 0.033869
3446.000000 0.030438
3447.000000 0.030583
3448.000000 0.032023
3449.000000 0.029568
3450.000000 0.039962
3451.000000 0.044945
3452.000000 0.043355
3453.000000 0.045517
3454.000000 0.046787
3455.000000 0.042631
3456.000000 0.039799
3457.000000 0.038581
3458.000000 0.040630
3459.000000 0.034483
3460.000000 0.029348
3461.000000 0.030287
3462.000000 0.029598
3463.000000 0.029434
3464.000000 0.030111
3465.000000 0.036283
3466.000000 0.034243
3467.000000 0.031485
3468.000000 0.034061
3469.000000 0.035997
3470.000000 0.032334
3471.000000 0.032291
3472.000000 0.032649
3473.000000 0.035023
3474.000000 0.038288
3475.000000 0.052418
3476.000000 0.050321
3477.000000 0.042998
3478.000000 0.044443
3479.000000 0.038393
3480.000000 0.041415
3481.000000 0.040260
3482.000000 0.040718
3483.000000 0.037874
3484.000000 0.038472
3485.000000 0.039996
3486.000000 0.040894
3487.000000 0.035572
3488.000000 0.035153
3489.000000 0.029718
3490.000000 0.028066
3491.000000 0.031024
3492.000000 0.028579
3493.000000 0.033711
3494.000000 0.040117
3495.000000 0.037839
3496.000000 0.032896
3497.000000 0.032386
3498.000000 0.035150
3499.000000 0.036580
3500.000000 0.034841
3501.000000 0.041190
3502.000000 0.043381
3503.000000 0.039959
3504.000000 0.038433
3505.000000 0.039783
3506.000000 0.040445
3507.000000 0.048878
3508.000000 0.040457
3509.000000 0.037708
3510.000000 0.038979
3511.000000 0.037209
3512.000000 0.035052
3513.000000 0.049155
3514.000000 0.046272
3515.000000 0.043596
3516.000000 0.045270
3517.000000 0.046484
3518.000000 0.039256
3519.000000 0.034168
3520.000000 0.040314
3521.000000 0.036185
3522.000000 0.037121
3523.000000 0.035932
3524.000000 0.031720
3525.000000 0.033302
3526.000000 0.037252
3527.000000 0.034487
3528.000000 0.039760
3529.000000 0.042898
3530.000000 0.046465
3531.000000 0.044558
3532.000000 0.042467
3533.000000 0.041676
3534.000000 0.039565
3535.000000 0.039837
3536.000000 0.041472
3537.000000 0.044723
3538.000000 0.042347
3539.000000 0.044138
3540.000000 0.039136
3541.000000 0.034600
3542.000000 0.033412
3543.000000 0.032700
3544.000000 0.030719
3545.000000 0.030430
3546.000000 0.037229
3547.000000 0.037883
3548.000000 0.032871
3549.000000 0.032294
3550.000000 0.036669
3551.000000 0.036768
3552.000000 0.046135
3553.000000 0.045318
3554.000000 0.041238
3555.000000 0.041645
3556.000000 0.036818
3557.000000 0.031912
3558.000000 0.028726
3559.000000 0.033280
3560.000000 0.031079
3561.000000 0.033934
3562.000000 0.032708
3563.000000 0.033724
3564.000000 0.037218
3565.000000 0.042574
3566.000000 0.040968
3567.000000 0.035958
3568.000000 0.037555
3569.000000 0.042462
3570.000000 0.042093
3571.000000 0.038482
3572.000000 0.041142
3573.000000 0.039257
3574.000000 0.037864
3575.000000 0.041779
3576.000000 0.042004
3577.000000 0.036113
3578.000000 0.041021
3579.000000 0.037808
3580.000000 0.032343
3581.000000 0.030184
3582.000000 0.035591
3583.000000 0.030330
3584.000000 0.042582
3585.000000 0.044155
3586.000000 0.040638
3587.000000 0.046423
3588.000000 0.040161
3589.000000 0.037770
3590.000000 0.032619
3591.000000 0.029205
3592.000000 0.029966
3593.000000 0.033693
3594.000000 0.032988
3595.000000 0.040903
3596.000000 0.041669
3597.000000 0.036925
3598.000000 0.039056
3599.000000 0.039148
3600.000000 0.040372
3601.000000 0.041824
3602.000000 0.047504
3603.000000 0.043237
3604.000000 0.038234
3605.000000 0.037659
3606.000000 0.036557
3607.000000 0.035453
3608.000000 0.035862
3609.000000 0.032140
3610.000000 0.038062
3611.000000 0.038607
3612.000000 0.040405
3613.000000 0.036073
3614.000000 0.038315
3615.000000 0.037685
3616.000000 0.042637
3617.000000 0.039463
3618.000000 0.037723
3619.000000 0.035233
3620.000000 0.034241
3621.000000 0.031358
3622.000000 0.032042
3623.000000 0.035637
3624.000000 0.035235
3625.000000 0.032861
3626.000000 0.037935
3627.000000 0.041562
3628.000000 0.045162
3629.000000 0.042684
3630.000000 0.037798
3631.000000 0.039710
3632.000000 0.034451
3633.000000 0.039432
3634.000000 0.042327
3635.000000 0.044103
3636.000000 0.042078
3637.000000 0.036562
3638.000000 0.038940
3639.000000 0.036423
3640.000000 0.042103
3641.000000 0.040075
3642.000000 0.035173
3643.000000 0.035976
3644.000000 0.033347
3645.000000 0.035350
3646.000000 0.036714
3647.000000 0.038180
3648.000000 0.040474
3649.000000 0.034537
3650.000000 0.036994
3651.000000 0.035502
3652.000000 0.032241
3653.000000 0.031360
3654.000000 0.031852
3655.000000 0.031519
3656.000000 0.037580
3657.000000 0.034406
3658.000000 0.038868
3659.000000 0.039988
3660.000000 0.037384
3661.000000 0.035176
3662.000000 0.035041
3663.000000 0.039634
3664.000000 0.042335
3665.000000 0.043254
3666.000000 0.045437
3667.000000 0.044331
3668.000000 0.043727
3669.000000 0.043179
3670.000000 0.042589
3671.000000 0.043042
3672.000000 0.040011
3673.000000 0.034953
3674.000000 0.035225
3675.000000 0.036476
3676.000000 0.035028
3677.000000 0.029062
3678.000000 0.030134
3679.000000 0.025962
3680.000000 0.026274
3681.000000 0.031959
3682.000000 0.033231
3683.000000 0.032320
3684.000000 0.035174
3685.000000 0.036637
3686.000000 0.037163
3687.000000 0.038076
3688.000000 0.039736
3689.000000 0.042476
3690.000000 0.041360
3691.000000 0.040121
3692.000000 0.039627
3693.000000 0.038665
3694.000000 0.043457
3695.000000 0.038955
3696.000000 0.037741
3697.000000 0.034660
3698.000000 0.034783
3699.000000 0.034508
3700.000000 0.032389
3701.000000 0.032589
3702.000000 0.033096
3703.000000 0.032129
3704.000000 0.031427
3705.000000 0.036112
3706.000000 0.038129
3707.000000 0.037769
3708.000000 0.042269
3709.000000 0.046419
3710.000000 0.049249
3711.000000 0.046321
3712.000000 0.045249
3713.000000 0.040714
3714.000000 0.036372
3715.000000 0.043147
3716.000000 0.040301
3717.000000 0.039197
3718.000000 0.040691
3719.000000 0.035216
3720.000000 0.040130
3721.000000 0.035820
3722.000000 0.034725
3723.000000 0.039951
3724.000000 0.039568
3725.000000 0.036842
3726.000000 0.035976
3727.000000 0.047164
3728.000000 0.048990
3729.000000 0.042497
3730.000000 0.040204
3731.000000 0.040638
3732.000000 0.041894
3733.000000 0.041533
3734.000000 0.036788
3735.000000 0.033470
3736.000000 0.029289
3737.000000 0.025511
3738.000000 0.024044
3739.000000 0.028199
3740.000000 0.029154
3741.000000 0.035061
3742.000000 0.032680
3743.000000 0.033799
3744.000000 0.040116
3745.000000 0.036575
3746.000000 0.035681
3747.000000 0.037173
3748.000000 0.035244
3749.000000 0.033940
3750.000000 0.032859
3751.000000 0.035257
3752.000000 0.034568
3753.000000 0.040633
3754.000000 0.040333
3755.000000 0.043423
3756.000000 0.041469
3757.000000 0.039749
3758.000000 0.033576
3759.000000 0.037887
3760.000000 0.033822
3761.000000 0.033378
3762.000000 0.034719
3763.000000 0.037231
3764.000000 0.038789
3765.000000 0.044309
3766.000000 0.043972
3767.000000 0.044549
3768.000000 0.037798
3769.000000 0.039664
3770.000000 0.036049
3771.000000 0.032550
3772.000000 0.031229
3773.000000 0.031954
3774.000000 0.031454
3775.000000 0.030199
3776.000000 0.028674
3777.000000 0.026779
3778.000000 0.029044
3779.000000 0.033192
3780.000000 0.034085
3781.000000 0.033048
3782.000000 0.031554
3783.000000 0.043211
3784.000000 0.050972
3785.000000 0.051755
3786.000000 0.050176
3787.000000 0.042770
3788.000000 0.040810
3789.000000 0.033819
3790.000000 0.033516
3791.000000 0.030562
3792.000000 0.026739
3793.000000 0.029293
3794.000000 0.033287
3795.000000 0.036158
3796.000000 0.033470
3797.000000 0.031360
3798.000000 0.030314
3799.000000 0.033870
3800.000000 0.032037
3801.000000 0.036010
3802.000000 0.038574
3803.000000 0.039158
3804.000000 0.038548
3805.000000 0.040755
3806.000000 0.043600
3807.000000 0.041800
3808.000000 0.042121
3809.000000 0.044339
3810.000000 0.044041
3811.000000 0.044045
3812.000000 0.043729
3813.000000 0.045430
3814.000000 0.046731
3815.000000 0.043795
3816.000000 0.046145
3817.000000 0.045818
3818.000000 0.044660
3819.000000 0.039086
3820.000000 0.041879
3821.000000 0.036181
3822.000000 0.035892
3823.000000 0.043993
3824.000000 0.046922
3825.000000 0.048040
3826.000000 0.040329
3827.000000 0.042692
3828.000000 0.036577
3829.000000 0.035440
3830.000000 0.034149
3831.000000 0.028902
3832.000000 0.030179
3833.000000 0.027443
3834.000000 0.028215
3835.000000 0.028875
3836.000000 0.036344
3837.000000 0.046022
3838.000000 0.047594
3839.000000 0.047655
3840.000000 0.042705
3841.000000 0.044997
3842.000000 0.041913
3843.000000 0.041317
3844.000000 0.041812
3845.000000 0.039532
3846.000000 0.038955
3847.000000 0.041480
3848.000000 0.036067
3849.000000 0.039409
3850.000000 0.040896
3851.000000 0.035863
3852.000000 0.034197
3853.000000 0.034975
3854.000000 0.034002
3855.000000 0.032251
3856.000000 0.036676
3857.000000 0.038105
3858.000000 0.039891
3859.000000 0.035198
3860.000000 0.030108
3861.000000 0.035062
3862.000000 0.035600
3863.000000 0.036840
3864.000000 0.039990
3865.000000 0.039053
3866.000000 0.041108
3867.000000 0.036240
3868.000000 0.037212
3869.000000 0.034068
3870.000000 0.031091
3871.000000 0.030311
3872.000000 0.038914
3873.000000 0.045683
3874.000000 0.046591
3875.000000 0.049070
3876.000000 0.044093
3877.000000 0.041051
3878.000000 0.039752
3879.000000 0.038689
3880.000000 0.044536
3881.000000 0.045672
3882.000000 0.041670
3883.000000 0.037226
3884.000000 0.031713
3885.000000 0.032386
3886.000000 0.038172
3887.000000 0.037584
3888.000000 0.037500
3889.000000 0.034896
3890.000000 0.030785
3891.000000 0.032338
3892.000000 0.031389
3893.000000 0.034478
3894.000000 0.031925
3895.000000 0.036778
3896.000000 0.036014
3897.000000 0.038959
3898.000000 0.036543
3899.000000 0.034364
3900.000000 0.038767
3901.000000 0.038129
3902.000000 0.040701
3903.000000 0.035970
3904.000000 0.033665
3905.000000 0.035947
3906.000000 0.036427
3907.000000 0.038604
3908.000000 0.034621
3909.000000 0.031222
3910.000000 0.034384
3911.000000 0.035686
3912.000000 0.031178
3913.000000 0.036112
3914.000000 0.038347
3915.000000 0.039513
3916.000000 0.036629
3917.000000 0.031376
3918.000000 0.030533
3919.000000 0.036040
3920.000000 0.034825
3921.000000 0.038342
3922.000000 0.041664
3923.000000 0.049218
3924.000000 0.050086
3925.000000 0.048466
3926.000000 0.048048
3927.000000 0.042324
3928.000000 0.039824
3929.000000 0.044053
3930.000000 0.045876
3931.000000 0.039020
3932.000000 0.037711
3933.000000 0.034083
3934.000000 0.039068
3935.000000 0.034760
3936.000000 0.038458
3937.000000 0.037753
3938.000000 0.037219
3939.000000 0.038949
3940.000000 0.038066
3941.000000 0.036413
3942.000000 0.034106
3943.000000 0.035374
3944.000000 0.034409
3945.000000 0.038290
3946.000000 0.038778
3947.000000 0.039769
3948.000000 0.038025
3949.000000 0.036545
3950.000000 0.035393
3951.000000 0.033897
3952.000000 0.035835
3953.000000 0.032017
3954.000000 0.033352
3955.000000 0.030709
3956.000000 0.030288
3957.000000 0.030275
3958.000000 0.028022
3959.000000 0.034003
3960.000000 0.033027
3961.000000 0.034822
3962.000000 0.039771
3963.000000 0.040880
3964.000000 0.037910
3965.000000 0.037342
3966.000000 0.038393
3967.000000 0.042286
3968.000000 0.035048
3969.000000 0.033400
3970.000000 0.041573
3971.000000 0.035028
3972.000000 0.032276
3973.000000 0.030775
3974.000000 0.032523
3975.000000 0.034096
3976.000000 0.036565
3977.000000 0.032980
3978.000000 0.038008
3979.000000 0.031501
3980.000000 0.027708
3981.000000 0.036819
3982.000000 0.036478
3983.000000 0.036581
3984.000000 0.036285
3985.000000 0.038014
3986.000000 0.039886
3987.000000 0.041016
3988.000000 0.041427
3989.000000 0.038047
3990.000000 0.037389
3991.000000 0.038613
3992.000000 0.040714
3993.000000 0.037659
3994.000000 0.036969
3995.000000 0.038020
3996.000000 0.032289
3997.000000 0.037540
3998.000000 0.038270
3999.000000 0.042146
4000.000000 0.042003
4001.000000 0.037219
4002.000000 0.042753
4003.000000 0.046227
4004.000000 0.039190
4005.000000 0.037199
4006.000000 0.036128
4007.000000 0.041243
4008.000000 0.041954
4009.000000 0.038698
4010.000000 0.037832
4011.000000 0.034699
4012.000000 0.039129
4013.000000 0.047091
4014.000000 0.042347
4015.000000 0.036928
4016.000000 0.035255
4017.000000 0.035357
4018.000000 0.035903
4019.000000 0.037329
4020.000000 0.037182
4021.000000 0.031429
4022.000000 0.032260
4023.000000 0.032400
4024.000000 0.033318
4025.000000 0.034691
4026.000000 0.032972
4027.000000 0.036910
4028.000000 0.036454
4029.000000 0.037537
4030.000000 0.039277
4031.000000 0.041631
4032.000000 0.040889
4033.000000 0.040898
4034.000000 0.042335
4035.000000 0.043753
4036.000000 0.037913
4037.000000 0.039085
4038.000000 0.036823
4039.000000 0.039481
4040.000000 0.036748
4041.000000 0.030665
4042.000000 0.028933
4043.000000 0.028230
4044.000000 0.036010
4045.000000 0.041701
4046.000000 0.041263
4047.000000 0.041905
4048.000000 0.037123
4049.000000 0.036289
4050.000000 0.031875
4051.000000 0.032729
4052.000000 0.029211
4053.000000 0.038289
4054.000000 0.038581
4055.000000 0.038465
4056.000000 0.034057
4057.000000 0.035163
4058.000000 0.039684
4059.000000 0.043127
4060.000000 0.038304
4061.000000 0.040549
4062.000000 0.034055
4063.000000 0.028280
4064.000000 0.037166
4065.000000 0.035193
4066.000000 0.040394
4067.000000 0.039113
4068.000000 0.037832
4069.000000 0.034690
4070.000000 0.034529
4071.000000 0.042723
4072.000000 0.043377
4073.000000 0.043029
4074.000000 0.044567
4075.000000 0.040623
4076.000000 0.043249
4077.000000 0.040928
4078.000000 0.039481
4079.000000 0.032772
4080.000000 0.030837
4081.000000 0.034168
4082.000000 0.033638
4083.000000 0.036241
4084.000000 0.043087
4085.000000 0.040888
4086.000000 0.037948
4087.000000 0.039010
4088.000000 0.033684
4089.000000 0.039932
4090.000000 0.036634
4091.000000 0.036959
4092.000000 0.035549
4093.000000 0.041139
4094.000000 0.042813
4095.000000 0.040107
4096.000000 0.038513
4097.000000 0.032864
4098.000000 0.033531
4099.000000 0.030669
4100.000000 0.030391
4101.000000 0.032071
4102.000000 0.031474
4103.000000 0.032886
4104.000000 0.033269
4105.000000 0.041697
4106.000000 0.048943
4107.000000 0.042413
4108.000000 0.039016
4109.000000 0.040146
4110.000000 0.040204
4111.000000 0.046229
4112.000000 0.041321
4113.000000 0.043826
4114.000000 0.037918
4115.000000 0.035596
4116.000000 0.033681
4117.000000 0.035580
4118.000000 0.039640
4119.000000 0.034354
4120.000000 0.029569
4121.000000 0.027846
4122.000000 0.042138
4123.000000 0.042197
4124.000000 0.040988
4125.000000 0.039114
4126.000000 0.038764
4127.000000 0.043452
4128.000000 0.043685
4129.000000 0.048440
4130.000000 0.042873
4131.000000 0.046942
4132.000000 0.046230
4133.000000 0.047070
4134.000000 0.046307
4135.000000 0.040138
4136.000000 0.034723
4137.000000 0.036374
4138.000000 0.033197
4139.000000 0.036512
4140.000000 0.033178
4141.000000 0.035085
4142.000000 0.038373
4143.000000 0.033793
4144.000000 0.033460
4145.000000 0.033350
4146.000000 0.038971
4147.000000 0.039909
4148.000000 0.039844
4149.000000 0.041838
4150.000000 0.048623
4151.000000 0.040822
4152.000000 0.041379
4153.000000 0.043339
4154.000000 0.042827
4155.000000 0.041715
4156.000000 0.041438
4157.000000 0.034337
4158.000000 0.036590
4159.000000 0.033203
4160.000000 0.037964
4161.000000 0.040391
4162.000000 0.037815
4163.000000 0.035336
4164.000000 0.045067
4165.000000 0.043001
4166.000000 0.037299
4167.000000 0.042531
4168.000000 0.041352
4169.000000 0.041554
4170.000000 0.042806
4171.000000 0.038570
4172.000000 0.036166
4173.000000 0.033082
4174.000000 0.035068
4175.000000 0.030497
4176.000000 0.026435
4177.000000 0.026960
4178.000000 0.030101
4179.000000 0.027849
4180.000000 0.030093
4181.000000 0.031969
4182.000000 0.029509
4183.000000 0.027385
4184.000000 0.029991
4185.000000 0.040899
4186.000000 0.046870
4187.000000 0.052546
4188.000000 0.043540
4189.000000 0.042767
4190.000000 0.038146
4191.000000 0.037059
4192.000000 0.036242
4193.000000 0.034570
4194.000000 0.030292
4195.000000 0.026003
4196.000000 0.026366
4197.000000 0.035459
4198.000000 0.036329
4199.000000 0.038787
4200.000000 0.035908
4201.000000 0.037622
4202.000000 0.033236
4203.000000 0.032744
4204.000000 0.031773
4205.000000 0.038458
4206.000000 0.038729
4207.000000 0.044175
4208.000000 0.043341
4209.000000 0.038278
4210.000000 0.035189
4211.000000 0.033267
4212.000000 0.033694
4213.000000 0.037754
4214.000000 0.037438
4215.000000 0.034549
4216.000000 0.033893
4217.000000 0.037036
4218.000000 0.036535
4219.000000 0.035780
4220.000000 0.031948
4221.000000 0.033940
4222.000000 0.038401
4223.000000 0.035330
4224.000000 0.032774
4225.000000 0.036150
4226.000000 0.033494
4227.000000 0.037524
4228.000000 0.037483
4229.000000 0.038548
4230.000000 0.040285
4231.000000 0.034317
4232.000000 0.035862
4233.000000 0.037383
4234.000000 0.034092
4235.000000 0.033898
4236.000000 0.030795
4237.000000 0.032126
4238.000000 0.034028
4239.000000 0.035932
4240.000000 0.034973
4241.000000 0.033297
4242.000000 0.033496
4243.000000 0.037122
4244.000000 0.041448
4245.000000 0.042614
4246.000000 0.041933
4247.000000 0.043458
4248.000000 0.037533
4249.000000 0.036092
4250.000000 0.032640
4251.000000 0.032166
4252.000000 0.042420
4253.000000 0.039723
4254.000000 0.036772
4255.000000 0.040196
4256.000000 0.033794
4257.000000 0.035193
4258.000000 0.033936
4259.000000 0.034287
4260.000000 0.041269
4261.000000 0.037717
4262.000000 0.044531
4263.000000 0.044455
4264.000000 0.042772
4265.000000 0.037675
4266.000000 0.035909
4267.000000 0.038359
4268.000000 0.041414
4269.000000 0.037574
4270.000000 0.034221
4271.000000 0.033119
4272.000000 0.029173
4273.000000 0.029035
4274.000000 0.025745
4275.000000 0.027201
4276.000000 0.035260
4277.000000 0.033562
4278.000000 0.033016
4279.000000 0.039410
4280.000000 0.035943
4281.000000 0.033242
4282.000000 0.037393
4283.000000 0.037909
4284.000000 0.038443
4285.000000 0.039639
4286.000000 0.035908
4287.000000 0.037129
4288.000000 0.034559
4289.000000 0.035982
4290.000000 0.036702
4291.000000 0.040822
4292.000000 0.039487
4293.000000 0.036290
4294.000000 0.034656
4295.000000 0.031767
4296.000000 0.032832
4297.000000 0.038453
4298.000000 0.042264
4299.000000 0.036509
4300.000000 0.036382
4301.000000 0.033711
4302.000000 0.039574
4303.000000 0.035038
4304.000000 0.034981
4305.000000 0.033733
4306.000000 0.034417
4307.000000 0.031052
4308.000000 0.032477
4309.000000 0.040409
4310.000000 0.044756
4311.000000 0.045704
4312.000000 0.040601
4313.000000 0.045116
4314.000000 0.044830
4315.000000 0.042637
4316.000000 0.039824
4317.000000 0.040108
4318.000000 0.046408
4319.000000 0.045509
4320.000000 0.057429
4321.000000 0.055620
4322.000000 0.050307
4323.000000 0.044264
4324.000000 0.037809
4325.000000 0.037108
4326.000000 0.033406
4327.000000 0.030876
4328.000000 0.029959
4329.000000 0.025872
4330.000000 0.023158
4331.000000 0.022359
4332.000000 0.027153
4333.000000 0.032990
4334.000000 0.037038
4335.000000 0.039338
4336.000000 0.038626
4337.000000 0.042071
4338.000000 0.042393
4339.000000 0.043023
4340.000000 0.045255
4341.000000 0.047073
4342.000000 0.058080
4343.000000 0.050993
4344.000000 0.048068
4345.000000 0.039772
4346.000000 0.038165
4347.000000 0.042397
4348.000000 0.037649
4349.000000 0.035137
4350.000000 0.041950
4351.000000 0.036061
4352.000000 0.036839
4353.000000 0.037015
4354.000000 0.041571
4355.000000 0.041841
4356.000000 0.040566
4357.000000 0.033653
4358.000000 0.031843
4359.000000 0.032360
4360.000000 0.032932
4361.000000 0.036114
4362.000000 0.039453
4363.000000 0.045570
4364.000000 0.042906
4365.000000 0.043322
4366.000000 0.040120
4367.000000 0.039442
4368.000000 0.033431
4369.000000 0.031558
4370.000000 0.031188
4371.000000 0.037417
4372.000000 0.041024
4373.000000 0.039800
4374.000000 0.041982
4375.000000 0.036770
4376.000000 0.034922
4377.000000 0.032561
4378.000000 0.040601
4379.000000 0.035789
4380.000000 0.036732
4381.000000 0.032519
4382.000000 0.038855
4383.000000 0.036811
4384.000000 0.035998
4385.000000 0.031314
4386.000000 0.028082
4387.000000 0.035179
4388.000000 0.041306
4389.000000 0.039804
4390.000000 0.038026
4391.000000 0.032248
4392.000000 0.040242
4393.000000 0.044027
4394.000000 0.042225
4395.000000 0.039817
4396.000000 0.035935
4397.000000 0.032164
4398.000000 0.034056
4399.000000 0.034371
4400.000000 0.033049
4401.000000 0.031870
4402.000000 0.032177
4403.000000 0.031764
4404.000000 0.034517
4405.000000 0.035905
4406.000000 0.040392
4407.000000 0.040919
4408.000000 0.037551
4409.000000 0.036940
4410.000000 0.039732
4411.000000 0.041651
4412.000000 0.038151
4413.000000 0.035038
4414.000000 0.035119
4415.000000 0.031174
4416.000000 0.028608
4417.000000 0.034008
4418.000000 0.033778
4419.000000 0.033353
4420.000000 0.032170
4421.000000 0.034995
4422.000000 0.034396
4423.000000 0.035762
4424.000000 0.037458
4425.000000 0.042698
4426.000000 0.043846
4427.000000 0.043092
4428.000000 0.041659
4429.000000 0.038373
4430.000000 0.040054
4431.000000 0.038169
4432.000000 0.048860
4433.000000 0.046072
4434.000000 0.041942
4435.000000 0.040131
4436.000000 0.039043
4437.000000 0.040356
4438.000000 0.036018
4439.000000 0.036500
4440.000000 0.033846
4441.000000 0.034865
4442.000000 0.037825
4443.000000 0.039703
4444.000000 0.045292
4445.000000 0.042749
4446.000000 0.037415
4447.000000 0.033164
4448.000000 0.031378
4449.000000 0.034257
4450.000000 0.037446
4451.000000 0.034392
4452.000000 0.033687
4453.000000 0.029146
4454.000000 0.029256
4455.000000 0.035264
4456.000000 0.038107
4457.000000 0.036255
4458.000000 0.035282
4459.000000 0.037039
4460.000000 0.038279
4461.000000 0.039014
4462.000000 0.049269
4463.000000 0.043607
4464.000000 0.040886
4465.000000 0.040014
4466.000000 0.036044
4467.000000 0.035397
4468.000000 0.029409
4469.000000 0.026841
4470.000000 0.031298
4471.000000 0.035416
4472.000000 0.033992
4473.000000 0.033888
4474.000000 0.033709
4475.000000 0.032695
4476.000000 0.040726
4477.000000 0.036069
4478.000000 0.037785
4479.000000 0.038805
4480.000000 0.037943
4481.000000 0.044644
4482.000000 0.040091
4483.000000 0.045565
4484.000000 0.045102
4485.000000 0.041722
4486.000000 0.041653
4487.000000 0.038504
4488.000000 0.039845
4489.000000 0.042049
4490.000000 0.037753
4491.000000 0.037971
4492.000000 0.036776
4493.000000 0.038123
4494.000000 0.039481
4495.000000 0.041191
4496.000000 0.048108
4497.000000 0.043894
4498.000000 0.042027
4499.000000 0.040755
4500.000000 0.037913
4501.000000 0.037047
4502.000000 0.033886
4503.000000 0.032686
4504.000000 0.040494
4505.000000 0.037309
4506.000000 0.040063
4507.000000 0.036895
4508.000000 0.038275
4509.000000 0.035482
4510.000000 0.036372
4511.000000 0.033481
4512.000000 0.035380
4513.000000 0.039594
4514.000000 0.039333
4515.000000 0.038302
4516.000000 0.040704
4517.000000 0.039129
4518.000000 0.034974
4519.000000 0.034189
4520.000000 0.037388
4521.000000 0.035532
4522.000000 0.036803
4523.000000 0.041414
4524.000000 0.039442
4525.000000 0.039685
4526.000000 0.041309
4527.000000 0.046401
4528.000000 0.043557
4529.000000 0.039820
4530.000000 0.042503
4531.000000 0.040730
4532.000000 0.038249
4533.000000 0.036598
4534.000000 0.033164
4535.000000 0.034912
4536.000000 0.030795
4537.000000 0.034653
4538.000000 0.032283
4539.000000 0.037103
4540.000000 0.032548
4541.000000 0.032555
4542.000000 0.047570
4543.000000 0.046099
4544.000000 0.041115
4545.000000 0.037928
4546.000000 0.041378
4547.000000 0.039282
4548.000000 0.037427
4549.000000 0.035324
4550.000000 0.046389
4551.000000 0.041243
4552.000000 0.042207
4553.000000 0.039591
4554.000000 0.038635
4555.000000 0.035133
4556.000000 0.032547
4557.000000 0.034547
4558.000000 0.030890
4559.000000 0.030832
4560.000000 0.036551
4561.000000 0.036316
4562.000000 0.038306
4563.000000 0.040044
4564.000000 0.036845
4565.000000 0.049483
4566.000000 0.044691
4567.000000 0.046848
4568.000000 0.041954
4569.000000 0.037798
4570.000000 0.040244
4571.000000 0.038785
4572.000000 0.034312
4573.000000 0.037166
4574.000000 0.040143
4575.000000 0.038525
4576.000000 0.042852
4577.000000 0.043396
4578.000000 0.041907
4579.000000 0.038645
4580.000000 0.037856
4581.000000 0.040565
4582.000000 0.039526
4583.000000 0.036215
4584.000000 0.038539
4585.000000 0.040826
4586.000000 0.037655
4587.000000 0.037957
4588.000000 0.036275
4589.000000 0.037052
4590.000000 0.040270
4591.000000 0.042540
4592.000000 0.049388
4593.000000 0.058968
4594.000000 0.056277
4595.000000 0.052676
4596.000000 0.050032
4597.000000 0.046670
4598.000000 0.042798
4599.000000 0.035459
4600.000000 0.037406
4601.000000 0.044310
4602.000000 0.038648
4603.000000 0.041622
4604.000000 0.043975
4605.000000 0.041626
4606.000000 0.042759
4607.000000 0.041005
4608.000000 0.044782
4609.000000 0.043678
4610.000000 0.040903
4611.000000 0.039620
4612.000000 0.043278
4613.000000 0.041192
4614.000000 0.035239
4615.000000 0.034467
4616.000000 0.030731
4617.000000 0.032429
4618.000000 0.028165
4619.000000 0.030479
4620.000000 0.028197
4621.000000 0.038386
4622.000000 0.038795
4623.000000 0.038117
4624.000000 0.043322
4625.000000 0.042309
4626.000000 0.037253
4627.000000 0.038860
4628.000000 0.039121
4629.000000 0.034702
4630.000000 0.036575
4631.000000 0.034997
4632.000000 0.038533
4633.000000 0.038269
4634.000000 0.042548
4635.000000 0.040360
4636.000000 0.036036
4637.000000 0.036453
4638.000000 0.041761
4639.000000 0.037645
4640.000000 0.040540
4641.000000 0.035678
4642.000000 0.034131
4643.000000 0.031213
4644.000000 0.035667
4645.000000 0.036956
4646.000000 0.041067
4647.000000 0.042789
4648.000000 0.037937
4649.000000 0.034492
4650.000000 0.032433
4651.000000 0.034765
4652.000000 0.032341
4653.000000 0.033857
4654.000000 0.033579
4655.000000 0.033673
4656.000000 0.032318
4657.000000 0.033188
4658.000000 0.030663
4659.000000 0.030123
4660.000000 0.029592
4661.000000 0.038869
4662.000000 0.040192
4663.000000 0.047566
4664.000000 0.045697
4665.000000 0.047937
4666.000000 0.049065
4667.000000 0.045966
4668.000000 0.040201
4669.000000 0.037702
4670.000000 0.037256
4671.000000 0.035036
4672.000000 0.033903
4673.000000 0.037127
4674.000000 0.035772
4675.000000 0.039591
4676.000000 0.036388
4677.000000 0.037871
4678.000000 0.033854
4679.000000 0.037102
4680.000000 0.033669
4681.000000 0.035597
4682.000000 0.039826
4683.000000 0.043881
4684.000000 0.045540
4685.000000 0.048545
4686.000000 0.051252
4687.000000 0.047199
4688.000000 0.040026
4689.000000 0.043664
4690.000000 0.040233
4691.000000 0.039321
4692.000000 0.036100
4693.000000 0.034394
4694.000000 0.031302
4695.000000 0.032037
4696.000000 0.031932
4697.000000 0.030211
4698.000000 0.035122
4699.000000 0.036607
4700.000000 0.037059
4701.000000 0.045048
4702.000000 0.045474
4703.000000 0.044989
4704.000000 0.041955
4705.000000 0.041380
4706.000000 0.039589
4707.000000 0.040688
4708.000000 0.046239
4709.000000 0.042258
4710.000000 0.037889
4711.000000 0.037486
4712.000000 0.034561
4713.000000 0.033659
4714.000000 0.029959
4715.000000 0.032271
4716.000000 0.033132
4717.000000 0.034778
4718.000000 0.033006
4719.000000 0.033861
4720.000000 0.037365
4721.000000 0.042442
4722.000000 0.040623
4723.000000 0.044747
4724.000000 0.048503
4725.000000 0.044780
4726.000000 0.043195
4727.000000 0.042321
4728.000000 0.037650
4729.000000 0.036987
4730.000000 0.040927
4731.000000 0.042204
4732.000000 0.038336
4733.000000 0.037411
4734.000000 0.036103
4735.000000 0.034254
4736.000000 0.036114
4737.000000 0.036947
4738.000000 0.033422
4739.000000 0.037321
4740.000000 0.039662
4741.000000 0.036617
4742.000000 0.038820
4743.000000 0.039596
4744.000000 0.041887
4745.000000 0.044237
4746.000000 0.037542
4747.000000 0.040365
4748.000000 0.036849
4749.000000 0.033842
4750.000000 0.039135
4751.000000 0.034858
4752.000000 0.034216
4753.000000 0.033992
4754.000000 0.032138
4755.000000 0.032216
4756.000000 0.036749
4757.000000 0.043363
4758.000000 0.039439
4759.000000 0.042771
4760.000000 0.042152
4761.000000 0.037519
4762.000000 0.035290
4763.000000 0.035542
4764.000000 0.033291
4765.000000 0.033250
4766.000000 0.034290
4767.000000 0.034601
4768.000000 0.040463
4769.000000 0.046024
4770.000000 0.038751
4771.000000 0.035692
4772.000000 0.033391
4773.000000 0.031339
4774.000000 0.032714
4775.000000 0.035291
4776.000000 0.032114
4777.000000 0.034083
4778.000000 0.039472
4779.000000 0.042332
4780.000000 0.041820
4781.000000 0.039367
4782.000000 0.039103
4783.000000 0.039067
4784.000000 0.033058
4785.000000 0.039911
4786.000000 0.040571
4787.000000 0.039967
4788.000000 0.039407
4789.000000 0.037681
4790.000000 0.034967
4791.000000 0.036840
4792.000000 0.035120
4793.000000 0.036853
4794.000000 0.032349
4795.000000 0.039977
4796.000000 0.035196
4797.000000 0.036395
4798.000000 0.034431
4799.000000 0.039960
4800.000000 0.038572
4801.000000 0.033237
4802.000000 0.030786
4803.000000 0.029750
4804.000000 0.030886
4805.000000 0.034115
4806.000000 0.044845
4807.000000 0.045578
4808.000000 0.043018
4809.000000 0.042830
4810.000000 0.047455
4811.000000 0.042955
4812.000000 0.040937
4813.000000 0.034128
4814.000000 0.031278
4815.000000 0.029135
4816.000000 0.038171
4817.000000 0.038101
4818.000000 0.040649
4819.000000 0.037028
4820.000000 0.035822
4821.000000 0.040304
4822.000000 0.036998
4823.000000 0.035401
4824.000000 0.039481
4825.000000 0.036065
4826.000000 0.034585
4827.000000 0.035662
4828.000000 0.032200
4829.000000 0.033823
4830.000000 0.034493
4831.000000 0.036355
4832.000000 0.035967
4833.000000 0.040117
4834.000000 0.039553
4835.000000 0.037769
4836.000000 0.039479
4837.000000 0.039629
4838.000000 0.037876
4839.000000 0.043891
4840.000000 0.045459
4841.000000 0.039252
4842.000000 0.038119
4843.000000 0.039440
4844.000000 0.035841
4845.000000 0.033161
4846.000000 0.029853
4847.000000 0.037720
4848.000000 0.035387
4849.000000 0.035003
4850.000000 0.033156
4851.000000 0.032908
4852.000000 0.038339
4853.000000 0.038659
4854.000000 0.043191
4855.000000 0.043052
4856.000000 0.044641
4857.000000 0.042506
4858.000000 0.038211
4859.000000 0.033683
4860.000000 0.036638
4861.000000 0.033431
4862.000000 0.036458
4863.000000 0.032190
4864.000000 0.034841
4865.000000 0.033396
4866.000000 0.043859
4867.000000 0.041227
4868.000000 0.037814
4869.000000 0.032910
4870.000000 0.037252
4871.000000 0.042570
4872.000000 0.038093
4873.000000 0.035286
4874.000000 0.035120
4875.000000 0.032770
4876.000000 0.030073
4877.000000 0.033819
4878.000000 0.033932
4879.000000 0.028580
4880.000000 0.035505
4881.000000 0.040162
4882.000000 0.040100
4883.000000 0.044999
4884.000000 0.040386
4885.000000 0.035463
4886.000000 0.039653
4887.000000 0.038725
4888.000000 0.037533
4889.000000 0.034873
4890.000000 0.035268
4891.000000 0.037104
4892.000000 0.039812
4893.000000 0.036242
4894.000000 0.040339
4895.000000 0.041577
4896.000000 0.040504
4897.000000 0.034335
4898.000000 0.039829
4899.000000 0.037929
4900.000000 0.036075
4901.000000 0.031857
4902.000000 0.035224
4903.000000 0.036997
4904.000000 0.037642
4905.000000 0.038529
4906.000000 0.041935
4907.000000 0.042424
4908.000000 0.043755
4909.000000 0.043661
4910.000000 0.039845
4911.000000 0.037520
4912.000000 0.045500
4913.000000 0.041075
4914.000000 0.040140
4915.000000 0.033305
4916.000000 0.029675
4917.000000 0.031401
4918.000000 0.036023
4919.000000 0.035852
4920.000000 0.033407
4921.000000 0.035391
4922.000000 0.034987
4923.000000 0.032072
4924.000000 0.041036
4925.000000 0.038050
4926.000000 0.040946
4927.000000 0.041408
4928.000000 0.042740
4929.000000 0.042835
4930.000000 0.050320
4931.000000 0.042550
4932.000000 0.041046
4933.000000 0.038240
4934.000000 0.038991
4935.000000 0.038532
4936.000000 0.036811
4937.000000 0.035512
4938.000000 0.034304
4939.000000 0.034175
4940.000000 0.034438
4941.000000 0.037232
4942.000000 0.034333
4943.000000 0.041068
4944.000000 0.052928
4945.000000 0.052079
4946.000000 0.048129
4947.000000 0.048715
4948.000000 0.041890
4949.000000 0.044492
4950.000000 0.046217
4951.000000 0.040072
4952.000000 0.037356
4953.000000 0.038340
4954.000000 0.033763
4955.000000 0.033349
4956.000000 0.032280
4957.000000 0.030618
4958.000000 0.028912
4959.000000 0.035879
4960.000000 0.033876
4961.000000 0.031732
4962.000000 0.029750
4963.000000 0.032245
4964.000000 0.030927
4965.000000 0.037467
4966.000000 0.039748
4967.000000 0.044020
4968.000000 0.053497
4969.000000 0.053449
4970.000000 0.046891
4971.000000 0.044356
4972.000000 0.040709
4973.000000 0.037478
4974.000000 0.035202
4975.000000 0.036177
4976.000000 0.035176
4977.000000 0.033044
4978.000000 0.035358
4979.000000 0.037094
4980.000000 0.042430
4981.000000 0.042049
4982.000000 0.041138
4983.000000 0.041090
4984.000000 0.040824
4985.000000 0.046569
4986.000000 0.041047
4987.000000 0.037066
4988.000000 0.048795
4989.000000 0.051768
4990.000000 0.051181
4991.000000 0.049564
4992.000000 0.049216
4993.000000 0.049986
4994.000000 0.047084
4995.000000 0.042030
4996.000000 0.038878
4997.000000 0.038943
4998.000000 0.033726
4999.000000 0.034175
5000.000000 0.030877
