501.000000 0.087259
502.000000 0.083848
503.000000 0.071267
504.000000 0.071628
505.000000 0.066351
506.000000 0.066972
507.000000 0.065496
508.000000 0.059412
509.000000 0.052340
510.000000 0.050005
511.000000 0.059889
512.000000 0.053007
513.000000 0.051500
514.000000 0.063204
515.000000 0.061073
516.000000 0.065220
517.000000 0.055703
518.000000 0.049687
519.000000 0.046110
520.000000 0.042433
521.000000 0.039764
522.000000 0.043715
523.000000 0.043957
524.000000 0.047018
525.000000 0.071983
526.000000 0.069362
527.000000 0.081298
528.000000 0.072888
529.000000 0.068486
530.000000 0.067650
531.000000 0.061737
532.000000 0.072151
533.000000 0.071746
534.000000 0.061036
535.000000 0.064661
536.000000 0.068068
537.000000 0.056154
538.000000 0.063371
539.000000 0.054538
540.000000 0.057352
541.000000 0.053814
542.000000 0.051706
543.000000 0.056056
544.000000 0.047443
545.000000 0.046301
546.000000 0.043467
547.000000 0.047055
548.000000 0.052739
549.000000 0.046585
550.000000 0.048495
551.000000 0.055280
552.000000 0.058441
553.000000 0.064966
554.000000 0.071198
555.000000 0.069982
556.000000 0.062682
557.000000 0.066955
558.000000 0.069032
559.000000 0.060038
560.000000 0.060090
561.000000 0.050300
562.000000 0.064498
563.000000 0.059005
564.000000 0.055588
565.000000 0.064943
566.000000 0.064870
567.000000 0.062612
568.000000 0.059937
569.000000 0.063988
570.000000 0.052908
571.000000 0.045664
572.000000 0.053279
573.000000 0.048257
574.000000 0.041289
575.000000 0.034317
576.000000 0.037473
577.000000 0.046725
578.000000 0.055428
579.000000 0.045915
580.000000 0.046331
581.000000 0.050009
582.000000 0.062703
583.000000 0.057135
584.000000 0.050822
585.000000 0.050379
586.000000 0.057790
587.000000 0.065249
588.000000 0.060525
589.000000 0.058462
590.000000 0.066512
591.000000 0.078415
592.000000 0.080715
593.000000 0.086829
594.000000 0.079004
595.000000 0.070471
596.000000 0.070555
597.000000 0.075335
598.000000 0.072165
599.000000 0.072488
600.000000 0.068678
601.000000 0.073219
602.000000 0.063647
603.000000 0.052655
604.000000 0.059298
605.000000 0.065145
606.000000 0.057256
607.000000 0.072653
608.000000 0.078183
609.000000 0.078967
610.000000 0.078450
611.000000 0.077791
612.000000 0.070451
613.000000 0.063044
614.000000 0.066516
615.000000 0.062574
616.000000 0.057568
617.000000 0.062041
618.000000 0.066121
619.000000 0.066327
620.000000 0.062060
621.000000 0.055597
622.000000 0.052935
623.000000 0.051367
624.000000 0.048070
625.000000 0.050292
626.000000 0.053287
627.000000 0.051956
628.000000 0.046708
629.000000 0.052792
630.000000 0.049312
631.000000 0.046575
632.000000 0.060593
633.000000 0.059263
634.000000 0.054790
635.000000 0.059991
636.000000 0.055173
637.000000 0.049934
638.000000 0.059912
639.000000 0.067812
640.000000 0.066755
641.000000 0.063331
642.000000 0.070882
643.000000 0.077222
644.000000 0.068897
645.000000 0.069989
646.000000 0.061631
647.000000 0.062649
648.000000 0.063176
649.000000 0.060475
650.000000 0.063884
651.000000 0.057005
652.000000 0.052911
653.000000 0.059998
654.000000 0.053087
655.000000 0.063801
656.000000 0.056552
657.000000 0.057410
658.000000 0.049272
659.000000 0.044772
660.000000 0.054199
661.000000 0.048991
662.000000 0.046705
663.000000 0.044949
664.000000 0.054226
665.000000 0.059421
666.000000 0.056081
667.000000 0.052536
668.000000 0.045359
669.000000 0.048936
670.000000 0.050072
671.000000 0.056250
672.000000 0.048130
673.000000 0.051244
674.000000 0.046495
675.000000 0.047867
676.000000 0.045712
677.000000 0.052592
678.000000 0.045095
679.000000 0.048880
680.000000 0.044202
681.000000 0.044040
682.000000 0.041373
683.000000 0.044573
684.000000 0.055019
685.000000 0.054638
686.000000 0.062617
687.000000 0.054125
688.000000 0.064825
689.000000 0.064037
690.000000 0.074501
691.000000 0.067157
692.000000 0.069365
693.000000 0.064936
694.000000 0.060837
695.000000 0.060024
696.000000 0.061191
697.000000 0.053755
698.000000 0.058294
699.000000 0.053040
700.000000 0.051857
701.000000 0.053430
702.000000 0.063164
703.000000 0.058847
704.000000 0.048940
705.000000 0.045207
706.000000 0.047495
707.000000 0.057712
708.000000 0.063978
709.000000 0.079907
710.000000 0.080245
711.000000 0.074184
712.000000 0.077448
713.000000 0.068054
714.000000 0.061301
715.000000 0.062261
716.000000 0.061079
717.000000 0.060175
718.000000 0.049742
719.000000 0.041229
720.000000 0.035944
721.000000 0.044800
722.000000 0.038854
723.000000 0.040589
724.000000 0.038956
725.000000 0.040059
726.000000 0.043037
727.000000 0.042054
728.000000 0.037766
729.000000 0.049582
730.000000 0.046251
731.000000 0.045143
732.000000 0.065522
733.000000 0.075627
734.000000 0.065412
735.000000 0.063732
736.000000 0.071823
737.000000 0.086016
738.000000 0.075276
739.000000 0.062141
740.000000 0.061701
741.000000 0.055903
742.000000 0.046280
743.000000 0.047500
744.000000 0.041181
745.000000 0.039002
746.000000 0.052075
747.000000 0.043126
748.000000 0.044674
749.000000 0.047415
750.000000 0.051167
751.000000 0.048620
752.000000 0.056181
753.000000 0.056375
754.000000 0.049510
755.000000 0.063916
756.000000 0.060122
757.000000 0.056144
758.000000 0.061790
759.000000 0.058225
760.000000 0.067275
761.000000 0.064992
762.000000 0.062218
763.000000 0.063650
764.000000 0.057183
765.000000 0.059671
766.000000 0.055204
767.000000 0.045733
768.000000 0.045500
769.000000 0.050115
770.000000 0.049603
771.000000 0.057653
772.000000 0.060593
773.000000 0.050763
774.000000 0.051545
775.000000 0.050194
776.000000 0.060156
777.000000 0.069104
778.000000 0.069769
779.000000 0.063339
780.000000 0.077068
781.000000 0.073478
782.000000 0.083293
783.000000 0.080238
784.000000 0.086831
785.000000 0.071596
786.000000 0.066260
787.000000 0.061855
788.000000 0.055039
789.000000 0.054109
790.000000 0.044771
791.000000 0.038656
792.000000 0.040404
793.000000 0.038652
794.000000 0.041147
795.000000 0.039433
796.000000 0.039252
797.000000 0.045119
798.000000 0.048023
799.000000 0.057407
800.000000 0.057487
801.000000 0.072324
802.000000 0.068077
803.000000 0.070575
804.000000 0.085011
805.000000 0.085588
806.000000 0.090673
807.000000 0.097171
808.000000 0.090802
809.000000 0.079014
810.000000 0.074234
811.000000 0.069834
812.000000 0.072485
813.000000 0.060660
814.000000 0.062144
815.000000 0.058389
816.000000 0.053835
817.000000 0.053651
818.000000 0.044392
819.000000 0.043484
820.000000 0.051804
821.000000 0.052407
822.000000 0.050218
823.000000 0.064286
824.000000 0.065056
825.000000 0.076566
826.000000 0.068345
827.000000 0.073337
828.000000 0.071028
829.000000 0.067122
830.000000 0.061867
831.000000 0.070632
832.000000 0.070070
833.000000 0.068296
834.000000 0.073302
835.000000 0.069997
836.000000 0.064204
837.000000 0.071491
838.000000 0.069243
839.000000 0.063796
840.000000 0.063627
841.000000 0.067226
842.000000 0.066411
843.000000 0.068714
844.000000 0.068286
845.000000 0.060587
846.000000 0.052123
847.000000 0.056172
848.000000 0.049378
849.000000 0.057603
850.000000 0.054012
851.000000 0.060628
852.000000 0.057260
853.000000 0.047877
854.000000 0.051625
855.000000 0.045513
856.000000 0.052392
857.000000 0.049501
858.000000 0.046631
859.000000 0.061202
860.000000 0.059683
861.000000 0.058525
862.000000 0.052002
863.000000 0.051053
864.000000 0.054400
865.000000 0.059941
866.000000 0.075696
867.000000 0.088548
868.000000 0.096070
869.000000 0.088899
870.000000 0.110275
871.000000 0.102287
872.000000 0.084315
873.000000 0.085319
874.000000 0.079210
875.000000 0.065445
876.000000 0.074302
877.000000 0.074891
878.000000 0.071130
879.000000 0.079325
880.000000 0.071979
881.000000 0.064481
882.000000 0.053303
883.000000 0.051007
884.000000 0.051603
885.000000 0.051653
886.000000 0.059493
887.000000 0.052566
888.000000 0.061991
889.000000 0.061451
890.000000 0.050941
891.000000 0.051011
892.000000 0.051016
893.000000 0.058236
894.000000 0.069049
895.000000 0.060102
896.000000 0.052661
897.000000 0.051010
898.000000 0.049748
899.000000 0.050968
900.000000 0.054526
901.000000 0.049895
902.000000 0.048756
903.000000 0.044190
904.000000 0.043698
905.000000 0.048295
906.000000 0.056520
907.000000 0.050777
908.000000 0.049205
909.000000 0.044593
910.000000 0.042758
911.000000 0.051004
912.000000 0.050862
913.000000 0.056077
914.000000 0.052589
915.000000 0.062392
916.000000 0.064586
917.000000 0.053463
918.000000 0.060434
919.000000 0.068254
920.000000 0.060364
921.000000 0.055891
922.000000 0.056939
923.000000 0.053795
924.000000 0.055350
925.000000 0.060357
926.000000 0.049889
927.000000 0.045913
928.000000 0.049980
929.000000 0.055413
930.000000 0.051648
931.000000 0.046207
932.000000 0.051925
933.000000 0.070034
934.000000 0.071448
935.000000 0.070378
936.000000 0.067723
937.000000 0.055917
938.000000 0.046233
939.000000 0.043152
940.000000 0.062882
941.000000 0.062008
942.000000 0.063161
943.000000 0.057056
944.000000 0.049050
945.000000 0.045661
946.000000 0.057766
947.000000 0.057569
948.000000 0.054528
949.000000 0.049636
950.000000 0.045126
951.000000 0.043364
952.000000 0.037826
953.000000 0.038320
954.000000 0.053832
955.000000 0.059932
956.000000 0.057900
957.000000 0.052040
958.000000 0.047873
959.000000 0.052261
960.000000 0.059399
961.000000 0.057908
962.000000 0.055047
963.000000 0.056036
964.000000 0.048484
965.000000 0.050400
966.000000 0.054716
967.000000 0.054366
968.000000 0.071359
969.000000 0.083171
970.000000 0.073649
971.000000 0.071886
972.000000 0.059472
973.000000 0.060501
974.000000 0.056687
975.000000 0.067909
976.000000 0.066737
977.000000 0.065893
978.000000 0.073847
979.000000 0.061002
980.000000 0.061749
981.000000 0.056099
982.000000 0.057746
983.000000 0.065417
984.000000 0.069887
985.000000 0.069576
986.000000 0.062046
987.000000 0.060839
988.000000 0.053966
989.000000 0.061875
990.000000 0.060686
991.000000 0.061317
992.000000 0.053992
993.000000 0.053181
994.000000 0.047638
995.000000 0.042881
996.000000 0.060194
997.000000 0.059685
998.000000 0.055827
999.000000 0.047171
1000.000000 0.045258
1001.000000 0.040482
1002.000000 0.039475
1003.000000 0.035644
1004.000000 0.033848
1005.000000 0.051030
1006.000000 0.055383
1007.000000 0.046391
1008.000000 0.046251
1009.000000 0.063081
1010.000000 0.073136
1011.000000 0.077122
1012.000000 0.079465
1013.000000 0.070271
1014.000000 0.084396
1015.000000 0.077733
1016.000000 0.081429
1017.000000 0.073105
1018.000000 0.074641
1019.000000 0.067032
1020.000000 0.069598
1021.000000 0.077382
1022.000000 0.073099
1023.000000 0.073762
1024.000000 0.068498
1025.000000 0.059968
1026.000000 0.056564
1027.000000 0.048951
1028.000000 0.051983
1029.000000 0.051858
1030.000000 0.059308
1031.000000 0.054680
1032.000000 0.060715
1033.000000 0.050304
1034.000000 0.045944
1035.000000 0.056912
1036.000000 0.061491
1037.000000 0.055895
1038.000000 0.058050
1039.000000 0.050323
1040.000000 0.053463
1041.000000 0.047864
1042.000000 0.056681
1043.000000 0.055144
1044.000000 0.057484
1045.000000 0.061194
1046.000000 0.058110
1047.000000 0.059848
1048.000000 0.077998
1049.000000 0.068925
1050.000000 0.070594
1051.000000 0.071093
1052.000000 0.070976
1053.000000 0.078840
1054.000000 0.080389
1055.000000 0.071524
1056.000000 0.084132
1057.000000 0.080076
1058.000000 0.072650
1059.000000 0.067913
1060.000000 0.062512
1061.000000 0.055753
1062.000000 0.050528
1063.000000 0.054057
1064.000000 0.055754
1065.000000 0.055566
1066.000000 0.060095
1067.000000 0.053743
1068.000000 0.051655
1069.000000 0.051043
1070.000000 0.049608
1071.000000 0.049769
1072.000000 0.048945
1073.000000 0.046585
1074.000000 0.042948
1075.000000 0.050120
1076.000000 0.049131
1077.000000 0.054812
1078.000000 0.051930
1079.000000 0.052843
1080.000000 0.057549
1081.000000 0.058672
1082.000000 0.058699
1083.000000 0.050500
1084.000000 0.052239
1085.000000 0.062064
1086.000000 0.061014
1087.000000 0.070061
1088.000000 0.065924
1089.000000 0.061400
1090.000000 0.058181
1091.000000 0.061837
1092.000000 0.052142
1093.000000 0.046566
1094.000000 0.048270
1095.000000 0.051365
1096.000000 0.042579
1097.000000 0.044408
1098.000000 0.045388
1099.000000 0.059680
1100.000000 0.054630
1101.000000 0.053299
1102.000000 0.053450
1103.000000 0.047979
1104.000000 0.053197
1105.000000 0.053508
1106.000000 0.067932
1107.000000 0.058466
1108.000000 0.053652
1109.000000 0.072854
1110.000000 0.071200
1111.000000 0.063756
1112.000000 0.077052
1113.000000 0.069288
1114.000000 0.073944
1115.000000 0.076504
1116.000000 0.065662
1117.000000 0.061667
1118.000000 0.052512
1119.000000 0.054646
1120.000000 0.057408
1121.000000 0.059215
1122.000000 0.069347
1123.000000 0.063278
1124.000000 0.059038
1125.000000 0.056140
1126.000000 0.051813
1127.000000 0.060603
1128.000000 0.062847
1129.000000 0.064100
1130.000000 0.062185
1131.000000 0.064293
1132.000000 0.072375
1133.000000 0.064008
1134.000000 0.072897
1135.000000 0.072528
1136.000000 0.062445
1137.000000 0.055936
1138.000000 0.062839
1139.000000 0.066624
1140.000000 0.071951
1141.000000 0.065155
1142.000000 0.068934
1143.000000 0.061909
1144.000000 0.065266
1145.000000 0.056743
1146.000000 0.049265
1147.000000 0.047454
1148.000000 0.051720
1149.000000 0.042830
1150.000000 0.040666
1151.000000 0.050336
1152.000000 0.049883
1153.000000 0.043923
1154.000000 0.045047
1155.000000 0.040732
1156.000000 0.047346
1157.000000 0.051204
1158.000000 0.047968
1159.000000 0.049435
1160.000000 0.052803
1161.000000 0.046421
1162.000000 0.043147
1163.000000 0.038530
1164.000000 0.037374
1165.000000 0.035470
1166.000000 0.036226
1167.000000 0.039098
1168.000000 0.032447
1169.000000 0.027020
1170.000000 0.040851
1171.000000 0.041316
1172.000000 0.043822
1173.000000 0.051630
1174.000000 0.056861
1175.000000 0.053419
1176.000000 0.068715
1177.000000 0.063570
1178.000000 0.060910
1179.000000 0.058332
1180.000000 0.059185
1181.000000 0.065485
1182.000000 0.069213
1183.000000 0.062871
1184.000000 0.051941
1185.000000 0.045958
1186.000000 0.045215
1187.000000 0.045824
1188.000000 0.045366
1189.000000 0.042959
1190.000000 0.045752
1191.000000 0.046128
1192.000000 0.064057
1193.000000 0.055995
1194.000000 0.052518
1195.000000 0.053614
1196.000000 0.056337
1197.000000 0.048930
1198.000000 0.047368
1199.000000 0.050241
1200.000000 0.055169
1201.000000 0.053870
1202.000000 0.054217
1203.000000 0.060065
1204.000000 0.057039
1205.000000 0.050447
1206.000000 0.051619
1207.000000 0.043693
1208.000000 0.045741
1209.000000 0.058188
1210.000000 0.054120
1211.000000 0.057274
1212.000000 0.060220
1213.000000 0.065181
1214.000000 0.076575
1215.000000 0.066918
1216.000000 0.059411
1217.000000 0.070116
1218.000000 0.062477
1219.000000 0.056150
1220.000000 0.054821
1221.000000 0.054364
1222.000000 0.050193
1223.000000 0.051174
1224.000000 0.057302
1225.000000 0.056723
1226.000000 0.050448
1227.000000 0.047183
1228.000000 0.044094
1229.000000 0.050840
1230.000000 0.050240
1231.000000 0.050289
1232.000000 0.046309
1233.000000 0.049906
1234.000000 0.052699
1235.000000 0.059524
1236.000000 0.063870
1237.000000 0.074636
1238.000000 0.072509
1239.000000 0.063353
1240.000000 0.066897
1241.000000 0.069752
1242.000000 0.064514
1243.000000 0.069329
1244.000000 0.066309
1245.000000 0.061635
1246.000000 0.055999
1247.000000 0.053716
1248.000000 0.068787
1249.000000 0.062341
1250.000000 0.051511
1251.000000 0.047869
1252.000000 0.042239
1253.000000 0.040869
1254.000000 0.037038
1255.000000 0.042731
1256.000000 0.048906
1257.000000 0.049844
1258.000000 0.057694
1259.000000 0.068821
1260.000000 0.076567
1261.000000 0.072764
1262.000000 0.067086
1263.000000 0.079239
1264.000000 0.070897
1265.000000 0.069748
1266.000000 0.067126
1267.000000 0.058695
1268.000000 0.066078
1269.000000 0.067490
1270.000000 0.064530
1271.000000 0.056535
1272.000000 0.058276
1273.000000 0.048539
1274.000000 0.052453
1275.000000 0.053414
1276.000000 0.046916
1277.000000 0.046782
1278.000000 0.056831
1279.000000 0.049409
1280.000000 0.060983
1281.000000 0.085135
1282.000000 0.072217
1283.000000 0.066248
1284.000000 0.063853
1285.000000 0.082023
1286.000000 0.079749
1287.000000 0.069512
1288.000000 0.063466
1289.000000 0.057973
1290.000000 0.055876
1291.000000 0.046281
1292.000000 0.049684
1293.000000 0.054236
1294.000000 0.045007
1295.000000 0.042155
1296.000000 0.045855
1297.000000 0.046252
1298.000000 0.055970
1299.000000 0.055763
1300.000000 0.052593
1301.000000 0.062569
1302.000000 0.060061
1303.000000 0.071922
1304.000000 0.070393
1305.000000 0.074693
1306.000000 0.079258
1307.000000 0.079463
1308.000000 0.074099
1309.000000 0.080662
1310.000000 0.068737
1311.000000 0.070325
1312.000000 0.066498
1313.000000 0.055429
1314.000000 0.048371
1315.000000 0.051373
1316.000000 0.044612
1317.000000 0.041562
1318.000000 0.053438
1319.000000 0.053239
1320.000000 0.047131
1321.000000 0.042334
1322.000000 0.040386
1323.000000 0.042679
1324.000000 0.036292
1325.000000 0.046368
1326.000000 0.069080
1327.000000 0.068758
1328.000000 0.070270
1329.000000 0.066988
1330.000000 0.073802
1331.000000 0.084674
1332.000000 0.099641
1333.000000 0.093021
1334.000000 0.089732
1335.000000 0.082253
1336.000000 0.076536
1337.000000 0.083649
1338.000000 0.070963
1339.000000 0.072414
1340.000000 0.064844
1341.000000 0.054723
1342.000000 0.054629
1343.000000 0.050206
1344.000000 0.057528
1345.000000 0.058019
1346.000000 0.059530
1347.000000 0.056131
1348.000000 0.056944
1349.000000 0.054058
1350.000000 0.047014
1351.000000 0.048929
1352.000000 0.053551
1353.000000 0.056430
1354.000000 0.055705
1355.000000 0.049295
1356.000000 0.050565
1357.000000 0.054027
1358.000000 0.062482
1359.000000 0.064833
1360.000000 0.068062
1361.000000 0.073050
1362.000000 0.069347
1363.000000 0.083273
1364.000000 0.078569
1365.000000 0.077356
1366.000000 0.067289
1367.000000 0.063395
1368.000000 0.070481
1369.000000 0.060894
1370.000000 0.065685
1371.000000 0.057754
1372.000000 0.065393
1373.000000 0.058279
1374.000000 0.062588
1375.000000 0.062767
1376.000000 0.056516
1377.000000 0.058692
1378.000000 0.053213
1379.000000 0.051583
1380.000000 0.054267
1381.000000 0.051992
1382.000000 0.049487
1383.000000 0.048026
1384.000000 0.058528
1385.000000 0.068639
1386.000000 0.062253
1387.000000 0.065570
1388.000000 0.067801
1389.000000 0.057183
1390.000000 0.056604
1391.000000 0.051966
1392.000000 0.049219
1393.000000 0.060180
1394.000000 0.060477
1395.000000 0.065030
1396.000000 0.062295
1397.000000 0.061768
1398.000000 0.063160
1399.000000 0.052361
1400.000000 0.058335
1401.000000 0.062395
1402.000000 0.057597
1403.000000 0.047656
1404.000000 0.054216
1405.000000 0.046758
1406.000000 0.044811
1407.000000 0.042824
1408.000000 0.056124
1409.000000 0.058702
1410.000000 0.069458
1411.000000 0.066143
1412.000000 0.071013
1413.000000 0.081681
1414.000000 0.086393
1415.000000 0.085263
1416.000000 0.081680
1417.000000 0.087744
1418.000000 0.093339
1419.000000 0.081164
1420.000000 0.076814
1421.000000 0.074876
1422.000000 0.079338
1423.000000 0.073155
1424.000000 0.067926
1425.000000 0.071476
1426.000000 0.067078
1427.000000 0.069758
1428.000000 0.072179
1429.000000 0.064410
1430.000000 0.064113
1431.000000 0.061535
1432.000000 0.057289
1433.000000 0.051015
1434.000000 0.049343
1435.000000 0.060753
1436.000000 0.053035
1437.000000 0.064044
1438.000000 0.060172
1439.000000 0.066138
1440.000000 0.063475
1441.000000 0.061602
1442.000000 0.075775
1443.000000 0.075097
1444.000000 0.062001
1445.000000 0.065254
1446.000000 0.064935
1447.000000 0.069233
1448.000000 0.063488
1449.000000 0.055610
1450.000000 0.048893
1451.000000 0.059132
1452.000000 0.058574
1453.000000 0.050975
1454.000000 0.045970
1455.000000 0.041598
1456.000000 0.041465
1457.000000 0.046444
1458.000000 0.040263
1459.000000 0.042054
1460.000000 0.038638
1461.000000 0.042227
1462.000000 0.040247
1463.000000 0.043612
1464.000000 0.047996
1465.000000 0.050333
1466.000000 0.055083
1467.000000 0.063206
1468.000000 0.062373
1469.000000 0.058110
1470.000000 0.060020
1471.000000 0.068417
1472.000000 0.062807
1473.000000 0.062039
1474.000000 0.073867
1475.000000 0.068581
1476.000000 0.066638
1477.000000 0.067076
1478.000000 0.057170
1479.000000 0.059123
1480.000000 0.059205
1481.000000 0.078366
1482.000000 0.071344
1483.000000 0.070197
1484.000000 0.067167
1485.000000 0.055480
1486.000000 0.057716
1487.000000 0.052731
1488.000000 0.053855
1489.000000 0.047657
1490.000000 0.051375
1491.000000 0.048820
1492.000000 0.055878
1493.000000 0.062006
1494.000000 0.059354
1495.000000 0.065272
1496.000000 0.062348
1497.000000 0.058934
1498.000000 0.067917
1499.000000 0.058876
1500.000000 0.069684
1501.000000 0.073729
1502.000000 0.074483
1503.000000 0.066978
1504.000000 0.079125
1505.000000 0.074171
1506.000000 0.067082
1507.000000 0.064654
1508.000000 0.076839
1509.000000 0.073522
1510.000000 0.065039
1511.000000 0.067024
1512.000000 0.072649
1513.000000 0.065647
1514.000000 0.060402
1515.000000 0.055139
1516.000000 0.049955
1517.000000 0.049945
1518.000000 0.045225
1519.000000 0.048658
1520.000000 0.051120
1521.000000 0.048879
1522.000000 0.045181
1523.000000 0.038770
1524.000000 0.041430
1525.000000 0.041830
1526.000000 0.047830
1527.000000 0.051194
1528.000000 0.063253
1529.000000 0.071993
1530.000000 0.069999
1531.000000 0.086135
1532.000000 0.099579
1533.000000 0.098547
1534.000000 0.094524
1535.000000 0.081751
1536.000000 0.070635
1537.000000 0.060023
1538.000000 0.055263
1539.000000 0.063718
1540.000000 0.062082
1541.000000 0.052872
1542.000000 0.050374
1543.000000 0.044706
1544.000000 0.042648
1545.000000 0.052182
1546.000000 0.050493
1547.000000 0.046360
1548.000000 0.041936
1549.000000 0.038769
1550.000000 0.042846
1551.000000 0.042916
1552.000000 0.052070
1553.000000 0.059471
1554.000000 0.055914
1555.000000 0.061265
1556.000000 0.072240
1557.000000 0.082764
1558.000000 0.070627
1559.000000 0.063592
1560.000000 0.059862
1561.000000 0.055174
1562.000000 0.057519
1563.000000 0.052886
1564.000000 0.047469
1565.000000 0.043951
1566.000000 0.043875
1567.000000 0.040750
1568.000000 0.044076
1569.000000 0.046559
1570.000000 0.053545
1571.000000 0.065947
1572.000000 0.066130
1573.000000 0.060056
1574.000000 0.051317
1575.000000 0.053036
1576.000000 0.045970
1577.000000 0.063548
1578.000000 0.063310
1579.000000 0.059665
1580.000000 0.066076
1581.000000 0.066268
1582.000000 0.061081
1583.000000 0.059927
1584.000000 0.057674
1585.000000 0.058765
1586.000000 0.061284
1587.000000 0.059493
1588.000000 0.049181
1589.000000 0.040745
1590.000000 0.033853
1591.000000 0.028780
1592.000000 0.040970
1593.000000 0.046405
1594.000000 0.045258
1595.000000 0.040571
1596.000000 0.051550
1597.000000 0.049395
1598.000000 0.058851
1599.000000 0.056658
1600.000000 0.051721
1601.000000 0.051267
1602.000000 0.048699
1603.000000 0.053201
1604.000000 0.052040
1605.000000 0.061551
1606.000000 0.071299
1607.000000 0.065378
1608.000000 0.055313
1609.000000 0.049956
1610.000000 0.046673
1611.000000 0.043955
1612.000000 0.057912
1613.000000 0.064974
1614.000000 0.068654
1615.000000 0.065740
1616.000000 0.063822
1617.000000 0.061575
1618.000000 0.055376
1619.000000 0.055220
1620.000000 0.062616
1621.000000 0.058156
1622.000000 0.056703
1623.000000 0.062538
1624.000000 0.064950
1625.000000 0.060496
1626.000000 0.064002
1627.000000 0.062635
1628.000000 0.058079
1629.000000 0.059212
1630.000000 0.064178
1631.000000 0.075613
1632.000000 0.064741
1633.000000 0.054162
1634.000000 0.051155
1635.000000 0.049329
1636.000000 0.065640
1637.000000 0.064512
1638.000000 0.069833
1639.000000 0.063813
1640.000000 0.088729
1641.000000 0.085155
1642.000000 0.085719
1643.000000 0.084582
1644.000000 0.093325
1645.000000 0.096444
1646.000000 0.084406
1647.000000 0.074615
1648.000000 0.078218
1649.000000 0.068933
1650.000000 0.062510
1651.000000 0.051627
1652.000000 0.055808
1653.000000 0.053783
1654.000000 0.062144
1655.000000 0.063919
1656.000000 0.060052
1657.000000 0.054228
1658.000000 0.053442
1659.000000 0.050831
1660.000000 0.047540
1661.000000 0.050077
1662.000000 0.056283
1663.000000 0.066878
1664.000000 0.064598
1665.000000 0.056675
1666.000000 0.064869
1667.000000 0.062001
1668.000000 0.059180
1669.000000 0.060596
1670.000000 0.064827
1671.000000 0.056200
1672.000000 0.064072
1673.000000 0.065359
1674.000000 0.056975
1675.000000 0.053492
1676.000000 0.050015
1677.000000 0.055743
1678.000000 0.055473
1679.000000 0.047083
1680.000000 0.063296
1681.000000 0.065411
1682.000000 0.057446
1683.000000 0.058073
1684.000000 0.068596
1685.000000 0.068170
1686.000000 0.060449
1687.000000 0.055714
1688.000000 0.053680
1689.000000 0.050887
1690.000000 0.061392
1691.000000 0.079018
1692.000000 0.079967
1693.000000 0.066828
1694.000000 0.063487
1695.000000 0.063255
1696.000000 0.064914
1697.000000 0.056181
1698.000000 0.057954
1699.000000 0.064165
1700.000000 0.061051
1701.000000 0.065586
1702.000000 0.056196
1703.000000 0.066675
1704.000000 0.064873
1705.000000 0.076604
1706.000000 0.076561
1707.000000 0.072238
1708.000000 0.060497
1709.000000 0.066019
1710.000000 0.066791
1711.000000 0.066672
1712.000000 0.065052
1713.000000 0.061581
1714.000000 0.055788
1715.000000 0.046081
1716.000000 0.040981
1717.000000 0.037027
1718.000000 0.046338
1719.000000 0.044428
1720.000000 0.044881
1721.000000 0.046092
1722.000000 0.038304
1723.000000 0.049652
1724.000000 0.052218
1725.000000 0.052937
1726.000000 0.047137
1727.000000 0.058768
1728.000000 0.060629
1729.000000 0.054572
1730.000000 0.049335
1731.000000 0.050462
1732.000000 0.053016
1733.000000 0.046136
1734.000000 0.049101
1735.000000 0.052866
1736.000000 0.048015
1737.000000 0.042525
1738.000000 0.046549
1739.000000 0.056896
1740.000000 0.048272
1741.000000 0.049160
1742.000000 0.072954
1743.000000 0.071055
1744.000000 0.061140
1745.000000 0.063466
1746.000000 0.064296
1747.000000 0.080883
1748.000000 0.072693
1749.000000 0.075635
1750.000000 0.076335
1751.000000 0.079601
1752.000000 0.074048
1753.000000 0.061780
1754.000000 0.057326
1755.000000 0.061727
1756.000000 0.080212
1757.000000 0.086869
1758.000000 0.079994
1759.000000 0.066643
1760.000000 0.064487
1761.000000 0.057527
1762.000000 0.059263
1763.000000 0.054953
1764.000000 0.046264
1765.000000 0.048904
1766.000000 0.051189
1767.000000 0.045820
1768.000000 0.061151
1769.000000 0.058885
1770.000000 0.053464
1771.000000 0.059384
1772.000000 0.053426
1773.000000 0.060610
1774.000000 0.057712
1775.000000 0.066145
1776.000000 0.061085
1777.000000 0.054949
1778.000000 0.060732
1779.000000 0.070591
1780.000000 0.080725
1781.000000 0.079180
1782.000000 0.074919
1783.000000 0.077886
1784.000000 0.101232
1785.000000 0.085871
1786.000000 0.083249
1787.000000 0.082709
1788.000000 0.077112
1789.000000 0.066803
1790.000000 0.067910
1791.000000 0.069160
1792.000000 0.065418
1793.000000 0.058562
1794.000000 0.050780
1795.000000 0.063952
1796.000000 0.068812
1797.000000 0.063760
1798.000000 0.064012
1799.000000 0.076125
1800.000000 0.069864
1801.000000 0.084258
1802.000000 0.099048
1803.000000 0.087317
1804.000000 0.081386
1805.000000 0.083298
1806.000000 0.082218
1807.000000 0.079958
1808.000000 0.069991
1809.000000 0.068816
1810.000000 0.069292
1811.000000 0.076080
1812.000000 0.080068
1813.000000 0.080306
1814.000000 0.071700
1815.000000 0.072749
1816.000000 0.060202
1817.000000 0.059915
1818.000000 0.062461
1819.000000 0.057552
1820.000000 0.059242
1821.000000 0.058857
1822.000000 0.075501
1823.000000 0.071979
1824.000000 0.068823
1825.000000 0.082605
1826.000000 0.075020
1827.000000 0.071076
1828.000000 0.064329
1829.000000 0.060501
1830.000000 0.054391
1831.000000 0.052393
1832.000000 0.046059
1833.000000 0.045014
1834.000000 0.046168
1835.000000 0.044454
1836.000000 0.044833
1837.000000 0.044808
1838.000000 0.050237
1839.000000 0.045255
1840.000000 0.054017
1841.000000 0.055978
1842.000000 0.055000
1843.000000 0.048772
1844.000000 0.053883
1845.000000 0.067455
1846.000000 0.068271
1847.000000 0.073896
1848.000000 0.077268
1849.000000 0.073930
1850.000000 0.061052
1851.000000 0.051752
1852.000000 0.054489
1853.000000 0.056789
1854.000000 0.048660
1855.000000 0.044261
1856.000000 0.055366
1857.000000 0.051115
1858.000000 0.054560
1859.000000 0.055464
1860.000000 0.056843
1861.000000 0.055768
1862.000000 0.054923
1863.000000 0.062099
1864.000000 0.059692
1865.000000 0.049937
1866.000000 0.046893
1867.000000 0.046449
1868.000000 0.039697
1869.000000 0.037396
1870.000000 0.045049
1871.000000 0.053871
1872.000000 0.053915
1873.000000 0.049516
1874.000000 0.051511
1875.000000 0.057426
1876.000000 0.057206
1877.000000 0.063864
1878.000000 0.060953
1879.000000 0.064281
1880.000000 0.064748
1881.000000 0.073015
1882.000000 0.068737
1883.000000 0.063237
1884.000000 0.064540
1885.000000 0.073850
1886.000000 0.069049
1887.000000 0.071935
1888.000000 0.074041
1889.000000 0.074412
1890.000000 0.069012
1891.000000 0.070826
1892.000000 0.070787
1893.000000 0.070531
1894.000000 0.077375
1895.000000 0.072652
1896.000000 0.067138
1897.000000 0.068939
1898.000000 0.076888
1899.000000 0.078945
1900.000000 0.072892
1901.000000 0.074504
1902.000000 0.071677
1903.000000 0.073890
1904.000000 0.066100
1905.000000 0.064415
1906.000000 0.061692
1907.000000 0.055023
1908.000000 0.050299
1909.000000 0.047963
1910.000000 0.043626
1911.000000 0.042735
1912.000000 0.042604
1913.000000 0.055809
1914.000000 0.048617
1915.000000 0.057952
1916.000000 0.056835
1917.000000 0.050832
1918.000000 0.053818
1919.000000 0.062506
1920.000000 0.060160
1921.000000 0.052854
1922.000000 0.044904
1923.000000 0.042630
1924.000000 0.042146
1925.000000 0.047130
1926.000000 0.049488
1927.000000 0.053799
1928.000000 0.054148
1929.000000 0.066183
1930.000000 0.075217
1931.000000 0.072189
1932.000000 0.072554
1933.000000 0.059984
1934.000000 0.054893
1935.000000 0.055498
1936.000000 0.049624
1937.000000 0.051766
1938.000000 0.062469
1939.000000 0.056260
1940.000000 0.092076
1941.000000 0.098137
1942.000000 0.088464
1943.000000 0.075553
1944.000000 0.075576
1945.000000 0.062430
1946.000000 0.052846
1947.000000 0.043790
1948.000000 0.046515
1949.000000 0.051078
1950.000000 0.042510
1951.000000 0.046243
1952.000000 0.048018
1953.000000 0.049160
1954.000000 0.044255
1955.000000 0.051019
1956.000000 0.059365
1957.000000 0.056017
1958.000000 0.058855
1959.000000 0.051775
1960.000000 0.053414
1961.000000 0.062606
1962.000000 0.055239
1963.000000 0.051487
1964.000000 0.046546
1965.000000 0.062190
1966.000000 0.069868
1967.000000 0.061361
1968.000000 0.065408
1969.000000 0.069661
1970.000000 0.062285
1971.000000 0.061819
1972.000000 0.073884
1973.000000 0.070291
1974.000000 0.073083
1975.000000 0.067793
1976.000000 0.071675
1977.000000 0.067192
1978.000000 0.066354
1979.000000 0.062915
1980.000000 0.062838
1981.000000 0.056620
1982.000000 0.059313
1983.000000 0.067251
1984.000000 0.055664
1985.000000 0.056156
1986.000000 0.047085
1987.000000 0.045728
1988.000000 0.061749
1989.000000 0.055950
1990.000000 0.070397
1991.000000 0.063295
1992.000000 0.072171
1993.000000 0.069780
1994.000000 0.066309
1995.000000 0.071063
1996.000000 0.069764
1997.000000 0.057615
1998.000000 0.061129
1999.000000 0.057479
2000.000000 0.052796
2001.000000 0.050289
2002.000000 0.042106
2003.000000 0.059798
2004.000000 0.057028
2005.000000 0.059970
2006.000000 0.059684
2007.000000 0.052578
2008.000000 0.054103
2009.000000 0.047546
2010.000000 0.041527
2011.000000 0.039514
2012.000000 0.041313
2013.000000 0.046270
2014.000000 0.042785
2015.000000 0.044223
2016.000000 0.059079
2017.000000 0.056302
2018.000000 0.056736
2019.000000 0.055599
2020.000000 0.055295
2021.000000 0.053975
2022.000000 0.049846
2023.000000 0.044149
2024.000000 0.041396
2025.000000 0.047941
2026.000000 0.046634
2027.000000 0.054654
2028.000000 0.054936
2029.000000 0.059106
2030.000000 0.067385
2031.000000 0.065742
2032.000000 0.072627
2033.000000 0.071630
2034.000000 0.067470
2035.000000 0.075832
2036.000000 0.068797
2037.000000 0.061743
2038.000000 0.059274
2039.000000 0.067641
2040.000000 0.057614
2041.000000 0.048694
2042.000000 0.051189
2043.000000 0.056142
2044.000000 0.069319
2045.000000 0.065094
2046.000000 0.067626
2047.000000 0.066775
2048.000000 0.061997
2049.000000 0.052762
2050.000000 0.052358
2051.000000 0.060009
2052.000000 0.062055
2053.000000 0.072062
2054.000000 0.070984
2055.000000 0.065334
2056.000000 0.064792
2057.000000 0.059563
2058.000000 0.053200
2059.000000 0.060093
2060.000000 0.056225
2061.000000 0.054251
2062.000000 0.049104
2063.000000 0.045412
2064.000000 0.053288
2065.000000 0.054165
2066.000000 0.061064
2067.000000 0.063353
2068.000000 0.058568
2069.000000 0.058191
2070.000000 0.054406
2071.000000 0.052200
2072.000000 0.051904
2073.000000 0.065777
2074.000000 0.066597
2075.000000 0.074933
2076.000000 0.067399
2077.000000 0.081034
2078.000000 0.086756
2079.000000 0.074183
2080.000000 0.064348
2081.000000 0.071157
2082.000000 0.061092
2083.000000 0.053518
2084.000000 0.044901
2085.000000 0.047512
2086.000000 0.044347
2087.000000 0.041461
2088.000000 0.049962
2089.000000 0.051711
2090.000000 0.052162
2091.000000 0.051129
2092.000000 0.053219
2093.000000 0.056601
2094.000000 0.056295
2095.000000 0.046847
2096.000000 0.060323
2097.000000 0.073774
2098.000000 0.075555
2099.000000 0.082800
2100.000000 0.079136
2101.000000 0.096606
2102.000000 0.090636
2103.000000 0.086641
2104.000000 0.087464
2105.000000 0.073328
2106.000000 0.076229
2107.000000 0.080706
2108.000000 0.069093
2109.000000 0.059622
2110.000000 0.062561
2111.000000 0.059123
2112.000000 0.054831
2113.000000 0.049897
2114.000000 0.050452
2115.000000 0.052832
2116.000000 0.048399
2117.000000 0.041285
2118.000000 0.043087
2119.000000 0.039760
2120.000000 0.047140
2121.000000 0.045922
2122.000000 0.045928
2123.000000 0.056050
2124.000000 0.064838
2125.000000 0.057117
2126.000000 0.064959
2127.000000 0.068796
2128.000000 0.077330
2129.000000 0.065078
2130.000000 0.059965
2131.000000 0.066698
2132.000000 0.061092
2133.000000 0.056456
2134.000000 0.057130
2135.000000 0.063349
2136.000000 0.053469
2137.000000 0.044386
2138.000000 0.041637
2139.000000 0.036030
2140.000000 0.049519
2141.000000 0.050680
2142.000000 0.047843
2143.000000 0.047094
2144.000000 0.050899
2145.000000 0.057589
2146.000000 0.070635
2147.000000 0.074206
2148.000000 0.067384
2149.000000 0.075293
2150.000000 0.077714
2151.000000 0.072703
2152.000000 0.069487
2153.000000 0.064106
2154.000000 0.067391
2155.000000 0.064510
2156.000000 0.059999
2157.000000 0.055544
2158.000000 0.047398
2159.000000 0.049155
2160.000000 0.043220
2161.000000 0.043038
2162.000000 0.037815
2163.000000 0.049567
2164.000000 0.060516
2165.000000 0.062638
2166.000000 0.066133
2167.000000 0.074531
2168.000000 0.082952
2169.000000 0.087902
2170.000000 0.085645
2171.000000 0.081150
2172.000000 0.073865
2173.000000 0.065459
2174.000000 0.060980
2175.000000 0.058287
2176.000000 0.053445
2177.000000 0.046055
2178.000000 0.038198
2179.000000 0.039430
2180.000000 0.043213
2181.000000 0.050074
2182.000000 0.059007
2183.000000 0.057617
2184.000000 0.063082
2185.000000 0.066260
2186.000000 0.066825
2187.000000 0.076249
2188.000000 0.062901
2189.000000 0.056604
2190.000000 0.052657
2191.000000 0.048065
2192.000000 0.050288
2193.000000 0.057757
2194.000000 0.051077
2195.000000 0.046413
2196.000000 0.054388
2197.000000 0.050554
2198.000000 0.051160
2199.000000 0.047345
2200.000000 0.050412
2201.000000 0.046738
2202.000000 0.054071
2203.000000 0.056342
2204.000000 0.053476
2205.000000 0.055085
2206.000000 0.051187
2207.000000 0.065136
2208.000000 0.064657
2209.000000 0.064060
2210.000000 0.065262
2211.000000 0.065565
2212.000000 0.064185
2213.000000 0.082516
2214.000000 0.073212
2215.000000 0.064754
2216.000000 0.058846
2217.000000 0.065131
2218.000000 0.067311
2219.000000 0.071370
2220.000000 0.068260
2221.000000 0.062364
2222.000000 0.057503
2223.000000 0.061953
2224.000000 0.058353
2225.000000 0.058180
2226.000000 0.060304
2227.000000 0.058077
2228.000000 0.068398
2229.000000 0.062637
2230.000000 0.064227
2231.000000 0.067030
2232.000000 0.066399
2233.000000 0.060986
2234.000000 0.070360
2235.000000 0.061437
2236.000000 0.064514
2237.000000 0.057788
2238.000000 0.051035
2239.000000 0.053034
2240.000000 0.053340
2241.000000 0.054134
2242.000000 0.049463
2243.000000 0.054460
2244.000000 0.052539
2245.000000 0.054829
2246.000000 0.052931
2247.000000 0.053042
2248.000000 0.049732
2249.000000 0.058935
2250.000000 0.070641
2251.000000 0.074374
2252.000000 0.065422
2253.000000 0.060287
2254.000000 0.064738
2255.000000 0.062794
2256.000000 0.058212
2257.000000 0.055407
2258.000000 0.058648
2259.000000 0.062708
2260.000000 0.054948
2261.000000 0.056257
2262.000000 0.057469
2263.000000 0.058209
2264.000000 0.059911
2265.000000 0.053363
2266.000000 0.044257
2267.000000 0.045770
2268.000000 0.050179
2269.000000 0.050586
2270.000000 0.052369
2271.000000 0.060147
2272.000000 0.059597
2273.000000 0.077437
2274.000000 0.087070
2275.000000 0.071974
2276.000000 0.062518
2277.000000 0.059867
2278.000000 0.072151
2279.000000 0.074950
2280.000000 0.073268
2281.000000 0.063626
2282.000000 0.062938
2283.000000 0.062574
2284.000000 0.062032
2285.000000 0.060465
2286.000000 0.055128
2287.000000 0.046777
2288.000000 0.040736
2289.000000 0.045565
2290.000000 0.050287
2291.000000 0.041745
2292.000000 0.048295
2293.000000 0.046711
2294.000000 0.047415
2295.000000 0.049136
2296.000000 0.046490
2297.000000 0.050015
2298.000000 0.049513
2299.000000 0.055752
2300.000000 0.056786
2301.000000 0.063868
2302.000000 0.076890
2303.000000 0.079056
2304.000000 0.070642
2305.000000 0.071064
2306.000000 0.062033
2307.000000 0.055981
2308.000000 0.052780
2309.000000 0.049294
2310.000000 0.043893
2311.000000 0.049256
2312.000000 0.062403
2313.000000 0.061099
2314.000000 0.061714
2315.000000 0.056697
2316.000000 0.064686
2317.000000 0.057485
2318.000000 0.053144
2319.000000 0.051060
2320.000000 0.046970
2321.000000 0.047206
2322.000000 0.046929
2323.000000 0.053494
2324.000000 0.057155
2325.000000 0.057853
2326.000000 0.073725
2327.000000 0.072358
2328.000000 0.064186
2329.000000 0.059340
2330.000000 0.056821
2331.000000 0.070323
2332.000000 0.067122
2333.000000 0.055411
2334.000000 0.049490
2335.000000 0.042683
2336.000000 0.045436
2337.000000 0.039784
2338.000000 0.042077
2339.000000 0.050062
2340.000000 0.046914
2341.000000 0.055485
2342.000000 0.053534
2343.000000 0.054279
2344.000000 0.061803
2345.000000 0.059138
2346.000000 0.054749
2347.000000 0.051853
2348.000000 0.047882
2349.000000 0.062774
2350.000000 0.067905
2351.000000 0.065356
2352.000000 0.065097
2353.000000 0.066042
2354.000000 0.067511
2355.000000 0.070667
2356.000000 0.079250
2357.000000 0.081770
2358.000000 0.078346
2359.000000 0.071629
2360.000000 0.068154
2361.000000 0.070832
2362.000000 0.065624
2363.000000 0.065993
2364.000000 0.069595
2365.000000 0.070627
2366.000000 0.065804
2367.000000 0.067443
2368.000000 0.066720
2369.000000 0.062235
2370.000000 0.055062
2371.000000 0.058439
2372.000000 0.062799
2373.000000 0.058400
2374.000000 0.058706
2375.000000 0.058442
2376.000000 0.063230
2377.000000 0.069969
2378.000000 0.062461
2379.000000 0.057656
2380.000000 0.051523
2381.000000 0.049400
2382.000000 0.044556
2383.000000 0.044895
2384.000000 0.055179
2385.000000 0.059002
2386.000000 0.062765
2387.000000 0.063287
2388.000000 0.055868
2389.000000 0.063430
2390.000000 0.061195
2391.000000 0.051742
2392.000000 0.056142
2393.000000 0.046520
2394.000000 0.041067
2395.000000 0.042273
2396.000000 0.040651
2397.000000 0.046889
2398.000000 0.057067
2399.000000 0.057398
2400.000000 0.056016
2401.000000 0.057235
2402.000000 0.060900
2403.000000 0.062340
2404.000000 0.069723
2405.000000 0.061343
2406.000000 0.065400
2407.000000 0.066092
2408.000000 0.061217
2409.000000 0.059825
2410.000000 0.061303
2411.000000 0.059102
2412.000000 0.056423
2413.000000 0.058371
2414.000000 0.058535
2415.000000 0.061858
2416.000000 0.054018
2417.000000 0.047808
2418.000000 0.049828
2419.000000 0.047160
2420.000000 0.044276
2421.000000 0.049887
2422.000000 0.049391
2423.000000 0.057022
2424.000000 0.053484
2425.000000 0.050664
2426.000000 0.060955
2427.000000 0.061179
2428.000000 0.054331
2429.000000 0.059641
2430.000000 0.053322
2431.000000 0.058109
2432.000000 0.055790
2433.000000 0.056980
2434.000000 0.057417
2435.000000 0.056053
2436.000000 0.053403
2437.000000 0.063625
2438.000000 0.060025
2439.000000 0.056701
2440.000000 0.057703
2441.000000 0.051538
2442.000000 0.053846
2443.000000 0.060955
2444.000000 0.061351
2445.000000 0.052836
2446.000000 0.047441
2447.000000 0.047408
2448.000000 0.055368
2449.000000 0.058450
2450.000000 0.060204
2451.000000 0.055704
2452.000000 0.052068
2453.000000 0.052886
2454.000000 0.046018
2455.000000 0.046477
2456.000000 0.040054
2457.000000 0.039859
2458.000000 0.043078
2459.000000 0.040736
2460.000000 0.051427
2461.000000 0.056035
2462.000000 0.061597
2463.000000 0.052499
2464.000000 0.043436
2465.000000 0.054601
2466.000000 0.059792
2467.000000 0.056231
2468.000000 0.051907
2469.000000 0.055551
2470.000000 0.057398
2471.000000 0.047585
2472.000000 0.041975
2473.000000 0.052182
2474.000000 0.057520
2475.000000 0.063276
2476.000000 0.063823
2477.000000 0.057192
2478.000000 0.062385
2479.000000 0.065785
2480.000000 0.060803
2481.000000 0.060862
2482.000000 0.053567
2483.000000 0.053934
2484.000000 0.052075
2485.000000 0.054024
2486.000000 0.060738
2487.000000 0.054304
2488.000000 0.045175
2489.000000 0.037479
2490.000000 0.045982
2491.000000 0.047079
2492.000000 0.056733
2493.000000 0.051702
2494.000000 0.052629
2495.000000 0.044479
2496.000000 0.043609
2497.000000 0.046943
2498.000000 0.045528
2499.000000 0.050116
2500.000000 0.048326
2501.000000 0.046517
2502.000000 0.054197
2503.000000 0.052580
2504.000000 0.048950
2505.000000 0.050666
2506.000000 0.058609
2507.000000 0.051114
2508.000000 0.046903
2509.000000 0.048481
2510.000000 0.051132
2511.000000 0.049218
2512.000000 0.048331
2513.000000 0.055364
2514.000000 0.060005
2515.000000 0.063650
2516.000000 0.062735
2517.000000 0.065348
2518.000000 0.060426
2519.000000 0.054166
2520.000000 0.045994
2521.000000 0.039161
2522.000000 0.043125
2523.000000 0.039578
2524.000000 0.048488
2525.000000 0.040507
2526.000000 0.033650
2527.000000 0.028936
2528.000000 0.027825
2529.000000 0.037558
2530.000000 0.039924
2531.000000 0.051748
2532.000000 0.058366
2533.000000 0.061185
2534.000000 0.064086
2535.000000 0.052955
2536.000000 0.049000
2537.000000 0.051298
2538.000000 0.045886
2539.000000 0.046384
2540.000000 0.048164
2541.000000 0.050207
2542.000000 0.047911
2543.000000 0.050768
2544.000000 0.043225
2545.000000 0.042784
2546.000000 0.054100
2547.000000 0.054708
2548.000000 0.051746
2549.000000 0.053483
2550.000000 0.049365
2551.000000 0.044552
2552.000000 0.045519
2553.000000 0.050422
2554.000000 0.053859
2555.000000 0.052423
2556.000000 0.045798
2557.000000 0.041245
2558.000000 0.043385
2559.000000 0.046612
2560.000000 0.065513
2561.000000 0.054310
2562.000000 0.052715
2563.000000 0.046240
2564.000000 0.056139
2565.000000 0.058594
2566.000000 0.056750
2567.000000 0.056922
2568.000000 0.054743
2569.000000 0.045857
2570.000000 0.045064
2571.000000 0.048027
2572.000000 0.047882
2573.000000 0.042595
2574.000000 0.040215
2575.000000 0.033369
2576.000000 0.037215
2577.000000 0.040778
2578.000000 0.037405
2579.000000 0.038137
2580.000000 0.038047
2581.000000 0.043949
2582.000000 0.056629
2583.000000 0.055271
2584.000000 0.077849
2585.000000 0.084533
2586.000000 0.076787
2587.000000 0.075997
2588.000000 0.090629
2589.000000 0.077749
2590.000000 0.069419
2591.000000 0.065734
2592.000000 0.057006
2593.000000 0.064018
2594.000000 0.058550
2595.000000 0.052790
2596.000000 0.045592
2597.000000 0.056160
2598.000000 0.057724
2599.000000 0.056016
2600.000000 0.048123
2601.000000 0.046406
2602.000000 0.049864
2603.000000 0.053957
2604.000000 0.051220
2605.000000 0.049311
2606.000000 0.041883
2607.000000 0.051985
2608.000000 0.055537
2609.000000 0.063926
2610.000000 0.065609
2611.000000 0.061908
2612.000000 0.062430
2613.000000 0.059947
2614.000000 0.051082
2615.000000 0.049193
2616.000000 0.047112
2617.000000 0.046787
2618.000000 0.040225
2619.000000 0.045758
2620.000000 0.049150
2621.000000 0.044913
2622.000000 0.041965
2623.000000 0.038231
2624.000000 0.048924
2625.000000 0.046298
2626.000000 0.049986
2627.000000 0.052822
2628.000000 0.059592
2629.000000 0.073375
2630.000000 0.070125
2631.000000 0.057951
2632.000000 0.059429
2633.000000 0.049231
2634.000000 0.055732
2635.000000 0.065131
2636.000000 0.058067
2637.000000 0.051475
2638.000000 0.048940
2639.000000 0.050420
2640.000000 0.063447
2641.000000 0.071843
2642.000000 0.075254
2643.000000 0.070431
2644.000000 0.063891
2645.000000 0.066290
2646.000000 0.079963
2647.000000 0.092003
2648.000000 0.081751
2649.000000 0.068276
2650.000000 0.063125
2651.000000 0.059051
2652.000000 0.060533
2653.000000 0.050093
2654.000000 0.060759
2655.000000 0.064791
2656.000000 0.067859
2657.000000 0.062542
2658.000000 0.058989
2659.000000 0.054353
2660.000000 0.058859
2661.000000 0.058071
2662.000000 0.063740
2663.000000 0.068521
2664.000000 0.067008
2665.000000 0.062187
2666.000000 0.057770
2667.000000 0.064880
2668.000000 0.065941
2669.000000 0.054601
2670.000000 0.065284
2671.000000 0.062412
2672.000000 0.067650
2673.000000 0.055930
2674.000000 0.050513
2675.000000 0.056480
2676.000000 0.054465
2677.000000 0.049521
2678.000000 0.053781
2679.000000 0.048119
2680.000000 0.053373
2681.000000 0.049445
2682.000000 0.051006
2683.000000 0.046955
2684.000000 0.050920
2685.000000 0.052126
2686.000000 0.059273
2687.000000 0.056692
2688.000000 0.072634
2689.000000 0.082332
2690.000000 0.075286
2691.000000 0.069500
2692.000000 0.060622
2693.000000 0.060152
2694.000000 0.053832
2695.000000 0.048326
2696.000000 0.056144
2697.000000 0.060624
2698.000000 0.053292
2699.000000 0.049701
2700.000000 0.041217
2701.000000 0.045200
2702.000000 0.048169
2703.000000 0.044933
2704.000000 0.040275
2705.000000 0.037879
2706.000000 0.061933
2707.000000 0.051349
2708.000000 0.052974
2709.000000 0.061805
2710.000000 0.061990
2711.000000 0.054370
2712.000000 0.053026
2713.000000 0.053018
2714.000000 0.049793
2715.000000 0.053491
2716.000000 0.056984
2717.000000 0.063908
2718.000000 0.073043
2719.000000 0.075988
2720.000000 0.067328
2721.000000 0.057382
2722.000000 0.063836
2723.000000 0.065333
2724.000000 0.060831
2725.000000 0.058374
2726.000000 0.054880
2727.000000 0.062051
2728.000000 0.061815
2729.000000 0.063603
2730.000000 0.063375
2731.000000 0.059475
2732.000000 0.068660
2733.000000 0.059671
2734.000000 0.060856
2735.000000 0.058527
2736.000000 0.058942
2737.000000 0.064899
2738.000000 0.063792
2739.000000 0.060433
2740.000000 0.056420
2741.000000 0.057259
2742.000000 0.064210
2743.000000 0.067140
2744.000000 0.068588
2745.000000 0.056685
2746.000000 0.049884
2747.000000 0.045498
2748.000000 0.047625
2749.000000 0.063166
2750.000000 0.055011
2751.000000 0.052029
2752.000000 0.050767
2753.000000 0.048215
2754.000000 0.047405
2755.000000 0.043520
2756.000000 0.051695
2757.000000 0.053459
2758.000000 0.053466
2759.000000 0.057067
2760.000000 0.057065
2761.000000 0.055695
2762.000000 0.048970
2763.000000 0.042343
2764.000000 0.055110
2765.000000 0.062614
2766.000000 0.056976
2767.000000 0.050553
2768.000000 0.044749
2769.000000 0.051558
2770.000000 0.046151
2771.000000 0.057502
2772.000000 0.070235
2773.000000 0.069183
2774.000000 0.074202
2775.000000 0.062157
2776.000000 0.059176
2777.000000 0.060208
2778.000000 0.057210
2779.000000 0.054184
2780.000000 0.050129
2781.000000 0.047544
2782.000000 0.048255
2783.000000 0.054067
2784.000000 0.061050
2785.000000 0.058864
2786.000000 0.058570
2787.000000 0.060423
2788.000000 0.057243
2789.000000 0.053631
2790.000000 0.053342
2791.000000 0.055919
2792.000000 0.051594
2793.000000 0.051174
2794.000000 0.059754
2795.000000 0.075825
2796.000000 0.074621
2797.000000 0.078987
2798.000000 0.078986
2799.000000 0.068633
2800.000000 0.059626
2801.000000 0.055720
2802.000000 0.050802
2803.000000 0.049902
2804.000000 0.047462
2805.000000 0.042479
2806.000000 0.054499
2807.000000 0.051656
2808.000000 0.048663
2809.000000 0.052551
2810.000000 0.047861
2811.000000 0.057718
2812.000000 0.055799
2813.000000 0.046207
2814.000000 0.052971
2815.000000 0.052835
2816.000000 0.052906
2817.000000 0.056124
2818.000000 0.066554
2819.000000 0.076632
2820.000000 0.073837
2821.000000 0.070995
2822.000000 0.063389
2823.000000 0.055247
2824.000000 0.066706
2825.000000 0.060165
2826.000000 0.056268
2827.000000 0.070896
2828.000000 0.061715
2829.000000 0.061482
2830.000000 0.070204
2831.000000 0.065248
2832.000000 0.060316
2833.000000 0.064448
2834.000000 0.057981
2835.000000 0.058754
2836.000000 0.066205
2837.000000 0.065492
2838.000000 0.067516
2839.000000 0.059023
2840.000000 0.069802
2841.000000 0.076967
2842.000000 0.076225
2843.000000 0.083313
2844.000000 0.083107
2845.000000 0.083503
2846.000000 0.075488
2847.000000 0.064854
2848.000000 0.065748
2849.000000 0.064885
2850.000000 0.056186
2851.000000 0.046477
2852.000000 0.048772
2853.000000 0.052645
2854.000000 0.056979
2855.000000 0.051185
2856.000000 0.066318
2857.000000 0.056063
2858.000000 0.054051
2859.000000 0.060010
2860.000000 0.059566
2861.000000 0.052955
2862.000000 0.053383
2863.000000 0.045592
2864.000000 0.049060
2865.000000 0.051803
2866.000000 0.046925
2867.000000 0.047018
2868.000000 0.059444
2869.000000 0.072228
2870.000000 0.062562
2871.000000 0.057297
2872.000000 0.060371
2873.000000 0.061439
2874.000000 0.054613
2875.000000 0.072111
2876.000000 0.065303
2877.000000 0.068202
2878.000000 0.067953
2879.000000 0.069825
2880.000000 0.073805
2881.000000 0.067127
2882.000000 0.064376
2883.000000 0.065726
2884.000000 0.070064
2885.000000 0.068418
2886.000000 0.059193
2887.000000 0.052168
2888.000000 0.054128
2889.000000 0.060691
2890.000000 0.054915
2891.000000 0.045440
2892.000000 0.045748
2893.000000 0.056009
2894.000000 0.057144
2895.000000 0.057632
2896.000000 0.061924
2897.000000 0.057940
2898.000000 0.058179
2899.000000 0.050480
2900.000000 0.050076
2901.000000 0.041473
2902.000000 0.046008
2903.000000 0.040424
2904.000000 0.037393
2905.000000 0.050859
2906.000000 0.059066
2907.000000 0.059955
2908.000000 0.056017
2909.000000 0.060135
2910.000000 0.059706
2911.000000 0.064976
2912.000000 0.076121
2913.000000 0.071527
2914.000000 0.065832
2915.000000 0.059680
2916.000000 0.060789
2917.000000 0.068738
2918.000000 0.065762
2919.000000 0.060736
2920.000000 0.057956
2921.000000 0.070667
2922.000000 0.078197
2923.000000 0.074066
2924.000000 0.065542
2925.000000 0.063237
2926.000000 0.071802
2927.000000 0.074955
2928.000000 0.067317
2929.000000 0.066738
2930.000000 0.070927
2931.000000 0.070569
2932.000000 0.065837
2933.000000 0.061526
2934.000000 0.054244
2935.000000 0.044861
2936.000000 0.045129
2937.000000 0.043500
2938.000000 0.036153
2939.000000 0.041151
2940.000000 0.040437
2941.000000 0.039539
2942.000000 0.039988
2943.000000 0.033997
2944.000000 0.038603
2945.000000 0.039659
2946.000000 0.040088
2947.000000 0.067782
2948.000000 0.073861
2949.000000 0.086541
2950.000000 0.107839
2951.000000 0.101653
2952.000000 0.120126
2953.000000 0.116791
2954.000000 0.096302
2955.000000 0.087895
2956.000000 0.084032
2957.000000 0.075899
2958.000000 0.068177
2959.000000 0.057985
2960.000000 0.058247
2961.000000 0.048187
2962.000000 0.045203
2963.000000 0.039118
2964.000000 0.041224
2965.000000 0.041108
2966.000000 0.041972
2967.000000 0.041094
2968.000000 0.036331
2969.000000 0.039428
2970.000000 0.044083
2971.000000 0.044415
2972.000000 0.044129
2973.000000 0.046741
2974.000000 0.059694
2975.000000 0.065259
2976.000000 0.072873
2977.000000 0.069802
2978.000000 0.072217
2979.000000 0.085656
2980.000000 0.080398
2981.000000 0.066409
2982.000000 0.058937
2983.000000 0.064776
2984.000000 0.060610
2985.000000 0.054355
2986.000000 0.056041
2987.000000 0.061778
2988.000000 0.051118
2989.000000 0.049802
2990.000000 0.061326
2991.000000 0.054309
2992.000000 0.047479
2993.000000 0.046148
2994.000000 0.055795
2995.000000 0.055255
2996.000000 0.050743
2997.000000 0.059843
2998.000000 0.065690
2999.000000 0.064726
3000.000000 0.064920
3001.000000 0.066159
3002.000000 0.089537
3003.000000 0.081788
3004.000000 0.076380
3005.000000 0.077501
3006.000000 0.074890
3007.000000 0.066599
3008.000000 0.062052
3009.000000 0.059372
3010.000000 0.061695
3011.000000 0.057616
3012.000000 0.049003
3013.000000 0.063905
3014.000000 0.072835
3015.000000 0.070192
3016.000000 0.071862
3017.000000 0.076059
3018.000000 0.067928
3019.000000 0.069604
3020.000000 0.073195
3021.000000 0.063649
3022.000000 0.056154
3023.000000 0.059859
3024.000000 0.055035
3025.000000 0.053232
3026.000000 0.050329
3027.000000 0.045315
3028.000000 0.051540
3029.000000 0.054390
3030.000000 0.058764
3031.000000 0.051550
3032.000000 0.051677
3033.000000 0.052325
3034.000000 0.045079
3035.000000 0.045840
3036.000000 0.050160
3037.000000 0.050064
3038.000000 0.044679
3039.000000 0.050925
3040.000000 0.053045
3041.000000 0.058381
3042.000000 0.055687
3043.000000 0.051346
3044.000000 0.052040
3045.000000 0.048262
3046.000000 0.055638
3047.000000 0.049488
3048.000000 0.056609
3049.000000 0.058938
3050.000000 0.063548
3051.000000 0.062399
3052.000000 0.063172
3053.000000 0.064172
3054.000000 0.066337
3055.000000 0.079479
3056.000000 0.077678
3057.000000 0.070250
3058.000000 0.079772
3059.000000 0.074512
3060.000000 0.078771
3061.000000 0.071990
3062.000000 0.065818
3063.000000 0.064823
3064.000000 0.064520
3065.000000 0.064105
3066.000000 0.057968
3067.000000 0.054168
3068.000000 0.049278
3069.000000 0.045032
3070.000000 0.039220
3071.000000 0.039001
3072.000000 0.042624
3073.000000 0.044348
3074.000000 0.054636
3075.000000 0.061728
3076.000000 0.065304
3077.000000 0.065213
3078.000000 0.055358
3079.000000 0.058577
3080.000000 0.056413
3081.000000 0.055031
3082.000000 0.072618
3083.000000 0.076449
3084.000000 0.074928
3085.000000 0.070479
3086.000000 0.068150
3087.000000 0.068865
3088.000000 0.058124
3089.000000 0.049731
3090.000000 0.045165
3091.000000 0.040728
3092.000000 0.035653
3093.000000 0.043827
3094.000000 0.055648
3095.000000 0.053819
3096.000000 0.047705
3097.000000 0.057293
3098.000000 0.064765
3099.000000 0.060147
3100.000000 0.064145
3101.000000 0.060436
3102.000000 0.062383
3103.000000 0.059659
3104.000000 0.053299
3105.000000 0.056618
3106.000000 0.059703
3107.000000 0.052327
3108.000000 0.049321
3109.000000 0.045517
3110.000000 0.052464
3111.000000 0.060629
3112.000000 0.058577
3113.000000 0.053556
3114.000000 0.049317
3115.000000 0.061910
3116.000000 0.061689
3117.000000 0.065952
3118.000000 0.057607
3119.000000 0.047676
3120.000000 0.056402
3121.000000 0.052174
3122.000000 0.051214
3123.000000 0.049912
3124.000000 0.047342
3125.000000 0.041787
3126.000000 0.043487
3127.000000 0.050586
3128.000000 0.071824
3129.000000 0.075372
3130.000000 0.078367
3131.000000 0.067935
3132.000000 0.074276
3133.000000 0.078488
3134.000000 0.078775
3135.000000 0.070767
3136.000000 0.070382
3137.000000 0.069160
3138.000000 0.071771
3139.000000 0.062812
3140.000000 0.054225
3141.000000 0.057560
3142.000000 0.061071
3143.000000 0.060044
3144.000000 0.054193
3145.000000 0.054312
3146.000000 0.052993
3147.000000 0.054264
3148.000000 0.057946
3149.000000 0.057694
3150.000000 0.053471
3151.000000 0.074177
3152.000000 0.076589
3153.000000 0.072248
3154.000000 0.081899
3155.000000 0.083657
3156.000000 0.084776
3157.000000 0.074535
3158.000000 0.069837
3159.000000 0.064022
3160.000000 0.064403
3161.000000 0.057452
3162.000000 0.065909
3163.000000 0.054602
3164.000000 0.052707
3165.000000 0.055763
3166.000000 0.051977
3167.000000 0.044221
3168.000000 0.045974
3169.000000 0.051247
3170.000000 0.049581
3171.000000 0.056034
3172.000000 0.063947
3173.000000 0.079403
3174.000000 0.075539
3175.000000 0.081370
3176.000000 0.080073
3177.000000 0.074641
3178.000000 0.077496
3179.000000 0.084850
3180.000000 0.081030
3181.000000 0.076985
3182.000000 0.076708
3183.000000 0.076785
3184.000000 0.069376
3185.000000 0.069088
3186.000000 0.062156
3187.000000 0.062159
3188.000000 0.061806
3189.000000 0.076324
3190.000000 0.072794
3191.000000 0.071458
3192.000000 0.068365
3193.000000 0.064083
3194.000000 0.060209
3195.000000 0.061514
3196.000000 0.057474
3197.000000 0.057409
3198.000000 0.056960
3199.000000 0.061322
3200.000000 0.061225
3201.000000 0.055290
3202.000000 0.061612
3203.000000 0.062645
3204.000000 0.061750
3205.000000 0.057870
3206.000000 0.065297
3207.000000 0.067099
3208.000000 0.084195
3209.000000 0.083905
3210.000000 0.075870
3211.000000 0.074158
3212.000000 0.071823
3213.000000 0.075063
3214.000000 0.062030
3215.000000 0.066162
3216.000000 0.065953
3217.000000 0.055337
3218.000000 0.045766
3219.000000 0.045373
3220.000000 0.051368
3221.000000 0.051679
3222.000000 0.049139
3223.000000 0.044355
3224.000000 0.041388
3225.000000 0.047862
3226.000000 0.046451
3227.000000 0.050408
3228.000000 0.052763
3229.000000 0.054752
3230.000000 0.050813
3231.000000 0.048765
3232.000000 0.064755
3233.000000 0.073430
3234.000000 0.066203
3235.000000 0.059338
3236.000000 0.085952
3237.000000 0.094378
3238.000000 0.081449
3239.000000 0.077090
3240.000000 0.076984
3241.000000 0.063558
3242.000000 0.056976
3243.000000 0.052118
3244.000000 0.046246
3245.000000 0.041895
3246.000000 0.034780
3247.000000 0.029071
3248.000000 0.038988
3249.000000 0.040344
3250.000000 0.034858
3251.000000 0.029989
3252.000000 0.038093
3253.000000 0.047314
3254.000000 0.046229
3255.000000 0.052641
3256.000000 0.072948
3257.000000 0.080865
3258.000000 0.068321
3259.000000 0.066199
3260.000000 0.057922
3261.000000 0.076758
3262.000000 0.075927
3263.000000 0.064913
3264.000000 0.061573
3265.000000 0.063727
3266.000000 0.063095
3267.000000 0.058261
3268.000000 0.050919
3269.000000 0.046639
3270.000000 0.056000
3271.000000 0.055996
3272.000000 0.049398
3273.000000 0.045279
3274.000000 0.048998
3275.000000 0.059321
3276.000000 0.075855
3277.000000 0.079414
3278.000000 0.081639
3279.000000 0.083856
3280.000000 0.086279
3281.000000 0.079136
3282.000000 0.089122
3283.000000 0.093139
3284.000000 0.080029
3285.000000 0.076701
3286.000000 0.071437
3287.000000 0.068146
3288.000000 0.067611
3289.000000 0.063906
3290.000000 0.060073
3291.000000 0.052212
3292.000000 0.050520
3293.000000 0.054539
3294.000000 0.053731
3295.000000 0.052082
3296.000000 0.057724
3297.000000 0.049992
3298.000000 0.050017
3299.000000 0.060561
3300.000000 0.061376
3301.000000 0.062248
3302.000000 0.065909
3303.000000 0.056460
3304.000000 0.052894
3305.000000 0.048698
3306.000000 0.062795
3307.000000 0.069587
3308.000000 0.065430
3309.000000 0.059025
3310.000000 0.053731
3311.000000 0.052355
3312.000000 0.053995
3313.000000 0.062940
3314.000000 0.063324
3315.000000 0.071807
3316.000000 0.063006
3317.000000 0.064528
3318.000000 0.065586
3319.000000 0.066310
3320.000000 0.062752
3321.000000 0.063769
3322.000000 0.066568
3323.000000 0.062194
3324.000000 0.056198
3325.000000 0.065922
3326.000000 0.068677
3327.000000 0.059072
3328.000000 0.053764
3329.000000 0.047479
3330.000000 0.044625
3331.000000 0.052822
3332.000000 0.060707
3333.000000 0.058157
3334.000000 0.048127
3335.000000 0.047006
3336.000000 0.052563
3337.000000 0.050916
3338.000000 0.045655
3339.000000 0.052866
3340.000000 0.043786
3341.000000 0.050072
3342.000000 0.047509
3343.000000 0.045352
3344.000000 0.042786
3345.000000 0.037489
3346.000000 0.042673
3347.000000 0.043302
3348.000000 0.045712
3349.000000 0.052950
3350.000000 0.053839
3351.000000 0.061203
3352.000000 0.055171
3353.000000 0.065866
3354.000000 0.057544
3355.000000 0.062276
3356.000000 0.057916
3357.000000 0.059327
3358.000000 0.066408
3359.000000 0.064417
3360.000000 0.055985
3361.000000 0.048790
3362.000000 0.053971
3363.000000 0.054560
3364.000000 0.047442
3365.000000 0.050060
3366.000000 0.058587
3367.000000 0.056389
3368.000000 0.055318
3369.000000 0.065789
3370.000000 0.065804
3371.000000 0.082432
3372.000000 0.073016
3373.000000 0.065546
3374.000000 0.064736
3375.000000 0.071226
3376.000000 0.069007
3377.000000 0.068221
3378.000000 0.063285
3379.000000 0.061963
3380.000000 0.051271
3381.000000 0.052815
3382.000000 0.078202
3383.000000 0.076153
3384.000000 0.063311
3385.000000 0.057080
3386.000000 0.061508
3387.000000 0.056970
3388.000000 0.056571
3389.000000 0.047000
3390.000000 0.055577
3391.000000 0.052902
3392.000000 0.044025
3393.000000 0.054434
3394.000000 0.077028
3395.000000 0.093141
3396.000000 0.090278
3397.000000 0.082040
3398.000000 0.084441
3399.000000 0.086930
3400.000000 0.086504
3401.000000 0.071364
3402.000000 0.068772
3403.000000 0.072269
3404.000000 0.066641
3405.000000 0.060586
3406.000000 0.050129
3407.000000 0.058405
3408.000000 0.051190
3409.000000 0.050821
3410.000000 0.042195
3411.000000 0.042997
3412.000000 0.047100
3413.000000 0.057553
3414.000000 0.055979
3415.000000 0.051578
3416.000000 0.048908
3417.000000 0.058122
3418.000000 0.074418
3419.000000 0.072886
3420.000000 0.068657
3421.000000 0.067913
3422.000000 0.064918
3423.000000 0.061612
3424.000000 0.057263
3425.000000 0.062031
3426.000000 0.059392
3427.000000 0.052578
3428.000000 0.047885
3429.000000 0.051697
3430.000000 0.053946
3431.000000 0.044747
3432.000000 0.045017
3433.000000 0.051886
3434.000000 0.048872
3435.000000 0.051668
3436.000000 0.046430
3437.000000 0.050271
3438.000000 0.069042
3439.000000 0.063758
3440.000000 0.070205
3441.000000 0.066136
3442.000000 0.065621
3443.000000 0.063629
3444.000000 0.062351
3445.000000 0.064294
3446.000000 0.061918
3447.000000 0.067471
3448.000000 0.061399
3449.000000 0.055116
3450.000000 0.054069
3451.000000 0.049169
3452.000000 0.048730
3453.000000 0.049255
3454.000000 0.056485
3455.000000 0.057587
3456.000000 0.061936
3457.000000 0.056883
3458.000000 0.057744
3459.000000 0.059230
3460.000000 0.055991
3461.000000 0.051007
3462.000000 0.047877
3463.000000 0.049292
3464.000000 0.046924
3465.000000 0.042884
3466.000000 0.044408
3467.000000 0.051962
3468.000000 0.048059
3469.000000 0.043419
3470.000000 0.047801
3471.000000 0.049518
3472.000000 0.048891
3473.000000 0.051570
3474.000000 0.058091
3475.000000 0.059858
3476.000000 0.054266
3477.000000 0.058628
3478.000000 0.065340
3479.000000 0.065171
3480.000000 0.064847
3481.000000 0.065771
3482.000000 0.061266
3483.000000 0.066276
3484.000000 0.055674
3485.000000 0.065871
3486.000000 0.056536
3487.000000 0.055396
3488.000000 0.050033
3489.000000 0.047790
3490.000000 0.050605
3491.000000 0.050922
3492.000000 0.050293
3493.000000 0.048156
3494.000000 0.045533
3495.000000 0.050314
3496.000000 0.050493
3497.000000 0.052194
3498.000000 0.048457
3499.000000 0.056667
3500.000000 0.057877
3501.000000 0.066202
3502.000000 0.078567
3503.000000 0.072746
3504.000000 0.080782
3505.000000 0.088090
3506.000000 0.090511
3507.000000 0.092107
3508.000000 0.084211
3509.000000 0.078997
3510.000000 0.073798
3511.000000 0.080568
3512.000000 0.075123
3513.000000 0.070967
3514.000000 0.066580
3515.000000 0.065203
3516.000000 0.063466
3517.000000 0.055157
3518.000000 0.054275
3519.000000 0.050801
3520.000000 0.054525
3521.000000 0.059276
3522.000000 0.050447
3523.000000 0.059022
3524.000000 0.064457
3525.000000 0.070969
3526.000000 0.071618
3527.000000 0.070682
3528.000000 0.071363
3529.000000 0.058901
3530.000000 0.064291
3531.000000 0.060797
3532.000000 0.051284
3533.000000 0.047435
3534.000000 0.043689
3535.000000 0.045842
3536.000000 0.053334
3537.000000 0.058072
3538.000000 0.054415
3539.000000 0.055377
3540.000000 0.057702
3541.000000 0.064497
3542.000000 0.066099
3543.000000 0.061443
3544.000000 0.057179
3545.000000 0.063587
3546.000000 0.062051
3547.000000 0.066988
3548.000000 0.063699
3549.000000 0.068169
3550.000000 0.063400
3551.000000 0.062851
3552.000000 0.057947
3553.000000 0.068549
3554.000000 0.064220
3555.000000 0.071716
3556.000000 0.070780
3557.000000 0.072398
3558.000000 0.072540
3559.000000 0.073802
3560.000000 0.074030
3561.000000 0.069242
3562.000000 0.061583
3563.000000 0.053665
3564.000000 0.054167
3565.000000 0.051893
3566.000000 0.061210
3567.000000 0.075656
3568.000000 0.070876
3569.000000 0.069682
3570.000000 0.064162
3571.000000 0.062455
3572.000000 0.061584
3573.000000 0.055501
3574.000000 0.054027
3575.000000 0.056510
3576.000000 0.055389
3577.000000 0.055802
3578.000000 0.050745
3579.000000 0.051904
3580.000000 0.051136
3581.000000 0.052752
3582.000000 0.060930
3583.000000 0.055568
3584.000000 0.057364
3585.000000 0.055721
3586.000000 0.047968
3587.000000 0.047515
3588.000000 0.047024
3589.000000 0.041412
3590.000000 0.039826
3591.000000 0.045960
3592.000000 0.053335
3593.000000 0.057701
3594.000000 0.056381
3595.000000 0.062411
3596.000000 0.055378
3597.000000 0.057274
3598.000000 0.065052
3599.000000 0.054393
3600.000000 0.053775
3601.000000 0.054786
3602.000000 0.057813
3603.000000 0.067658
3604.000000 0.059824
3605.000000 0.049599
3606.000000 0.064494
3607.000000 0.063561
3608.000000 0.060288
3609.000000 0.061814
3610.000000 0.054015
3611.000000 0.051581
3612.000000 0.064621
3613.000000 0.060578
3614.000000 0.056195
3615.000000 0.064694
3616.000000 0.058680
3617.000000 0.055280
3618.000000 0.065129
3619.000000 0.062747
3620.000000 0.059404
3621.000000 0.053128
3622.000000 0.049051
3623.000000 0.049843
3624.000000 0.047749
3625.000000 0.058657
3626.000000 0.058927
3627.000000 0.053341
3628.000000 0.064096
3629.000000 0.075706
3630.000000 0.068908
3631.000000 0.070365
3632.000000 0.076691
3633.000000 0.073028
3634.000000 0.069408
3635.000000 0.067667
3636.000000 0.080187
3637.000000 0.086007
3638.000000 0.075694
3639.000000 0.066266
3640.000000 0.061085
3641.000000 0.059630
3642.000000 0.056382
3643.000000 0.058402
3644.000000 0.051385
3645.000000 0.048342
3646.000000 0.048075
3647.000000 0.052716
3648.000000 0.052029
3649.000000 0.044248
3650.000000 0.047112
3651.000000 0.044831
3652.000000 0.044868
3653.000000 0.042511
3654.000000 0.035847
3655.000000 0.047955
3656.000000 0.057425
3657.000000 0.060754
3658.000000 0.055760
3659.000000 0.060694
3660.000000 0.083144
3661.000000 0.080657
3662.000000 0.069655
3663.000000 0.075110
3664.000000 0.075390
3665.000000 0.067474
3666.000000 0.061574
3667.000000 0.059902
3668.000000 0.058242
3669.000000 0.052466
3670.000000 0.052518
3671.000000 0.051238
3672.000000 0.054900
3673.000000 0.049959
3674.000000 0.047416
3675.000000 0.054390
3676.000000 0.058457
3677.000000 0.062640
3678.000000 0.072282
3679.000000 0.076130
3680.000000 0.075193
3681.000000 0.083296
3682.000000 0.076933
3683.000000 0.071060
3684.000000 0.076469
3685.000000 0.070621
3686.000000 0.071004
3687.000000 0.084655
3688.000000 0.076514
3689.000000 0.074211
3690.000000 0.076458
3691.000000 0.072247
3692.000000 0.079105
3693.000000 0.065276
3694.000000 0.058269
3695.000000 0.059612
3696.000000 0.078668
3697.000000 0.072307
3698.000000 0.064738
3699.000000 0.064089
3700.000000 0.063555
3701.000000 0.054960
3702.000000 0.059125
3703.000000 0.064073
3704.000000 0.064751
3705.000000 0.060292
3706.000000 0.053386
3707.000000 0.054425
3708.000000 0.051032
3709.000000 0.061384
3710.000000 0.057945
3711.000000 0.061663
3712.000000 0.057741
3713.000000 0.063582
3714.000000 0.059303
3715.000000 0.049068
3716.000000 0.054084
3717.000000 0.054615
3718.000000 0.051854
3719.000000 0.050293
3720.000000 0.052093
3721.000000 0.047205
3722.000000 0.049726
3723.000000 0.064355
3724.000000 0.064388
3725.000000 0.061862
3726.000000 0.051196
3727.000000 0.055640
3728.000000 0.061725
3729.000000 0.059517
3730.000000 0.056296
3731.000000 0.058277
3732.000000 0.061119
3733.000000 0.063905
3734.000000 0.068119
3735.000000 0.064450
3736.000000 0.069671
3737.000000 0.063536
3738.000000 0.058711
3739.000000 0.050083
3740.000000 0.044843
3741.000000 0.051632
3742.000000 0.056936
3743.000000 0.053485
3744.000000 0.059029
3745.000000 0.056195
3746.000000 0.048123
3747.000000 0.049102
3748.000000 0.043472
3749.000000 0.040475
3750.000000 0.053127
3751.000000 0.048739
3752.000000 0.055804
3753.000000 0.058974
3754.000000 0.054000
3755.000000 0.057206
3756.000000 0.067758
3757.000000 0.061823
3758.000000 0.065803
3759.000000 0.062759
3760.000000 0.058437
3761.000000 0.066384
3762.000000 0.066724
3763.000000 0.071290
3764.000000 0.064358
3765.000000 0.068715
3766.000000 0.067356
3767.000000 0.055609
3768.000000 0.055334
3769.000000 0.045807
3770.000000 0.058983
3771.000000 0.065764
3772.000000 0.057814
3773.000000 0.052736
3774.000000 0.045528
3775.000000 0.046046
3776.000000 0.046354
3777.000000 0.056791
3778.000000 0.071082
3779.000000 0.070364
3780.000000 0.076957
3781.000000 0.068116
3782.000000 0.065546
3783.000000 0.072226
3784.000000 0.062767
3785.000000 0.054436
3786.000000 0.051853
3787.000000 0.055433
3788.000000 0.048753
3789.000000 0.044512
3790.000000 0.048770
3791.000000 0.045511
3792.000000 0.050261
3793.000000 0.065244
3794.000000 0.055206
3795.000000 0.052893
3796.000000 0.055102
3797.000000 0.057385
3798.000000 0.052099
3799.000000 0.047861
3800.000000 0.061261
3801.000000 0.056763
3802.000000 0.054251
3803.000000 0.062088
3804.000000 0.062120
3805.000000 0.072965
3806.000000 0.064790
3807.000000 0.070283
3808.000000 0.085441
3809.000000 0.077015
3810.000000 0.078423
3811.000000 0.070288
3812.000000 0.064808
3813.000000 0.061052
3814.000000 0.065575
3815.000000 0.060349
3816.000000 0.057037
3817.000000 0.050916
3818.000000 0.042201
3819.000000 0.049097
3820.000000 0.058517
3821.000000 0.064367
3822.000000 0.062373
3823.000000 0.072050
3824.000000 0.064615
3825.000000 0.070082
3826.000000 0.063740
3827.000000 0.065322
3828.000000 0.068475
3829.000000 0.074397
3830.000000 0.072732
3831.000000 0.077209
3832.000000 0.073895
3833.000000 0.064519
3834.000000 0.054907
3835.000000 0.053388
3836.000000 0.060958
3837.000000 0.051341
3838.000000 0.042457
3839.000000 0.040799
3840.000000 0.041908
3841.000000 0.037441
3842.000000 0.041002
3843.000000 0.044043
3844.000000 0.054352
3845.000000 0.070518
3846.000000 0.065702
3847.000000 0.064521
3848.000000 0.062572
3849.000000 0.056751
3850.000000 0.060994
3851.000000 0.059084
3852.000000 0.058093
3853.000000 0.053756
3854.000000 0.058615
3855.000000 0.057018
3856.000000 0.066901
3857.000000 0.064139
3858.000000 0.062973
3859.000000 0.067907
3860.000000 0.063788
3861.000000 0.057089
3862.000000 0.056133
3863.000000 0.061342
3864.000000 0.056665
3865.000000 0.052694
3866.000000 0.053594
3867.000000 0.056854
3868.000000 0.053909
3869.000000 0.064829
3870.000000 0.067457
3871.000000 0.075249
3872.000000 0.087096
3873.000000 0.077324
3874.000000 0.069874
3875.000000 0.070352
3876.000000 0.062030
3877.000000 0.055842
3878.000000 0.058851
3879.000000 0.065135
3880.000000 0.056670
3881.000000 0.056021
3882.000000 0.050826
3883.000000 0.047006
3884.000000 0.055674
3885.000000 0.059160
3886.000000 0.059771
3887.000000 0.061186
3888.000000 0.060974
3889.000000 0.063410
3890.000000 0.063069
3891.000000 0.066938
3892.000000 0.059654
3893.000000 0.066819
3894.000000 0.080493
3895.000000 0.074803
3896.000000 0.062285
3897.000000 0.071439
3898.000000 0.071277
3899.000000 0.067717
3900.000000 0.075521
3901.000000 0.071802
3902.000000 0.072771
3903.000000 0.067659
3904.000000 0.060501
3905.000000 0.055723
3906.000000 0.063785
3907.000000 0.061844
3908.000000 0.071726
3909.000000 0.070464
3910.000000 0.071357
3911.000000 0.071401
3912.000000 0.064837
3913.000000 0.060320
3914.000000 0.055199
3915.000000 0.045734
3916.000000 0.046422
3917.000000 0.043528
3918.000000 0.042565
3919.000000 0.054902
3920.000000 0.048827
3921.000000 0.052203
3922.000000 0.055755
3923.000000 0.060379
3924.000000 0.057934
3925.000000 0.053227
3926.000000 0.053890
3927.000000 0.059305
3928.000000 0.052105
3929.000000 0.061382
3930.000000 0.071204
3931.000000 0.076344
3932.000000 0.074128
3933.000000 0.067071
3934.000000 0.066577
3935.000000 0.061650
3936.000000 0.065851
3937.000000 0.071406
3938.000000 0.063676
3939.000000 0.067472
3940.000000 0.065104
3941.000000 0.059785
3942.000000 0.057715
3943.000000 0.052752
3944.000000 0.052848
3945.000000 0.054162
3946.000000 0.055048
3947.000000 0.048626
3948.000000 0.052829
3949.000000 0.049648
3950.000000 0.048883
3951.000000 0.049340
3952.000000 0.059111
3953.000000 0.064980
3954.000000 0.056978
3955.000000 0.057507
3956.000000 0.057922
3957.000000 0.052778
3958.000000 0.070284
3959.000000 0.068949
3960.000000 0.065360
3961.000000 0.068531
3962.000000 0.056683
3963.000000 0.055401
3964.000000 0.048768
3965.000000 0.055696
3966.000000 0.058810
3967.000000 0.059595
3968.000000 0.053309
3969.000000 0.054641
3970.000000 0.045270
3971.000000 0.049646
3972.000000 0.052609
3973.000000 0.052786
3974.000000 0.058057
3975.000000 0.052948
3976.000000 0.060705
3977.000000 0.065376
3978.000000 0.064346
3979.000000 0.058494
3980.000000 0.055820
3981.000000 0.054205
3982.000000 0.061065
3983.000000 0.053807
3984.000000 0.047945
3985.000000 0.047425
3986.000000 0.040324
3987.000000 0.040128
3988.000000 0.046770
3989.000000 0.043974
3990.000000 0.042652
3991.000000 0.038904
3992.000000 0.041482
3993.000000 0.041245
3994.000000 0.050511
3995.000000 0.061503
3996.000000 0.051153
3997.000000 0.063768
3998.000000 0.062162
3999.000000 0.078652
4000.000000 0.076184
4001.000000 0.064997
4002.000000 0.071798
4003.000000 0.075009
4004.000000 0.069328
4005.000000 0.058144
4006.000000 0.057293
4007.000000 0.051898
4008.000000 0.046282
4009.000000 0.053981
4010.000000 0.052298
4011.000000 0.043357
4012.000000 0.050982
4013.000000 0.048552
4014.000000 0.047069
4015.000000 0.044039
4016.000000 0.053352
4017.000000 0.045911
4018.000000 0.042615
4019.000000 0.062291
4020.000000 0.060112
4021.000000 0.060318
4022.000000 0.055254
4023.000000 0.054233
4024.000000 0.051144
4025.000000 0.059746
4026.000000 0.056472
4027.000000 0.057146
4028.000000 0.057310
4029.000000 0.053835
4030.000000 0.069381
4031.000000 0.063600
4032.000000 0.057604
4033.000000 0.056504
4034.000000 0.054503
4035.000000 0.047495
4036.000000 0.049474
4037.000000 0.046679
4038.000000 0.041300
4039.000000 0.058240
4040.000000 0.057990
4041.000000 0.049374
4042.000000 0.047760
4043.000000 0.044359
4044.000000 0.053924
4045.000000 0.054376
4046.000000 0.057096
4047.000000 0.055335
4048.000000 0.061812
4049.000000 0.079757
4050.000000 0.079631
4051.000000 0.077912
4052.000000 0.074129
4053.000000 0.068149
4054.000000 0.065176
4055.000000 0.069968
4056.000000 0.070037
4057.000000 0.068222
4058.000000 0.060644
4059.000000 0.058667
4060.000000 0.057373
4061.000000 0.050322
4062.000000 0.041781
4063.000000 0.036012
4064.000000 0.036121
4065.000000 0.040709
4066.000000 0.033931
4067.000000 0.044084
4068.000000 0.041841
4069.000000 0.047887
4070.000000 0.062560
4071.000000 0.066883
4072.000000 0.073301
4073.000000 0.067442
4074.000000 0.066908
4075.000000 0.078560
4076.000000 0.069310
4077.000000 0.060437
4078.000000 0.050392
4079.000000 0.058318
4080.000000 0.055014
4081.000000 0.055676
4082.000000 0.060719
4083.000000 0.058853
4084.000000 0.056517
4085.000000 0.058096
4086.000000 0.053606
4087.000000 0.056551
4088.000000 0.059055
4089.000000 0.054136
4090.000000 0.056676
4091.000000 0.064525
4092.000000 0.077027
4093.000000 0.077238
4094.000000 0.067088
4095.000000 0.062475
4096.000000 0.059513
4097.000000 0.061444
4098.000000 0.058924
4099.000000 0.058761
4100.000000 0.063297
4101.000000 0.063738
4102.000000 0.066903
4103.000000 0.055625
4104.000000 0.054528
4105.000000 0.049436
4106.000000 0.051604
4107.000000 0.045624
4108.000000 0.049588
4109.000000 0.046522
4110.000000 0.044180
4111.000000 0.045242
4112.000000 0.045956
4113.000000 0.051658
4114.000000 0.047762
4115.000000 0.042718
4116.000000 0.037757
4117.000000 0.040599
4118.000000 0.046173
4119.000000 0.041154
4120.000000 0.053392
4121.000000 0.049692
4122.000000 0.055595
4123.000000 0.055492
4124.000000 0.066442
4125.000000 0.062791
4126.000000 0.056052
4127.000000 0.056824
4128.000000 0.059199
4129.000000 0.060362
4130.000000 0.052504
4131.000000 0.058399
4132.000000 0.048316
4133.000000 0.045261
4134.000000 0.044411
4135.000000 0.047423
4136.000000 0.050450
4137.000000 0.050133
4138.000000 0.055978
4139.000000 0.054926
4140.000000 0.045498
4141.000000 0.044076
4142.000000 0.037660
4143.000000 0.054384
4144.000000 0.049861
4145.000000 0.058234
4146.000000 0.048245
4147.000000 0.050679
4148.000000 0.052996
4149.000000 0.051990
4150.000000 0.057491
4151.000000 0.047858
4152.000000 0.053166
4153.000000 0.073041
4154.000000 0.067653
4155.000000 0.063890
4156.000000 0.057106
4157.000000 0.054798
4158.000000 0.075750
4159.000000 0.066331
4160.000000 0.061167
4161.000000 0.060041
4162.000000 0.071188
4163.000000 0.065514
4164.000000 0.057348
4165.000000 0.064177
4166.000000 0.069075
4167.000000 0.071835
4168.000000 0.071781
4169.000000 0.068510
4170.000000 0.071431
4171.000000 0.064394
4172.000000 0.067736
4173.000000 0.065926
4174.000000 0.060525
4175.000000 0.066910
4176.000000 0.064752
4177.000000 0.072031
4178.000000 0.077475
4179.000000 0.080192
4180.000000 0.070922
4181.000000 0.075217
4182.000000 0.077152
4183.000000 0.075709
4184.000000 0.076289
4185.000000 0.068974
4186.000000 0.061802
4187.000000 0.054314
4188.000000 0.052254
4189.000000 0.052774
4190.000000 0.055216
4191.000000 0.047352
4192.000000 0.040106
4193.000000 0.035073
4194.000000 0.039656
4195.000000 0.044072
4196.000000 0.039607
4197.000000 0.043536
4198.000000 0.049557
4199.000000 0.049207
4200.000000 0.056905
4201.000000 0.055994
4202.000000 0.055092
4203.000000 0.054681
4204.000000 0.070752
4205.000000 0.069569
4206.000000 0.077538
4207.000000 0.076329
4208.000000 0.075258
4209.000000 0.068970
4210.000000 0.063256
4211.000000 0.054168
4212.000000 0.045217
4213.000000 0.040900
4214.000000 0.058895
4215.000000 0.053630
4216.000000 0.052702
4217.000000 0.051828
4218.000000 0.044834
4219.000000 0.040411
4220.000000 0.034055
4221.000000 0.034791
4222.000000 0.029184
4223.000000 0.045779
4224.000000 0.059618
4225.000000 0.058419
4226.000000 0.062655
4227.000000 0.079040
4228.000000 0.076157
4229.000000 0.073389
4230.000000 0.073705
4231.000000 0.073688
4232.000000 0.074917
4233.000000 0.080922
4234.000000 0.077989
4235.000000 0.067791
4236.000000 0.060195
4237.000000 0.055857
4238.000000 0.049337
4239.000000 0.059640
4240.000000 0.052790
4241.000000 0.046466
4242.000000 0.046331
4243.000000 0.045248
4244.000000 0.042749
4245.000000 0.060869
4246.000000 0.055320
4247.000000 0.054164
4248.000000 0.049832
4249.000000 0.058813
4250.000000 0.063512
4251.000000 0.066988
4252.000000 0.068293
4253.000000 0.061142
4254.000000 0.061298
4255.000000 0.054734
4256.000000 0.048424
4257.000000 0.055087
4258.000000 0.050023
4259.000000 0.045274
4260.000000 0.050118
4261.000000 0.052435
4262.000000 0.055912
4263.000000 0.049142
4264.000000 0.056124
4265.000000 0.057737
4266.000000 0.056191
4267.000000 0.066629
4268.000000 0.062641
4269.000000 0.053745
4270.000000 0.055170
4271.000000 0.056006
4272.000000 0.061457
4273.000000 0.066448
4274.000000 0.068763
4275.000000 0.063205
4276.000000 0.057019
4277.000000 0.050330
4278.000000 0.047473
4279.000000 0.040451
4280.000000 0.038719
4281.000000 0.039301
4282.000000 0.035683
4283.000000 0.033919
4284.000000 0.051237
4285.000000 0.068327
4286.000000 0.077211
4287.000000 0.074615
4288.000000 0.068526
4289.000000 0.064926
4290.000000 0.059267
4291.000000 0.059589
4292.000000 0.052808
4293.000000 0.050560
4294.000000 0.052034
4295.000000 0.059843
4296.000000 0.059499
4297.000000 0.049105
4298.000000 0.048669
4299.000000 0.041088
4300.000000 0.038851
4301.000000 0.032225
4302.000000 0.032094
4303.000000 0.038007
4304.000000 0.041669
4305.000000 0.041394
4306.000000 0.048037
4307.000000 0.045607
4308.000000 0.042114
4309.000000 0.041921
4310.000000 0.039466
4311.000000 0.032982
4312.000000 0.040350
4313.000000 0.054725
4314.000000 0.054701
4315.000000 0.051328
4316.000000 0.051792
4317.000000 0.052309
4318.000000 0.047875
4319.000000 0.044547
4320.000000 0.051671
4321.000000 0.059774
4322.000000 0.057533
4323.000000 0.063016
4324.000000 0.053424
4325.000000 0.046478
4326.000000 0.051220
4327.000000 0.052348
4328.000000 0.043347
4329.000000 0.038581
4330.000000 0.037516
4331.000000 0.039628
4332.000000 0.039299
4333.000000 0.039398
4334.000000 0.057314
4335.000000 0.060279
4336.000000 0.066627
4337.000000 0.087738
4338.000000 0.088680
4339.000000 0.080610
4340.000000 0.082101
4341.000000 0.084775
4342.000000 0.076073
4343.000000 0.064743
4344.000000 0.073896
4345.000000 0.068727
4346.000000 0.063552
4347.000000 0.054163
4348.000000 0.053229
4349.000000 0.051911
4350.000000 0.046777
4351.000000 0.041289
4352.000000 0.049839
4353.000000 0.047870
4354.000000 0.041396
4355.000000 0.039931
4356.000000 0.043064
4357.000000 0.053123
4358.000000 0.050110
4359.000000 0.066421
4360.000000 0.074792
4361.000000 0.072809
4362.000000 0.071095
4363.000000 0.074788
4364.000000 0.079904
4365.000000 0.086131
4366.000000 0.079488
4367.000000 0.080803
4368.000000 0.082503
4369.000000 0.073469
4370.000000 0.064854
4371.000000 0.060840
4372.000000 0.053666
4373.000000 0.067441
4374.000000 0.066283
4375.000000 0.070694
4376.000000 0.062118
4377.000000 0.067367
4378.000000 0.072803
4379.000000 0.064879
4380.000000 0.056149
4381.000000 0.056441
4382.000000 0.057815
4383.000000 0.052376
4384.000000 0.056884
4385.000000 0.047103
4386.000000 0.066776
4387.000000 0.060044
4388.000000 0.058316
4389.000000 0.048168
4390.000000 0.046655
4391.000000 0.043893
4392.000000 0.048145
4393.000000 0.039863
4394.000000 0.038459
4395.000000 0.036989
4396.000000 0.033436
4397.000000 0.053223
4398.000000 0.056909
4399.000000 0.047062
4400.000000 0.045862
4401.000000 0.066020
4402.000000 0.058004
4403.000000 0.050057
4404.000000 0.055603
4405.000000 0.054164
4406.000000 0.052525
4407.000000 0.056792
4408.000000 0.054063
4409.000000 0.046603
4410.000000 0.046221
4411.000000 0.056822
4412.000000 0.057055
4413.000000 0.055700
4414.000000 0.047324
4415.000000 0.046653
4416.000000 0.046479
4417.000000 0.038617
4418.000000 0.047155
4419.000000 0.042575
4420.000000 0.044077
4421.000000 0.045959
4422.000000 0.047220
4423.000000 0.057696
4424.000000 0.064228
4425.000000 0.057619
4426.000000 0.065086
4427.000000 0.062951
4428.000000 0.063962
4429.000000 0.060979
4430.000000 0.062317
4431.000000 0.056052
4432.000000 0.051520
4433.000000 0.062832
4434.000000 0.053528
4435.000000 0.044362
4436.000000 0.058102
4437.000000 0.058603
4438.000000 0.057188
4439.000000 0.052203
4440.000000 0.062357
4441.000000 0.068580
4442.000000 0.072184
4443.000000 0.069621
4444.000000 0.071642
4445.000000 0.076557
4446.000000 0.072538
4447.000000 0.072130
4448.000000 0.069441
4449.000000 0.073578
4450.000000 0.076117
4451.000000 0.062919
4452.000000 0.064502
4453.000000 0.059090
4454.000000 0.051605
4455.000000 0.050598
4456.000000 0.046282
4457.000000 0.042149
4458.000000 0.041695
4459.000000 0.041516
4460.000000 0.048701
4461.000000 0.061090
4462.000000 0.059396
4463.000000 0.059642
4464.000000 0.061804
4465.000000 0.058065
4466.000000 0.071312
4467.000000 0.074339
4468.000000 0.069292
4469.000000 0.068291
4470.000000 0.066522
4471.000000 0.063561
4472.000000 0.063419
4473.000000 0.053065
4474.000000 0.061286
4475.000000 0.066333
4476.000000 0.061758
4477.000000 0.060605
4478.000000 0.061842
4479.000000 0.055360
4480.000000 0.056492
4481.000000 0.058142
4482.000000 0.052649
4483.000000 0.058101
4484.000000 0.063188
4485.000000 0.064783
4486.000000 0.067400
4487.000000 0.063990
4488.000000 0.074223
4489.000000 0.065548
4490.000000 0.061777
4491.000000 0.061515
4492.000000 0.051670
4493.000000 0.062302
4494.000000 0.063673
4495.000000 0.063167
4496.000000 0.072011
4497.000000 0.069364
4498.000000 0.057298
4499.000000 0.064069
4500.000000 0.069184
4501.000000 0.060142
4502.000000 0.067204
4503.000000 0.062897
4504.000000 0.074487
4505.000000 0.072979
4506.000000 0.072661
4507.000000 0.062882
4508.000000 0.055862
4509.000000 0.065703
4510.000000 0.069865
4511.000000 0.067525
4512.000000 0.068640
4513.000000 0.067929
4514.000000 0.064182
4515.000000 0.076669
4516.000000 0.072549
4517.000000 0.064355
4518.000000 0.059918
4519.000000 0.051114
4520.000000 0.062169
4521.000000 0.061800
4522.000000 0.054602
4523.000000 0.060700
4524.000000 0.058640
4525.000000 0.055554
4526.000000 0.056746
4527.000000 0.048905
4528.000000 0.051383
4529.000000 0.043189
4530.000000 0.049580
4531.000000 0.045893
4532.000000 0.038522
4533.000000 0.044391
4534.000000 0.039806
4535.000000 0.039712
4536.000000 0.039793
4537.000000 0.037363
4538.000000 0.042865
4539.000000 0.053390
4540.000000 0.059025
4541.000000 0.051738
4542.000000 0.055437
4543.000000 0.055963
4544.000000 0.054376
4545.000000 0.059419
4546.000000 0.055606
4547.000000 0.060835
4548.000000 0.075204
4549.000000 0.077237
4550.000000 0.077704
4551.000000 0.074171
4552.000000 0.075431
4553.000000 0.079090
4554.000000 0.071630
4555.000000 0.065522
4556.000000 0.067084
4557.000000 0.064490
4558.000000 0.061307
4559.000000 0.057245
4560.000000 0.056097
4561.000000 0.056605
4562.000000 0.063416
4563.000000 0.064459
4564.000000 0.069275
4565.000000 0.070514
4566.000000 0.058426
4567.000000 0.067330
4568.000000 0.065922
4569.000000 0.063017
4570.000000 0.063243
4571.000000 0.063362
4572.000000 0.073318
4573.000000 0.078078
4574.000000 0.072933
4575.000000 0.064731
4576.000000 0.063633
4577.000000 0.061895
4578.000000 0.056583
4579.000000 0.077526
4580.000000 0.083308
4581.000000 0.079044
4582.000000 0.079154
4583.000000 0.071561
4584.000000 0.066574
4585.000000 0.077084
4586.000000 0.073378
4587.000000 0.072066
4588.000000 0.060898
4589.000000 0.071388
4590.000000 0.061350
4591.000000 0.050833
4592.000000 0.058679
4593.000000 0.059262
4594.000000 0.059669
4595.000000 0.065441
4596.000000 0.067357
4597.000000 0.071406
4598.000000 0.064878
4599.000000 0.053635
4600.000000 0.053734
4601.000000 0.050415
4602.000000 0.065636
4603.000000 0.055712
4604.000000 0.055436
4605.000000 0.046802
4606.000000 0.048448
4607.000000 0.055820
4608.000000 0.068130
4609.000000 0.066541
4610.000000 0.069166
4611.000000 0.070180
4612.000000 0.074235
4613.000000 0.088963
4614.000000 0.073408
4615.000000 0.064166
4616.000000 0.064244
4617.000000 0.072855
4618.000000 0.060248
4619.000000 0.065816
4620.000000 0.063393
4621.000000 0.069940
4622.000000 0.061144
4623.000000 0.060019
4624.000000 0.058426
4625.000000 0.059682
4626.000000 0.058481
4627.000000 0.056070
4628.000000 0.050803
4629.000000 0.058555
4630.000000 0.053761
4631.000000 0.057536
4632.000000 0.058948
4633.000000 0.058561
4634.000000 0.048503
4635.000000 0.049837
4636.000000 0.050589
4637.000000 0.060612
4638.000000 0.052855
4639.000000 0.053536
4640.000000 0.052480
4641.000000 0.052654
4642.000000 0.052087
4643.000000 0.049809
4644.000000 0.047898
4645.000000 0.048651
4646.000000 0.049359
4647.000000 0.054894
4648.000000 0.055445
4649.000000 0.057884
4650.000000 0.073971
4651.000000 0.068978
4652.000000 0.064850
4653.000000 0.055235
4654.000000 0.047235
4655.000000 0.048101
4656.000000 0.051361
4657.000000 0.058500
4658.000000 0.056711
4659.000000 0.060102
4660.000000 0.065350
4661.000000 0.062017
4662.000000 0.059422
4663.000000 0.064316
4664.000000 0.060148
4665.000000 0.060477
4666.000000 0.057745
4667.000000 0.055949
4668.000000 0.059549
4669.000000 0.056083
4670.000000 0.054273
4671.000000 0.058393
4672.000000 0.064138
4673.000000 0.077474
4674.000000 0.086736
4675.000000 0.076269
4676.000000 0.071294
4677.000000 0.065178
4678.000000 0.063432
4679.000000 0.054999
4680.000000 0.056632
4681.000000 0.047581
4682.000000 0.047535
4683.000000 0.046111
4684.000000 0.042002
4685.000000 0.049629
4686.000000 0.050324
4687.000000 0.050252
4688.000000 0.042228
4689.000000 0.035002
4690.000000 0.037104
4691.000000 0.038841
4692.000000 0.036433
4693.000000 0.034743
4694.000000 0.043291
4695.000000 0.045130
4696.000000 0.050222
4697.000000 0.059366
4698.000000 0.058580
4699.000000 0.058989
4700.000000 0.060451
4701.000000 0.055286
4702.000000 0.060856
4703.000000 0.061929
4704.000000 0.051287
4705.000000 0.059760
4706.000000 0.054370
4707.000000 0.054282
4708.000000 0.051186
4709.000000 0.064159
4710.000000 0.060240
4711.000000 0.059708
4712.000000 0.068440
4713.000000 0.057032
4714.000000 0.052324
4715.000000 0.059374
4716.000000 0.061853
4717.000000 0.056367
4718.000000 0.062265
4719.000000 0.070722
4720.000000 0.070097
4721.000000 0.061975
4722.000000 0.063814
4723.000000 0.068176
4724.000000 0.071459
4725.000000 0.066608
4726.000000 0.076737
4727.000000 0.079621
4728.000000 0.082984
4729.000000 0.075749
4730.000000 0.062535
4731.000000 0.060103
4732.000000 0.052048
4733.000000 0.053423
4734.000000 0.057065
4735.000000 0.057881
4736.000000 0.053524
4737.000000 0.047425
4738.000000 0.052405
4739.000000 0.054862
4740.000000 0.045347
4741.000000 0.040866
4742.000000 0.033906
4743.000000 0.028241
4744.000000 0.029422
4745.000000 0.035623
4746.000000 0.032916
4747.000000 0.043822
4748.000000 0.046050
4749.000000 0.064021
4750.000000 0.063863
4751.000000 0.069372
4752.000000 0.076742
4753.000000 0.082912
4754.000000 0.091042
4755.000000 0.091019
4756.000000 0.080623
4757.000000 0.085630
4758.000000 0.089962
4759.000000 0.077942
4760.000000 0.071450
4761.000000 0.064412
4762.000000 0.076359
4763.000000 0.078431
4764.000000 0.075898
4765.000000 0.080825
4766.000000 0.083598
4767.000000 0.084116
4768.000000 0.077845
4769.000000 0.069993
4770.000000 0.061376
4771.000000 0.067966
4772.000000 0.070362
4773.000000 0.061956
4774.000000 0.059789
4775.000000 0.049457
4776.000000 0.045459
4777.000000 0.040910
4778.000000 0.054294
4779.000000 0.044948
4780.000000 0.041151
4781.000000 0.046448
4782.000000 0.047240
4783.000000 0.044735
4784.000000 0.051088
4785.000000 0.052228
4786.000000 0.046031
4787.000000 0.059507
4788.000000 0.049406
4789.000000 0.053564
4790.000000 0.060686
4791.000000 0.053602
4792.000000 0.056798
4793.000000 0.069586
4794.000000 0.072447
4795.000000 0.068859
4796.000000 0.066991
4797.000000 0.059001
4798.000000 0.062905
4799.000000 0.067874
4800.000000 0.063760
4801.000000 0.062269
4802.000000 0.057785
4803.000000 0.056248
4804.000000 0.055124
4805.000000 0.059906
4806.000000 0.054562
4807.000000 0.054901
4808.000000 0.054400
4809.000000 0.055076
4810.000000 0.059148
4811.000000 0.056446
4812.000000 0.064991
4813.000000 0.067350
4814.000000 0.089557
4815.000000 0.091279
4816.000000 0.088506
4817.000000 0.076209
4818.000000 0.087714
4819.000000 0.080991
4820.000000 0.075749
4821.000000 0.067507
4822.000000 0.067549
4823.000000 0.063948
4824.000000 0.059522
4825.000000 0.051842
4826.000000 0.054725
4827.000000 0.054842
4828.000000 0.057655
4829.000000 0.048798
4830.000000 0.044771
4831.000000 0.043459
4832.000000 0.049054
4833.000000 0.040715
4834.000000 0.044927
4835.000000 0.045948
4836.000000 0.060123
4837.000000 0.055181
4838.000000 0.084121
4839.000000 0.080746
4840.000000 0.077860
4841.000000 0.064736
4842.000000 0.063239
4843.000000 0.060486
4844.000000 0.069844
4845.000000 0.070291
4846.000000 0.061413
4847.000000 0.060115
4848.000000 0.058386
4849.000000 0.051756
4850.000000 0.049631
4851.000000 0.049701
4852.000000 0.047190
4853.000000 0.062321
4854.000000 0.059942
4855.000000 0.072441
4856.000000 0.060543
4857.000000 0.063955
4858.000000 0.065045
4859.000000 0.080245
4860.000000 0.083868
4861.000000 0.095218
4862.000000 0.081704
4863.000000 0.077322
4864.000000 0.102532
4865.000000 0.092573
4866.000000 0.085579
4867.000000 0.079230
4868.000000 0.073270
4869.000000 0.064830
4870.000000 0.067877
4871.000000 0.057915
4872.000000 0.055162
4873.000000 0.053490
4874.000000 0.054374
4875.000000 0.052859
4876.000000 0.054019
4877.000000 0.057311
4878.000000 0.056204
4879.000000 0.058568
4880.000000 0.061708
4881.000000 0.067029
4882.000000 0.071259
4883.000000 0.062323
4884.000000 0.061844
4885.000000 0.066625
4886.000000 0.055961
4887.000000 0.052956
4888.000000 0.066451
4889.000000 0.068824
4890.000000 0.063221
4891.000000 0.056963
4892.000000 0.058366
4893.000000 0.061806
4894.000000 0.066800
4895.000000 0.059991
4896.000000 0.061764
4897.000000 0.053245
4898.000000 0.052857
4899.000000 0.047671
4900.000000 0.048988
4901.000000 0.048352
4902.000000 0.046135
4903.000000 0.051838
4904.000000 0.048153
4905.000000 0.052441
4906.000000 0.058133
4907.000000 0.057466
4908.000000 0.055325
4909.000000 0.045857
4910.000000 0.044875
4911.000000 0.049084
4912.000000 0.047970
4913.000000 0.065644
4914.000000 0.076992
4915.000000 0.063604
4916.000000 0.059822
4917.000000 0.074713
4918.000000 0.071607
4919.000000 0.062315
4920.000000 0.056215
4921.000000 0.055410
4922.000000 0.060628
4923.000000 0.069427
4924.000000 0.070039
4925.000000 0.069944
4926.000000 0.075256
4927.000000 0.075297
4928.000000 0.075819
4929.000000 0.079546
4930.000000 0.076808
4931.000000 0.075580
4932.000000 0.067373
4933.000000 0.065037
4934.000000 0.060077
4935.000000 0.063049
4936.000000 0.057078
4937.000000 0.049764
4938.000000 0.054617
4939.000000 0.050366
4940.000000 0.046110
4941.000000 0.045960
4942.000000 0.039757
4943.000000 0.040993
4944.000000 0.045647
4945.000000 0.043599
4946.000000 0.036447
4947.000000 0.037084
4948.000000 0.048334
4949.000000 0.060271
4950.000000 0.064939
4951.000000 0.064381
4952.000000 0.061686
4953.000000 0.071593
4954.000000 0.066183
4955.000000 0.070612
4956.000000 0.066397
4957.000000 0.071154
4958.000000 0.073169
4959.000000 0.070531
4960.000000 0.078014
4961.000000 0.077211
4962.000000 0.075678
4963.000000 0.076809
4964.000000 0.077467
4965.000000 0.086637
4966.000000 0.084762
4967.000000 0.072884
4968.000000 0.078772
4969.000000 0.075667
4970.000000 0.065577
4971.000000 0.066355
4972.000000 0.068101
4973.000000 0.079560
4974.000000 0.077922
4975.000000 0.075394
4976.000000 0.064591
4977.000000 0.063375
4978.000000 0.066552
4979.000000 0.068808
4980.000000 0.060525
4981.000000 0.054526
4982.000000 0.049616
4983.000000 0.041052
4984.000000 0.043608
4985.000000 0.050256
4986.000000 0.054353
4987.000000 0.051053
4988.000000 0.044959
4989.000000 0.050590
4990.000000 0.048515
4991.000000 0.042233
4992.000000 0.050087
4993.000000 0.056633
4994.000000 0.052423
4995.000000 0.058322
4996.000000 0.049304
4997.000000 0.040894
4998.000000 0.042830
4999.000000 0.052584
5000.000000 0.059844
