501.000000 0.080803
502.000000 0.067975
503.000000 0.067498
504.000000 0.068198
505.000000 0.063225
506.000000 0.052245
507.000000 0.047501
508.000000 0.044065
509.000000 0.044201
510.000000 0.058546
511.000000 0.058502
512.000000 0.072900
513.000000 0.067253
514.000000 0.055558
515.000000 0.057526
516.000000 0.051530
517.000000 0.051986
518.000000 0.045635
519.000000 0.053514
520.000000 0.053859
521.000000 0.053686
522.000000 0.057198
523.000000 0.061441
524.000000 0.064460
525.000000 0.065245
526.000000 0.053851
527.000000 0.046501
528.000000 0.043427
529.000000 0.050695
530.000000 0.055406
531.000000 0.069154
532.000000 0.069245
533.000000 0.067746
534.000000 0.067928
535.000000 0.056281
536.000000 0.072555
537.000000 0.073507
538.000000 0.072154
539.000000 0.073454
540.000000 0.067918
541.000000 0.089429
542.000000 0.074690
543.000000 0.086165
544.000000 0.079565
545.000000 0.080207
546.000000 0.080150
547.000000 0.067932
548.000000 0.063853
549.000000 0.064822
550.000000 0.053744
551.000000 0.051318
552.000000 0.054327
553.000000 0.065368
554.000000 0.065861
555.000000 0.067655
556.000000 0.075267
557.000000 0.073081
558.000000 0.067412
559.000000 0.063264
560.000000 0.056178
561.000000 0.054859
562.000000 0.063451
563.000000 0.065436
564.000000 0.065419
565.000000 0.058584
566.000000 0.058434
567.000000 0.052570
568.000000 0.064333
569.000000 0.061288
570.000000 0.065526
571.000000 0.067222
572.000000 0.058215
573.000000 0.053484
574.000000 0.055172
575.000000 0.053333
576.000000 0.049396
577.000000 0.043334
578.000000 0.037899
579.000000 0.036164
580.000000 0.043417
581.000000 0.047562
582.000000 0.043927
583.000000 0.050748
584.000000 0.056088
585.000000 0.056391
586.000000 0.051087
587.000000 0.064578
588.000000 0.056783
589.000000 0.048681
590.000000 0.044890
591.000000 0.048505
592.000000 0.056982
593.000000 0.054884
594.000000 0.054223
595.000000 0.053238
596.000000 0.049744
597.000000 0.045953
598.000000 0.045829
599.000000 0.042630
600.000000 0.057232
601.000000 0.055415
602.000000 0.059546
603.000000 0.064683
604.000000 0.058450
605.000000 0.053661
606.000000 0.047782
607.000000 0.072672
608.000000 0.074495
609.000000 0.066937
610.000000 0.057401
611.000000 0.049190
612.000000 0.050155
613.000000 0.047966
614.000000 0.042980
615.000000 0.038880
616.000000 0.034821
617.000000 0.048632
618.000000 0.047836
619.000000 0.048998
620.000000 0.046450
621.000000 0.057270
622.000000 0.051498
623.000000 0.052122
624.000000 0.051674
625.000000 0.058618
626.000000 0.066610
627.000000 0.077500
628.000000 0.081948
629.000000 0.078217
630.000000 0.080100
631.000000 0.070772
632.000000 0.072105
633.000000 0.082169
634.000000 0.073535
635.000000 0.069411
636.000000 0.057311
637.000000 0.055012
638.000000 0.051883
639.000000 0.054740
640.000000 0.060100
641.000000 0.063338
642.000000 0.057499
643.000000 0.060433
644.000000 0.057066
645.000000 0.051389
646.000000 0.043459
647.000000 0.048645
648.000000 0.040636
649.000000 0.047789
650.000000 0.051668
651.000000 0.047710
652.000000 0.067886
653.000000 0.066430
654.000000 0.064836
655.000000 0.061579
656.000000 0.085980
657.000000 0.075812
658.000000 0.067377
659.000000 0.065968
660.000000 0.065375
661.000000 0.058398
662.000000 0.069961
663.000000 0.063724
664.000000 0.053937
665.000000 0.048714
666.000000 0.049657
667.000000 0.061085
668.000000 0.055414
669.000000 0.047495
670.000000 0.050145
671.000000 0.041668
672.000000 0.057777
673.000000 0.074798
674.000000 0.078767
675.000000 0.073220
676.000000 0.074459
677.000000 0.063068
678.000000 0.078684
679.000000 0.071915
680.000000 0.074721
681.000000 0.072707
682.000000 0.061554
683.000000 0.064784
684.000000 0.065119
685.000000 0.061066
686.000000 0.050507
687.000000 0.048636
688.000000 0.047864
689.000000 0.054063
690.000000 0.048436
691.000000 0.056336
692.000000 0.054234
693.000000 0.065629
694.000000 0.063794
695.000000 0.069256
696.000000 0.071311
697.000000 0.063952
698.000000 0.062654
699.000000 0.066913
700.000000 0.064956
701.000000 0.053698
702.000000 0.059416
703.000000 0.065055
704.000000 0.084599
705.000000 0.081579
706.000000 0.072155
707.000000 0.061940
708.000000 0.054485
709.000000 0.045081
710.000000 0.042367
711.000000 0.038037
712.000000 0.040247
713.000000 0.033607
714.000000 0.049571
715.000000 0.053127
716.000000 0.058204
717.000000 0.048891
718.000000 0.062962
719.000000 0.066826
720.000000 0.065381
721.000000 0.059837
722.000000 0.059551
723.000000 0.058451
724.000000 0.050085
725.000000 0.045743
726.000000 0.051053
727.000000 0.051355
728.000000 0.050366
729.000000 0.054320
730.000000 0.052632
731.000000 0.050839
732.000000 0.046818
733.000000 0.048800
734.000000 0.064924
735.000000 0.057313
736.000000 0.059632
737.000000 0.057018
738.000000 0.049315
739.000000 0.055772
740.000000 0.064150
741.000000 0.061558
742.000000 0.061117
743.000000 0.065303
744.000000 0.063800
745.000000 0.060702
746.000000 0.054279
747.000000 0.052311
748.000000 0.053347
749.000000 0.047095
750.000000 0.045928
751.000000 0.051399
752.000000 0.046901
753.000000 0.043645
754.000000 0.043164
755.000000 0.038011
756.000000 0.034886
757.000000 0.062134
758.000000 0.074217
759.000000 0.073050
760.000000 0.067924
761.000000 0.078235
762.000000 0.073455
763.000000 0.079995
764.000000 0.077997
765.000000 0.073341
766.000000 0.066561
767.000000 0.064915
768.000000 0.058617
769.000000 0.050463
770.000000 0.042362
771.000000 0.044093
772.000000 0.038843
773.000000 0.045964
774.000000 0.043053
775.000000 0.046576
776.000000 0.048222
777.000000 0.047027
778.000000 0.046380
779.000000 0.040742
780.000000 0.037015
781.000000 0.046150
782.000000 0.042103
783.000000 0.044817
784.000000 0.061101
785.000000 0.080491
786.000000 0.070422
787.000000 0.090126
788.000000 0.090273
789.000000 0.089811
790.000000 0.088420
791.000000 0.083904
792.000000 0.080620
793.000000 0.081907
794.000000 0.080379
795.000000 0.073916
796.000000 0.069070
797.000000 0.068995
798.000000 0.069094
799.000000 0.057077
800.000000 0.054985
801.000000 0.058029
802.000000 0.051449
803.000000 0.056346
804.000000 0.052496
805.000000 0.047910
806.000000 0.052211
807.000000 0.068804
808.000000 0.076547
809.000000 0.070500
810.000000 0.060131
811.000000 0.054230
812.000000 0.056193
813.000000 0.061391
814.000000 0.069088
815.000000 0.065453
816.000000 0.062020
817.000000 0.052404
818.000000 0.053322
819.000000 0.058810
820.000000 0.072566
821.000000 0.077316
822.000000 0.070174
823.000000 0.066072
824.000000 0.063543
825.000000 0.066261
826.000000 0.066911
827.000000 0.062149
828.000000 0.057342
829.000000 0.062375
830.000000 0.056537
831.000000 0.059834
832.000000 0.060945
833.000000 0.062247
834.000000 0.055968
835.000000 0.063047
836.000000 0.058114
837.000000 0.059061
838.000000 0.055029
839.000000 0.061098
840.000000 0.060371
841.000000 0.060095
842.000000 0.060639
843.000000 0.065614
844.000000 0.060183
845.000000 0.057399
846.000000 0.059750
847.000000 0.054251
848.000000 0.057638
849.000000 0.063807
850.000000 0.070372
851.000000 0.063506
852.000000 0.065945
853.000000 0.058852
854.000000 0.053489
855.000000 0.064424
856.000000 0.068898
857.000000 0.061025
858.000000 0.066671
859.000000 0.063293
860.000000 0.058212
861.000000 0.069324
862.000000 0.070567
863.000000 0.070738
864.000000 0.075048
865.000000 0.077268
866.000000 0.088262
867.000000 0.086476
868.000000 0.079370
869.000000 0.083918
870.000000 0.073958
871.000000 0.061953
872.000000 0.070264
873.000000 0.065976
874.000000 0.066393
875.000000 0.067809
876.000000 0.068547
877.000000 0.073674
878.000000 0.065713
879.000000 0.062057
880.000000 0.064642
881.000000 0.060926
882.000000 0.056983
883.000000 0.058410
884.000000 0.054848
885.000000 0.058186
886.000000 0.049038
887.000000 0.056832
888.000000 0.058525
889.000000 0.055830
890.000000 0.046761
891.000000 0.047886
892.000000 0.054263
893.000000 0.054933
894.000000 0.051002
895.000000 0.060685
896.000000 0.067019
897.000000 0.061052
898.000000 0.054098
899.000000 0.055868
900.000000 0.056794
901.000000 0.060412
902.000000 0.052795
903.000000 0.051827
904.000000 0.051345
905.000000 0.053774
906.000000 0.058965
907.000000 0.053942
908.000000 0.055992
909.000000 0.055186
910.000000 0.052526
911.000000 0.057138
912.000000 0.052142
913.000000 0.053716
914.000000 0.051159
915.000000 0.043943
916.000000 0.051979
917.000000 0.051830
918.000000 0.050060
919.000000 0.053165
920.000000 0.059337
921.000000 0.066114
922.000000 0.064696
923.000000 0.064467
924.000000 0.056322
925.000000 0.060771
926.000000 0.053138
927.000000 0.057674
928.000000 0.052910
929.000000 0.054761
930.000000 0.046584
931.000000 0.050267
932.000000 0.045561
933.000000 0.041301
934.000000 0.037555
935.000000 0.035588
936.000000 0.037386
937.000000 0.044911
938.000000 0.050172
939.000000 0.059122
940.000000 0.069106
941.000000 0.081293
942.000000 0.084529
943.000000 0.075471
944.000000 0.077334
945.000000 0.081683
946.000000 0.074549
947.000000 0.067955
948.000000 0.063442
949.000000 0.052383
950.000000 0.047899
951.000000 0.043056
952.000000 0.040596
953.000000 0.041251
954.000000 0.049049
955.000000 0.045373
956.000000 0.047670
957.000000 0.056744
958.000000 0.056866
959.000000 0.057989
960.000000 0.053341
961.000000 0.056471
962.000000 0.048285
963.000000 0.045314
964.000000 0.053867
965.000000 0.049922
966.000000 0.051699
967.000000 0.051189
968.000000 0.050767
969.000000 0.054386
970.000000 0.048531
971.000000 0.050759
972.000000 0.051366
973.000000 0.052989
974.000000 0.050333
975.000000 0.049071
976.000000 0.060485
977.000000 0.057313
978.000000 0.064785
979.000000 0.068449
980.000000 0.067005
981.000000 0.064440
982.000000 0.061203
983.000000 0.059898
984.000000 0.052283
985.000000 0.051455
986.000000 0.052027
987.000000 0.049763
988.000000 0.043878
989.000000 0.053398
990.000000 0.053071
991.000000 0.044860
992.000000 0.046533
993.000000 0.039754
994.000000 0.047648
995.000000 0.043803
996.000000 0.039490
997.000000 0.064922
998.000000 0.065267
999.000000 0.063023
1000.000000 0.064279
1001.000000 0.071179
1002.000000 0.075719
1003.000000 0.077792
1004.000000 0.073239
1005.000000 0.082080
1006.000000 0.075633
1007.000000 0.071849
1008.000000 0.066440
1009.000000 0.067143
1010.000000 0.058711
1011.000000 0.051033
1012.000000 0.061233
1013.000000 0.057970
1014.000000 0.058165
1015.000000 0.051622
1016.000000 0.050329
1017.000000 0.049814
1018.000000 0.046780
1019.000000 0.042644
1020.000000 0.038458
1021.000000 0.037645
1022.000000 0.035178
1023.000000 0.048000
1024.000000 0.060092
1025.000000 0.059358
1026.000000 0.051496
1027.000000 0.048007
1028.000000 0.051842
1029.000000 0.050602
1030.000000 0.056954
1031.000000 0.063230
1032.000000 0.066278
1033.000000 0.070982
1034.000000 0.068149
1035.000000 0.064888
1036.000000 0.077498
1037.000000 0.079568
1038.000000 0.075710
1039.000000 0.078269
1040.000000 0.075751
1041.000000 0.070015
1042.000000 0.073604
1043.000000 0.068346
1044.000000 0.073532
1045.000000 0.070861
1046.000000 0.074187
1047.000000 0.080844
1048.000000 0.084152
1049.000000 0.080284
1050.000000 0.079068
1051.000000 0.078067
1052.000000 0.085956
1053.000000 0.082344
1054.000000 0.068944
1055.000000 0.066266
1056.000000 0.060738
1057.000000 0.063281
1058.000000 0.058476
1059.000000 0.058295
1060.000000 0.053481
1061.000000 0.053734
1062.000000 0.054221
1063.000000 0.056523
1064.000000 0.046739
1065.000000 0.050062
1066.000000 0.045198
1067.000000 0.052037
1068.000000 0.049926
1069.000000 0.048130
1070.000000 0.042618
1071.000000 0.045382
1072.000000 0.052110
1073.000000 0.048583
1074.000000 0.050566
1075.000000 0.073520
1076.000000 0.080884
1077.000000 0.074863
1078.000000 0.081905
1079.000000 0.092326
1080.000000 0.090048
1081.000000 0.080047
1082.000000 0.072090
1083.000000 0.079198
1084.000000 0.070017
1085.000000 0.062173
1086.000000 0.058489
1087.000000 0.065678
1088.000000 0.056605
1089.000000 0.054421
1090.000000 0.053495
1091.000000 0.045477
1092.000000 0.052208
1093.000000 0.063298
1094.000000 0.059327
1095.000000 0.063839
1096.000000 0.063541
1097.000000 0.055693
1098.000000 0.047810
1099.000000 0.039569
1100.000000 0.041824
1101.000000 0.047621
1102.000000 0.047692
1103.000000 0.078623
1104.000000 0.072001
1105.000000 0.071099
1106.000000 0.068709
1107.000000 0.076482
1108.000000 0.077449
1109.000000 0.073888
1110.000000 0.068178
1111.000000 0.069701
1112.000000 0.061920
1113.000000 0.069256
1114.000000 0.064840
1115.000000 0.056663
1116.000000 0.046868
1117.000000 0.053152
1118.000000 0.066807
1119.000000 0.066087
1120.000000 0.054572
1121.000000 0.054367
1122.000000 0.046012
1123.000000 0.052642
1124.000000 0.049132
1125.000000 0.044847
1126.000000 0.048135
1127.000000 0.051652
1128.000000 0.042774
1129.000000 0.047556
1130.000000 0.049138
1131.000000 0.062207
1132.000000 0.061262
1133.000000 0.084709
1134.000000 0.076200
1135.000000 0.070250
1136.000000 0.077404
1137.000000 0.073952
1138.000000 0.063085
1139.000000 0.054903
1140.000000 0.047635
1141.000000 0.058098
1142.000000 0.064490
1143.000000 0.062992
1144.000000 0.052063
1145.000000 0.045643
1146.000000 0.041183
1147.000000 0.050892
1148.000000 0.054492
1149.000000 0.054781
1150.000000 0.048859
1151.000000 0.052242
1152.000000 0.048454
1153.000000 0.054296
1154.000000 0.060358
1155.000000 0.069750
1156.000000 0.072776
1157.000000 0.065020
1158.000000 0.066025
1159.000000 0.063411
1160.000000 0.056098
1161.000000 0.053437
1162.000000 0.058462
1163.000000 0.060682
1164.000000 0.061407
1165.000000 0.066702
1166.000000 0.056985
1167.000000 0.048717
1168.000000 0.055116
1169.000000 0.054592
1170.000000 0.057394
1171.000000 0.052212
1172.000000 0.061538
1173.000000 0.055863
1174.000000 0.052512
1175.000000 0.061193
1176.000000 0.057401
1177.000000 0.055062
1178.000000 0.046583
1179.000000 0.056528
1180.000000 0.048564
1181.000000 0.053274
1182.000000 0.048998
1183.000000 0.045999
1184.000000 0.050516
1185.000000 0.046912
1186.000000 0.069124
1187.000000 0.057568
1188.000000 0.057152
1189.000000 0.064031
1190.000000 0.054725
1191.000000 0.053778
1192.000000 0.054838
1193.000000 0.068159
1194.000000 0.056240
1195.000000 0.049836
1196.000000 0.047198
1197.000000 0.046731
1198.000000 0.050601
1199.000000 0.048096
1200.000000 0.053247
1201.000000 0.051530
1202.000000 0.047014
1203.000000 0.044690
1204.000000 0.046615
1205.000000 0.052367
1206.000000 0.052200
1207.000000 0.059190
1208.000000 0.077529
1209.000000 0.076919
1210.000000 0.072942
1211.000000 0.080445
1212.000000 0.078373
1213.000000 0.079914
1214.000000 0.076421
1215.000000 0.075239
1216.000000 0.065674
1217.000000 0.060807
1218.000000 0.055279
1219.000000 0.056391
1220.000000 0.056049
1221.000000 0.060281
1222.000000 0.064377
1223.000000 0.064143
1224.000000 0.062547
1225.000000 0.067024
1226.000000 0.071469
1227.000000 0.068030
1228.000000 0.085754
1229.000000 0.095617
1230.000000 0.085322
1231.000000 0.080582
1232.000000 0.083488
1233.000000 0.079590
1234.000000 0.070020
1235.000000 0.060362
1236.000000 0.055754
1237.000000 0.051844
1238.000000 0.046446
1239.000000 0.058278
1240.000000 0.048145
1241.000000 0.051375
1242.000000 0.046283
1243.000000 0.048759
1244.000000 0.051432
1245.000000 0.048435
1246.000000 0.044077
1247.000000 0.043879
1248.000000 0.046446
1249.000000 0.051012
1250.000000 0.066636
1251.000000 0.072522
1252.000000 0.094580
1253.000000 0.114154
1254.000000 0.107140
1255.000000 0.097380
1256.000000 0.083423
1257.000000 0.074449
1258.000000 0.078001
1259.000000 0.073934
1260.000000 0.066768
1261.000000 0.065138
1262.000000 0.069008
1263.000000 0.056988
1264.000000 0.052437
1265.000000 0.043406
1266.000000 0.045196
1267.000000 0.037437
1268.000000 0.033770
1269.000000 0.034714
1270.000000 0.037196
1271.000000 0.036502
1272.000000 0.055328
1273.000000 0.063724
1274.000000 0.060894
1275.000000 0.056762
1276.000000 0.075273
1277.000000 0.072765
1278.000000 0.075564
1279.000000 0.072067
1280.000000 0.075389
1281.000000 0.073784
1282.000000 0.060880
1283.000000 0.057210
1284.000000 0.047302
1285.000000 0.069098
1286.000000 0.066675
1287.000000 0.063093
1288.000000 0.061176
1289.000000 0.059338
1290.000000 0.055378
1291.000000 0.054663
1292.000000 0.053784
1293.000000 0.057008
1294.000000 0.054773
1295.000000 0.053849
1296.000000 0.048141
1297.000000 0.052579
1298.000000 0.056009
1299.000000 0.052279
1300.000000 0.046523
1301.000000 0.050364
1302.000000 0.052173
1303.000000 0.049370
1304.000000 0.054709
1305.000000 0.049180
1306.000000 0.048517
1307.000000 0.050332
1308.000000 0.054122
1309.000000 0.051358
1310.000000 0.055203
1311.000000 0.048237
1312.000000 0.060301
1313.000000 0.067576
1314.000000 0.071967
1315.000000 0.066827
1316.000000 0.069984
1317.000000 0.063205
1318.000000 0.060917
1319.000000 0.058128
1320.000000 0.058271
1321.000000 0.051850
1322.000000 0.047518
1323.000000 0.043146
1324.000000 0.037527
1325.000000 0.047957
1326.000000 0.039729
1327.000000 0.039282
1328.000000 0.044582
1329.000000 0.056325
1330.000000 0.072689
1331.000000 0.078123
1332.000000 0.073862
1333.000000 0.061057
1334.000000 0.052550
1335.000000 0.056710
1336.000000 0.059454
1337.000000 0.060671
1338.000000 0.062757
1339.000000 0.063888
1340.000000 0.057198
1341.000000 0.060469
1342.000000 0.057186
1343.000000 0.047335
1344.000000 0.041300
1345.000000 0.053120
1346.000000 0.049096
1347.000000 0.048613
1348.000000 0.043012
1349.000000 0.044806
1350.000000 0.039014
1351.000000 0.035754
1352.000000 0.046485
1353.000000 0.048967
1354.000000 0.056717
1355.000000 0.055513
1356.000000 0.060145
1357.000000 0.080698
1358.000000 0.079378
1359.000000 0.070868
1360.000000 0.067853
1361.000000 0.065312
1362.000000 0.064430
1363.000000 0.067091
1364.000000 0.063361
1365.000000 0.054938
1366.000000 0.059268
1367.000000 0.059541
1368.000000 0.067410
1369.000000 0.069824
1370.000000 0.062094
1371.000000 0.064745
1372.000000 0.059745
1373.000000 0.067822
1374.000000 0.065156
1375.000000 0.078608
1376.000000 0.070741
1377.000000 0.062827
1378.000000 0.059964
1379.000000 0.062488
1380.000000 0.075368
1381.000000 0.068371
1382.000000 0.062540
1383.000000 0.055691
1384.000000 0.046150
1385.000000 0.038246
1386.000000 0.044424
1387.000000 0.036805
1388.000000 0.033733
1389.000000 0.033391
1390.000000 0.039292
1391.000000 0.036088
1392.000000 0.032679
1393.000000 0.033543
1394.000000 0.044147
1395.000000 0.058360
1396.000000 0.068941
1397.000000 0.073612
1398.000000 0.069339
1399.000000 0.077554
1400.000000 0.086872
1401.000000 0.083107
1402.000000 0.078946
1403.000000 0.069383
1404.000000 0.066809
1405.000000 0.062019
1406.000000 0.064039
1407.000000 0.065627
1408.000000 0.056691
1409.000000 0.054570
1410.000000 0.047866
1411.000000 0.051217
1412.000000 0.057201
1413.000000 0.061460
1414.000000 0.051722
1415.000000 0.042849
1416.000000 0.043927
1417.000000 0.042230
1418.000000 0.038642
1419.000000 0.040714
1420.000000 0.041977
1421.000000 0.055011
1422.000000 0.047085
1423.000000 0.048318
1424.000000 0.063126
1425.000000 0.075509
1426.000000 0.070335
1427.000000 0.072141
1428.000000 0.064534
1429.000000 0.055030
1430.000000 0.069995
1431.000000 0.070666
1432.000000 0.069394
1433.000000 0.081761
1434.000000 0.074051
1435.000000 0.061203
1436.000000 0.059478
1437.000000 0.055250
1438.000000 0.056027
1439.000000 0.051004
1440.000000 0.045465
1441.000000 0.057313
1442.000000 0.052226
1443.000000 0.053705
1444.000000 0.069573
1445.000000 0.067769
1446.000000 0.066430
1447.000000 0.076064
1448.000000 0.077746
1449.000000 0.088379
1450.000000 0.086012
1451.000000 0.081583
1452.000000 0.077179
1453.000000 0.081616
1454.000000 0.071518
1455.000000 0.062849
1456.000000 0.061671
1457.000000 0.061394
1458.000000 0.054776
1459.000000 0.048727
1460.000000 0.046061
1461.000000 0.045883
1462.000000 0.043984
1463.000000 0.047790
1464.000000 0.041884
1465.000000 0.051101
1466.000000 0.070215
1467.000000 0.065196
1468.000000 0.058195
1469.000000 0.053914
1470.000000 0.063854
1471.000000 0.060575
1472.000000 0.053309
1473.000000 0.050346
1474.000000 0.047147
1475.000000 0.062075
1476.000000 0.063524
1477.000000 0.063992
1478.000000 0.057059
1479.000000 0.059021
1480.000000 0.051321
1481.000000 0.053160
1482.000000 0.057192
1483.000000 0.060058
1484.000000 0.061661
1485.000000 0.060587
1486.000000 0.051709
1487.000000 0.058577
1488.000000 0.068950
1489.000000 0.082528
1490.000000 0.080912
1491.000000 0.069508
1492.000000 0.075817
1493.000000 0.067426
1494.000000 0.069242
1495.000000 0.074415
1496.000000 0.067243
1497.000000 0.055474
1498.000000 0.054919
1499.000000 0.046158
1500.000000 0.047340
1501.000000 0.045950
1502.000000 0.053730
1503.000000 0.052305
1504.000000 0.051457
1505.000000 0.058434
1506.000000 0.055425
1507.000000 0.048323
1508.000000 0.054934
1509.000000 0.064482
1510.000000 0.071704
1511.000000 0.073353
1512.000000 0.065950
1513.000000 0.067129
1514.000000 0.067383
1515.000000 0.083345
1516.000000 0.072807
1517.000000 0.082032
1518.000000 0.082534
1519.000000 0.074835
1520.000000 0.072311
1521.000000 0.062755
1522.000000 0.060869
1523.000000 0.062642
1524.000000 0.062205
1525.000000 0.051534
1526.000000 0.060611
1527.000000 0.063343
1528.000000 0.057432
1529.000000 0.066204
1530.000000 0.060159
1531.000000 0.059392
1532.000000 0.060159
1533.000000 0.059516
1534.000000 0.053968
1535.000000 0.045042
1536.000000 0.057646
1537.000000 0.058873
1538.000000 0.072217
1539.000000 0.066820
1540.000000 0.069024
1541.000000 0.075997
1542.000000 0.071179
1543.000000 0.066309
1544.000000 0.058911
1545.000000 0.050006
1546.000000 0.042900
1547.000000 0.046901
1548.000000 0.053289
1549.000000 0.051177
1550.000000 0.053184
1551.000000 0.058831
1552.000000 0.051371
1553.000000 0.047481
1554.000000 0.043627
1555.000000 0.061226
1556.000000 0.055152
1557.000000 0.068689
1558.000000 0.077964
1559.000000 0.075804
1560.000000 0.075073
1561.000000 0.065610
1562.000000 0.062545
1563.000000 0.067004
1564.000000 0.059262
1565.000000 0.065919
1566.000000 0.069071
1567.000000 0.058678
1568.000000 0.067808
1569.000000 0.059182
1570.000000 0.048944
1571.000000 0.051375
1572.000000 0.061416
1573.000000 0.059862
1574.000000 0.064876
1575.000000 0.061834
1576.000000 0.068100
1577.000000 0.067486
1578.000000 0.067122
1579.000000 0.059701
1580.000000 0.059053
1581.000000 0.061301
1582.000000 0.061518
1583.000000 0.055308
1584.000000 0.056802
1585.000000 0.063487
1586.000000 0.061145
1587.000000 0.060841
1588.000000 0.054142
1589.000000 0.052563
1590.000000 0.046189
1591.000000 0.038960
1592.000000 0.040650
1593.000000 0.037150
1594.000000 0.038723
1595.000000 0.041943
1596.000000 0.034888
1597.000000 0.033643
1598.000000 0.042621
1599.000000 0.048936
1600.000000 0.056703
1601.000000 0.054878
1602.000000 0.060716
1603.000000 0.061534
1604.000000 0.065410
1605.000000 0.070027
1606.000000 0.060868
1607.000000 0.064120
1608.000000 0.066288
1609.000000 0.063257
1610.000000 0.074333
1611.000000 0.082026
1612.000000 0.069747
1613.000000 0.073054
1614.000000 0.065628
1615.000000 0.065374
1616.000000 0.064846
1617.000000 0.057367
1618.000000 0.052285
1619.000000 0.057127
1620.000000 0.051559
1621.000000 0.050610
1622.000000 0.044644
1623.000000 0.045366
1624.000000 0.040904
1625.000000 0.042672
1626.000000 0.047809
1627.000000 0.058211
1628.000000 0.065466
1629.000000 0.059710
1630.000000 0.063378
1631.000000 0.057567
1632.000000 0.066712
1633.000000 0.074183
1634.000000 0.061180
1635.000000 0.060177
1636.000000 0.057253
1637.000000 0.051046
1638.000000 0.057969
1639.000000 0.054907
1640.000000 0.046189
1641.000000 0.045110
1642.000000 0.049807
1643.000000 0.042953
1644.000000 0.055070
1645.000000 0.051710
1646.000000 0.051935
1647.000000 0.047294
1648.000000 0.053223
1649.000000 0.051540
1650.000000 0.052054
1651.000000 0.045370
1652.000000 0.049871
1653.000000 0.045066
1654.000000 0.047545
1655.000000 0.058501
1656.000000 0.062906
1657.000000 0.069007
1658.000000 0.076824
1659.000000 0.068968
1660.000000 0.060184
1661.000000 0.058979
1662.000000 0.065804
1663.000000 0.064915
1664.000000 0.061058
1665.000000 0.057745
1666.000000 0.068581
1667.000000 0.076726
1668.000000 0.069445
1669.000000 0.062851
1670.000000 0.057658
1671.000000 0.074256
1672.000000 0.084595
1673.000000 0.070953
1674.000000 0.077600
1675.000000 0.075795
1676.000000 0.075901
1677.000000 0.069012
1678.000000 0.070162
1679.000000 0.060187
1680.000000 0.053716
1681.000000 0.051964
1682.000000 0.058830
1683.000000 0.070448
1684.000000 0.073819
1685.000000 0.064623
1686.000000 0.057408
1687.000000 0.060618
1688.000000 0.063841
1689.000000 0.062060
1690.000000 0.056016
1691.000000 0.052949
1692.000000 0.051793
1693.000000 0.047167
1694.000000 0.042392
1695.000000 0.037063
1696.000000 0.039140
1697.000000 0.043488
1698.000000 0.036142
1699.000000 0.034919
1700.000000 0.041430
1701.000000 0.040180
1702.000000 0.044385
1703.000000 0.040683
1704.000000 0.043953
1705.000000 0.046655
1706.000000 0.047188
1707.000000 0.043571
1708.000000 0.045297
1709.000000 0.055683
1710.000000 0.050991
1711.000000 0.050777
1712.000000 0.063947
1713.000000 0.062276
1714.000000 0.068339
1715.000000 0.072560
1716.000000 0.070778
1717.000000 0.070089
1718.000000 0.066332
1719.000000 0.073167
1720.000000 0.064230
1721.000000 0.053798
1722.000000 0.054210
1723.000000 0.048583
1724.000000 0.042583
1725.000000 0.046253
1726.000000 0.046558
1727.000000 0.071304
1728.000000 0.066777
1729.000000 0.057732
1730.000000 0.057257
1731.000000 0.063244
1732.000000 0.060301
1733.000000 0.070917
1734.000000 0.065792
1735.000000 0.058158
1736.000000 0.064050
1737.000000 0.064658
1738.000000 0.069865
1739.000000 0.065295
1740.000000 0.064915
1741.000000 0.053764
1742.000000 0.051510
1743.000000 0.067214
1744.000000 0.056298
1745.000000 0.052243
1746.000000 0.047035
1747.000000 0.063174
1748.000000 0.062893
1749.000000 0.065896
1750.000000 0.063910
1751.000000 0.061778
1752.000000 0.056617
1753.000000 0.070647
1754.000000 0.064010
1755.000000 0.055446
1756.000000 0.049400
1757.000000 0.044608
1758.000000 0.045039
1759.000000 0.048077
1760.000000 0.043064
1761.000000 0.051055
1762.000000 0.046221
1763.000000 0.042146
1764.000000 0.046321
1765.000000 0.045045
1766.000000 0.059118
1767.000000 0.081480
1768.000000 0.079130
1769.000000 0.072495
1770.000000 0.079853
1771.000000 0.080630
1772.000000 0.076889
1773.000000 0.070025
1774.000000 0.068812
1775.000000 0.070876
1776.000000 0.060187
1777.000000 0.061635
1778.000000 0.066653
1779.000000 0.058355
1780.000000 0.050206
1781.000000 0.059699
1782.000000 0.067186
1783.000000 0.071849
1784.000000 0.072308
1785.000000 0.067527
1786.000000 0.077036
1787.000000 0.070783
1788.000000 0.069853
1789.000000 0.065508
1790.000000 0.078704
1791.000000 0.082640
1792.000000 0.075088
1793.000000 0.066403
1794.000000 0.059850
1795.000000 0.061234
1796.000000 0.055004
1797.000000 0.055080
1798.000000 0.054027
1799.000000 0.044857
1800.000000 0.064201
1801.000000 0.062561
1802.000000 0.064106
1803.000000 0.067024
1804.000000 0.062609
1805.000000 0.069982
1806.000000 0.075873
1807.000000 0.084325
1808.000000 0.073674
1809.000000 0.088334
1810.000000 0.079777
1811.000000 0.076670
1812.000000 0.082770
1813.000000 0.094399
1814.000000 0.084418
1815.000000 0.086902
1816.000000 0.083136
1817.000000 0.073270
1818.000000 0.077713
1819.000000 0.070845
1820.000000 0.065077
1821.000000 0.069819
1822.000000 0.063119
1823.000000 0.055667
1824.000000 0.057976
1825.000000 0.056876
1826.000000 0.050519
1827.000000 0.054581
1828.000000 0.045123
1829.000000 0.049628
1830.000000 0.056911
1831.000000 0.060499
1832.000000 0.062195
1833.000000 0.051411
1834.000000 0.058418
1835.000000 0.056159
1836.000000 0.056576
1837.000000 0.062361
1838.000000 0.065887
1839.000000 0.078355
1840.000000 0.071462
1841.000000 0.081870
1842.000000 0.071634
1843.000000 0.068660
1844.000000 0.084098
1845.000000 0.086922
1846.000000 0.071612
1847.000000 0.064975
1848.000000 0.056612
1849.000000 0.050200
1850.000000 0.049104
1851.000000 0.056101
1852.000000 0.055230
1853.000000 0.053361
1854.000000 0.052311
1855.000000 0.062967
1856.000000 0.065537
1857.000000 0.055884
1858.000000 0.055028
1859.000000 0.061848
1860.000000 0.054117
1861.000000 0.059236
1862.000000 0.072113
1863.000000 0.080173
1864.000000 0.080784
1865.000000 0.083964
1866.000000 0.077023
1867.000000 0.073905
1868.000000 0.075618
1869.000000 0.068115
1870.000000 0.063199
1871.000000 0.057783
1872.000000 0.075758
1873.000000 0.076865
1874.000000 0.076393
1875.000000 0.063022
1876.000000 0.067199
1877.000000 0.061599
1878.000000 0.050930
1879.000000 0.053454
1880.000000 0.061097
1881.000000 0.059559
1882.000000 0.063093
1883.000000 0.062077
1884.000000 0.073782
1885.000000 0.068262
1886.000000 0.056375
1887.000000 0.067959
1888.000000 0.078816
1889.000000 0.072727
1890.000000 0.061522
1891.000000 0.060240
1892.000000 0.064643
1893.000000 0.067033
1894.000000 0.063802
1895.000000 0.062987
1896.000000 0.062321
1897.000000 0.056831
1898.000000 0.058128
1899.000000 0.054538
1900.000000 0.057603
1901.000000 0.057057
1902.000000 0.055841
1903.000000 0.069488
1904.000000 0.071410
1905.000000 0.073890
1906.000000 0.074374
1907.000000 0.064604
1908.000000 0.070783
1909.000000 0.071640
1910.000000 0.077989
1911.000000 0.093130
1912.000000 0.079783
1913.000000 0.068812
1914.000000 0.066234
1915.000000 0.065055
1916.000000 0.058170
1917.000000 0.052047
1918.000000 0.047410
1919.000000 0.044910
1920.000000 0.043779
1921.000000 0.045086
1922.000000 0.042467
1923.000000 0.041593
1924.000000 0.042875
1925.000000 0.038927
1926.000000 0.046179
1927.000000 0.049745
1928.000000 0.061527
1929.000000 0.060583
1930.000000 0.058926
1931.000000 0.058911
1932.000000 0.062631
1933.000000 0.070235
1934.000000 0.100923
1935.000000 0.091894
1936.000000 0.099230
1937.000000 0.089153
1938.000000 0.073520
1939.000000 0.069702
1940.000000 0.069398
1941.000000 0.063751
1942.000000 0.057586
1943.000000 0.056511
1944.000000 0.059011
1945.000000 0.060441
1946.000000 0.057316
1947.000000 0.066616
1948.000000 0.062918
1949.000000 0.065120
1950.000000 0.058204
1951.000000 0.060610
1952.000000 0.061718
1953.000000 0.062365
1954.000000 0.057600
1955.000000 0.061832
1956.000000 0.063944
1957.000000 0.067977
1958.000000 0.068314
1959.000000 0.067725
1960.000000 0.075420
1961.000000 0.064634
1962.000000 0.060185
1963.000000 0.054207
1964.000000 0.066142
1965.000000 0.061438
1966.000000 0.070008
1967.000000 0.062089
1968.000000 0.055742
1969.000000 0.052486
1970.000000 0.057992
1971.000000 0.053705
1972.000000 0.044465
1973.000000 0.045316
1974.000000 0.053607
1975.000000 0.058581
1976.000000 0.061119
1977.000000 0.053954
1978.000000 0.062643
1979.000000 0.070485
1980.000000 0.058582
1981.000000 0.061065
1982.000000 0.065441
1983.000000 0.062530
1984.000000 0.068805
1985.000000 0.056952
1986.000000 0.060014
1987.000000 0.065660
1988.000000 0.073529
1989.000000 0.078489
1990.000000 0.072311
1991.000000 0.068540
1992.000000 0.078322
1993.000000 0.076583
1994.000000 0.072917
1995.000000 0.066652
1996.000000 0.075304
1997.000000 0.067243
1998.000000 0.069614
1999.000000 0.057572
2000.000000 0.049466
2001.000000 0.050148
2002.000000 0.053207
2003.000000 0.048853
2004.000000 0.040535
2005.000000 0.054133
2006.000000 0.051070
2007.000000 0.053753
2008.000000 0.068641
2009.000000 0.079168
2010.000000 0.068165
2011.000000 0.075984
2012.000000 0.082190
2013.000000 0.077636
2014.000000 0.064108
2015.000000 0.063026
2016.000000 0.061076
2017.000000 0.060650
2018.000000 0.063986
2019.000000 0.054456
2020.000000 0.054368
2021.000000 0.052545
2022.000000 0.056031
2023.000000 0.051625
2024.000000 0.045748
2025.000000 0.045907
2026.000000 0.043791
2027.000000 0.042029
2028.000000 0.058070
2029.000000 0.066409
2030.000000 0.076561
2031.000000 0.109609
2032.000000 0.103215
2033.000000 0.097997
2034.000000 0.098416
2035.000000 0.087301
2036.000000 0.080388
2037.000000 0.081390
2038.000000 0.080380
2039.000000 0.066296
2040.000000 0.057776
2041.000000 0.063424
2042.000000 0.063052
2043.000000 0.055814
2044.000000 0.050685
2045.000000 0.050081
2046.000000 0.062199
2047.000000 0.051404
2048.000000 0.056273
2049.000000 0.048604
2050.000000 0.046512
2051.000000 0.038736
2052.000000 0.063540
2053.000000 0.059755
2054.000000 0.069512
2055.000000 0.076440
2056.000000 0.076207
2057.000000 0.070514
2058.000000 0.076003
2059.000000 0.082385
2060.000000 0.074923
2061.000000 0.078122
2062.000000 0.068201
2063.000000 0.059307
2064.000000 0.067112
2065.000000 0.056635
2066.000000 0.053735
2067.000000 0.049882
2068.000000 0.054234
2069.000000 0.052163
2070.000000 0.062688
2071.000000 0.063062
2072.000000 0.056345
2073.000000 0.046547
2074.000000 0.049251
2075.000000 0.056189
2076.000000 0.050845
2077.000000 0.048477
2078.000000 0.051115
2079.000000 0.042266
2080.000000 0.037007
2081.000000 0.031587
2082.000000 0.031524
2083.000000 0.027773
2084.000000 0.031740
2085.000000 0.040388
2086.000000 0.055136
2087.000000 0.068453
2088.000000 0.070927
2089.000000 0.066586
2090.000000 0.079229
2091.000000 0.082228
2092.000000 0.079441
2093.000000 0.076514
2094.000000 0.078688
2095.000000 0.073759
2096.000000 0.065291
2097.000000 0.060215
2098.000000 0.057700
2099.000000 0.059451
2100.000000 0.052730
2101.000000 0.050052
2102.000000 0.050991
2103.000000 0.046698
2104.000000 0.046467
2105.000000 0.054017
2106.000000 0.052618
2107.000000 0.048772
2108.000000 0.044764
2109.000000 0.043914
2110.000000 0.046222
2111.000000 0.057287
2112.000000 0.058005
2113.000000 0.062728
2114.000000 0.065472
2115.000000 0.066212
2116.000000 0.075806
2117.000000 0.068633
2118.000000 0.060045
2119.000000 0.052034
2120.000000 0.045151
2121.000000 0.044829
2122.000000 0.046099
2123.000000 0.049776
2124.000000 0.050907
2125.000000 0.056318
2126.000000 0.054488
2127.000000 0.052517
2128.000000 0.052602
2129.000000 0.045076
2130.000000 0.052896
2131.000000 0.049751
2132.000000 0.045836
2133.000000 0.043665
2134.000000 0.069155
2135.000000 0.087469
2136.000000 0.082325
2137.000000 0.084675
2138.000000 0.077860
2139.000000 0.084894
2140.000000 0.084836
2141.000000 0.073930
2142.000000 0.076594
2143.000000 0.082179
2144.000000 0.072388
2145.000000 0.062415
2146.000000 0.051710
2147.000000 0.052069
2148.000000 0.056417
2149.000000 0.047743
2150.000000 0.047906
2151.000000 0.052939
2152.000000 0.052982
2153.000000 0.047833
2154.000000 0.044232
2155.000000 0.049948
2156.000000 0.068696
2157.000000 0.060492
2158.000000 0.057012
2159.000000 0.058224
2160.000000 0.057256
2161.000000 0.055024
2162.000000 0.049779
2163.000000 0.052084
2164.000000 0.051636
2165.000000 0.053484
2166.000000 0.058472
2167.000000 0.064782
2168.000000 0.064012
2169.000000 0.061555
2170.000000 0.056727
2171.000000 0.062762
2172.000000 0.058139
2173.000000 0.067992
2174.000000 0.063235
2175.000000 0.069061
2176.000000 0.061652
2177.000000 0.070687
2178.000000 0.066863
2179.000000 0.068448
2180.000000 0.059945
2181.000000 0.053144
2182.000000 0.053049
2183.000000 0.050076
2184.000000 0.053479
2185.000000 0.054214
2186.000000 0.055447
2187.000000 0.072455
2188.000000 0.076228
2189.000000 0.069455
2190.000000 0.060688
2191.000000 0.062945
2192.000000 0.058934
2193.000000 0.058617
2194.000000 0.057901
2195.000000 0.053308
2196.000000 0.069717
2197.000000 0.072299
2198.000000 0.064391
2199.000000 0.068522
2200.000000 0.073575
2201.000000 0.073149
2202.000000 0.065695
2203.000000 0.063045
2204.000000 0.064245
2205.000000 0.058397
2206.000000 0.057838
2207.000000 0.054411
2208.000000 0.073502
2209.000000 0.072813
2210.000000 0.073317
2211.000000 0.067706
2212.000000 0.057706
2213.000000 0.053209
2214.000000 0.054857
2215.000000 0.055884
2216.000000 0.057490
2217.000000 0.062255
2218.000000 0.058234
2219.000000 0.058405
2220.000000 0.050188
2221.000000 0.045637
2222.000000 0.043757
2223.000000 0.065691
2224.000000 0.057574
2225.000000 0.053795
2226.000000 0.048489
2227.000000 0.052148
2228.000000 0.046320
2229.000000 0.045840
2230.000000 0.039997
2231.000000 0.044086
2232.000000 0.040535
2233.000000 0.047721
2234.000000 0.052655
2235.000000 0.051208
2236.000000 0.045966
2237.000000 0.047260
2238.000000 0.043222
2239.000000 0.045078
2240.000000 0.043038
2241.000000 0.044195
2242.000000 0.046848
2243.000000 0.043628
2244.000000 0.043738
2245.000000 0.060529
2246.000000 0.074079
2247.000000 0.076398
2248.000000 0.066992
2249.000000 0.059830
2250.000000 0.065263
2251.000000 0.069505
2252.000000 0.059418
2253.000000 0.053446
2254.000000 0.058016
2255.000000 0.055546
2256.000000 0.059595
2257.000000 0.064968
2258.000000 0.067537
2259.000000 0.066264
2260.000000 0.076433
2261.000000 0.073760
2262.000000 0.062425
2263.000000 0.057824
2264.000000 0.056275
2265.000000 0.058210
2266.000000 0.051832
2267.000000 0.044908
2268.000000 0.055128
2269.000000 0.061079
2270.000000 0.073725
2271.000000 0.077057
2272.000000 0.078930
2273.000000 0.069804
2274.000000 0.062950
2275.000000 0.063425
2276.000000 0.073207
2277.000000 0.064077
2278.000000 0.061858
2279.000000 0.063431
2280.000000 0.059264
2281.000000 0.050874
2282.000000 0.049228
2283.000000 0.055719
2284.000000 0.051024
2285.000000 0.045846
2286.000000 0.042600
2287.000000 0.049462
2288.000000 0.055016
2289.000000 0.051337
2290.000000 0.064583
2291.000000 0.067316
2292.000000 0.061156
2293.000000 0.072063
2294.000000 0.067890
2295.000000 0.066442
2296.000000 0.063331
2297.000000 0.060965
2298.000000 0.068217
2299.000000 0.071372
2300.000000 0.066258
2301.000000 0.060619
2302.000000 0.062779
2303.000000 0.055434
2304.000000 0.052814
2305.000000 0.053134
2306.000000 0.054855
2307.000000 0.055040
2308.000000 0.054925
2309.000000 0.049394
2310.000000 0.055750
2311.000000 0.057905
2312.000000 0.058672
2313.000000 0.066643
2314.000000 0.064214
2315.000000 0.073612
2316.000000 0.060823
2317.000000 0.059961
2318.000000 0.051239
2319.000000 0.047477
2320.000000 0.055111
2321.000000 0.058412
2322.000000 0.075557
2323.000000 0.065810
2324.000000 0.059414
2325.000000 0.065662
2326.000000 0.066662
2327.000000 0.062595
2328.000000 0.067659
2329.000000 0.060929
2330.000000 0.071104
2331.000000 0.070482
2332.000000 0.081720
2333.000000 0.073576
2334.000000 0.067699
2335.000000 0.066572
2336.000000 0.066554
2337.000000 0.063028
2338.000000 0.072509
2339.000000 0.075032
2340.000000 0.066114
2341.000000 0.059789
2342.000000 0.061178
2343.000000 0.050489
2344.000000 0.046356
2345.000000 0.042119
2346.000000 0.040256
2347.000000 0.033441
2348.000000 0.036371
2349.000000 0.034107
2350.000000 0.036050
2351.000000 0.051290
2352.000000 0.050490
2353.000000 0.048571
2354.000000 0.053075
2355.000000 0.062039
2356.000000 0.064522
2357.000000 0.071130
2358.000000 0.069550
2359.000000 0.061661
2360.000000 0.064641
2361.000000 0.059562
2362.000000 0.058723
2363.000000 0.051548
2364.000000 0.048224
2365.000000 0.058780
2366.000000 0.048639
2367.000000 0.041834
2368.000000 0.046115
2369.000000 0.041064
2370.000000 0.042366
2371.000000 0.056919
2372.000000 0.058453
2373.000000 0.074243
2374.000000 0.077279
2375.000000 0.071416
2376.000000 0.065563
2377.000000 0.065741
2378.000000 0.070291
2379.000000 0.060422
2380.000000 0.057377
2381.000000 0.057461
2382.000000 0.049076
2383.000000 0.050528
2384.000000 0.041851
2385.000000 0.054895
2386.000000 0.048875
2387.000000 0.041477
2388.000000 0.050460
2389.000000 0.048534
2390.000000 0.054948
2391.000000 0.045607
2392.000000 0.049065
2393.000000 0.048811
2394.000000 0.056714
2395.000000 0.059339
2396.000000 0.077653
2397.000000 0.083132
2398.000000 0.075146
2399.000000 0.078061
2400.000000 0.074758
2401.000000 0.061725
2402.000000 0.060815
2403.000000 0.053595
2404.000000 0.058399
2405.000000 0.064181
2406.000000 0.056425
2407.000000 0.050960
2408.000000 0.046565
2409.000000 0.059316
2410.000000 0.051637
2411.000000 0.060962
2412.000000 0.057837
2413.000000 0.053575
2414.000000 0.060901
2415.000000 0.061170
2416.000000 0.059089
2417.000000 0.068369
2418.000000 0.068852
2419.000000 0.061184
2420.000000 0.066491
2421.000000 0.058848
2422.000000 0.058297
2423.000000 0.052424
2424.000000 0.050609
2425.000000 0.050918
2426.000000 0.051020
2427.000000 0.045275
2428.000000 0.047934
2429.000000 0.061337
2430.000000 0.052374
2431.000000 0.049756
2432.000000 0.044045
2433.000000 0.045493
2434.000000 0.053497
2435.000000 0.050899
2436.000000 0.054169
2437.000000 0.058986
2438.000000 0.050005
2439.000000 0.048399
2440.000000 0.053391
2441.000000 0.068297
2442.000000 0.068798
2443.000000 0.073794
2444.000000 0.083782
2445.000000 0.073600
2446.000000 0.076830
2447.000000 0.076896
2448.000000 0.078894
2449.000000 0.078782
2450.000000 0.074104
2451.000000 0.062136
2452.000000 0.061554
2453.000000 0.059917
2454.000000 0.050906
2455.000000 0.050466
2456.000000 0.055809
2457.000000 0.053421
2458.000000 0.045309
2459.000000 0.051579
2460.000000 0.056787
2461.000000 0.064323
2462.000000 0.056260
2463.000000 0.052482
2464.000000 0.054808
2465.000000 0.053656
2466.000000 0.050379
2467.000000 0.059897
2468.000000 0.058408
2469.000000 0.072273
2470.000000 0.084314
2471.000000 0.076730
2472.000000 0.079690
2473.000000 0.071917
2474.000000 0.067520
2475.000000 0.064997
2476.000000 0.060188
2477.000000 0.065713
2478.000000 0.065802
2479.000000 0.057846
2480.000000 0.057447
2481.000000 0.054121
2482.000000 0.054796
2483.000000 0.065824
2484.000000 0.069324
2485.000000 0.060626
2486.000000 0.059292
2487.000000 0.052245
2488.000000 0.055303
2489.000000 0.045757
2490.000000 0.042564
2491.000000 0.040143
2492.000000 0.038266
2493.000000 0.035883
2494.000000 0.043620
2495.000000 0.038157
2496.000000 0.037775
2497.000000 0.037068
2498.000000 0.048111
2499.000000 0.044513
2500.000000 0.046446
2501.000000 0.047201
2502.000000 0.047409
2503.000000 0.065853
2504.000000 0.074338
2505.000000 0.080497
2506.000000 0.087788
2507.000000 0.096227
2508.000000 0.090387
2509.000000 0.081317
2510.000000 0.088281
2511.000000 0.076793
2512.000000 0.066218
2513.000000 0.058664
2514.000000 0.058259
2515.000000 0.051141
2516.000000 0.050805
2517.000000 0.048672
2518.000000 0.053549
2519.000000 0.052981
2520.000000 0.049784
2521.000000 0.050682
2522.000000 0.053586
2523.000000 0.044431
2524.000000 0.043565
2525.000000 0.039681
2526.000000 0.038263
2527.000000 0.041284
2528.000000 0.052432
2529.000000 0.054019
2530.000000 0.061302
2531.000000 0.065440
2532.000000 0.058849
2533.000000 0.080083
2534.000000 0.083884
2535.000000 0.083438
2536.000000 0.088701
2537.000000 0.074893
2538.000000 0.072243
2539.000000 0.077625
2540.000000 0.081552
2541.000000 0.071825
2542.000000 0.069735
2543.000000 0.061575
2544.000000 0.057973
2545.000000 0.053663
2546.000000 0.050228
2547.000000 0.051854
2548.000000 0.057468
2549.000000 0.047618
2550.000000 0.054932
2551.000000 0.060295
2552.000000 0.053943
2553.000000 0.048146
2554.000000 0.059355
2555.000000 0.054038
2556.000000 0.048647
2557.000000 0.044609
2558.000000 0.054969
2559.000000 0.059117
2560.000000 0.058328
2561.000000 0.061263
2562.000000 0.059447
2563.000000 0.049281
2564.000000 0.054886
2565.000000 0.057195
2566.000000 0.053135
2567.000000 0.052678
2568.000000 0.056283
2569.000000 0.052964
2570.000000 0.052211
2571.000000 0.053850
2572.000000 0.051994
2573.000000 0.053069
2574.000000 0.054629
2575.000000 0.045506
2576.000000 0.057186
2577.000000 0.057753
2578.000000 0.053272
2579.000000 0.050336
2580.000000 0.045145
2581.000000 0.050518
2582.000000 0.065009
2583.000000 0.075089
2584.000000 0.065680
2585.000000 0.066086
2586.000000 0.066316
2587.000000 0.069367
2588.000000 0.069005
2589.000000 0.063243
2590.000000 0.057266
2591.000000 0.054257
2592.000000 0.047031
2593.000000 0.048043
2594.000000 0.043572
2595.000000 0.045444
2596.000000 0.045114
2597.000000 0.050674
2598.000000 0.052323
2599.000000 0.050112
2600.000000 0.066375
2601.000000 0.066780
2602.000000 0.078888
2603.000000 0.073889
2604.000000 0.081682
2605.000000 0.088018
2606.000000 0.085047
2607.000000 0.078771
2608.000000 0.077273
2609.000000 0.063751
2610.000000 0.063896
2611.000000 0.063191
2612.000000 0.056144
2613.000000 0.046464
2614.000000 0.041860
2615.000000 0.047025
2616.000000 0.060661
2617.000000 0.052315
2618.000000 0.043240
2619.000000 0.035935
2620.000000 0.033853
2621.000000 0.039129
2622.000000 0.038275
2623.000000 0.048659
2624.000000 0.050447
2625.000000 0.056039
2626.000000 0.071487
2627.000000 0.066479
2628.000000 0.063525
2629.000000 0.078065
2630.000000 0.078533
2631.000000 0.081834
2632.000000 0.079668
2633.000000 0.080121
2634.000000 0.073827
2635.000000 0.084882
2636.000000 0.074275
2637.000000 0.071178
2638.000000 0.073698
2639.000000 0.062854
2640.000000 0.066117
2641.000000 0.061420
2642.000000 0.054816
2643.000000 0.059336
2644.000000 0.057616
2645.000000 0.050209
2646.000000 0.064905
2647.000000 0.067758
2648.000000 0.065441
2649.000000 0.062268
2650.000000 0.059643
2651.000000 0.057611
2652.000000 0.049689
2653.000000 0.048184
2654.000000 0.049811
2655.000000 0.045029
2656.000000 0.044917
2657.000000 0.045953
2658.000000 0.047857
2659.000000 0.043424
2660.000000 0.059640
2661.000000 0.052566
2662.000000 0.061252
2663.000000 0.054497
2664.000000 0.047059
2665.000000 0.051742
2666.000000 0.046357
2667.000000 0.052040
2668.000000 0.048837
2669.000000 0.068035
2670.000000 0.065230
2671.000000 0.057802
2672.000000 0.050702
2673.000000 0.053439
2674.000000 0.053907
2675.000000 0.048241
2676.000000 0.045324
2677.000000 0.043415
2678.000000 0.059522
2679.000000 0.057545
2680.000000 0.053218
2681.000000 0.056605
2682.000000 0.064712
2683.000000 0.060162
2684.000000 0.056410
2685.000000 0.077789
2686.000000 0.074102
2687.000000 0.075006
2688.000000 0.074536
2689.000000 0.078688
2690.000000 0.067811
2691.000000 0.068116
2692.000000 0.060017
2693.000000 0.059316
2694.000000 0.067761
2695.000000 0.068543
2696.000000 0.062309
2697.000000 0.062106
2698.000000 0.068663
2699.000000 0.070944
2700.000000 0.068002
2701.000000 0.057491
2702.000000 0.065541
2703.000000 0.066965
2704.000000 0.063942
2705.000000 0.061537
2706.000000 0.056750
2707.000000 0.063695
2708.000000 0.053396
2709.000000 0.057201
2710.000000 0.052797
2711.000000 0.058214
2712.000000 0.055371
2713.000000 0.045825
2714.000000 0.039530
2715.000000 0.045777
2716.000000 0.040168
2717.000000 0.041616
2718.000000 0.048005
2719.000000 0.046869
2720.000000 0.057245
2721.000000 0.061502
2722.000000 0.061454
2723.000000 0.056074
2724.000000 0.056197
2725.000000 0.052710
2726.000000 0.043611
2727.000000 0.041347
2728.000000 0.036747
2729.000000 0.044372
2730.000000 0.062848
2731.000000 0.067588
2732.000000 0.066017
2733.000000 0.063894
2734.000000 0.055533
2735.000000 0.049575
2736.000000 0.047817
2737.000000 0.053205
2738.000000 0.046378
2739.000000 0.049319
2740.000000 0.059187
2741.000000 0.051128
2742.000000 0.047563
2743.000000 0.048482
2744.000000 0.048305
2745.000000 0.049828
2746.000000 0.045596
2747.000000 0.046763
2748.000000 0.041543
2749.000000 0.037447
2750.000000 0.043101
2751.000000 0.042855
2752.000000 0.040238
2753.000000 0.052104
2754.000000 0.055423
2755.000000 0.051064
2756.000000 0.054012
2757.000000 0.058867
2758.000000 0.056632
2759.000000 0.065524
2760.000000 0.058280
2761.000000 0.080935
2762.000000 0.070102
2763.000000 0.058935
2764.000000 0.057365
2765.000000 0.063854
2766.000000 0.055621
2767.000000 0.055741
2768.000000 0.054660
2769.000000 0.045220
2770.000000 0.042112
2771.000000 0.048326
2772.000000 0.043845
2773.000000 0.050413
2774.000000 0.043745
2775.000000 0.043328
2776.000000 0.047779
2777.000000 0.050857
2778.000000 0.056511
2779.000000 0.061168
2780.000000 0.058463
2781.000000 0.056936
2782.000000 0.066613
2783.000000 0.071716
2784.000000 0.059210
2785.000000 0.067001
2786.000000 0.064614
2787.000000 0.057463
2788.000000 0.052452
2789.000000 0.048501
2790.000000 0.052953
2791.000000 0.055104
2792.000000 0.069126
2793.000000 0.068056
2794.000000 0.061305
2795.000000 0.050689
2796.000000 0.052441
2797.000000 0.056376
2798.000000 0.069663
2799.000000 0.071440
2800.000000 0.089395
2801.000000 0.088644
2802.000000 0.081233
2803.000000 0.079555
2804.000000 0.075206
2805.000000 0.076411
2806.000000 0.069866
2807.000000 0.064970
2808.000000 0.053637
2809.000000 0.045469
2810.000000 0.038104
2811.000000 0.039978
2812.000000 0.038219
2813.000000 0.039610
2814.000000 0.041643
2815.000000 0.041904
2816.000000 0.039158
2817.000000 0.033866
2818.000000 0.032637
2819.000000 0.034278
2820.000000 0.047768
2821.000000 0.049970
2822.000000 0.065535
2823.000000 0.065632
2824.000000 0.065285
2825.000000 0.084300
2826.000000 0.086560
2827.000000 0.076698
2828.000000 0.070150
2829.000000 0.074826
2830.000000 0.079817
2831.000000 0.081196
2832.000000 0.070874
2833.000000 0.063934
2834.000000 0.064597
2835.000000 0.058799
2836.000000 0.060765
2837.000000 0.067862
2838.000000 0.067031
2839.000000 0.055658
2840.000000 0.053027
2841.000000 0.051230
2842.000000 0.066484
2843.000000 0.061747
2844.000000 0.062220
2845.000000 0.055218
2846.000000 0.052633
2847.000000 0.055805
2848.000000 0.064404
2849.000000 0.077415
2850.000000 0.076284
2851.000000 0.068746
2852.000000 0.059716
2853.000000 0.059046
2854.000000 0.056326
2855.000000 0.059554
2856.000000 0.051940
2857.000000 0.054842
2858.000000 0.051541
2859.000000 0.055166
2860.000000 0.045734
2861.000000 0.054511
2862.000000 0.047389
2863.000000 0.055426
2864.000000 0.051586
2865.000000 0.046239
2866.000000 0.050934
2867.000000 0.053980
2868.000000 0.052913
2869.000000 0.057301
2870.000000 0.055410
2871.000000 0.052585
2872.000000 0.053426
2873.000000 0.048579
2874.000000 0.040252
2875.000000 0.034348
2876.000000 0.056795
2877.000000 0.061584
2878.000000 0.058092
2879.000000 0.049034
2880.000000 0.054756
2881.000000 0.054021
2882.000000 0.059902
2883.000000 0.073477
2884.000000 0.086059
2885.000000 0.077395
2886.000000 0.071347
2887.000000 0.078728
2888.000000 0.066623
2889.000000 0.073253
2890.000000 0.069591
2891.000000 0.059813
2892.000000 0.055982
2893.000000 0.061463
2894.000000 0.057443
2895.000000 0.048886
2896.000000 0.055773
2897.000000 0.066877
2898.000000 0.069763
2899.000000 0.064872
2900.000000 0.069517
2901.000000 0.068979
2902.000000 0.070856
2903.000000 0.068498
2904.000000 0.067814
2905.000000 0.064779
2906.000000 0.057791
2907.000000 0.052564
2908.000000 0.066079
2909.000000 0.060822
2910.000000 0.054109
2911.000000 0.058897
2912.000000 0.053347
2913.000000 0.048064
2914.000000 0.045165
2915.000000 0.052849
2916.000000 0.056458
2917.000000 0.060902
2918.000000 0.064226
2919.000000 0.070992
2920.000000 0.066875
2921.000000 0.055325
2922.000000 0.049313
2923.000000 0.054860
2924.000000 0.053756
2925.000000 0.048495
2926.000000 0.054167
2927.000000 0.059856
2928.000000 0.065913
2929.000000 0.061671
2930.000000 0.056462
2931.000000 0.046777
2932.000000 0.054389
2933.000000 0.054035
2934.000000 0.047716
2935.000000 0.046207
2936.000000 0.051879
2937.000000 0.043067
2938.000000 0.043237
2939.000000 0.043256
2940.000000 0.054242
2941.000000 0.051734
2942.000000 0.057188
2943.000000 0.054829
2944.000000 0.051719
2945.000000 0.050588
2946.000000 0.055099
2947.000000 0.062474
2948.000000 0.060582
2949.000000 0.072838
2950.000000 0.072166
2951.000000 0.067892
2952.000000 0.071509
2953.000000 0.062160
2954.000000 0.065336
2955.000000 0.061734
2956.000000 0.074541
2957.000000 0.072416
2958.000000 0.073869
2959.000000 0.064011
2960.000000 0.059562
2961.000000 0.070013
2962.000000 0.062647
2963.000000 0.073066
2964.000000 0.069658
2965.000000 0.072193
2966.000000 0.066718
2967.000000 0.062185
2968.000000 0.058930
2969.000000 0.050278
2970.000000 0.053710
2971.000000 0.047622
2972.000000 0.049438
2973.000000 0.062630
2974.000000 0.061346
2975.000000 0.057555
2976.000000 0.069809
2977.000000 0.067442
2978.000000 0.079023
2979.000000 0.084362
2980.000000 0.077171
2981.000000 0.075471
2982.000000 0.067315
2983.000000 0.068424
2984.000000 0.061197
2985.000000 0.058879
2986.000000 0.054518
2987.000000 0.053376
2988.000000 0.056606
2989.000000 0.052696
2990.000000 0.049431
2991.000000 0.047156
2992.000000 0.040148
2993.000000 0.051921
2994.000000 0.059684
2995.000000 0.054881
2996.000000 0.055890
2997.000000 0.058920
2998.000000 0.064239
2999.000000 0.086245
3000.000000 0.105991
3001.000000 0.103366
3002.000000 0.091463
3003.000000 0.079133
3004.000000 0.074516
3005.000000 0.082286
3006.000000 0.080603
3007.000000 0.071479
3008.000000 0.061628
3009.000000 0.060296
3010.000000 0.059772
3011.000000 0.054110
3012.000000 0.054115
3013.000000 0.062510
3014.000000 0.056767
3015.000000 0.050143
3016.000000 0.054776
3017.000000 0.053820
3018.000000 0.048359
3019.000000 0.044888
3020.000000 0.041956
3021.000000 0.059219
3022.000000 0.076066
3023.000000 0.064142
3024.000000 0.057137
3025.000000 0.051212
3026.000000 0.051262
3027.000000 0.059118
3028.000000 0.054313
3029.000000 0.049973
3030.000000 0.047740
3031.000000 0.058061
3032.000000 0.058558
3033.000000 0.050452
3034.000000 0.050478
3035.000000 0.042677
3036.000000 0.042180
3037.000000 0.061621
3038.000000 0.086998
3039.000000 0.084611
3040.000000 0.080376
3041.000000 0.067579
3042.000000 0.056003
3043.000000 0.053677
3044.000000 0.051797
3045.000000 0.050468
3046.000000 0.056900
3047.000000 0.047092
3048.000000 0.044264
3049.000000 0.039567
3050.000000 0.044231
3051.000000 0.036736
3052.000000 0.033575
3053.000000 0.036572
3054.000000 0.055497
3055.000000 0.054276
3056.000000 0.047933
3057.000000 0.061704
3058.000000 0.067798
3059.000000 0.069985
3060.000000 0.062637
3061.000000 0.074152
3062.000000 0.085152
3063.000000 0.091198
3064.000000 0.087304
3065.000000 0.076378
3066.000000 0.073513
3067.000000 0.066459
3068.000000 0.066293
3069.000000 0.054865
3070.000000 0.060342
3071.000000 0.059703
3072.000000 0.049641
3073.000000 0.052099
3074.000000 0.055744
3075.000000 0.051809
3076.000000 0.050223
3077.000000 0.054428
3078.000000 0.062793
3079.000000 0.070221
3080.000000 0.074510
3081.000000 0.064619
3082.000000 0.065671
3083.000000 0.069906
3084.000000 0.079736
3085.000000 0.070809
3086.000000 0.066191
3087.000000 0.075628
3088.000000 0.073540
3089.000000 0.079316
3090.000000 0.071585
3091.000000 0.064231
3092.000000 0.055887
3093.000000 0.054781
3094.000000 0.067918
3095.000000 0.063300
3096.000000 0.058812
3097.000000 0.048560
3098.000000 0.049368
3099.000000 0.049011
3100.000000 0.050055
3101.000000 0.047590
3102.000000 0.041203
3103.000000 0.040180
3104.000000 0.044545
3105.000000 0.048591
3106.000000 0.047534
3107.000000 0.048456
3108.000000 0.057876
3109.000000 0.049846
3110.000000 0.061435
3111.000000 0.060729
3112.000000 0.066453
3113.000000 0.057053
3114.000000 0.059619
3115.000000 0.062495
3116.000000 0.066055
3117.000000 0.068671
3118.000000 0.072957
3119.000000 0.073378
3120.000000 0.067001
3121.000000 0.069767
3122.000000 0.066726
3123.000000 0.068884
3124.000000 0.063434
3125.000000 0.073889
3126.000000 0.061019
3127.000000 0.070295
3128.000000 0.069287
3129.000000 0.059886
3130.000000 0.055707
3131.000000 0.053872
3132.000000 0.046678
3133.000000 0.042984
3134.000000 0.042876
3135.000000 0.043076
3136.000000 0.038283
3137.000000 0.040706
3138.000000 0.048510
3139.000000 0.045207
3140.000000 0.042413
3141.000000 0.036054
3142.000000 0.043715
3143.000000 0.048256
3144.000000 0.040092
3145.000000 0.043467
3146.000000 0.050849
3147.000000 0.049121
3148.000000 0.061693
3149.000000 0.075594
3150.000000 0.094881
3151.000000 0.105603
3152.000000 0.100202
3153.000000 0.090778
3154.000000 0.091825
3155.000000 0.087973
3156.000000 0.074503
3157.000000 0.073459
3158.000000 0.072695
3159.000000 0.085599
3160.000000 0.074378
3161.000000 0.066269
3162.000000 0.074229
3163.000000 0.068031
3164.000000 0.056204
3165.000000 0.046748
3166.000000 0.049177
3167.000000 0.052776
3168.000000 0.069913
3169.000000 0.069003
3170.000000 0.062873
3171.000000 0.068759
3172.000000 0.074340
3173.000000 0.073840
3174.000000 0.061749
3175.000000 0.071556
3176.000000 0.078185
3177.000000 0.068919
3178.000000 0.065946
3179.000000 0.076269
3180.000000 0.073054
3181.000000 0.066951
3182.000000 0.061641
3183.000000 0.055459
3184.000000 0.052380
3185.000000 0.045667
3186.000000 0.061101
3187.000000 0.064316
3188.000000 0.057695
3189.000000 0.061890
3190.000000 0.056432
3191.000000 0.051343
3192.000000 0.058649
3193.000000 0.056515
3194.000000 0.063014
3195.000000 0.052108
3196.000000 0.051566
3197.000000 0.050066
3198.000000 0.071715
3199.000000 0.065870
3200.000000 0.061563
3201.000000 0.062094
3202.000000 0.055413
3203.000000 0.065091
3204.000000 0.058983
3205.000000 0.059831
3206.000000 0.057560
3207.000000 0.054266
3208.000000 0.067728
3209.000000 0.091646
3210.000000 0.090457
3211.000000 0.087329
3212.000000 0.082512
3213.000000 0.073928
3214.000000 0.066303
3215.000000 0.061368
3216.000000 0.057920
3217.000000 0.055219
3218.000000 0.046636
3219.000000 0.048770
3220.000000 0.050319
3221.000000 0.044236
3222.000000 0.036791
3223.000000 0.033231
3224.000000 0.033584
3225.000000 0.031907
3226.000000 0.031680
3227.000000 0.045003
3228.000000 0.057358
3229.000000 0.068473
3230.000000 0.075705
3231.000000 0.085801
3232.000000 0.071659
3233.000000 0.072102
3234.000000 0.071184
3235.000000 0.067929
3236.000000 0.063931
3237.000000 0.064581
3238.000000 0.061854
3239.000000 0.056574
3240.000000 0.053120
3241.000000 0.058354
3242.000000 0.052108
3243.000000 0.044903
3244.000000 0.039510
3245.000000 0.037727
3246.000000 0.050704
3247.000000 0.055204
3248.000000 0.052006
3249.000000 0.048581
3250.000000 0.057956
3251.000000 0.056411
3252.000000 0.055729
3253.000000 0.055218
3254.000000 0.057408
3255.000000 0.068516
3256.000000 0.065801
3257.000000 0.080925
3258.000000 0.082693
3259.000000 0.081666
3260.000000 0.083167
3261.000000 0.091023
3262.000000 0.083824
3263.000000 0.076731
3264.000000 0.076796
3265.000000 0.077575
3266.000000 0.068808
3267.000000 0.060890
3268.000000 0.068261
3269.000000 0.062340
3270.000000 0.063947
3271.000000 0.065458
3272.000000 0.062636
3273.000000 0.069670
3274.000000 0.058391
3275.000000 0.056410
3276.000000 0.057595
3277.000000 0.066490
3278.000000 0.076675
3279.000000 0.070065
3280.000000 0.067338
3281.000000 0.073272
3282.000000 0.076119
3283.000000 0.077625
3284.000000 0.071538
3285.000000 0.073918
3286.000000 0.063649
3287.000000 0.052555
3288.000000 0.043473
3289.000000 0.044215
3290.000000 0.041301
3291.000000 0.038795
3292.000000 0.054152
3293.000000 0.046626
3294.000000 0.053051
3295.000000 0.058542
3296.000000 0.049097
3297.000000 0.058125
3298.000000 0.049025
3299.000000 0.050262
3300.000000 0.050857
3301.000000 0.061366
3302.000000 0.059703
3303.000000 0.054666
3304.000000 0.053993
3305.000000 0.062999
3306.000000 0.053330
3307.000000 0.058367
3308.000000 0.056298
3309.000000 0.050975
3310.000000 0.047800
3311.000000 0.046155
3312.000000 0.041808
3313.000000 0.059254
3314.000000 0.072733
3315.000000 0.063165
3316.000000 0.056831
3317.000000 0.055491
3318.000000 0.050826
3319.000000 0.054634
3320.000000 0.055631
3321.000000 0.062323
3322.000000 0.060575
3323.000000 0.061861
3324.000000 0.062375
3325.000000 0.055232
3326.000000 0.056589
3327.000000 0.051879
3328.000000 0.050902
3329.000000 0.058325
3330.000000 0.058438
3331.000000 0.068204
3332.000000 0.070840
3333.000000 0.072452
3334.000000 0.062301
3335.000000 0.065606
3336.000000 0.064289
3337.000000 0.071704
3338.000000 0.070387
3339.000000 0.080539
3340.000000 0.078790
3341.000000 0.078058
3342.000000 0.066158
3343.000000 0.056418
3344.000000 0.056166
3345.000000 0.048611
3346.000000 0.047755
3347.000000 0.057662
3348.000000 0.068989
3349.000000 0.061099
3350.000000 0.057748
3351.000000 0.052163
3352.000000 0.044069
3353.000000 0.038596
3354.000000 0.046800
3355.000000 0.054699
3356.000000 0.051453
3357.000000 0.056039
3358.000000 0.055998
3359.000000 0.053695
3360.000000 0.067371
3361.000000 0.065658
3362.000000 0.075091
3363.000000 0.073787
3364.000000 0.074692
3365.000000 0.072263
3366.000000 0.064058
3367.000000 0.062179
3368.000000 0.059410
3369.000000 0.055199
3370.000000 0.054598
3371.000000 0.060155
3372.000000 0.058546
3373.000000 0.060583
3374.000000 0.050034
3375.000000 0.048131
3376.000000 0.044868
3377.000000 0.043225
3378.000000 0.050141
3379.000000 0.063748
3380.000000 0.057349
3381.000000 0.053484
3382.000000 0.054976
3383.000000 0.050445
3384.000000 0.055392
3385.000000 0.053415
3386.000000 0.048089
3387.000000 0.051297
3388.000000 0.058407
3389.000000 0.069803
3390.000000 0.078976
3391.000000 0.072794
3392.000000 0.074542
3393.000000 0.079533
3394.000000 0.077438
3395.000000 0.082380
3396.000000 0.081169
3397.000000 0.083236
3398.000000 0.083958
3399.000000 0.088867
3400.000000 0.076648
3401.000000 0.080125
3402.000000 0.068235
3403.000000 0.073455
3404.000000 0.060805
3405.000000 0.068504
3406.000000 0.063207
3407.000000 0.057320
3408.000000 0.063344
3409.000000 0.057840
3410.000000 0.069262
3411.000000 0.064116
3412.000000 0.065984
3413.000000 0.062073
3414.000000 0.060298
3415.000000 0.059372
3416.000000 0.067202
3417.000000 0.064414
3418.000000 0.076225
3419.000000 0.072342
3420.000000 0.076904
3421.000000 0.084819
3422.000000 0.086692
3423.000000 0.094509
3424.000000 0.092957
3425.000000 0.080190
3426.000000 0.072096
3427.000000 0.074275
3428.000000 0.069798
3429.000000 0.064733
3430.000000 0.054940
3431.000000 0.056516
3432.000000 0.046729
3433.000000 0.044201
3434.000000 0.047869
3435.000000 0.053197
3436.000000 0.050359
3437.000000 0.062532
3438.000000 0.054640
3439.000000 0.045234
3440.000000 0.060792
3441.000000 0.057424
3442.000000 0.054058
3443.000000 0.067392
3444.000000 0.070741
3445.000000 0.074136
3446.000000 0.076654
3447.000000 0.091106
3448.000000 0.082320
3449.000000 0.072033
3450.000000 0.062862
3451.000000 0.075324
3452.000000 0.070888
3453.000000 0.062052
3454.000000 0.060829
3455.000000 0.054259
3456.000000 0.058490
3457.000000 0.057960
3458.000000 0.053380
3459.000000 0.070395
3460.000000 0.071495
3461.000000 0.067331
3462.000000 0.062467
3463.000000 0.062925
3464.000000 0.062938
3465.000000 0.058399
3466.000000 0.057583
3467.000000 0.049655
3468.000000 0.064221
3469.000000 0.068127
3470.000000 0.075010
3471.000000 0.070117
3472.000000 0.065051
3473.000000 0.059888
3474.000000 0.060477
3475.000000 0.063293
3476.000000 0.055626
3477.000000 0.058514
3478.000000 0.054318
3479.000000 0.062912
3480.000000 0.054855
3481.000000 0.045387
3482.000000 0.042243
3483.000000 0.039298
3484.000000 0.041085
3485.000000 0.050195
3486.000000 0.051946
3487.000000 0.053912
3488.000000 0.058536
3489.000000 0.061320
3490.000000 0.067624
3491.000000 0.066779
3492.000000 0.080395
3493.000000 0.078371
3494.000000 0.072694
3495.000000 0.062315
3496.000000 0.061816
3497.000000 0.074098
3498.000000 0.081890
3499.000000 0.075040
3500.000000 0.064303
3501.000000 0.061413
3502.000000 0.058192
3503.000000 0.056485
3504.000000 0.052557
3505.000000 0.050098
3506.000000 0.044697
3507.000000 0.045995
3508.000000 0.044262
3509.000000 0.048783
3510.000000 0.049439
3511.000000 0.060863
3512.000000 0.074626
3513.000000 0.073259
3514.000000 0.063661
3515.000000 0.061346
3516.000000 0.053424
3517.000000 0.052756
3518.000000 0.060271
3519.000000 0.053706
3520.000000 0.079099
3521.000000 0.081736
3522.000000 0.078173
3523.000000 0.075351
3524.000000 0.079957
3525.000000 0.070923
3526.000000 0.070812
3527.000000 0.068631
3528.000000 0.068224
3529.000000 0.058036
3530.000000 0.055807
3531.000000 0.063730
3532.000000 0.056439
3533.000000 0.067395
3534.000000 0.068073
3535.000000 0.061172
3536.000000 0.058193
3537.000000 0.057775
3538.000000 0.066237
3539.000000 0.065814
3540.000000 0.067055
3541.000000 0.077163
3542.000000 0.063802
3543.000000 0.071825
3544.000000 0.067425
3545.000000 0.071359
3546.000000 0.081735
3547.000000 0.071824
3548.000000 0.077490
3549.000000 0.077574
3550.000000 0.072016
3551.000000 0.069192
3552.000000 0.064752
3553.000000 0.053516
3554.000000 0.049966
3555.000000 0.041455
3556.000000 0.042890
3557.000000 0.053674
3558.000000 0.060581
3559.000000 0.065645
3560.000000 0.073365
3561.000000 0.074658
3562.000000 0.085746
3563.000000 0.085049
3564.000000 0.094751
3565.000000 0.086391
3566.000000 0.084239
3567.000000 0.076834
3568.000000 0.077940
3569.000000 0.082225
3570.000000 0.069109
3571.000000 0.065519
3572.000000 0.059096
3573.000000 0.056877
3574.000000 0.048205
3575.000000 0.042424
3576.000000 0.041621
3577.000000 0.040565
3578.000000 0.035652
3579.000000 0.033007
3580.000000 0.034862
3581.000000 0.029109
3582.000000 0.054777
3583.000000 0.058840
3584.000000 0.055524
3585.000000 0.052207
3586.000000 0.057367
3587.000000 0.055804
3588.000000 0.050744
3589.000000 0.062018
3590.000000 0.083845
3591.000000 0.083850
3592.000000 0.080138
3593.000000 0.074754
3594.000000 0.065761
3595.000000 0.058692
3596.000000 0.057301
3597.000000 0.055437
3598.000000 0.045884
3599.000000 0.056450
3600.000000 0.050246
3601.000000 0.048299
3602.000000 0.056674
3603.000000 0.072797
3604.000000 0.069879
3605.000000 0.079964
3606.000000 0.067491
3607.000000 0.062397
3608.000000 0.073288
3609.000000 0.076751
3610.000000 0.070842
3611.000000 0.059541
3612.000000 0.057048
3613.000000 0.056480
3614.000000 0.062921
3615.000000 0.074153
3616.000000 0.071143
3617.000000 0.066963
3618.000000 0.065238
3619.000000 0.062075
3620.000000 0.069140
3621.000000 0.061722
3622.000000 0.062104
3623.000000 0.054278
3624.000000 0.047700
3625.000000 0.066614
3626.000000 0.056367
3627.000000 0.051696
3628.000000 0.050498
3629.000000 0.045935
3630.000000 0.038399
3631.000000 0.035899
3632.000000 0.042719
3633.000000 0.047303
3634.000000 0.048093
3635.000000 0.049250
3636.000000 0.042600
3637.000000 0.044031
3638.000000 0.062654
3639.000000 0.061855
3640.000000 0.069218
3641.000000 0.071789
3642.000000 0.060408
3643.000000 0.064455
3644.000000 0.057058
3645.000000 0.066240
3646.000000 0.069225
3647.000000 0.066658
3648.000000 0.071293
3649.000000 0.070653
3650.000000 0.074965
3651.000000 0.066640
3652.000000 0.065537
3653.000000 0.069108
3654.000000 0.066730
3655.000000 0.063795
3656.000000 0.063594
3657.000000 0.066120
3658.000000 0.063857
3659.000000 0.055390
3660.000000 0.057463
3661.000000 0.060782
3662.000000 0.064182
3663.000000 0.075705
3664.000000 0.068933
3665.000000 0.084200
3666.000000 0.078109
3667.000000 0.073395
3668.000000 0.061772
3669.000000 0.060605
3670.000000 0.057149
3671.000000 0.061741
3672.000000 0.072555
3673.000000 0.072275
3674.000000 0.059673
3675.000000 0.052760
3676.000000 0.049300
3677.000000 0.050529
3678.000000 0.046337
3679.000000 0.044504
3680.000000 0.045048
3681.000000 0.050249
3682.000000 0.054545
3683.000000 0.049653
3684.000000 0.047938
3685.000000 0.043902
3686.000000 0.043877
3687.000000 0.056330
3688.000000 0.061076
3689.000000 0.055670
3690.000000 0.059573
3691.000000 0.058269
3692.000000 0.048259
3693.000000 0.052374
3694.000000 0.047403
3695.000000 0.053329
3696.000000 0.066303
3697.000000 0.059393
3698.000000 0.055634
3699.000000 0.058771
3700.000000 0.060554
3701.000000 0.056822
3702.000000 0.067161
3703.000000 0.067750
3704.000000 0.067880
3705.000000 0.064559
3706.000000 0.064612
3707.000000 0.065665
3708.000000 0.058563
3709.000000 0.055011
3710.000000 0.045560
3711.000000 0.042674
3712.000000 0.053743
3713.000000 0.045628
3714.000000 0.060211
3715.000000 0.075046
3716.000000 0.076759
3717.000000 0.070390
3718.000000 0.073662
3719.000000 0.060851
3720.000000 0.061662
3721.000000 0.068706
3722.000000 0.070560
3723.000000 0.068697
3724.000000 0.072941
3725.000000 0.074313
3726.000000 0.062765
3727.000000 0.055781
3728.000000 0.059296
3729.000000 0.055200
3730.000000 0.057041
3731.000000 0.060020
3732.000000 0.051980
3733.000000 0.050229
3734.000000 0.044290
3735.000000 0.043866
3736.000000 0.047780
3737.000000 0.058929
3738.000000 0.058732
3739.000000 0.063063
3740.000000 0.059648
3741.000000 0.054521
3742.000000 0.064167
3743.000000 0.064197
3744.000000 0.061194
3745.000000 0.057952
3746.000000 0.051975
3747.000000 0.051150
3748.000000 0.066638
3749.000000 0.054996
3750.000000 0.051519
3751.000000 0.046429
3752.000000 0.040390
3753.000000 0.049683
3754.000000 0.054227
3755.000000 0.047255
3756.000000 0.048655
3757.000000 0.046784
3758.000000 0.047560
3759.000000 0.045629
3760.000000 0.047733
3761.000000 0.050460
3762.000000 0.049138
3763.000000 0.057812
3764.000000 0.053786
3765.000000 0.051869
3766.000000 0.046849
3767.000000 0.047071
3768.000000 0.045458
3769.000000 0.051794
3770.000000 0.053372
3771.000000 0.062375
3772.000000 0.054905
3773.000000 0.055780
3774.000000 0.046307
3775.000000 0.047276
3776.000000 0.042688
3777.000000 0.042116
3778.000000 0.043777
3779.000000 0.041973
3780.000000 0.037575
3781.000000 0.037678
3782.000000 0.042765
3783.000000 0.052226
3784.000000 0.047324
3785.000000 0.042179
3786.000000 0.047032
3787.000000 0.053983
3788.000000 0.057890
3789.000000 0.056927
3790.000000 0.068458
3791.000000 0.073088
3792.000000 0.076603
3793.000000 0.068976
3794.000000 0.078157
3795.000000 0.066647
3796.000000 0.064929
3797.000000 0.065866
3798.000000 0.058500
3799.000000 0.050910
3800.000000 0.052038
3801.000000 0.044532
3802.000000 0.056998
3803.000000 0.051264
3804.000000 0.045743
3805.000000 0.046488
3806.000000 0.045330
3807.000000 0.047656
3808.000000 0.054566
3809.000000 0.056498
3810.000000 0.053755
3811.000000 0.057550
3812.000000 0.065104
3813.000000 0.062461
3814.000000 0.072669
3815.000000 0.064832
3816.000000 0.070697
3817.000000 0.080552
3818.000000 0.075346
3819.000000 0.065335
3820.000000 0.061389
3821.000000 0.064308
3822.000000 0.055940
3823.000000 0.053118
3824.000000 0.054394
3825.000000 0.050472
3826.000000 0.063259
3827.000000 0.063404
3828.000000 0.052445
3829.000000 0.052530
3830.000000 0.050390
3831.000000 0.052101
3832.000000 0.049771
3833.000000 0.047662
3834.000000 0.050691
3835.000000 0.069463
3836.000000 0.061970
3837.000000 0.054324
3838.000000 0.062544
3839.000000 0.062011
3840.000000 0.066306
3841.000000 0.073925
3842.000000 0.072905
3843.000000 0.066744
3844.000000 0.061250
3845.000000 0.068602
3846.000000 0.066200
3847.000000 0.076736
3848.000000 0.084580
3849.000000 0.079046
3850.000000 0.083937
3851.000000 0.080414
3852.000000 0.072700
3853.000000 0.067907
3854.000000 0.058437
3855.000000 0.073463
3856.000000 0.066052
3857.000000 0.060274
3858.000000 0.054925
3859.000000 0.066893
3860.000000 0.066969
3861.000000 0.059709
3862.000000 0.058031
3863.000000 0.053359
3864.000000 0.059783
3865.000000 0.053759
3866.000000 0.047438
3867.000000 0.050033
3868.000000 0.060114
3869.000000 0.057777
3870.000000 0.064685
3871.000000 0.064661
3872.000000 0.069582
3873.000000 0.065185
3874.000000 0.075420
3875.000000 0.070104
3876.000000 0.067263
3877.000000 0.063565
3878.000000 0.068800
3879.000000 0.073503
3880.000000 0.068401
3881.000000 0.060689
3882.000000 0.053750
3883.000000 0.052738
3884.000000 0.052139
3885.000000 0.054020
3886.000000 0.052326
3887.000000 0.050657
3888.000000 0.062999
3889.000000 0.061052
3890.000000 0.064157
3891.000000 0.058019
3892.000000 0.066322
3893.000000 0.054794
3894.000000 0.049769
3895.000000 0.049683
3896.000000 0.048849
3897.000000 0.044103
3898.000000 0.048299
3899.000000 0.042105
3900.000000 0.046244
3901.000000 0.046989
3902.000000 0.044711
3903.000000 0.044738
3904.000000 0.039103
3905.000000 0.055990
3906.000000 0.055408
3907.000000 0.060716
3908.000000 0.078756
3909.000000 0.076781
3910.000000 0.070968
3911.000000 0.061218
3912.000000 0.058719
3913.000000 0.055960
3914.000000 0.052466
3915.000000 0.055233
3916.000000 0.072711
3917.000000 0.065842
3918.000000 0.059623
3919.000000 0.066030
3920.000000 0.059668
3921.000000 0.057569
3922.000000 0.063873
3923.000000 0.052739
3924.000000 0.050393
3925.000000 0.053209
3926.000000 0.053892
3927.000000 0.055353
3928.000000 0.048685
3929.000000 0.045731
3930.000000 0.048486
3931.000000 0.054530
3932.000000 0.053246
3933.000000 0.053682
3934.000000 0.057877
3935.000000 0.092168
3936.000000 0.082567
3937.000000 0.075800
3938.000000 0.074759
3939.000000 0.071895
3940.000000 0.074843
3941.000000 0.073643
3942.000000 0.072045
3943.000000 0.070189
3944.000000 0.067693
3945.000000 0.055868
3946.000000 0.047437
3947.000000 0.051110
3948.000000 0.047661
3949.000000 0.048981
3950.000000 0.044525
3951.000000 0.052953
3952.000000 0.046434
3953.000000 0.044359
3954.000000 0.051840
3955.000000 0.057659
3956.000000 0.055315
3957.000000 0.059330
3958.000000 0.057172
3959.000000 0.056181
3960.000000 0.057553
3961.000000 0.055480
3962.000000 0.049099
3963.000000 0.049240
3964.000000 0.068407
3965.000000 0.064646
3966.000000 0.062772
3967.000000 0.058122
3968.000000 0.057664
3969.000000 0.052072
3970.000000 0.050832
3971.000000 0.042064
3972.000000 0.040766
3973.000000 0.040551
3974.000000 0.045455
3975.000000 0.037667
3976.000000 0.031564
3977.000000 0.030713
3978.000000 0.044294
3979.000000 0.058965
3980.000000 0.057734
3981.000000 0.054037
3982.000000 0.066605
3983.000000 0.070570
3984.000000 0.076071
3985.000000 0.074316
3986.000000 0.065093
3987.000000 0.061733
3988.000000 0.088702
3989.000000 0.080812
3990.000000 0.077812
3991.000000 0.078545
3992.000000 0.068943
3993.000000 0.066296
3994.000000 0.056230
3995.000000 0.065158
3996.000000 0.075971
3997.000000 0.070867
3998.000000 0.062245
3999.000000 0.060555
4000.000000 0.051297
4001.000000 0.050989
4002.000000 0.054841
4003.000000 0.057900
4004.000000 0.058769
4005.000000 0.061248
4006.000000 0.057656
4007.000000 0.058395
4008.000000 0.069136
4009.000000 0.079056
4010.000000 0.069997
4011.000000 0.071980
4012.000000 0.077952
4013.000000 0.082459
4014.000000 0.075481
4015.000000 0.079562
4016.000000 0.071690
4017.000000 0.076204
4018.000000 0.085121
4019.000000 0.072091
4020.000000 0.070819
4021.000000 0.069293
4022.000000 0.074732
4023.000000 0.074567
4024.000000 0.062671
4025.000000 0.064636
4026.000000 0.066770
4027.000000 0.058669
4028.000000 0.053559
4029.000000 0.059512
4030.000000 0.055554
4031.000000 0.059024
4032.000000 0.068886
4033.000000 0.091941
4034.000000 0.081037
4035.000000 0.075368
4036.000000 0.068129
4037.000000 0.061935
4038.000000 0.067408
4039.000000 0.060458
4040.000000 0.054133
4041.000000 0.048471
4042.000000 0.048781
4043.000000 0.052633
4044.000000 0.053533
4045.000000 0.053495
4046.000000 0.047025
4047.000000 0.046183
4048.000000 0.041711
4049.000000 0.039462
4050.000000 0.037297
4051.000000 0.033326
4052.000000 0.038744
4053.000000 0.044237
4054.000000 0.047769
4055.000000 0.059658
4056.000000 0.069378
4057.000000 0.065696
4058.000000 0.060700
4059.000000 0.064714
4060.000000 0.059887
4061.000000 0.067297
4062.000000 0.077790
4063.000000 0.070798
4064.000000 0.070070
4065.000000 0.070759
4066.000000 0.062725
4067.000000 0.059321
4068.000000 0.055944
4069.000000 0.059842
4070.000000 0.053532
4071.000000 0.061693
4072.000000 0.069636
4073.000000 0.071609
4074.000000 0.082724
4075.000000 0.075051
4076.000000 0.069244
4077.000000 0.066103
4078.000000 0.058683
4079.000000 0.073566
4080.000000 0.071498
4081.000000 0.063920
4082.000000 0.064273
4083.000000 0.060184
4084.000000 0.058818
4085.000000 0.050209
4086.000000 0.041604
4087.000000 0.051085
4088.000000 0.044547
4089.000000 0.043437
4090.000000 0.045924
4091.000000 0.045983
4092.000000 0.057749
4093.000000 0.062117
4094.000000 0.079879
4095.000000 0.076691
4096.000000 0.074493
4097.000000 0.068542
4098.000000 0.062197
4099.000000 0.060490
4100.000000 0.055680
4101.000000 0.060785
4102.000000 0.060725
4103.000000 0.062121
4104.000000 0.055467
4105.000000 0.046026
4106.000000 0.044688
4107.000000 0.046319
4108.000000 0.049763
4109.000000 0.059754
4110.000000 0.054324
4111.000000 0.046898
4112.000000 0.043276
4113.000000 0.049628
4114.000000 0.045131
4115.000000 0.053784
4116.000000 0.065051
4117.000000 0.069910
4118.000000 0.073869
4119.000000 0.086714
4120.000000 0.086503
4121.000000 0.071369
4122.000000 0.058928
4123.000000 0.058708
4124.000000 0.051148
4125.000000 0.059372
4126.000000 0.054669
4127.000000 0.066315
4128.000000 0.064123
4129.000000 0.063192
4130.000000 0.063062
4131.000000 0.055632
4132.000000 0.047497
4133.000000 0.045040
4134.000000 0.039284
4135.000000 0.041719
4136.000000 0.038490
4137.000000 0.049044
4138.000000 0.045306
4139.000000 0.041523
4140.000000 0.049580
4141.000000 0.052526
4142.000000 0.056719
4143.000000 0.050966
4144.000000 0.048538
4145.000000 0.047464
4146.000000 0.050418
4147.000000 0.047856
4148.000000 0.046896
4149.000000 0.043279
4150.000000 0.036226
4151.000000 0.048530
4152.000000 0.049725
4153.000000 0.046529
4154.000000 0.041204
4155.000000 0.055275
4156.000000 0.059853
4157.000000 0.063973
4158.000000 0.064080
4159.000000 0.062971
4160.000000 0.060688
4161.000000 0.058031
4162.000000 0.055345
4163.000000 0.063308
4164.000000 0.054920
4165.000000 0.049530
4166.000000 0.049506
4167.000000 0.046923
4168.000000 0.059774
4169.000000 0.058462
4170.000000 0.054559
4171.000000 0.054900
4172.000000 0.048800
4173.000000 0.043536
4174.000000 0.036084
4175.000000 0.040255
4176.000000 0.036527
4177.000000 0.034969
4178.000000 0.038796
4179.000000 0.039230
4180.000000 0.045291
4181.000000 0.061219
4182.000000 0.060475
4183.000000 0.065456
4184.000000 0.063934
4185.000000 0.067742
4186.000000 0.062204
4187.000000 0.056336
4188.000000 0.057505
4189.000000 0.054234
4190.000000 0.045813
4191.000000 0.041517
4192.000000 0.039708
4193.000000 0.039598
4194.000000 0.038602
4195.000000 0.035957
4196.000000 0.050638
4197.000000 0.044708
4198.000000 0.048819
4199.000000 0.058862
4200.000000 0.053852
4201.000000 0.046930
4202.000000 0.048601
4203.000000 0.062705
4204.000000 0.067141
4205.000000 0.059517
4206.000000 0.074654
4207.000000 0.067739
4208.000000 0.075124
4209.000000 0.085486
4210.000000 0.075853
4211.000000 0.074860
4212.000000 0.081382
4213.000000 0.078029
4214.000000 0.079590
4215.000000 0.081322
4216.000000 0.079356
4217.000000 0.073919
4218.000000 0.067305
4219.000000 0.058943
4220.000000 0.067292
4221.000000 0.072317
4222.000000 0.068220
4223.000000 0.069279
4224.000000 0.077045
4225.000000 0.067368
4226.000000 0.066620
4227.000000 0.060485
4228.000000 0.051405
4229.000000 0.060504
4230.000000 0.058470
4231.000000 0.049189
4232.000000 0.051498
4233.000000 0.053040
4234.000000 0.055271
4235.000000 0.058874
4236.000000 0.065557
4237.000000 0.065973
4238.000000 0.062964
4239.000000 0.062198
4240.000000 0.070776
4241.000000 0.066739
4242.000000 0.068376
4243.000000 0.071725
4244.000000 0.067555
4245.000000 0.074518
4246.000000 0.069772
4247.000000 0.068941
4248.000000 0.060103
4249.000000 0.059616
4250.000000 0.050556
4251.000000 0.063459
4252.000000 0.052473
4253.000000 0.048592
4254.000000 0.047925
4255.000000 0.058889
4256.000000 0.057210
4257.000000 0.060009
4258.000000 0.057859
4259.000000 0.058691
4260.000000 0.054401
4261.000000 0.057917
4262.000000 0.050163
4263.000000 0.062140
4264.000000 0.055771
4265.000000 0.048373
4266.000000 0.065984
4267.000000 0.061573
4268.000000 0.058544
4269.000000 0.053233
4270.000000 0.048221
4271.000000 0.048134
4272.000000 0.057595
4273.000000 0.082841
4274.000000 0.075615
4275.000000 0.064479
4276.000000 0.057593
4277.000000 0.064166
4278.000000 0.066352
4279.000000 0.064548
4280.000000 0.053596
4281.000000 0.052167
4282.000000 0.055388
4283.000000 0.051422
4284.000000 0.057338
4285.000000 0.051590
4286.000000 0.049602
4287.000000 0.046208
4288.000000 0.043403
4289.000000 0.036034
4290.000000 0.038531
4291.000000 0.037162
4292.000000 0.051989
4293.000000 0.063891
4294.000000 0.076022
4295.000000 0.070443
4296.000000 0.066513
4297.000000 0.073928
4298.000000 0.081001
4299.000000 0.080491
4300.000000 0.071151
4301.000000 0.060786
4302.000000 0.065092
4303.000000 0.074145
4304.000000 0.066363
4305.000000 0.054896
4306.000000 0.059006
4307.000000 0.055973
4308.000000 0.056630
4309.000000 0.055681
4310.000000 0.071398
4311.000000 0.067052
4312.000000 0.067475
4313.000000 0.066418
4314.000000 0.067130
4315.000000 0.078166
4316.000000 0.074327
4317.000000 0.074460
4318.000000 0.083448
4319.000000 0.072745
4320.000000 0.073503
4321.000000 0.068275
4322.000000 0.073119
4323.000000 0.063799
4324.000000 0.056932
4325.000000 0.059492
4326.000000 0.057543
4327.000000 0.072158
4328.000000 0.075178
4329.000000 0.071140
4330.000000 0.066910
4331.000000 0.070386
4332.000000 0.077152
4333.000000 0.073132
4334.000000 0.063885
4335.000000 0.057295
4336.000000 0.051614
4337.000000 0.043088
4338.000000 0.036001
4339.000000 0.036090
4340.000000 0.037406
4341.000000 0.050379
4342.000000 0.050352
4343.000000 0.053811
4344.000000 0.063665
4345.000000 0.052684
4346.000000 0.054308
4347.000000 0.049804
4348.000000 0.055228
4349.000000 0.073275
4350.000000 0.066377
4351.000000 0.071860
4352.000000 0.066422
4353.000000 0.057712
4354.000000 0.063598
4355.000000 0.063280
4356.000000 0.053300
4357.000000 0.053323
4358.000000 0.054622
4359.000000 0.050134
4360.000000 0.049128
4361.000000 0.052604
4362.000000 0.057384
4363.000000 0.047427
4364.000000 0.041062
4365.000000 0.036917
4366.000000 0.034308
4367.000000 0.047687
4368.000000 0.056497
4369.000000 0.051073
4370.000000 0.044085
4371.000000 0.059068
4372.000000 0.074065
4373.000000 0.079592
4374.000000 0.070152
4375.000000 0.067946
4376.000000 0.060109
4377.000000 0.062205
4378.000000 0.067848
4379.000000 0.058215
4380.000000 0.050808
4381.000000 0.043559
4382.000000 0.046235
4383.000000 0.043888
4384.000000 0.046304
4385.000000 0.051673
4386.000000 0.061105
4387.000000 0.056190
4388.000000 0.053664
4389.000000 0.054692
4390.000000 0.060818
4391.000000 0.056154
4392.000000 0.061513
4393.000000 0.071800
4394.000000 0.066712
4395.000000 0.078677
4396.000000 0.076284
4397.000000 0.074362
4398.000000 0.070318
4399.000000 0.067050
4400.000000 0.076342
4401.000000 0.072593
4402.000000 0.073543
4403.000000 0.075310
4404.000000 0.078339
4405.000000 0.070864
4406.000000 0.071368
4407.000000 0.062284
4408.000000 0.069757
4409.000000 0.078192
4410.000000 0.067763
4411.000000 0.060586
4412.000000 0.065853
4413.000000 0.075226
4414.000000 0.081499
4415.000000 0.080074
4416.000000 0.076541
4417.000000 0.078816
4418.000000 0.072827
4419.000000 0.064924
4420.000000 0.059313
4421.000000 0.056033
4422.000000 0.049852
4423.000000 0.044425
4424.000000 0.044921
4425.000000 0.049336
4426.000000 0.050093
4427.000000 0.052378
4428.000000 0.058319
4429.000000 0.053518
4430.000000 0.063263
4431.000000 0.070277
4432.000000 0.078771
4433.000000 0.079798
4434.000000 0.073541
4435.000000 0.077235
4436.000000 0.076633
4437.000000 0.077891
4438.000000 0.091205
4439.000000 0.093974
4440.000000 0.084530
4441.000000 0.072266
4442.000000 0.063159
4443.000000 0.061690
4444.000000 0.067789
4445.000000 0.068154
4446.000000 0.065659
4447.000000 0.066876
4448.000000 0.057663
4449.000000 0.067949
4450.000000 0.064228
4451.000000 0.069083
4452.000000 0.063515
4453.000000 0.060188
4454.000000 0.055978
4455.000000 0.053246
4456.000000 0.060112
4457.000000 0.057637
4458.000000 0.053002
4459.000000 0.047654
4460.000000 0.048715
4461.000000 0.062662
4462.000000 0.061601
4463.000000 0.055960
4464.000000 0.048787
4465.000000 0.045155
4466.000000 0.044063
4467.000000 0.051024
4468.000000 0.046377
4469.000000 0.051195
4470.000000 0.062826
4471.000000 0.069115
4472.000000 0.069643
4473.000000 0.070668
4474.000000 0.085745
4475.000000 0.089722
4476.000000 0.087980
4477.000000 0.075006
4478.000000 0.072798
4479.000000 0.074065
4480.000000 0.063975
4481.000000 0.064634
4482.000000 0.073840
4483.000000 0.075828
4484.000000 0.081042
4485.000000 0.091303
4486.000000 0.086768
4487.000000 0.079124
4488.000000 0.075086
4489.000000 0.075699
4490.000000 0.077488
4491.000000 0.083166
4492.000000 0.072898
4493.000000 0.069558
4494.000000 0.073980
4495.000000 0.079374
4496.000000 0.079026
4497.000000 0.076318
4498.000000 0.066857
4499.000000 0.059773
4500.000000 0.054157
4501.000000 0.054718
4502.000000 0.056000
4503.000000 0.046345
4504.000000 0.051227
4505.000000 0.049442
4506.000000 0.046894
4507.000000 0.051547
4508.000000 0.080022
4509.000000 0.091248
4510.000000 0.085028
4511.000000 0.078104
4512.000000 0.068789
4513.000000 0.067614
4514.000000 0.061657
4515.000000 0.056180
4516.000000 0.064714
4517.000000 0.061107
4518.000000 0.065511
4519.000000 0.058042
4520.000000 0.057257
4521.000000 0.064824
4522.000000 0.057626
4523.000000 0.054466
4524.000000 0.052823
4525.000000 0.052982
4526.000000 0.061090
4527.000000 0.052781
4528.000000 0.043722
4529.000000 0.044124
4530.000000 0.038202
4531.000000 0.047874
4532.000000 0.047971
4533.000000 0.062205
4534.000000 0.063350
4535.000000 0.075097
4536.000000 0.078079
4537.000000 0.085810
4538.000000 0.082255
4539.000000 0.088010
4540.000000 0.078345
4541.000000 0.076428
4542.000000 0.073145
4543.000000 0.069663
4544.000000 0.076118
4545.000000 0.082192
4546.000000 0.079246
4547.000000 0.078775
4548.000000 0.079790
4549.000000 0.071026
4550.000000 0.072593
4551.000000 0.059865
4552.000000 0.054919
4553.000000 0.056182
4554.000000 0.050477
4555.000000 0.045143
4556.000000 0.043671
4557.000000 0.047581
4558.000000 0.055081
4559.000000 0.089783
4560.000000 0.078607
4561.000000 0.070992
4562.000000 0.068805
4563.000000 0.070813
4564.000000 0.059081
4565.000000 0.065931
4566.000000 0.067944
4567.000000 0.058434
4568.000000 0.049707
4569.000000 0.044254
4570.000000 0.040375
4571.000000 0.050444
4572.000000 0.053640
4573.000000 0.053603
4574.000000 0.046293
4575.000000 0.046593
4576.000000 0.043730
4577.000000 0.051172
4578.000000 0.051523
4579.000000 0.053050
4580.000000 0.052739
4581.000000 0.072288
4582.000000 0.096919
4583.000000 0.099438
4584.000000 0.096526
4585.000000 0.102109
4586.000000 0.104325
4587.000000 0.088996
4588.000000 0.081443
4589.000000 0.096759
4590.000000 0.089626
4591.000000 0.090698
4592.000000 0.079854
4593.000000 0.069676
4594.000000 0.065134
4595.000000 0.061265
4596.000000 0.061882
4597.000000 0.051107
4598.000000 0.042311
4599.000000 0.038085
4600.000000 0.037384
4601.000000 0.040250
4602.000000 0.053535
4603.000000 0.044403
4604.000000 0.046636
4605.000000 0.039009
4606.000000 0.090400
4607.000000 0.095277
4608.000000 0.078613
4609.000000 0.070881
4610.000000 0.074157
4611.000000 0.066130
4612.000000 0.078321
4613.000000 0.088959
4614.000000 0.075778
4615.000000 0.080989
4616.000000 0.074356
4617.000000 0.061633
4618.000000 0.057694
4619.000000 0.047718
4620.000000 0.051325
4621.000000 0.046675
4622.000000 0.042048
4623.000000 0.037405
4624.000000 0.034679
4625.000000 0.031549
4626.000000 0.038460
4627.000000 0.048348
4628.000000 0.052029
4629.000000 0.062481
4630.000000 0.058526
4631.000000 0.053646
4632.000000 0.063027
4633.000000 0.076906
4634.000000 0.078336
4635.000000 0.075025
4636.000000 0.081068
4637.000000 0.068958
4638.000000 0.066544
4639.000000 0.058675
4640.000000 0.054274
4641.000000 0.052516
4642.000000 0.046913
4643.000000 0.049009
4644.000000 0.044616
4645.000000 0.039216
4646.000000 0.040068
4647.000000 0.034379
4648.000000 0.039859
4649.000000 0.063999
4650.000000 0.064882
4651.000000 0.067346
4652.000000 0.087445
4653.000000 0.097089
4654.000000 0.096930
4655.000000 0.099439
4656.000000 0.095913
4657.000000 0.079813
4658.000000 0.068417
4659.000000 0.067218
4660.000000 0.064994
4661.000000 0.062216
4662.000000 0.051427
4663.000000 0.060434
4664.000000 0.054062
4665.000000 0.049233
4666.000000 0.054587
4667.000000 0.049053
4668.000000 0.043059
4669.000000 0.039771
4670.000000 0.051909
4671.000000 0.050670
4672.000000 0.053864
4673.000000 0.057659
4674.000000 0.062263
4675.000000 0.070107
4676.000000 0.073910
4677.000000 0.084152
4678.000000 0.078953
4679.000000 0.081898
4680.000000 0.083436
4681.000000 0.083588
4682.000000 0.078328
4683.000000 0.074984
4684.000000 0.065787
4685.000000 0.064427
4686.000000 0.056690
4687.000000 0.060897
4688.000000 0.065193
4689.000000 0.063957
4690.000000 0.055634
4691.000000 0.053122
4692.000000 0.050294
4693.000000 0.046343
4694.000000 0.046263
4695.000000 0.048596
4696.000000 0.053508
4697.000000 0.055169
4698.000000 0.052579
4699.000000 0.058306
4700.000000 0.054618
4701.000000 0.053371
4702.000000 0.045380
4703.000000 0.048599
4704.000000 0.053108
4705.000000 0.043938
4706.000000 0.045215
4707.000000 0.056480
4708.000000 0.052191
4709.000000 0.064282
4710.000000 0.064654
4711.000000 0.065793
4712.000000 0.063306
4713.000000 0.074171
4714.000000 0.064185
4715.000000 0.072399
4716.000000 0.070199
4717.000000 0.068781
4718.000000 0.069340
4719.000000 0.064818
4720.000000 0.063958
4721.000000 0.062887
4722.000000 0.062576
4723.000000 0.054849
4724.000000 0.051973
4725.000000 0.043019
4726.000000 0.047318
4727.000000 0.061209
4728.000000 0.054184
4729.000000 0.051017
4730.000000 0.059084
4731.000000 0.064000
4732.000000 0.069568
4733.000000 0.062210
4734.000000 0.051395
4735.000000 0.051854
4736.000000 0.050208
4737.000000 0.045834
4738.000000 0.057035
4739.000000 0.048197
4740.000000 0.046828
4741.000000 0.051702
4742.000000 0.055794
4743.000000 0.055375
4744.000000 0.052234
4745.000000 0.049768
4746.000000 0.049005
4747.000000 0.044171
4748.000000 0.041956
4749.000000 0.053148
4750.000000 0.057694
4751.000000 0.057004
4752.000000 0.050327
4753.000000 0.041696
4754.000000 0.039927
4755.000000 0.037571
4756.000000 0.062787
4757.000000 0.064146
4758.000000 0.057508
4759.000000 0.057925
4760.000000 0.056691
4761.000000 0.054478
4762.000000 0.067683
4763.000000 0.069849
4764.000000 0.069803
4765.000000 0.070499
4766.000000 0.061567
4767.000000 0.053770
4768.000000 0.048709
4769.000000 0.051536
4770.000000 0.050375
4771.000000 0.050701
4772.000000 0.061057
4773.000000 0.053298
4774.000000 0.045349
4775.000000 0.055997
4776.000000 0.047593
4777.000000 0.050945
4778.000000 0.047536
4779.000000 0.042569
4780.000000 0.048785
4781.000000 0.044611
4782.000000 0.045987
4783.000000 0.044943
4784.000000 0.045062
4785.000000 0.041517
4786.000000 0.041590
4787.000000 0.050140
4788.000000 0.054752
4789.000000 0.054808
4790.000000 0.058149
4791.000000 0.055445
4792.000000 0.058376
4793.000000 0.060420
4794.000000 0.064906
4795.000000 0.060005
4796.000000 0.050989
4797.000000 0.050270
4798.000000 0.048990
4799.000000 0.048818
4800.000000 0.048931
4801.000000 0.043688
4802.000000 0.042075
4803.000000 0.052432
4804.000000 0.051497
4805.000000 0.057339
4806.000000 0.053282
4807.000000 0.048391
4808.000000 0.049051
4809.000000 0.044892
4810.000000 0.046125
4811.000000 0.063904
4812.000000 0.058509
4813.000000 0.056963
4814.000000 0.057591
4815.000000 0.058239
4816.000000 0.052522
4817.000000 0.053591
4818.000000 0.059620
4819.000000 0.061631
4820.000000 0.056530
4821.000000 0.049529
4822.000000 0.049367
4823.000000 0.040901
4824.000000 0.044610
4825.000000 0.042723
4826.000000 0.049498
4827.000000 0.044448
4828.000000 0.068291
4829.000000 0.066294
4830.000000 0.065840
4831.000000 0.069197
4832.000000 0.080498
4833.000000 0.066404
4834.000000 0.067426
4835.000000 0.069759
4836.000000 0.071747
4837.000000 0.066361
4838.000000 0.054841
4839.000000 0.047278
4840.000000 0.048150
4841.000000 0.049817
4842.000000 0.048095
4843.000000 0.042749
4844.000000 0.042141
4845.000000 0.046871
4846.000000 0.054114
4847.000000 0.052233
4848.000000 0.061381
4849.000000 0.072082
4850.000000 0.062582
4851.000000 0.068408
4852.000000 0.066713
4853.000000 0.066797
4854.000000 0.058371
4855.000000 0.061551
4856.000000 0.057069
4857.000000 0.049315
4858.000000 0.045822
4859.000000 0.051002
4860.000000 0.049195
4861.000000 0.043416
4862.000000 0.036018
4863.000000 0.049488
4864.000000 0.051916
4865.000000 0.048791
4866.000000 0.044874
4867.000000 0.058779
4868.000000 0.059857
4869.000000 0.063105
4870.000000 0.064183
4871.000000 0.062073
4872.000000 0.066420
4873.000000 0.065782
4874.000000 0.059758
4875.000000 0.057986
4876.000000 0.062287
4877.000000 0.053233
4878.000000 0.056252
4879.000000 0.051176
4880.000000 0.047811
4881.000000 0.059054
4882.000000 0.051312
4883.000000 0.052172
4884.000000 0.056515
4885.000000 0.057181
4886.000000 0.049910
4887.000000 0.049255
4888.000000 0.046200
4889.000000 0.051569
4890.000000 0.050047
4891.000000 0.051368
4892.000000 0.051822
4893.000000 0.050913
4894.000000 0.048989
4895.000000 0.052662
4896.000000 0.052439
4897.000000 0.053000
4898.000000 0.054202
4899.000000 0.048256
4900.000000 0.044129
4901.000000 0.057137
4902.000000 0.056078
4903.000000 0.072544
4904.000000 0.063688
4905.000000 0.060884
4906.000000 0.071385
4907.000000 0.071031
4908.000000 0.076821
4909.000000 0.078925
4910.000000 0.081921
4911.000000 0.074757
4912.000000 0.068880
4913.000000 0.071172
4914.000000 0.066307
4915.000000 0.065040
4916.000000 0.054425
4917.000000 0.058381
4918.000000 0.059803
4919.000000 0.056219
4920.000000 0.056287
4921.000000 0.053056
4922.000000 0.043971
4923.000000 0.057134
4924.000000 0.054995
4925.000000 0.062011
4926.000000 0.067571
4927.000000 0.065288
4928.000000 0.071300
4929.000000 0.067365
4930.000000 0.065789
4931.000000 0.067454
4932.000000 0.071423
4933.000000 0.071109
4934.000000 0.066008
4935.000000 0.061271
4936.000000 0.057576
4937.000000 0.062846
4938.000000 0.054965
4939.000000 0.058697
4940.000000 0.056026
4941.000000 0.052329
4942.000000 0.049835
4943.000000 0.044941
4944.000000 0.055130
4945.000000 0.051300
4946.000000 0.057142
4947.000000 0.057623
4948.000000 0.064818
4949.000000 0.061935
4950.000000 0.061177
4951.000000 0.060252
4952.000000 0.055289
4953.000000 0.061217
4954.000000 0.056998
4955.000000 0.048062
4956.000000 0.050426
4957.000000 0.051305
4958.000000 0.073195
4959.000000 0.071699
4960.000000 0.065050
4961.000000 0.060484
4962.000000 0.054451
4963.000000 0.051640
4964.000000 0.046472
4965.000000 0.053886
4966.000000 0.051170
4967.000000 0.050214
4968.000000 0.049024
4969.000000 0.048216
4970.000000 0.045927
4971.000000 0.048179
4972.000000 0.045351
4973.000000 0.057003
4974.000000 0.073445
4975.000000 0.075266
4976.000000 0.074416
4977.000000 0.063398
4978.000000 0.059259
4979.000000 0.053727
4980.000000 0.056089
4981.000000 0.058569
4982.000000 0.052145
4983.000000 0.051425
4984.000000 0.052278
4985.000000 0.048146
4986.000000 0.046292
4987.000000 0.053563
4988.000000 0.044370
4989.000000 0.050391
4990.000000 0.068146
4991.000000 0.059427
4992.000000 0.063116
4993.000000 0.052569
4994.000000 0.053497
4995.000000 0.054230
4996.000000 0.072258
4997.000000 0.064285
4998.000000 0.063803
4999.000000 0.066447
5000.000000 0.071338
