501.000000 0.041505
502.000000 0.037210
503.000000 0.035989
504.000000 0.039367
505.000000 0.038136
506.000000 0.038727
507.000000 0.040739
508.000000 0.041656
509.000000 0.042247
510.000000 0.037570
511.000000 0.037556
512.000000 0.040381
513.000000 0.037064
514.000000 0.038263
515.000000 0.034668
516.000000 0.050429
517.000000 0.045313
518.000000 0.044101
519.000000 0.041185
520.000000 0.038770
521.000000 0.037929
522.000000 0.034788
523.000000 0.032875
524.000000 0.033777
525.000000 0.031545
526.000000 0.034637
527.000000 0.035573
528.000000 0.033453
529.000000 0.039794
530.000000 0.035708
531.000000 0.035404
532.000000 0.029893
533.000000 0.032372
534.000000 0.041061
535.000000 0.044489
536.000000 0.045911
537.000000 0.041356
538.000000 0.044119
539.000000 0.041936
540.000000 0.041134
541.000000 0.040465
542.000000 0.044571
543.000000 0.042987
544.000000 0.045478
545.000000 0.043685
546.000000 0.041326
547.000000 0.041135
548.000000 0.036735
549.000000 0.035112
550.000000 0.040571
551.000000 0.037147
552.000000 0.033859
553.000000 0.036205
554.000000 0.038736
555.000000 0.034413
556.000000 0.038201
557.000000 0.033195
558.000000 0.032029
559.000000 0.034246
560.000000 0.036202
561.000000 0.030038
562.000000 0.032187
563.000000 0.032468
564.000000 0.028502
565.000000 0.035408
566.000000 0.033799
567.000000 0.042790
568.000000 0.047521
569.000000 0.046790
570.000000 0.041645
571.000000 0.040394
572.000000 0.039498
573.000000 0.037384
574.000000 0.036669
575.000000 0.031672
576.000000 0.035852
577.000000 0.038103
578.000000 0.037335
579.000000 0.037109
580.000000 0.036018
581.000000 0.033496
582.000000 0.031827
583.000000 0.030494
584.000000 0.031947
585.000000 0.034434
586.000000 0.036389
587.000000 0.039705
588.000000 0.037379
589.000000 0.035240
590.000000 0.038729
591.000000 0.040420
592.000000 0.040677
593.000000 0.040360
594.000000 0.038146
595.000000 0.037480
596.000000 0.039834
597.000000 0.042867
598.000000 0.043790
599.000000 0.040572
600.000000 0.033665
601.000000 0.034557
602.000000 0.036099
603.000000 0.036582
604.000000 0.039599
605.000000 0.043041
606.000000 0.045288
607.000000 0.041785
608.000000 0.044546
609.000000 0.047526
610.000000 0.042490
611.000000 0.044499
612.000000 0.041396
613.000000 0.040960
614.000000 0.042601
615.000000 0.043031
616.000000 0.043921
617.000000 0.038297
618.000000 0.040828
619.000000 0.039438
620.000000 0.039780
621.000000 0.041060
622.000000 0.038969
623.000000 0.038630
624.000000 0.038217
625.000000 0.037109
626.000000 0.038546
627.000000 0.037887
628.000000 0.039428
629.000000 0.038901
630.000000 0.039131
631.000000 0.040830
632.000000 0.040275
633.000000 0.033385
634.000000 0.030865
635.000000 0.032952
636.000000 0.033133
637.000000 0.038548
638.000000 0.038196
639.000000 0.038551
640.000000 0.037348
641.000000 0.037381
642.000000 0.041424
643.000000 0.042513
644.000000 0.044281
645.000000 0.039489
646.000000 0.038903
647.000000 0.036821
648.000000 0.036820
649.000000 0.041622
650.000000 0.041481
651.000000 0.044359
652.000000 0.038223
653.000000 0.039162
654.000000 0.038409
655.000000 0.034595
656.000000 0.033877
657.000000 0.033211
658.000000 0.035043
659.000000 0.041752
660.000000 0.042958
661.000000 0.045774
662.000000 0.042836
663.000000 0.046890
664.000000 0.040714
665.000000 0.038396
666.000000 0.041465
667.000000 0.048342
668.000000 0.043271
669.000000 0.037651
670.000000 0.038054
671.000000 0.036007
672.000000 0.036530
673.000000 0.034401
674.000000 0.042626
675.000000 0.037720
676.000000 0.039429
677.000000 0.040939
678.000000 0.040223
679.000000 0.040132
680.000000 0.036532
681.000000 0.037282
682.000000 0.040539
683.000000 0.040642
684.000000 0.039684
685.000000 0.037988
686.000000 0.040027
687.000000 0.039338
688.000000 0.042075
689.000000 0.039524
690.000000 0.040898
691.000000 0.047464
692.000000 0.042854
693.000000 0.038045
694.000000 0.037455
695.000000 0.041531
696.000000 0.039012
697.000000 0.041129
698.000000 0.039385
699.000000 0.040805
700.000000 0.043918
701.000000 0.042229
702.000000 0.037465
703.000000 0.040517
704.000000 0.042851
705.000000 0.041543
706.000000 0.042199
707.000000 0.038367
708.000000 0.037767
709.000000 0.042560
710.000000 0.037228
711.000000 0.039324
712.000000 0.035022
713.000000 0.035974
714.000000 0.035074
715.000000 0.038142
716.000000 0.034762
717.000000 0.036787
718.000000 0.038115
719.000000 0.034603
720.000000 0.031232
721.000000 0.027679
722.000000 0.028094
723.000000 0.035611
724.000000 0.037372
725.000000 0.036982
726.000000 0.040058
727.000000 0.043272
728.000000 0.038744
729.000000 0.047837
730.000000 0.043312
731.000000 0.046516
732.000000 0.045786
733.000000 0.042244
734.000000 0.038120
735.000000 0.042549
736.000000 0.043400
737.000000 0.038840
738.000000 0.044060
739.000000 0.044354
740.000000 0.046133
741.000000 0.043172
742.000000 0.042948
743.000000 0.037778
744.000000 0.034469
745.000000 0.033247
746.000000 0.029624
747.000000 0.033881
748.000000 0.035121
749.000000 0.035603
750.000000 0.031395
751.000000 0.029416
752.000000 0.029938
753.000000 0.036456
754.000000 0.038846
755.000000 0.036826
756.000000 0.037366
757.000000 0.035854
758.000000 0.036352
759.000000 0.038098
760.000000 0.035757
761.000000 0.035744
762.000000 0.036787
763.000000 0.042440
764.000000 0.038726
765.000000 0.038359
766.000000 0.035612
767.000000 0.039004
768.000000 0.037164
769.000000 0.036941
770.000000 0.037912
771.000000 0.044517
772.000000 0.041660
773.000000 0.043603
774.000000 0.040648
775.000000 0.040029
776.000000 0.035260
777.000000 0.041338
778.000000 0.040224
779.000000 0.038463
780.000000 0.037210
781.000000 0.041663
782.000000 0.046648
783.000000 0.039706
784.000000 0.040169
785.000000 0.043478
786.000000 0.044342
787.000000 0.049634
788.000000 0.043744
789.000000 0.047937
790.000000 0.041697
791.000000 0.043038
792.000000 0.038637
793.000000 0.040491
794.000000 0.036969
795.000000 0.044925
796.000000 0.043707
797.000000 0.037428
798.000000 0.036007
799.000000 0.034790
800.000000 0.035153
801.000000 0.034427
802.000000 0.035078
803.000000 0.046726
804.000000 0.038670
805.000000 0.042015
806.000000 0.037795
807.000000 0.037831
808.000000 0.038620
809.000000 0.040067
810.000000 0.043261
811.000000 0.042955
812.000000 0.046398
813.000000 0.044334
814.000000 0.046082
815.000000 0.047581
816.000000 0.044930
817.000000 0.039195
818.000000 0.034943
819.000000 0.038877
820.000000 0.036148
821.000000 0.043482
822.000000 0.045102
823.000000 0.042429
824.000000 0.040408
825.000000 0.036181
826.000000 0.036964
827.000000 0.039722
828.000000 0.035592
829.000000 0.033012
830.000000 0.035743
831.000000 0.038630
832.000000 0.044249
833.000000 0.046689
834.000000 0.045323
835.000000 0.044762
836.000000 0.038839
837.000000 0.037724
838.000000 0.037814
839.000000 0.037052
840.000000 0.041429
841.000000 0.040729
842.000000 0.041631
843.000000 0.040264
844.000000 0.040159
845.000000 0.040961
846.000000 0.042450
847.000000 0.040930
848.000000 0.040707
849.000000 0.045713
850.000000 0.048389
851.000000 0.044122
852.000000 0.037624
853.000000 0.037509
854.000000 0.039114
855.000000 0.035778
856.000000 0.036762
857.000000 0.035329
858.000000 0.035146
859.000000 0.035909
860.000000 0.038081
861.000000 0.036713
862.000000 0.035925
863.000000 0.037109
864.000000 0.040780
865.000000 0.038131
866.000000 0.044174
867.000000 0.043129
868.000000 0.042733
869.000000 0.040826
870.000000 0.040519
871.000000 0.041570
872.000000 0.038936
873.000000 0.036022
874.000000 0.031585
875.000000 0.028413
876.000000 0.032071
877.000000 0.035035
878.000000 0.033879
879.000000 0.033320
880.000000 0.031487
881.000000 0.031638
882.000000 0.033601
883.000000 0.037584
884.000000 0.036255
885.000000 0.037868
886.000000 0.032555
887.000000 0.036730
888.000000 0.033785
889.000000 0.038819
890.000000 0.041703
891.000000 0.046384
892.000000 0.047813
893.000000 0.042527
894.000000 0.045415
895.000000 0.045153
896.000000 0.041504
897.000000 0.037560
898.000000 0.035442
899.000000 0.040888
900.000000 0.041418
901.000000 0.038115
902.000000 0.035223
903.000000 0.034966
904.000000 0.035949
905.000000 0.035416
906.000000 0.033417
907.000000 0.031885
908.000000 0.033655
909.000000 0.036241
910.000000 0.037393
911.000000 0.039920
912.000000 0.040774
913.000000 0.051318
914.000000 0.052147
915.000000 0.048894
916.000000 0.047940
917.000000 0.044903
918.000000 0.046981
919.000000 0.038865
920.000000 0.036524
921.000000 0.034548
922.000000 0.038703
923.000000 0.038446
924.000000 0.037331
925.000000 0.035355
926.000000 0.032915
927.000000 0.029047
928.000000 0.038815
929.000000 0.039616
930.000000 0.040790
931.000000 0.044697
932.000000 0.041096
933.000000 0.038754
934.000000 0.036049
935.000000 0.035837
936.000000 0.035940
937.000000 0.037887
938.000000 0.035741
939.000000 0.031702
940.000000 0.042712
941.000000 0.043533
942.000000 0.043874
943.000000 0.047472
944.000000 0.044326
945.000000 0.044967
946.000000 0.049373
947.000000 0.052872
948.000000 0.052843
949.000000 0.046617
950.000000 0.040751
951.000000 0.040417
952.000000 0.036886
953.000000 0.037874
954.000000 0.035068
955.000000 0.032061
956.000000 0.027905
957.000000 0.038184
958.000000 0.037669
959.000000 0.035908
960.000000 0.036460
961.000000 0.035378
962.000000 0.029901
963.000000 0.033361
964.000000 0.034778
965.000000 0.036952
966.000000 0.034183
967.000000 0.036752
968.000000 0.036172
969.000000 0.040463
970.000000 0.042674
971.000000 0.040182
972.000000 0.038979
973.000000 0.041008
974.000000 0.035669
975.000000 0.037033
976.000000 0.044658
977.000000 0.040757
978.000000 0.037150
979.000000 0.035320
980.000000 0.034068
981.000000 0.032328
982.000000 0.036297
983.000000 0.032514
984.000000 0.031883
985.000000 0.037220
986.000000 0.038507
987.000000 0.033914
988.000000 0.035802
989.000000 0.041602
990.000000 0.047293
991.000000 0.050409
992.000000 0.046039
993.000000 0.043656
994.000000 0.043535
995.000000 0.043363
996.000000 0.038801
997.000000 0.041598
998.000000 0.041619
999.000000 0.040972
1000.000000 0.047847
1001.000000 0.044512
1002.000000 0.044085
1003.000000 0.044155
1004.000000 0.043649
1005.000000 0.046026
1006.000000 0.047039
1007.000000 0.045536
1008.000000 0.048390
1009.000000 0.042108
1010.000000 0.040784
1011.000000 0.037192
1012.000000 0.038200
1013.000000 0.035273
1014.000000 0.036179
1015.000000 0.035195
1016.000000 0.034136
1017.000000 0.032287
1018.000000 0.037629
1019.000000 0.042244
1020.000000 0.046023
1021.000000 0.042439
1022.000000 0.049226
1023.000000 0.046575
1024.000000 0.050345
1025.000000 0.047565
1026.000000 0.048731
1027.000000 0.043565
1028.000000 0.038159
1029.000000 0.037318
1030.000000 0.031768
1031.000000 0.029171
1032.000000 0.034023
1033.000000 0.033152
1034.000000 0.032796
1035.000000 0.034180
1036.000000 0.033926
1037.000000 0.032817
1038.000000 0.028912
1039.000000 0.027098
1040.000000 0.030162
1041.000000 0.030468
1042.000000 0.040367
1043.000000 0.054213
1044.000000 0.057558
1045.000000 0.053111
1046.000000 0.046478
1047.000000 0.043903
1048.000000 0.043044
1049.000000 0.044936
1050.000000 0.045055
1051.000000 0.044626
1052.000000 0.038670
1053.000000 0.046971
1054.000000 0.044526
1055.000000 0.038471
1056.000000 0.038744
1057.000000 0.034024
1058.000000 0.034688
1059.000000 0.033229
1060.000000 0.033730
1061.000000 0.038530
1062.000000 0.037708
1063.000000 0.039808
1064.000000 0.039126
1065.000000 0.039216
1066.000000 0.038209
1067.000000 0.041227
1068.000000 0.039380
1069.000000 0.039222
1070.000000 0.033292
1071.000000 0.032108
1072.000000 0.036523
1073.000000 0.038927
1074.000000 0.040345
1075.000000 0.037995
1076.000000 0.039465
1077.000000 0.032693
1078.000000 0.031222
1079.000000 0.033050
1080.000000 0.039598
1081.000000 0.035487
1082.000000 0.039419
1083.000000 0.044485
1084.000000 0.042928
1085.000000 0.041473
1086.000000 0.043375
1087.000000 0.038056
1088.000000 0.039845
1089.000000 0.039126
1090.000000 0.042365
1091.000000 0.045271
1092.000000 0.040296
1093.000000 0.040530
1094.000000 0.042422
1095.000000 0.045851
1096.000000 0.045854
1097.000000 0.042348
1098.000000 0.044732
1099.000000 0.042336
1100.000000 0.045467
1101.000000 0.043135
1102.000000 0.039825
1103.000000 0.037694
1104.000000 0.036258
1105.000000 0.043955
1106.000000 0.037105
1107.000000 0.043898
1108.000000 0.045333
1109.000000 0.040754
1110.000000 0.040438
1111.000000 0.041000
1112.000000 0.037013
1113.000000 0.034896
1114.000000 0.034793
1115.000000 0.033815
1116.000000 0.032782
1117.000000 0.028577
1118.000000 0.032092
1119.000000 0.028802
1120.000000 0.032663
1121.000000 0.038889
1122.000000 0.034860
1123.000000 0.037751
1124.000000 0.035035
1125.000000 0.035117
1126.000000 0.035963
1127.000000 0.039492
1128.000000 0.044607
1129.000000 0.038953
1130.000000 0.043523
1131.000000 0.045212
1132.000000 0.046541
1133.000000 0.041490
1134.000000 0.040392
1135.000000 0.035689
1136.000000 0.043127
1137.000000 0.041253
1138.000000 0.039673
1139.000000 0.040976
1140.000000 0.039438
1141.000000 0.037663
1142.000000 0.035848
1143.000000 0.047035
1144.000000 0.047882
1145.000000 0.046250
1146.000000 0.042204
1147.000000 0.037351
1148.000000 0.040559
1149.000000 0.039198
1150.000000 0.037113
1151.000000 0.031764
1152.000000 0.030445
1153.000000 0.032355
1154.000000 0.038010
1155.000000 0.039867
1156.000000 0.038727
1157.000000 0.038714
1158.000000 0.036319
1159.000000 0.038573
1160.000000 0.042153
1161.000000 0.043703
1162.000000 0.039700
1163.000000 0.037600
1164.000000 0.032437
1165.000000 0.030521
1166.000000 0.029276
1167.000000 0.031939
1168.000000 0.033045
1169.000000 0.031772
1170.000000 0.030157
1171.000000 0.030366
1172.000000 0.028552
1173.000000 0.036691
1174.000000 0.041292
1175.000000 0.037231
1176.000000 0.035460
1177.000000 0.042341
1178.000000 0.049254
1179.000000 0.045720
1180.000000 0.037840
1181.000000 0.036960
1182.000000 0.034795
1183.000000 0.032640
1184.000000 0.032154
1185.000000 0.033756
1186.000000 0.038966
1187.000000 0.043536
1188.000000 0.044228
1189.000000 0.044937
1190.000000 0.043155
1191.000000 0.039094
1192.000000 0.038555
1193.000000 0.037967
1194.000000 0.037412
1195.000000 0.039735
1196.000000 0.037969
1197.000000 0.041620
1198.000000 0.042757
1199.000000 0.040789
1200.000000 0.035235
1201.000000 0.037468
1202.000000 0.038099
1203.000000 0.034937
1204.000000 0.033930
1205.000000 0.034706
1206.000000 0.034535
1207.000000 0.040251
1208.000000 0.038006
1209.000000 0.036329
1210.000000 0.037908
1211.000000 0.034304
1212.000000 0.033645
1213.000000 0.029758
1214.000000 0.029807
1215.000000 0.034585
1216.000000 0.037512
1217.000000 0.042024
1218.000000 0.039767
1219.000000 0.040149
1220.000000 0.042315
1221.000000 0.041501
1222.000000 0.039081
1223.000000 0.038238
1224.000000 0.044808
1225.000000 0.046462
1226.000000 0.046734
1227.000000 0.041429
1228.000000 0.037283
1229.000000 0.032835
1230.000000 0.031869
1231.000000 0.029352
1232.000000 0.031378
1233.000000 0.031263
1234.000000 0.036271
1235.000000 0.039152
1236.000000 0.035622
1237.000000 0.032768
1238.000000 0.032605
1239.000000 0.036793
1240.000000 0.042765
1241.000000 0.044820
1242.000000 0.038853
1243.000000 0.033772
1244.000000 0.034268
1245.000000 0.037032
1246.000000 0.035924
1247.000000 0.033998
1248.000000 0.034616
1249.000000 0.038613
1250.000000 0.036170
1251.000000 0.032573
1252.000000 0.033939
1253.000000 0.038011
1254.000000 0.034074
1255.000000 0.033241
1256.000000 0.028433
1257.000000 0.029802
1258.000000 0.033753
1259.000000 0.034120
1260.000000 0.039301
1261.000000 0.047741
1262.000000 0.050525
1263.000000 0.049646
1264.000000 0.049985
1265.000000 0.049330
1266.000000 0.048660
1267.000000 0.052599
1268.000000 0.047254
1269.000000 0.047828
1270.000000 0.044407
1271.000000 0.040225
1272.000000 0.037824
1273.000000 0.032689
1274.000000 0.029407
1275.000000 0.035064
1276.000000 0.033398
1277.000000 0.035046
1278.000000 0.035457
1279.000000 0.040424
1280.000000 0.038352
1281.000000 0.040607
1282.000000 0.039768
1283.000000 0.045220
1284.000000 0.044892
1285.000000 0.044832
1286.000000 0.043680
1287.000000 0.048059
1288.000000 0.049376
1289.000000 0.041999
1290.000000 0.040494
1291.000000 0.041846
1292.000000 0.037536
1293.000000 0.035555
1294.000000 0.035753
1295.000000 0.037999
1296.000000 0.035720
1297.000000 0.032631
1298.000000 0.031002
1299.000000 0.041034
1300.000000 0.039467
1301.000000 0.040331
1302.000000 0.038309
1303.000000 0.043324
1304.000000 0.038156
1305.000000 0.040595
1306.000000 0.038291
1307.000000 0.042900
1308.000000 0.046682
1309.000000 0.041536
1310.000000 0.038378
1311.000000 0.035974
1312.000000 0.034256
1313.000000 0.032879
1314.000000 0.036458
1315.000000 0.035894
1316.000000 0.034135
1317.000000 0.034663
1318.000000 0.040782
1319.000000 0.044066
1320.000000 0.039116
1321.000000 0.037855
1322.000000 0.035864
1323.000000 0.035436
1324.000000 0.038155
1325.000000 0.044527
1326.000000 0.041185
1327.000000 0.041796
1328.000000 0.045108
1329.000000 0.040615
1330.000000 0.037484
1331.000000 0.031096
1332.000000 0.028139
1333.000000 0.031021
1334.000000 0.030219
1335.000000 0.035136
1336.000000 0.039239
1337.000000 0.039055
1338.000000 0.038708
1339.000000 0.036343
1340.000000 0.035172
1341.000000 0.038363
1342.000000 0.038882
1343.000000 0.038247
1344.000000 0.040453
1345.000000 0.043734
1346.000000 0.040643
1347.000000 0.037662
1348.000000 0.036119
1349.000000 0.037215
1350.000000 0.032223
1351.000000 0.030545
1352.000000 0.032358
1353.000000 0.039486
1354.000000 0.042103
1355.000000 0.037446
1356.000000 0.036820
1357.000000 0.032871
1358.000000 0.027427
1359.000000 0.037713
1360.000000 0.037705
1361.000000 0.040084
1362.000000 0.040529
1363.000000 0.044487
1364.000000 0.039193
1365.000000 0.041042
1366.000000 0.036504
1367.000000 0.034351
1368.000000 0.032682
1369.000000 0.037808
1370.000000 0.041742
1371.000000 0.039293
1372.000000 0.041104
1373.000000 0.038638
1374.000000 0.039340
1375.000000 0.037699
1376.000000 0.038249
1377.000000 0.042667
1378.000000 0.042014
1379.000000 0.040848
1380.000000 0.043581
1381.000000 0.040672
1382.000000 0.034117
1383.000000 0.032372
1384.000000 0.033976
1385.000000 0.032576
1386.000000 0.039503
1387.000000 0.043832
1388.000000 0.045418
1389.000000 0.046707
1390.000000 0.041408
1391.000000 0.041518
1392.000000 0.038988
1393.000000 0.046688
1394.000000 0.043844
1395.000000 0.046183
1396.000000 0.042875
1397.000000 0.045952
1398.000000 0.042107
1399.000000 0.041116
1400.000000 0.037049
1401.000000 0.034717
1402.000000 0.034080
1403.000000 0.032887
1404.000000 0.034679
1405.000000 0.034879
1406.000000 0.034421
1407.000000 0.039455
1408.000000 0.039680
1409.000000 0.041425
1410.000000 0.037853
1411.000000 0.036584
1412.000000 0.035916
1413.000000 0.043811
1414.000000 0.042275
1415.000000 0.044419
1416.000000 0.046372
1417.000000 0.046476
1418.000000 0.045078
1419.000000 0.041615
1420.000000 0.042213
1421.000000 0.040337
1422.000000 0.037727
1423.000000 0.034462
1424.000000 0.028678
1425.000000 0.033721
1426.000000 0.037999
1427.000000 0.046639
1428.000000 0.050407
1429.000000 0.046689
1430.000000 0.046351
1431.000000 0.046946
1432.000000 0.046023
1433.000000 0.044517
1434.000000 0.051173
1435.000000 0.046864
1436.000000 0.043238
1437.000000 0.038234
1438.000000 0.040386
1439.000000 0.037786
1440.000000 0.032296
1441.000000 0.029608
1442.000000 0.032411
1443.000000 0.030240
1444.000000 0.032458
1445.000000 0.037892
1446.000000 0.039967
1447.000000 0.040684
1448.000000 0.038327
1449.000000 0.038857
1450.000000 0.044779
1451.000000 0.042936
1452.000000 0.042465
1453.000000 0.041239
1454.000000 0.039529
1455.000000 0.042357
1456.000000 0.039802
1457.000000 0.041131
1458.000000 0.039525
1459.000000 0.037342
1460.000000 0.037123
1461.000000 0.037182
1462.000000 0.039005
1463.000000 0.034873
1464.000000 0.036641
1465.000000 0.038481
1466.000000 0.041530
1467.000000 0.041647
1468.000000 0.038046
1469.000000 0.039192
1470.000000 0.043454
1471.000000 0.039801
1472.000000 0.039660
1473.000000 0.040430
1474.000000 0.041185
1475.000000 0.042889
1476.000000 0.043480
1477.000000 0.043441
1478.000000 0.038641
1479.000000 0.032791
1480.000000 0.033630
1481.000000 0.039398
1482.000000 0.041513
1483.000000 0.045906
1484.000000 0.041217
1485.000000 0.048281
1486.000000 0.042046
1487.000000 0.043262
1488.000000 0.040889
1489.000000 0.042579
1490.000000 0.040842
1491.000000 0.043160
1492.000000 0.039328
1493.000000 0.038212
1494.000000 0.043768
1495.000000 0.043966
1496.000000 0.039239
1497.000000 0.039566
1498.000000 0.040642
1499.000000 0.037702
1500.000000 0.037458
1501.000000 0.039987
1502.000000 0.037885
1503.000000 0.042005
1504.000000 0.043985
1505.000000 0.043037
1506.000000 0.047061
1507.000000 0.042618
1508.000000 0.044240
1509.000000 0.048169
1510.000000 0.045331
1511.000000 0.045154
1512.000000 0.037948
1513.000000 0.036544
1514.000000 0.032380
1515.000000 0.033846
1516.000000 0.033657
1517.000000 0.029258
1518.000000 0.027039
1519.000000 0.034998
1520.000000 0.036386
1521.000000 0.032298
1522.000000 0.034330
1523.000000 0.040792
1524.000000 0.038273
1525.000000 0.035380
1526.000000 0.036878
1527.000000 0.040442
1528.000000 0.038347
1529.000000 0.039811
1530.000000 0.041897
1531.000000 0.038706
1532.000000 0.044846
1533.000000 0.042041
1534.000000 0.041461
1535.000000 0.041713
1536.000000 0.037655
1537.000000 0.039571
1538.000000 0.041541
1539.000000 0.041077
1540.000000 0.037759
1541.000000 0.031317
1542.000000 0.031795
1543.000000 0.037363
1544.000000 0.043342
1545.000000 0.043259
1546.000000 0.041751
1547.000000 0.040875
1548.000000 0.039030
1549.000000 0.037395
1550.000000 0.042638
1551.000000 0.046316
1552.000000 0.041461
1553.000000 0.040717
1554.000000 0.046309
1555.000000 0.041972
1556.000000 0.040559
1557.000000 0.036594
1558.000000 0.033989
1559.000000 0.032369
1560.000000 0.033843
1561.000000 0.030232
1562.000000 0.030280
1563.000000 0.034007
1564.000000 0.030051
1565.000000 0.034758
1566.000000 0.039885
1567.000000 0.038641
1568.000000 0.038489
1569.000000 0.044038
1570.000000 0.047671
1571.000000 0.050146
1572.000000 0.044873
1573.000000 0.037841
1574.000000 0.033819
1575.000000 0.034487
1576.000000 0.035502
1577.000000 0.031997
1578.000000 0.037345
1579.000000 0.038107
1580.000000 0.034038
1581.000000 0.030314
1582.000000 0.031813
1583.000000 0.032603
1584.000000 0.034641
1585.000000 0.042679
1586.000000 0.040953
1587.000000 0.034691
1588.000000 0.033794
1589.000000 0.038064
1590.000000 0.036903
1591.000000 0.039353
1592.000000 0.042387
1593.000000 0.042268
1594.000000 0.040705
1595.000000 0.036459
1596.000000 0.033315
1597.000000 0.036314
1598.000000 0.034287
1599.000000 0.036132
1600.000000 0.037986
1601.000000 0.036558
1602.000000 0.039058
1603.000000 0.037292
1604.000000 0.041119
1605.000000 0.046275
1606.000000 0.051013
1607.000000 0.048015
1608.000000 0.047165
1609.000000 0.041666
1610.000000 0.039877
1611.000000 0.036926
1612.000000 0.033123
1613.000000 0.028871
1614.000000 0.027229
1615.000000 0.026071
1616.000000 0.025726
1617.000000 0.027201
1618.000000 0.028335
1619.000000 0.027144
1620.000000 0.028949
1621.000000 0.034154
1622.000000 0.044668
1623.000000 0.046166
1624.000000 0.041600
1625.000000 0.042491
1626.000000 0.043720
1627.000000 0.043620
1628.000000 0.046484
1629.000000 0.046749
1630.000000 0.043340
1631.000000 0.045099
1632.000000 0.046832
1633.000000 0.047906
1634.000000 0.043363
1635.000000 0.042962
1636.000000 0.041181
1637.000000 0.040431
1638.000000 0.035055
1639.000000 0.041293
1640.000000 0.042404
1641.000000 0.043652
1642.000000 0.040243
1643.000000 0.037469
1644.000000 0.037265
1645.000000 0.037326
1646.000000 0.045742
1647.000000 0.044258
1648.000000 0.042980
1649.000000 0.046405
1650.000000 0.041325
1651.000000 0.042848
1652.000000 0.043108
1653.000000 0.041915
1654.000000 0.037731
1655.000000 0.045264
1656.000000 0.046410
1657.000000 0.050071
1658.000000 0.048937
1659.000000 0.049168
1660.000000 0.042829
1661.000000 0.042449
1662.000000 0.042275
1663.000000 0.037453
1664.000000 0.038120
1665.000000 0.040615
1666.000000 0.037362
1667.000000 0.039763
1668.000000 0.042990
1669.000000 0.040464
1670.000000 0.036561
1671.000000 0.033002
1672.000000 0.035694
1673.000000 0.034549
1674.000000 0.033824
1675.000000 0.031898
1676.000000 0.035431
1677.000000 0.032449
1678.000000 0.043318
1679.000000 0.037113
1680.000000 0.034140
1681.000000 0.039482
1682.000000 0.038902
1683.000000 0.034847
1684.000000 0.038648
1685.000000 0.036730
1686.000000 0.038363
1687.000000 0.040007
1688.000000 0.043657
1689.000000 0.042010
1690.000000 0.038359
1691.000000 0.044703
1692.000000 0.044991
1693.000000 0.041540
1694.000000 0.046960
1695.000000 0.040800
1696.000000 0.040927
1697.000000 0.041482
1698.000000 0.036006
1699.000000 0.031779
1700.000000 0.030690
1701.000000 0.035785
1702.000000 0.035594
1703.000000 0.036538
1704.000000 0.035127
1705.000000 0.036652
1706.000000 0.035610
1707.000000 0.039433
1708.000000 0.039677
1709.000000 0.040501
1710.000000 0.039151
1711.000000 0.039794
1712.000000 0.037861
1713.000000 0.037351
1714.000000 0.035255
1715.000000 0.043876
1716.000000 0.037853
1717.000000 0.039822
1718.000000 0.039738
1719.000000 0.034686
1720.000000 0.035861
1721.000000 0.032918
1722.000000 0.035236
1723.000000 0.035703
1724.000000 0.035295
1725.000000 0.036699
1726.000000 0.046298
1727.000000 0.042332
1728.000000 0.042179
1729.000000 0.040621
1730.000000 0.043290
1731.000000 0.039658
1732.000000 0.049417
1733.000000 0.046642
1734.000000 0.049766
1735.000000 0.049297
1736.000000 0.043740
1737.000000 0.041804
1738.000000 0.037808
1739.000000 0.033987
1740.000000 0.036343
1741.000000 0.035954
1742.000000 0.033278
1743.000000 0.033117
1744.000000 0.034256
1745.000000 0.036682
1746.000000 0.040787
1747.000000 0.038605
1748.000000 0.035633
1749.000000 0.041229
1750.000000 0.043952
1751.000000 0.045524
1752.000000 0.043407
1753.000000 0.044726
1754.000000 0.042231
1755.000000 0.041240
1756.000000 0.041114
1757.000000 0.042111
1758.000000 0.038336
1759.000000 0.033174
1760.000000 0.033878
1761.000000 0.033101
1762.000000 0.030262
1763.000000 0.039342
1764.000000 0.032662
1765.000000 0.034996
1766.000000 0.041433
1767.000000 0.035194
1768.000000 0.033630
1769.000000 0.036656
1770.000000 0.037072
1771.000000 0.035290
1772.000000 0.037265
1773.000000 0.042946
1774.000000 0.039644
1775.000000 0.047791
1776.000000 0.049473
1777.000000 0.040914
1778.000000 0.036887
1779.000000 0.039741
1780.000000 0.040063
1781.000000 0.041378
1782.000000 0.038330
1783.000000 0.039185
1784.000000 0.040202
1785.000000 0.035396
1786.000000 0.037337
1787.000000 0.039922
1788.000000 0.037612
1789.000000 0.036270
1790.000000 0.036361
1791.000000 0.034473
1792.000000 0.035270
1793.000000 0.039552
1794.000000 0.039934
1795.000000 0.041131
1796.000000 0.043016
1797.000000 0.041071
1798.000000 0.043765
1799.000000 0.037059
1800.000000 0.037765
1801.000000 0.034432
1802.000000 0.035638
1803.000000 0.041770
1804.000000 0.038181
1805.000000 0.037738
1806.000000 0.031302
1807.000000 0.033679
1808.000000 0.036294
1809.000000 0.034622
1810.000000 0.039689
1811.000000 0.034879
1812.000000 0.038279
1813.000000 0.043763
1814.000000 0.045936
1815.000000 0.040653
1816.000000 0.042824
1817.000000 0.043468
1818.000000 0.039195
1819.000000 0.036130
1820.000000 0.033538
1821.000000 0.039228
1822.000000 0.038115
1823.000000 0.038346
1824.000000 0.034551
1825.000000 0.037165
1826.000000 0.033618
1827.000000 0.036804
1828.000000 0.044732
1829.000000 0.042851
1830.000000 0.044179
1831.000000 0.042231
1832.000000 0.045894
1833.000000 0.039872
1834.000000 0.035573
1835.000000 0.033849
1836.000000 0.031555
1837.000000 0.034607
1838.000000 0.030775
1839.000000 0.027637
1840.000000 0.028831
1841.000000 0.033480
1842.000000 0.041937
1843.000000 0.040206
1844.000000 0.036539
1845.000000 0.032443
1846.000000 0.031638
1847.000000 0.034142
1848.000000 0.032352
1849.000000 0.034767
1850.000000 0.035806
1851.000000 0.033274
1852.000000 0.036110
1853.000000 0.045395
1854.000000 0.042394
1855.000000 0.036689
1856.000000 0.039608
1857.000000 0.038692
1858.000000 0.039315
1859.000000 0.038739
1860.000000 0.039978
1861.000000 0.039004
1862.000000 0.034135
1863.000000 0.033204
1864.000000 0.034200
1865.000000 0.034032
1866.000000 0.038363
1867.000000 0.035512
1868.000000 0.038321
1869.000000 0.036619
1870.000000 0.038555
1871.000000 0.036147
1872.000000 0.043739
1873.000000 0.043193
1874.000000 0.039160
1875.000000 0.039922
1876.000000 0.038929
1877.000000 0.039452
1878.000000 0.038898
1879.000000 0.036258
1880.000000 0.036100
1881.000000 0.038065
1882.000000 0.033423
1883.000000 0.035990
1884.000000 0.033402
1885.000000 0.032279
1886.000000 0.028110
1887.000000 0.033317
1888.000000 0.035989
1889.000000 0.042798
1890.000000 0.040599
1891.000000 0.043936
1892.000000 0.044879
1893.000000 0.045355
1894.000000 0.044595
1895.000000 0.044841
1896.000000 0.044962
1897.000000 0.047348
1898.000000 0.043208
1899.000000 0.044127
1900.000000 0.036521
1901.000000 0.032086
1902.000000 0.034297
1903.000000 0.032302
1904.000000 0.030961
1905.000000 0.036725
1906.000000 0.033908
1907.000000 0.033630
1908.000000 0.029719
1909.000000 0.025696
1910.000000 0.038791
1911.000000 0.034673
1912.000000 0.035153
1913.000000 0.035221
1914.000000 0.042924
1915.000000 0.049490
1916.000000 0.046252
1917.000000 0.051191
1918.000000 0.047321
1919.000000 0.050778
1920.000000 0.045747
1921.000000 0.046039
1922.000000 0.044470
1923.000000 0.044181
1924.000000 0.039368
1925.000000 0.036883
1926.000000 0.037825
1927.000000 0.031381
1928.000000 0.031288
1929.000000 0.029487
1930.000000 0.029450
1931.000000 0.031714
1932.000000 0.033299
1933.000000 0.035912
1934.000000 0.040215
1935.000000 0.034450
1936.000000 0.038902
1937.000000 0.037030
1938.000000 0.038008
1939.000000 0.034575
1940.000000 0.047212
1941.000000 0.044283
1942.000000 0.044865
1943.000000 0.043389
1944.000000 0.042229
1945.000000 0.037776
1946.000000 0.033948
1947.000000 0.033877
1948.000000 0.037319
1949.000000 0.035827
1950.000000 0.046013
1951.000000 0.042134
1952.000000 0.038583
1953.000000 0.040827
1954.000000 0.038671
1955.000000 0.035915
1956.000000 0.039727
1957.000000 0.038395
1958.000000 0.041537
1959.000000 0.043814
1960.000000 0.040005
1961.000000 0.038611
1962.000000 0.036015
1963.000000 0.035311
1964.000000 0.029310
1965.000000 0.031921
1966.000000 0.043041
1967.000000 0.042641
1968.000000 0.042626
1969.000000 0.041615
1970.000000 0.040885
1971.000000 0.041567
1972.000000 0.046246
1973.000000 0.043263
1974.000000 0.042855
1975.000000 0.037853
1976.000000 0.042549
1977.000000 0.038741
1978.000000 0.033243
1979.000000 0.031384
1980.000000 0.030272
1981.000000 0.030835
1982.000000 0.032511
1983.000000 0.033997
1984.000000 0.041273
1985.000000 0.045832
1986.000000 0.040663
1987.000000 0.035598
1988.000000 0.040664
1989.000000 0.039939
1990.000000 0.036646
1991.000000 0.039245
1992.000000 0.039980
1993.000000 0.044474
1994.000000 0.044141
1995.000000 0.042409
1996.000000 0.035692
1997.000000 0.036125
1998.000000 0.032952
1999.000000 0.035434
2000.000000 0.034343
2001.000000 0.033630
2002.000000 0.033726
2003.000000 0.033710
2004.000000 0.039331
2005.000000 0.038755
2006.000000 0.038195
2007.000000 0.044925
2008.000000 0.044207
2009.000000 0.041754
2010.000000 0.036107
2011.000000 0.037370
2012.000000 0.037094
2013.000000 0.037621
2014.000000 0.033651
2015.000000 0.032316
2016.000000 0.036156
2017.000000 0.032806
2018.000000 0.031802
2019.000000 0.032438
2020.000000 0.031920
2021.000000 0.037712
2022.000000 0.034505
2023.000000 0.033918
2024.000000 0.037707
2025.000000 0.039889
2026.000000 0.038550
2027.000000 0.036064
2028.000000 0.049746
2029.000000 0.057750
2030.000000 0.051655
2031.000000 0.053235
2032.000000 0.047760
2033.000000 0.042788
2034.000000 0.035413
2035.000000 0.033403
2036.000000 0.029085
2037.000000 0.027083
2038.000000 0.032925
2039.000000 0.034057
2040.000000 0.033596
2041.000000 0.035934
2042.000000 0.032798
2043.000000 0.033098
2044.000000 0.045337
2045.000000 0.038408
2046.000000 0.041671
2047.000000 0.040958
2048.000000 0.044317
2049.000000 0.041973
2050.000000 0.037001
2051.000000 0.037037
2052.000000 0.034340
2053.000000 0.035306
2054.000000 0.034042
2055.000000 0.035180
2056.000000 0.029247
2057.000000 0.029064
2058.000000 0.029889
2059.000000 0.033402
2060.000000 0.037249
2061.000000 0.037289
2062.000000 0.039442
2063.000000 0.033791
2064.000000 0.037528
2065.000000 0.046995
2066.000000 0.046837
2067.000000 0.042041
2068.000000 0.046606
2069.000000 0.041974
2070.000000 0.039107
2071.000000 0.036385
2072.000000 0.035898
2073.000000 0.041352
2074.000000 0.042196
2075.000000 0.040945
2076.000000 0.035920
2077.000000 0.035480
2078.000000 0.036342
2079.000000 0.031472
2080.000000 0.028354
2081.000000 0.041056
2082.000000 0.046188
2083.000000 0.043801
2084.000000 0.042634
2085.000000 0.046752
2086.000000 0.040076
2087.000000 0.039365
2088.000000 0.040648
2089.000000 0.035391
2090.000000 0.041036
2091.000000 0.036475
2092.000000 0.034304
2093.000000 0.029362
2094.000000 0.033194
2095.000000 0.034760
2096.000000 0.034362
2097.000000 0.034395
2098.000000 0.041365
2099.000000 0.042611
2100.000000 0.045615
2101.000000 0.054186
2102.000000 0.051152
2103.000000 0.048254
2104.000000 0.042538
2105.000000 0.039109
2106.000000 0.035791
2107.000000 0.035679
2108.000000 0.038798
2109.000000 0.034899
2110.000000 0.033975
2111.000000 0.038135
2112.000000 0.036851
2113.000000 0.034077
2114.000000 0.030219
2115.000000 0.029958
2116.000000 0.030376
2117.000000 0.029880
2118.000000 0.030885
2119.000000 0.036759
2120.000000 0.045797
2121.000000 0.055289
2122.000000 0.055048
2123.000000 0.047039
2124.000000 0.040749
2125.000000 0.039160
2126.000000 0.041258
2127.000000 0.039248
2128.000000 0.041667
2129.000000 0.042737
2130.000000 0.035664
2131.000000 0.040058
2132.000000 0.038393
2133.000000 0.034845
2134.000000 0.037081
2135.000000 0.037661
2136.000000 0.047341
2137.000000 0.046416
2138.000000 0.048697
2139.000000 0.047545
2140.000000 0.043102
2141.000000 0.041033
2142.000000 0.040209
2143.000000 0.037045
2144.000000 0.036827
2145.000000 0.036441
2146.000000 0.033170
2147.000000 0.029772
2148.000000 0.033478
2149.000000 0.034863
2150.000000 0.038048
2151.000000 0.040814
2152.000000 0.040274
2153.000000 0.041793
2154.000000 0.039800
2155.000000 0.045994
2156.000000 0.042178
2157.000000 0.043986
2158.000000 0.039300
2159.000000 0.035698
2160.000000 0.032675
2161.000000 0.036210
2162.000000 0.032696
2163.000000 0.034282
2164.000000 0.031372
2165.000000 0.031008
2166.000000 0.031256
2167.000000 0.032664
2168.000000 0.038879
2169.000000 0.041454
2170.000000 0.039388
2171.000000 0.043068
2172.000000 0.044483
2173.000000 0.040463
2174.000000 0.037316
2175.000000 0.042969
2176.000000 0.040948
2177.000000 0.040487
2178.000000 0.042477
2179.000000 0.039815
2180.000000 0.044079
2181.000000 0.040076
2182.000000 0.038853
2183.000000 0.038154
2184.000000 0.042690
2185.000000 0.043169
2186.000000 0.043840
2187.000000 0.048594
2188.000000 0.044104
2189.000000 0.044492
2190.000000 0.043441
2191.000000 0.041803
2192.000000 0.044155
2193.000000 0.043412
2194.000000 0.045157
2195.000000 0.041490
2196.000000 0.044837
2197.000000 0.038091
2198.000000 0.035505
2199.000000 0.041339
2200.000000 0.039444
2201.000000 0.038760
2202.000000 0.034679
2203.000000 0.034271
2204.000000 0.031252
2205.000000 0.033453
2206.000000 0.040850
2207.000000 0.044993
2208.000000 0.041174
2209.000000 0.042039
2210.000000 0.042865
2211.000000 0.041912
2212.000000 0.042271
2213.000000 0.041849
2214.000000 0.041070
2215.000000 0.043056
2216.000000 0.041723
2217.000000 0.039558
2218.000000 0.036837
2219.000000 0.035661
2220.000000 0.036843
2221.000000 0.034005
2222.000000 0.034375
2223.000000 0.031605
2224.000000 0.033200
2225.000000 0.039323
2226.000000 0.043558
2227.000000 0.039607
2228.000000 0.047815
2229.000000 0.052712
2230.000000 0.050094
2231.000000 0.045217
2232.000000 0.040633
2233.000000 0.037784
2234.000000 0.033576
2235.000000 0.032876
2236.000000 0.034083
2237.000000 0.033399
2238.000000 0.031430
2239.000000 0.037106
2240.000000 0.035248
2241.000000 0.033889
2242.000000 0.034572
2243.000000 0.036269
2244.000000 0.046748
2245.000000 0.043995
2246.000000 0.039576
2247.000000 0.041990
2248.000000 0.039983
2249.000000 0.033998
2250.000000 0.030519
2251.000000 0.025426
2252.000000 0.026976
2253.000000 0.029874
2254.000000 0.035200
2255.000000 0.038912
2256.000000 0.044433
2257.000000 0.038429
2258.000000 0.034804
2259.000000 0.044284
2260.000000 0.046377
2261.000000 0.051131
2262.000000 0.049136
2263.000000 0.049378
2264.000000 0.052970
2265.000000 0.045921
2266.000000 0.041427
2267.000000 0.035442
2268.000000 0.038645
2269.000000 0.035535
2270.000000 0.037595
2271.000000 0.032269
2272.000000 0.037142
2273.000000 0.031781
2274.000000 0.030878
2275.000000 0.026565
2276.000000 0.032716
2277.000000 0.033638
2278.000000 0.036396
2279.000000 0.034559
2280.000000 0.041920
2281.000000 0.037383
2282.000000 0.043002
2283.000000 0.043681
2284.000000 0.041440
2285.000000 0.043213
2286.000000 0.042706
2287.000000 0.040385
2288.000000 0.039584
2289.000000 0.037495
2290.000000 0.040922
2291.000000 0.034477
2292.000000 0.036534
2293.000000 0.038463
2294.000000 0.035940
2295.000000 0.033900
2296.000000 0.039138
2297.000000 0.037397
2298.000000 0.040339
2299.000000 0.043340
2300.000000 0.047034
2301.000000 0.047288
2302.000000 0.045341
2303.000000 0.047477
2304.000000 0.043150
2305.000000 0.040285
2306.000000 0.035562
2307.000000 0.032542
2308.000000 0.034886
2309.000000 0.034999
2310.000000 0.040960
2311.000000 0.037159
2312.000000 0.037699
2313.000000 0.032853
2314.000000 0.031532
2315.000000 0.033138
2316.000000 0.035593
2317.000000 0.034004
2318.000000 0.031653
2319.000000 0.043072
2320.000000 0.044318
2321.000000 0.044364
2322.000000 0.042509
2323.000000 0.037450
2324.000000 0.040947
2325.000000 0.037936
2326.000000 0.035877
2327.000000 0.037852
2328.000000 0.040174
2329.000000 0.039339
2330.000000 0.038474
2331.000000 0.041512
2332.000000 0.041131
2333.000000 0.036777
2334.000000 0.034547
2335.000000 0.034698
2336.000000 0.041937
2337.000000 0.042521
2338.000000 0.042309
2339.000000 0.040168
2340.000000 0.039379
2341.000000 0.038092
2342.000000 0.038910
2343.000000 0.036215
2344.000000 0.036147
2345.000000 0.033292
2346.000000 0.036830
2347.000000 0.035875
2348.000000 0.038823
2349.000000 0.037644
2350.000000 0.034508
2351.000000 0.033684
2352.000000 0.031587
2353.000000 0.034477
2354.000000 0.037203
2355.000000 0.035865
2356.000000 0.039649
2357.000000 0.039119
2358.000000 0.038808
2359.000000 0.040679
2360.000000 0.035037
2361.000000 0.035653
2362.000000 0.035657
2363.000000 0.034506
2364.000000 0.033860
2365.000000 0.037781
2366.000000 0.035805
2367.000000 0.036325
2368.000000 0.038488
2369.000000 0.039063
2370.000000 0.042337
2371.000000 0.042039
2372.000000 0.043618
2373.000000 0.044578
2374.000000 0.043938
2375.000000 0.038155
2376.000000 0.039729
2377.000000 0.043785
2378.000000 0.047668
2379.000000 0.045203
2380.000000 0.044275
2381.000000 0.038408
2382.000000 0.039697
2383.000000 0.039292
2384.000000 0.037141
2385.000000 0.037820
2386.000000 0.044851
2387.000000 0.044350
2388.000000 0.044039
2389.000000 0.044860
2390.000000 0.044222
2391.000000 0.041944
2392.000000 0.038040
2393.000000 0.038852
2394.000000 0.035252
2395.000000 0.034631
2396.000000 0.034587
2397.000000 0.033161
2398.000000 0.037378
2399.000000 0.046664
2400.000000 0.045160
2401.000000 0.039927
2402.000000 0.038430
2403.000000 0.042038
2404.000000 0.040559
2405.000000 0.035870
2406.000000 0.033797
2407.000000 0.037135
2408.000000 0.036076
2409.000000 0.037361
2410.000000 0.032166
2411.000000 0.030666
2412.000000 0.033159
2413.000000 0.037258
2414.000000 0.035861
2415.000000 0.039068
2416.000000 0.037275
2417.000000 0.041555
2418.000000 0.051238
2419.000000 0.050721
2420.000000 0.051540
2421.000000 0.046424
2422.000000 0.044529
2423.000000 0.046735
2424.000000 0.039274
2425.000000 0.043001
2426.000000 0.042684
2427.000000 0.040179
2428.000000 0.042135
2429.000000 0.037293
2430.000000 0.038958
2431.000000 0.040441
2432.000000 0.040275
2433.000000 0.039161
2434.000000 0.040582
2435.000000 0.041887
2436.000000 0.039142
2437.000000 0.040761
2438.000000 0.035275
2439.000000 0.040778
2440.000000 0.039215
2441.000000 0.039862
2442.000000 0.037542
2443.000000 0.041424
2444.000000 0.037519
2445.000000 0.043061
2446.000000 0.037498
2447.000000 0.037271
2448.000000 0.039599
2449.000000 0.035587
2450.000000 0.037109
2451.000000 0.037006
2452.000000 0.035616
2453.000000 0.037101
2454.000000 0.037806
2455.000000 0.041289
2456.000000 0.042067
2457.000000 0.038226
2458.000000 0.034759
2459.000000 0.032640
2460.000000 0.038594
2461.000000 0.036685
2462.000000 0.039109
2463.000000 0.043947
2464.000000 0.038314
2465.000000 0.035276
2466.000000 0.035612
2467.000000 0.032119
2468.000000 0.040416
2469.000000 0.036247
2470.000000 0.038605
2471.000000 0.038843
2472.000000 0.039338
2473.000000 0.043830
2474.000000 0.049269
2475.000000 0.044370
2476.000000 0.040637
2477.000000 0.037418
2478.000000 0.036254
2479.000000 0.040488
2480.000000 0.035750
2481.000000 0.034646
2482.000000 0.034430
2483.000000 0.036040
2484.000000 0.035316
2485.000000 0.033265
2486.000000 0.033156
2487.000000 0.036444
2488.000000 0.035476
2489.000000 0.034203
2490.000000 0.038508
2491.000000 0.041594
2492.000000 0.048456
2493.000000 0.043694
2494.000000 0.037678
2495.000000 0.034130
2496.000000 0.034495
2497.000000 0.032929
2498.000000 0.035651
2499.000000 0.037069
2500.000000 0.039385
2501.000000 0.040943
2502.000000 0.038715
2503.000000 0.042261
2504.000000 0.049203
2505.000000 0.056639
2506.000000 0.052107
2507.000000 0.044175
2508.000000 0.042083
2509.000000 0.036691
2510.000000 0.037995
2511.000000 0.036610
2512.000000 0.032919
2513.000000 0.032927
2514.000000 0.034366
2515.000000 0.035452
2516.000000 0.030369
2517.000000 0.035184
2518.000000 0.034866
2519.000000 0.046178
2520.000000 0.047718
2521.000000 0.045083
2522.000000 0.047171
2523.000000 0.040026
2524.000000 0.042747
2525.000000 0.037872
2526.000000 0.034358
2527.000000 0.035984
2528.000000 0.035958
2529.000000 0.035895
2530.000000 0.038790
2531.000000 0.038625
2532.000000 0.036063
2533.000000 0.034937
2534.000000 0.032561
2535.000000 0.028156
2536.000000 0.030720
2537.000000 0.033318
2538.000000 0.044213
2539.000000 0.043191
2540.000000 0.043325
2541.000000 0.039010
2542.000000 0.039212
2543.000000 0.036852
2544.000000 0.034725
2545.000000 0.037278
2546.000000 0.039240
2547.000000 0.040267
2548.000000 0.046208
2549.000000 0.042297
2550.000000 0.043525
2551.000000 0.043710
2552.000000 0.039787
2553.000000 0.038861
2554.000000 0.040011
2555.000000 0.040783
2556.000000 0.040858
2557.000000 0.045299
2558.000000 0.040862
2559.000000 0.040416
2560.000000 0.044498
2561.000000 0.040084
2562.000000 0.043899
2563.000000 0.043439
2564.000000 0.040813
2565.000000 0.043975
2566.000000 0.043300
2567.000000 0.039984
2568.000000 0.042826
2569.000000 0.040429
2570.000000 0.044807
2571.000000 0.037117
2572.000000 0.039146
2573.000000 0.040040
2574.000000 0.036087
2575.000000 0.031852
2576.000000 0.032519
2577.000000 0.039934
2578.000000 0.036364
2579.000000 0.036908
2580.000000 0.033345
2581.000000 0.033280
2582.000000 0.035348
2583.000000 0.031225
2584.000000 0.030636
2585.000000 0.034839
2586.000000 0.040974
2587.000000 0.044772
2588.000000 0.047570
2589.000000 0.042659
2590.000000 0.038823
2591.000000 0.039113
2592.000000 0.033477
2593.000000 0.033927
2594.000000 0.032915
2595.000000 0.032752
2596.000000 0.044653
2597.000000 0.042538
2598.000000 0.040296
2599.000000 0.040448
2600.000000 0.040195
2601.000000 0.045964
2602.000000 0.051366
2603.000000 0.050401
2604.000000 0.048154
2605.000000 0.045676
2606.000000 0.040061
2607.000000 0.041527
2608.000000 0.038659
2609.000000 0.037940
2610.000000 0.039463
2611.000000 0.034453
2612.000000 0.037220
2613.000000 0.035230
2614.000000 0.039841
2615.000000 0.044973
2616.000000 0.039100
2617.000000 0.039147
2618.000000 0.036659
2619.000000 0.042363
2620.000000 0.041038
2621.000000 0.039879
2622.000000 0.038201
2623.000000 0.040237
2624.000000 0.036635
2625.000000 0.040146
2626.000000 0.044319
2627.000000 0.048440
2628.000000 0.043048
2629.000000 0.041580
2630.000000 0.036313
2631.000000 0.031955
2632.000000 0.032869
2633.000000 0.035229
2634.000000 0.038739
2635.000000 0.037071
2636.000000 0.038082
2637.000000 0.041359
2638.000000 0.040744
2639.000000 0.038478
2640.000000 0.039643
2641.000000 0.041562
2642.000000 0.043157
2643.000000 0.038498
2644.000000 0.038121
2645.000000 0.033895
2646.000000 0.031480
2647.000000 0.038314
2648.000000 0.037608
2649.000000 0.039159
2650.000000 0.035584
2651.000000 0.038177
2652.000000 0.036846
2653.000000 0.036882
2654.000000 0.040271
2655.000000 0.049286
2656.000000 0.050475
2657.000000 0.045675
2658.000000 0.043316
2659.000000 0.043077
2660.000000 0.040126
2661.000000 0.040080
2662.000000 0.038372
2663.000000 0.037827
2664.000000 0.039404
2665.000000 0.035938
2666.000000 0.032249
2667.000000 0.031568
2668.000000 0.033042
2669.000000 0.035917
2670.000000 0.033854
2671.000000 0.043501
2672.000000 0.045976
2673.000000 0.048233
2674.000000 0.045971
2675.000000 0.044255
2676.000000 0.044981
2677.000000 0.047163
2678.000000 0.047700
2679.000000 0.045996
2680.000000 0.041830
2681.000000 0.042611
2682.000000 0.048615
2683.000000 0.047403
2684.000000 0.045871
2685.000000 0.045166
2686.000000 0.039407
2687.000000 0.037826
2688.000000 0.036236
2689.000000 0.033567
2690.000000 0.029753
2691.000000 0.037119
2692.000000 0.034587
2693.000000 0.031880
2694.000000 0.031398
2695.000000 0.036204
2696.000000 0.037844
2697.000000 0.040356
2698.000000 0.039141
2699.000000 0.038001
2700.000000 0.047658
2701.000000 0.047869
2702.000000 0.047279
2703.000000 0.039695
2704.000000 0.040066
2705.000000 0.038566
2706.000000 0.039019
2707.000000 0.045502
2708.000000 0.046823
2709.000000 0.041324
2710.000000 0.036049
2711.000000 0.032772
2712.000000 0.030607
2713.000000 0.032417
2714.000000 0.030618
2715.000000 0.033067
2716.000000 0.034794
2717.000000 0.031748
2718.000000 0.034969
2719.000000 0.033859
2720.000000 0.031083
2721.000000 0.033758
2722.000000 0.039524
2723.000000 0.039997
2724.000000 0.040685
2725.000000 0.045141
2726.000000 0.045923
2727.000000 0.046238
2728.000000 0.041886
2729.000000 0.047400
2730.000000 0.049008
2731.000000 0.047483
2732.000000 0.045606
2733.000000 0.046754
2734.000000 0.045200
2735.000000 0.043297
2736.000000 0.042271
2737.000000 0.037951
2738.000000 0.037748
2739.000000 0.035533
2740.000000 0.031633
2741.000000 0.029631
2742.000000 0.034713
2743.000000 0.034728
2744.000000 0.035668
2745.000000 0.044234
2746.000000 0.045688
2747.000000 0.046873
2748.000000 0.042121
2749.000000 0.039612
2750.000000 0.039465
2751.000000 0.048041
2752.000000 0.048158
2753.000000 0.043370
2754.000000 0.041846
2755.000000 0.042219
2756.000000 0.041602
2757.000000 0.044286
2758.000000 0.045722
2759.000000 0.041319
2760.000000 0.037494
2761.000000 0.035507
2762.000000 0.039205
2763.000000 0.039302
2764.000000 0.035949
2765.000000 0.031673
2766.000000 0.036672
2767.000000 0.038357
2768.000000 0.038377
2769.000000 0.041690
2770.000000 0.045534
2771.000000 0.047744
2772.000000 0.041241
2773.000000 0.046458
2774.000000 0.045071
2775.000000 0.040627
2776.000000 0.037378
2777.000000 0.035701
2778.000000 0.041793
2779.000000 0.043382
2780.000000 0.044884
2781.000000 0.046337
2782.000000 0.039305
2783.000000 0.033695
2784.000000 0.035690
2785.000000 0.040584
2786.000000 0.043104
2787.000000 0.039954
2788.000000 0.043230
2789.000000 0.037092
2790.000000 0.037512
2791.000000 0.036155
2792.000000 0.039123
2793.000000 0.035535
2794.000000 0.035845
2795.000000 0.031569
2796.000000 0.029453
2797.000000 0.035256
2798.000000 0.039831
2799.000000 0.037816
2800.000000 0.040647
2801.000000 0.038545
2802.000000 0.039614
2803.000000 0.035565
2804.000000 0.032998
2805.000000 0.040196
2806.000000 0.035795
2807.000000 0.039379
2808.000000 0.039548
2809.000000 0.042866
2810.000000 0.038706
2811.000000 0.037873
2812.000000 0.043342
2813.000000 0.043630
2814.000000 0.038938
2815.000000 0.043456
2816.000000 0.045888
2817.000000 0.039777
2818.000000 0.034848
2819.000000 0.030908
2820.000000 0.035433
2821.000000 0.033362
2822.000000 0.036724
2823.000000 0.031697
2824.000000 0.030598
2825.000000 0.035854
2826.000000 0.037223
2827.000000 0.036622
2828.000000 0.036270
2829.000000 0.044431
2830.000000 0.042829
2831.000000 0.038471
2832.000000 0.034691
2833.000000 0.042800
2834.000000 0.036513
2835.000000 0.036411
2836.000000 0.033361
2837.000000 0.030308
2838.000000 0.029991
2839.000000 0.028000
2840.000000 0.034259
2841.000000 0.037130
2842.000000 0.036948
2843.000000 0.039534
2844.000000 0.039448
2845.000000 0.044842
2846.000000 0.042868
2847.000000 0.041863
2848.000000 0.045312
2849.000000 0.046631
2850.000000 0.043334
2851.000000 0.039865
2852.000000 0.035802
2853.000000 0.038952
2854.000000 0.033901
2855.000000 0.035402
2856.000000 0.035843
2857.000000 0.036602
2858.000000 0.032950
2859.000000 0.033919
2860.000000 0.038364
2861.000000 0.043348
2862.000000 0.041810
2863.000000 0.043506
2864.000000 0.048491
2865.000000 0.055282
2866.000000 0.057382
2867.000000 0.059402
2868.000000 0.054638
2869.000000 0.047448
2870.000000 0.047360
2871.000000 0.045440
2872.000000 0.046582
2873.000000 0.044314
2874.000000 0.042235
2875.000000 0.036934
2876.000000 0.033583
2877.000000 0.031500
2878.000000 0.031013
2879.000000 0.028947
2880.000000 0.027949
2881.000000 0.024809
2882.000000 0.028921
2883.000000 0.032674
2884.000000 0.034076
2885.000000 0.033620
2886.000000 0.035559
2887.000000 0.041499
2888.000000 0.040182
2889.000000 0.043158
2890.000000 0.049654
2891.000000 0.052618
2892.000000 0.046641
2893.000000 0.041651
2894.000000 0.043332
2895.000000 0.041925
2896.000000 0.036750
2897.000000 0.038308
2898.000000 0.036931
2899.000000 0.037643
2900.000000 0.031891
2901.000000 0.029591
2902.000000 0.040274
2903.000000 0.037041
2904.000000 0.040424
2905.000000 0.041258
2906.000000 0.040942
2907.000000 0.041904
2908.000000 0.038137
2909.000000 0.035048
2910.000000 0.036867
2911.000000 0.040308
2912.000000 0.039703
2913.000000 0.043894
2914.000000 0.046184
2915.000000 0.043977
2916.000000 0.041274
2917.000000 0.035518
2918.000000 0.038397
2919.000000 0.034832
2920.000000 0.032272
2921.000000 0.036165
2922.000000 0.041236
2923.000000 0.041359
2924.000000 0.047994
2925.000000 0.045212
2926.000000 0.045803
2927.000000 0.043354
2928.000000 0.045972
2929.000000 0.044832
2930.000000 0.039835
2931.000000 0.033337
2932.000000 0.033338
2933.000000 0.030695
2934.000000 0.026272
2935.000000 0.031893
2936.000000 0.033195
2937.000000 0.037862
2938.000000 0.038103
2939.000000 0.034328
2940.000000 0.032364
2941.000000 0.032668
2942.000000 0.031798
2943.000000 0.034416
2944.000000 0.033588
2945.000000 0.040559
2946.000000 0.040649
2947.000000 0.046177
2948.000000 0.046462
2949.000000 0.045195
2950.000000 0.044376
2951.000000 0.044250
2952.000000 0.042584
2953.000000 0.042587
2954.000000 0.038226
2955.000000 0.038229
2956.000000 0.037627
2957.000000 0.041272
2958.000000 0.040277
2959.000000 0.034794
2960.000000 0.045048
2961.000000 0.047383
2962.000000 0.042660
2963.000000 0.044035
2964.000000 0.038812
2965.000000 0.041200
2966.000000 0.035388
2967.000000 0.031935
2968.000000 0.032394
2969.000000 0.034576
2970.000000 0.038207
2971.000000 0.040681
2972.000000 0.036491
2973.000000 0.035752
2974.000000 0.038201
2975.000000 0.035830
2976.000000 0.043570
2977.000000 0.043783
2978.000000 0.037508
2979.000000 0.038922
2980.000000 0.045452
2981.000000 0.041323
2982.000000 0.036176
2983.000000 0.039250
2984.000000 0.039044
2985.000000 0.040662
2986.000000 0.036694
2987.000000 0.038076
2988.000000 0.034270
2989.000000 0.032960
2990.000000 0.030464
2991.000000 0.034861
2992.000000 0.035078
2993.000000 0.032140
2994.000000 0.032201
2995.000000 0.034274
2996.000000 0.033031
2997.000000 0.039927
2998.000000 0.047385
2999.000000 0.046062
3000.000000 0.040832
3001.000000 0.039706
3002.000000 0.043238
3003.000000 0.044224
3004.000000 0.044618
3005.000000 0.041368
3006.000000 0.040120
3007.000000 0.038323
3008.000000 0.038786
3009.000000 0.045174
3010.000000 0.044276
3011.000000 0.043150
3012.000000 0.044485
3013.000000 0.045383
3014.000000 0.046381
3015.000000 0.043483
3016.000000 0.046461
3017.000000 0.045410
3018.000000 0.050758
3019.000000 0.044040
3020.000000 0.043394
3021.000000 0.037527
3022.000000 0.038795
3023.000000 0.038273
3024.000000 0.044154
3025.000000 0.040141
3026.000000 0.036523
3027.000000 0.034893
3028.000000 0.030535
3029.000000 0.028360
3030.000000 0.031134
3031.000000 0.032188
3032.000000 0.033099
3033.000000 0.042570
3034.000000 0.044423
3035.000000 0.043390
3036.000000 0.040942
3037.000000 0.038721
3038.000000 0.041438
3039.000000 0.041212
3040.000000 0.037758
3041.000000 0.037776
3042.000000 0.032998
3043.000000 0.027522
3044.000000 0.029852
3045.000000 0.026361
3046.000000 0.026173
3047.000000 0.033096
3048.000000 0.029534
3049.000000 0.037501
3050.000000 0.038257
3051.000000 0.047552
3052.000000 0.043113
3053.000000 0.042309
3054.000000 0.044242
3055.000000 0.044676
3056.000000 0.042557
3057.000000 0.037454
3058.000000 0.036828
3059.000000 0.038393
3060.000000 0.036798
3061.000000 0.032861
3062.000000 0.031985
3063.000000 0.030810
3064.000000 0.035264
3065.000000 0.035651
3066.000000 0.041435
3067.000000 0.040052
3068.000000 0.039171
3069.000000 0.036807
3070.000000 0.045204
3071.000000 0.041816
3072.000000 0.042005
3073.000000 0.036864
3074.000000 0.038773
3075.000000 0.033697
3076.000000 0.037790
3077.000000 0.035354
3078.000000 0.032586
3079.000000 0.031899
3080.000000 0.033044
3081.000000 0.032048
3082.000000 0.032317
3083.000000 0.042593
3084.000000 0.039928
3085.000000 0.038845
3086.000000 0.035146
3087.000000 0.047566
3088.000000 0.046983
3089.000000 0.040880
3090.000000 0.042904
3091.000000 0.037363
3092.000000 0.033529
3093.000000 0.035134
3094.000000 0.033656
3095.000000 0.032182
3096.000000 0.036017
3097.000000 0.031248
3098.000000 0.030033
3099.000000 0.037496
3100.000000 0.040706
3101.000000 0.044329
3102.000000 0.044503
3103.000000 0.040074
3104.000000 0.039618
3105.000000 0.040759
3106.000000 0.042573
3107.000000 0.044947
3108.000000 0.039608
3109.000000 0.037542
3110.000000 0.035364
3111.000000 0.036609
3112.000000 0.037143
3113.000000 0.043343
3114.000000 0.046107
3115.000000 0.047031
3116.000000 0.040764
3117.000000 0.037371
3118.000000 0.042377
3119.000000 0.044178
3120.000000 0.042059
3121.000000 0.039468
3122.000000 0.042074
3123.000000 0.042575
3124.000000 0.037804
3125.000000 0.035061
3126.000000 0.037982
3127.000000 0.040224
3128.000000 0.036265
3129.000000 0.036946
3130.000000 0.042949
3131.000000 0.041652
3132.000000 0.035924
3133.000000 0.029814
3134.000000 0.036758
3135.000000 0.035729
3136.000000 0.034922
3137.000000 0.032517
3138.000000 0.030097
3139.000000 0.035222
3140.000000 0.042652
3141.000000 0.043766
3142.000000 0.048920
3143.000000 0.044048
3144.000000 0.046562
3145.000000 0.044919
3146.000000 0.040303
3147.000000 0.040795
3148.000000 0.038709
3149.000000 0.040933
3150.000000 0.037751
3151.000000 0.039955
3152.000000 0.038494
3153.000000 0.035994
3154.000000 0.035516
3155.000000 0.034335
3156.000000 0.032568
3157.000000 0.030108
3158.000000 0.032370
3159.000000 0.036931
3160.000000 0.038715
3161.000000 0.036585
3162.000000 0.038564
3163.000000 0.041407
3164.000000 0.041605
3165.000000 0.043235
3166.000000 0.045355
3167.000000 0.048559
3168.000000 0.046646
3169.000000 0.044520
3170.000000 0.041675
3171.000000 0.037725
3172.000000 0.034443
3173.000000 0.036402
3174.000000 0.031131
3175.000000 0.027663
3176.000000 0.028849
3177.000000 0.027867
3178.000000 0.029828
3179.000000 0.030372
3180.000000 0.030780
3181.000000 0.039546
3182.000000 0.036530
3183.000000 0.039160
3184.000000 0.048247
3185.000000 0.044561
3186.000000 0.043484
3187.000000 0.040010
3188.000000 0.040037
3189.000000 0.041517
3190.000000 0.036071
3191.000000 0.043254
3192.000000 0.038072
3193.000000 0.038687
3194.000000 0.036890
3195.000000 0.033615
3196.000000 0.038154
3197.000000 0.034830
3198.000000 0.032730
3199.000000 0.035205
3200.000000 0.032022
3201.000000 0.038157
3202.000000 0.037951
3203.000000 0.033553
3204.000000 0.035500
3205.000000 0.039777
3206.000000 0.043891
3207.000000 0.047128
3208.000000 0.048996
3209.000000 0.043098
3210.000000 0.039289
3211.000000 0.037069
3212.000000 0.035842
3213.000000 0.035622
3214.000000 0.034391
3215.000000 0.031714
3216.000000 0.032388
3217.000000 0.033188
3218.000000 0.038338
3219.000000 0.051517
3220.000000 0.050965
3221.000000 0.045794
3222.000000 0.048055
3223.000000 0.047703
3224.000000 0.047483
3225.000000 0.041807
3226.000000 0.043217
3227.000000 0.040454
3228.000000 0.039609
3229.000000 0.037428
3230.000000 0.035452
3231.000000 0.030858
3232.000000 0.034111
3233.000000 0.033190
3234.000000 0.031288
3235.000000 0.029188
3236.000000 0.034995
3237.000000 0.037822
3238.000000 0.040186
3239.000000 0.039121
3240.000000 0.043119
3241.000000 0.042433
3242.000000 0.038802
3243.000000 0.042675
3244.000000 0.036027
3245.000000 0.040976
3246.000000 0.037854
3247.000000 0.035118
3248.000000 0.030605
3249.000000 0.036500
3250.000000 0.032076
3251.000000 0.029527
3252.000000 0.037059
3253.000000 0.033361
3254.000000 0.038018
3255.000000 0.037666
3256.000000 0.037576
3257.000000 0.045922
3258.000000 0.048841
3259.000000 0.046834
3260.000000 0.041131
3261.000000 0.041241
3262.000000 0.038180
3263.000000 0.038687
3264.000000 0.039791
3265.000000 0.037614
3266.000000 0.045117
3267.000000 0.042352
3268.000000 0.044894
3269.000000 0.045133
3270.000000 0.044895
3271.000000 0.042723
3272.000000 0.041930
3273.000000 0.039472
3274.000000 0.035063
3275.000000 0.037299
3276.000000 0.036882
3277.000000 0.040515
3278.000000 0.041775
3279.000000 0.041439
3280.000000 0.038263
3281.000000 0.037164
3282.000000 0.031524
3283.000000 0.031827
3284.000000 0.028742
3285.000000 0.038560
3286.000000 0.044351
3287.000000 0.040517
3288.000000 0.036272
3289.000000 0.035951
3290.000000 0.039678
3291.000000 0.044293
3292.000000 0.036938
3293.000000 0.039130
3294.000000 0.041008
3295.000000 0.039938
3296.000000 0.034730
3297.000000 0.037319
3298.000000 0.043744
3299.000000 0.045087
3300.000000 0.048264
3301.000000 0.044693
3302.000000 0.040056
3303.000000 0.033920
3304.000000 0.036782
3305.000000 0.032031
3306.000000 0.031925
3307.000000 0.034461
3308.000000 0.038246
3309.000000 0.032319
3310.000000 0.035703
3311.000000 0.035377
3312.000000 0.042211
3313.000000 0.042494
3314.000000 0.045849
3315.000000 0.041710
3316.000000 0.035777
3317.000000 0.030759
3318.000000 0.031515
3319.000000 0.037140
3320.000000 0.037473
3321.000000 0.033555
3322.000000 0.030882
3323.000000 0.036745
3324.000000 0.036767
3325.000000 0.045004
3326.000000 0.040746
3327.000000 0.040229
3328.000000 0.040955
3329.000000 0.042536
3330.000000 0.038602
3331.000000 0.036349
3332.000000 0.043687
3333.000000 0.043058
3334.000000 0.046674
3335.000000 0.046828
3336.000000 0.044300
3337.000000 0.040154
3338.000000 0.035960
3339.000000 0.035950
3340.000000 0.033893
3341.000000 0.040512
3342.000000 0.038957
3343.000000 0.034416
3344.000000 0.033851
3345.000000 0.033954
3346.000000 0.030350
3347.000000 0.033005
3348.000000 0.030170
3349.000000 0.035403
3350.000000 0.041076
3351.000000 0.038074
3352.000000 0.038826
3353.000000 0.043233
3354.000000 0.039251
3355.000000 0.045317
3356.000000 0.047563
3357.000000 0.050190
3358.000000 0.047169
3359.000000 0.045320
3360.000000 0.044494
3361.000000 0.041569
3362.000000 0.038991
3363.000000 0.040609
3364.000000 0.037405
3365.000000 0.033635
3366.000000 0.037191
3367.000000 0.035299
3368.000000 0.043058
3369.000000 0.043736
3370.000000 0.046442
3371.000000 0.043159
3372.000000 0.042633
3373.000000 0.042512
3374.000000 0.044129
3375.000000 0.045962
3376.000000 0.046207
3377.000000 0.040095
3378.000000 0.039450
3379.000000 0.034769
3380.000000 0.048956
3381.000000 0.044448
3382.000000 0.047086
3383.000000 0.039963
3384.000000 0.034600
3385.000000 0.036026
3386.000000 0.036420
3387.000000 0.038705
3388.000000 0.040656
3389.000000 0.037685
3390.000000 0.039592
3391.000000 0.048931
3392.000000 0.045242
3393.000000 0.044430
3394.000000 0.042131
3395.000000 0.039870
3396.000000 0.036294
3397.000000 0.038582
3398.000000 0.037546
3399.000000 0.033104
3400.000000 0.039327
3401.000000 0.043310
3402.000000 0.043154
3403.000000 0.038730
3404.000000 0.037446
3405.000000 0.040783
3406.000000 0.040022
3407.000000 0.038497
3408.000000 0.039639
3409.000000 0.043396
3410.000000 0.051530
3411.000000 0.045302
3412.000000 0.046880
3413.000000 0.051218
3414.000000 0.046521
3415.000000 0.053961
3416.000000 0.044582
3417.000000 0.037325
3418.000000 0.043931
3419.000000 0.051021
3420.000000 0.048574
3421.000000 0.044482
3422.000000 0.040185
3423.000000 0.039492
3424.000000 0.041031
3425.000000 0.039306
3426.000000 0.043789
3427.000000 0.038189
3428.000000 0.035595
3429.000000 0.035640
3430.000000 0.034064
3431.000000 0.031991
3432.000000 0.037598
3433.000000 0.036025
3434.000000 0.035781
3435.000000 0.035413
3436.000000 0.036682
3437.000000 0.037449
3438.000000 0.036301
3439.000000 0.035157
3440.000000 0.041033
3441.000000 0.048663
3442.000000 0.044317
3443.000000 0.042316
3444.000000 0.044675
3445.000000 0.044490
3446.000000 0.038165
3447.000000 0.037772
3448.000000 0.038354
3449.000000 0.037527
3450.000000 0.036264
3451.000000 0.037603
3452.000000 0.036093
3453.000000 0.039945
3454.000000 0.038162
3455.000000 0.032797
3456.000000 0.034015
3457.000000 0.040407
3458.000000 0.039663
3459.000000 0.037179
3460.000000 0.035801
3461.000000 0.033312
3462.000000 0.031686
3463.000000 0.034395
3464.000000 0.039352
3465.000000 0.041825
3466.000000 0.042105
3467.000000 0.036140
3468.000000 0.042154
3469.000000 0.037142
3470.000000 0.035274
3471.000000 0.032817
3472.000000 0.029215
3473.000000 0.031003
3474.000000 0.035641
3475.000000 0.042936
3476.000000 0.043843
3477.000000 0.036534
3478.000000 0.042847
3479.000000 0.042552
3480.000000 0.043494
3481.000000 0.046023
3482.000000 0.045073
3483.000000 0.047502
3484.000000 0.045264
3485.000000 0.046003
3486.000000 0.045052
3487.000000 0.050686
3488.000000 0.047133
3489.000000 0.042533
3490.000000 0.039099
3491.000000 0.039648
3492.000000 0.045549
3493.000000 0.043155
3494.000000 0.039213
3495.000000 0.034653
3496.000000 0.037367
3497.000000 0.036916
3498.000000 0.036182
3499.000000 0.040818
3500.000000 0.037467
3501.000000 0.033435
3502.000000 0.037506
3503.000000 0.032068
3504.000000 0.039476
3505.000000 0.043858
3506.000000 0.036849
3507.000000 0.038617
3508.000000 0.033741
3509.000000 0.036658
3510.000000 0.036694
3511.000000 0.036677
3512.000000 0.036014
3513.000000 0.034502
3514.000000 0.037104
3515.000000 0.038421
3516.000000 0.040691
3517.000000 0.043339
3518.000000 0.042212
3519.000000 0.040492
3520.000000 0.042580
3521.000000 0.044082
3522.000000 0.044997
3523.000000 0.044563
3524.000000 0.042703
3525.000000 0.040978
3526.000000 0.045390
3527.000000 0.048875
3528.000000 0.045322
3529.000000 0.040240
3530.000000 0.039614
3531.000000 0.044556
3532.000000 0.047136
3533.000000 0.039635
3534.000000 0.032832
3535.000000 0.030275
3536.000000 0.031865
3537.000000 0.029093
3538.000000 0.029380
3539.000000 0.030929
3540.000000 0.037367
3541.000000 0.040442
3542.000000 0.041795
3543.000000 0.040723
3544.000000 0.040420
3545.000000 0.040149
3546.000000 0.041043
3547.000000 0.045424
3548.000000 0.043494
3549.000000 0.040376
3550.000000 0.038357
3551.000000 0.035190
3552.000000 0.031250
3553.000000 0.029666
3554.000000 0.031435
3555.000000 0.034540
3556.000000 0.030372
3557.000000 0.030814
3558.000000 0.036576
3559.000000 0.037555
3560.000000 0.039036
3561.000000 0.043302
3562.000000 0.045173
3563.000000 0.038663
3564.000000 0.038767
3565.000000 0.037803
3566.000000 0.036283
3567.000000 0.037521
3568.000000 0.037857
3569.000000 0.034430
3570.000000 0.034489
3571.000000 0.038529
3572.000000 0.044840
3573.000000 0.042875
3574.000000 0.042513
3575.000000 0.039849
3576.000000 0.044687
3577.000000 0.045035
3578.000000 0.041827
3579.000000 0.039027
3580.000000 0.037602
3581.000000 0.034985
3582.000000 0.032740
3583.000000 0.034618
3584.000000 0.039089
3585.000000 0.041188
3586.000000 0.037652
3587.000000 0.035114
3588.000000 0.034490
3589.000000 0.032637
3590.000000 0.037137
3591.000000 0.038041
3592.000000 0.036842
3593.000000 0.041356
3594.000000 0.041065
3595.000000 0.038434
3596.000000 0.037164
3597.000000 0.036993
3598.000000 0.036897
3599.000000 0.039891
3600.000000 0.036352
3601.000000 0.034304
3602.000000 0.032149
3603.000000 0.029988
3604.000000 0.032940
3605.000000 0.032620
3606.000000 0.036916
3607.000000 0.040319
3608.000000 0.039535
3609.000000 0.043261
3610.000000 0.043589
3611.000000 0.047420
3612.000000 0.047584
3613.000000 0.043018
3614.000000 0.043788
3615.000000 0.040820
3616.000000 0.039802
3617.000000 0.038300
3618.000000 0.035729
3619.000000 0.037544
3620.000000 0.034348
3621.000000 0.032703
3622.000000 0.035573
3623.000000 0.038768
3624.000000 0.041905
3625.000000 0.049551
3626.000000 0.043442
3627.000000 0.042955
3628.000000 0.037600
3629.000000 0.034728
3630.000000 0.033901
3631.000000 0.035689
3632.000000 0.034118
3633.000000 0.030442
3634.000000 0.030722
3635.000000 0.031942
3636.000000 0.036720
3637.000000 0.036485
3638.000000 0.039078
3639.000000 0.042847
3640.000000 0.040359
3641.000000 0.044338
3642.000000 0.041975
3643.000000 0.038358
3644.000000 0.035399
3645.000000 0.040926
3646.000000 0.042267
3647.000000 0.041272
3648.000000 0.042526
3649.000000 0.037039
3650.000000 0.033063
3651.000000 0.030756
3652.000000 0.029963
3653.000000 0.034604
3654.000000 0.033572
3655.000000 0.036837
3656.000000 0.034926
3657.000000 0.040728
3658.000000 0.042491
3659.000000 0.039994
3660.000000 0.041447
3661.000000 0.039715
3662.000000 0.038576
3663.000000 0.037539
3664.000000 0.035080
3665.000000 0.037591
3666.000000 0.039502
3667.000000 0.034057
3668.000000 0.032456
3669.000000 0.034637
3670.000000 0.038436
3671.000000 0.044437
3672.000000 0.042263
3673.000000 0.041943
3674.000000 0.043520
3675.000000 0.040551
3676.000000 0.038097
3677.000000 0.041359
3678.000000 0.034945
3679.000000 0.038545
3680.000000 0.040440
3681.000000 0.040902
3682.000000 0.036854
3683.000000 0.034578
3684.000000 0.033541
3685.000000 0.034659
3686.000000 0.036172
3687.000000 0.045459
3688.000000 0.038435
3689.000000 0.040438
3690.000000 0.042494
3691.000000 0.046152
3692.000000 0.042335
3693.000000 0.047672
3694.000000 0.042876
3695.000000 0.040772
3696.000000 0.037620
3697.000000 0.034531
3698.000000 0.038468
3699.000000 0.038964
3700.000000 0.042416
3701.000000 0.035664
3702.000000 0.034177
3703.000000 0.041969
3704.000000 0.042545
3705.000000 0.040546
3706.000000 0.037190
3707.000000 0.043295
3708.000000 0.038444
3709.000000 0.047944
3710.000000 0.041811
3711.000000 0.040624
3712.000000 0.039713
3713.000000 0.045850
3714.000000 0.045769
3715.000000 0.045648
3716.000000 0.047130
3717.000000 0.047309
3718.000000 0.045305
3719.000000 0.044758
3720.000000 0.041993
3721.000000 0.044954
3722.000000 0.043962
3723.000000 0.042594
3724.000000 0.046022
3725.000000 0.044011
3726.000000 0.045065
3727.000000 0.044828
3728.000000 0.042711
3729.000000 0.040024
3730.000000 0.035114
3731.000000 0.037725
3732.000000 0.036795
3733.000000 0.032388
3734.000000 0.030870
3735.000000 0.033656
3736.000000 0.038252
3737.000000 0.039224
3738.000000 0.037982
3739.000000 0.034894
3740.000000 0.038229
3741.000000 0.038424
3742.000000 0.039183
3743.000000 0.040620
3744.000000 0.041184
3745.000000 0.043368
3746.000000 0.039044
3747.000000 0.035203
3748.000000 0.036273
3749.000000 0.033933
3750.000000 0.032810
3751.000000 0.033004
3752.000000 0.032200
3753.000000 0.034555
3754.000000 0.034170
3755.000000 0.035868
3756.000000 0.039094
3757.000000 0.037815
3758.000000 0.035480
3759.000000 0.033800
3760.000000 0.038327
3761.000000 0.051123
3762.000000 0.056176
3763.000000 0.052899
3764.000000 0.050874
3765.000000 0.047290
3766.000000 0.051303
3767.000000 0.045466
3768.000000 0.039441
3769.000000 0.038418
3770.000000 0.033355
3771.000000 0.030571
3772.000000 0.030922
3773.000000 0.027559
3774.000000 0.027511
3775.000000 0.030126
3776.000000 0.028913
3777.000000 0.031485
3778.000000 0.037005
3779.000000 0.032806
3780.000000 0.033375
3781.000000 0.043194
3782.000000 0.041136
3783.000000 0.043983
3784.000000 0.050312
3785.000000 0.047210
3786.000000 0.045974
3787.000000 0.045782
3788.000000 0.041701
3789.000000 0.043448
3790.000000 0.043151
3791.000000 0.041150
3792.000000 0.042799
3793.000000 0.039031
3794.000000 0.038838
3795.000000 0.033581
3796.000000 0.030170
3797.000000 0.029588
3798.000000 0.027476
3799.000000 0.028356
3800.000000 0.033685
3801.000000 0.032090
3802.000000 0.032623
3803.000000 0.035547
3804.000000 0.044005
3805.000000 0.043389
3806.000000 0.042055
3807.000000 0.041543
3808.000000 0.041105
3809.000000 0.038791
3810.000000 0.035549
3811.000000 0.040590
3812.000000 0.035287
3813.000000 0.036205
3814.000000 0.047348
3815.000000 0.044638
3816.000000 0.042147
3817.000000 0.039848
3818.000000 0.035936
3819.000000 0.035784
3820.000000 0.036831
3821.000000 0.036655
3822.000000 0.033761
3823.000000 0.036657
3824.000000 0.035395
3825.000000 0.038219
3826.000000 0.038344
3827.000000 0.043260
3828.000000 0.038804
3829.000000 0.037467
3830.000000 0.043892
3831.000000 0.038387
3832.000000 0.035851
3833.000000 0.035454
3834.000000 0.036687
3835.000000 0.034351
3836.000000 0.042615
3837.000000 0.043060
3838.000000 0.038667
3839.000000 0.041647
3840.000000 0.052085
3841.000000 0.046073
3842.000000 0.047708
3843.000000 0.048097
3844.000000 0.050600
3845.000000 0.052869
3846.000000 0.046016
3847.000000 0.044527
3848.000000 0.042180
3849.000000 0.039806
3850.000000 0.034829
3851.000000 0.032105
3852.000000 0.029885
3853.000000 0.027845
3854.000000 0.026338
3855.000000 0.032324
3856.000000 0.038700
3857.000000 0.034659
3858.000000 0.037189
3859.000000 0.039421
3860.000000 0.036280
3861.000000 0.035808
3862.000000 0.048198
3863.000000 0.045262
3864.000000 0.047806
3865.000000 0.046837
3866.000000 0.045506
3867.000000 0.049175
3868.000000 0.047649
3869.000000 0.045781
3870.000000 0.041234
3871.000000 0.039151
3872.000000 0.038827
3873.000000 0.034323
3874.000000 0.038059
3875.000000 0.036045
3876.000000 0.033854
3877.000000 0.039787
3878.000000 0.034854
3879.000000 0.035212
3880.000000 0.044304
3881.000000 0.045899
3882.000000 0.043055
3883.000000 0.038827
3884.000000 0.037530
3885.000000 0.040476
3886.000000 0.041730
3887.000000 0.043223
3888.000000 0.043578
3889.000000 0.043332
3890.000000 0.045531
3891.000000 0.049303
3892.000000 0.047668
3893.000000 0.043961
3894.000000 0.037514
3895.000000 0.038574
3896.000000 0.040424
3897.000000 0.035978
3898.000000 0.036246
3899.000000 0.035599
3900.000000 0.040867
3901.000000 0.042969
3902.000000 0.040296
3903.000000 0.043632
3904.000000 0.049720
3905.000000 0.043150
3906.000000 0.042722
3907.000000 0.042595
3908.000000 0.037541
3909.000000 0.036270
3910.000000 0.030922
3911.000000 0.035200
3912.000000 0.046031
3913.000000 0.041903
3914.000000 0.038245
3915.000000 0.034608
3916.000000 0.031653
3917.000000 0.035400
3918.000000 0.038660
3919.000000 0.037470
3920.000000 0.040963
3921.000000 0.040030
3922.000000 0.038495
3923.000000 0.035373
3924.000000 0.048870
3925.000000 0.049582
3926.000000 0.043671
3927.000000 0.044052
3928.000000 0.047682
3929.000000 0.050493
3930.000000 0.051251
3931.000000 0.047714
3932.000000 0.042818
3933.000000 0.039174
3934.000000 0.035447
3935.000000 0.032257
3936.000000 0.033473
3937.000000 0.037585
3938.000000 0.036611
3939.000000 0.038905
3940.000000 0.034714
3941.000000 0.036778
3942.000000 0.040537
3943.000000 0.036927
3944.000000 0.042675
3945.000000 0.045447
3946.000000 0.040577
3947.000000 0.044412
3948.000000 0.045521
3949.000000 0.045326
3950.000000 0.043088
3951.000000 0.041210
3952.000000 0.040259
3953.000000 0.038813
3954.000000 0.038638
3955.000000 0.034733
3956.000000 0.035484
3957.000000 0.037453
3958.000000 0.035223
3959.000000 0.035320
3960.000000 0.035526
3961.000000 0.042747
3962.000000 0.042275
3963.000000 0.038945
3964.000000 0.033249
3965.000000 0.033384
3966.000000 0.032857
3967.000000 0.031283
3968.000000 0.033861
3969.000000 0.033969
3970.000000 0.034258
3971.000000 0.037026
3972.000000 0.034250
3973.000000 0.042838
3974.000000 0.040072
3975.000000 0.037048
3976.000000 0.040161
3977.000000 0.039490
3978.000000 0.043810
3979.000000 0.040793
3980.000000 0.047120
3981.000000 0.043539
3982.000000 0.043639
3983.000000 0.041352
3984.000000 0.036993
3985.000000 0.046208
3986.000000 0.044370
3987.000000 0.040927
3988.000000 0.044967
3989.000000 0.041903
3990.000000 0.041067
3991.000000 0.040211
3992.000000 0.045023
3993.000000 0.041162
3994.000000 0.040668
3995.000000 0.045850
3996.000000 0.040974
3997.000000 0.035640
3998.000000 0.032209
3999.000000 0.030357
4000.000000 0.038252
4001.000000 0.036862
4002.000000 0.038351
4003.000000 0.040690
4004.000000 0.042033
4005.000000 0.039935
4006.000000 0.043756
4007.000000 0.046677
4008.000000 0.044016
4009.000000 0.045869
4010.000000 0.047710
4011.000000 0.043879
4012.000000 0.043867
4013.000000 0.041265
4014.000000 0.039498
4015.000000 0.042276
4016.000000 0.047618
4017.000000 0.045883
4018.000000 0.040304
4019.000000 0.038642
4020.000000 0.042495
4021.000000 0.038484
4022.000000 0.040610
4023.000000 0.037281
4024.000000 0.038004
4025.000000 0.034443
4026.000000 0.036425
4027.000000 0.040756
4028.000000 0.038745
4029.000000 0.040517
4030.000000 0.040540
4031.000000 0.038562
4032.000000 0.035568
4033.000000 0.030840
4034.000000 0.035826
4035.000000 0.034320
4036.000000 0.038925
4037.000000 0.038295
4038.000000 0.037162
4039.000000 0.034989
4040.000000 0.029789
4041.000000 0.028578
4042.000000 0.030264
4043.000000 0.034980
4044.000000 0.038621
4045.000000 0.043919
4046.000000 0.044098
4047.000000 0.044618
4048.000000 0.039160
4049.000000 0.039920
4050.000000 0.043649
4051.000000 0.043652
4052.000000 0.042584
4053.000000 0.037778
4054.000000 0.036625
4055.000000 0.035970
4056.000000 0.035163
4057.000000 0.033774
4058.000000 0.035351
4059.000000 0.038770
4060.000000 0.036488
4061.000000 0.034554
4062.000000 0.035251
4063.000000 0.039173
4064.000000 0.036291
4065.000000 0.036333
4066.000000 0.034577
4067.000000 0.032950
4068.000000 0.033155
4069.000000 0.037585
4070.000000 0.038376
4071.000000 0.039187
4072.000000 0.039161
4073.000000 0.036178
4074.000000 0.039725
4075.000000 0.037563
4076.000000 0.040464
4077.000000 0.039351
4078.000000 0.039974
4079.000000 0.037650
4080.000000 0.034821
4081.000000 0.031790
4082.000000 0.033565
4083.000000 0.039324
4084.000000 0.035089
4085.000000 0.034838
4086.000000 0.038115
4087.000000 0.037676
4088.000000 0.043731
4089.000000 0.046090
4090.000000 0.039151
4091.000000 0.036124
4092.000000 0.034664
4093.000000 0.039827
4094.000000 0.036347
4095.000000 0.033680
4096.000000 0.040386
4097.000000 0.041637
4098.000000 0.038719
4099.000000 0.037397
4100.000000 0.035770
4101.000000 0.035713
4102.000000 0.032723
4103.000000 0.035803
4104.000000 0.040628
4105.000000 0.042737
4106.000000 0.043994
4107.000000 0.045828
4108.000000 0.045057
4109.000000 0.045011
4110.000000 0.043975
4111.000000 0.043625
4112.000000 0.041511
4113.000000 0.035585
4114.000000 0.036676
4115.000000 0.035460
4116.000000 0.033961
4117.000000 0.034267
4118.000000 0.037629
4119.000000 0.038841
4120.000000 0.035568
4121.000000 0.036139
4122.000000 0.051467
4123.000000 0.044210
4124.000000 0.047217
4125.000000 0.043475
4126.000000 0.039899
4127.000000 0.035847
4128.000000 0.033809
4129.000000 0.030220
4130.000000 0.028586
4131.000000 0.036998
4132.000000 0.035079
4133.000000 0.032849
4134.000000 0.035179
4135.000000 0.040876
4136.000000 0.038076
4137.000000 0.034874
4138.000000 0.041796
4139.000000 0.044477
4140.000000 0.041439
4141.000000 0.042215
4142.000000 0.040890
4143.000000 0.045193
4144.000000 0.040766
4145.000000 0.035599
4146.000000 0.038806
4147.000000 0.037784
4148.000000 0.036407
4149.000000 0.035810
4150.000000 0.033542
4151.000000 0.031745
4152.000000 0.036072
4153.000000 0.044189
4154.000000 0.046793
4155.000000 0.041769
4156.000000 0.044611
4157.000000 0.045208
4158.000000 0.040899
4159.000000 0.042264
4160.000000 0.042521
4161.000000 0.041566
4162.000000 0.035625
4163.000000 0.038091
4164.000000 0.036744
4165.000000 0.036513
4166.000000 0.032897
4167.000000 0.032813
4168.000000 0.033673
4169.000000 0.029566
4170.000000 0.031261
4171.000000 0.031290
4172.000000 0.040386
4173.000000 0.038180
4174.000000 0.040109
4175.000000 0.044905
4176.000000 0.048432
4177.000000 0.048538
4178.000000 0.047527
4179.000000 0.042639
4180.000000 0.043092
4181.000000 0.048600
4182.000000 0.043773
4183.000000 0.038265
4184.000000 0.036161
4185.000000 0.035435
4186.000000 0.033029
4187.000000 0.034841
4188.000000 0.029343
4189.000000 0.029506
4190.000000 0.031585
4191.000000 0.032221
4192.000000 0.037147
4193.000000 0.040332
4194.000000 0.037975
4195.000000 0.054881
4196.000000 0.050093
4197.000000 0.047644
4198.000000 0.048896
4199.000000 0.044158
4200.000000 0.043477
4201.000000 0.041323
4202.000000 0.040821
4203.000000 0.036005
4204.000000 0.035425
4205.000000 0.030320
4206.000000 0.028868
4207.000000 0.027464
4208.000000 0.028476
4209.000000 0.028289
4210.000000 0.033246
4211.000000 0.035948
4212.000000 0.038668
4213.000000 0.045917
4214.000000 0.052667
4215.000000 0.051087
4216.000000 0.051057
4217.000000 0.050592
4218.000000 0.043590
4219.000000 0.042806
4220.000000 0.043946
4221.000000 0.044823
4222.000000 0.043431
4223.000000 0.041555
4224.000000 0.038537
4225.000000 0.035996
4226.000000 0.032628
4227.000000 0.044908
4228.000000 0.044341
4229.000000 0.046558
4230.000000 0.044175
4231.000000 0.045625
4232.000000 0.040839
4233.000000 0.040941
4234.000000 0.040000
4235.000000 0.041382
4236.000000 0.037301
4237.000000 0.036381
4238.000000 0.032327
4239.000000 0.031667
4240.000000 0.030036
4241.000000 0.028567
4242.000000 0.031187
4243.000000 0.030228
4244.000000 0.035920
4245.000000 0.034331
4246.000000 0.034959
4247.000000 0.040530
4248.000000 0.041992
4249.000000 0.043934
4250.000000 0.044977
4251.000000 0.042171
4252.000000 0.038759
4253.000000 0.038691
4254.000000 0.037784
4255.000000 0.032948
4256.000000 0.034641
4257.000000 0.030106
4258.000000 0.028126
4259.000000 0.024941
4260.000000 0.026709
4261.000000 0.029896
4262.000000 0.038830
4263.000000 0.043220
4264.000000 0.044856
4265.000000 0.047294
4266.000000 0.046260
4267.000000 0.045098
4268.000000 0.052484
4269.000000 0.051714
4270.000000 0.049570
4271.000000 0.047536
4272.000000 0.051663
4273.000000 0.048376
4274.000000 0.041434
4275.000000 0.036297
4276.000000 0.038799
4277.000000 0.032166
4278.000000 0.031648
4279.000000 0.026638
4280.000000 0.026795
4281.000000 0.031127
4282.000000 0.038729
4283.000000 0.035384
4284.000000 0.037202
4285.000000 0.041891
4286.000000 0.039995
4287.000000 0.037474
4288.000000 0.036107
4289.000000 0.034740
4290.000000 0.034817
4291.000000 0.037993
4292.000000 0.034714
4293.000000 0.034837
4294.000000 0.031144
4295.000000 0.030770
4296.000000 0.036569
4297.000000 0.037496
4298.000000 0.044368
4299.000000 0.049948
4300.000000 0.042678
4301.000000 0.046374
4302.000000 0.047708
4303.000000 0.043853
4304.000000 0.043723
4305.000000 0.043971
4306.000000 0.040480
4307.000000 0.036951
4308.000000 0.035575
4309.000000 0.031915
4310.000000 0.031786
4311.000000 0.034005
4312.000000 0.034473
4313.000000 0.036109
4314.000000 0.032306
4315.000000 0.035689
4316.000000 0.032114
4317.000000 0.034843
4318.000000 0.035823
4319.000000 0.043598
4320.000000 0.045561
4321.000000 0.049069
4322.000000 0.043053
4323.000000 0.052211
4324.000000 0.055136
4325.000000 0.053962
4326.000000 0.051591
4327.000000 0.045257
4328.000000 0.044266
4329.000000 0.040019
4330.000000 0.035545
4331.000000 0.031545
4332.000000 0.036188
4333.000000 0.038158
4334.000000 0.037397
4335.000000 0.035993
4336.000000 0.035558
4337.000000 0.038226
4338.000000 0.036076
4339.000000 0.033535
4340.000000 0.031777
4341.000000 0.036872
4342.000000 0.040500
4343.000000 0.039891
4344.000000 0.039512
4345.000000 0.039558
4346.000000 0.040610
4347.000000 0.039354
4348.000000 0.040558
4349.000000 0.048914
4350.000000 0.045139
4351.000000 0.044889
4352.000000 0.044368
4353.000000 0.051587
4354.000000 0.051997
4355.000000 0.050931
4356.000000 0.045772
4357.000000 0.051091
4358.000000 0.052895
4359.000000 0.050195
4360.000000 0.045921
4361.000000 0.048972
4362.000000 0.051727
4363.000000 0.054398
4364.000000 0.055434
4365.000000 0.049758
4366.000000 0.044222
4367.000000 0.039644
4368.000000 0.038469
4369.000000 0.034448
4370.000000 0.035296
4371.000000 0.033144
4372.000000 0.030347
4373.000000 0.031553
4374.000000 0.035051
4375.000000 0.034530
4376.000000 0.040878
4377.000000 0.037775
4378.000000 0.041880
4379.000000 0.037248
4380.000000 0.035270
4381.000000 0.034776
4382.000000 0.035662
4383.000000 0.044371
4384.000000 0.038205
4385.000000 0.036815
4386.000000 0.032663
4387.000000 0.030839
4388.000000 0.038966
4389.000000 0.045446
4390.000000 0.049100
4391.000000 0.049995
4392.000000 0.046383
4393.000000 0.048226
4394.000000 0.045484
4395.000000 0.044945
4396.000000 0.038863
4397.000000 0.032824
4398.000000 0.035777
4399.000000 0.038497
4400.000000 0.038712
4401.000000 0.040505
4402.000000 0.038000
4403.000000 0.039304
4404.000000 0.033915
4405.000000 0.037111
4406.000000 0.041421
4407.000000 0.045195
4408.000000 0.039336
4409.000000 0.035465
4410.000000 0.032557
4411.000000 0.030370
4412.000000 0.032956
4413.000000 0.036720
4414.000000 0.042444
4415.000000 0.040872
4416.000000 0.038823
4417.000000 0.039820
4418.000000 0.041338
4419.000000 0.035541
4420.000000 0.042655
4421.000000 0.041863
4422.000000 0.040721
4423.000000 0.042156
4424.000000 0.043003
4425.000000 0.044489
4426.000000 0.036836
4427.000000 0.042338
4428.000000 0.042044
4429.000000 0.041623
4430.000000 0.036344
4431.000000 0.031858
4432.000000 0.033685
4433.000000 0.032659
4434.000000 0.039002
4435.000000 0.044952
4436.000000 0.042367
4437.000000 0.041962
4438.000000 0.038524
4439.000000 0.039199
4440.000000 0.040695
4441.000000 0.047264
4442.000000 0.043128
4443.000000 0.042860
4444.000000 0.039193
4445.000000 0.041708
4446.000000 0.044225
4447.000000 0.042321
4448.000000 0.038271
4449.000000 0.036306
4450.000000 0.043418
4451.000000 0.038105
4452.000000 0.038398
4453.000000 0.037312
4454.000000 0.035633
4455.000000 0.034351
4456.000000 0.031135
4457.000000 0.032959
4458.000000 0.033242
4459.000000 0.032729
4460.000000 0.037372
4461.000000 0.034720
4462.000000 0.036334
4463.000000 0.043900
4464.000000 0.050476
4465.000000 0.048737
4466.000000 0.042213
4467.000000 0.035508
4468.000000 0.040592
4469.000000 0.034530
4470.000000 0.033222
4471.000000 0.033923
4472.000000 0.038470
4473.000000 0.038608
4474.000000 0.037967
4475.000000 0.037643
4476.000000 0.042118
4477.000000 0.040848
4478.000000 0.034266
4479.000000 0.038074
4480.000000 0.037545
4481.000000 0.037309
4482.000000 0.040741
4483.000000 0.044623
4484.000000 0.042081
4485.000000 0.042069
4486.000000 0.041942
4487.000000 0.037131
4488.000000 0.045680
4489.000000 0.043252
4490.000000 0.045033
4491.000000 0.046000
4492.000000 0.039113
4493.000000 0.035784
4494.000000 0.033796
4495.000000 0.034530
4496.000000 0.040844
4497.000000 0.047237
4498.000000 0.047315
4499.000000 0.047456
4500.000000 0.043816
4501.000000 0.042675
4502.000000 0.037091
4503.000000 0.042990
4504.000000 0.040703
4505.000000 0.036004
4506.000000 0.036006
4507.000000 0.039301
4508.000000 0.040470
4509.000000 0.038743
4510.000000 0.042943
4511.000000 0.042186
4512.000000 0.045007
4513.000000 0.044866
4514.000000 0.039102
4515.000000 0.040388
4516.000000 0.043511
4517.000000 0.044506
4518.000000 0.042635
4519.000000 0.040267
4520.000000 0.039305
4521.000000 0.038215
4522.000000 0.034543
4523.000000 0.032707
4524.000000 0.033727
4525.000000 0.031778
4526.000000 0.036066
4527.000000 0.035191
4528.000000 0.029986
4529.000000 0.041169
4530.000000 0.042883
4531.000000 0.045710
4532.000000 0.048784
4533.000000 0.046938
4534.000000 0.043423
4535.000000 0.048146
4536.000000 0.042026
4537.000000 0.037186
4538.000000 0.039857
4539.000000 0.040017
4540.000000 0.040673
4541.000000 0.040878
4542.000000 0.037989
4543.000000 0.036843
4544.000000 0.038712
4545.000000 0.037677
4546.000000 0.034921
4547.000000 0.031908
4548.000000 0.032030
4549.000000 0.044263
4550.000000 0.041919
4551.000000 0.046824
4552.000000 0.048722
4553.000000 0.048793
4554.000000 0.047518
4555.000000 0.044241
4556.000000 0.045897
4557.000000 0.041166
4558.000000 0.038778
4559.000000 0.038357
4560.000000 0.035436
4561.000000 0.042493
4562.000000 0.038941
4563.000000 0.035018
4564.000000 0.032260
4565.000000 0.031081
4566.000000 0.035333
4567.000000 0.036032
4568.000000 0.034533
4569.000000 0.031090
4570.000000 0.030213
4571.000000 0.032136
4572.000000 0.048975
4573.000000 0.049458
4574.000000 0.046847
4575.000000 0.042844
4576.000000 0.041247
4577.000000 0.043295
4578.000000 0.044951
4579.000000 0.039093
4580.000000 0.033546
4581.000000 0.035820
4582.000000 0.037856
4583.000000 0.034844
4584.000000 0.044184
4585.000000 0.044716
4586.000000 0.042269
4587.000000 0.039282
4588.000000 0.042180
4589.000000 0.040510
4590.000000 0.037646
4591.000000 0.036279
4592.000000 0.041663
4593.000000 0.042403
4594.000000 0.040640
4595.000000 0.040721
4596.000000 0.037584
4597.000000 0.039432
4598.000000 0.042860
4599.000000 0.042011
4600.000000 0.042129
4601.000000 0.039269
4602.000000 0.036999
4603.000000 0.036274
4604.000000 0.043279
4605.000000 0.040706
4606.000000 0.039492
4607.000000 0.036979
4608.000000 0.036103
4609.000000 0.036213
4610.000000 0.041207
4611.000000 0.038712
4612.000000 0.040865
4613.000000 0.036597
4614.000000 0.033647
4615.000000 0.033217
4616.000000 0.036532
4617.000000 0.044914
4618.000000 0.046867
4619.000000 0.050091
4620.000000 0.049908
4621.000000 0.046268
4622.000000 0.039800
4623.000000 0.039146
4624.000000 0.039682
4625.000000 0.038242
4626.000000 0.038482
4627.000000 0.038818
4628.000000 0.036029
4629.000000 0.032839
4630.000000 0.031977
4631.000000 0.030439
4632.000000 0.037695
4633.000000 0.037283
4634.000000 0.045009
4635.000000 0.047509
4636.000000 0.042647
4637.000000 0.047248
4638.000000 0.043367
4639.000000 0.040257
4640.000000 0.038867
4641.000000 0.038144
4642.000000 0.040241
4643.000000 0.034691
4644.000000 0.035524
4645.000000 0.032099
4646.000000 0.034898
4647.000000 0.032987
4648.000000 0.031423
4649.000000 0.032875
4650.000000 0.034582
4651.000000 0.035208
4652.000000 0.045624
4653.000000 0.046205
4654.000000 0.049169
4655.000000 0.044421
4656.000000 0.043466
4657.000000 0.046093
4658.000000 0.043084
4659.000000 0.040891
4660.000000 0.042572
4661.000000 0.037628
4662.000000 0.044638
4663.000000 0.039305
4664.000000 0.033889
4665.000000 0.033762
4666.000000 0.031517
4667.000000 0.034937
4668.000000 0.035234
4669.000000 0.041228
4670.000000 0.038214
4671.000000 0.039273
4672.000000 0.037540
4673.000000 0.040076
4674.000000 0.037318
4675.000000 0.037160
4676.000000 0.034643
4677.000000 0.030841
4678.000000 0.034777
4679.000000 0.033630
4680.000000 0.042709
4681.000000 0.039676
4682.000000 0.041039
4683.000000 0.037278
4684.000000 0.043628
4685.000000 0.043454
4686.000000 0.043523
4687.000000 0.038535
4688.000000 0.041449
4689.000000 0.037059
4690.000000 0.035789
4691.000000 0.039301
4692.000000 0.036560
4693.000000 0.031768
4694.000000 0.039437
4695.000000 0.041196
4696.000000 0.043033
4697.000000 0.044304
4698.000000 0.041822
4699.000000 0.040993
4700.000000 0.042190
4701.000000 0.036490
4702.000000 0.036168
4703.000000 0.034716
4704.000000 0.032340
4705.000000 0.030527
4706.000000 0.032759
4707.000000 0.040250
4708.000000 0.043038
4709.000000 0.040452
4710.000000 0.040521
4711.000000 0.037880
4712.000000 0.036746
4713.000000 0.034804
4714.000000 0.039577
4715.000000 0.041387
4716.000000 0.038335
4717.000000 0.034981
4718.000000 0.034358
4719.000000 0.039706
4720.000000 0.039941
4721.000000 0.043819
4722.000000 0.038090
4723.000000 0.037868
4724.000000 0.040268
4725.000000 0.041285
4726.000000 0.044122
4727.000000 0.038928
4728.000000 0.035309
4729.000000 0.033396
4730.000000 0.033580
4731.000000 0.030367
4732.000000 0.029586
4733.000000 0.030507
4734.000000 0.034446
4735.000000 0.043327
4736.000000 0.037841
4737.000000 0.039412
4738.000000 0.041924
4739.000000 0.044680
4740.000000 0.051702
4741.000000 0.050105
4742.000000 0.048699
4743.000000 0.049157
4744.000000 0.050517
4745.000000 0.047932
4746.000000 0.044482
4747.000000 0.041227
4748.000000 0.035250
4749.000000 0.031697
4750.000000 0.032576
4751.000000 0.037747
4752.000000 0.033761
4753.000000 0.041651
4754.000000 0.042699
4755.000000 0.039012
4756.000000 0.040081
4757.000000 0.035726
4758.000000 0.046013
4759.000000 0.044526
4760.000000 0.039886
4761.000000 0.035089
4762.000000 0.032792
4763.000000 0.035851
4764.000000 0.031589
4765.000000 0.033839
4766.000000 0.031232
4767.000000 0.030168
4768.000000 0.031539
4769.000000 0.034097
4770.000000 0.035387
4771.000000 0.041766
4772.000000 0.038592
4773.000000 0.045893
4774.000000 0.040748
4775.000000 0.044064
4776.000000 0.044762
4777.000000 0.042357
4778.000000 0.038686
4779.000000 0.036827
4780.000000 0.034028
4781.000000 0.035115
4782.000000 0.033185
4783.000000 0.030359
4784.000000 0.036807
4785.000000 0.034236
4786.000000 0.036436
4787.000000 0.033789
4788.000000 0.037112
4789.000000 0.042860
4790.000000 0.039002
4791.000000 0.037375
4792.000000 0.038732
4793.000000 0.040079
4794.000000 0.043358
4795.000000 0.043300
4796.000000 0.042936
4797.000000 0.039703
4798.000000 0.042015
4799.000000 0.043087
4800.000000 0.036679
4801.000000 0.046951
4802.000000 0.041179
4803.000000 0.038062
4804.000000 0.040588
4805.000000 0.035449
4806.000000 0.036608
4807.000000 0.037295
4808.000000 0.039217
4809.000000 0.041337
4810.000000 0.038334
4811.000000 0.041146
4812.000000 0.041049
4813.000000 0.043750
4814.000000 0.042112
4815.000000 0.042075
4816.000000 0.035389
4817.000000 0.034521
4818.000000 0.036719
4819.000000 0.037200
4820.000000 0.036604
4821.000000 0.036766
4822.000000 0.035588
4823.000000 0.033966
4824.000000 0.032520
4825.000000 0.034956
4826.000000 0.040395
4827.000000 0.040552
4828.000000 0.041767
4829.000000 0.038436
4830.000000 0.041875
4831.000000 0.042633
4832.000000 0.040636
4833.000000 0.036864
4834.000000 0.040395
4835.000000 0.038602
4836.000000 0.034319
4837.000000 0.036262
4838.000000 0.036571
4839.000000 0.037205
4840.000000 0.035429
4841.000000 0.034303
4842.000000 0.034151
4843.000000 0.035821
4844.000000 0.040953
4845.000000 0.039418
4846.000000 0.041823
4847.000000 0.037997
4848.000000 0.037356
4849.000000 0.039169
4850.000000 0.038616
4851.000000 0.041080
4852.000000 0.042240
4853.000000 0.044642
4854.000000 0.039658
4855.000000 0.036940
4856.000000 0.039094
4857.000000 0.034794
4858.000000 0.036099
4859.000000 0.031272
4860.000000 0.034742
4861.000000 0.028880
4862.000000 0.025421
4863.000000 0.029935
4864.000000 0.033860
4865.000000 0.038301
4866.000000 0.036224
4867.000000 0.042270
4868.000000 0.040282
4869.000000 0.046409
4870.000000 0.049692
4871.000000 0.054385
4872.000000 0.049259
4873.000000 0.053722
4874.000000 0.047173
4875.000000 0.043266
4876.000000 0.041322
4877.000000 0.040597
4878.000000 0.044768
4879.000000 0.042425
4880.000000 0.041922
4881.000000 0.035982
4882.000000 0.033917
4883.000000 0.033920
4884.000000 0.031761
4885.000000 0.034799
4886.000000 0.031298
4887.000000 0.032360
4888.000000 0.036481
4889.000000 0.038699
4890.000000 0.039224
4891.000000 0.040121
4892.000000 0.040544
4893.000000 0.039335
4894.000000 0.037474
4895.000000 0.038296
4896.000000 0.035049
4897.000000 0.032394
4898.000000 0.031817
4899.000000 0.027910
4900.000000 0.027684
4901.000000 0.029736
4902.000000 0.029834
4903.000000 0.034188
4904.000000 0.036444
4905.000000 0.037332
4906.000000 0.042573
4907.000000 0.038921
4908.000000 0.041753
4909.000000 0.042028
4910.000000 0.043156
4911.000000 0.040324
4912.000000 0.038160
4913.000000 0.040930
4914.000000 0.039830
4915.000000 0.040306
4916.000000 0.038371
4917.000000 0.039571
4918.000000 0.039674
4919.000000 0.040870
4920.000000 0.044310
4921.000000 0.043352
4922.000000 0.041209
4923.000000 0.036485
4924.000000 0.036130
4925.000000 0.036581
4926.000000 0.042079
4927.000000 0.042018
4928.000000 0.036226
4929.000000 0.036221
4930.000000 0.031741
4931.000000 0.038115
4932.000000 0.036272
4933.000000 0.037680
4934.000000 0.037971
4935.000000 0.045368
4936.000000 0.044123
4937.000000 0.042622
4938.000000 0.040086
4939.000000 0.042789
4940.000000 0.037697
4941.000000 0.035883
4942.000000 0.034136
4943.000000 0.036540
4944.000000 0.038264
4945.000000 0.034006
4946.000000 0.034217
4947.000000 0.033243
4948.000000 0.039075
4949.000000 0.035203
4950.000000 0.034633
4951.000000 0.033330
4952.000000 0.042049
4953.000000 0.040503
4954.000000 0.045891
4955.000000 0.046841
4956.000000 0.049455
4957.000000 0.043756
4958.000000 0.044043
4959.000000 0.038334
4960.000000 0.037892
4961.000000 0.045002
4962.000000 0.039250
4963.000000 0.037932
4964.000000 0.033787
4965.000000 0.037638
4966.000000 0.036327
4967.000000 0.033845
4968.000000 0.029700
4969.000000 0.026595
4970.000000 0.030649
4971.000000 0.035328
4972.000000 0.042524
4973.000000 0.049915
4974.000000 0.041275
4975.000000 0.044550
4976.000000 0.045764
4977.000000 0.044894
4978.000000 0.044143
4979.000000 0.040189
4980.000000 0.042900
4981.000000 0.042697
4982.000000 0.037792
4983.000000 0.037417
4984.000000 0.033807
4985.000000 0.039111
4986.000000 0.033363
4987.000000 0.029173
4988.000000 0.028108
4989.000000 0.029816
4990.000000 0.031890
4991.000000 0.031272
4992.000000 0.035835
4993.000000 0.034703
4994.000000 0.045104
4995.000000 0.047276
4996.000000 0.047695
4997.000000 0.042772
4998.000000 0.040284
4999.000000 0.038736
5000.000000 0.042362
