501.000000 0.041364
502.000000 0.042611
503.000000 0.039214
504.000000 0.039227
505.000000 0.040919
506.000000 0.043386
507.000000 0.040719
508.000000 0.038604
509.000000 0.035644
510.000000 0.035165
511.000000 0.034802
512.000000 0.034352
513.000000 0.033287
514.000000 0.037956
515.000000 0.040269
516.000000 0.042775
517.000000 0.042963
518.000000 0.038114
519.000000 0.034245
520.000000 0.037002
521.000000 0.033074
522.000000 0.044021
523.000000 0.047064
524.000000 0.043830
525.000000 0.038755
526.000000 0.040901
527.000000 0.039940
528.000000 0.037147
529.000000 0.039876
530.000000 0.039551
531.000000 0.041493
532.000000 0.036150
533.000000 0.038493
534.000000 0.049144
535.000000 0.049023
536.000000 0.045607
537.000000 0.041113
538.000000 0.038783
539.000000 0.044197
540.000000 0.043097
541.000000 0.043919
542.000000 0.039748
543.000000 0.036408
544.000000 0.036075
545.000000 0.042164
546.000000 0.037489
547.000000 0.034512
548.000000 0.038573
549.000000 0.034196
550.000000 0.033547
551.000000 0.035794
552.000000 0.043651
553.000000 0.041210
554.000000 0.038694
555.000000 0.036918
556.000000 0.033509
557.000000 0.037066
558.000000 0.030741
559.000000 0.041110
560.000000 0.041608
561.000000 0.042105
562.000000 0.039572
563.000000 0.040259
564.000000 0.039728
565.000000 0.038202
566.000000 0.039607
567.000000 0.039924
568.000000 0.038432
569.000000 0.032789
570.000000 0.039097
571.000000 0.033665
572.000000 0.038506
573.000000 0.037308
574.000000 0.035837
575.000000 0.043499
576.000000 0.043001
577.000000 0.036943
578.000000 0.034233
579.000000 0.034439
580.000000 0.036843
581.000000 0.037183
582.000000 0.034064
583.000000 0.039314
584.000000 0.043266
585.000000 0.037768
586.000000 0.041026
587.000000 0.045210
588.000000 0.038337
589.000000 0.041717
590.000000 0.039674
591.000000 0.043723
592.000000 0.042825
593.000000 0.047794
594.000000 0.042929
595.000000 0.045328
596.000000 0.039546
597.000000 0.035815
598.000000 0.036310
599.000000 0.035840
600.000000 0.035635
601.000000 0.033346
602.000000 0.031955
603.000000 0.029731
604.000000 0.029975
605.000000 0.035035
606.000000 0.034995
607.000000 0.041360
608.000000 0.039038
609.000000 0.040386
610.000000 0.043295
611.000000 0.044583
612.000000 0.041353
613.000000 0.037347
614.000000 0.034739
615.000000 0.034919
616.000000 0.039419
617.000000 0.040518
618.000000 0.038150
619.000000 0.034356
620.000000 0.037857
621.000000 0.037231
622.000000 0.046429
623.000000 0.051615
624.000000 0.049073
625.000000 0.046710
626.000000 0.040969
627.000000 0.044700
628.000000 0.040766
629.000000 0.039995
630.000000 0.035957
631.000000 0.038802
632.000000 0.038341
633.000000 0.047986
634.000000 0.043555
635.000000 0.046782
636.000000 0.045208
637.000000 0.040498
638.000000 0.038792
639.000000 0.036823
640.000000 0.038721
641.000000 0.032621
642.000000 0.039537
643.000000 0.036501
644.000000 0.037845
645.000000 0.041108
646.000000 0.038908
647.000000 0.043572
648.000000 0.042223
649.000000 0.040740
650.000000 0.038277
651.000000 0.032880
652.000000 0.035182
653.000000 0.038071
654.000000 0.039705
655.000000 0.036154
656.000000 0.039076
657.000000 0.040591
658.000000 0.038136
659.000000 0.038016
660.000000 0.037434
661.000000 0.042993
662.000000 0.037376
663.000000 0.035810
664.000000 0.035183
665.000000 0.036167
666.000000 0.039596
667.000000 0.045479
668.000000 0.040190
669.000000 0.035978
670.000000 0.032218
671.000000 0.032625
672.000000 0.031159
673.000000 0.033348
674.000000 0.028261
675.000000 0.026111
676.000000 0.031498
677.000000 0.036987
678.000000 0.041822
679.000000 0.042119
680.000000 0.042561
681.000000 0.039524
682.000000 0.043592
683.000000 0.042656
684.000000 0.042592
685.000000 0.041069
686.000000 0.040200
687.000000 0.040254
688.000000 0.040677
689.000000 0.044980
690.000000 0.050336
691.000000 0.043287
692.000000 0.044053
693.000000 0.039076
694.000000 0.039715
695.000000 0.037302
696.000000 0.039384
697.000000 0.036136
698.000000 0.030721
699.000000 0.038011
700.000000 0.036403
701.000000 0.037633
702.000000 0.037733
703.000000 0.043692
704.000000 0.048869
705.000000 0.041727
706.000000 0.036420
707.000000 0.037168
708.000000 0.032438
709.000000 0.030314
710.000000 0.033908
711.000000 0.034966
712.000000 0.034631
713.000000 0.036385
714.000000 0.040731
715.000000 0.038521
716.000000 0.042537
717.000000 0.040936
718.000000 0.039235
719.000000 0.041112
720.000000 0.038706
721.000000 0.036015
722.000000 0.034549
723.000000 0.036637
724.000000 0.038111
725.000000 0.041316
726.000000 0.038219
727.000000 0.035553
728.000000 0.035099
729.000000 0.029125
730.000000 0.032731
731.000000 0.040128
732.000000 0.037057
733.000000 0.038371
734.000000 0.035794
735.000000 0.034228
736.000000 0.040947
737.000000 0.040552
738.000000 0.036756
739.000000 0.032953
740.000000 0.036032
741.000000 0.041664
742.000000 0.037963
743.000000 0.037585
744.000000 0.042247
745.000000 0.035042
746.000000 0.039142
747.000000 0.037983
748.000000 0.041054
749.000000 0.040050
750.000000 0.038667
751.000000 0.041247
752.000000 0.040613
753.000000 0.038670
754.000000 0.041637
755.000000 0.046495
756.000000 0.052869
757.000000 0.055897
758.000000 0.051256
759.000000 0.049267
760.000000 0.049473
761.000000 0.048389
762.000000 0.040028
763.000000 0.036442
764.000000 0.031414
765.000000 0.029591
766.000000 0.032017
767.000000 0.028245
768.000000 0.027476
769.000000 0.027502
770.000000 0.029613
771.000000 0.026556
772.000000 0.026955
773.000000 0.027474
774.000000 0.035082
775.000000 0.034265
776.000000 0.034838
777.000000 0.045422
778.000000 0.045266
779.000000 0.047019
780.000000 0.046276
781.000000 0.041553
782.000000 0.039854
783.000000 0.040078
784.000000 0.043280
785.000000 0.043253
786.000000 0.042856
787.000000 0.042131
788.000000 0.040782
789.000000 0.037333
790.000000 0.036232
791.000000 0.034440
792.000000 0.039373
793.000000 0.036095
794.000000 0.040476
795.000000 0.038520
796.000000 0.037036
797.000000 0.035792
798.000000 0.040868
799.000000 0.036895
800.000000 0.034967
801.000000 0.033036
802.000000 0.030983
803.000000 0.032426
804.000000 0.034828
805.000000 0.035010
806.000000 0.040313
807.000000 0.038996
808.000000 0.036676
809.000000 0.035935
810.000000 0.031587
811.000000 0.033954
812.000000 0.038526
813.000000 0.035886
814.000000 0.035654
815.000000 0.034570
816.000000 0.038132
817.000000 0.039051
818.000000 0.043294
819.000000 0.042800
820.000000 0.047040
821.000000 0.046688
822.000000 0.042945
823.000000 0.042466
824.000000 0.046245
825.000000 0.044110
826.000000 0.038553
827.000000 0.038838
828.000000 0.036159
829.000000 0.030314
830.000000 0.027683
831.000000 0.030053
832.000000 0.034329
833.000000 0.034495
834.000000 0.033007
835.000000 0.035871
836.000000 0.034095
837.000000 0.037666
838.000000 0.039355
839.000000 0.036689
840.000000 0.036444
841.000000 0.034089
842.000000 0.035959
843.000000 0.032776
844.000000 0.034620
845.000000 0.039011
846.000000 0.043681
847.000000 0.044504
848.000000 0.043533
849.000000 0.043054
850.000000 0.040425
851.000000 0.041471
852.000000 0.047106
853.000000 0.043768
854.000000 0.043570
855.000000 0.039864
856.000000 0.039669
857.000000 0.037930
858.000000 0.039542
859.000000 0.042356
860.000000 0.042363
861.000000 0.042080
862.000000 0.035401
863.000000 0.037200
864.000000 0.041366
865.000000 0.038411
866.000000 0.040913
867.000000 0.036439
868.000000 0.033208
869.000000 0.032323
870.000000 0.034101
871.000000 0.040714
872.000000 0.038823
873.000000 0.043063
874.000000 0.047481
875.000000 0.042494
876.000000 0.042467
877.000000 0.040005
878.000000 0.037052
879.000000 0.034680
880.000000 0.031967
881.000000 0.034589
882.000000 0.034683
883.000000 0.036053
884.000000 0.044202
885.000000 0.039862
886.000000 0.034947
887.000000 0.038318
888.000000 0.042579
889.000000 0.038553
890.000000 0.035171
891.000000 0.035206
892.000000 0.036837
893.000000 0.034225
894.000000 0.043347
895.000000 0.042410
896.000000 0.040789
897.000000 0.038594
898.000000 0.038706
899.000000 0.040429
900.000000 0.042087
901.000000 0.038429
902.000000 0.043625
903.000000 0.040981
904.000000 0.039542
905.000000 0.034879
906.000000 0.033541
907.000000 0.030460
908.000000 0.032265
909.000000 0.036848
910.000000 0.033237
911.000000 0.032598
912.000000 0.032167
913.000000 0.036951
914.000000 0.038271
915.000000 0.039389
916.000000 0.042142
917.000000 0.045008
918.000000 0.058260
919.000000 0.052064
920.000000 0.045448
921.000000 0.041200
922.000000 0.034864
923.000000 0.039378
924.000000 0.035137
925.000000 0.034617
926.000000 0.034283
927.000000 0.033933
928.000000 0.030955
929.000000 0.032477
930.000000 0.035257
931.000000 0.040113
932.000000 0.043502
933.000000 0.039165
934.000000 0.043344
935.000000 0.039457
936.000000 0.042855
937.000000 0.039392
938.000000 0.038150
939.000000 0.037103
940.000000 0.033579
941.000000 0.031111
942.000000 0.032709
943.000000 0.031637
944.000000 0.029418
945.000000 0.029221
946.000000 0.033618
947.000000 0.036403
948.000000 0.034894
949.000000 0.037086
950.000000 0.039203
951.000000 0.041562
952.000000 0.043265
953.000000 0.042458
954.000000 0.042315
955.000000 0.040652
956.000000 0.040672
957.000000 0.036300
958.000000 0.031705
959.000000 0.031582
960.000000 0.042742
961.000000 0.035430
962.000000 0.033160
963.000000 0.035194
964.000000 0.034793
965.000000 0.034447
966.000000 0.037178
967.000000 0.036742
968.000000 0.036700
969.000000 0.040778
970.000000 0.048258
971.000000 0.043598
972.000000 0.047475
973.000000 0.045388
974.000000 0.040505
975.000000 0.042973
976.000000 0.035581
977.000000 0.034726
978.000000 0.036214
979.000000 0.038892
980.000000 0.034491
981.000000 0.035165
982.000000 0.037172
983.000000 0.036872
984.000000 0.036137
985.000000 0.033390
986.000000 0.032594
987.000000 0.041817
988.000000 0.039809
989.000000 0.038293
990.000000 0.037394
991.000000 0.036513
992.000000 0.037578
993.000000 0.034922
994.000000 0.037616
995.000000 0.037469
996.000000 0.031053
997.000000 0.028059
998.000000 0.029852
999.000000 0.031921
1000.000000 0.032071
1001.000000 0.033514
1002.000000 0.036937
1003.000000 0.032695
1004.000000 0.031987
1005.000000 0.027912
1006.000000 0.033758
1007.000000 0.039158
1008.000000 0.043034
1009.000000 0.047102
1010.000000 0.053799
1011.000000 0.053524
1012.000000 0.044278
1013.000000 0.041742
1014.000000 0.041241
1015.000000 0.040349
1016.000000 0.044186
1017.000000 0.044320
1018.000000 0.041355
1019.000000 0.039341
1020.000000 0.038954
1021.000000 0.038927
1022.000000 0.040481
1023.000000 0.043465
1024.000000 0.041326
1025.000000 0.042381
1026.000000 0.047494
1027.000000 0.053101
1028.000000 0.050633
1029.000000 0.045653
1030.000000 0.043390
1031.000000 0.042016
1032.000000 0.037728
1033.000000 0.040668
1034.000000 0.036289
1035.000000 0.031853
1036.000000 0.028526
1037.000000 0.035899
1038.000000 0.032699
1039.000000 0.031849
1040.000000 0.041674
1041.000000 0.042418
1042.000000 0.039239
1043.000000 0.040434
1044.000000 0.043525
1045.000000 0.039667
1046.000000 0.038244
1047.000000 0.032667
1048.000000 0.036214
1049.000000 0.040871
1050.000000 0.041630
1051.000000 0.037989
1052.000000 0.033621
1053.000000 0.033321
1054.000000 0.030796
1055.000000 0.031382
1056.000000 0.031239
1057.000000 0.040000
1058.000000 0.044685
1059.000000 0.039125
1060.000000 0.042278
1061.000000 0.039709
1062.000000 0.036005
1063.000000 0.047370
1064.000000 0.047084
1065.000000 0.043591
1066.000000 0.043355
1067.000000 0.043769
1068.000000 0.047232
1069.000000 0.042543
1070.000000 0.038980
1071.000000 0.036120
1072.000000 0.040494
1073.000000 0.035129
1074.000000 0.036904
1075.000000 0.034083
1076.000000 0.033068
1077.000000 0.033372
1078.000000 0.028997
1079.000000 0.037121
1080.000000 0.041783
1081.000000 0.038281
1082.000000 0.038606
1083.000000 0.043270
1084.000000 0.041588
1085.000000 0.039249
1086.000000 0.035812
1087.000000 0.036161
1088.000000 0.034887
1089.000000 0.041656
1090.000000 0.043196
1091.000000 0.038994
1092.000000 0.035853
1093.000000 0.039434
1094.000000 0.035284
1095.000000 0.041049
1096.000000 0.041414
1097.000000 0.047924
1098.000000 0.047955
1099.000000 0.048645
1100.000000 0.042006
1101.000000 0.044263
1102.000000 0.037253
1103.000000 0.037797
1104.000000 0.039808
1105.000000 0.043131
1106.000000 0.037802
1107.000000 0.035373
1108.000000 0.033810
1109.000000 0.034872
1110.000000 0.035749
1111.000000 0.034101
1112.000000 0.028960
1113.000000 0.024582
1114.000000 0.024612
1115.000000 0.031358
1116.000000 0.031329
1117.000000 0.035070
1118.000000 0.033048
1119.000000 0.034488
1120.000000 0.045145
1121.000000 0.044737
1122.000000 0.048236
1123.000000 0.042205
1124.000000 0.041484
1125.000000 0.035855
1126.000000 0.039222
1127.000000 0.036226
1128.000000 0.040011
1129.000000 0.039455
1130.000000 0.036766
1131.000000 0.034507
1132.000000 0.030554
1133.000000 0.027135
1134.000000 0.030311
1135.000000 0.035641
1136.000000 0.033761
1137.000000 0.030163
1138.000000 0.032620
1139.000000 0.035791
1140.000000 0.038696
1141.000000 0.041107
1142.000000 0.039544
1143.000000 0.035752
1144.000000 0.041621
1145.000000 0.048190
1146.000000 0.041617
1147.000000 0.039513
1148.000000 0.038103
1149.000000 0.036966
1150.000000 0.038306
1151.000000 0.040096
1152.000000 0.042996
1153.000000 0.040595
1154.000000 0.034814
1155.000000 0.030967
1156.000000 0.040423
1157.000000 0.037077
1158.000000 0.036442
1159.000000 0.037848
1160.000000 0.042446
1161.000000 0.042223
1162.000000 0.044785
1163.000000 0.041367
1164.000000 0.040415
1165.000000 0.044079
1166.000000 0.040758
1167.000000 0.036696
1168.000000 0.039886
1169.000000 0.039271
1170.000000 0.037857
1171.000000 0.037999
1172.000000 0.039362
1173.000000 0.035221
1174.000000 0.030987
1175.000000 0.035079
1176.000000 0.032943
1177.000000 0.031932
1178.000000 0.029501
1179.000000 0.041261
1180.000000 0.042000
1181.000000 0.043369
1182.000000 0.038420
1183.000000 0.036285
1184.000000 0.031723
1185.000000 0.038976
1186.000000 0.038530
1187.000000 0.045016
1188.000000 0.045577
1189.000000 0.046813
1190.000000 0.043565
1191.000000 0.040583
1192.000000 0.035561
1193.000000 0.041174
1194.000000 0.036313
1195.000000 0.030181
1196.000000 0.031556
1197.000000 0.037931
1198.000000 0.035353
1199.000000 0.035938
1200.000000 0.035803
1201.000000 0.036625
1202.000000 0.032716
1203.000000 0.033753
1204.000000 0.033191
1205.000000 0.035283
1206.000000 0.033520
1207.000000 0.031624
1208.000000 0.037841
1209.000000 0.036465
1210.000000 0.034774
1211.000000 0.036704
1212.000000 0.037650
1213.000000 0.039350
1214.000000 0.038575
1215.000000 0.039971
1216.000000 0.040549
1217.000000 0.044131
1218.000000 0.047226
1219.000000 0.047622
1220.000000 0.042287
1221.000000 0.035044
1222.000000 0.035889
1223.000000 0.039083
1224.000000 0.035575
1225.000000 0.042700
1226.000000 0.037909
1227.000000 0.032523
1228.000000 0.033588
1229.000000 0.030946
1230.000000 0.027285
1231.000000 0.025889
1232.000000 0.026672
1233.000000 0.031775
1234.000000 0.044603
1235.000000 0.046285
1236.000000 0.043292
1237.000000 0.044765
1238.000000 0.044756
1239.000000 0.043430
1240.000000 0.045217
1241.000000 0.052392
1242.000000 0.049274
1243.000000 0.043179
1244.000000 0.041196
1245.000000 0.037364
1246.000000 0.039705
1247.000000 0.040767
1248.000000 0.039110
1249.000000 0.036433
1250.000000 0.036259
1251.000000 0.037322
1252.000000 0.035893
1253.000000 0.038620
1254.000000 0.046447
1255.000000 0.049385
1256.000000 0.043439
1257.000000 0.045918
1258.000000 0.041819
1259.000000 0.044996
1260.000000 0.040129
1261.000000 0.038053
1262.000000 0.034348
1263.000000 0.028522
1264.000000 0.029155
1265.000000 0.032126
1266.000000 0.035308
1267.000000 0.039541
1268.000000 0.041443
1269.000000 0.040338
1270.000000 0.039250
1271.000000 0.038582
1272.000000 0.034319
1273.000000 0.035539
1274.000000 0.037828
1275.000000 0.033639
1276.000000 0.034862
1277.000000 0.033226
1278.000000 0.036594
1279.000000 0.031506
1280.000000 0.044630
1281.000000 0.040403
1282.000000 0.040058
1283.000000 0.044890
1284.000000 0.049384
1285.000000 0.045502
1286.000000 0.045682
1287.000000 0.044636
1288.000000 0.041102
1289.000000 0.045206
1290.000000 0.041909
1291.000000 0.050902
1292.000000 0.051197
1293.000000 0.047394
1294.000000 0.044897
1295.000000 0.040453
1296.000000 0.040527
1297.000000 0.045064
1298.000000 0.044697
1299.000000 0.042267
1300.000000 0.038298
1301.000000 0.038995
1302.000000 0.038567
1303.000000 0.037749
1304.000000 0.042843
1305.000000 0.040026
1306.000000 0.039503
1307.000000 0.034643
1308.000000 0.034396
1309.000000 0.042609
1310.000000 0.045931
1311.000000 0.047543
1312.000000 0.045176
1313.000000 0.043227
1314.000000 0.037324
1315.000000 0.039501
1316.000000 0.038876
1317.000000 0.034434
1318.000000 0.029909
1319.000000 0.026754
1320.000000 0.025856
1321.000000 0.031194
1322.000000 0.031274
1323.000000 0.029254
1324.000000 0.030514
1325.000000 0.032786
1326.000000 0.031365
1327.000000 0.042674
1328.000000 0.052524
1329.000000 0.046253
1330.000000 0.040877
1331.000000 0.035653
1332.000000 0.031241
1333.000000 0.035107
1334.000000 0.037673
1335.000000 0.037401
1336.000000 0.034882
1337.000000 0.034910
1338.000000 0.034870
1339.000000 0.033043
1340.000000 0.036680
1341.000000 0.036361
1342.000000 0.035194
1343.000000 0.032408
1344.000000 0.029538
1345.000000 0.037391
1346.000000 0.041481
1347.000000 0.042764
1348.000000 0.037336
1349.000000 0.036392
1350.000000 0.035124
1351.000000 0.033853
1352.000000 0.035419
1353.000000 0.035233
1354.000000 0.032111
1355.000000 0.036588
1356.000000 0.033650
1357.000000 0.033725
1358.000000 0.030718
1359.000000 0.027706
1360.000000 0.029066
1361.000000 0.030163
1362.000000 0.030504
1363.000000 0.037374
1364.000000 0.034066
1365.000000 0.030868
1366.000000 0.030814
1367.000000 0.039554
1368.000000 0.036411
1369.000000 0.039547
1370.000000 0.046689
1371.000000 0.046722
1372.000000 0.043292
1373.000000 0.046409
1374.000000 0.049247
1375.000000 0.042265
1376.000000 0.042310
1377.000000 0.041798
1378.000000 0.039105
1379.000000 0.036238
1380.000000 0.035117
1381.000000 0.030027
1382.000000 0.032170
1383.000000 0.034422
1384.000000 0.031334
1385.000000 0.030951
1386.000000 0.034645
1387.000000 0.034662
1388.000000 0.034594
1389.000000 0.028784
1390.000000 0.041493
1391.000000 0.036984
1392.000000 0.035401
1393.000000 0.034178
1394.000000 0.036412
1395.000000 0.037546
1396.000000 0.041052
1397.000000 0.049656
1398.000000 0.052700
1399.000000 0.052150
1400.000000 0.050609
1401.000000 0.046909
1402.000000 0.042554
1403.000000 0.037234
1404.000000 0.042068
1405.000000 0.040661
1406.000000 0.038557
1407.000000 0.039692
1408.000000 0.037153
1409.000000 0.035338
1410.000000 0.031658
1411.000000 0.031597
1412.000000 0.031785
1413.000000 0.034859
1414.000000 0.037766
1415.000000 0.040407
1416.000000 0.042461
1417.000000 0.051144
1418.000000 0.044580
1419.000000 0.044300
1420.000000 0.049368
1421.000000 0.049329
1422.000000 0.053626
1423.000000 0.050787
1424.000000 0.047914
1425.000000 0.042808
1426.000000 0.039316
1427.000000 0.039694
1428.000000 0.039598
1429.000000 0.039680
1430.000000 0.040898
1431.000000 0.037966
1432.000000 0.038711
1433.000000 0.035273
1434.000000 0.035871
1435.000000 0.034054
1436.000000 0.037665
1437.000000 0.031266
1438.000000 0.033143
1439.000000 0.038175
1440.000000 0.034878
1441.000000 0.037173
1442.000000 0.036577
1443.000000 0.040710
1444.000000 0.044180
1445.000000 0.042769
1446.000000 0.038118
1447.000000 0.038740
1448.000000 0.040805
1449.000000 0.044316
1450.000000 0.040539
1451.000000 0.036954
1452.000000 0.036248
1453.000000 0.032735
1454.000000 0.036644
1455.000000 0.034921
1456.000000 0.039102
1457.000000 0.045679
1458.000000 0.043265
1459.000000 0.037215
1460.000000 0.042158
1461.000000 0.045660
1462.000000 0.041838
1463.000000 0.040645
1464.000000 0.038673
1465.000000 0.035467
1466.000000 0.034938
1467.000000 0.034406
1468.000000 0.034250
1469.000000 0.037207
1470.000000 0.041259
1471.000000 0.041606
1472.000000 0.036750
1473.000000 0.035737
1474.000000 0.032565
1475.000000 0.036110
1476.000000 0.033859
1477.000000 0.037383
1478.000000 0.041369
1479.000000 0.047212
1480.000000 0.042619
1481.000000 0.037544
1482.000000 0.034754
1483.000000 0.033883
1484.000000 0.032115
1485.000000 0.029148
1486.000000 0.036841
1487.000000 0.032599
1488.000000 0.035437
1489.000000 0.038541
1490.000000 0.049393
1491.000000 0.047423
1492.000000 0.049965
1493.000000 0.044744
1494.000000 0.042838
1495.000000 0.039274
1496.000000 0.044933
1497.000000 0.050574
1498.000000 0.047521
1499.000000 0.043103
1500.000000 0.043231
1501.000000 0.037164
1502.000000 0.038208
1503.000000 0.033878
1504.000000 0.036697
1505.000000 0.035222
1506.000000 0.034944
1507.000000 0.034515
1508.000000 0.032925
1509.000000 0.037334
1510.000000 0.037046
1511.000000 0.041950
1512.000000 0.040665
1513.000000 0.041529
1514.000000 0.050340
1515.000000 0.050271
1516.000000 0.042342
1517.000000 0.042127
1518.000000 0.041810
1519.000000 0.035836
1520.000000 0.041150
1521.000000 0.041442
1522.000000 0.041868
1523.000000 0.041774
1524.000000 0.039685
1525.000000 0.036786
1526.000000 0.033914
1527.000000 0.030605
1528.000000 0.030806
1529.000000 0.035939
1530.000000 0.034919
1531.000000 0.038194
1532.000000 0.036308
1533.000000 0.032515
1534.000000 0.039618
1535.000000 0.040279
1536.000000 0.047386
1537.000000 0.043527
1538.000000 0.042224
1539.000000 0.044420
1540.000000 0.046657
1541.000000 0.042893
1542.000000 0.039173
1543.000000 0.035453
1544.000000 0.036035
1545.000000 0.033955
1546.000000 0.034932
1547.000000 0.039698
1548.000000 0.042048
1549.000000 0.039421
1550.000000 0.032648
1551.000000 0.033385
1552.000000 0.032644
1553.000000 0.036957
1554.000000 0.037165
1555.000000 0.031440
1556.000000 0.035424
1557.000000 0.038098
1558.000000 0.037380
1559.000000 0.034741
1560.000000 0.038992
1561.000000 0.035370
1562.000000 0.030713
1563.000000 0.030543
1564.000000 0.029072
1565.000000 0.030333
1566.000000 0.035700
1567.000000 0.032504
1568.000000 0.036060
1569.000000 0.033854
1570.000000 0.033910
1571.000000 0.038382
1572.000000 0.040392
1573.000000 0.040792
1574.000000 0.047516
1575.000000 0.048065
1576.000000 0.048613
1577.000000 0.047701
1578.000000 0.045795
1579.000000 0.042078
1580.000000 0.043676
1581.000000 0.037894
1582.000000 0.039005
1583.000000 0.039854
1584.000000 0.041986
1585.000000 0.038358
1586.000000 0.039375
1587.000000 0.034718
1588.000000 0.042795
1589.000000 0.038509
1590.000000 0.038057
1591.000000 0.036449
1592.000000 0.038691
1593.000000 0.040401
1594.000000 0.044667
1595.000000 0.046829
1596.000000 0.040154
1597.000000 0.036381
1598.000000 0.037184
1599.000000 0.039448
1600.000000 0.039308
1601.000000 0.040256
1602.000000 0.047690
1603.000000 0.043830
1604.000000 0.041137
1605.000000 0.043840
1606.000000 0.042367
1607.000000 0.046009
1608.000000 0.048516
1609.000000 0.044967
1610.000000 0.044982
1611.000000 0.041675
1612.000000 0.041531
1613.000000 0.037013
1614.000000 0.038544
1615.000000 0.035354
1616.000000 0.034501
1617.000000 0.035727
1618.000000 0.037323
1619.000000 0.033841
1620.000000 0.040203
1621.000000 0.038232
1622.000000 0.041120
1623.000000 0.038648
1624.000000 0.039080
1625.000000 0.040209
1626.000000 0.036114
1627.000000 0.040357
1628.000000 0.039969
1629.000000 0.035916
1630.000000 0.034852
1631.000000 0.031650
1632.000000 0.032739
1633.000000 0.032114
1634.000000 0.033931
1635.000000 0.029957
1636.000000 0.034761
1637.000000 0.033900
1638.000000 0.035534
1639.000000 0.037571
1640.000000 0.034741
1641.000000 0.042030
1642.000000 0.047548
1643.000000 0.041123
1644.000000 0.038657
1645.000000 0.044275
1646.000000 0.037671
1647.000000 0.037362
1648.000000 0.040180
1649.000000 0.042218
1650.000000 0.039190
1651.000000 0.036750
1652.000000 0.037859
1653.000000 0.035567
1654.000000 0.035023
1655.000000 0.035088
1656.000000 0.041633
1657.000000 0.037925
1658.000000 0.037131
1659.000000 0.037253
1660.000000 0.036685
1661.000000 0.034226
1662.000000 0.041010
1663.000000 0.041497
1664.000000 0.038435
1665.000000 0.038133
1666.000000 0.036487
1667.000000 0.039589
1668.000000 0.035513
1669.000000 0.038290
1670.000000 0.045656
1671.000000 0.044868
1672.000000 0.045128
1673.000000 0.037368
1674.000000 0.035247
1675.000000 0.033380
1676.000000 0.044857
1677.000000 0.044156
1678.000000 0.039616
1679.000000 0.034728
1680.000000 0.034552
1681.000000 0.028715
1682.000000 0.029648
1683.000000 0.026672
1684.000000 0.034722
1685.000000 0.038319
1686.000000 0.042661
1687.000000 0.040056
1688.000000 0.038612
1689.000000 0.039216
1690.000000 0.036343
1691.000000 0.036404
1692.000000 0.036795
1693.000000 0.040856
1694.000000 0.039344
1695.000000 0.036381
1696.000000 0.033807
1697.000000 0.033225
1698.000000 0.038211
1699.000000 0.036621
1700.000000 0.037035
1701.000000 0.037381
1702.000000 0.033119
1703.000000 0.036355
1704.000000 0.041481
1705.000000 0.042162
1706.000000 0.041965
1707.000000 0.042689
1708.000000 0.038421
1709.000000 0.038660
1710.000000 0.039647
1711.000000 0.035764
1712.000000 0.038589
1713.000000 0.039127
1714.000000 0.036924
1715.000000 0.030867
1716.000000 0.039574
1717.000000 0.033377
1718.000000 0.034046
1719.000000 0.039211
1720.000000 0.041010
1721.000000 0.040463
1722.000000 0.041434
1723.000000 0.040542
1724.000000 0.039687
1725.000000 0.043557
1726.000000 0.037496
1727.000000 0.040339
1728.000000 0.039532
1729.000000 0.040935
1730.000000 0.040547
1731.000000 0.039323
1732.000000 0.041206
1733.000000 0.039755
1734.000000 0.040526
1735.000000 0.036892
1736.000000 0.034856
1737.000000 0.033279
1738.000000 0.034502
1739.000000 0.042055
1740.000000 0.040758
1741.000000 0.045970
1742.000000 0.043372
1743.000000 0.041366
1744.000000 0.044498
1745.000000 0.049122
1746.000000 0.049588
1747.000000 0.046555
1748.000000 0.044654
1749.000000 0.041459
1750.000000 0.042121
1751.000000 0.037629
1752.000000 0.036030
1753.000000 0.042316
1754.000000 0.040676
1755.000000 0.037923
1756.000000 0.032792
1757.000000 0.030204
1758.000000 0.033607
1759.000000 0.033515
1760.000000 0.037086
1761.000000 0.042441
1762.000000 0.037693
1763.000000 0.031454
1764.000000 0.027747
1765.000000 0.025118
1766.000000 0.029784
1767.000000 0.031720
1768.000000 0.034266
1769.000000 0.036268
1770.000000 0.041030
1771.000000 0.042735
1772.000000 0.046087
1773.000000 0.044909
1774.000000 0.045601
1775.000000 0.043827
1776.000000 0.046431
1777.000000 0.042886
1778.000000 0.037174
1779.000000 0.038236
1780.000000 0.038554
1781.000000 0.046094
1782.000000 0.045227
1783.000000 0.042248
1784.000000 0.048106
1785.000000 0.043029
1786.000000 0.036849
1787.000000 0.035537
1788.000000 0.037814
1789.000000 0.035342
1790.000000 0.031824
1791.000000 0.026492
1792.000000 0.033767
1793.000000 0.032781
1794.000000 0.037051
1795.000000 0.040145
1796.000000 0.038844
1797.000000 0.039865
1798.000000 0.042125
1799.000000 0.034890
1800.000000 0.033228
1801.000000 0.030354
1802.000000 0.036612
1803.000000 0.040761
1804.000000 0.043069
1805.000000 0.044517
1806.000000 0.042144
1807.000000 0.045022
1808.000000 0.041930
1809.000000 0.042800
1810.000000 0.042761
1811.000000 0.042621
1812.000000 0.046368
1813.000000 0.043223
1814.000000 0.037970
1815.000000 0.034249
1816.000000 0.036066
1817.000000 0.039912
1818.000000 0.039228
1819.000000 0.034819
1820.000000 0.035399
1821.000000 0.031667
1822.000000 0.036410
1823.000000 0.033606
1824.000000 0.035746
1825.000000 0.036112
1826.000000 0.036447
1827.000000 0.034481
1828.000000 0.038498
1829.000000 0.033619
1830.000000 0.030697
1831.000000 0.034793
1832.000000 0.033781
1833.000000 0.031023
1834.000000 0.029678
1835.000000 0.034935
1836.000000 0.044211
1837.000000 0.039500
1838.000000 0.039595
1839.000000 0.038150
1840.000000 0.034192
1841.000000 0.031724
1842.000000 0.033227
1843.000000 0.041265
1844.000000 0.035309
1845.000000 0.041650
1846.000000 0.041926
1847.000000 0.037281
1848.000000 0.040496
1849.000000 0.043140
1850.000000 0.044525
1851.000000 0.043922
1852.000000 0.046780
1853.000000 0.044371
1854.000000 0.042557
1855.000000 0.039007
1856.000000 0.039898
1857.000000 0.035113
1858.000000 0.033722
1859.000000 0.038918
1860.000000 0.038203
1861.000000 0.046953
1862.000000 0.043231
1863.000000 0.044231
1864.000000 0.044481
1865.000000 0.038713
1866.000000 0.037863
1867.000000 0.037649
1868.000000 0.046264
1869.000000 0.045625
1870.000000 0.039026
1871.000000 0.038348
1872.000000 0.035048
1873.000000 0.035175
1874.000000 0.039842
1875.000000 0.037347
1876.000000 0.036738
1877.000000 0.039442
1878.000000 0.039860
1879.000000 0.041634
1880.000000 0.041782
1881.000000 0.041636
1882.000000 0.040016
1883.000000 0.037593
1884.000000 0.036763
1885.000000 0.035731
1886.000000 0.033979
1887.000000 0.038896
1888.000000 0.042925
1889.000000 0.040622
1890.000000 0.041240
1891.000000 0.046423
1892.000000 0.042884
1893.000000 0.037446
1894.000000 0.040912
1895.000000 0.040508
1896.000000 0.036999
1897.000000 0.032336
1898.000000 0.034909
1899.000000 0.035925
1900.000000 0.034738
1901.000000 0.033388
1902.000000 0.033342
1903.000000 0.037917
1904.000000 0.037085
1905.000000 0.031861
1906.000000 0.035009
1907.000000 0.038665
1908.000000 0.041237
1909.000000 0.040274
1910.000000 0.040764
1911.000000 0.037453
1912.000000 0.033429
1913.000000 0.035544
1914.000000 0.036398
1915.000000 0.031307
1916.000000 0.034348
1917.000000 0.040287
1918.000000 0.041820
1919.000000 0.040982
1920.000000 0.036984
1921.000000 0.040102
1922.000000 0.037970
1923.000000 0.043149
1924.000000 0.041909
1925.000000 0.053390
1926.000000 0.050851
1927.000000 0.044500
1928.000000 0.041624
1929.000000 0.040694
1930.000000 0.037153
1931.000000 0.045746
1932.000000 0.040458
1933.000000 0.041066
1934.000000 0.038271
1935.000000 0.040687
1936.000000 0.035827
1937.000000 0.036092
1938.000000 0.037876
1939.000000 0.037331
1940.000000 0.036246
1941.000000 0.035190
1942.000000 0.037686
1943.000000 0.034756
1944.000000 0.035974
1945.000000 0.042897
1946.000000 0.042583
1947.000000 0.037330
1948.000000 0.034891
1949.000000 0.034049
1950.000000 0.035962
1951.000000 0.034581
1952.000000 0.033446
1953.000000 0.034007
1954.000000 0.033922
1955.000000 0.033288
1956.000000 0.029996
1957.000000 0.037193
1958.000000 0.037825
1959.000000 0.038691
1960.000000 0.036229
1961.000000 0.045017
1962.000000 0.038235
1963.000000 0.036531
1964.000000 0.032737
1965.000000 0.031567
1966.000000 0.032494
1967.000000 0.032658
1968.000000 0.039349
1969.000000 0.041686
1970.000000 0.041678
1971.000000 0.041457
1972.000000 0.036575
1973.000000 0.033992
1974.000000 0.038181
1975.000000 0.040325
1976.000000 0.047013
1977.000000 0.041117
1978.000000 0.038277
1979.000000 0.040243
1980.000000 0.038765
1981.000000 0.036616
1982.000000 0.040945
1983.000000 0.035814
1984.000000 0.043205
1985.000000 0.046645
1986.000000 0.044104
1987.000000 0.044223
1988.000000 0.041307
1989.000000 0.039219
1990.000000 0.044370
1991.000000 0.041918
1992.000000 0.036152
1993.000000 0.034499
1994.000000 0.038878
1995.000000 0.036767
1996.000000 0.041454
1997.000000 0.042531
1998.000000 0.046785
1999.000000 0.044242
2000.000000 0.040501
2001.000000 0.042697
2002.000000 0.046919
2003.000000 0.042167
2004.000000 0.043103
2005.000000 0.044222
2006.000000 0.040458
2007.000000 0.044830
2008.000000 0.038322
2009.000000 0.040993
2010.000000 0.038194
2011.000000 0.033643
2012.000000 0.030926
2013.000000 0.033054
2014.000000 0.035927
2015.000000 0.040748
2016.000000 0.038149
2017.000000 0.039311
2018.000000 0.039137
2019.000000 0.040822
2020.000000 0.042055
2021.000000 0.037269
2022.000000 0.040068
2023.000000 0.041912
2024.000000 0.042648
2025.000000 0.039219
2026.000000 0.041453
2027.000000 0.039133
2028.000000 0.036808
2029.000000 0.034750
2030.000000 0.033345
2031.000000 0.038675
2032.000000 0.039577
2033.000000 0.043636
2034.000000 0.046642
2035.000000 0.045531
2036.000000 0.041995
2037.000000 0.047629
2038.000000 0.039898
2039.000000 0.037823
2040.000000 0.032885
2041.000000 0.031729
2042.000000 0.033244
2043.000000 0.034555
2044.000000 0.039624
2045.000000 0.037360
2046.000000 0.038005
2047.000000 0.037775
2048.000000 0.036389
2049.000000 0.033308
2050.000000 0.045835
2051.000000 0.050595
2052.000000 0.046493
2053.000000 0.046247
2054.000000 0.043386
2055.000000 0.043744
2056.000000 0.039942
2057.000000 0.038581
2058.000000 0.033692
2059.000000 0.032486
2060.000000 0.030713
2061.000000 0.029832
2062.000000 0.030284
2063.000000 0.034794
2064.000000 0.032432
2065.000000 0.027553
2066.000000 0.025740
2067.000000 0.030479
2068.000000 0.027021
2069.000000 0.030477
2070.000000 0.030407
2071.000000 0.035270
2072.000000 0.045119
2073.000000 0.053646
2074.000000 0.047337
2075.000000 0.045926
2076.000000 0.047632
2077.000000 0.044251
2078.000000 0.039509
2079.000000 0.036639
2080.000000 0.035596
2081.000000 0.032221
2082.000000 0.030438
2083.000000 0.027028
2084.000000 0.031979
2085.000000 0.033714
2086.000000 0.036317
2087.000000 0.033063
2088.000000 0.028634
2089.000000 0.023826
2090.000000 0.028197
2091.000000 0.027994
2092.000000 0.039248
2093.000000 0.043032
2094.000000 0.046567
2095.000000 0.048200
2096.000000 0.044196
2097.000000 0.040851
2098.000000 0.044307
2099.000000 0.044596
2100.000000 0.041307
2101.000000 0.039289
2102.000000 0.037604
2103.000000 0.044613
2104.000000 0.043505
2105.000000 0.039939
2106.000000 0.035922
2107.000000 0.036228
2108.000000 0.036329
2109.000000 0.032230
2110.000000 0.028791
2111.000000 0.031686
2112.000000 0.037857
2113.000000 0.038386
2114.000000 0.036801
2115.000000 0.046596
2116.000000 0.045452
2117.000000 0.046877
2118.000000 0.041603
2119.000000 0.041597
2120.000000 0.044027
2121.000000 0.038549
2122.000000 0.041251
2123.000000 0.045756
2124.000000 0.043759
2125.000000 0.039924
2126.000000 0.042366
2127.000000 0.040810
2128.000000 0.039715
2129.000000 0.040051
2130.000000 0.039844
2131.000000 0.037781
2132.000000 0.036533
2133.000000 0.035546
2134.000000 0.036264
2135.000000 0.043667
2136.000000 0.047883
2137.000000 0.043626
2138.000000 0.039914
2139.000000 0.042281
2140.000000 0.041140
2141.000000 0.037561
2142.000000 0.038024
2143.000000 0.038807
2144.000000 0.034483
2145.000000 0.032992
2146.000000 0.035183
2147.000000 0.035243
2148.000000 0.037416
2149.000000 0.036082
2150.000000 0.034599
2151.000000 0.034204
2152.000000 0.032573
2153.000000 0.037899
2154.000000 0.037194
2155.000000 0.036385
2156.000000 0.040542
2157.000000 0.040454
2158.000000 0.041339
2159.000000 0.041950
2160.000000 0.041697
2161.000000 0.037439
2162.000000 0.033469
2163.000000 0.034194
2164.000000 0.043439
2165.000000 0.040276
2166.000000 0.040903
2167.000000 0.036939
2168.000000 0.035464
2169.000000 0.032638
2170.000000 0.030792
2171.000000 0.029189
2172.000000 0.039415
2173.000000 0.037354
2174.000000 0.044075
2175.000000 0.037172
2176.000000 0.038061
2177.000000 0.041904
2178.000000 0.043505
2179.000000 0.037025
2180.000000 0.038993
2181.000000 0.043145
2182.000000 0.045848
2183.000000 0.049502
2184.000000 0.052414
2185.000000 0.048143
2186.000000 0.043997
2187.000000 0.039339
2188.000000 0.033972
2189.000000 0.037525
2190.000000 0.033079
2191.000000 0.033077
2192.000000 0.040761
2193.000000 0.038154
2194.000000 0.039337
2195.000000 0.040139
2196.000000 0.043582
2197.000000 0.042193
2198.000000 0.042358
2199.000000 0.047741
2200.000000 0.044381
2201.000000 0.040251
2202.000000 0.037950
2203.000000 0.035803
2204.000000 0.036475
2205.000000 0.031406
2206.000000 0.031584
2207.000000 0.033123
2208.000000 0.035629
2209.000000 0.031783
2210.000000 0.029380
2211.000000 0.031323
2212.000000 0.035271
2213.000000 0.038392
2214.000000 0.044048
2215.000000 0.040520
2216.000000 0.040692
2217.000000 0.038650
2218.000000 0.037610
2219.000000 0.042853
2220.000000 0.040559
2221.000000 0.038684
2222.000000 0.037744
2223.000000 0.033275
2224.000000 0.028384
2225.000000 0.032593
2226.000000 0.032990
2227.000000 0.031707
2228.000000 0.031619
2229.000000 0.034604
2230.000000 0.038238
2231.000000 0.041405
2232.000000 0.038689
2233.000000 0.039150
2234.000000 0.038452
2235.000000 0.038378
2236.000000 0.037533
2237.000000 0.037535
2238.000000 0.042507
2239.000000 0.045068
2240.000000 0.049650
2241.000000 0.046257
2242.000000 0.047996
2243.000000 0.042415
2244.000000 0.040734
2245.000000 0.048062
2246.000000 0.042843
2247.000000 0.043966
2248.000000 0.040965
2249.000000 0.039166
2250.000000 0.032479
2251.000000 0.028442
2252.000000 0.023672
2253.000000 0.024822
2254.000000 0.022428
2255.000000 0.025110
2256.000000 0.025883
2257.000000 0.027733
2258.000000 0.026628
2259.000000 0.030698
2260.000000 0.040532
2261.000000 0.036648
2262.000000 0.039279
2263.000000 0.046379
2264.000000 0.040239
2265.000000 0.043371
2266.000000 0.050925
2267.000000 0.046208
2268.000000 0.042544
2269.000000 0.040565
2270.000000 0.037447
2271.000000 0.033794
2272.000000 0.033584
2273.000000 0.033391
2274.000000 0.036290
2275.000000 0.035464
2276.000000 0.035161
2277.000000 0.030874
2278.000000 0.033883
2279.000000 0.040101
2280.000000 0.036166
2281.000000 0.040410
2282.000000 0.043789
2283.000000 0.047226
2284.000000 0.048226
2285.000000 0.045221
2286.000000 0.046150
2287.000000 0.041780
2288.000000 0.037542
2289.000000 0.033817
2290.000000 0.034446
2291.000000 0.033314
2292.000000 0.029118
2293.000000 0.036318
2294.000000 0.036377
2295.000000 0.033235
2296.000000 0.034595
2297.000000 0.037588
2298.000000 0.039930
2299.000000 0.036022
2300.000000 0.035853
2301.000000 0.035516
2302.000000 0.032138
2303.000000 0.033984
2304.000000 0.035229
2305.000000 0.037626
2306.000000 0.039701
2307.000000 0.038594
2308.000000 0.038110
2309.000000 0.036799
2310.000000 0.032476
2311.000000 0.033301
2312.000000 0.033200
2313.000000 0.029968
2314.000000 0.036869
2315.000000 0.036055
2316.000000 0.035835
2317.000000 0.036625
2318.000000 0.037795
2319.000000 0.033835
2320.000000 0.035941
2321.000000 0.039848
2322.000000 0.038347
2323.000000 0.038053
2324.000000 0.034553
2325.000000 0.032999
2326.000000 0.028403
2327.000000 0.030305
2328.000000 0.039598
2329.000000 0.040140
2330.000000 0.039010
2331.000000 0.039770
2332.000000 0.044301
2333.000000 0.039963
2334.000000 0.033785
2335.000000 0.037662
2336.000000 0.042711
2337.000000 0.036646
2338.000000 0.040374
2339.000000 0.043544
2340.000000 0.036791
2341.000000 0.032416
2342.000000 0.034986
2343.000000 0.031550
2344.000000 0.033202
2345.000000 0.037893
2346.000000 0.036051
2347.000000 0.033488
2348.000000 0.037477
2349.000000 0.035933
2350.000000 0.033309
2351.000000 0.037213
2352.000000 0.034637
2353.000000 0.031843
2354.000000 0.039786
2355.000000 0.044891
2356.000000 0.047766
2357.000000 0.047641
2358.000000 0.050785
2359.000000 0.048614
2360.000000 0.046785
2361.000000 0.041387
2362.000000 0.037960
2363.000000 0.034282
2364.000000 0.038902
2365.000000 0.039610
2366.000000 0.040532
2367.000000 0.037496
2368.000000 0.034702
2369.000000 0.039961
2370.000000 0.034314
2371.000000 0.032623
2372.000000 0.037858
2373.000000 0.037578
2374.000000 0.036805
2375.000000 0.032589
2376.000000 0.033419
2377.000000 0.029437
2378.000000 0.029286
2379.000000 0.035237
2380.000000 0.034674
2381.000000 0.038504
2382.000000 0.043548
2383.000000 0.041803
2384.000000 0.041316
2385.000000 0.037544
2386.000000 0.047001
2387.000000 0.043908
2388.000000 0.045382
2389.000000 0.040062
2390.000000 0.039082
2391.000000 0.041586
2392.000000 0.040899
2393.000000 0.036438
2394.000000 0.033441
2395.000000 0.035846
2396.000000 0.033169
2397.000000 0.034552
2398.000000 0.033906
2399.000000 0.033232
2400.000000 0.031276
2401.000000 0.029885
2402.000000 0.034702
2403.000000 0.040761
2404.000000 0.040356
2405.000000 0.041673
2406.000000 0.042022
2407.000000 0.039575
2408.000000 0.035438
2409.000000 0.038564
2410.000000 0.037766
2411.000000 0.034196
2412.000000 0.031461
2413.000000 0.035252
2414.000000 0.033394
2415.000000 0.042099
2416.000000 0.041807
2417.000000 0.037842
2418.000000 0.034656
2419.000000 0.035075
2420.000000 0.040882
2421.000000 0.040506
2422.000000 0.039418
2423.000000 0.033596
2424.000000 0.034193
2425.000000 0.035681
2426.000000 0.037068
2427.000000 0.040780
2428.000000 0.035229
2429.000000 0.034634
2430.000000 0.036167
2431.000000 0.040250
2432.000000 0.039341
2433.000000 0.039669
2434.000000 0.036713
2435.000000 0.036436
2436.000000 0.038414
2437.000000 0.036577
2438.000000 0.031433
2439.000000 0.039273
2440.000000 0.035212
2441.000000 0.036125
2442.000000 0.032439
2443.000000 0.032547
2444.000000 0.034812
2445.000000 0.034980
2446.000000 0.041569
2447.000000 0.040283
2448.000000 0.040539
2449.000000 0.043024
2450.000000 0.043101
2451.000000 0.053294
2452.000000 0.049498
2453.000000 0.046808
2454.000000 0.041978
2455.000000 0.042767
2456.000000 0.038817
2457.000000 0.040611
2458.000000 0.039555
2459.000000 0.046570
2460.000000 0.047997
2461.000000 0.045643
2462.000000 0.039727
2463.000000 0.040141
2464.000000 0.037195
2465.000000 0.037169
2466.000000 0.040551
2467.000000 0.042852
2468.000000 0.043093
2469.000000 0.041805
2470.000000 0.039498
2471.000000 0.043123
2472.000000 0.039247
2473.000000 0.037354
2474.000000 0.032297
2475.000000 0.034784
2476.000000 0.035745
2477.000000 0.037551
2478.000000 0.038694
2479.000000 0.035801
2480.000000 0.030696
2481.000000 0.033757
2482.000000 0.035390
2483.000000 0.033900
2484.000000 0.038468
2485.000000 0.036283
2486.000000 0.033655
2487.000000 0.037912
2488.000000 0.046319
2489.000000 0.045244
2490.000000 0.043856
2491.000000 0.040829
2492.000000 0.035648
2493.000000 0.035166
2494.000000 0.035340
2495.000000 0.034163
2496.000000 0.033653
2497.000000 0.036167
2498.000000 0.034389
2499.000000 0.034696
2500.000000 0.035183
2501.000000 0.038805
2502.000000 0.039041
2503.000000 0.037724
2504.000000 0.037856
2505.000000 0.043681
2506.000000 0.044933
2507.000000 0.043237
2508.000000 0.041240
2509.000000 0.036828
2510.000000 0.036148
2511.000000 0.034787
2512.000000 0.038029
2513.000000 0.034572
2514.000000 0.032762
2515.000000 0.035152
2516.000000 0.035091
2517.000000 0.029856
2518.000000 0.027993
2519.000000 0.031674
2520.000000 0.028230
2521.000000 0.034961
2522.000000 0.044920
2523.000000 0.053780
2524.000000 0.049932
2525.000000 0.051992
2526.000000 0.050581
2527.000000 0.050202
2528.000000 0.043025
2529.000000 0.040787
2530.000000 0.041795
2531.000000 0.038344
2532.000000 0.034605
2533.000000 0.029041
2534.000000 0.032433
2535.000000 0.029076
2536.000000 0.029266
2537.000000 0.027508
2538.000000 0.030027
2539.000000 0.036365
2540.000000 0.038256
2541.000000 0.039367
2542.000000 0.036384
2543.000000 0.040640
2544.000000 0.040603
2545.000000 0.042162
2546.000000 0.036509
2547.000000 0.035879
2548.000000 0.038813
2549.000000 0.034758
2550.000000 0.039603
2551.000000 0.040052
2552.000000 0.039802
2553.000000 0.040301
2554.000000 0.037916
2555.000000 0.033196
2556.000000 0.035988
2557.000000 0.035629
2558.000000 0.035238
2559.000000 0.037012
2560.000000 0.041113
2561.000000 0.039810
2562.000000 0.044541
2563.000000 0.051293
2564.000000 0.053349
2565.000000 0.046920
2566.000000 0.045909
2567.000000 0.041629
2568.000000 0.043319
2569.000000 0.038725
2570.000000 0.043326
2571.000000 0.039944
2572.000000 0.037939
2573.000000 0.036723
2574.000000 0.036605
2575.000000 0.034443
2576.000000 0.033650
2577.000000 0.032440
2578.000000 0.036320
2579.000000 0.040827
2580.000000 0.040639
2581.000000 0.042712
2582.000000 0.048943
2583.000000 0.047277
2584.000000 0.042190
2585.000000 0.044235
2586.000000 0.047810
2587.000000 0.043987
2588.000000 0.043926
2589.000000 0.038464
2590.000000 0.039053
2591.000000 0.042342
2592.000000 0.036733
2593.000000 0.038022
2594.000000 0.041248
2595.000000 0.038749
2596.000000 0.034214
2597.000000 0.032066
2598.000000 0.034511
2599.000000 0.036878
2600.000000 0.037008
2601.000000 0.033056
2602.000000 0.037532
2603.000000 0.043405
2604.000000 0.046110
2605.000000 0.047145
2606.000000 0.042634
2607.000000 0.043694
2608.000000 0.039442
2609.000000 0.041565
2610.000000 0.041730
2611.000000 0.038334
2612.000000 0.037221
2613.000000 0.040567
2614.000000 0.039780
2615.000000 0.037848
2616.000000 0.037312
2617.000000 0.042387
2618.000000 0.045933
2619.000000 0.043166
2620.000000 0.039346
2621.000000 0.040068
2622.000000 0.041276
2623.000000 0.037994
2624.000000 0.037248
2625.000000 0.036635
2626.000000 0.043222
2627.000000 0.045055
2628.000000 0.042571
2629.000000 0.037123
2630.000000 0.038947
2631.000000 0.038330
2632.000000 0.041645
2633.000000 0.042875
2634.000000 0.038457
2635.000000 0.036830
2636.000000 0.035751
2637.000000 0.039035
2638.000000 0.041396
2639.000000 0.038738
2640.000000 0.045163
2641.000000 0.045401
2642.000000 0.040046
2643.000000 0.039735
2644.000000 0.036832
2645.000000 0.036636
2646.000000 0.037791
2647.000000 0.035943
2648.000000 0.038003
2649.000000 0.034086
2650.000000 0.036588
2651.000000 0.043162
2652.000000 0.043682
2653.000000 0.041926
2654.000000 0.039920
2655.000000 0.037814
2656.000000 0.036491
2657.000000 0.034017
2658.000000 0.033978
2659.000000 0.032090
2660.000000 0.029350
2661.000000 0.032617
2662.000000 0.033472
2663.000000 0.034683
2664.000000 0.035221
2665.000000 0.042435
2666.000000 0.040586
2667.000000 0.039934
2668.000000 0.044136
2669.000000 0.045852
2670.000000 0.042807
2671.000000 0.044863
2672.000000 0.047304
2673.000000 0.047751
2674.000000 0.041597
2675.000000 0.039296
2676.000000 0.043077
2677.000000 0.039163
2678.000000 0.039476
2679.000000 0.034471
2680.000000 0.033583
2681.000000 0.030039
2682.000000 0.030565
2683.000000 0.039234
2684.000000 0.035842
2685.000000 0.036969
2686.000000 0.036546
2687.000000 0.037407
2688.000000 0.033729
2689.000000 0.032021
2690.000000 0.031009
2691.000000 0.036651
2692.000000 0.032481
2693.000000 0.030950
2694.000000 0.035077
2695.000000 0.038368
2696.000000 0.042219
2697.000000 0.046008
2698.000000 0.040872
2699.000000 0.034934
2700.000000 0.034064
2701.000000 0.031342
2702.000000 0.042760
2703.000000 0.050796
2704.000000 0.048119
2705.000000 0.044073
2706.000000 0.041475
2707.000000 0.040433
2708.000000 0.036038
2709.000000 0.038512
2710.000000 0.034638
2711.000000 0.042414
2712.000000 0.042960
2713.000000 0.046982
2714.000000 0.046365
2715.000000 0.050619
2716.000000 0.047330
2717.000000 0.047602
2718.000000 0.043490
2719.000000 0.038145
2720.000000 0.038791
2721.000000 0.033778
2722.000000 0.033840
2723.000000 0.032084
2724.000000 0.033600
2725.000000 0.041882
2726.000000 0.038901
2727.000000 0.035856
2728.000000 0.034957
2729.000000 0.036222
2730.000000 0.032516
2731.000000 0.040841
2732.000000 0.034528
2733.000000 0.033135
2734.000000 0.034746
2735.000000 0.039011
2736.000000 0.045440
2737.000000 0.037586
2738.000000 0.037496
2739.000000 0.039624
2740.000000 0.045763
2741.000000 0.041740
2742.000000 0.043653
2743.000000 0.037686
2744.000000 0.037026
2745.000000 0.042004
2746.000000 0.036264
2747.000000 0.038385
2748.000000 0.035633
2749.000000 0.035549
2750.000000 0.033890
2751.000000 0.032520
2752.000000 0.032302
2753.000000 0.039223
2754.000000 0.040499
2755.000000 0.045381
2756.000000 0.042092
2757.000000 0.035755
2758.000000 0.035385
2759.000000 0.038617
2760.000000 0.038208
2761.000000 0.040470
2762.000000 0.036301
2763.000000 0.036479
2764.000000 0.036864
2765.000000 0.034715
2766.000000 0.036220
2767.000000 0.039533
2768.000000 0.034476
2769.000000 0.036486
2770.000000 0.035840
2771.000000 0.033328
2772.000000 0.034823
2773.000000 0.035878
2774.000000 0.038441
2775.000000 0.036052
2776.000000 0.039805
2777.000000 0.040263
2778.000000 0.035657
2779.000000 0.036789
2780.000000 0.036401
2781.000000 0.036303
2782.000000 0.043790
2783.000000 0.045729
2784.000000 0.042897
2785.000000 0.041670
2786.000000 0.037752
2787.000000 0.036877
2788.000000 0.039839
2789.000000 0.041734
2790.000000 0.041988
2791.000000 0.040506
2792.000000 0.039342
2793.000000 0.041560
2794.000000 0.036760
2795.000000 0.038115
2796.000000 0.036842
2797.000000 0.034300
2798.000000 0.030402
2799.000000 0.028768
2800.000000 0.027075
2801.000000 0.028502
2802.000000 0.026805
2803.000000 0.029683
2804.000000 0.034214
2805.000000 0.036908
2806.000000 0.037945
2807.000000 0.041406
2808.000000 0.038899
2809.000000 0.045515
2810.000000 0.041839
2811.000000 0.038835
2812.000000 0.035317
2813.000000 0.042664
2814.000000 0.038759
2815.000000 0.038062
2816.000000 0.035739
2817.000000 0.033212
2818.000000 0.030941
2819.000000 0.028755
2820.000000 0.033016
2821.000000 0.031855
2822.000000 0.034026
2823.000000 0.044258
2824.000000 0.045795
2825.000000 0.042214
2826.000000 0.043186
2827.000000 0.044203
2828.000000 0.043164
2829.000000 0.042315
2830.000000 0.050890
2831.000000 0.050052
2832.000000 0.045322
2833.000000 0.038572
2834.000000 0.037372
2835.000000 0.037406
2836.000000 0.035488
2837.000000 0.029789
2838.000000 0.027369
2839.000000 0.025563
2840.000000 0.025095
2841.000000 0.031151
2842.000000 0.030646
2843.000000 0.027702
2844.000000 0.032661
2845.000000 0.035391
2846.000000 0.035231
2847.000000 0.033164
2848.000000 0.035171
2849.000000 0.039465
2850.000000 0.036676
2851.000000 0.035711
2852.000000 0.041970
2853.000000 0.043773
2854.000000 0.043825
2855.000000 0.040491
2856.000000 0.043976
2857.000000 0.037610
2858.000000 0.038036
2859.000000 0.035553
2860.000000 0.029965
2861.000000 0.028216
2862.000000 0.028794
2863.000000 0.029826
2864.000000 0.033045
2865.000000 0.031238
2866.000000 0.035936
2867.000000 0.038691
2868.000000 0.039867
2869.000000 0.046087
2870.000000 0.041579
2871.000000 0.038963
2872.000000 0.041165
2873.000000 0.039545
2874.000000 0.044919
2875.000000 0.044379
2876.000000 0.037784
2877.000000 0.035928
2878.000000 0.036287
2879.000000 0.036187
2880.000000 0.051135
2881.000000 0.042281
2882.000000 0.035922
2883.000000 0.034868
2884.000000 0.034644
2885.000000 0.033757
2886.000000 0.035204
2887.000000 0.040547
2888.000000 0.038491
2889.000000 0.037678
2890.000000 0.034241
2891.000000 0.036995
2892.000000 0.033144
2893.000000 0.045626
2894.000000 0.042437
2895.000000 0.038278
2896.000000 0.040674
2897.000000 0.037773
2898.000000 0.032766
2899.000000 0.028382
2900.000000 0.025752
2901.000000 0.027005
2902.000000 0.029043
2903.000000 0.036545
2904.000000 0.037621
2905.000000 0.043313
2906.000000 0.039768
2907.000000 0.042155
2908.000000 0.040183
2909.000000 0.042600
2910.000000 0.047223
2911.000000 0.042708
2912.000000 0.043013
2913.000000 0.038298
2914.000000 0.039798
2915.000000 0.035448
2916.000000 0.038565
2917.000000 0.038196
2918.000000 0.042478
2919.000000 0.044518
2920.000000 0.041014
2921.000000 0.036331
2922.000000 0.034481
2923.000000 0.039533
2924.000000 0.038785
2925.000000 0.040963
2926.000000 0.042524
2927.000000 0.039065
2928.000000 0.039528
2929.000000 0.042570
2930.000000 0.051892
2931.000000 0.046680
2932.000000 0.044682
2933.000000 0.040936
2934.000000 0.038108
2935.000000 0.034344
2936.000000 0.037101
2937.000000 0.035654
2938.000000 0.042857
2939.000000 0.038919
2940.000000 0.044179
2941.000000 0.044710
2942.000000 0.043003
2943.000000 0.035830
2944.000000 0.034076
2945.000000 0.033115
2946.000000 0.037364
2947.000000 0.046826
2948.000000 0.046082
2949.000000 0.050092
2950.000000 0.050721
2951.000000 0.050242
2952.000000 0.044903
2953.000000 0.037161
2954.000000 0.034588
2955.000000 0.033059
2956.000000 0.034445
2957.000000 0.034233
2958.000000 0.041316
2959.000000 0.041107
2960.000000 0.038822
2961.000000 0.041686
2962.000000 0.039641
2963.000000 0.039455
2964.000000 0.039898
2965.000000 0.040518
2966.000000 0.039177
2967.000000 0.033204
2968.000000 0.046238
2969.000000 0.047841
2970.000000 0.043170
2971.000000 0.040852
2972.000000 0.040808
2973.000000 0.041395
2974.000000 0.042541
2975.000000 0.039026
2976.000000 0.035417
2977.000000 0.036187
2978.000000 0.032665
2979.000000 0.029868
2980.000000 0.030099
2981.000000 0.033474
2982.000000 0.034309
2983.000000 0.036973
2984.000000 0.035370
2985.000000 0.032026
2986.000000 0.036719
2987.000000 0.032918
2988.000000 0.032469
2989.000000 0.028546
2990.000000 0.032233
2991.000000 0.041186
2992.000000 0.043313
2993.000000 0.042226
2994.000000 0.043005
2995.000000 0.041234
2996.000000 0.040913
2997.000000 0.040829
2998.000000 0.036739
2999.000000 0.035391
3000.000000 0.033671
3001.000000 0.035549
3002.000000 0.032824
3003.000000 0.037425
3004.000000 0.045754
3005.000000 0.045376
3006.000000 0.044070
3007.000000 0.041924
3008.000000 0.038485
3009.000000 0.037810
3010.000000 0.039158
3011.000000 0.038608
3012.000000 0.038585
3013.000000 0.043361
3014.000000 0.041533
3015.000000 0.041045
3016.000000 0.046177
3017.000000 0.048136
3018.000000 0.050350
3019.000000 0.046159
3020.000000 0.045447
3021.000000 0.042385
3022.000000 0.039588
3023.000000 0.037783
3024.000000 0.040855
3025.000000 0.043660
3026.000000 0.037893
3027.000000 0.035568
3028.000000 0.029800
3029.000000 0.027528
3030.000000 0.032771
3031.000000 0.029553
3032.000000 0.034689
3033.000000 0.037011
3034.000000 0.035094
3035.000000 0.035159
3036.000000 0.035402
3037.000000 0.042632
3038.000000 0.042820
3039.000000 0.044814
3040.000000 0.044875
3041.000000 0.048853
3042.000000 0.042874
3043.000000 0.039031
3044.000000 0.039922
3045.000000 0.042347
3046.000000 0.042021
3047.000000 0.036916
3048.000000 0.036705
3049.000000 0.034373
3050.000000 0.041221
3051.000000 0.036770
3052.000000 0.034430
3053.000000 0.035595
3054.000000 0.034199
3055.000000 0.037988
3056.000000 0.045026
3057.000000 0.042659
3058.000000 0.037305
3059.000000 0.039051
3060.000000 0.038311
3061.000000 0.044903
3062.000000 0.046946
3063.000000 0.043761
3064.000000 0.043092
3065.000000 0.039905
3066.000000 0.036570
3067.000000 0.035496
3068.000000 0.034781
3069.000000 0.030379
3070.000000 0.029757
3071.000000 0.027497
3072.000000 0.030648
3073.000000 0.033202
3074.000000 0.034918
3075.000000 0.037900
3076.000000 0.037949
3077.000000 0.040070
3078.000000 0.037306
3079.000000 0.041509
3080.000000 0.043619
3081.000000 0.047550
3082.000000 0.052007
3083.000000 0.047013
3084.000000 0.043726
3085.000000 0.041251
3086.000000 0.037672
3087.000000 0.034902
3088.000000 0.037220
3089.000000 0.032642
3090.000000 0.033221
3091.000000 0.031149
3092.000000 0.034456
3093.000000 0.037070
3094.000000 0.034469
3095.000000 0.037589
3096.000000 0.034823
3097.000000 0.037562
3098.000000 0.031538
3099.000000 0.030675
3100.000000 0.036084
3101.000000 0.041577
3102.000000 0.043783
3103.000000 0.045983
3104.000000 0.042135
3105.000000 0.038504
3106.000000 0.035710
3107.000000 0.035558
3108.000000 0.039696
3109.000000 0.038619
3110.000000 0.036034
3111.000000 0.038325
3112.000000 0.044314
3113.000000 0.040030
3114.000000 0.039089
3115.000000 0.036892
3116.000000 0.037986
3117.000000 0.039241
3118.000000 0.040559
3119.000000 0.041158
3120.000000 0.039649
3121.000000 0.039611
3122.000000 0.039295
3123.000000 0.035471
3124.000000 0.040127
3125.000000 0.044749
3126.000000 0.040995
3127.000000 0.047166
3128.000000 0.045775
3129.000000 0.046415
3130.000000 0.045077
3131.000000 0.043843
3132.000000 0.044515
3133.000000 0.038281
3134.000000 0.039552
3135.000000 0.038887
3136.000000 0.038563
3137.000000 0.037526
3138.000000 0.037935
3139.000000 0.041056
3140.000000 0.040101
3141.000000 0.049845
3142.000000 0.043340
3143.000000 0.040495
3144.000000 0.041683
3145.000000 0.042644
3146.000000 0.040874
3147.000000 0.035417
3148.000000 0.032310
3149.000000 0.029465
3150.000000 0.034739
3151.000000 0.039822
3152.000000 0.044190
3153.000000 0.046777
3154.000000 0.049810
3155.000000 0.050724
3156.000000 0.053506
3157.000000 0.045659
3158.000000 0.045774
3159.000000 0.040470
3160.000000 0.041040
3161.000000 0.045677
3162.000000 0.039311
3163.000000 0.033251
3164.000000 0.035367
3165.000000 0.041200
3166.000000 0.040738
3167.000000 0.034171
3168.000000 0.037202
3169.000000 0.036016
3170.000000 0.035761
3171.000000 0.040428
3172.000000 0.037155
3173.000000 0.036426
3174.000000 0.042983
3175.000000 0.040679
3176.000000 0.040085
3177.000000 0.042460
3178.000000 0.040839
3179.000000 0.041268
3180.000000 0.037967
3181.000000 0.042566
3182.000000 0.035251
3183.000000 0.038236
3184.000000 0.033167
3185.000000 0.033356
3186.000000 0.036488
3187.000000 0.037503
3188.000000 0.038366
3189.000000 0.038880
3190.000000 0.039919
3191.000000 0.037979
3192.000000 0.033887
3193.000000 0.033805
3194.000000 0.035781
3195.000000 0.033651
3196.000000 0.041330
3197.000000 0.044574
3198.000000 0.043120
3199.000000 0.045555
3200.000000 0.040313
3201.000000 0.041923
3202.000000 0.040677
3203.000000 0.037285
3204.000000 0.040007
3205.000000 0.039334
3206.000000 0.042806
3207.000000 0.038825
3208.000000 0.039778
3209.000000 0.046711
3210.000000 0.042051
3211.000000 0.039281
3212.000000 0.042282
3213.000000 0.039546
3214.000000 0.043546
3215.000000 0.045039
3216.000000 0.042438
3217.000000 0.046481
3218.000000 0.047763
3219.000000 0.044062
3220.000000 0.041258
3221.000000 0.037217
3222.000000 0.037776
3223.000000 0.039350
3224.000000 0.042439
3225.000000 0.040897
3226.000000 0.034807
3227.000000 0.041087
3228.000000 0.037983
3229.000000 0.044729
3230.000000 0.038349
3231.000000 0.035366
3232.000000 0.034431
3233.000000 0.045787
3234.000000 0.051437
3235.000000 0.051201
3236.000000 0.048483
3237.000000 0.045909
3238.000000 0.040393
3239.000000 0.036439
3240.000000 0.034184
3241.000000 0.030655
3242.000000 0.038899
3243.000000 0.039270
3244.000000 0.046284
3245.000000 0.044960
3246.000000 0.044057
3247.000000 0.041120
3248.000000 0.036255
3249.000000 0.039528
3250.000000 0.038584
3251.000000 0.039446
3252.000000 0.040490
3253.000000 0.038484
3254.000000 0.037797
3255.000000 0.044261
3256.000000 0.041286
3257.000000 0.036048
3258.000000 0.032374
3259.000000 0.034095
3260.000000 0.030234
3261.000000 0.037966
3262.000000 0.038627
3263.000000 0.046256
3264.000000 0.046858
3265.000000 0.041372
3266.000000 0.036882
3267.000000 0.034905
3268.000000 0.034882
3269.000000 0.038655
3270.000000 0.042253
3271.000000 0.048611
3272.000000 0.052971
3273.000000 0.044646
3274.000000 0.040324
3275.000000 0.036972
3276.000000 0.035862
3277.000000 0.038604
3278.000000 0.038118
3279.000000 0.035296
3280.000000 0.034443
3281.000000 0.034035
3282.000000 0.034228
3283.000000 0.032891
3284.000000 0.033772
3285.000000 0.030367
3286.000000 0.034490
3287.000000 0.043907
3288.000000 0.044863
3289.000000 0.046020
3290.000000 0.051881
3291.000000 0.054614
3292.000000 0.050540
3293.000000 0.049602
3294.000000 0.041023
3295.000000 0.038789
3296.000000 0.035858
3297.000000 0.034242
3298.000000 0.030151
3299.000000 0.027207
3300.000000 0.031530
3301.000000 0.034562
3302.000000 0.036493
3303.000000 0.036030
3304.000000 0.035029
3305.000000 0.040392
3306.000000 0.043502
3307.000000 0.041409
3308.000000 0.037715
3309.000000 0.042999
3310.000000 0.037056
3311.000000 0.035894
3312.000000 0.035035
3313.000000 0.034066
3314.000000 0.033492
3315.000000 0.034597
3316.000000 0.033424
3317.000000 0.032792
3318.000000 0.033722
3319.000000 0.034061
3320.000000 0.042674
3321.000000 0.039349
3322.000000 0.042596
3323.000000 0.039895
3324.000000 0.039118
3325.000000 0.039731
3326.000000 0.035740
3327.000000 0.030694
3328.000000 0.034159
3329.000000 0.034212
3330.000000 0.036695
3331.000000 0.039733
3332.000000 0.036764
3333.000000 0.036671
3334.000000 0.033161
3335.000000 0.036287
3336.000000 0.036234
3337.000000 0.038391
3338.000000 0.045630
3339.000000 0.045474
3340.000000 0.048070
3341.000000 0.044609
3342.000000 0.043917
3343.000000 0.043314
3344.000000 0.042846
3345.000000 0.045207
3346.000000 0.044907
3347.000000 0.044192
3348.000000 0.040356
3349.000000 0.041675
3350.000000 0.038870
3351.000000 0.036929
3352.000000 0.038152
3353.000000 0.040873
3354.000000 0.042858
3355.000000 0.044601
3356.000000 0.044035
3357.000000 0.045632
3358.000000 0.043429
3359.000000 0.044230
3360.000000 0.037397
3361.000000 0.038635
3362.000000 0.032044
3363.000000 0.033104
3364.000000 0.035493
3365.000000 0.038685
3366.000000 0.033010
3367.000000 0.041650
3368.000000 0.038696
3369.000000 0.040535
3370.000000 0.047664
3371.000000 0.040092
3372.000000 0.042047
3373.000000 0.044501
3374.000000 0.047082
3375.000000 0.042012
3376.000000 0.041456
3377.000000 0.043328
3378.000000 0.042441
3379.000000 0.038976
3380.000000 0.034743
3381.000000 0.033182
3382.000000 0.033898
3383.000000 0.033041
3384.000000 0.029454
3385.000000 0.034198
3386.000000 0.049551
3387.000000 0.043909
3388.000000 0.039240
3389.000000 0.038589
3390.000000 0.044602
3391.000000 0.040946
3392.000000 0.037478
3393.000000 0.044826
3394.000000 0.047092
3395.000000 0.042507
3396.000000 0.036817
3397.000000 0.037203
3398.000000 0.033738
3399.000000 0.031141
3400.000000 0.033273
3401.000000 0.031154
3402.000000 0.029549
3403.000000 0.027548
3404.000000 0.026984
3405.000000 0.036146
3406.000000 0.037729
3407.000000 0.038013
3408.000000 0.046457
3409.000000 0.045735
3410.000000 0.053207
3411.000000 0.054963
3412.000000 0.047148
3413.000000 0.046748
3414.000000 0.041431
3415.000000 0.035854
3416.000000 0.038583
3417.000000 0.033490
3418.000000 0.032289
3419.000000 0.030332
3420.000000 0.029146
3421.000000 0.027506
3422.000000 0.026135
3423.000000 0.032196
3424.000000 0.032231
3425.000000 0.031244
3426.000000 0.030745
3427.000000 0.036421
3428.000000 0.040577
3429.000000 0.041953
3430.000000 0.047214
3431.000000 0.052067
3432.000000 0.051086
3433.000000 0.047728
3434.000000 0.044097
3435.000000 0.041654
3436.000000 0.036803
3437.000000 0.037565
3438.000000 0.038024
3439.000000 0.041042
3440.000000 0.038802
3441.000000 0.036129
3442.000000 0.034355
3443.000000 0.029768
3444.000000 0.033414
3445.000000 0.030462
3446.000000 0.034275
3447.000000 0.033238
3448.000000 0.038454
3449.000000 0.045493
3450.000000 0.043486
3451.000000 0.038212
3452.000000 0.045937
3453.000000 0.045178
3454.000000 0.042659
3455.000000 0.041549
3456.000000 0.042333
3457.000000 0.038853
3458.000000 0.040621
3459.000000 0.044911
3460.000000 0.040709
3461.000000 0.042340
3462.000000 0.037916
3463.000000 0.038931
3464.000000 0.042355
3465.000000 0.044615
3466.000000 0.047918
3467.000000 0.042360
3468.000000 0.036746
3469.000000 0.038048
3470.000000 0.038297
3471.000000 0.040074
3472.000000 0.036139
3473.000000 0.037611
3474.000000 0.035147
3475.000000 0.032964
3476.000000 0.033109
3477.000000 0.034387
3478.000000 0.043850
3479.000000 0.045030
3480.000000 0.040595
3481.000000 0.038151
3482.000000 0.036529
3483.000000 0.035342
3484.000000 0.038602
3485.000000 0.044851
3486.000000 0.048024
3487.000000 0.042819
3488.000000 0.042932
3489.000000 0.040315
3490.000000 0.039494
3491.000000 0.035078
3492.000000 0.033395
3493.000000 0.031839
3494.000000 0.031761
3495.000000 0.029875
3496.000000 0.033852
3497.000000 0.030855
3498.000000 0.029630
3499.000000 0.031318
3500.000000 0.033445
3501.000000 0.043096
3502.000000 0.046054
3503.000000 0.045532
3504.000000 0.041062
3505.000000 0.042128
3506.000000 0.041751
3507.000000 0.038255
3508.000000 0.042943
3509.000000 0.043637
3510.000000 0.044244
3511.000000 0.042178
3512.000000 0.038995
3513.000000 0.041501
3514.000000 0.036996
3515.000000 0.031623
3516.000000 0.031682
3517.000000 0.030030
3518.000000 0.028197
3519.000000 0.028623
3520.000000 0.029097
3521.000000 0.026690
3522.000000 0.031961
3523.000000 0.031232
3524.000000 0.029946
3525.000000 0.030601
3526.000000 0.039106
3527.000000 0.040504
3528.000000 0.043917
3529.000000 0.041747
3530.000000 0.039245
3531.000000 0.043002
3532.000000 0.039660
3533.000000 0.040676
3534.000000 0.039259
3535.000000 0.036379
3536.000000 0.034640
3537.000000 0.030541
3538.000000 0.027178
3539.000000 0.029935
3540.000000 0.040218
3541.000000 0.033908
3542.000000 0.032194
3543.000000 0.030035
3544.000000 0.040223
3545.000000 0.046423
3546.000000 0.043028
3547.000000 0.048899
3548.000000 0.048769
3549.000000 0.047351
3550.000000 0.042672
3551.000000 0.044279
3552.000000 0.043025
3553.000000 0.039400
3554.000000 0.034747
3555.000000 0.033952
3556.000000 0.037873
3557.000000 0.037207
3558.000000 0.037840
3559.000000 0.040576
3560.000000 0.039628
3561.000000 0.041829
3562.000000 0.041717
3563.000000 0.045107
3564.000000 0.045346
3565.000000 0.051626
3566.000000 0.048445
3567.000000 0.045817
3568.000000 0.044113
3569.000000 0.041005
3570.000000 0.036563
3571.000000 0.036589
3572.000000 0.036770
3573.000000 0.038162
3574.000000 0.040041
3575.000000 0.040220
3576.000000 0.033296
3577.000000 0.032410
3578.000000 0.030887
3579.000000 0.032745
3580.000000 0.031635
3581.000000 0.032758
3582.000000 0.029463
3583.000000 0.038320
3584.000000 0.042189
3585.000000 0.039269
3586.000000 0.033714
3587.000000 0.032176
3588.000000 0.035119
3589.000000 0.041117
3590.000000 0.040784
3591.000000 0.047803
3592.000000 0.047809
3593.000000 0.047371
3594.000000 0.042510
3595.000000 0.035682
3596.000000 0.042694
3597.000000 0.041939
3598.000000 0.037351
3599.000000 0.034329
3600.000000 0.037293
3601.000000 0.034134
3602.000000 0.035054
3603.000000 0.034279
3604.000000 0.032127
3605.000000 0.037511
3606.000000 0.043275
3607.000000 0.041082
3608.000000 0.038081
3609.000000 0.041047
3610.000000 0.040273
3611.000000 0.039447
3612.000000 0.034437
3613.000000 0.039541
3614.000000 0.042001
3615.000000 0.042137
3616.000000 0.036911
3617.000000 0.043211
3618.000000 0.043657
3619.000000 0.038285
3620.000000 0.032542
3621.000000 0.036289
3622.000000 0.034757
3623.000000 0.034272
3624.000000 0.032437
3625.000000 0.034913
3626.000000 0.039665
3627.000000 0.040981
3628.000000 0.036265
3629.000000 0.034955
3630.000000 0.039880
3631.000000 0.043465
3632.000000 0.037245
3633.000000 0.043116
3634.000000 0.040276
3635.000000 0.041709
3636.000000 0.042421
3637.000000 0.040134
3638.000000 0.038341
3639.000000 0.039686
3640.000000 0.044688
3641.000000 0.043945
3642.000000 0.044502
3643.000000 0.039512
3644.000000 0.039161
3645.000000 0.037192
3646.000000 0.033571
3647.000000 0.030089
3648.000000 0.037291
3649.000000 0.044888
3650.000000 0.040242
3651.000000 0.045813
3652.000000 0.044037
3653.000000 0.041764
3654.000000 0.037172
3655.000000 0.036145
3656.000000 0.033235
3657.000000 0.032300
3658.000000 0.033946
3659.000000 0.029499
3660.000000 0.035048
3661.000000 0.040970
3662.000000 0.037646
3663.000000 0.036276
3664.000000 0.035254
3665.000000 0.037973
3666.000000 0.036655
3667.000000 0.040445
3668.000000 0.044041
3669.000000 0.042524
3670.000000 0.036560
3671.000000 0.037651
3672.000000 0.039125
3673.000000 0.036058
3674.000000 0.040704
3675.000000 0.037029
3676.000000 0.037019
3677.000000 0.035411
3678.000000 0.032216
3679.000000 0.033780
3680.000000 0.029894
3681.000000 0.032304
3682.000000 0.030120
3683.000000 0.040246
3684.000000 0.041349
3685.000000 0.040675
3686.000000 0.040632
3687.000000 0.039680
3688.000000 0.038183
3689.000000 0.037038
3690.000000 0.040083
3691.000000 0.044653
3692.000000 0.042900
3693.000000 0.036724
3694.000000 0.041764
3695.000000 0.039781
3696.000000 0.038620
3697.000000 0.043618
3698.000000 0.043734
3699.000000 0.040984
3700.000000 0.048711
3701.000000 0.042712
3702.000000 0.043485
3703.000000 0.044761
3704.000000 0.038362
3705.000000 0.034694
3706.000000 0.034196
3707.000000 0.034095
3708.000000 0.031918
3709.000000 0.029721
3710.000000 0.031190
3711.000000 0.038345
3712.000000 0.045451
3713.000000 0.044139
3714.000000 0.041592
3715.000000 0.037197
3716.000000 0.034975
3717.000000 0.033219
3718.000000 0.045599
3719.000000 0.040699
3720.000000 0.041648
3721.000000 0.044724
3722.000000 0.045149
3723.000000 0.041068
3724.000000 0.038386
3725.000000 0.036198
3726.000000 0.038211
3727.000000 0.039587
3728.000000 0.039734
3729.000000 0.042846
3730.000000 0.040857
3731.000000 0.042366
3732.000000 0.040093
3733.000000 0.038857
3734.000000 0.039085
3735.000000 0.044744
3736.000000 0.038917
3737.000000 0.035657
3738.000000 0.037418
3739.000000 0.039937
3740.000000 0.042444
3741.000000 0.038415
3742.000000 0.032051
3743.000000 0.034819
3744.000000 0.041342
3745.000000 0.041280
3746.000000 0.043116
3747.000000 0.037508
3748.000000 0.035050
3749.000000 0.034590
3750.000000 0.038610
3751.000000 0.041046
3752.000000 0.044264
3753.000000 0.044973
3754.000000 0.040920
3755.000000 0.036860
3756.000000 0.037247
3757.000000 0.042503
3758.000000 0.039907
3759.000000 0.044288
3760.000000 0.037342
3761.000000 0.034778
3762.000000 0.032894
3763.000000 0.030798
3764.000000 0.027623
3765.000000 0.027476
3766.000000 0.027594
3767.000000 0.025793
3768.000000 0.030448
3769.000000 0.035427
3770.000000 0.029441
3771.000000 0.029052
3772.000000 0.034862
3773.000000 0.040069
3774.000000 0.043636
3775.000000 0.036211
3776.000000 0.041170
3777.000000 0.046938
3778.000000 0.045527
3779.000000 0.047347
3780.000000 0.053930
3781.000000 0.049810
3782.000000 0.046537
3783.000000 0.043604
3784.000000 0.039173
3785.000000 0.033542
3786.000000 0.035024
3787.000000 0.039254
3788.000000 0.034807
3789.000000 0.029695
3790.000000 0.034418
3791.000000 0.032071
3792.000000 0.030872
3793.000000 0.029937
3794.000000 0.027046
3795.000000 0.027657
3796.000000 0.033014
3797.000000 0.037360
3798.000000 0.039139
3799.000000 0.036751
3800.000000 0.041795
3801.000000 0.039891
3802.000000 0.045920
3803.000000 0.046144
3804.000000 0.039792
3805.000000 0.034364
3806.000000 0.033033
3807.000000 0.031275
3808.000000 0.036269
3809.000000 0.036453
3810.000000 0.034061
3811.000000 0.032186
3812.000000 0.032686
3813.000000 0.033619
3814.000000 0.037127
3815.000000 0.037316
3816.000000 0.038940
3817.000000 0.036274
3818.000000 0.036776
3819.000000 0.040021
3820.000000 0.046263
3821.000000 0.043429
3822.000000 0.039236
3823.000000 0.036843
3824.000000 0.038375
3825.000000 0.042760
3826.000000 0.040627
3827.000000 0.040896
3828.000000 0.039397
3829.000000 0.039775
3830.000000 0.033922
3831.000000 0.032195
3832.000000 0.028787
3833.000000 0.028320
3834.000000 0.035857
3835.000000 0.043521
3836.000000 0.040625
3837.000000 0.043730
3838.000000 0.040272
3839.000000 0.038226
3840.000000 0.039583
3841.000000 0.036234
3842.000000 0.036467
3843.000000 0.037693
3844.000000 0.036312
3845.000000 0.041879
3846.000000 0.043329
3847.000000 0.046950
3848.000000 0.040198
3849.000000 0.037220
3850.000000 0.030879
3851.000000 0.032750
3852.000000 0.031251
3853.000000 0.033129
3854.000000 0.035358
3855.000000 0.032144
3856.000000 0.034533
3857.000000 0.039099
3858.000000 0.032993
3859.000000 0.032077
3860.000000 0.030612
3861.000000 0.029405
3862.000000 0.036683
3863.000000 0.039002
3864.000000 0.044156
3865.000000 0.038793
3866.000000 0.033752
3867.000000 0.030659
3868.000000 0.032224
3869.000000 0.032307
3870.000000 0.033664
3871.000000 0.035867
3872.000000 0.035161
3873.000000 0.033154
3874.000000 0.037586
3875.000000 0.038287
3876.000000 0.035015
3877.000000 0.031994
3878.000000 0.036640
3879.000000 0.042155
3880.000000 0.040859
3881.000000 0.037228
3882.000000 0.041657
3883.000000 0.038063
3884.000000 0.034043
3885.000000 0.035316
3886.000000 0.035369
3887.000000 0.038419
3888.000000 0.033781
3889.000000 0.037808
3890.000000 0.035803
3891.000000 0.040578
3892.000000 0.039739
3893.000000 0.039785
3894.000000 0.040325
3895.000000 0.037061
3896.000000 0.040525
3897.000000 0.038759
3898.000000 0.033699
3899.000000 0.032279
3900.000000 0.038419
3901.000000 0.044030
3902.000000 0.044663
3903.000000 0.042465
3904.000000 0.043178
3905.000000 0.040609
3906.000000 0.033723
3907.000000 0.039322
3908.000000 0.033657
3909.000000 0.036159
3910.000000 0.033945
3911.000000 0.044010
3912.000000 0.040185
3913.000000 0.037306
3914.000000 0.038461
3915.000000 0.039687
3916.000000 0.042005
3917.000000 0.044171
3918.000000 0.040216
3919.000000 0.038055
3920.000000 0.039144
3921.000000 0.033351
3922.000000 0.037831
3923.000000 0.040931
3924.000000 0.043071
3925.000000 0.041448
3926.000000 0.043190
3927.000000 0.042426
3928.000000 0.037833
3929.000000 0.042470
3930.000000 0.041188
3931.000000 0.039556
3932.000000 0.035353
3933.000000 0.034961
3934.000000 0.032555
3935.000000 0.035992
3936.000000 0.036406
3937.000000 0.040156
3938.000000 0.034331
3939.000000 0.035691
3940.000000 0.031774
3941.000000 0.031267
3942.000000 0.031399
3943.000000 0.032250
3944.000000 0.043934
3945.000000 0.042063
3946.000000 0.039415
3947.000000 0.037061
3948.000000 0.036166
3949.000000 0.039438
3950.000000 0.042566
3951.000000 0.040668
3952.000000 0.038855
3953.000000 0.037788
3954.000000 0.037313
3955.000000 0.039898
3956.000000 0.040680
3957.000000 0.041696
3958.000000 0.037378
3959.000000 0.034055
3960.000000 0.031625
3961.000000 0.029656
3962.000000 0.031225
3963.000000 0.036393
3964.000000 0.037453
3965.000000 0.042263
3966.000000 0.039385
3967.000000 0.039264
3968.000000 0.040554
3969.000000 0.045709
3970.000000 0.043199
3971.000000 0.039155
3972.000000 0.037161
3973.000000 0.036687
3974.000000 0.047359
3975.000000 0.042373
3976.000000 0.039898
3977.000000 0.040297
3978.000000 0.042266
3979.000000 0.038756
3980.000000 0.042883
3981.000000 0.039679
3982.000000 0.037855
3983.000000 0.033924
3984.000000 0.032334
3985.000000 0.034929
3986.000000 0.031791
3987.000000 0.030957
3988.000000 0.030115
3989.000000 0.030562
3990.000000 0.039970
3991.000000 0.036414
3992.000000 0.033294
3993.000000 0.031427
3994.000000 0.033179
3995.000000 0.041894
3996.000000 0.039626
3997.000000 0.041419
3998.000000 0.040833
3999.000000 0.046698
4000.000000 0.044850
4001.000000 0.037161
4002.000000 0.036966
4003.000000 0.036261
4004.000000 0.033522
4005.000000 0.030215
4006.000000 0.031751
4007.000000 0.031930
4008.000000 0.032379
4009.000000 0.039342
4010.000000 0.040312
4011.000000 0.040616
4012.000000 0.037832
4013.000000 0.034435
4014.000000 0.040961
4015.000000 0.040905
4016.000000 0.035500
4017.000000 0.038582
4018.000000 0.039375
4019.000000 0.036388
4020.000000 0.033962
4021.000000 0.031702
4022.000000 0.032263
4023.000000 0.037311
4024.000000 0.037102
4025.000000 0.037032
4026.000000 0.036096
4027.000000 0.035361
4028.000000 0.031550
4029.000000 0.037797
4030.000000 0.039687
4031.000000 0.037977
4032.000000 0.035092
4033.000000 0.033462
4034.000000 0.027826
4035.000000 0.027550
4036.000000 0.031018
4037.000000 0.036671
4038.000000 0.036451
4039.000000 0.034524
4040.000000 0.037219
4041.000000 0.045911
4042.000000 0.047998
4043.000000 0.048353
4044.000000 0.051338
4045.000000 0.044922
4046.000000 0.038880
4047.000000 0.038772
4048.000000 0.039463
4049.000000 0.036242
4050.000000 0.033560
4051.000000 0.031972
4052.000000 0.035030
4053.000000 0.035303
4054.000000 0.036661
4055.000000 0.036573
4056.000000 0.041798
4057.000000 0.043654
4058.000000 0.045179
4059.000000 0.045068
4060.000000 0.041617
4061.000000 0.040651
4062.000000 0.036863
4063.000000 0.037048
4064.000000 0.036481
4065.000000 0.038570
4066.000000 0.043194
4067.000000 0.043753
4068.000000 0.037539
4069.000000 0.037886
4070.000000 0.039257
4071.000000 0.042107
4072.000000 0.036720
4073.000000 0.039609
4074.000000 0.044212
4075.000000 0.040497
4076.000000 0.036562
4077.000000 0.036278
4078.000000 0.040384
4079.000000 0.039466
4080.000000 0.037651
4081.000000 0.041426
4082.000000 0.041112
4083.000000 0.038202
4084.000000 0.038851
4085.000000 0.038283
4086.000000 0.046595
4087.000000 0.044652
4088.000000 0.041811
4089.000000 0.034635
4090.000000 0.034882
4091.000000 0.033410
4092.000000 0.038234
4093.000000 0.039260
4094.000000 0.039072
4095.000000 0.037579
4096.000000 0.035049
4097.000000 0.038360
4098.000000 0.039597
4099.000000 0.035286
4100.000000 0.038435
4101.000000 0.040112
4102.000000 0.036670
4103.000000 0.035145
4104.000000 0.035127
4105.000000 0.038947
4106.000000 0.034476
4107.000000 0.035576
4108.000000 0.039651
4109.000000 0.045455
4110.000000 0.040577
4111.000000 0.041524
4112.000000 0.037983
4113.000000 0.035781
4114.000000 0.031292
4115.000000 0.027913
4116.000000 0.032939
4117.000000 0.033897
4118.000000 0.031320
4119.000000 0.032040
4120.000000 0.033059
4121.000000 0.032716
4122.000000 0.035218
4123.000000 0.032423
4124.000000 0.035991
4125.000000 0.038125
4126.000000 0.035799
4127.000000 0.034756
4128.000000 0.043809
4129.000000 0.041392
4130.000000 0.037865
4131.000000 0.046591
4132.000000 0.043820
4133.000000 0.042852
4134.000000 0.042167
4135.000000 0.042099
4136.000000 0.039395
4137.000000 0.035990
4138.000000 0.038925
4139.000000 0.037730
4140.000000 0.031277
4141.000000 0.029000
4142.000000 0.036193
4143.000000 0.032342
4144.000000 0.034711
4145.000000 0.042386
4146.000000 0.042476
4147.000000 0.038369
4148.000000 0.034463
4149.000000 0.031790
4150.000000 0.029938
4151.000000 0.034834
4152.000000 0.030499
4153.000000 0.035375
4154.000000 0.041334
4155.000000 0.035662
4156.000000 0.038785
4157.000000 0.035864
4158.000000 0.037242
4159.000000 0.039245
4160.000000 0.038968
4161.000000 0.039991
4162.000000 0.044153
4163.000000 0.052062
4164.000000 0.047336
4165.000000 0.042566
4166.000000 0.037103
4167.000000 0.032155
4168.000000 0.026782
4169.000000 0.030682
4170.000000 0.033417
4171.000000 0.041256
4172.000000 0.038676
4173.000000 0.038535
4174.000000 0.034916
4175.000000 0.034448
4176.000000 0.036871
4177.000000 0.036319
4178.000000 0.033477
4179.000000 0.034464
4180.000000 0.033125
4181.000000 0.038309
4182.000000 0.034575
4183.000000 0.032578
4184.000000 0.035199
4185.000000 0.031206
4186.000000 0.030975
4187.000000 0.037679
4188.000000 0.038765
4189.000000 0.044948
4190.000000 0.046799
4191.000000 0.040379
4192.000000 0.043645
4193.000000 0.043457
4194.000000 0.043029
4195.000000 0.043444
4196.000000 0.041269
4197.000000 0.038900
4198.000000 0.047314
4199.000000 0.048400
4200.000000 0.047455
4201.000000 0.043683
4202.000000 0.042475
4203.000000 0.040661
4204.000000 0.038824
4205.000000 0.040152
4206.000000 0.042941
4207.000000 0.044859
4208.000000 0.040607
4209.000000 0.035701
4210.000000 0.037986
4211.000000 0.034866
4212.000000 0.039568
4213.000000 0.040516
4214.000000 0.037580
4215.000000 0.036570
4216.000000 0.039847
4217.000000 0.038551
4218.000000 0.039543
4219.000000 0.039480
4220.000000 0.039210
4221.000000 0.036576
4222.000000 0.039362
4223.000000 0.040619
4224.000000 0.038425
4225.000000 0.032203
4226.000000 0.030604
4227.000000 0.031204
4228.000000 0.033735
4229.000000 0.037687
4230.000000 0.038209
4231.000000 0.042394
4232.000000 0.041271
4233.000000 0.036872
4234.000000 0.035136
4235.000000 0.031797
4236.000000 0.032668
4237.000000 0.037739
4238.000000 0.035125
4239.000000 0.032697
4240.000000 0.035018
4241.000000 0.032291
4242.000000 0.034702
4243.000000 0.034261
4244.000000 0.038104
4245.000000 0.037375
4246.000000 0.039041
4247.000000 0.042178
4248.000000 0.043520
4249.000000 0.040600
4250.000000 0.041269
4251.000000 0.042734
4252.000000 0.050296
4253.000000 0.043455
4254.000000 0.041624
4255.000000 0.036458
4256.000000 0.038048
4257.000000 0.044323
4258.000000 0.038774
4259.000000 0.035754
4260.000000 0.031120
4261.000000 0.037352
4262.000000 0.043352
4263.000000 0.041499
4264.000000 0.049328
4265.000000 0.042279
4266.000000 0.038779
4267.000000 0.042915
4268.000000 0.042665
4269.000000 0.046209
4270.000000 0.049416
4271.000000 0.045318
4272.000000 0.040115
4273.000000 0.039525
4274.000000 0.041228
4275.000000 0.039840
4276.000000 0.040661
4277.000000 0.037726
4278.000000 0.034788
4279.000000 0.031028
4280.000000 0.028217
4281.000000 0.027369
4282.000000 0.033464
4283.000000 0.035307
4284.000000 0.037637
4285.000000 0.035179
4286.000000 0.041947
4287.000000 0.041937
4288.000000 0.038322
4289.000000 0.033362
4290.000000 0.031510
4291.000000 0.038111
4292.000000 0.038960
4293.000000 0.037005
4294.000000 0.035466
4295.000000 0.031509
4296.000000 0.032570
4297.000000 0.030436
4298.000000 0.028191
4299.000000 0.029307
4300.000000 0.034733
4301.000000 0.033042
4302.000000 0.043227
4303.000000 0.040743
4304.000000 0.039824
4305.000000 0.047577
4306.000000 0.046699
4307.000000 0.053479
4308.000000 0.050493
4309.000000 0.055706
4310.000000 0.051679
4311.000000 0.048040
4312.000000 0.043776
4313.000000 0.041169
4314.000000 0.034153
4315.000000 0.031707
4316.000000 0.034186
4317.000000 0.033113
4318.000000 0.032281
4319.000000 0.029900
4320.000000 0.032522
4321.000000 0.043470
4322.000000 0.042313
4323.000000 0.037782
4324.000000 0.041519
4325.000000 0.042503
4326.000000 0.036863
4327.000000 0.038105
4328.000000 0.037277
4329.000000 0.037231
4330.000000 0.039086
4331.000000 0.032398
4332.000000 0.030864
4333.000000 0.036668
4334.000000 0.037025
4335.000000 0.039336
4336.000000 0.034046
4337.000000 0.040205
4338.000000 0.042088
4339.000000 0.040171
4340.000000 0.041056
4341.000000 0.039934
4342.000000 0.037093
4343.000000 0.031344
4344.000000 0.029746
4345.000000 0.032762
4346.000000 0.032284
4347.000000 0.033038
4348.000000 0.031057
4349.000000 0.033944
4350.000000 0.036119
4351.000000 0.041203
4352.000000 0.038810
4353.000000 0.037551
4354.000000 0.038282
4355.000000 0.038141
4356.000000 0.036793
4357.000000 0.037085
4358.000000 0.032371
4359.000000 0.036296
4360.000000 0.032095
4361.000000 0.033367
4362.000000 0.037832
4363.000000 0.040337
4364.000000 0.038446
4365.000000 0.040901
4366.000000 0.038963
4367.000000 0.042195
4368.000000 0.042319
4369.000000 0.041488
4370.000000 0.044107
4371.000000 0.037482
4372.000000 0.037906
4373.000000 0.037722
4374.000000 0.034723
4375.000000 0.030815
4376.000000 0.033672
4377.000000 0.038081
4378.000000 0.037971
4379.000000 0.039470
4380.000000 0.037455
4381.000000 0.038425
4382.000000 0.041553
4383.000000 0.042042
4384.000000 0.046939
4385.000000 0.043510
4386.000000 0.036279
4387.000000 0.039712
4388.000000 0.040931
4389.000000 0.041644
4390.000000 0.051014
4391.000000 0.045034
4392.000000 0.045986
4393.000000 0.042996
4394.000000 0.037618
4395.000000 0.034339
4396.000000 0.035410
4397.000000 0.037251
4398.000000 0.036384
4399.000000 0.033477
4400.000000 0.035082
4401.000000 0.036656
4402.000000 0.036061
4403.000000 0.042760
4404.000000 0.038791
4405.000000 0.035837
4406.000000 0.033380
4407.000000 0.033264
4408.000000 0.040128
4409.000000 0.044201
4410.000000 0.040121
4411.000000 0.035603
4412.000000 0.029960
4413.000000 0.034735
4414.000000 0.036820
4415.000000 0.032912
4416.000000 0.032120
4417.000000 0.032102
4418.000000 0.033497
4419.000000 0.032922
4420.000000 0.042988
4421.000000 0.040793
4422.000000 0.036024
4423.000000 0.037670
4424.000000 0.040701
4425.000000 0.040258
4426.000000 0.045971
4427.000000 0.044694
4428.000000 0.038130
4429.000000 0.037905
4430.000000 0.044962
4431.000000 0.040780
4432.000000 0.042373
4433.000000 0.037763
4434.000000 0.031750
4435.000000 0.031032
4436.000000 0.036428
4437.000000 0.032254
4438.000000 0.034014
4439.000000 0.039012
4440.000000 0.041503
4441.000000 0.044892
4442.000000 0.042091
4443.000000 0.044090
4444.000000 0.039340
4445.000000 0.035898
4446.000000 0.039504
4447.000000 0.046458
4448.000000 0.045500
4449.000000 0.045303
4450.000000 0.042130
4451.000000 0.038035
4452.000000 0.034524
4453.000000 0.032403
4454.000000 0.036577
4455.000000 0.034129
4456.000000 0.033700
4457.000000 0.038420
4458.000000 0.035917
4459.000000 0.035657
4460.000000 0.033588
4461.000000 0.038201
4462.000000 0.036424
4463.000000 0.040016
4464.000000 0.040129
4465.000000 0.038983
4466.000000 0.036836
4467.000000 0.037161
4468.000000 0.035441
4469.000000 0.035004
4470.000000 0.032179
4471.000000 0.029588
4472.000000 0.034296
4473.000000 0.034085
4474.000000 0.032192
4475.000000 0.031757
4476.000000 0.037404
4477.000000 0.038386
4478.000000 0.046787
4479.000000 0.046270
4480.000000 0.052008
4481.000000 0.048719
4482.000000 0.046523
4483.000000 0.042204
4484.000000 0.036468
4485.000000 0.035297
4486.000000 0.038897
4487.000000 0.041768
4488.000000 0.038909
4489.000000 0.038638
4490.000000 0.036927
4491.000000 0.032041
4492.000000 0.031011
4493.000000 0.032454
4494.000000 0.034503
4495.000000 0.037427
4496.000000 0.039043
4497.000000 0.036700
4498.000000 0.043755
4499.000000 0.045046
4500.000000 0.040319
4501.000000 0.038481
4502.000000 0.036347
4503.000000 0.038763
4504.000000 0.040601
4505.000000 0.041757
4506.000000 0.041323
4507.000000 0.041829
4508.000000 0.045299
4509.000000 0.038878
4510.000000 0.035460
4511.000000 0.033317
4512.000000 0.036774
4513.000000 0.040812
4514.000000 0.040388
4515.000000 0.037967
4516.000000 0.043147
4517.000000 0.042247
4518.000000 0.042196
4519.000000 0.054327
4520.000000 0.049752
4521.000000 0.049048
4522.000000 0.050824
4523.000000 0.049202
4524.000000 0.045699
4525.000000 0.041261
4526.000000 0.041019
4527.000000 0.039530
4528.000000 0.036190
4529.000000 0.034093
4530.000000 0.029594
4531.000000 0.027125
4532.000000 0.024172
4533.000000 0.028826
4534.000000 0.036999
4535.000000 0.040251
4536.000000 0.039166
4537.000000 0.034077
4538.000000 0.034701
4539.000000 0.038033
4540.000000 0.039091
4541.000000 0.048764
4542.000000 0.043972
4543.000000 0.042002
4544.000000 0.041595
4545.000000 0.036903
4546.000000 0.039969
4547.000000 0.042675
4548.000000 0.043623
4549.000000 0.037452
4550.000000 0.036182
4551.000000 0.036861
4552.000000 0.043783
4553.000000 0.043177
4554.000000 0.037840
4555.000000 0.036924
4556.000000 0.047554
4557.000000 0.047280
4558.000000 0.046112
4559.000000 0.046513
4560.000000 0.048431
4561.000000 0.046614
4562.000000 0.046297
4563.000000 0.043714
4564.000000 0.043687
4565.000000 0.043103
4566.000000 0.039397
4567.000000 0.046423
4568.000000 0.053407
4569.000000 0.045672
4570.000000 0.042931
4571.000000 0.038305
4572.000000 0.038579
4573.000000 0.034140
4574.000000 0.034746
4575.000000 0.038109
4576.000000 0.033350
4577.000000 0.038689
4578.000000 0.040709
4579.000000 0.039722
4580.000000 0.041945
4581.000000 0.040334
4582.000000 0.038164
4583.000000 0.045698
4584.000000 0.042154
4585.000000 0.046870
4586.000000 0.041050
4587.000000 0.036919
4588.000000 0.034342
4589.000000 0.034827
4590.000000 0.037256
4591.000000 0.040645
4592.000000 0.038728
4593.000000 0.037996
4594.000000 0.036339
4595.000000 0.043048
4596.000000 0.042536
4597.000000 0.040690
4598.000000 0.043499
4599.000000 0.049156
4600.000000 0.044392
4601.000000 0.043838
4602.000000 0.044014
4603.000000 0.044087
4604.000000 0.039287
4605.000000 0.043217
4606.000000 0.040100
4607.000000 0.039096
4608.000000 0.036029
4609.000000 0.035353
4610.000000 0.033193
4611.000000 0.032993
4612.000000 0.031183
4613.000000 0.031676
4614.000000 0.032178
4615.000000 0.030707
4616.000000 0.035177
4617.000000 0.035837
4618.000000 0.039961
4619.000000 0.036757
4620.000000 0.033137
4621.000000 0.036765
4622.000000 0.037041
4623.000000 0.039602
4624.000000 0.037817
4625.000000 0.039569
4626.000000 0.043885
4627.000000 0.048357
4628.000000 0.044152
4629.000000 0.036575
4630.000000 0.035051
4631.000000 0.031966
4632.000000 0.036393
4633.000000 0.033929
4634.000000 0.034129
4635.000000 0.031805
4636.000000 0.031028
4637.000000 0.027638
4638.000000 0.036060
4639.000000 0.039250
4640.000000 0.035062
4641.000000 0.031136
4642.000000 0.037308
4643.000000 0.037628
4644.000000 0.041119
4645.000000 0.042602
4646.000000 0.039653
4647.000000 0.037540
4648.000000 0.033603
4649.000000 0.037175
4650.000000 0.042653
4651.000000 0.040189
4652.000000 0.045987
4653.000000 0.044241
4654.000000 0.041634
4655.000000 0.037865
4656.000000 0.037490
4657.000000 0.033187
4658.000000 0.034263
4659.000000 0.040440
4660.000000 0.047222
4661.000000 0.040204
4662.000000 0.040101
4663.000000 0.036983
4664.000000 0.036208
4665.000000 0.048118
4666.000000 0.045895
4667.000000 0.037979
4668.000000 0.037306
4669.000000 0.033647
4670.000000 0.034068
4671.000000 0.029205
4672.000000 0.032878
4673.000000 0.030212
4674.000000 0.032850
4675.000000 0.034285
4676.000000 0.040705
4677.000000 0.042736
4678.000000 0.044704
4679.000000 0.052385
4680.000000 0.048913
4681.000000 0.045891
4682.000000 0.042362
4683.000000 0.041020
4684.000000 0.035789
4685.000000 0.034667
4686.000000 0.035473
4687.000000 0.039031
4688.000000 0.038937
4689.000000 0.039418
4690.000000 0.036336
4691.000000 0.038131
4692.000000 0.033853
4693.000000 0.039428
4694.000000 0.039519
4695.000000 0.046577
4696.000000 0.044612
4697.000000 0.041695
4698.000000 0.040547
4699.000000 0.046864
4700.000000 0.044754
4701.000000 0.048105
4702.000000 0.043781
4703.000000 0.039898
4704.000000 0.037574
4705.000000 0.033589
4706.000000 0.040119
4707.000000 0.033293
4708.000000 0.032115
4709.000000 0.041674
4710.000000 0.040570
4711.000000 0.042626
4712.000000 0.042183
4713.000000 0.039910
4714.000000 0.041910
4715.000000 0.045334
4716.000000 0.043780
4717.000000 0.041303
4718.000000 0.040709
4719.000000 0.037914
4720.000000 0.041511
4721.000000 0.040589
4722.000000 0.036734
4723.000000 0.033100
4724.000000 0.031649
4725.000000 0.032493
4726.000000 0.034608
4727.000000 0.034830
4728.000000 0.037782
4729.000000 0.035129
4730.000000 0.040652
4731.000000 0.046777
4732.000000 0.047580
4733.000000 0.047179
4734.000000 0.046959
4735.000000 0.047069
4736.000000 0.043786
4737.000000 0.039339
4738.000000 0.038106
4739.000000 0.035478
4740.000000 0.031519
4741.000000 0.031628
4742.000000 0.032212
4743.000000 0.026793
4744.000000 0.027512
4745.000000 0.026939
4746.000000 0.024990
4747.000000 0.029358
4748.000000 0.030989
4749.000000 0.041677
4750.000000 0.043240
4751.000000 0.043923
4752.000000 0.040930
4753.000000 0.039656
4754.000000 0.040244
4755.000000 0.045080
4756.000000 0.040796
4757.000000 0.041539
4758.000000 0.038703
4759.000000 0.033814
4760.000000 0.031225
4761.000000 0.033351
4762.000000 0.031959
4763.000000 0.029391
4764.000000 0.031499
4765.000000 0.027710
4766.000000 0.028224
4767.000000 0.025379
4768.000000 0.027966
4769.000000 0.032754
4770.000000 0.035850
4771.000000 0.041021
4772.000000 0.040182
4773.000000 0.040091
4774.000000 0.044821
4775.000000 0.045510
4776.000000 0.045132
4777.000000 0.051697
4778.000000 0.049528
4779.000000 0.046375
4780.000000 0.047818
4781.000000 0.049103
4782.000000 0.049845
4783.000000 0.046996
4784.000000 0.044757
4785.000000 0.045505
4786.000000 0.038043
4787.000000 0.041631
4788.000000 0.041450
4789.000000 0.036501
4790.000000 0.033891
4791.000000 0.033061
4792.000000 0.033986
4793.000000 0.029810
4794.000000 0.027891
4795.000000 0.031695
4796.000000 0.033446
4797.000000 0.031577
4798.000000 0.033997
4799.000000 0.035209
4800.000000 0.029391
4801.000000 0.031522
4802.000000 0.042378
4803.000000 0.052154
4804.000000 0.059019
4805.000000 0.050887
4806.000000 0.050593
4807.000000 0.047689
4808.000000 0.044710
4809.000000 0.041425
4810.000000 0.041696
4811.000000 0.040756
4812.000000 0.038383
4813.000000 0.032285
4814.000000 0.027490
4815.000000 0.034460
4816.000000 0.030645
4817.000000 0.033131
4818.000000 0.028790
4819.000000 0.029354
4820.000000 0.031045
4821.000000 0.042744
4822.000000 0.041307
4823.000000 0.046690
4824.000000 0.041342
4825.000000 0.041650
4826.000000 0.045333
4827.000000 0.045680
4828.000000 0.044263
4829.000000 0.038568
4830.000000 0.037049
4831.000000 0.034820
4832.000000 0.032041
4833.000000 0.032459
4834.000000 0.031578
4835.000000 0.035277
4836.000000 0.034396
4837.000000 0.036468
4838.000000 0.043061
4839.000000 0.041628
4840.000000 0.041765
4841.000000 0.048367
4842.000000 0.047118
4843.000000 0.047884
4844.000000 0.044731
4845.000000 0.040612
4846.000000 0.044388
4847.000000 0.044592
4848.000000 0.041725
4849.000000 0.039206
4850.000000 0.036451
4851.000000 0.032422
4852.000000 0.030129
4853.000000 0.036388
4854.000000 0.037415
4855.000000 0.034409
4856.000000 0.030490
4857.000000 0.027535
4858.000000 0.028353
4859.000000 0.034296
4860.000000 0.033698
4861.000000 0.042944
4862.000000 0.041393
4863.000000 0.044395
4864.000000 0.043585
4865.000000 0.038535
4866.000000 0.036155
4867.000000 0.039855
4868.000000 0.042321
4869.000000 0.043400
4870.000000 0.039971
4871.000000 0.041513
4872.000000 0.036819
4873.000000 0.038196
4874.000000 0.044664
4875.000000 0.047109
4876.000000 0.044898
4877.000000 0.043658
4878.000000 0.038115
4879.000000 0.036550
4880.000000 0.039227
4881.000000 0.035483
4882.000000 0.039719
4883.000000 0.040607
4884.000000 0.041114
4885.000000 0.034990
4886.000000 0.038497
4887.000000 0.043366
4888.000000 0.036821
4889.000000 0.034625
4890.000000 0.036204
4891.000000 0.036904
4892.000000 0.034407
4893.000000 0.034117
4894.000000 0.037178
4895.000000 0.036022
4896.000000 0.032046
4897.000000 0.036768
4898.000000 0.033293
4899.000000 0.032530
4900.000000 0.034509
4901.000000 0.041451
4902.000000 0.040513
4903.000000 0.046432
4904.000000 0.043253
4905.000000 0.046439
4906.000000 0.045527
4907.000000 0.045467
4908.000000 0.045146
4909.000000 0.042612
4910.000000 0.039349
4911.000000 0.039635
4912.000000 0.038343
4913.000000 0.042265
4914.000000 0.045793
4915.000000 0.038134
4916.000000 0.034355
4917.000000 0.029982
4918.000000 0.029295
4919.000000 0.035841
4920.000000 0.036321
4921.000000 0.034992
4922.000000 0.042240
4923.000000 0.041300
4924.000000 0.041340
4925.000000 0.040252
4926.000000 0.043271
4927.000000 0.045475
4928.000000 0.043500
4929.000000 0.038749
4930.000000 0.032115
4931.000000 0.031323
4932.000000 0.036589
4933.000000 0.036739
4934.000000 0.038229
4935.000000 0.037150
4936.000000 0.036558
4937.000000 0.037566
4938.000000 0.037673
4939.000000 0.036310
4940.000000 0.041201
4941.000000 0.039833
4942.000000 0.043811
4943.000000 0.038066
4944.000000 0.037440
4945.000000 0.037202
4946.000000 0.035295
4947.000000 0.035008
4948.000000 0.034017
4949.000000 0.033088
4950.000000 0.031222
4951.000000 0.033246
4952.000000 0.028541
4953.000000 0.026030
4954.000000 0.030958
4955.000000 0.038481
4956.000000 0.039585
4957.000000 0.045710
4958.000000 0.041283
4959.000000 0.036532
4960.000000 0.040129
4961.000000 0.035381
4962.000000 0.031408
4963.000000 0.032279
4964.000000 0.035640
4965.000000 0.034043
4966.000000 0.030733
4967.000000 0.029152
4968.000000 0.026646
4969.000000 0.026411
4970.000000 0.027053
4971.000000 0.025952
4972.000000 0.031420
4973.000000 0.032407
4974.000000 0.036646
4975.000000 0.039943
4976.000000 0.035712
4977.000000 0.047159
4978.000000 0.056048
4979.000000 0.053951
4980.000000 0.054704
4981.000000 0.053526
4982.000000 0.047472
4983.000000 0.044964
4984.000000 0.041500
4985.000000 0.036893
4986.000000 0.030617
4987.000000 0.026614
4988.000000 0.023140
4989.000000 0.027077
4990.000000 0.030077
4991.000000 0.027192
4992.000000 0.027768
4993.000000 0.031950
4994.000000 0.039517
4995.000000 0.041225
4996.000000 0.037506
4997.000000 0.035227
4998.000000 0.035003
4999.000000 0.040974
5000.000000 0.037299
